1 0.0415847 -2.86463 39.6724
2 0.101363 -2.80485 48.082
3 0.183352 -2.72286 56.2734
4 0.266414 -2.6398 64.4094
5 0.363846 -2.54237 72.4302
6 0.481057 -2.42516 80.3291
7 0.624773 -2.28144 88.0981
8 0.801769 -2.10444 95.7309
9 1.03083 -1.87538 103.196
10 1.32144 -1.58477 110.489
11 1.69729 -1.20893 117.579
12 2.18867 -0.717544 124.429
13 2.83812 -0.068092 130.989
14 3.68737 0.781154 137.214
15 4.82532 1.91911 143.001
16 6.3354 3.42919 148.258
17 8.37009 5.46388 152.814
18 11.1095 8.20333 156.473
19 14.6647 11.7585 159.054
20 19.4049 16.4987 160.158
21 25.5496 22.6434 159.422
22 33.4608 30.5546 156.277
23 43.2125 40.3063 150.236
24 54.839 51.9327 140.648
25 68.1737 65.2675 126.766
26 81.2331 78.3269 109.572
27 93.1837 90.2774 90.7107
28 101.315 98.4088 83.3134
29 102.51 99.6041 88.167
30 94.7526 91.8464 93.0284
31 77.3177 74.4115 95.7379
32 52.2309 49.3247 95.1176
33 23.5114 20.6052 99.5439
34 -3.9079 -6.81412 113.81
35 -25.8661 -28.7723 123.173
36 -40.3225 -43.2287 128.4
37 -47.3649 -50.2711 129.466
38 -48.4857 -51.3919 127.496
39 -45.631 -48.5372 123.382
40 -40.6495 -43.5558 117.929
41 -34.8767 -37.783 111.877
42 -29.2351 -32.1413 105.291
43 -24.0299 -26.9361 98.5074
44 -19.5333 -22.4395 91.6315
45 -15.7414 -18.6476 84.7796
46 -12.6215 -15.5277 78.0479
47 -10.0715 -12.9778 71.4101
48 -7.99641 -10.9026 64.9872
49 -6.30995 -9.21617 58.7838
50 -4.93076 -7.83697 53.0935
51 -3.792 -6.69821 50.2547
52 -2.83979 -5.746 48.4502
53 -2.03134 -4.93756 46.8489
54 -1.3252 -4.23142 45.2307
55 -0.696184 -3.6024 43.5983
56 -0.108408 -3.01462 41.9753
57 0.458014 -2.4482 40.5492
58 1.02983 -1.87638 39.2077
59 1.64958 -1.25663 38.0378
60 2.35401 -0.5522 40.1283
61 3.20421 0.297994 44.7881
62 4.33046 1.42424 49.7176
63 5.85238 2.94617 54.336
64 7.98723 5.08102 58.3042
65 10.8485 7.94226 61.7474
66 13.7644 10.8581 65.0053
67 17.7086 14.8024 67.6936
68 19.811 16.9047 70.9147
69 20.1396 17.2334 74.776
70 19.6402 16.734 77.936
71 18.4294 15.5232 80.3902
72 17.6906 14.7844 82.0287
73 17.4639 14.5577 83.2797
74 17.9171 15.0109 83.8709
75 19.4168 16.5106 83.2247
76 21.0518 18.1456 81.7503
77 23.5872 20.681 79.0519
78 26.6005 23.6943 75.2474
79 30.086 27.1798 70.5109
80 32.5297 29.6235 64.68
81 34.8182 31.9119 58.3926
82 36.1512 33.245 52.4625
83 36.159 33.2528 50.6676
84 34.547 31.6408 50.627
85 31.2546 28.3484 50.9678
86 26.3819 23.4757 50.9276
87 20.2751 17.3689 50.326
88 13.5161 10.6099 50.2252
89 6.7415 3.83529 53.6801
90 0.486714 -2.4195 57.8879
91 -4.73121 -7.63742 61.3688
92 -8.6951 -11.6013 63.652
93 -11.3891 -14.2954 64.7201
94 -12.8517 -15.7579 64.7123
95 -13.3474 -16.2536 63.8836
96 -13.0659 -15.9721 62.2529
97 -12.2757 -15.1819 60.0314
98 -11.2276 -14.1338 57.4683
99 -9.84462 -12.7508 54.2983
100 -8.51093 -11.4171 51.0791
101 -7.16949 -10.0757 47.6172
102 -5.88153 -8.78774 44.0733
103 -4.67486 -7.58107 40.5575
104 -3.55802 -6.46423 37.4394
105 -2.52382 -5.43003 34.6517
106 -1.56761 -4.47382 32.646
107 -0.679475 -3.58569 31.3459
108 0.152497 -2.75372 30.6101
109 0.94021 -1.966 29.9642
110 1.69648 -1.20973 29.2612
111 2.43039 -0.475823 28.6357
112 3.156 0.249782 28.0565
113 3.87672 0.970503 27.5656
114 4.599 1.69279 27.789
115 5.34146 2.43525 28.972
116 6.09489 3.18867 30.8761
117 6.88044 3.97423 33.1454
118 7.69 4.78379 35.4173
119 8.53592 5.62971 37.6405
120 9.40854 6.50233 39.5906
121 10.3207 7.41447 41.2702
122 11.2698 8.36355 42.6004
123 12.2758 9.36963 43.5083
124 13.2966 10.3904 44.0707
125 14.3377 11.4315 44.43
126 15.3874 12.4812 44.4816
127 16.4143 13.5081 44.1483
128 17.3929 14.4867 43.489
129 18.2942 15.388 42.3878
130 19.0502 16.144 41.2071
131 19.6511 16.7449 39.6605
132 20.0031 17.0969 37.9646
133 20.0815 17.1753 36.3103
134 19.8491 16.9429 34.4625
135 19.2599 16.3536 33.0883
136 18.3145 15.4083 32.1936
137 17.0421 14.1359 31.851
138 15.4591 12.5529 31.9218
139 13.6424 10.7362 32.202
140 11.6732 8.76702 32.5517
141 9.63004 6.72383 33.0247
142 7.60308 4.69686 33.6893
143 5.67484 2.76863 34.3238
144 3.49396 0.587752 35.4445
145 2.48262 -0.42359 35.6406
146 1.20035 -1.70586 36.1338
147 0.187675 -2.71854 36.2668
148 -0.555739 -3.46195 36.0623
149 -1.0474 -3.95361 35.656
150 -1.31411 -4.22032 34.9259
151 -1.3837 -4.28992 33.9688
152 -1.29044 -4.19665 32.7769
153 -1.06364 -3.96985 31.3955
154 -0.734724 -3.64094 29.9739
155 -0.326491 -3.2327 28.5327
156 -0.209712 -3.11593 27.7846
157 0.693181 -2.21303 26.0503
158 1.23074 -1.67547 25.0056
159 1.78683 -1.11938 24.1486
160 2.35634 -0.549873 23.4274
161 2.93648 0.0302694 22.9198
162 3.52311 0.616898 22.5496
163 4.11054 1.20433 22.3154
164 4.71764 1.81142 22.211
165 5.32271 2.4165 22.3152
166 5.93873 3.03252 22.4907
167 6.5664 3.66019 22.8617
168 7.19695 4.29074 23.4374
169 7.83359 4.92738 24.0225
170 8.48123 5.57502 24.6687
171 9.13013 6.22392 25.3178
172 9.78225 6.87604 25.8527
173 10.4243 7.51805 26.3007
174 11.0628 8.15655 26.6268
175 11.6725 8.76633 26.8022
176 12.2524 9.3462 26.8002
177 12.7819 9.87566 26.5992
178 13.2512 10.345 26.2114
179 13.6409 10.7346 25.7435
180 13.9377 11.0315 25.2188
181 14.1281 11.2219 24.7947
182 14.19 11.2838 24.2411
183 14.123 11.2168 23.557
184 13.9139 11.0077 22.8754
185 13.5672 10.661 22.4052
186 13.0838 10.1776 22.1727
187 12.4694 9.56318 22.1072
188 11.754 8.84774 22.091
189 10.9622 8.05596 22.1168
190 10.0886 7.18237 22.1703
191 9.18978 6.28357 22.3672
192 8.28323 5.37702 22.695
193 7.38784 4.48162 22.9655
194 6.53282 3.6266 23.1778
195 5.80245 2.89624 22.8829
196 5.11272 2.20651 23.4947
197 4.4658 1.55959 23.6386
198 3.91213 1.00592 23.6728
199 3.47175 0.565542 23.3169
200 3.15947 0.253254 23.2753
201 2.87998 -0.0262327 23.0025
202 2.68488 -0.221337 22.6327
203 2.56904 -0.337171 22.1899
204 2.52742 -0.378792 21.6399
205 2.55004 -0.356174 21.0209
206 2.62906 -0.277153 20.3837
207 2.75989 -0.146321 19.7569
208 2.93581 0.0295956 19.1465
209 3.15122 0.245007 18.6164
210 3.40018 0.493969 18.1254
211 3.67707 0.770854 17.649
212 3.97972 1.0735 17.2976
213 4.30459 1.39838 17.033
214 4.64752 1.7413 16.8309
215 5.00665 2.10044 16.7081
216 5.38053 2.47432 16.6392
217 5.76398 2.85776 16.6057
218 6.15654 3.25033 16.6086
219 6.55243 3.64622 16.6485
220 6.95943 4.05322 16.5881
221 7.35802 4.45181 16.6461
222 7.754 4.84779 16.7043
223 8.14543 5.23922 16.72
224 8.52174 5.61553 16.687
225 8.88293 5.97672 16.5692
226 9.22286 6.31665 16.3827
227 9.53509 6.62887 16.1632
228 9.81872 6.91251 15.8918
229 10.0588 7.15261 15.6023
230 10.2585 7.35233 15.2899
231 10.407 7.50075 14.9463
232 10.5127 7.60652 14.6142
233 10.5563 7.65013 14.3512
234 10.5373 7.63108 14.1692
235 10.4689 7.5627 14.0283
236 10.3282 7.422 13.9281
237 10.137 7.23078 13.8818
238 9.89648 6.99027 13.8774
239 9.60675 6.70053 13.9292
240 9.27916 6.37294 14.0008
241 8.92035 6.01414 14.0836
242 8.54018 5.63397 14.2192
243 8.14478 5.23857 14.3973
244 7.74864 4.84243 14.5577
245 7.38095 4.47473 14.7468
246 7.01316 4.10695 14.8744
247 6.66529 3.75908 14.9198
248 6.34843 3.44222 14.9178
249 6.06386 3.15765 14.8403
250 5.81868 2.91247 14.6957
251 5.60997 2.70376 14.4972
252 5.44055 2.53434 14.2497
253 5.30646 2.40025 13.9334
254 5.21068 2.30446 13.5994
255 5.1471 2.24088 13.2272
256 5.11588 2.20966 12.8763
257 5.11274 2.20652 12.5498
258 5.13536 2.22915 12.224
259 5.18197 2.27576 11.9189
260 5.25233 2.34612 11.6539
261 5.33684 2.43063 11.4254
262 5.4516 2.54539 11.2533
263 5.57339 2.66718 11.123
264 5.70952 2.80331 11.0426
265 5.85903 2.95281 11.0102
266 6.02246 3.11625 11.0259
267 6.19014 3.28393 11.094
268 6.38062 3.47441 11.1503
269 6.573 3.66679 11.2145
270 6.76919 3.86298 11.2938
271 6.9704 4.06419 11.3618
272 7.17852 4.2723 11.3914
273 7.3863 4.48008 11.4053
274 7.58941 4.6832 11.4035
275 7.79341 4.8872 11.363
276 7.97844 5.07222 11.3172
277 8.1574 5.25119 11.2499
278 8.32199 5.41577 11.1438
279 8.47083 5.56462 10.9911
280 8.59867 5.69246 10.7965
281 8.70438 5.79817 10.5803
282 8.78181 5.87559 10.3654
283 8.82795 5.92173 10.1647
284 8.851 5.94479 9.95352
285 8.83372 5.92751 9.76662
286 8.79223 5.88601 9.60381
287 8.71684 5.81063 9.48445
288 8.61072 5.7045 9.41772
289 8.48177 5.57556 9.38301
290 8.32535 5.41914 9.37161
291 8.1507 5.24448 9.38481
292 7.95337 5.04716 9.42261
293 7.74624 4.84002 9.50944
294 7.52475 4.61853 9.63494
295 7.3204 4.41419 9.80496
296 7.106 4.19979 9.97954
297 6.89844 3.99223 10.149
298 6.69806 3.79185 10.3057
299 6.51306 3.60685 10.4265
300 6.34395 3.43774 10.5092
301 6.1923 3.28609 10.5661
302 6.06274 3.15653 10.5881
303 5.9548 3.04859 10.5815
304 5.87 2.96378 10.5334
305 5.80547 2.89925 10.4788
306 5.76093 2.85472 10.3828
307 5.74135 2.83514 10.2581
308 5.74054 2.83433 10.1209
309 5.75895 2.85273 9.97407
310 5.79578 2.88957 9.78591
311 5.84872 2.94251 9.61967
312 5.91597 3.00976 9.45265
313 5.99286 3.08664 9.28704
314 6.08228 3.17607 9.12358
315 6.18238 3.27617 8.96075
316 6.28499 3.37877 8.80918
317 6.39712 3.49091 8.66876
318 6.51185 3.60564 8.54746
319 6.63264 3.72643 8.43228
320 6.75002 3.84381 8.34716
321 6.87154 3.96533 8.25756
322 6.98896 4.08274 8.17623
323 7.10467 4.19845 8.1011
324 7.21425 4.30803 8.0297
325 7.32106 4.41485 7.96063
326 7.41753 4.51132 7.89509
327 7.5104 4.60418 7.81959
328 7.59324 4.68703 7.74412
329 7.66565 4.75943 7.66922
330 7.7275 4.82129 7.59113
331 7.77795 4.87173 7.51772
332 7.81383 4.90762 7.46037
333 7.84079 4.93457 7.40264
334 7.85047 4.94426 7.3461
335 7.85156 4.94534 7.29706
336 7.8385 4.93228 7.25521
337 7.81342 4.90721 7.21663
338 7.77559 4.86938 7.18693
339 7.72684 4.82062 7.16501
340 7.66807 4.76186 7.14568
341 7.59922 4.693 7.12254
342 7.52253 4.61631 7.09916
343 7.44015 4.53394 7.07982
344 7.35073 4.44452 7.06572
345 7.26294 4.35673 7.0642
346 7.1719 4.26569 7.06797
347 7.07488 4.16866 7.06075
348 6.98887 4.08265 7.05317
349 6.90163 3.99542 7.03129
350 6.8205 3.91429 7.00022
351 6.7454 3.83919 6.96066
352 6.67808 3.77187 6.90856
353 6.6185 3.71229 6.84179
354 6.56868 3.66247 6.76337
355 6.52677 3.62056 6.6726
356 6.49778 3.59157 6.58239
357 6.47869 3.57248 6.48971
358 6.46682 3.56061 6.39247
359 6.46695 3.56074 6.29495
360 6.47553 3.56931 6.20308
361 6.49674 3.59052 6.11224
362 6.52167 3.61546 6.01948
363 6.5561 3.64988 5.92673
364 6.59944 3.69322 5.84395
365 6.64643 3.74022 5.77242
366 6.7011 3.79489 5.69818
367 6.75951 3.85329 5.63674
368 6.82032 3.91411 5.58642
369 6.88742 3.9812 5.53379
370 6.95539 4.04918 5.49091
371 7.02162 4.11541 5.4564
372 7.08747 4.18126 5.4404
373 7.15554 4.24932 5.43483
374 7.2224 4.31619 5.43005
375 7.28404 4.37782 5.42884
376 7.34439 4.43818 5.41816
377 7.39954 4.49333 5.40055
378 7.45034 4.54412 5.37108
379 7.49486 4.58865 5.33526
380 7.53204 4.62583 5.29498
381 7.5679 4.66169 5.24221
382 7.58851 4.6823 5.20237
383 7.60667 4.70046 5.16048
384 7.61646 4.71025 5.11333
385 7.61856 4.71235 5.06289
386 7.61228 4.70606 5.00766
387 7.59841 4.6922 4.94745
388 7.57735 4.67114 4.88665
389 7.55298 4.64677 4.82405
390 7.51871 4.61249 4.76643
391 7.48074 4.57453 4.71998
392 7.43578 4.52957 4.67466
393 7.38558 4.47936 4.66342
394 7.33086 4.42465 4.61131
395 7.29079 4.38457 4.58226
396 7.23271 4.3265 4.55954
397 7.17408 4.26787 4.5437
398 7.11899 4.21278 4.5283
399 7.06082 4.15461 4.51565
400 7.00536 4.09914 4.50052
401 6.9523 4.04608 4.49012
402 6.9016 3.99538 4.47561
403 6.85731 3.9511 4.47053
404 6.81722 3.91101 4.46278
405 6.78307 3.87685 4.44799
406 6.75386 3.84765 4.42921
407 6.73082 3.82461 4.40838
408 6.7128 3.80658 4.38222
409 6.70201 3.7958 4.36854
410 6.69821 3.792 4.34358
411 6.70103 3.79482 4.31595
412 6.70662 3.80041 4.28109
413 6.7216 3.81539 4.25964
414 6.74102 3.83481 4.23642
415 6.76278 3.85657 4.21576
416 6.79195 3.88574 4.19908
417 6.82297 3.91676 4.18647
418 6.85646 3.95025 4.17468
419 6.89588 3.98967 4.16784
420 6.93553 4.02931 4.16027
421 6.9761 4.06988 4.14648
422 7.01793 4.11172 4.13811
423 7.06063 4.15441 4.13486
424 7.10364 4.19743 4.12563
425 7.14534 4.23913 4.11675
426 7.18478 4.27857 4.1078
427 7.21976 4.31355 4.09971
428 7.25639 4.35017 4.07854
429 7.2877 4.38149 4.05642
430 7.31553 4.40931 4.02057
431 7.34087 4.43466 3.99845
432 7.35781 4.4516 3.96762
433 7.37536 4.46915 3.92902
434 7.38811 4.4819 3.89208
435 7.39332 4.48711 3.84264
436 7.39496 4.48875 3.80843
437 7.39189 4.48568 3.76751
438 7.38654 4.48033 3.72537
439 7.37432 4.46811 3.68319
440 7.35855 4.45233 3.65148
441 7.33724 4.43102 3.61599
442 7.31644 4.41023 3.5879
443 7.28856 4.38234 3.56059
444 7.25973 4.35352 3.53759
445 7.22776 4.32155 3.51073
446 7.19904 4.29282 3.49216
447 7.16482 4.25861 3.47532
448 7.1331 4.22689 3.46083
449 7.10169 4.19548 3.44428
450 7.06993 4.16372 3.42768
451 7.04023 4.13402 3.41315
452 7.01054 4.10433 3.39122
453 6.98627 4.08005 3.3753
454 6.95874 4.05252 3.35359
455 6.93916 4.03295 3.33639
456 6.91985 4.01364 3.31519
457 6.90675 4.00054 3.29743
458 6.89525 3.98903 3.27534
459 6.88941 3.9832 3.25844
460 6.88445 3.97824 3.24068
461 6.88653 3.98031 3.22314
462 6.88961 3.9834 3.20235
463 6.89714 3.99093 3.1829
464 6.90645 4.00024 3.16169
465 6.91797 4.01176 3.14393
466 6.9359 4.02969 3.12362
467 6.95384 4.04763 3.10794
468 6.97311 4.0669 3.09453
469 6.99499 4.08878 3.07889
470 7.01802 4.11181 3.06734
471 7.04202 4.1358 3.05159
472 7.06643 4.16022 3.03467
473 7.09178 4.18557 3.01643
474 7.11668 4.21046 2.99561
475 7.14068 4.23447 2.9753
476 7.16311 4.2569 2.95485
477 7.17798 4.27177 2.95019
478 7.20962 4.30341 2.91468
479 7.22761 4.3214 2.88658
480 7.2432 4.33699 2.86193
481 7.25732 4.35111 2.84245
482 7.26976 4.36354 2.80069
483 7.27691 4.3707 2.76906
484 7.28289 4.37668 2.73561
485 7.28486 4.37865 2.70063
486 7.28292 4.37671 2.66694
487 7.27926 4.37305 2.63042
488 7.27114 4.36493 2.59584
489 7.26119 4.35498 2.56136
490 7.24937 4.34316 2.52916
491 7.23243 4.32621 2.49596
492 7.21531 4.30909 2.46424
493 7.19632 4.2901 2.43482
494 7.17519 4.26898 2.4053
495 7.15378 4.24757 2.37974
496 7.13285 4.22664 2.35955
497 7.11157 4.20536 2.34392
498 7.08402 4.17781 2.32126
499 7.06402 4.15781 2.30431
500 7.04264 4.13643 2.2981
501 7.02191 4.1157 2.28366
502 7.00193 4.09572 2.27341
503 6.98298 4.07677 2.26659
504 6.96937 4.06315 2.23986
505 6.95245 4.04624 2.22574
506 6.93797 4.03175 2.21042
507 6.93149 4.02528 2.20459
508 6.9129 4.00669 2.19159
509 6.92221 4.01599 2.18261
510 6.91796 4.01175 2.17614
511 6.91473 4.00852 2.16895
512 6.91767 4.01146 2.16697
513 6.91999 4.01378 2.16328
514 6.9242 4.01799 2.16216
515 6.93179 4.02558 2.16405
516 6.94178 4.03557 2.16625
517 6.94909 4.04288 2.16942
518 6.96185 4.05563 2.17445
519 6.97559 4.06937 2.17783
520 6.99027 4.08406 2.18177
521 7.00676 4.10055 2.18358
522 7.02301 4.1168 2.18589
523 7.03943 4.13322 2.18802
524 7.05618 4.14997 2.18929
525 7.07367 4.16746 2.18969
526 7.08902 4.1828 2.18892
527 7.10437 4.19816 2.1889
528 7.11826 4.21204 2.1862
529 7.13202 4.22581 2.18081
530 7.13951 4.2333 2.1924
531 7.16245 4.25624 2.16449
532 7.17228 4.26607 2.15124
533 7.1793 4.27308 2.14159
534 7.189 4.28278 2.12228
535 7.18975 4.28354 2.10768
536 7.1922 4.28599 2.09143
537 7.1902 4.28398 2.07179
538 7.19108 4.28486 2.05306
539 7.18829 4.28208 2.033
540 7.18264 4.27642 2.01232
541 7.17553 4.26932 1.99276
542 7.16666 4.26045 1.96946
543 7.15633 4.25012 1.95789
544 7.14677 4.24056 1.94189
545 7.1345 4.22829 1.92761
546 7.11812 4.21191 1.9082
547 7.10516 4.19895 1.89437
548 7.09131 4.1851 1.87833
549 7.07876 4.17255 1.86549
550 7.06398 4.15777 1.85159
551 7.04925 4.14304 1.83462
552 7.03541 4.12919 1.82205
553 7.02239 4.11617 1.80665
554 7.01268 4.10647 1.79603
555 7.0006 4.09439 1.78249
556 6.98964 4.08343 1.76668
557 6.97995 4.07373 1.75106
558 6.97415 4.06793 1.73872
559 6.96755 4.06134 1.72184
560 6.96476 4.05855 1.70985
561 6.95655 4.05034 1.68928
562 6.95644 4.05023 1.67318
563 6.95689 4.05068 1.66719
564 6.96194 4.05573 1.64782
565 6.96283 4.05662 1.63553
566 6.96939 4.06318 1.62829
567 6.97526 4.06905 1.62092
568 6.98074 4.07453 1.61618
569 6.99047 4.08425 1.61271
570 6.99764 4.09143 1.61252
571 7.00774 4.10153 1.61359
572 7.01629 4.11008 1.61584
573 7.02695 4.12073 1.61866
574 7.03681 4.1306 1.62555
575 7.04866 4.14245 1.62905
576 7.06086 4.15465 1.63215
577 7.07091 4.1647 1.63715
578 7.08203 4.17581 1.64381
579 7.09365 4.18744 1.64628
580 7.10257 4.19636 1.64769
581 7.11087 4.20465 1.64994
582 7.11917 4.21296 1.64777
583 7.125 4.21878 1.64783
584 7.1312 4.22499 1.64118
585 7.13525 4.22904 1.6339
586 7.13889 4.23267 1.62304
587 7.14118 4.23497 1.61145
588 7.14209 4.23588 1.59763
589 7.14199 4.23578 1.5816
590 7.1407 4.23449 1.56564
591 7.13856 4.23234 1.54623
592 7.1363 4.23009 1.52551
593 7.13204 4.22583 1.50538
594 7.12808 4.22187 1.48231
595 7.12216 4.21594 1.46153
596 7.1162 4.20999 1.4383
597 7.10826 4.20205 1.41559
598 7.10118 4.19496 1.3957
599 7.09632 4.19011 1.37427
600 7.0858 4.17959 1.35188
601 7.07734 4.17112 1.33068
602 7.06925 4.16303 1.31055
603 7.061 4.15479 1.29276
604 7.05411 4.14789 1.27524
605 7.04699 4.14078 1.25897
606 7.04024 4.13402 1.24503
607 7.03408 4.12786 1.2313
608 7.02843 4.12222 1.2185
609 7.02404 4.11783 1.20759
610 7.02097 4.11475 1.19744
611 7.01741 4.1112 1.18746
612 7.01528 4.10907 1.18007
613 7.01418 4.10797 1.17337
614 7.0132 4.10699 1.16827
615 7.01662 4.1104 1.16218
616 7.01809 4.11188 1.16287
617 7.0228 4.11659 1.16666
618 7.02698 4.12076 1.1629
619 7.03084 4.12462 1.16335
620 7.03478 4.12856 1.16458
621 7.04085 4.13464 1.16596
622 7.04576 4.13955 1.16898
623 7.05162 4.14541 1.16919
624 7.05882 4.15261 1.17319
625 7.06557 4.15936 1.17554
626 7.07137 4.16516 1.1793
627 7.07952 4.17331 1.1829
628 7.08444 4.17823 1.18146
629 7.09151 4.1853 1.18071
630 7.09812 4.1919 1.17956
631 7.10423 4.19802 1.17689
632 7.11032 4.20411 1.17146
633 7.11374 4.20752 1.1696
634 7.11722 4.211 1.16587
635 7.12034 4.21412 1.15953
636 7.12204 4.21582 1.155
637 7.12522 4.219 1.14528
638 7.12719 4.22098 1.13866
639 7.12773 4.22152 1.13017
640 7.12678 4.22056 1.12139
641 7.12603 4.21982 1.1122
642 7.12505 4.21884 1.1019
643 7.12135 4.21513 1.09271
644 7.12107 4.21486 1.08345
645 7.11706 4.21085 1.07204
646 7.11239 4.20618 1.06537
647 7.10962 4.2034 1.05594
648 7.10864 4.20243 1.04543
649 7.10087 4.19465 1.03556
650 7.09836 4.19215 1.02886
651 7.09318 4.18697 1.02104
652 7.08749 4.18128 1.01224
653 7.08215 4.17594 1.00431
654 7.07757 4.17136 1.01656
655 7.07534 4.16912 0.991684
656 7.07058 4.16437 0.9857
657 7.06563 4.15942 0.979526
658 7.06093 4.15472 0.971693
659 7.05806 4.15185 0.96763
660 7.05401 4.1478 0.963318
661 7.05184 4.14562 0.956984
662 7.0508 4.14459 0.953184
663 7.04914 4.14293 0.948156
664 7.04687 4.14066 0.944345
665 7.04618 4.13997 0.939657
666 7.04635 4.14014 0.937027
667 7.04637 4.14016 0.933123
668 7.04799 4.14177 0.929627
669 7.04852 4.14231 0.929886
670 7.05127 4.14505 0.923138
671 7.05284 4.14663 0.920444
672 7.05842 4.1522 0.917394
673 7.05852 4.15231 0.91868
674 7.06277 4.15656 0.914692
675 7.06642 4.16021 0.913644
676 7.07028 4.16407 0.91066
677 7.07327 4.16706 0.910379
678 7.07763 4.17142 0.906634
679 7.08124 4.17503 0.904057
680 7.08515 4.17894 0.900355
681 7.0896 4.18339 0.89341
682 7.09159 4.18538 0.894818
683 7.09521 4.189 0.891544
684 7.09902 4.19281 0.887096
685 7.10206 4.19585 0.882182
686 7.10295 4.19674 0.878632
687 7.10655 4.20034 0.871893
688 7.10709 4.20088 0.868668
689 7.10857 4.20235 0.872407
690 7.1096 4.20339 0.859279
691 7.10909 4.20288 0.853583
692 7.10926 4.20305 0.850233
693 7.10486 4.19865 0.848064
694 7.1068 4.20059 0.83969
695 7.10457 4.19835 0.832926
696 7.10348 4.19727 0.830983
697 7.10018 4.19396 0.82503
698 7.09904 4.19282 0.844894
699 7.09738 4.19116 0.816493
700 7.09579 4.18958 0.824051
701 7.0931 4.18688 0.80723
702 7.08899 4.18277 0.80237
703 7.08541 4.1792 0.797351
704 7.08262 4.1764 0.792023
705 7.07829 4.17208 0.817585
706 7.07905 4.17283 0.783978
707 7.07607 4.16985 0.779322
708 7.07183 4.16562 0.77371
709 7.06796 4.16175 0.768694
710 7.06446 4.15825 0.762141
711 7.06177 4.15556 0.759875
712 7.06072 4.15451 0.759553
713 7.05681 4.1506 0.743107
714 7.05705 4.15084 0.737786
715 7.05471 4.1485 0.730525
716 7.05456 4.14835 0.725087
717 7.0524 4.14619 0.71769
718 7.05057 4.14436 0.713577
719 7.05226 4.14605 0.703535
720 7.0522 4.14598 0.696601
721 7.05227 4.14605 0.691523
722 7.05355 4.14734 0.682572
723 7.05671 4.1505 0.677693
724 7.05766 4.15145 0.671736
725 7.05903 4.15281 0.667529
726 7.06238 4.15617 0.662064
727 7.06542 4.15921 0.65714
728 7.06841 4.1622 0.653676
729 7.0719 4.16569 0.649652
730 7.07537 4.16916 0.649396
731 7.07826 4.17204 0.643074
732 7.08084 4.17463 0.639668
733 7.08327 4.17706 0.636968
734 7.08543 4.17922 0.634966
735 7.08745 4.18124 0.633298
736 7.08854 4.18233 0.634077
737 7.09358 4.18737 0.631616
738 7.09513 4.18892 0.62836
739 7.09778 4.19157 0.626172
740 7.09865 4.19244 0.624314
741 7.09855 4.19234 0.623001
742 7.09857 4.19236 0.62154
743 7.09812 4.1919 0.619325
744 7.09735 4.19113 0.616721
745 7.09091 4.1847 0.652242
746 7.10104 4.19483 0.617281
747 7.09914 4.19293 0.61548
748 7.09628 4.19007 0.614349
749 7.09493 4.18872 0.612682
750 7.09378 4.18756 0.609321
751 7.09063 4.18442 0.608025
752 7.08699 4.18077 0.606233
753 7.08518 4.17897 0.603631
754 7.08077 4.17456 0.60131
755 7.07968 4.17347 0.597679
756 7.07607 4.16986 0.594472
757 7.0743 4.16809 0.594211
758 7.0704 4.16418 0.589097
759 7.06752 4.16131 0.585842
760 7.06579 4.15958 0.586979
761 7.06231 4.1561 0.58037
762 7.05779 4.15158 0.576168
763 7.05711 4.1509 0.572213
764 7.05491 4.14869 0.567694
765 7.05206 4.14585 0.564673
766 7.05231 4.1461 0.559224
767 7.05222 4.146 0.555423
768 7.04991 4.14369 0.551522
769 7.05093 4.14471 0.546554
770 7.05146 4.14525 0.543165
771 7.05028 4.14406 0.537203
772 7.0496 4.14339 0.532659
773 7.04939 4.14317 0.528514
774 7.04912 4.14291 0.525039
775 7.04865 4.14243 0.522721
776 7.05453 4.14832 0.516239
777 7.05481 4.1486 0.523323
778 7.05741 4.15119 0.51193
779 7.05997 4.15376 0.505971
780 7.06092 4.15471 0.505895
781 7.06452 4.15831 0.509203
782 7.06707 4.16085 0.498604
783 7.06696 4.16074 0.497249
784 7.06798 4.16176 0.508082
785 7.07265 4.16644 0.495097
786 7.07297 4.16676 0.491937
787 7.0755 4.16929 0.488792
788 7.07819 4.17198 0.487286
789 7.07789 4.17168 0.486898
790 7.07978 4.17357 0.483912
791 7.07957 4.17336 0.483615
792 7.0818 4.17559 0.482625
793 7.08405 4.17783 0.486264
794 7.08467 4.17846 0.479134
795 7.08394 4.17773 0.477054
796 7.0809 4.17469 0.477149
797 7.08459 4.17838 0.475671
798 7.07968 4.17347 0.473813
799 7.08059 4.17437 0.480731
800 7.07871 4.17249 0.472898
801 7.07694 4.17072 0.47116
802 7.07492 4.16871 0.479341
803 7.07592 4.16971 0.468099
804 7.0741 4.16789 0.466019
805 7.07276 4.16655 0.46543
806 7.07033 4.16412 0.466038
807 7.07173 4.16552 0.462464
808 7.06939 4.16317 0.461994
809 7.067 4.16079 0.458327
810 7.06594 4.15973 0.460273
811 7.06527 4.15906 0.457101
812 7.06282 4.15661 0.452595
813 7.06323 4.15702 0.453724
814 7.06163 4.15541 0.449491
815 7.06253 4.15632 0.450073
816 7.06435 4.15814 0.45137
817 7.06345 4.15724 0.441389
818 7.06312 4.15691 0.437853
819 7.06278 4.15657 0.436051
820 7.06488 4.15867 0.43255
821 7.06563 4.15941 0.443728
822 7.06827 4.16206 0.429205
823 7.06587 4.15966 0.425083
824 7.06596 4.15974 0.423243
825 7.06693 4.16072 0.421538
826 7.06353 4.15732 0.420339
827 7.06578 4.15957 0.415818
828 7.06523 4.15902 0.413744
829 7.06671 4.16049 0.411471
830 7.06667 4.16046 0.409
831 7.06806 4.16185 0.405867
832 7.06797 4.16176 0.404951
833 7.06954 4.16332 0.40192
834 7.07202 4.16581 0.398792
835 7.0735 4.16729 0.395918
836 7.07373 4.16752 0.397099
837 7.0759 4.16969 0.390976
838 7.07662 4.1704 0.38882
839 7.07742 4.17121 0.385487
840 7.07831 4.1721 0.383636
841 7.07793 4.17172 0.381712
842 7.0798 4.17359 0.378496
843 7.08042 4.1742 0.37384
844 7.08074 4.17453 0.373706
845 7.08066 4.17445 0.370521
846 7.08035 4.17414 0.369142
847 7.08 4.17378 0.368455
848 7.08067 4.17446 0.365079
849 7.08063 4.17442 0.362719
850 7.07863 4.17242 0.361508
851 7.0798 4.17359 0.359254
852 7.07747 4.17126 0.358815
853 7.07751 4.1713 0.357435
854 7.07635 4.17014 0.354939
855 7.07568 4.16946 0.354238
856 7.07499 4.16878 0.352781
857 7.07449 4.16828 0.361071
858 7.07263 4.16642 0.363557
859 7.07553 4.16932 0.360481
860 7.06907 4.16286 0.38475
861 7.07963 4.17341 0.350116
862 7.07874 4.17253 0.360299
863 7.0771 4.17089 0.347959
864 7.07884 4.17263 0.348952
865 7.07329 4.16708 0.346279
866 7.07319 4.16698 0.343727
867 7.07198 4.16577 0.342467
868 7.07072 4.1645 0.340282
869 7.06881 4.1626 0.340236
870 7.06963 4.16342 0.339178
871 7.06874 4.16252 0.342633
872 7.06754 4.16133 0.336693
873 7.0677 4.16149 0.334653
874 7.06684 4.16063 0.333626
875 7.0665 4.16028 0.33056
876 7.06541 4.15919 0.326776
877 7.06483 4.15861 0.329186
878 7.06649 4.16028 0.326148
879 7.0664 4.16018 0.324004
880 7.06639 4.16018 0.321851
881 7.06655 4.16034 0.319614
882 7.06639 4.16018 0.316208
883 7.066 4.15979 0.317163
884 7.06779 4.16157 0.312929
885 7.06809 4.16188 0.310691
886 7.06824 4.16202 0.330984
887 7.07174 4.16553 0.306954
888 7.07389 4.16768 0.323215
889 7.06898 4.16276 0.344929
890 7.08303 4.17682 0.298798
891 7.08242 4.17621 0.300468
892 7.0826 4.17638 0.29953
893 7.08465 4.17844 0.296329
894 7.08441 4.1782 0.295519
895 7.08425 4.17804 0.296244
896 7.08322 4.177 0.294143
897 7.08404 4.17783 0.293469
898 7.08137 4.17515 0.293668
899 7.08044 4.17423 0.293813
900 7.079 4.17279 0.292901
901 7.07796 4.17175 0.292192
902 7.0785 4.17229 0.29166
903 7.07678 4.17057 0.29941
904 7.07828 4.17207 0.302673
905 7.07877 4.17256 0.290953
906 7.07665 4.17044 0.291371
907 7.07719 4.17097 0.289921
908 7.07584 4.16963 0.289943
909 7.07433 4.16812 0.288453
910 7.07325 4.16704 0.29106
911 7.07265 4.16644 0.289062
912 7.07157 4.16535 0.295113
913 7.07096 4.16474 0.286707
914 7.07324 4.16702 0.290695
915 7.06745 4.16124 0.285627
916 7.06915 4.16294 0.284237
917 7.06786 4.16164 0.300399
918 7.06826 4.16205 0.281485
919 7.0678 4.16159 0.278646
920 7.06736 4.16115 0.278892
921 7.06759 4.16138 0.276537
922 7.06635 4.16014 0.276433
923 7.06584 4.15963 0.277741
924 7.06566 4.15945 0.273223
925 7.06686 4.16065 0.272048
926 7.06673 4.16052 0.269664
927 7.06727 4.16106 0.267826
928 7.06705 4.16084 0.268586
929 7.07049 4.16428 0.262294
930 7.07092 4.16471 0.260066
931 7.07214 4.16592 0.25902
932 7.0728 4.16659 0.261785
933 7.07478 4.16857 0.256087
934 7.07655 4.17033 0.255368
935 7.07611 4.1699 0.252615
936 7.07653 4.17032 0.250554
937 7.07683 4.17062 0.25021
938 7.07761 4.1714 0.249576
939 7.07804 4.17183 0.247632
940 7.07892 4.17271 0.254422
941 7.08031 4.1741 0.243986
942 7.08044 4.17423 0.243726
943 7.08064 4.17443 0.24243
944 7.07946 4.17325 0.245916
945 7.08229 4.17608 0.240967
946 7.08009 4.17388 0.243186
947 7.08164 4.17542 0.23878
948 7.08133 4.17512 0.238046
949 7.08106 4.17485 0.237137
950 7.08051 4.1743 0.236772
951 7.07984 4.17362 0.23566
952 7.07911 4.1729 0.234822
953 7.0785 4.17229 0.233864
954 7.07776 4.17154 0.233376
955 7.07668 4.17047 0.232791
956 7.07619 4.16998 0.23272
957 7.07485 4.16864 0.232004
958 7.07385 4.16764 0.232961
959 7.07342 4.16721 0.231112
960 7.07245 4.16624 0.233476
961 7.07216 4.16594 0.230444
962 7.07198 4.16576 0.23016
963 7.0706 4.16439 0.230847
964 7.07035 4.16414 0.228675
965 7.06958 4.16337 0.22908
966 7.06883 4.16262 0.22873
967 7.0683 4.16209 0.228046
968 7.06935 4.16314 0.226243
969 7.06781 4.1616 0.226042
970 7.06856 4.16235 0.224125
971 7.06828 4.16207 0.223126
972 7.06848 4.16227 0.223368
973 7.06745 4.16123 0.221972
974 7.06713 4.16092 0.220581
975 7.06632 4.16011 0.228155
976 7.06852 4.16231 0.218769
977 7.06967 4.16346 0.217761
978 7.06817 4.16196 0.216094
979 7.06869 4.16248 0.227595
980 7.06856 4.16234 0.218182
981 7.07092 4.1647 0.213458
982 7.07051 4.1643 0.215413
983 7.07309 4.16688 0.210811
984 7.07169 4.16548 0.211807
985 7.07209 4.16587 0.213888
986 7.07389 4.16768 0.211641
987 7.0762 4.16999 0.208094
988 7.07696 4.17074 0.206233
989 7.07657 4.17036 0.205698
990 7.07707 4.17085 0.204926
991 7.07496 4.16875 0.203777
992 7.07619 4.16997 0.202576
993 7.07493 4.16871 0.201274
994 7.0749 4.16869 0.201486
995 7.07446 4.16825 0.20046
996 7.07252 4.1663 0.212369
997 7.07457 4.16836 0.200501
998 7.07466 4.16845 0.197723
999 7.07533 4.16912 0.198348
1000 7.07428 4.16807 0.196913
1001 7.07231 4.1661 0.200026
1002 7.07279 4.16657 0.199651
1003 7.07266 4.16645 0.196876
1004 7.07223 4.16602 0.195935
1005 7.07135 4.16514 0.196537
1006 7.0703 4.16409 0.197917
1007 7.07076 4.16454 0.196975
1008 7.06898 4.16277 0.197177
1009 7.06934 4.16313 0.197714
1010 7.07007 4.16386 0.195807
1011 7.06901 4.1628 0.195302
1012 7.06782 4.16161 0.195351
1013 7.06845 4.16224 0.194705
1014 7.06796 4.16174 0.193305
1015 7.06778 4.16156 0.192885
1016 7.06816 4.16194 0.194658
1017 7.06648 4.16027 0.192384
1018 7.06694 4.16073 0.193438
1019 7.06512 4.15891 0.192101
1020 7.06539 4.15917 0.191773
1021 7.06444 4.15822 0.190208
1022 7.06437 4.15816 0.189869
1023 7.06244 4.15623 0.191884
1024 7.06535 4.15914 0.187643
1025 7.06554 4.15933 0.188191
1026 7.06598 4.15976 0.186317
1027 7.06582 4.15961 0.188593
1028 7.06692 4.16071 0.18951
1029 7.06817 4.16195 0.184767
1030 7.06848 4.16226 0.186823
1031 7.06534 4.15912 0.267286
1032 7.07233 4.16611 0.246207
1033 7.08365 4.17743 0.197837
1034 7.08403 4.17782 0.197587
1035 7.08572 4.17951 0.190428
1036 7.08573 4.17952 0.185974
1037 7.08501 4.1788 0.183618
1038 7.08396 4.17775 0.181142
1039 7.08233 4.17612 0.181662
1040 7.08334 4.17713 0.17786
1041 7.08171 4.1755 0.177795
1042 7.08086 4.17465 0.176236
1043 7.07927 4.17305 0.174764
1044 7.07795 4.17174 0.174882
1045 7.07572 4.16951 0.174912
1046 7.07638 4.17017 0.17619
1047 7.07371 4.1675 0.178605
1048 7.07374 4.16752 0.176446
1049 7.06671 4.1605 0.196534
1050 7.0757 4.16949 0.171534
1051 7.07429 4.16808 0.171718
1052 7.07185 4.16564 0.164903
1053 7.07314 4.16693 0.171522
1054 7.07096 4.16474 0.173794
1055 7.06848 4.16226 0.17292
1056 7.06685 4.16064 0.172995
1057 7.06561 4.1594 0.173118
1058 7.06331 4.1571 0.175498
1059 7.06452 4.15831 0.173028
1060 7.06327 4.15706 0.172694
1061 7.06141 4.1552 0.169303
1062 7.0629 4.15669 0.170984
1063 7.06206 4.15585 0.166293
1064 7.06251 4.1563 0.168429
1065 7.06185 4.15563 0.167008
1066 7.06105 4.15484 0.169811
1067 7.06268 4.15647 0.166088
1068 7.0642 4.15799 0.170321
1069 7.06202 4.15581 0.166972
1070 7.06228 4.15607 0.167495
1071 7.06381 4.15759 0.162692
1072 7.06604 4.15982 0.160129
1073 7.06542 4.1592 0.162408
1074 7.06796 4.16175 0.159783
1075 7.06935 4.16314 0.158845
1076 7.0634 4.15719 0.237751
1077 7.07653 4.17032 0.185043
1078 7.07712 4.1709 0.172251
1079 7.07856 4.17234 0.165263
1080 7.0784 4.17219 0.164218
1081 7.0786 4.17239 0.162099
1082 7.07118 4.16497 0.223814
1083 7.08404 4.17783 0.170821
1084 7.08408 4.17787 0.167652
1085 7.08397 4.17776 0.165473
1086 7.08324 4.17702 0.162401
1087 7.08205 4.17584 0.161314
1088 7.08258 4.17637 0.158332
1089 7.08117 4.17496 0.156728
1090 7.0803 4.17409 0.155493
1091 7.07915 4.17294 0.155707
1092 7.07692 4.17071 0.1541
1093 7.07589 4.16968 0.154064
1094 7.07326 4.16705 0.157298
1095 7.0734 4.16719 0.153307
1096 7.07264 4.16643 0.155714
1097 7.06935 4.16314 0.156762
1098 7.06768 4.16146 0.156222
1099 7.0684 4.16219 0.158897
1100 7.06801 4.1618 0.159913
1101 7.06599 4.15978 0.157814
1102 7.06416 4.15795 0.162162
1103 7.06179 4.15558 0.16826
1104 7.0675 4.16128 0.171412
1105 7.06337 4.15716 0.1624
1106 7.06122 4.155 0.162761
1107 7.06292 4.15671 0.162465
1108 7.05458 4.14837 0.18482
1109 7.0668 4.16059 0.14811
1110 7.06471 4.15849 0.146744
1111 7.0649 4.15869 0.146467
1112 7.06626 4.16005 0.149808
1113 7.06763 4.16142 0.146047
1114 7.06633 4.16011 0.148192
1115 7.06723 4.16102 0.150625
1116 7.06726 4.16105 0.149966
1117 7.06962 4.1634 0.147175
1118 7.07053 4.16432 0.146643
1119 7.07017 4.16396 0.146357
1120 7.0704 4.16418 0.145992
1121 7.06938 4.16317 0.150709
1122 7.07171 4.16549 0.147832
1123 7.0713 4.16509 0.146009
1124 7.07008 4.16386 0.151938
1125 7.07242 4.1662 0.146426
1126 7.0727 4.16649 0.16301
1127 7.07469 4.16848 0.145154
1128 7.07354 4.16733 0.146361
1129 7.07315 4.16693 0.144415
1130 7.07321 4.167 0.143849
1131 7.07247 4.16626 0.147272
1132 7.07406 4.16785 0.142595
1133 7.07394 4.16772 0.141139
1134 7.07267 4.16645 0.146492
1135 7.0739 4.16768 0.144917
1136 7.07516 4.16894 0.140975
1137 7.07364 4.16743 0.147773
1138 7.0753 4.16909 0.139665
1139 7.07482 4.1686 0.139776
1140 7.07369 4.16747 0.139572
1141 7.07348 4.16727 0.141977
1142 7.07563 4.16942 0.139177
1143 7.07391 4.1677 0.137013
1144 7.07406 4.16785 0.137311
1145 7.07239 4.16618 0.137586
1146 7.07213 4.16592 0.135958
1147 7.07207 4.16586 0.134919
1148 7.071 4.16479 0.137725
1149 7.07153 4.16532 0.133971
1150 7.07027 4.16405 0.13749
1151 7.07091 4.1647 0.133204
1152 7.07158 4.16536 0.133954
1153 7.07095 4.16474 0.132072
1154 7.07026 4.16405 0.131047
1155 7.06759 4.16138 0.130606
1156 7.06842 4.16221 0.127795
1157 7.06838 4.16217 0.126261
1158 7.06732 4.16111 0.128672
1159 7.06839 4.16217 0.125039
1160 7.06795 4.16174 0.127409
1161 7.06841 4.16219 0.12393
1162 7.06827 4.16205 0.123983
1163 7.06778 4.16157 0.124086
1164 7.0687 4.16249 0.124372
1165 7.06739 4.16118 0.123775
1166 7.06591 4.1597 0.130218
1167 7.06799 4.16178 0.124638
1168 7.06784 4.16163 0.12459
1169 7.06852 4.16231 0.123422
1170 7.0693 4.16309 0.122724
1171 7.06949 4.16328 0.123741
1172 7.06926 4.16305 0.124642
1173 7.06861 4.16239 0.129994
1174 7.06999 4.16378 0.129476
1175 7.07315 4.16694 0.123345
1176 7.07213 4.16592 0.124063
1177 7.07349 4.16727 0.121971
1178 7.07264 4.16643 0.12165
1179 7.07279 4.16658 0.122386
1180 7.073 4.16678 0.121535
1181 7.07286 4.16665 0.122916
1182 7.07348 4.16727 0.120965
1183 7.07365 4.16743 0.120197
1184 7.07377 4.16756 0.119589
1185 7.07335 4.16714 0.120944
1186 7.074 4.16779 0.120463
1187 7.07285 4.16664 0.118978
1188 7.0737 4.16749 0.120229
1189 7.07207 4.16586 0.118329
1190 7.07105 4.16484 0.131096
1191 7.07254 4.16633 0.117501
1192 7.07334 4.16712 0.130384
1193 7.07226 4.16605 0.123131
1194 7.0722 4.16599 0.119267
1195 7.07094 4.16473 0.121551
1196 7.07106 4.16485 0.124237
1197 7.07229 4.16607 0.11801
1198 7.07126 4.16504 0.120607
1199 7.06973 4.16352 0.13191
1200 7.07345 4.16723 0.117054
1201 7.07166 4.16545 0.122162
1202 7.07421 4.168 0.115241
1203 7.07254 4.16633 0.12229
1204 7.07397 4.16776 0.113722
1205 7.07358 4.16737 0.113668
1206 7.0731 4.16689 0.113822
1207 7.07215 4.16593 0.125698
1208 7.07386 4.16765 0.125768
1209 7.07357 4.16736 0.116934
1210 7.07464 4.16842 0.113238
1211 7.07284 4.16662 0.11389
1212 7.07246 4.16625 0.117536
1213 7.07285 4.16664 0.114351
1214 7.07239 4.16618 0.116266
1215 7.07057 4.16436 0.115718
1216 7.07027 4.16405 0.120468
1217 7.0684 4.16219 0.116126
1218 7.06629 4.16008 0.122104
1219 7.06793 4.16172 0.118903
1220 7.06559 4.15937 0.117336
1221 7.06717 4.16095 0.116098
1222 7.06687 4.16066 0.115771
1223 7.06587 4.15966 0.118076
1224 7.06647 4.16026 0.114978
1225 7.06647 4.16026 0.116818
1226 7.06572 4.15951 0.114583
1227 7.06675 4.16053 0.121009
1228 7.06371 4.1575 0.113664
1229 7.06365 4.15744 0.111828
1230 7.06327 4.15706 0.112761
1231 7.0643 4.15809 0.128377
1232 7.06694 4.16073 0.108497
1233 7.06755 4.16134 0.109269
1234 7.06775 4.16154 0.10867
1235 7.06825 4.16204 0.10836
1236 7.06871 4.16249 0.109127
1237 7.06887 4.16265 0.108701
1238 7.06924 4.16303 0.111591
1239 7.07069 4.16448 0.108109
1240 7.07033 4.16412 0.109448
1241 7.07084 4.16463 0.10982
1242 7.07189 4.16567 0.109783
1243 7.06976 4.16354 0.116455
1244 7.07039 4.16418 0.116723
1245 7.07219 4.16597 0.111475
1246 7.07291 4.1667 0.112375
1247 7.07196 4.16575 0.135779
1248 7.07413 4.16792 0.117131
1249 7.07406 4.16784 0.124417
1250 7.07722 4.17101 0.112183
1251 7.07658 4.17037 0.114357
1252 7.07678 4.17057 0.111351
1253 7.0771 4.17089 0.111236
1254 7.07509 4.16887 0.11309
1255 7.07555 4.16934 0.112905
1256 7.07491 4.1687 0.108724
1257 7.07426 4.16805 0.108709
1258 7.07397 4.16776 0.109036
1259 7.07201 4.16579 0.110015
1260 7.07226 4.16605 0.108089
1261 7.07144 4.16523 0.107451
1262 7.07059 4.16438 0.108443
1263 7.06998 4.16376 0.109253
1264 7.06824 4.16203 0.111515
1265 7.06824 4.16203 0.109007
1266 7.06136 4.15514 0.159484
1267 7.07125 4.16503 0.116691
1268 7.07268 4.16647 0.116426
1269 7.07134 4.16513 0.113393
1270 7.07064 4.16443 0.111204
1271 7.06887 4.16265 0.113267
1272 7.06944 4.16323 0.11488
1273 7.07052 4.16431 0.108675
1274 7.06999 4.16377 0.10934
1275 7.06935 4.16314 0.113286
1276 7.06959 4.16338 0.109193
1277 7.06789 4.16167 0.114293
1278 7.06821 4.162 0.115344
1279 7.06897 4.16275 0.11754
1280 7.06656 4.16035 0.111487
1281 7.06908 4.16287 0.110203
1282 7.06822 4.16201 0.113184
1283 7.06916 4.16295 0.120019
1284 7.0694 4.16319 0.110323
1285 7.06797 4.16176 0.119325
1286 7.06877 4.16256 0.116035
1287 7.0686 4.16238 0.119788
1288 7.07073 4.16451 0.110624
1289 7.07012 4.16391 0.108903
1290 7.07029 4.16407 0.109311
1291 7.06831 4.1621 0.109384
1292 7.06791 4.16169 0.114417
1293 7.06838 4.16217 0.1087
1294 7.06944 4.16323 0.105418
1295 7.06803 4.16181 0.114028
1296 7.07054 4.16433 0.105538
1297 7.06938 4.16317 0.106821
1298 7.06932 4.16311 0.107259
1299 7.07079 4.16457 0.103012
1300 7.07057 4.16435 0.104714
1301 7.06952 4.16331 0.104463
1302 7.06864 4.16242 0.103208
1303 7.0696 4.16339 0.10666
1304 7.0676 4.16139 0.103428
1305 7.06764 4.16143 0.113907
1306 7.06834 4.16212 0.102463
1307 7.06803 4.16182 0.102811
1308 7.06775 4.16153 0.119856
1309 7.06855 4.16234 0.129354
1310 7.07055 4.16434 0.109898
1311 7.07092 4.1647 0.110844
1312 7.07167 4.16545 0.105825
1313 7.07072 4.1645 0.110628
1314 7.07104 4.16483 0.106175
1315 7.07087 4.16466 0.10855
1316 7.07356 4.16734 0.105984
1317 7.06989 4.16368 0.107296
1318 7.0697 4.16349 0.105479
1319 7.0713 4.16508 0.100866
1320 7.07124 4.16502 0.113008
1321 7.07278 4.16657 0.105143
1322 7.0697 4.16349 0.103689
1323 7.07155 4.16534 0.107645
1324 7.06893 4.16272 0.0982049
1325 7.06811 4.1619 0.0997011
1326 7.06865 4.16244 0.0995617
1327 7.06779 4.16158 0.110478
1328 7.06825 4.16204 0.106211
1329 7.07012 4.16391 0.0984815
1330 7.06981 4.1636 0.0978302
1331 7.06901 4.1628 0.103983
1332 7.06964 4.16342 0.109363
1333 7.06985 4.16363 0.105696
1334 7.07069 4.16448 0.104833
1335 7.0707 4.16448 0.103474
1336 7.07322 4.16701 0.110825
1337 7.06996 4.16374 0.12011
1338 7.07286 4.16665 0.0996616
1339 7.07217 4.16596 0.0981677
1340 7.07121 4.16499 0.0991489
1341 7.07123 4.16501 0.106248
1342 7.07007 4.16386 0.118774
1343 7.07355 4.16734 0.098182
1344 7.07333 4.16712 0.119315
1345 7.07513 4.16892 0.0978745
1346 7.07277 4.16656 0.113066
1347 7.07425 4.16803 0.101626
1348 7.07351 4.1673 0.0975022
1349 7.07214 4.16593 0.0981089
1350 7.07099 4.16478 0.0974642
1351 7.06943 4.16322 0.101922
1352 7.06939 4.16318 0.100154
1353 7.06838 4.16217 0.104124
1354 7.06775 4.16154 0.10246
1355 7.06642 4.1602 0.104027
1356 7.06614 4.15993 0.105616
1357 7.06515 4.15894 0.104249
1358 7.06369 4.15748 0.112278
1359 7.06486 4.15864 0.107514
1360 7.06453 4.15832 0.117846
1361 7.06258 4.15637 0.109103
1362 7.06355 4.15733 0.113622
1363 7.06499 4.15877 0.105638
1364 7.06535 4.15914 0.103594
1365 7.06401 4.1578 0.107027
1366 7.06485 4.15864 0.105647
1367 7.06663 4.16042 0.0995579
1368 7.06595 4.15974 0.101353
1369 7.06719 4.16097 0.0961407
1370 7.06756 4.16135 0.0958353
1371 7.06699 4.16078 0.100917
1372 7.06871 4.1625 0.0957122
1373 7.07078 4.16457 0.101997
1374 7.06824 4.16202 0.0962472
1375 7.06746 4.16125 0.100162
1376 7.0692 4.16299 0.0943307
1377 7.06913 4.16292 0.100944
1378 7.06287 4.15665 0.156765
1379 7.07515 4.16893 0.104908
1380 7.07523 4.16902 0.107269
1381 7.07532 4.1691 0.109379
1382 7.07725 4.17104 0.109358
1383 7.0751 4.16889 0.103605
1384 7.07456 4.16835 0.102833
1385 7.07407 4.16786 0.102235
1386 7.07387 4.16766 0.115041
1387 7.06728 4.16106 0.159979
1388 7.07929 4.17308 0.10893
1389 7.07788 4.17166 0.114917
1390 7.07911 4.1729 0.107038
1391 7.07611 4.1699 0.115299
1392 7.07808 4.17187 0.105324
1393 7.07704 4.17083 0.104527
1394 7.07481 4.1686 0.110396
1395 7.07462 4.16841 0.104316
1396 7.0734 4.16719 0.105507
1397 7.07106 4.16485 0.112147
1398 7.07184 4.16562 0.109658
1399 7.07151 4.1653 0.11808
1400 7.06724 4.16103 0.107028
1401 7.06594 4.15973 0.110544
1402 7.06495 4.15874 0.111299
1403 7.06356 4.15735 0.111931
1404 7.06222 4.15601 0.111923
1405 7.06129 4.15507 0.118384
1406 7.06183 4.15562 0.111212
1407 7.06103 4.15482 0.110611
1408 7.06132 4.15511 0.111475
1409 7.06061 4.15439 0.11868
1410 7.06204 4.15583 0.11023
1411 7.06049 4.15428 0.107837
1412 7.06134 4.15513 0.107734
1413 7.06118 4.15497 0.109056
1414 7.06278 4.15657 0.106622
1415 7.06396 4.15775 0.105649
1416 7.06169 4.15548 0.11184
1417 7.06463 4.15842 0.110869
1418 7.06459 4.15837 0.107936
1419 7.06568 4.15947 0.110925
1420 7.06737 4.16116 0.104289
1421 7.06531 4.1591 0.122948
1422 7.07054 4.16433 0.109464
1423 7.07108 4.16486 0.105281
1424 7.07187 4.16566 0.104265
1425 7.07007 4.16386 0.107429
1426 7.07125 4.16504 0.10666
1427 7.07138 4.16517 0.109795
1428 7.07312 4.1669 0.102294
1429 7.07246 4.16624 0.109483
1430 7.07398 4.16776 0.104794
1431 7.07453 4.16832 0.102848
1432 7.07471 4.1685 0.102364
1433 7.07415 4.16794 0.106532
1434 7.07398 4.16777 0.129346
1435 7.07721 4.171 0.10439
1436 7.07664 4.17042 0.10361
1437 7.07499 4.16878 0.111056
1438 7.07603 4.16982 0.102821
1439 7.07416 4.16795 0.109946
1440 7.07504 4.16882 0.103677
1441 7.07337 4.16715 0.122992
1442 7.07443 4.16821 0.102406
1443 7.07352 4.16731 0.10167
1444 7.07217 4.16596 0.118864
1445 7.0724 4.16618 0.103358
1446 7.07236 4.16615 0.100825
1447 7.07142 4.1652 0.101258
1448 7.06984 4.16362 0.0995549
1449 7.06827 4.16206 0.100799
1450 7.06699 4.16078 0.104572
1451 7.06711 4.1609 0.099155
1452 7.06698 4.16077 0.106606
1453 7.06461 4.1584 0.10244
1454 7.06347 4.15726 0.115938
1455 7.06298 4.15677 0.104657
1456 7.06193 4.15572 0.104313
1457 7.06079 4.15458 0.112325
1458 7.06101 4.15479 0.100817
1459 7.06108 4.15487 0.100934
1460 7.06155 4.15534 0.104125
1461 7.06258 4.15637 0.105009
1462 7.06222 4.15601 0.103187
1463 7.06256 4.15635 0.103233
1464 7.06303 4.15682 0.116371
1465 7.06481 4.1586 0.107668
1466 7.06579 4.15957 0.111838
1467 7.06697 4.16076 0.101261
1468 7.06737 4.16116 0.0991209
1469 7.0672 4.16099 0.0999675
1470 7.06759 4.16138 0.102028
1471 7.06882 4.16261 0.0993
1472 7.06896 4.16275 0.103793
1473 7.06912 4.1629 0.110747
1474 7.06993 4.16371 0.0997224
1475 7.06852 4.16231 0.107958
1476 7.07106 4.16485 0.0997121
1477 7.06467 4.15846 0.168117
1478 7.07638 4.17016 0.110039
1479 7.07594 4.16973 0.111389
1480 7.07536 4.16915 0.113957
1481 7.07735 4.17113 0.113666
1482 7.07714 4.17092 0.104449
1483 7.07713 4.17092 0.103434
1484 7.07601 4.1698 0.102045
1485 7.07571 4.1695 0.099082
1486 7.07513 4.16891 0.100235
1487 7.07348 4.16726 0.100921
1488 7.07365 4.16744 0.0987392
1489 7.07228 4.16606 0.102392
1490 7.07319 4.16698 0.0981668
1491 7.07257 4.16636 0.0998276
1492 7.07135 4.16514 0.099111
1493 7.06979 4.16357 0.0948138
1494 7.07033 4.16412 0.100147
1495 7.06768 4.16147 0.107051
1496 7.06915 4.16294 0.106638
1497 7.06671 4.1605 0.106145
1498 7.06653 4.16031 0.107492
1499 7.06367 4.15746 0.100875
1500 7.06441 4.15819 0.106105
1501 7.06353 4.15732 0.103721
1502 7.06295 4.15674 0.104896
1503 7.06237 4.15615 0.105594
1504 7.06174 4.15553 0.104768
1505 7.06155 4.15534 0.104982
1506 7.06008 4.15386 0.105945
1507 7.06224 4.15603 0.109043
1508 7.06009 4.15388 0.101963
1509 7.05965 4.15343 0.113684
1510 7.05964 4.15342 0.100839
1511 7.06134 4.15513 0.0986177
1512 7.06176 4.15555 0.0966195
1513 7.06254 4.15633 0.0970714
1514 7.06254 4.15633 0.0968942
1515 7.06328 4.15707 0.0959727
1516 7.06282 4.15661 0.101334
1517 7.0648 4.15859 0.0983287
1518 7.06668 4.16046 0.1157
1519 7.06941 4.16319 0.0945917
1520 7.06995 4.16374 0.0949157
1521 7.06999 4.16378 0.096689
1522 7.07142 4.16521 0.099614
1523 7.07094 4.16472 0.0985826
1524 7.06603 4.15981 0.158125
1525 7.07395 4.16773 0.119322
1526 7.07773 4.17151 0.11064
1527 7.07831 4.1721 0.108379
1528 7.07836 4.17215 0.107719
1529 7.07772 4.1715 0.121528
1530 7.07702 4.1708 0.114632
1531 7.07921 4.17299 0.107075
1532 7.07976 4.17355 0.102644
1533 7.07888 4.17266 0.100718
1534 7.07594 4.16973 0.108841
1535 7.0778 4.17159 0.0997283
1536 7.07725 4.17104 0.105639
1537 7.06966 4.16344 0.156469
1538 7.08097 4.17476 0.104822
1539 7.079 4.17279 0.102979
1540 7.07836 4.17215 0.105934
1541 7.07486 4.16864 0.108215
1542 7.07396 4.16775 0.098618
1543 7.07283 4.16662 0.102386
1544 7.07129 4.16507 0.100677
1545 7.07006 4.16385 0.104079
1546 7.06797 4.16176 0.103716
1547 7.06611 4.1599 0.106858
1548 7.06491 4.1587 0.110072
1549 7.06311 4.15689 0.11079
1550 7.06096 4.15475 0.10663
1551 7.06137 4.15515 0.115299
1552 7.05909 4.15288 0.113446
1553 7.05749 4.15128 0.11407
1554 7.05714 4.15093 0.113029
1555 7.05655 4.15034 0.112745
1556 7.05605 4.14984 0.112923
1557 7.05502 4.1488 0.110356
1558 7.05395 4.14774 0.111311
1559 7.05785 4.15163 0.105541
1560 7.05794 4.15172 0.1018
1561 7.05846 4.15225 0.103233
1562 7.05869 4.15247 0.108827
1563 7.06015 4.15394 0.100246
1564 7.06159 4.15537 0.0979588
1565 7.06197 4.15575 0.100089
1566 7.0624 4.15618 0.0983755
1567 7.06268 4.15647 0.100155
1568 7.06332 4.15711 0.104982
1569 7.06619 4.15998 0.100379
1570 7.06759 4.16138 0.0966245
1571 7.06857 4.16235 0.099341
1572 7.0691 4.16289 0.117959
1573 7.07236 4.16614 0.102049
1574 7.07215 4.16594 0.0986224
1575 7.0733 4.16708 0.106614
1576 7.07209 4.16588 0.107517
1577 7.07397 4.16775 0.0977531
1578 7.07398 4.16777 0.0989543
1579 7.07443 4.16822 0.0993282
1580 7.0751 4.16889 0.0962844
1581 7.0742 4.16798 0.103303
1582 7.07533 4.16912 0.0957188
1583 7.07521 4.169 0.0967511
1584 7.07351 4.1673 0.103648
1585 7.07504 4.16883 0.0958506
1586 7.07477 4.16856 0.0985824
1587 7.07445 4.16824 0.09363
1588 7.07462 4.16841 0.0994066
1589 7.07247 4.16625 0.0937795
1590 7.07196 4.16575 0.0968086
1591 7.0711 4.16489 0.0987516
1592 7.06902 4.16281 0.099389
1593 7.06893 4.16271 0.109838
1594 7.06413 4.15791 0.111388
1595 7.06487 4.15865 0.10493
1596 7.06534 4.15913 0.0991965
1597 7.06512 4.1589 0.104552
1598 7.05641 4.1502 0.151471
1599 7.06613 4.15992 0.109493
1600 7.06561 4.1594 0.109884
1601 7.06689 4.16068 0.102772
1602 7.06574 4.15952 0.105427
1603 7.06456 4.15834 0.108431
1604 7.06296 4.15675 0.105816
1605 7.06353 4.15732 0.104755
1606 7.06303 4.15682 0.109455
1607 7.06419 4.15798 0.107162
1608 7.06482 4.15861 0.105623
1609 7.06536 4.15915 0.105194
1610 7.06398 4.15777 0.0976391
1611 7.0634 4.15719 0.0976979
1612 7.06324 4.15703 0.104773
1613 7.06319 4.15698 0.100576
1614 7.06559 4.15938 0.100377
1615 7.06573 4.15951 0.0993774
1616 7.0665 4.16028 0.0976217
1617 7.06656 4.16035 0.0975247
1618 7.06599 4.15977 0.104924
1619 7.06791 4.16169 0.0964477
1620 7.06868 4.16247 0.099246
1621 7.06802 4.16181 0.0964298
1622 7.06677 4.16055 0.101773
1623 7.06893 4.16272 0.0947787
1624 7.06891 4.16269 0.0968488
1625 7.06897 4.16276 0.0970743
1626 7.06915 4.16294 0.0963783
1627 7.06894 4.16272 0.0993849
1628 7.07033 4.16411 0.0972121
1629 7.07097 4.16476 0.0984021
1630 7.07015 4.16394 0.0966025
1631 7.07028 4.16407 0.0974908
1632 7.07064 4.16443 0.0959534
1633 7.06932 4.16311 0.103339
1634 7.07112 4.1649 0.0980796
1635 7.07181 4.1656 0.0949794
1636 7.07071 4.1645 0.105939
1637 7.07195 4.16573 0.0954893
1638 7.0714 4.16519 0.0959922
1639 7.07075 4.16454 0.0955461
1640 7.0709 4.16469 0.0979179
1641 7.06958 4.16336 0.0992567
1642 7.07108 4.16487 0.102407
1643 7.06832 4.1621 0.0989479
1644 7.06922 4.16301 0.0946431
1645 7.06818 4.16197 0.0989749
1646 7.0688 4.16258 0.0957996
1647 7.06742 4.16121 0.0988359
1648 7.06744 4.16123 0.0990815
1649 7.06878 4.16257 0.100753
1650 7.06736 4.16115 0.0947118
1651 7.06703 4.16082 0.0949342
1652 7.06631 4.16009 0.0946192
1653 7.0661 4.15989 0.0962888
1654 7.06495 4.15874 0.0957635
1655 7.06442 4.1582 0.101564
1656 7.06436 4.15814 0.0938
1657 7.06418 4.15796 0.0928453
1658 7.06434 4.15813 0.0956499
1659 7.06453 4.15832 0.0958574
1660 7.0641 4.15789 0.0954834
1661 7.06375 4.15754 0.093927
1662 7.06388 4.15766 0.0911586
1663 7.06402 4.15781 0.0923534
1664 7.06418 4.15796 0.0925671
1665 7.06389 4.15768 0.0927928
1666 7.06413 4.15792 0.0931688
1667 7.06399 4.15777 0.0930393
1668 7.06528 4.15906 0.0933087
1669 7.06662 4.1604 0.092017
1670 7.06601 4.1598 0.0920135
1671 7.06776 4.16155 0.0956772
1672 7.0652 4.15899 0.098267
1673 7.06695 4.16074 0.0906518
1674 7.06623 4.16002 0.0931239
1675 7.06741 4.16119 0.0967482
1676 7.06901 4.16279 0.0978329
1677 7.06767 4.16146 0.0905635
1678 7.06806 4.16184 0.0894975
1679 7.0682 4.16199 0.0899732
1680 7.06836 4.16214 0.0891723
1681 7.06882 4.16261 0.0884009
1682 7.06922 4.16301 0.0883536
1683 7.06927 4.16306 0.0894731
1684 7.06853 4.16231 0.0906337
1685 7.06815 4.16194 0.0891991
1686 7.06868 4.16246 0.0841874
1687 7.06867 4.16246 0.0840984
1688 7.06697 4.16076 0.0993736
1689 7.07047 4.16426 0.0848242
1690 7.07016 4.16395 0.0915943
1691 7.07019 4.16397 0.0845178
1692 7.07 4.16379 0.0843035
1693 7.06956 4.16335 0.0850162
1694 7.06894 4.16272 0.0847316
1695 7.06895 4.16274 0.090043
1696 7.06911 4.16289 0.0935456
1697 7.07021 4.164 0.0898605
1698 7.069 4.16279 0.0976687
1699 7.07149 4.16527 0.0911307
1700 7.07166 4.16545 0.119649
1701 7.07261 4.1664 0.0972304
1702 7.07209 4.16587 0.0897209
1703 7.07084 4.16462 0.0885289
1704 7.07044 4.16423 0.0892325
1705 7.06964 4.16343 0.0883724
1706 7.06911 4.16289 0.0914701
1707 7.0673 4.16109 0.0870334
1708 7.06701 4.16079 0.0913798
1709 7.06551 4.15929 0.0881077
1710 7.06558 4.15937 0.0994563
1711 7.06316 4.15695 0.0897814
1712 7.06307 4.15686 0.0999755
1713 7.06332 4.15711 0.0872316
1714 7.06287 4.15666 0.0869322
1715 7.06315 4.15694 0.0890432
1716 7.06248 4.15627 0.0879521
1717 7.06062 4.1544 0.0936602
1718 7.0626 4.15639 0.0860859
1719 7.06276 4.15655 0.0863306
1720 7.06203 4.15582 0.087168
1721 7.06242 4.1562 0.0867968
1722 7.06201 4.1558 0.0869042
1723 7.06194 4.15573 0.0854205
1724 7.06157 4.15536 0.0903741
1725 7.06397 4.15776 0.0858477
1726 7.06439 4.15818 0.0863551
1727 7.06476 4.15855 0.0871222
1728 7.06578 4.15957 0.0895495
1729 7.06575 4.15954 0.0873782
1730 7.06501 4.15879 0.0966217
1731 7.06719 4.16098 0.0877248
1732 7.06731 4.16109 0.0860535
1733 7.06778 4.16156 0.0867477
1734 7.06815 4.16193 0.0882171
1735 7.06753 4.16132 0.0957326
1736 7.06849 4.16228 0.0943983
1737 7.07037 4.16416 0.0887169
1738 7.07066 4.16445 0.0884702
1739 7.0719 4.16569 0.0902275
1740 7.0706 4.16439 0.0882768
1741 7.07046 4.16425 0.0943537
1742 7.0727 4.16648 0.0954464
1743 7.07334 4.16712 0.0851744
1744 7.0721 4.16588 0.0832743
1745 7.07208 4.16586 0.0964478
1746 7.07214 4.16593 0.0822896
1747 7.07153 4.16532 0.081573
1748 7.07102 4.16481 0.0820246
1749 7.07049 4.16428 0.085588
1750 7.07037 4.16416 0.085525
1751 7.07051 4.1643 0.0829342
1752 7.06969 4.16348 0.0844992
1753 7.06818 4.16196 0.0886031
1754 7.06838 4.16217 0.0885092
1755 7.06756 4.16135 0.0854025
1756 7.06654 4.16033 0.0851163
1757 7.06515 4.15894 0.087968
1758 7.06584 4.15963 0.087921
1759 7.0638 4.15759 0.0881286
1760 7.06388 4.15767 0.084992
1761 7.06392 4.15771 0.091054
1762 7.06473 4.15852 0.0838265
1763 7.06559 4.15937 0.0872878
1764 7.06382 4.15761 0.0871075
1765 7.06405 4.15784 0.0875485
1766 7.06495 4.15874 0.0869667
1767 7.06427 4.15806 0.0844476
1768 7.06409 4.15788 0.0831474
1769 7.0626 4.15639 0.0875347
1770 7.06433 4.15811 0.0795276
1771 7.06398 4.15777 0.0794317
1772 7.06415 4.15794 0.0834706
1773 7.0642 4.15799 0.0797163
1774 7.06345 4.15724 0.0874826
1775 7.06494 4.15873 0.0940709
1776 7.06593 4.15971 0.0825509
1777 7.0664 4.16019 0.0800163
1778 7.06668 4.16047 0.0793202
1779 7.06649 4.16028 0.0811295
1780 7.06684 4.16062 0.0819302
1781 7.06687 4.16066 0.0863919
1782 7.06705 4.16084 0.0866897
1783 7.06765 4.16143 0.0856893
1784 7.06873 4.16251 0.084343
1785 7.06893 4.16272 0.0843047
1786 7.06835 4.16214 0.082915
1787 7.06835 4.16214 0.0844527
