0 0 -7.40318 22.0213 -7.40318
0 0.22 -9.48045 19.9433 -9.48045
0 0.44 -6.65555 22.781 -6.65555
0 0.66 -6.25074 23.1952 -6.25074
0 0.88 -6.25134 23.2001 -6.25134
0 1.1 -6.25354 23.2006 -6.25354
0 1.32 -6.25489 23.2004 -6.25489
0 1.54 -6.2552 23.2004 -6.2552
0 1.76 -6.25472 23.2013 -6.25472
0 1.98 -6.25477 23.2022 -6.25477
0 2.2 -6.2579 23.2007 -6.2579
0 2.42 -6.26706 23.1934 -6.26706
0 2.64 -6.28672 23.175 -6.28672
0 2.86 -6.32047 23.139 -6.32047
0 3.08 -6.36145 23.0824 -6.36145
0 3.3 -6.36375 23.0212 -6.36375
0 3.52 -6.1923 23.0109 -6.1923
0 3.74 -5.62115 23.0797 -5.62115
0 3.96 -4.56817 22.7893 -4.56817
0 4.18 -3.75232 19.6808 -3.75232
0 4.4 -3.03888 7.82032 -3.03888
0 4.62 9.18325 -3.62133 9.18325
0 4.84 19.5735 -4.47077 19.5735
0 5.06 21.6086 -5.77979 21.6086
0 5.28 21.6031 -6.51664 21.6031
0 5.5 21.5671 -5.67082 21.5671
0 5.72 19.1017 -4.41872 19.1017
0 5.94 7.87065 -3.31714 7.87065
0 6.16 -3.33094 9.17123 -3.33094
0 6.38 -3.76559 20.208 -3.76559
0 6.6 -4.66082 22.8722 -4.66082
0 6.82 -5.68679 23.0792 -5.68679
0 7.04 -6.21923 23.0086 -6.21923
0 7.26 -6.36996 23.024 -6.36996
0 7.48 -6.36231 23.0848 -6.36231
0 7.7 -6.32145 23.1391 -6.32145
0 7.92 -6.28897 23.1731 -6.28897
0 8.14 -6.27105 23.1895 -6.27105
0 8.36 -6.26266 23.1957 -6.26266
0 8.58 -6.26046 23.1965 -6.26046
0 8.8 -6.26117 23.1947 -6.26117
0 9.02 -6.26053 23.1946 -6.26053
0 9.24 -6.25841 23.1955 -6.25841
0 9.46 -6.25136 23.199 -6.25136
0 9.68 -6.23797 23.204 -6.23797
0 9.9 -6.2139 23.2086 -6.2139
0 10.12 -6.16395 23.2177 -6.16395
0 10.34 -3.97088 25.3239 -3.97088
0 10.56 4.61234 33.718 4.61234
0 10.78 -47.1531 -18.7001 -47.1531
0.2 0 -9.09015 20.3324 -9.09015
0.2 0.22 -11.2641 18.1576 -11.2641
0.2 0.44 -8.7124 20.7219 -8.7124
0.2 0.66 -8.34701 21.0965 -8.34701
0.2 0.88 -8.34794 21.1011 -8.34794
0.2 1.1 -8.34975 21.102 -8.34975
0.2 1.32 -8.35093 21.1019 -8.35093
0.2 1.54 -8.35094 21.1022 -8.35094
0.2 1.76 -8.35026 21.1033 -8.35026
0.2 1.98 -8.35011 21.1044 -8.35011
0.2 2.2 -8.3529 21.1032 -8.3529
0.2 2.42 -8.36182 21.0963 -8.36182
0.2 2.64 -8.38114 21.0782 -8.38114
0.2 2.86 -8.41476 21.0425 -8.41476
0.2 3.08 -8.45563 20.986 -8.45563
0.2 3.3 -8.45801 20.9248 -8.45801
0.2 3.52 -8.28637 20.9144 -8.28637
0.2 3.74 -7.71361 20.9839 -7.71361
0.2 3.96 -6.65538 20.696 -6.65538
0.2 4.18 -5.82772 17.5924 -5.82772
0.2 4.4 -5.0857 5.75794 -5.0857
0.2 4.62 7.18114 -5.62049 7.18114
0.2 4.84 17.5949 -6.4509 17.5949
0.2 5.06 19.6272 -7.76373 19.6272
0.2 5.28 19.6183 -8.50405 19.6183
0.2 5.5 19.5866 -7.65441 19.5866
0.2 5.72 17.1254 -6.39877 17.1254
0.2 5.94 5.8734 -5.32116 5.8734
0.2 6.16 -5.3782 7.09768 -5.3782
0.2 6.38 -5.84115 18.1177 -5.84115
0.2 6.6 -6.74616 20.7805 -6.74616
0.2 6.82 -7.77666 20.9859 -7.77666
0.2 7.04 -8.31045 20.9149 -8.31045
0.2 7.26 -8.4613 20.9305 -8.4613
0.2 7.48 -8.45328 20.9917 -8.45328
0.2 7.7 -8.41227 21.046 -8.41227
0.2 7.92 -8.37957 21.0801 -8.37957
0.2 8.14 -8.36163 21.0965 -8.36163
0.2 8.36 -8.35316 21.1028 -8.35316
0.2 8.58 -8.35091 21.1036 -8.35091
0.2 8.8 -8.35162 21.1018 -8.35162
0.2 9.02 -8.35081 21.1019 -8.35081
0.2 9.24 -8.34847 21.1031 -8.34847
0.2 9.46 -8.34127 21.1066 -8.34127
0.2 9.68 -8.32773 21.1118 -8.32773
0.2 9.9 -8.30361 21.1163 -8.30361
0.2 10.12 -8.25775 21.1211 -8.25775
0.2 10.34 -6.11335 23.1781 -6.11335
0.2 10.56 2.4711 31.5719 2.4711
0.2 10.78 -49.3716 -20.9272 -49.3716
0.4 0 -7.90348 21.5191 -7.90348
0.4 0.22 -9.90293 19.519 -9.90293
0.4 0.44 -7.42652 22.0078 -7.42652
0.4 0.66 -7.06906 22.3743 -7.06906
0.4 0.88 -7.06937 22.3794 -7.06937
0.4 1.1 -7.07081 22.3806 -7.07081
0.4 1.32 -7.07179 22.3807 -7.07179
0.4 1.54 -7.07182 22.381 -7.07182
0.4 1.76 -7.07158 22.3816 -7.07158
0.4 1.98 -7.07111 22.3829 -7.07111
0.4 2.2 -7.07382 22.3818 -7.07382
0.4 2.42 -7.08245 22.3751 -7.08245
0.4 2.64 -7.10148 22.3575 -7.10148
0.4 2.86 -7.13421 22.3228 -7.13421
0.4 3.08 -7.17445 22.2674 -7.17445
0.4 3.3 -7.17628 22.2073 -7.17628
0.4 3.52 -7.00561 22.1975 -7.00561
0.4 3.74 -6.43673 22.2668 -6.43673
0.4 3.96 -5.38515 21.9828 -5.38515
0.4 4.18 -4.56054 18.9097 -4.56054
0.4 4.4 -3.85209 7.12675 -3.85209
0.4 4.62 8.39351 -4.32969 8.39351
0.4 4.84 18.8905 -5.14835 18.8905
0.4 5.06 20.9473 -6.44801 20.9473
0.4 5.28 20.9469 -7.1813 20.9469
0.4 5.5 20.911 -6.33589 20.911
0.4 5.72 18.4278 -5.09654 18.4278
0.4 5.94 7.11654 -4.03077 7.11654
0.4 6.16 -4.13365 8.42852 -4.13365
0.4 6.38 -4.574 19.4209 -4.574
0.4 6.6 -5.47807 22.0617 -5.47807
0.4 6.82 -6.50068 22.2668 -6.50068
0.4 7.04 -7.02972 22.1976 -7.02972
0.4 7.26 -7.17935 22.213 -7.17935
0.4 7.48 -7.17161 22.2734 -7.17161
0.4 7.7 -7.1313 22.3267 -7.1313
0.4 7.92 -7.09901 22.3602 -7.09901
0.4 8.14 -7.08192 22.3757 -7.08192
0.4 8.36 -7.07351 22.3819 -7.07351
0.4 8.58 -7.07123 22.383 -7.07123
0.4 8.8 -7.07193 22.3812 -7.07193
0.4 9.02 -7.07102 22.3813 -7.07102
0.4 9.24 -7.06913 22.3821 -7.06913
0.4 9.46 -7.06137 22.3862 -7.06137
0.4 9.68 -7.04829 22.391 -7.04829
0.4 9.9 -7.02443 22.3951 -7.02443
0.4 10.12 -6.97658 22.402 -6.97658
0.4 10.34 -4.83639 24.4549 -4.83639
0.4 10.56 3.58139 32.6821 3.58139
0.4 10.78 -47.7592 -19.3122 -47.7592
0.6 0 -8.25169 21.1696 -8.25169
0.6 0.22 -10.2736 19.147 -10.2736
0.6 0.44 -7.80311 21.6296 -7.80311
0.6 0.66 -7.4449 21.9968 -7.4449
0.6 0.88 -7.44494 22.0021 -7.44494
0.6 1.1 -7.44619 22.0035 -7.44619
0.6 1.32 -7.4473 22.0035 -7.4473
0.6 1.54 -7.4474 22.0036 -7.4474
0.6 1.76 -7.44727 22.0042 -7.44727
0.6 1.98 -7.4469 22.0052 -7.4469
0.6 2.2 -7.44938 22.0043 -7.44938
0.6 2.42 -7.45771 21.9979 -7.45771
0.6 2.64 -7.47635 21.9808 -7.47635
0.6 2.86 -7.50895 21.9465 -7.50895
0.6 3.08 -7.54926 21.8915 -7.54926
0.6 3.3 -7.55223 21.8313 -7.55223
0.6 3.52 -7.38449 21.8208 -7.38449
0.6 3.74 -6.82035 21.8907 -6.82035
0.6 3.96 -5.77112 21.6198 -5.77112
0.6 4.18 -4.9355 18.61 -4.9355
0.6 4.4 -4.27292 6.93835 -4.27292
0.6 4.62 7.8693 -4.6563 7.8693
0.6 4.84 18.4893 -5.49813 18.4893
0.6 5.06 20.6007 -6.78293 20.6007
0.6 5.28 20.6105 -7.51324 20.6105
0.6 5.5 20.5633 -6.67133 20.5633
0.6 5.72 18.0237 -5.44721 18.0237
0.6 5.94 6.60075 -4.34872 6.60075
0.6 6.16 -4.53841 8.21929 -4.53841
0.6 6.38 -4.95184 19.105 -4.95184
0.6 6.6 -5.86362 21.6953 -5.86362
0.6 6.82 -6.88318 21.8906 -6.88318
0.6 7.04 -7.40782 21.8211 -7.40782
0.6 7.26 -7.55499 21.8372 -7.55499
0.6 7.48 -7.54628 21.8976 -7.54628
0.6 7.7 -7.50598 21.9505 -7.50598
0.6 7.92 -7.47388 21.9835 -7.47388
0.6 8.14 -7.45718 21.9984 -7.45718
0.6 8.36 -7.44901 22.0045 -7.44901
0.6 8.58 -7.44689 22.0054 -7.44689
0.6 8.8 -7.44764 22.0037 -7.44764
0.6 9.02 -7.44657 22.0039 -7.44657
0.6 9.24 -7.44441 22.005 -7.44441
0.6 9.46 -7.43667 22.009 -7.43667
0.6 9.68 -7.42352 22.0139 -7.42352
0.6 9.9 -7.39987 22.0178 -7.39987
0.6 10.12 -7.35174 22.0248 -7.35174
0.6 10.34 -5.21053 24.0786 -5.21053
0.6 10.56 3.21134 32.3097 3.21134
0.6 10.78 -48.1926 -19.7491 -48.1926
0.8 0 -8.28142 21.1388 -8.28142
0.8 0.22 -10.3057 19.1138 -10.3057
0.8 0.44 -7.83492 21.5965 -7.83492
0.8 0.66 -7.47647 21.9638 -7.47647
0.8 0.88 -7.47628 21.9694 -7.47628
0.8 1.1 -7.47737 21.9709 -7.47737
0.8 1.32 -7.4785 21.9709 -7.4785
0.8 1.54 -7.47878 21.9709 -7.47878
0.8 1.76 -7.47878 21.9713 -7.47878
0.8 1.98 -7.47844 21.9722 -7.47844
0.8 2.2 -7.48074 21.9714 -7.48074
0.8 2.42 -7.48872 21.9653 -7.48872
0.8 2.64 -7.50695 21.9486 -7.50695
0.8 2.86 -7.53925 21.915 -7.53925
0.8 3.08 -7.57981 21.8606 -7.57981
0.8 3.3 -7.58477 21.8 -7.58477
0.8 3.52 -7.42264 21.7874 -7.42264
0.8 3.74 -6.86819 21.8563 -6.86819
0.8 3.96 -5.82649 21.6013 -5.82649
0.8 4.18 -4.97961 18.6809 -4.97961
0.8 4.4 -4.39065 7.17047 -4.39065
0.8 4.62 7.57203 -4.63705 7.57203
0.8 4.84 18.3876 -5.51281 18.3876
0.8 5.06 20.5927 -6.76866 20.5927
0.8 5.28 20.6209 -7.49222 20.6209
0.8 5.5 20.5526 -6.65734 20.5526
0.8 5.72 17.9097 -5.46405 17.9097
0.8 5.94 6.29974 -4.3102 6.29974
0.8 6.16 -4.63536 8.43774 -4.63536
0.8 6.38 -4.99895 19.1589 -4.99895
0.8 6.6 -5.91924 21.6726 -5.91924
0.8 6.82 -6.93028 21.8555 -6.93028
0.8 7.04 -7.44542 21.7878 -7.44542
0.8 7.26 -7.58733 21.8059 -7.58733
0.8 7.48 -7.57684 21.8666 -7.57684
0.8 7.7 -7.53638 21.9189 -7.53638
0.8 7.92 -7.50469 21.9511 -7.50469
0.8 8.14 -7.48844 21.9656 -7.48844
0.8 8.36 -7.48054 21.9714 -7.48054
0.8 8.58 -7.47851 21.9723 -7.47851
0.8 8.8 -7.47917 21.9708 -7.47917
0.8 9.02 -7.47802 21.9711 -7.47802
0.8 9.24 -7.47572 21.9722 -7.47572
0.8 9.46 -7.46796 21.9761 -7.46796
0.8 9.68 -7.45469 21.9811 -7.45469
0.8 9.9 -7.43107 21.9851 -7.43107
0.8 10.12 -7.38295 21.9921 -7.38295
0.8 10.34 -5.24158 24.0459 -5.24158
0.8 10.56 3.18091 32.2773 3.18091
0.8 10.78 -48.2303 -19.7897 -48.2303
1 0 -8.28246 21.1371 -8.28246
1 0.22 -10.3071 19.1116 -10.3071
1 0.44 -7.83624 21.5945 -7.83624
1 0.66 -7.47771 21.9618 -7.47771
1 0.88 -7.47729 21.9676 -7.47729
1 1.1 -7.47828 21.9692 -7.47828
1 1.32 -7.47943 21.9692 -7.47943
1 1.54 -7.47983 21.9692 -7.47983
1 1.76 -7.47998 21.9694 -7.47998
1 1.98 -7.47971 21.9702 -7.47971
1 2.2 -7.48191 21.9693 -7.48191
1 2.42 -7.48955 21.9634 -7.48955
1 2.64 -7.50727 21.9474 -7.50727
1 2.86 -7.53904 21.9146 -7.53904
1 3.08 -7.57965 21.8609 -7.57965
1 3.3 -7.58679 21.8001 -7.58679
1 3.52 -7.43144 21.7854 -7.43144
1 3.74 -6.88919 21.8535 -6.88919
1 3.96 -5.85706 21.6199 -5.85706
1 4.18 -4.99397 18.8179 -4.99397
1 4.4 -4.49528 7.52757 -4.49528
1 4.62 7.19954 -4.56463 7.19954
1 4.84 18.2723 -5.49947 18.2723
1 5.06 20.6087 -6.71633 20.6087
1 5.28 20.6624 -7.43074 20.6624
1 5.5 20.5634 -6.60523 20.5634
1 5.72 17.7711 -5.45432 17.7711
1 5.94 5.91078 -4.20648 5.91078
1 6.16 -4.71477 8.78921 -4.71477
1 6.38 -5.01688 19.2786 -5.01688
1 6.6 -5.95052 21.6865 -5.95052
1 6.82 -6.95069 21.852 -6.95069
1 7.04 -7.45371 21.7858 -7.45371
1 7.26 -7.58922 21.8059 -7.58922
1 7.48 -7.57679 21.8667 -7.57679
1 7.7 -7.53632 21.9182 -7.53632
1 7.92 -7.50517 21.9497 -7.50517
1 8.14 -7.48942 21.9636 -7.48942
1 8.36 -7.48186 21.9691 -7.48186
1 8.58 -7.4799 21.9701 -7.4799
1 8.8 -7.48045 21.9688 -7.48045
1 9.02 -7.47911 21.9693 -7.47911
1 9.24 -7.47666 21.9705 -7.47666
1 9.46 -7.46887 21.9744 -7.46887
1 9.68 -7.45563 21.9793 -7.45563
1 9.9 -7.43202 21.9832 -7.43202
1 10.12 -7.3839 21.9903 -7.3839
1 10.34 -5.24264 24.044 -5.24264
1 10.56 3.18002 32.2753 3.18002
1 10.78 -48.2316 -19.7929 -48.2316
1.2 0 -8.28137 21.1376 -8.28137
1.2 0.22 -10.3061 19.112 -10.3061
1.2 0.44 -7.8349 21.5951 -7.8349
1.2 0.66 -7.47635 21.9624 -7.47635
1.2 0.88 -7.47589 21.9682 -7.47589
1.2 1.1 -7.4768 21.97 -7.4768
1.2 1.32 -7.47792 21.9701 -7.47792
1.2 1.54 -7.4784 21.9701 -7.4784
1.2 1.76 -7.47868 21.9702 -7.47868
1.2 1.98 -7.47851 21.9708 -7.47851
1.2 2.2 -7.48068 21.9698 -7.48068
1.2 2.42 -7.48808 21.964 -7.48808
1.2 2.64 -7.5053 21.9484 -7.5053
1.2 2.86 -7.53655 21.9164 -7.53655
1.2 3.08 -7.5773 21.8636 -7.5773
1.2 3.3 -7.58688 21.8025 -7.58688
1.2 3.52 -7.43912 21.7859 -7.43912
1.2 3.74 -6.91059 21.8541 -6.91059
1.2 3.96 -5.88877 21.6477 -5.88877
1.2 4.18 -5.00367 18.9913 -5.00367
1.2 4.4 -4.60457 7.98186 -4.60457
1.2 4.62 6.72064 -4.46035 6.72064
1.2 4.84 18.1052 -5.49009 18.1052
1.2 5.06 20.6133 -6.6584 20.6133
1.2 5.28 20.7003 -7.36138 20.7003
1.2 5.5 20.5599 -6.5476 20.5599
1.2 5.72 17.5681 -5.45018 17.5681
1.2 5.94 5.4033 -4.05652 5.4033
1.2 6.16 -4.79489 9.24631 -4.79489
1.2 6.38 -5.03088 19.4347 -5.03088
1.2 6.6 -5.98353 21.7093 -5.98353
1.2 6.82 -6.97173 21.8516 -6.97173
1.2 7.04 -7.46088 21.7862 -7.46088
1.2 7.26 -7.58907 21.8084 -7.58907
1.2 7.48 -7.57437 21.8693 -7.57437
1.2 7.7 -7.53381 21.9201 -7.53381
1.2 7.92 -7.50318 21.9508 -7.50318
1.2 8.14 -7.48794 21.9642 -7.48794
1.2 8.36 -7.48063 21.9696 -7.48063
1.2 8.58 -7.47864 21.9708 -7.47864
1.2 8.8 -7.47908 21.9696 -7.47908
1.2 9.02 -7.47764 21.9702 -7.47764
1.2 9.24 -7.47514 21.9714 -7.47514
1.2 9.46 -7.46738 21.9751 -7.46738
1.2 9.68 -7.4542 21.9799 -7.4542
1.2 9.9 -7.43064 21.9839 -7.43064
1.2 10.12 -7.38249 21.991 -7.38249
1.2 10.34 -5.24116 24.0447 -5.24116
1.2 10.56 3.1818 32.2762 3.1818
1.2 10.78 -48.2302 -19.7929 -48.2302
1.4 0 -8.28026 21.1385 -8.28026
1.4 0.22 -10.3052 19.1126 -10.3052
1.4 0.44 -7.83418 21.5954 -7.83418
1.4 0.66 -7.47572 21.9625 -7.47572
1.4 0.88 -7.47522 21.9683 -7.47522
1.4 1.1 -7.47603 21.9702 -7.47603
1.4 1.32 -7.47708 21.9705 -7.47708
1.4 1.54 -7.47759 21.9706 -7.47759
1.4 1.76 -7.47798 21.9706 -7.47798
1.4 1.98 -7.47794 21.9711 -7.47794
1.4 2.2 -7.48016 21.9699 -7.48016
1.4 2.42 -7.48737 21.9642 -7.48737
1.4 2.64 -7.50418 21.949 -7.50418
1.4 2.86 -7.53503 21.9176 -7.53503
1.4 3.08 -7.57604 21.8654 -7.57604
1.4 3.3 -7.58821 21.8042 -7.58821
1.4 3.52 -7.44829 21.7859 -7.44829
1.4 3.74 -6.93394 21.8557 -6.93394
1.4 3.96 -5.92209 21.6825 -5.92209
1.4 4.18 -5.00914 19.1954 -5.00914
1.4 4.4 -4.71078 8.52669 -4.71078
1.4 4.62 6.13417 -4.3188 6.13417
1.4 4.84 17.8753 -5.49002 17.8753
1.4 5.06 20.5991 -6.5997 20.5991
1.4 5.28 20.7284 -7.28864 20.7284
1.4 5.5 20.5342 -6.48956 20.5342
1.4 5.72 17.289 -5.45705 17.289
1.4 5.94 4.77931 -3.85245 4.77931
1.4 6.16 -4.86842 9.80117 -4.86842
1.4 6.38 -5.04146 19.6214 -5.04146
1.4 6.6 -6.01872 21.7387 -6.01872
1.4 6.82 -6.99496 21.8521 -6.99496
1.4 7.04 -7.46958 21.7862 -7.46958
1.4 7.26 -7.59004 21.8101 -7.59004
1.4 7.48 -7.57286 21.8712 -7.57286
1.4 7.7 -7.53206 21.9214 -7.53206
1.4 7.92 -7.50184 21.9515 -7.50184
1.4 8.14 -7.48706 21.9645 -7.48706
1.4 8.36 -7.48 21.9699 -7.48
1.4 8.58 -7.47795 21.9712 -7.47795
1.4 8.8 -7.4782 21.9703 -7.4782
1.4 9.02 -7.47669 21.9709 -7.47669
1.4 9.24 -7.47423 21.9719 -7.47423
1.4 9.46 -7.46662 21.9754 -7.46662
1.4 9.68 -7.4536 21.9801 -7.4536
1.4 9.9 -7.4301 21.9839 -7.4301
1.4 10.12 -7.38191 21.9911 -7.38191
1.4 10.34 -5.24053 24.0448 -5.24053
1.4 10.56 3.18243 32.2762 3.18243
1.4 10.78 -48.229 -19.7925 -48.229
1.6 0 -8.27941 21.1392 -8.27941
1.6 0.22 -10.3044 19.1133 -10.3044
1.6 0.44 -7.83353 21.5959 -7.83353
1.6 0.66 -7.47505 21.963 -7.47505
1.6 0.88 -7.47456 21.9687 -7.47456
1.6 1.1 -7.47533 21.9707 -7.47533
1.6 1.32 -7.47632 21.9711 -7.47632
1.6 1.54 -7.47679 21.9714 -7.47679
1.6 1.76 -7.47721 21.9715 -7.47721
1.6 1.98 -7.47728 21.9719 -7.47728
1.6 2.2 -7.47958 21.9705 -7.47958
1.6 2.42 -7.48673 21.9648 -7.48673
1.6 2.64 -7.50335 21.9498 -7.50335
1.6 2.86 -7.53405 21.9188 -7.53405
1.6 3.08 -7.57561 21.8669 -7.57561
1.6 3.3 -7.59072 21.8053 -7.59072
1.6 3.52 -7.45893 21.7856 -7.45893
1.6 3.74 -6.95864 21.8585 -6.95864
1.6 3.96 -5.95562 21.7237 -5.95562
1.6 4.18 -5.00932 19.4242 -5.00932
1.6 4.4 -4.80356 9.15183 -4.80356
1.6 4.62 5.44937 -4.1324 5.44937
1.6 4.84 17.5744 -5.50407 17.5744
1.6 5.06 20.5588 -6.54597 20.5588
1.6 5.28 20.7394 -7.21833 20.7394
1.6 5.5 20.4787 -6.43712 20.4787
1.6 5.72 16.926 -5.47942 16.926
1.6 5.94 4.05445 -3.58479 4.05445
1.6 6.16 -4.92589 10.4406 -4.92589
1.6 6.38 -5.04761 19.8325 -5.04761
1.6 6.6 -6.05464 21.7743 -6.05464
1.6 6.82 -7.01976 21.8536 -7.01976
1.6 7.04 -7.47979 21.7857 -7.47979
1.6 7.26 -7.59217 21.8112 -7.59217
1.6 7.48 -7.57216 21.8728 -7.57216
1.6 7.7 -7.53089 21.9227 -7.53089
1.6 7.92 -7.50083 21.9525 -7.50083
1.6 8.14 -7.48627 21.9653 -7.48627
1.6 8.36 -7.47934 21.9706 -7.47934
1.6 8.58 -7.47725 21.972 -7.47725
1.6 8.8 -7.47737 21.9712 -7.47737
1.6 9.02 -7.47581 21.9718 -7.47581
1.6 9.24 -7.4734 21.9727 -7.4734
1.6 9.46 -7.46593 21.976 -7.46593
1.6 9.68 -7.45307 21.9804 -7.45307
1.6 9.9 -7.42959 21.9842 -7.42959
1.6 10.12 -7.38132 21.9915 -7.38132
1.6 10.34 -5.23981 24.0454 -5.23981
1.6 10.56 3.18292 32.2765 3.18292
1.6 10.78 -48.2281 -19.7921 -48.2281
1.8 0 -8.27895 21.1396 -8.27895
1.8 0.22 -10.304 19.1137 -10.304
1.8 0.44 -7.83299 21.5964 -7.83299
1.8 0.66 -7.47455 21.9634 -7.47455
1.8 0.88 -7.47411 21.9691 -7.47411
1.8 1.1 -7.47484 21.9711 -7.47484
1.8 1.32 -7.47572 21.9718 -7.47572
1.8 1.54 -7.47605 21.9722 -7.47605
1.8 1.76 -7.47642 21.9725 -7.47642
1.8 1.98 -7.47656 21.9728 -7.47656
1.8 2.2 -7.47896 21.9714 -7.47896
1.8 2.42 -7.48621 21.9655 -7.48621
1.8 2.64 -7.50289 21.9505 -7.50289
1.8 2.86 -7.5337 21.9197 -7.5337
1.8 3.08 -7.57605 21.8678 -7.57605
1.8 3.3 -7.59417 21.8058 -7.59417
1.8 3.52 -7.46973 21.7856 -7.46973
1.8 3.74 -6.98128 21.8644 -6.98128
1.8 3.96 -5.98371 21.7733 -5.98371
1.8 4.18 -4.99861 19.6729 -4.99861
1.8 4.4 -4.86912 9.83975 -4.86912
1.8 4.62 4.69187 -3.89483 4.69187
1.8 4.84 17.1985 -5.53707 17.1985
1.8 5.06 20.4834 -6.5051 20.4834
1.8 5.28 20.7243 -7.15862 20.7243
1.8 5.5 20.3848 -6.39832 20.3848
1.8 5.72 16.4781 -5.52108 16.4781
1.8 5.94 3.26375 -3.24743 3.26375
1.8 6.16 -4.95504 11.1428 -4.95504
1.8 6.38 -5.0438 20.0625 -5.0438
1.8 6.6 -6.08572 21.8176 -6.08572
1.8 6.82 -7.0429 21.8579 -7.0429
1.8 7.04 -7.49036 21.7854 -7.49036
1.8 7.26 -7.59532 21.8118 -7.59532
1.8 7.48 -7.57241 21.8738 -7.57241
1.8 7.7 -7.53044 21.9236 -7.53044
1.8 7.92 -7.50033 21.9532 -7.50033
1.8 8.14 -7.48575 21.9661 -7.48575
1.8 8.36 -7.47877 21.9714 -7.47877
1.8 8.58 -7.47661 21.9729 -7.47661
1.8 8.8 -7.47665 21.972 -7.47665
1.8 9.02 -7.47508 21.9725 -7.47508
1.8 9.24 -7.47276 21.9733 -7.47276
1.8 9.46 -7.46542 21.9764 -7.46542
1.8 9.68 -7.45267 21.9807 -7.45267
1.8 9.9 -7.42918 21.9846 -7.42918
1.8 10.12 -7.38081 21.992 -7.38081
1.8 10.34 -5.23913 24.0461 -5.23913
1.8 10.56 3.18369 32.2772 3.18369
1.8 10.78 -48.2279 -19.7921 -48.2279
2 0 -8.27825 21.1402 -8.27825
2 0.22 -10.3034 19.1143 -10.3034
2 0.44 -7.83225 21.5972 -7.83225
2 0.66 -7.4737 21.9644 -7.4737
2 0.88 -7.47313 21.9701 -7.47313
2 1.1 -7.47375 21.9723 -7.47375
2 1.32 -7.47448 21.9731 -7.47448
2 1.54 -7.47463 21.9738 -7.47463
2 1.76 -7.4749 21.9742 -7.4749
2 1.98 -7.47506 21.9746 -7.47506
2 2.2 -7.4776 21.9731 -7.4776
2 2.42 -7.48508 21.9671 -7.48508
2 2.64 -7.50206 21.9519 -7.50206
2 2.86 -7.53338 21.9209 -7.53338
2 3.08 -7.57706 21.8686 -7.57706
2 3.3 -7.59825 21.806 -7.59825
2 3.52 -7.47965 21.7864 -7.47965
2 3.74 -6.99914 21.8744 -6.99914
2 3.96 -6.00175 21.8311 -6.00175
2 4.18 -4.97331 19.9307 -4.97331
2 4.4 -4.89637 10.5553 -4.89637
2 4.62 3.91305 -3.60694 3.91305
2 4.84 16.7589 -5.58952 16.7589
2 5.06 20.3687 -6.4839 20.3687
2 5.28 20.6765 -7.11733 20.6765
2 5.5 20.2493 -6.37991 20.2493
2 5.72 15.9627 -5.58077 15.9627
2 5.94 2.46814 -2.84639 2.46814
2 6.16 -4.94759 11.8679 -4.94759
2 6.38 -5.02624 20.3005 -5.02624
2 6.6 -6.10732 21.8687 -6.10732
2 6.82 -7.06176 21.8658 -7.06176
2 7.04 -7.50031 21.7857 -7.50031
2 7.26 -7.5992 21.8118 -7.5992
2 7.48 -7.57326 21.8745 -7.57326
2 7.7 -7.53004 21.9247 -7.53004
2 7.92 -7.49946 21.9546 -7.49946
2 8.14 -7.48461 21.9676 -7.48461
2 8.36 -7.47746 21.9731 -7.47746
2 8.58 -7.47526 21.9745 -7.47526
2 8.8 -7.47528 21.9736 -7.47528
2 9.02 -7.47373 21.9739 -7.47373
2 9.24 -7.47151 21.9745 -7.47151
2 9.46 -7.46426 21.9775 -7.46426
2 9.68 -7.45155 21.9818 -7.45155
2 9.9 -7.42802 21.9858 -7.42802
2 10.12 -7.37961 21.9933 -7.37961
2 10.34 -5.23797 24.0474 -5.23797
2 10.56 3.18465 32.2783 3.18465
2 10.78 -48.2272 -19.7917 -48.2272
2.2 0 -8.27767 21.1406 -8.27767
2.2 0.22 -10.3029 19.1146 -10.3029
2.2 0.44 -7.83156 21.5978 -7.83156
2.2 0.66 -7.47293 21.9651 -7.47293
2.2 0.88 -7.47225 21.9709 -7.47225
2.2 1.1 -7.47274 21.9732 -7.47274
2.2 1.32 -7.47335 21.9741 -7.47335
2.2 1.54 -7.47334 21.9749 -7.47334
2.2 1.76 -7.4735 21.9755 -7.4735
2.2 1.98 -7.47365 21.976 -7.47365
2.2 2.2 -7.47629 21.9746 -7.47629
2.2 2.42 -7.48408 21.9685 -7.48408
2.2 2.64 -7.50159 21.953 -7.50159
2.2 2.86 -7.53389 21.9214 -7.53389
2.2 3.08 -7.57936 21.8682 -7.57936
2.2 3.3 -7.60318 21.805 -7.60318
2.2 3.52 -7.4876 21.788 -7.4876
2.2 3.74 -7.00859 21.8895 -7.00859
2.2 3.96 -6.0033 21.8967 -6.0033
2.2 4.18 -4.92847 20.1822 -4.92847
2.2 4.4 -4.87828 11.241 -4.87828
2.2 4.62 3.19053 -3.28988 3.19053
2.2 4.84 16.2859 -5.65956 16.2859
2.2 5.06 20.2138 -6.49044 20.2138
2.2 5.28 20.5897 -7.10447 20.5897
2.2 5.5 20.0734 -6.38945 20.0734
2.2 5.72 15.4197 -5.65439 15.4197
2.2 5.94 1.75092 -2.41482 1.75092
2.2 6.16 -4.89997 12.5559 -4.89997
2.2 6.38 -4.98964 20.532 -4.98964
2.2 6.6 -6.11304 21.927 -6.11304
2.2 6.82 -7.07283 21.8783 -7.07283
2.2 7.04 -7.5086 21.7866 -7.5086
2.2 7.26 -7.60396 21.8108 -7.60396
2.2 7.48 -7.57531 21.8741 -7.57531
2.2 7.7 -7.53035 21.9252 -7.53035
2.2 7.92 -7.49883 21.9557 -7.49883
2.2 8.14 -7.48348 21.9691 -7.48348
2.2 8.36 -7.47607 21.9747 -7.47607
2.2 8.58 -7.47387 21.976 -7.47387
2.2 8.8 -7.47399 21.9748 -7.47399
2.2 9.02 -7.47258 21.975 -7.47258
2.2 9.24 -7.4705 21.9754 -7.4705
2.2 9.46 -7.4633 21.9783 -7.4633
2.2 9.68 -7.45053 21.9827 -7.45053
2.2 9.9 -7.42692 21.9868 -7.42692
2.2 10.12 -7.37854 21.9944 -7.37854
2.2 10.34 -5.23703 24.0483 -5.23703
2.2 10.56 3.18552 32.2791 3.18552
2.2 10.78 -48.2269 -19.7916 -48.2269
2.4 0 -8.27705 21.1413 -8.27705
2.4 0.22 -10.3026 19.115 -10.3026
2.4 0.44 -7.83153 21.598 -7.83153
2.4 0.66 -7.47304 21.9652 -7.47304
2.4 0.88 -7.47227 21.9712 -7.47227
2.4 1.1 -7.47267 21.9735 -7.47267
2.4 1.32 -7.47319 21.9745 -7.47319
2.4 1.54 -7.47305 21.9754 -7.47305
2.4 1.76 -7.4731 21.9762 -7.4731
2.4 1.98 -7.47321 21.9768 -7.47321
2.4 2.2 -7.47595 21.9755 -7.47595
2.4 2.42 -7.48411 21.9692 -7.48411
2.4 2.64 -7.50239 21.9531 -7.50239
2.4 2.86 -7.5361 21.9205 -7.5361
2.4 3.08 -7.58349 21.866 -7.58349
2.4 3.3 -7.6087 21.8028 -7.6087
2.4 3.52 -7.49146 21.7911 -7.49146
2.4 3.74 -7.00416 21.9111 -7.00416
2.4 3.96 -5.97978 21.9684 -5.97978
2.4 4.18 -4.85834 20.4059 -4.85834
2.4 4.4 -4.81333 11.8129 -4.81333
2.4 4.62 2.6278 -2.99548 2.6278
2.4 4.84 15.8386 -5.73999 15.8386
2.4 5.06 20.0272 -6.53058 20.0272
2.4 5.28 20.4628 -7.12914 20.4628
2.4 5.5 19.8692 -6.43179 19.8692
2.4 5.72 14.9202 -5.73305 14.9202
2.4 5.94 1.21273 -2.02378 1.21273
2.4 6.16 -4.81406 13.1238 -4.81406
2.4 6.38 -4.92741 20.7382 -4.92741
2.4 6.6 -6.09428 21.9916 -6.09428
2.4 6.82 -7.07085 21.8967 -7.07085
2.4 7.04 -7.51325 21.7886 -7.51325
2.4 7.26 -7.60936 21.8086 -7.60936
2.4 7.48 -7.57903 21.8722 -7.57903
2.4 7.7 -7.53217 21.9246 -7.53217
2.4 7.92 -7.49935 21.956 -7.49935
2.4 8.14 -7.48331 21.9699 -7.48331
2.4 8.36 -7.47559 21.9757 -7.47559
2.4 8.58 -7.47335 21.9769 -7.47335
2.4 8.8 -7.47361 21.9755 -7.47361
2.4 9.02 -7.4724 21.9754 -7.4724
2.4 9.24 -7.47053 21.9756 -7.47053
2.4 9.46 -7.4634 21.9785 -7.4634
2.4 9.68 -7.45055 21.9829 -7.45055
2.4 9.9 -7.42685 21.9871 -7.42685
2.4 10.12 -7.3785 21.9947 -7.3785
2.4 10.34 -5.23726 24.0484 -5.23726
2.4 10.56 3.18523 32.2789 3.18523
2.4 10.78 -48.2268 -19.7915 -48.2268
2.6 0 -8.27632 21.1421 -8.27632
2.6 0.22 -10.3021 19.1157 -10.3021
2.6 0.44 -7.83178 21.598 -7.83178
2.6 0.66 -7.47344 21.9651 -7.47344
2.6 0.88 -7.47264 21.9712 -7.47264
2.6 1.1 -7.47302 21.9736 -7.47302
2.6 1.32 -7.47346 21.9746 -7.47346
2.6 1.54 -7.47321 21.9757 -7.47321
2.6 1.76 -7.47317 21.9766 -7.47317
2.6 1.98 -7.47326 21.9773 -7.47326
2.6 2.2 -7.47617 21.9759 -7.47617
2.6 2.42 -7.48485 21.9692 -7.48485
2.6 2.64 -7.5042 21.9523 -7.5042
2.6 2.86 -7.53963 21.9182 -7.53963
2.6 3.08 -7.58878 21.8621 -7.58878
2.6 3.3 -7.61325 21.7998 -7.61325
2.6 3.52 -7.48735 21.797 -7.48735
2.6 3.74 -6.97823 21.9411 -6.97823
2.6 3.96 -5.92073 22.0436 -5.92073
2.6 4.18 -4.75712 20.5719 -4.75712
2.6 4.4 -4.70585 12.1569 -4.70585
2.6 4.62 2.34289 -2.81258 2.34289
2.6 4.84 15.5014 -5.82271 15.5014
2.6 5.06 19.8257 -6.61005 19.8257
2.6 5.28 20.2986 -7.2012 20.2986
2.6 5.5 19.6577 -6.51134 19.6577
2.6 5.72 14.5609 -5.80841 14.5609
2.6 5.94 0.959406 -1.78557 0.959406
2.6 6.16 -4.69703 13.4649 -4.69703
2.6 6.38 -4.83253 20.8938 -4.83253
2.6 6.6 -6.0406 22.0608 -6.0406
2.6 6.82 -7.04858 21.9232 -7.04858
2.6 7.04 -7.51071 21.793 -7.51071
2.6 7.26 -7.61405 21.8054 -7.61405
2.6 7.48 -7.58395 21.8687 -7.58395
2.6 7.7 -7.53528 21.9227 -7.53528
2.6 7.92 -7.50083 21.9555 -7.50083
2.6 8.14 -7.48386 21.9701 -7.48386
2.6 8.36 -7.47571 21.9761 -7.47571
2.6 8.58 -7.47332 21.9774 -7.47332
2.6 8.8 -7.47359 21.976 -7.47359
2.6 9.02 -7.47253 21.9758 -7.47253
2.6 9.24 -7.47084 21.9758 -7.47084
2.6 9.46 -7.46379 21.9786 -7.46379
2.6 9.68 -7.4509 21.983 -7.4509
2.6 9.9 -7.42715 21.9873 -7.42715
2.6 10.12 -7.37881 21.9949 -7.37881
2.6 10.34 -5.23778 24.0483 -5.23778
2.6 10.56 3.18434 32.2783 3.18434
2.6 10.78 -48.2264 -19.7909 -48.2264
2.8 0 -8.2759 21.1425 -8.2759
2.8 0.22 -10.3016 19.1161 -10.3016
2.8 0.44 -7.8308 21.5989 -7.8308
2.8 0.66 -7.47243 21.9661 -7.47243
2.8 0.88 -7.47174 21.9721 -7.47174
2.8 1.1 -7.47215 21.9745 -7.47215
2.8 1.32 -7.47254 21.9756 -7.47254
2.8 1.54 -7.4722 21.9768 -7.4722
2.8 1.76 -7.47212 21.9777 -7.47212
2.8 1.98 -7.47227 21.9784 -7.47227
2.8 2.2 -7.47546 21.9768 -7.47546
2.8 2.42 -7.48485 21.9695 -7.48485
2.8 2.64 -7.50556 21.9514 -7.50556
2.8 2.86 -7.54293 21.9153 -7.54293
2.8 3.08 -7.59325 21.8576 -7.59325
2.8 3.3 -7.61358 21.7975 -7.61358
2.8 3.52 -7.46946 21.808 -7.46946
2.8 3.74 -6.92163 21.981 -6.92163
2.8 3.96 -5.81573 22.1144 -5.81573
2.8 4.18 -4.62319 20.6332 -4.62319
2.8 4.4 -4.56341 12.1205 -4.56341
2.8 4.62 2.46317 -2.84929 2.46317
2.8 4.84 15.3749 -5.8983 15.3749
2.8 5.06 19.6354 -6.73083 19.6354
2.8 5.28 20.1072 -7.32696 20.1072
2.8 5.5 19.4696 -6.6288 19.4696
2.8 5.72 14.4525 -5.87242 14.4525
2.8 5.94 1.10132 -1.83168 1.10132
2.8 6.16 -4.56 13.4397 -4.56
2.8 6.38 -4.70163 20.9595 -4.70163
2.8 6.6 -5.94162 22.1287 -5.94162
2.8 6.82 -6.99736 21.9593 -6.99736
2.8 7.04 -7.49567 21.802 -7.49567
2.8 7.26 -7.61517 21.8027 -7.61517
2.8 7.48 -7.58833 21.8643 -7.58833
2.8 7.7 -7.53831 21.9201 -7.53831
2.8 7.92 -7.50198 21.9547 -7.50198
2.8 8.14 -7.48374 21.9704 -7.48374
2.8 8.36 -7.47493 21.977 -7.47493
2.8 8.58 -7.47222 21.9786 -7.47222
2.8 8.8 -7.47238 21.9773 -7.47238
2.8 9.02 -7.47134 21.977 -7.47134
2.8 9.24 -7.46975 21.977 -7.46975
2.8 9.46 -7.46277 21.9798 -7.46277
2.8 9.68 -7.44989 21.9842 -7.44989
2.8 9.9 -7.42618 21.9884 -7.42618
2.8 10.12 -7.37786 21.9959 -7.37786
2.8 10.34 -5.23661 24.0495 -5.23661
2.8 10.56 3.18571 32.2797 3.18571
2.8 10.78 -48.226 -19.7906 -48.226
3 0 -8.27549 21.1427 -8.27549
3 0.22 -10.3012 19.1162 -10.3012
3 0.44 -7.83021 21.5992 -7.83021
3 0.66 -7.47186 21.9664 -7.47186
3 0.88 -7.47123 21.9724 -7.47123
3 1.1 -7.47167 21.9748 -7.47167
3 1.32 -7.47203 21.9759 -7.47203
3 1.54 -7.47166 21.9771 -7.47166
3 1.76 -7.47161 21.9779 -7.47161
3 1.98 -7.47192 21.9784 -7.47192
3 2.2 -7.47554 21.9764 -7.47554
3 2.42 -7.48587 21.9683 -7.48587
3 2.64 -7.50819 21.9486 -7.50819
3 2.86 -7.54754 21.9102 -7.54754
3 3.08 -7.5978 21.8509 -7.5978
3 3.3 -7.6089 21.7949 -7.6089
3 3.52 -7.43382 21.8236 -7.43382
3 3.74 -6.82696 22.0276 -6.82696
3 3.96 -5.65825 22.1619 -5.65825
3 4.18 -4.46489 20.5107 -4.46489
3 4.4 -4.38509 11.5021 -4.38509
3 4.62 3.1235 -3.18594 3.1235
3 4.84 15.5431 -5.96443 15.5431
3 5.06 19.4805 -6.89774 19.4805
3 5.28 19.8986 -7.51437 19.8986
3 5.5 19.3319 -6.78822 19.3319
3 5.72 14.6847 -5.92385 14.6847
3 5.94 1.76178 -2.26008 1.76178
3 6.16 -4.40986 12.863 -4.40986
3 6.38 -4.5406 20.8678 -4.5406
3 6.6 -5.79064 22.1794 -5.79064
3 6.82 -6.91033 22.0026 -6.91033
3 7.04 -7.46469 21.8148 -7.46469
3 7.26 -7.61222 21.7991 -7.61222
3 7.48 -7.5932 21.8575 -7.5932
3 7.7 -7.54283 21.9151 -7.54283
3 7.92 -7.50449 21.952 -7.50449
3 8.14 -7.48465 21.9692 -7.48465
3 8.36 -7.4749 21.9767 -7.4749
3 8.58 -7.47172 21.9787 -7.47172
3 8.8 -7.47166 21.9777 -7.47166
3 9.02 -7.47054 21.9776 -7.47054
3 9.24 -7.46897 21.9775 -7.46897
3 9.46 -7.46204 21.9803 -7.46204
3 9.68 -7.44923 21.9847 -7.44923
3 9.9 -7.42557 21.9888 -7.42557
3 10.12 -7.37727 21.9962 -7.37727
3 10.34 -5.23591 24.0498 -5.23591
3 10.56 3.18664 32.2803 3.18664
3 10.78 -48.2255 -19.7904 -48.2255
3.2 0 -8.27533 21.1428 -8.27533
3.2 0.22 -10.3012 19.1161 -10.3012
3.2 0.44 -7.83027 21.599 -7.83027
3.2 0.66 -7.47207 21.966 -7.47207
3.2 0.88 -7.47153 21.972 -7.47153
3.2 1.1 -7.47198 21.9743 -7.47198
3.2 1.32 -7.47233 21.9755 -7.47233
3.2 1.54 -7.47198 21.9766 -7.47198
3.2 1.76 -7.47205 21.9773 -7.47205
3.2 1.98 -7.47264 21.9775 -7.47264
3.2 2.2 -7.47684 21.975 -7.47684
3.2 2.42 -7.48831 21.9657 -7.48831
3.2 2.64 -7.5124 21.9441 -7.5124
3.2 2.86 -7.55337 21.903 -7.55337
3.2 3.08 -7.60134 21.8424 -7.60134
3.2 3.3 -7.59606 21.793 -7.59606
3.2 3.52 -7.37453 21.844 -7.37453
3.2 3.74 -6.6876 22.0737 -6.6876
3.2 3.96 -5.44936 22.1481 -5.44936
3.2 4.18 -4.30964 20.0657 -4.30964
3.2 4.4 -4.12992 10.0428 -4.12992
3.2 4.62 4.46771 -3.79864 4.46771
3.2 4.84 16.0416 -6.02316 16.0416
3.2 5.06 19.3775 -7.11355 19.3775
3.2 5.28 19.6837 -7.76586 19.6837
3.2 5.5 19.2611 -6.99271 19.2611
3.2 5.72 15.293 -5.96387 15.293
3.2 5.94 3.08984 -3.05101 3.08984
3.2 6.16 -4.22524 11.4882 -4.22524
3.2 6.38 -4.3729 20.4991 -4.3729
3.2 6.6 -5.58748 22.1809 -5.58748
3.2 6.82 -6.78096 22.0471 -6.78096
3.2 7.04 -7.41218 21.8323 -7.41218
3.2 7.26 -7.60222 21.7959 -7.60222
3.2 7.48 -7.59744 21.8489 -7.59744
3.2 7.7 -7.54862 21.908 -7.54862
3.2 7.92 -7.50851 21.9476 -7.50851
3.2 8.14 -7.48692 21.9668 -7.48692
3.2 8.36 -7.47604 21.9753 -7.47604
3.2 8.58 -7.47229 21.9779 -7.47229
3.2 8.8 -7.47197 21.9772 -7.47197
3.2 9.02 -7.47072 21.9773 -7.47072
3.2 9.24 -7.46909 21.9774 -7.46909
3.2 9.46 -7.46218 21.9801 -7.46218
3.2 9.68 -7.44944 21.9844 -7.44944
3.2 9.9 -7.42586 21.9884 -7.42586
3.2 10.12 -7.37763 21.9956 -7.37763
3.2 10.34 -5.23625 24.0492 -5.23625
3.2 10.56 3.1865 32.2799 3.1865
3.2 10.78 -48.2255 -19.7905 -48.2255
3.4 0 -8.2756 21.1426 -8.2756
3.4 0.22 -10.3015 19.116 -10.3015
3.4 0.44 -7.83062 21.5988 -7.83062
3.4 0.66 -7.47238 21.9659 -7.47238
3.4 0.88 -7.47188 21.9717 -7.47188
3.4 1.1 -7.47237 21.9741 -7.47237
3.4 1.32 -7.47275 21.9752 -7.47275
3.4 1.54 -7.47248 21.9762 -7.47248
3.4 1.76 -7.47274 21.9767 -7.47274
3.4 1.98 -7.47373 21.9765 -7.47373
3.4 2.2 -7.47869 21.9732 -7.47869
3.4 2.42 -7.49149 21.9626 -7.49149
3.4 2.64 -7.51739 21.9386 -7.51739
3.4 2.86 -7.55928 21.8945 -7.55928
3.4 3.08 -7.60192 21.8331 -7.60192
3.4 3.3 -7.5719 21.792 -7.5719
3.4 3.52 -7.28814 21.8654 -7.28814
3.4 3.74 -6.50451 22.0991 -6.50451
3.4 3.96 -5.20787 21.9995 -5.20787
3.4 4.18 -4.2139 19.0622 -4.2139
3.4 4.4 -3.63758 7.48371 -3.63758
3.4 4.62 6.60531 -4.50856 6.60531
3.4 4.84 16.8231 -6.08872 16.8231
3.4 5.06 19.3217 -7.38513 19.3217
3.4 5.28 19.4668 -8.08293 19.4668
3.4 5.5 19.2489 -7.25056 19.2489
3.4 5.72 16.2218 -6.00386 16.2218
3.4 5.94 5.22582 -4.00188 5.22582
3.4 6.16 -3.89011 9.0353 -3.89011
3.4 6.38 -4.25086 19.6442 -4.25086
3.4 6.6 -5.34781 22.0692 -5.34781
3.4 6.82 -6.60949 22.0756 -6.60949
3.4 7.04 -7.33465 21.851 -7.33465
3.4 7.26 -7.58207 21.7934 -7.58207
3.4 7.48 -7.59911 21.8394 -7.59911
3.4 7.7 -7.55454 21.8998 -7.55454
3.4 7.92 -7.51329 21.9424 -7.51329
3.4 8.14 -7.48991 21.9638 -7.48991
3.4 8.36 -7.47778 21.9737 -7.47778
3.4 8.58 -7.47336 21.977 -7.47336
3.4 8.8 -7.47273 21.9766 -7.47273
3.4 9.02 -7.47131 21.9769 -7.47131
3.4 9.24 -7.46959 21.9771 -7.46959
3.4 9.46 -7.46268 21.9798 -7.46268
3.4 9.68 -7.44998 21.9841 -7.44998
3.4 9.9 -7.42642 21.9879 -7.42642
3.4 10.12 -7.37814 21.9951 -7.37814
3.4 10.34 -5.2366 24.0488 -5.2366
3.4 10.56 3.18605 32.2795 3.18605
3.4 10.78 -48.2255 -19.7904 -48.2255
3.6 0 -8.27619 21.1423 -8.27619
3.6 0.22 -10.3021 19.1157 -10.3021
3.6 0.44 -7.83109 21.5987 -7.83109
3.6 0.66 -7.4728 21.9657 -7.4728
3.6 0.88 -7.47235 21.9715 -7.47235
3.6 1.1 -7.4729 21.9738 -7.4729
3.6 1.32 -7.47335 21.9749 -7.47335
3.6 1.54 -7.4732 21.9758 -7.4732
3.6 1.76 -7.47369 21.9761 -7.47369
3.6 1.98 -7.47515 21.9754 -7.47515
3.6 2.2 -7.48098 21.9712 -7.48098
3.6 2.42 -7.49517 21.9589 -7.49517
3.6 2.64 -7.52266 21.9322 -7.52266
3.6 2.86 -7.56429 21.8852 -7.56429
3.6 3.08 -7.59788 21.8233 -7.59788
3.6 3.3 -7.53452 21.7907 -7.53452
3.6 3.52 -7.17527 21.8791 -7.17527
3.6 3.74 -6.28896 22.0696 -6.28896
3.6 3.96 -4.97702 21.595 -4.97702
3.6 4.18 -4.24651 17.1572 -4.24651
3.6 4.4 -2.4838 3.84246 -2.4838
3.6 4.62 9.4882 -5.04344 9.4882
3.6 4.84 17.7535 -6.19021 17.7535
3.6 5.06 19.288 -7.71901 19.288
3.6 5.28 19.2441 -8.46405 19.2441
3.6 5.5 19.2643 -7.57029 19.2643
3.6 5.72 17.3215 -6.07124 17.3215
3.6 5.94 8.17567 -4.77836 8.17567
3.6 6.16 -3.04978 5.4039 -3.04978
3.6 6.38 -4.24939 17.9835 -4.24939
3.6 6.6 -5.10922 21.7388 -5.10922
3.6 6.82 -6.40536 22.0583 -6.40536
3.6 7.04 -7.23223 21.8639 -7.23223
3.6 7.26 -7.54988 21.791 -7.54988
3.6 7.48 -7.59665 21.8295 -7.59665
3.6 7.7 -7.55969 21.8909 -7.55969
3.6 7.92 -7.51839 21.9365 -7.51839
3.6 8.14 -7.49341 21.9604 -7.49341
3.6 8.36 -7.47995 21.9719 -7.47995
3.6 8.58 -7.47475 21.976 -7.47475
3.6 8.8 -7.47373 21.976 -7.47373
3.6 9.02 -7.47211 21.9764 -7.47211
3.6 9.24 -7.4703 21.9767 -7.4703
3.6 9.46 -7.46337 21.9795 -7.46337
3.6 9.68 -7.45069 21.9836 -7.45069
3.6 9.9 -7.42713 21.9874 -7.42713
3.6 10.12 -7.37878 21.9946 -7.37878
3.6 10.34 -5.23706 24.0485 -5.23706
3.6 10.56 3.18571 32.2793 3.18571
3.6 10.78 -48.2258 -19.7904 -48.2258
3.8 0 -8.27663 21.1422 -8.27663
3.8 0.22 -10.3025 19.1155 -10.3025
3.8 0.44 -7.83143 21.5985 -7.83143
3.8 0.66 -7.47307 21.9656 -7.47307
3.8 0.88 -7.47264 21.9713 -7.47264
3.8 1.1 -7.47326 21.9736 -7.47326
3.8 1.32 -7.47379 21.9746 -7.47379
3.8 1.54 -7.47377 21.9754 -7.47377
3.8 1.76 -7.47451 21.9755 -7.47451
3.8 1.98 -7.47643 21.9743 -7.47643
3.8 2.2 -7.48308 21.9691 -7.48308
3.8 2.42 -7.49848 21.9551 -7.49848
3.8 2.64 -7.52697 21.9259 -7.52697
3.8 2.86 -7.56671 21.8759 -7.56671
3.8 3.08 -7.58746 21.8137 -7.58746
3.8 3.3 -7.48387 21.787 -7.48387
3.8 3.52 -7.04276 21.8716 -7.04276
3.8 3.74 -6.06687 21.9349 -6.06687
3.8 3.96 -4.82763 20.7615 -4.82763
3.8 4.18 -4.38488 14.0184 -4.38488
3.8 4.4 0.00565712 -0.100037 0.00565712
3.8 4.62 12.7637 -5.24237 12.7637
3.8 4.84 18.6601 -6.35865 18.6601
3.8 5.06 19.2484 -8.1102 19.2484
3.8 5.28 19.0169 -8.89403 19.0169
3.8 5.5 19.2731 -7.9488 19.2731
3.8 5.72 18.3987 -6.19959 18.3987
3.8 5.94 11.6365 -5.1383 11.6365
3.8 6.16 -1.02529 1.18196 -1.02529
3.8 6.38 -4.39131 15.1689 -4.39131
3.8 6.6 -4.93593 21.0375 -4.93593
3.8 6.82 -6.19154 21.9513 -6.19154
3.8 7.04 -7.11082 21.8592 -7.11082
3.8 7.26 -7.50543 21.7867 -7.50543
3.8 7.48 -7.58848 21.8199 -7.58848
3.8 7.7 -7.56263 21.8819 -7.56263
3.8 7.92 -7.5227 21.9304 -7.5227
3.8 8.14 -7.49661 21.9568 -7.49661
3.8 8.36 -7.48193 21.9699 -7.48193
3.8 8.58 -7.47593 21.9749 -7.47593
3.8 8.8 -7.47447 21.9754 -7.47447
3.8 9.02 -7.47264 21.9761 -7.47264
3.8 9.24 -7.47076 21.9764 -7.47076
3.8 9.46 -7.46383 21.9792 -7.46383
3.8 9.68 -7.45116 21.9833 -7.45116
3.8 9.9 -7.4276 21.987 -7.4276
3.8 10.12 -7.37921 21.9942 -7.37921
3.8 10.34 -5.23736 24.0482 -5.23736
3.8 10.56 3.18542 32.2791 3.18542
3.8 10.78 -48.2259 -19.7904 -48.2259
4 0 -8.2766 21.1425 -8.2766
4 0.22 -10.3026 19.1158 -10.3026
4 0.44 -7.83137 21.5988 -7.83137
4 0.66 -7.47301 21.9658 -7.47301
4 0.88 -7.47259 21.9716 -7.47259
4 1.1 -7.47322 21.9738 -7.47322
4 1.32 -7.47383 21.9748 -7.47383
4 1.54 -7.47394 21.9755 -7.47394
4 1.76 -7.47489 21.9753 -7.47489
4 1.98 -7.4772 21.9737 -7.4772
4 2.2 -7.48452 21.9677 -7.48452
4 2.42 -7.50078 21.9522 -7.50078
4 2.64 -7.5295 21.9207 -7.5295
4 2.86 -7.56583 21.8681 -7.56583
4 3.08 -7.57115 21.8048 -7.57115
4 3.3 -7.42488 21.777 -7.42488
4 3.52 -6.907 21.8255 -6.907
4 3.74 -5.87953 21.6354 -5.87953
4 3.96 -4.83775 19.309 -4.83775
4 4.18 -4.30617 9.66467 -4.30617
4 4.4 4.06009 -3.0087 4.06009
4 4.62 15.8341 -5.20348 15.8341
4 4.84 19.4038 -6.60543 19.4038
4 5.06 19.1935 -8.53164 19.1935
4 5.28 18.7956 -9.34761 18.7956
4 5.5 19.2606 -8.36056 19.2606
4 5.72 19.2931 -6.40763 19.2931
4 5.94 14.9938 -5.14265 14.9938
4 6.16 2.64357 -2.25886 2.64357
4 6.38 -4.45751 11.1298 -4.45751
4 6.6 -4.90366 19.7979 -4.90366
4 6.82 -6.00518 21.7035 -6.00518
4 7.04 -6.98509 21.8219 -6.98509
4 7.26 -7.45298 21.7773 -7.45298
4 7.48 -7.57484 21.8111 -7.57484
4 7.7 -7.56249 21.8744 -7.56249
4 7.92 -7.52531 21.9253 -7.52531
4 8.14 -7.49876 21.954 -7.49876
4 8.36 -7.48317 21.9686 -7.48317
4 8.58 -7.47648 21.9745 -7.47648
4 8.8 -7.47464 21.9754 -7.47464
4 9.02 -7.47263 21.9763 -7.47263
4 9.24 -7.4707 21.9767 -7.4707
4 9.46 -7.46378 21.9794 -7.46378
4 9.68 -7.45112 21.9835 -7.45112
4 9.9 -7.42756 21.9872 -7.42756
4 10.12 -7.37924 21.9943 -7.37924
4 10.34 -5.23738 24.0483 -5.23738
4 10.56 3.18559 32.2793 3.18559
4 10.78 -48.2258 -19.7901 -48.2258
4.2 0 -8.27621 21.1433 -8.27621
4.2 0.22 -10.3023 19.1164 -10.3023
4.2 0.44 -7.83127 21.5994 -7.83127
4.2 0.66 -7.47294 21.9664 -7.47294
4.2 0.88 -7.47248 21.9723 -7.47248
4.2 1.1 -7.47305 21.9746 -7.47305
4.2 1.32 -7.47368 21.9755 -7.47368
4.2 1.54 -7.47389 21.9761 -7.47389
4.2 1.76 -7.47503 21.9757 -7.47503
4.2 1.98 -7.47765 21.9738 -7.47765
4.2 2.2 -7.48545 21.967 -7.48545
4.2 2.42 -7.50219 21.9503 -7.50219
4.2 2.64 -7.53052 21.9169 -7.53052
4.2 2.86 -7.56263 21.8618 -7.56263
4.2 3.08 -7.55244 21.7952 -7.55244
4.2 3.3 -7.36775 21.7554 -7.36775
4.2 3.52 -6.79204 21.7258 -6.79204
4.2 3.74 -5.77474 21.1279 -5.77474
4.2 3.96 -5.0374 17.1521 -5.0374
4.2 4.18 -3.36316 4.83234 -3.36316
4.2 4.4 8.80853 -4.29859 8.80853
4.2 4.62 18.242 -5.12459 18.242
4.2 4.84 19.9519 -6.88751 19.9519
4.2 5.06 19.1569 -8.91951 19.1569
4.2 5.28 18.6445 -9.73588 18.6445
4.2 5.5 19.2561 -8.74312 19.2561
4.2 5.72 19.9554 -6.6606 19.9554
4.2 5.94 17.694 -5.03177 17.694
4.2 6.16 7.29681 -4.0167 7.29681
4.2 6.38 -3.90037 6.44631 -3.90037
4.2 6.6 -5.05506 17.9364 -5.05506
4.2 6.82 -5.88997 21.2781 -5.88997
4.2 7.04 -6.87692 21.7388 -6.87692
4.2 7.26 -7.40159 21.7585 -7.40159
4.2 7.48 -7.55871 21.8021 -7.55871
4.2 7.7 -7.56009 21.8684 -7.56009
4.2 7.92 -7.52646 21.9218 -7.52646
4.2 8.14 -7.50008 21.9523 -7.50008
4.2 8.36 -7.48396 21.9681 -7.48396
4.2 8.58 -7.47678 21.9746 -7.47678
4.2 8.8 -7.47465 21.9759 -7.47465
4.2 9.02 -7.47249 21.9769 -7.47249
4.2 9.24 -7.47052 21.9774 -7.47052
4.2 9.46 -7.46357 21.9801 -7.46357
4.2 9.68 -7.45089 21.9842 -7.45089
4.2 9.9 -7.42733 21.988 -7.42733
4.2 10.12 -7.37911 21.995 -7.37911
4.2 10.34 -5.23738 24.0488 -5.23738
4.2 10.56 3.18554 32.2798 3.18554
4.2 10.78 -48.2254 -19.7895 -48.2254
4.4 0 -8.27592 21.1438 -8.27592
4.4 0.22 -10.3021 19.1169 -10.3021
4.4 0.44 -7.83084 21.6 -7.83084
4.4 0.66 -7.47258 21.9669 -7.47258
4.4 0.88 -7.47211 21.9728 -7.47211
4.4 1.1 -7.47265 21.9751 -7.47265
4.4 1.32 -7.47327 21.976 -7.47327
4.4 1.54 -7.47354 21.9765 -7.47354
4.4 1.76 -7.47479 21.976 -7.47479
4.4 1.98 -7.4776 21.9738 -7.4776
4.4 2.2 -7.48559 21.9666 -7.48559
4.4 2.42 -7.5023 21.9491 -7.5023
4.4 2.64 -7.52951 21.9145 -7.52951
4.4 2.86 -7.55699 21.8574 -7.55699
4.4 3.08 -7.53351 21.7855 -7.53351
4.4 3.3 -7.32116 21.7225 -7.32116
4.4 3.52 -6.71796 21.5768 -6.71796
4.4 3.74 -5.78008 20.444 -5.78008
4.4 3.96 -5.33683 14.5434 -5.33683
4.4 4.18 -1.1993 0.829873 -1.1993
4.4 4.4 13.0158 -4.47234 13.0158
4.4 4.62 19.9215 -5.07089 19.9215
4.4 4.84 20.3869 -7.09679 20.3869
4.4 5.06 19.2378 -9.15172 19.2378
4.4 5.28 18.6601 -9.95264 18.6601
4.4 5.5 19.356 -8.97584 19.356
4.4 5.72 20.4634 -6.85472 20.4634
4.4 5.94 19.5941 -4.93133 19.5941
4.4 6.16 11.627 -4.43576 11.627
4.4 6.38 -2.3002 2.29681 -2.3002
4.4 6.6 -5.33695 15.6432 -5.33695
4.4 6.82 -5.87334 20.7007 -5.87334
4.4 7.04 -6.80465 21.6133 -6.80465
4.4 7.26 -7.35885 21.7305 -7.35885
4.4 7.48 -7.54187 21.7935 -7.54187
4.4 7.7 -7.55528 21.8643 -7.55528
4.4 7.92 -7.52573 21.9195 -7.52573
4.4 8.14 -7.5003 21.9512 -7.5003
4.4 8.36 -7.48418 21.9676 -7.48418
4.4 8.58 -7.47678 21.9746 -7.47678
4.4 8.8 -7.47443 21.9761 -7.47443
4.4 9.02 -7.47215 21.9773 -7.47215
4.4 9.24 -7.4701 21.9778 -7.4701
4.4 9.46 -7.46307 21.9807 -7.46307
4.4 9.68 -7.45036 21.9848 -7.45036
4.4 9.9 -7.42681 21.9886 -7.42681
4.4 10.12 -7.37866 21.9956 -7.37866
4.4 10.34 -5.23698 24.0493 -5.23698
4.4 10.56 3.18619 32.2804 3.18619
4.4 10.78 -48.2251 -19.7891 -48.2251
4.6 0 -8.27557 21.1443 -8.27557
4.6 0.22 -10.3019 19.1172 -10.3019
4.6 0.44 -7.83048 21.6004 -7.83048
4.6 0.66 -7.47233 21.9672 -7.47233
4.6 0.88 -7.4719 21.973 -7.4719
4.6 1.1 -7.47242 21.9754 -7.47242
4.6 1.32 -7.47303 21.9762 -7.47303
4.6 1.54 -7.47332 21.9767 -7.47332
4.6 1.76 -7.47463 21.9761 -7.47463
4.6 1.98 -7.47752 21.9737 -7.47752
4.6 2.2 -7.48546 21.9663 -7.48546
4.6 2.42 -7.50174 21.9486 -7.50174
4.6 2.64 -7.5275 21.9135 -7.5275
4.6 2.86 -7.55125 21.8549 -7.55125
4.6 3.08 -7.51998 21.7763 -7.51998
4.6 3.3 -7.29719 21.683 -7.29719
4.6 3.52 -6.70259 21.4076 -6.70259
4.6 3.74 -5.89064 19.734 -5.89064
4.6 3.96 -5.59404 12.1554 -5.59404
4.6 4.18 1.41818 -1.4977 1.41818
4.6 4.4 15.9805 -4.22171 15.9805
4.6 4.62 21.0555 -4.96365 21.0555
4.6 4.84 20.8526 -7.08375 20.8526
4.6 5.06 19.5724 -9.06738 19.5724
4.6 5.28 18.991 -9.82162 18.991
4.6 5.5 19.6947 -8.89984 19.6947
4.6 5.72 20.9643 -6.84205 20.9643
4.6 5.94 20.8611 -4.79399 20.8611
4.6 6.16 14.7686 -4.2682 14.7686
4.6 6.38 -0.157495 -0.352263 -0.157495
4.6 6.6 -5.63134 13.4849 -5.63134
4.6 6.82 -5.95768 20.0939 -5.95768
4.6 7.04 -6.78591 21.4688 -6.78591
4.6 7.26 -7.33601 21.6968 -7.33601
4.6 7.48 -7.52949 21.7856 -7.52949
4.6 7.7 -7.55023 21.862 -7.55023
4.6 7.92 -7.52414 21.9185 -7.52414
4.6 8.14 -7.50004 21.9505 -7.50004
4.6 8.36 -7.48428 21.9671 -7.48428
4.6 8.58 -7.47685 21.9743 -7.47685
4.6 8.8 -7.4744 21.976 -7.4744
4.6 9.02 -7.47203 21.9773 -7.47203
4.6 9.24 -7.46988 21.978 -7.46988
4.6 9.46 -7.46278 21.9809 -7.46278
4.6 9.68 -7.45005 21.9851 -7.45005
4.6 9.9 -7.42651 21.9889 -7.42651
4.6 10.12 -7.37842 21.9959 -7.37842
4.6 10.34 -5.23686 24.0494 -5.23686
4.6 10.56 3.18645 32.2807 3.18645
4.6 10.78 -48.2252 -19.7893 -48.2252
4.8 0 -8.27479 21.1451 -8.27479
4.8 0.22 -10.301 19.1182 -10.301
4.8 0.44 -7.82929 21.6018 -7.82929
4.8 0.66 -7.47086 21.969 -7.47086
4.8 0.88 -7.47032 21.9749 -7.47032
4.8 1.1 -7.47079 21.9773 -7.47079
4.8 1.32 -7.4714 21.9781 -7.4714
4.8 1.54 -7.47172 21.9785 -7.47172
4.8 1.76 -7.47306 21.9778 -7.47306
4.8 1.98 -7.47589 21.9754 -7.47589
4.8 2.2 -7.48353 21.9681 -7.48353
4.8 2.42 -7.49894 21.9508 -7.49894
4.8 2.64 -7.52302 21.9163 -7.52302
4.8 2.86 -7.54433 21.8575 -7.54433
4.8 3.08 -7.51209 21.773 -7.51209
4.8 3.3 -7.29804 21.6517 -7.29804
4.8 3.52 -6.74353 21.2749 -6.74353
4.8 3.74 -6.05721 19.2466 -6.05721
4.8 3.96 -5.80022 10.765 -5.80022
4.8 4.18 3.01734 -2.35546 3.01734
4.8 4.4 17.5456 -3.90665 17.5456
4.8 4.62 21.852 -4.67548 21.852
4.8 4.84 21.4798 -6.7027 21.4798
4.8 5.06 20.2775 -8.51207 20.2775
4.8 5.28 19.7535 -9.18537 19.7535
4.8 5.5 20.389 -8.36192 20.389
4.8 5.72 21.5931 -6.47783 21.5931
4.8 5.94 21.7099 -4.50357 21.7099
4.8 6.16 16.4376 -3.97898 16.4376
4.8 6.38 1.2175 -1.4372 1.2175
4.8 6.6 -5.883 12.1879 -5.883
4.8 6.82 -6.10405 19.6682 -6.10405
4.8 7.04 -6.81997 21.3538 -6.81997
4.8 7.26 -7.33512 21.6705 -7.33512
4.8 7.48 -7.52156 21.7835 -7.52156
4.8 7.7 -7.54364 21.8647 -7.54364
4.8 7.92 -7.51993 21.9212 -7.51993
4.8 8.14 -7.49743 21.9526 -7.49743
4.8 8.36 -7.48245 21.9688 -7.48245
4.8 8.58 -7.47531 21.976 -7.47531
4.8 8.8 -7.47295 21.9776 -7.47295
4.8 9.02 -7.47058 21.979 -7.47058
4.8 9.24 -7.46838 21.9797 -7.46838
4.8 9.46 -7.46122 21.9826 -7.46122
4.8 9.68 -7.44847 21.9869 -7.44847
4.8 9.9 -7.42486 21.9908 -7.42486
4.8 10.12 -7.37674 21.9979 -7.37674
4.8 10.34 -5.23524 24.0514 -5.23524
4.8 10.56 3.18776 32.2824 3.18776
4.8 10.78 -48.2245 -19.7886 -48.2245
5 0 -8.27429 21.1457 -8.27429
5 0.22 -10.3007 19.1187 -10.3007
5 0.44 -7.82936 21.602 -7.82936
5 0.66 -7.47094 21.9693 -7.47094
5 0.88 -7.47031 21.9753 -7.47031
5 1.1 -7.47078 21.9776 -7.47078
5 1.32 -7.47143 21.9784 -7.47143
5 1.54 -7.4718 21.9787 -7.4718
5 1.76 -7.47311 21.978 -7.47311
5 1.98 -7.47574 21.9757 -7.47574
5 2.2 -7.48277 21.9688 -7.48277
5 2.42 -7.49691 21.9526 -7.49691
5 2.64 -7.51905 21.92 -7.51905
5 2.86 -7.53914 21.863 -7.53914
5 3.08 -7.51226 21.7762 -7.51226
5 3.3 -7.32413 21.6387 -7.32413
5 3.52 -6.83202 21.2258 -6.83202
5 3.74 -6.23282 19.1835 -6.23282
5 3.96 -6.06477 10.8594 -6.06477
5 4.18 2.47821 -2.19385 2.47821
5 4.4 17.5934 -3.66975 17.5934
5 4.62 22.3623 -4.13965 22.3623
5 4.84 22.2922 -5.88165 22.2922
5 5.06 21.3551 -7.42414 21.3551
5 5.28 20.9405 -7.98787 20.9405
5 5.5 21.443 -7.29885 21.443
5 5.72 22.3763 -5.68897 22.3763
5 5.94 22.192 -3.99785 22.192
5 6.16 16.4409 -3.77264 16.4409
5 6.38 0.702379 -1.27062 0.702379
5 6.6 -6.13261 12.2452 -6.13261
5 6.82 -6.27159 19.5977 -6.27159
5 7.04 -6.90002 21.3081 -6.90002
5 7.26 -7.35694 21.66 -7.35694
5 7.48 -7.52048 21.7873 -7.52048
5 7.7 -7.53835 21.8703 -7.53835
5 7.92 -7.51607 21.9249 -7.51607
5 8.14 -7.49549 21.9544 -7.49549
5 8.36 -7.48175 21.9696 -7.48175
5 8.58 -7.47525 21.9762 -7.47525
5 8.8 -7.47318 21.9777 -7.47318
5 9.02 -7.47089 21.979 -7.47089
5 9.24 -7.46866 21.9797 -7.46866
5 9.46 -7.46146 21.9827 -7.46146
5 9.68 -7.44863 21.987 -7.44863
5 9.9 -7.42489 21.9911 -7.42489
5 10.12 -7.3767 21.9982 -7.3767
5 10.34 -5.23547 24.0515 -5.23547
5 10.56 3.18724 32.2821 3.18724
5 10.78 -48.2244 -19.7883 -48.2244
5.2 0 -8.27415 21.1459 -8.27415
5.2 0.22 -10.3006 19.1188 -10.3006
5.2 0.44 -7.82916 21.6023 -7.82916
5.2 0.66 -7.47078 21.9695 -7.47078
5.2 0.88 -7.47024 21.9753 -7.47024
5.2 1.1 -7.47079 21.9775 -7.47079
5.2 1.32 -7.47151 21.9782 -7.47151
5.2 1.54 -7.47192 21.9785 -7.47192
5.2 1.76 -7.47315 21.9778 -7.47315
5.2 1.98 -7.47545 21.9758 -7.47545
5.2 2.2 -7.48167 21.9697 -7.48167
5.2 2.42 -7.49426 21.9551 -7.49426
5.2 2.64 -7.51436 21.9256 -7.51436
5.2 2.86 -7.53424 21.8726 -7.53424
5.2 3.08 -7.51745 21.7883 -7.51745
5.2 3.3 -7.36808 21.6504 -7.36808
5.2 3.52 -6.95418 21.2731 -6.95418
5.2 3.74 -6.39919 19.5648 -6.39919
5.2 3.96 -6.33448 12.519 -6.33448
5.2 4.18 -0.42968 -0.787123 -0.42968
5.2 4.4 15.4369 -3.6753 15.4369
5.2 4.62 22.2415 -3.4651 22.2415
5.2 4.84 23.0786 -4.69557 23.0786
5.2 5.06 22.6016 -5.89742 22.6016
5.2 5.28 22.3388 -6.33721 22.3388
5.2 5.5 22.6556 -5.80065 22.6556
5.2 5.72 23.0989 -4.54862 23.0989
5.2 5.94 21.937 -3.39297 21.937
5.2 6.16 14.0706 -3.79651 14.0706
5.2 6.38 -1.83984 0.381947 -1.83984
5.2 6.6 -6.33792 13.7231 -6.33792
5.2 6.82 -6.44205 19.9034 -6.44205
5.2 7.04 -7.01274 21.3444 -7.01274
5.2 7.26 -7.39463 21.6712 -7.39463
5.2 7.48 -7.5235 21.7994 -7.5235
5.2 7.7 -7.53306 21.8796 -7.53306
5.2 7.92 -7.5115 21.9302 -7.5115
5.2 8.14 -7.49303 21.9569 -7.49303
5.2 8.36 -7.48082 21.9705 -7.48082
5.2 8.58 -7.47513 21.9763 -7.47513
5.2 8.8 -7.47339 21.9774 -7.47339
5.2 9.02 -7.47115 21.9787 -7.47115
5.2 9.24 -7.46888 21.9794 -7.46888
5.2 9.46 -7.46166 21.9824 -7.46166
5.2 9.68 -7.44875 21.9868 -7.44875
5.2 9.9 -7.42489 21.991 -7.42489
5.2 10.12 -7.3766 21.9982 -7.3766
5.2 10.34 -5.23534 24.0516 -5.23534
5.2 10.56 3.18743 32.2822 3.18743
5.2 10.78 -48.2243 -19.7883 -48.2243
5.4 0 -8.27388 21.1463 -8.27388
5.4 0.22 -10.3003 19.1191 -10.3003
5.4 0.44 -7.829 21.6024 -7.829
5.4 0.66 -7.4707 21.9695 -7.4707
5.4 0.88 -7.47032 21.9751 -7.47032
5.4 1.1 -7.47102 21.9772 -7.47102
5.4 1.32 -7.4718 21.9779 -7.4718
5.4 1.54 -7.47218 21.9782 -7.47218
5.4 1.76 -7.47329 21.9776 -7.47329
5.4 1.98 -7.47518 21.9759 -7.47518
5.4 2.2 -7.48046 21.9708 -7.48046
5.4 2.42 -7.4913 21.9583 -7.4913
5.4 2.64 -7.50917 21.9326 -7.50917
5.4 2.86 -7.52905 21.8858 -7.52905
5.4 3.08 -7.52414 21.8089 -7.52414
5.4 3.3 -7.41971 21.6835 -7.41971
5.4 3.52 -7.09646 21.3863 -7.09646
5.4 3.74 -6.5772 20.2001 -6.5772
5.4 3.96 -6.43858 15.261 -6.43858
5.4 4.18 -4.23182 3.00425 -4.23182
5.4 4.4 9.53111 -3.85102 9.53111
5.4 4.62 20.1745 -3.1127 20.1745
5.4 4.84 23.1041 -3.45615 23.1041
5.4 5.06 23.468 -4.20094 23.468
5.4 5.28 23.4337 -4.49957 23.4337
5.4 5.5 23.47 -4.13644 23.47
5.4 5.72 22.9919 -3.37763 22.9919
5.4 5.94 19.5501 -3.16166 19.5501
5.4 6.16 7.94097 -3.79166 7.94097
5.4 6.38 -4.91675 4.41879 -4.91675
5.4 6.6 -6.41356 16.1301 -6.41356
5.4 6.82 -6.62903 20.4272 -6.62903
5.4 7.04 -7.14396 21.4386 -7.14396
5.4 7.26 -7.43895 21.7017 -7.43895
5.4 7.48 -7.52768 21.8192 -7.52768
5.4 7.7 -7.5275 21.8921 -7.5275
5.4 7.92 -7.50655 21.9367 -7.50655
5.4 8.14 -7.49036 21.9597 -7.49036
5.4 8.36 -7.47979 21.9714 -7.47979
5.4 8.58 -7.47496 21.9764 -7.47496
5.4 8.8 -7.47356 21.9772 -7.47356
5.4 9.02 -7.47139 21.9784 -7.47139
5.4 9.24 -7.46912 21.9791 -7.46912
5.4 9.46 -7.4619 21.9821 -7.4619
5.4 9.68 -7.44897 21.9865 -7.44897
5.4 9.9 -7.42507 21.9906 -7.42507
5.4 10.12 -7.37666 21.998 -7.37666
5.4 10.34 -5.23526 24.0515 -5.23526
5.4 10.56 3.18747 32.2821 3.18747
5.4 10.78 -48.2243 -19.7882 -48.2243
5.6 0 -8.27357 21.1467 -8.27357
5.6 0.22 -10.3 19.1196 -10.3
5.6 0.44 -7.82841 21.6031 -7.82841
5.6 0.66 -7.47006 21.9703 -7.47006
5.6 0.88 -7.46976 21.9758 -7.46976
5.6 1.1 -7.47057 21.9778 -7.47057
5.6 1.32 -7.47137 21.9785 -7.47137
5.6 1.54 -7.47172 21.9788 -7.47172
5.6 1.76 -7.4727 21.9784 -7.4727
5.6 1.98 -7.47418 21.9771 -7.47418
5.6 2.2 -7.47849 21.973 -7.47849
5.6 2.42 -7.4875 21.9628 -7.4875
5.6 2.64 -7.50302 21.9415 -7.50302
5.6 2.86 -7.52255 21.9019 -7.52255
5.6 3.08 -7.52852 21.8357 -7.52852
5.6 3.3 -7.46792 21.7295 -7.46792
5.6 3.52 -7.24201 21.5173 -7.24201
5.6 3.74 -6.79586 20.8221 -6.79586
5.6 3.96 -6.45147 18.048 -6.45147
5.6 4.18 -6.30607 9.46881 -6.30607
5.6 4.4 0.0555229 -1.74387 0.0555229
5.6 4.62 12.8805 -3.75742 12.8805
5.6 4.84 19.9992 -3.03775 19.9992
5.6 5.06 22.2917 -3.016 22.2917
5.6 5.28 22.7481 -3.09638 22.7481
5.6 5.5 22.181 -3.00183 22.181
5.6 5.72 19.5833 -3.07416 19.5833
5.6 5.94 11.7807 -3.83796 11.7807
5.6 6.16 -1.09202 -1.00384 -1.09202
5.6 6.38 -6.40518 10.683 -6.40518
5.6 6.6 -6.45864 18.5383 -6.45864
5.6 6.82 -6.84955 20.9479 -6.84955
5.6 7.04 -7.27672 21.5513 -7.27672
5.6 7.26 -7.47997 21.7442 -7.47997
5.6 7.48 -7.52977 21.8445 -7.52977
5.6 7.7 -7.52072 21.9072 -7.52072
5.6 7.92 -7.50061 21.9449 -7.50061
5.6 8.14 -7.48671 21.9639 -7.48671
5.6 8.36 -7.47782 21.9735 -7.47782
5.6 8.58 -7.47393 21.9776 -7.47393
5.6 8.8 -7.47293 21.978 -7.47293
5.6 9.02 -7.47092 21.9791 -7.47092
5.6 9.24 -7.46869 21.9798 -7.46869
5.6 9.46 -7.46149 21.9827 -7.46149
5.6 9.68 -7.44855 21.987 -7.44855
5.6 9.9 -7.42467 21.9911 -7.42467
5.6 10.12 -7.37613 21.9985 -7.37613
5.6 10.34 -5.23457 24.0522 -5.23457
5.6 10.56 3.1881 32.2829 3.1881
5.6 10.78 -48.224 -19.7877 -48.224
5.8 0 -8.27339 21.1468 -8.27339
5.8 0.22 -10.2998 19.1196 -10.2998
5.8 0.44 -7.82826 21.6033 -7.82826
5.8 0.66 -7.46988 21.9705 -7.46988
5.8 0.88 -7.46957 21.976 -7.46957
5.8 1.1 -7.4704 21.978 -7.4704
5.8 1.32 -7.4712 21.9787 -7.4712
5.8 1.54 -7.4715 21.9792 -7.4715
5.8 1.76 -7.47235 21.9789 -7.47235
5.8 1.98 -7.47343 21.978 -7.47343
5.8 2.2 -7.47679 21.9748 -7.47679
5.8 2.42 -7.48398 21.9669 -7.48398
5.8 2.64 -7.49698 21.9501 -7.49698
5.8 2.86 -7.51522 21.9183 -7.51522
5.8 3.08 -7.52874 21.8644 -7.52874
5.8 3.3 -7.50397 21.7789 -7.50397
5.8 3.52 -7.36937 21.6327 -7.36937
5.8 3.74 -7.04274 21.2689 -7.04274
5.8 3.96 -6.60044 20.0101 -6.60044
5.8 4.18 -6.49107 15.8361 -6.49107
5.8 4.4 -5.94901 6.67607 -5.94901
5.8 4.62 -0.182487 -1.71947 -0.182487
5.8 4.84 8.63669 -3.86113 8.63669
5.8 5.06 13.9877 -3.69534 13.9877
5.8 5.28 15.46 -3.56448 15.46
5.8 5.5 13.6579 -3.72449 13.6579
5.8 5.72 7.8836 -3.83619 7.8836
5.8 5.94 -1.01611 -1.20126 -1.01611
5.8 6.16 -6.1458 7.72558 -6.1458
5.8 6.38 -6.47594 16.484 -6.47594
5.8 6.6 -6.64158 20.2257 -6.64158
5.8 6.82 -7.08661 21.3293 -7.08661
5.8 7.04 -7.39129 21.6538 -7.39129
5.8 7.26 -7.51012 21.7902 -7.51012
5.8 7.48 -7.52833 21.8715 -7.52833
5.8 7.7 -7.51328 21.9225 -7.51328
5.8 7.92 -7.49475 21.9529 -7.49475
5.8 8.14 -7.48333 21.9678 -7.48333
5.8 8.36 -7.47621 21.9753 -7.47621
5.8 8.58 -7.47331 21.9783 -7.47331
5.8 8.8 -7.4727 21.9784 -7.4727
5.8 9.02 -7.47084 21.9793 -7.47084
5.8 9.24 -7.46864 21.9799 -7.46864
5.8 9.46 -7.46138 21.9828 -7.46138
5.8 9.68 -7.44844 21.9871 -7.44844
5.8 9.9 -7.42459 21.9912 -7.42459
5.8 10.12 -7.37601 21.9986 -7.37601
5.8 10.34 -5.23443 24.0524 -5.23443
5.8 10.56 3.1881 32.2829 3.1881
5.8 10.78 -48.2238 -19.7875 -48.2238
6 0 -8.27314 21.1466 -8.27314
6 0.22 -10.2996 19.1194 -10.2996
6 0.44 -7.82804 21.6031 -7.82804
6 0.66 -7.46963 21.9703 -7.46963
6 0.88 -7.46929 21.9759 -7.46929
6 1.1 -7.47009 21.9779 -7.47009
6 1.32 -7.47088 21.9786 -7.47088
6 1.54 -7.47115 21.9792 -7.47115
6 1.76 -7.47187 21.979 -7.47187
6 1.98 -7.47254 21.9785 -7.47254
6 2.2 -7.47499 21.9763 -7.47499
6 2.42 -7.48041 21.9706 -7.48041
6 2.64 -7.49076 21.958 -7.49076
6 2.86 -7.50666 21.9339 -7.50666
6 3.08 -7.52347 21.8923 -7.52347
6 3.3 -7.52265 21.8265 -7.52265
6 3.52 -7.45968 21.7246 -7.45968
6 3.74 -7.26471 21.5348 -7.26471
6 3.96 -6.90332 21.0349 -6.90332
6 4.18 -6.53379 19.5215 -6.53379
6 4.4 -6.51901 15.6525 -6.51901
6 4.62 -6.42787 9.1749 -6.42787
6 4.84 -4.72161 3.08369 -4.72161
6 5.06 -2.05365 -0.16302 -2.05365
6 5.28 -0.89788 -0.995197 -0.89788
6 5.5 -2.28008 0.0244499 -2.28008
6 5.72 -4.96537 3.55904 -4.96537
6 5.94 -6.48646 9.85846 -6.48646
6 6.16 -6.50249 16.1762 -6.50249
6 6.38 -6.56239 19.7556 -6.56239
6 6.6 -6.94634 21.1148 -6.94634
6 6.82 -7.29286 21.5627 -7.29286
6 7.04 -7.47103 21.7379 -7.47103
6 7.26 -7.52468 21.8349 -7.52468
6 7.48 -7.52211 21.8977 -7.52211
6 7.7 -7.5048 21.937 -7.5048
6 7.92 -7.48882 21.9602 -7.48882
6 8.14 -7.48009 21.9711 -7.48009
6 8.36 -7.47472 21.9765 -7.47472
6 8.58 -7.47263 21.9787 -7.47263
6 8.8 -7.47227 21.9784 -7.47227
6 9.02 -7.47047 21.9793 -7.47047
6 9.24 -7.46828 21.9799 -7.46828
6 9.46 -7.46102 21.9828 -7.46102
6 9.68 -7.44812 21.9871 -7.44812
6 9.9 -7.42427 21.9911 -7.42427
6 10.12 -7.37574 21.9985 -7.37574
6 10.34 -5.23418 24.0523 -5.23418
6 10.56 3.18832 32.2828 3.18832
6 10.78 -48.2237 -19.7876 -48.2237
6.2 0 -8.27298 21.1463 -8.27298
6.2 0.22 -10.2994 19.1192 -10.2994
6.2 0.44 -7.82752 21.6032 -7.82752
6.2 0.66 -7.46892 21.9706 -7.46892
6.2 0.88 -7.46853 21.9762 -7.46853
6.2 1.1 -7.46933 21.9781 -7.46933
6.2 1.32 -7.47014 21.9788 -7.47014
6.2 1.54 -7.4704 21.9794 -7.4704
6.2 1.76 -7.47098 21.9794 -7.47098
6.2 1.98 -7.47127 21.9793 -7.47127
6.2 2.2 -7.47291 21.9779 -7.47291
6.2 2.42 -7.47672 21.974 -7.47672
6.2 2.64 -7.4845 21.9652 -7.4845
6.2 2.86 -7.49741 21.9478 -7.49741
6.2 3.08 -7.51402 21.9174 -7.51402
6.2 3.3 -7.5256 21.8688 -7.5256
6.2 3.52 -7.50849 21.7966 -7.50849
6.2 3.74 -7.41832 21.6867 -7.41832
6.2 3.96 -7.20607 21.4823 -7.20607
6.2 4.18 -6.877 21.0013 -6.877
6.2 4.4 -6.57329 19.8569 -6.57329
6.2 4.62 -6.49738 17.6924 -6.49738
6.2 4.84 -6.6106 14.8513 -6.6106
6.2 5.06 -6.6809 12.4798 -6.6809
6.2 5.28 -6.68129 11.633 -6.68129
6.2 5.5 -6.67896 12.6555 -6.67896
6.2 5.72 -6.59874 15.1297 -6.59874
6.2 5.94 -6.49415 17.9491 -6.49415
6.2 6.16 -6.59725 20.0132 -6.59725
6.2 6.38 -6.91369 21.0712 -6.91369
6.2 6.6 -7.2336 21.5117 -7.2336
6.2 6.82 -7.43239 21.7009 -7.43239
6.2 7.04 -7.51276 21.8055 -7.51276
6.2 7.26 -7.52532 21.8749 -7.52532
6.2 7.48 -7.51236 21.9213 -7.51236
6.2 7.7 -7.49587 21.95 -7.49587
6.2 7.92 -7.48297 21.9668 -7.48297
6.2 8.14 -7.4768 21.9741 -7.4768
6.2 8.36 -7.47288 21.9778 -7.47288
6.2 8.58 -7.47135 21.9793 -7.47135
6.2 8.8 -7.47121 21.979 -7.47121
6.2 9.02 -7.46955 21.9797 -7.46955
6.2 9.24 -7.46745 21.9803 -7.46745
6.2 9.46 -7.46032 21.9831 -7.46032
6.2 9.68 -7.44748 21.9872 -7.44748
6.2 9.9 -7.42357 21.9913 -7.42357
6.2 10.12 -7.37502 21.9988 -7.37502
6.2 10.34 -5.23342 24.0526 -5.23342
6.2 10.56 3.18901 32.2832 3.18901
6.2 10.78 -48.2235 -19.7877 -48.2235
6.4 0 -8.27337 21.1457 -8.27337
6.4 0.22 -10.2999 19.1185 -10.2999
6.4 0.44 -7.82809 21.6024 -7.82809
6.4 0.66 -7.46946 21.9698 -7.46946
6.4 0.88 -7.46906 21.9754 -7.46906
6.4 1.1 -7.46988 21.9772 -7.46988
6.4 1.32 -7.4707 21.9779 -7.4707
6.4 1.54 -7.47096 21.9785 -7.47096
6.4 1.76 -7.47143 21.9787 -7.47143
6.4 1.98 -7.47141 21.9788 -7.47141
6.4 2.2 -7.47238 21.9782 -7.47238
6.4 2.42 -7.4748 21.9758 -7.4748
6.4 2.64 -7.48017 21.9701 -7.48017
6.4 2.86 -7.48981 21.9583 -7.48981
6.4 3.08 -7.50385 21.9373 -7.50385
6.4 3.3 -7.51906 21.9033 -7.51906
6.4 3.52 -7.52473 21.8528 -7.52473
6.4 3.74 -7.49788 21.782 -7.49788
6.4 3.96 -7.40595 21.6803 -7.40595
6.4 4.18 -7.22474 21.5132 -7.22474
6.4 4.4 -6.97609 21.2012 -6.97609
6.4 4.62 -6.7369 20.6634 -6.7369
6.4 4.84 -6.58574 19.9425 -6.58574
6.4 5.06 -6.52805 19.2944 -6.52805
6.4 5.28 -6.51799 19.0483 -6.51799
6.4 5.5 -6.5313 19.3445 -6.5313
6.4 5.72 -6.59651 20.0155 -6.59651
6.4 5.94 -6.75835 20.7266 -6.75835
6.4 6.16 -7.00259 21.2414 -7.00259
6.4 6.38 -7.247 21.5349 -7.247
6.4 6.6 -7.41846 21.6936 -7.41846
6.4 6.82 -7.50299 21.7905 -7.50299
6.4 7.04 -7.52527 21.8589 -7.52527
6.4 7.26 -7.51791 21.9074 -7.51791
6.4 7.48 -7.50238 21.9399 -7.50238
6.4 7.7 -7.48869 21.9596 -7.48869
6.4 7.92 -7.47901 21.9712 -7.47901
6.4 8.14 -7.47508 21.9756 -7.47508
6.4 8.36 -7.4723 21.9781 -7.4723
6.4 8.58 -7.4713 21.9791 -7.4713
6.4 8.8 -7.47152 21.9784 -7.47152
6.4 9.02 -7.47007 21.9789 -7.47007
6.4 9.24 -7.46805 21.9794 -7.46805
6.4 9.46 -7.46099 21.9821 -7.46099
6.4 9.68 -7.44809 21.9864 -7.44809
6.4 9.9 -7.42407 21.9906 -7.42407
6.4 10.12 -7.37548 21.9981 -7.37548
6.4 10.34 -5.23394 24.052 -5.23394
6.4 10.56 3.18837 32.2824 3.18837
6.4 10.78 -48.2238 -19.7881 -48.2238
6.6 0 -8.27366 21.1451 -8.27366
6.6 0.22 -10.3003 19.1178 -10.3003
6.6 0.44 -7.82855 21.6017 -7.82855
6.6 0.66 -7.46995 21.9691 -7.46995
6.6 0.88 -7.46952 21.9747 -7.46952
6.6 1.1 -7.47036 21.9765 -7.47036
6.6 1.32 -7.47115 21.9771 -7.47115
6.6 1.54 -7.47138 21.9778 -7.47138
6.6 1.76 -7.4718 21.9779 -7.4718
6.6 1.98 -7.47159 21.9782 -7.47159
6.6 2.2 -7.47211 21.978 -7.47211
6.6 2.42 -7.47351 21.9768 -7.47351
6.6 2.64 -7.47689 21.9734 -7.47689
6.6 2.86 -7.48343 21.966 -7.48343
6.6 3.08 -7.49388 21.9525 -7.49388
6.6 3.3 -7.50775 21.9299 -7.50775
6.6 3.52 -7.52094 21.896 -7.52094
6.6 3.74 -7.52327 21.849 -7.52327
6.6 3.96 -7.49869 21.7877 -7.49869
6.6 4.18 -7.42913 21.7098 -7.42913
6.6 4.4 -7.31141 21.6045 -7.31141
6.6 4.62 -7.164 21.4633 -7.164
6.6 4.84 -7.02598 21.2975 -7.02598
6.6 5.06 -6.93334 21.1558 -6.93334
6.6 5.28 -6.90364 21.1024 -6.90364
6.6 5.5 -6.94004 21.1666 -6.94004
6.6 5.72 -7.03805 21.314 -7.03805
6.6 5.94 -7.17892 21.479 -7.17892
6.6 6.16 -7.32513 21.6166 -7.32513
6.6 6.38 -7.43825 21.719 -7.43825
6.6 6.6 -7.50233 21.7954 -7.50233
6.6 6.82 -7.52409 21.8544 -7.52409
6.6 7.04 -7.52005 21.8999 -7.52005
6.6 7.26 -7.50653 21.9325 -7.50653
6.6 7.48 -7.49273 21.9542 -7.49273
6.6 7.7 -7.48262 21.9668 -7.48262
6.6 7.92 -7.47592 21.9742 -7.47592
6.6 8.14 -7.47383 21.9765 -7.47383
6.6 8.36 -7.47199 21.978 -7.47199
6.6 8.58 -7.47151 21.9785 -7.47151
6.6 8.8 -7.47199 21.9775 -7.47199
6.6 9.02 -7.47051 21.9781 -7.47051
6.6 9.24 -7.46837 21.9787 -7.46837
6.6 9.46 -7.46129 21.9815 -7.46129
6.6 9.68 -7.44836 21.9858 -7.44836
6.6 9.9 -7.42433 21.9901 -7.42433
6.6 10.12 -7.37574 21.9977 -7.37574
6.6 10.34 -5.23432 24.0515 -5.23432
6.6 10.56 3.18808 32.282 3.18808
6.6 10.78 -48.2239 -19.7883 -48.2239
6.8 0 -8.27363 21.145 -8.27363
6.8 0.22 -10.3003 19.1176 -10.3003
6.8 0.44 -7.82846 21.6016 -7.82846
6.8 0.66 -7.46986 21.969 -7.46986
6.8 0.88 -7.46943 21.9746 -7.46943
6.8 1.1 -7.47029 21.9763 -7.47029
6.8 1.32 -7.47103 21.9771 -7.47103
6.8 1.54 -7.47121 21.9777 -7.47121
6.8 1.76 -7.47163 21.9779 -7.47163
6.8 1.98 -7.47132 21.9782 -7.47132
6.8 2.2 -7.47156 21.9782 -7.47156
6.8 2.42 -7.4723 21.9777 -7.4723
6.8 2.64 -7.47424 21.9759 -7.47424
6.8 2.86 -7.47826 21.9717 -7.47826
6.8 3.08 -7.4851 21.9637 -7.4851
6.8 3.3 -7.49543 21.9498 -7.49543
6.8 3.52 -7.5083 21.9282 -7.5083
6.8 3.74 -7.51947 21.8981 -7.51947
6.8 3.96 -7.52247 21.859 -7.52247
6.8 4.18 -7.50782 21.8134 -7.50782
6.8 4.4 -7.47171 21.7615 -7.47171
6.8 4.62 -7.41656 21.7069 -7.41656
6.8 4.84 -7.3562 21.6556 -7.3562
6.8 5.06 -7.31059 21.6173 -7.31059
6.8 5.28 -7.29499 21.6036 -7.29499
6.8 5.5 -7.31401 21.6201 -7.31401
6.8 5.72 -7.36154 21.6607 -7.36154
6.8 5.94 -7.42222 21.7128 -7.42222
6.8 6.16 -7.47656 21.7668 -7.47656
6.8 6.38 -7.5102 21.8185 -7.5102
6.8 6.6 -7.52239 21.8639 -7.52239
6.8 6.82 -7.51884 21.9013 -7.51884
6.8 7.04 -7.50714 21.9307 -7.50714
6.8 7.26 -7.49444 21.9514 -7.49444
6.8 7.48 -7.48427 21.9647 -7.48427
6.8 7.7 -7.47772 21.972 -7.47772
6.8 7.92 -7.47343 21.9765 -7.47343
6.8 8.14 -7.47271 21.9773 -7.47271
6.8 8.36 -7.47155 21.9781 -7.47155
6.8 8.58 -7.47137 21.9783 -7.47137
6.8 8.8 -7.47186 21.9773 -7.47186
6.8 9.02 -7.47017 21.9781 -7.47017
6.8 9.24 -7.46799 21.9789 -7.46799
6.8 9.46 -7.46098 21.9817 -7.46098
6.8 9.68 -7.44811 21.986 -7.44811
6.8 9.9 -7.42423 21.9901 -7.42423
6.8 10.12 -7.37564 21.9978 -7.37564
6.8 10.34 -5.23425 24.0515 -5.23425
6.8 10.56 3.18823 32.2821 3.18823
6.8 10.78 -48.2239 -19.7884 -48.2239
7 0 -8.27363 21.145 -8.27363
7 0.22 -10.3005 19.1175 -10.3005
7 0.44 -7.82884 21.6013 -7.82884
7 0.66 -7.47033 21.9687 -7.47033
7 0.88 -7.46986 21.9743 -7.46986
7 1.1 -7.47069 21.9761 -7.47069
7 1.32 -7.47137 21.9768 -7.47137
7 1.54 -7.47152 21.9775 -7.47152
7 1.76 -7.47198 21.9775 -7.47198
7 1.98 -7.47166 21.9778 -7.47166
7 2.2 -7.47169 21.978 -7.47169
7 2.42 -7.47197 21.9779 -7.47197
7 2.64 -7.47292 21.9772 -7.47292
7 2.86 -7.47515 21.975 -7.47515
7 3.08 -7.47919 21.9706 -7.47919
7 3.3 -7.4858 21.9628 -7.4858
7 3.52 -7.49538 21.95 -7.49538
7 3.74 -7.50626 21.9318 -7.50626
7 3.96 -7.51615 21.9078 -7.51615
7 4.18 -7.52045 21.8801 -7.52045
7 4.4 -7.51764 21.8494 -7.51764
7 4.62 -7.50662 21.8194 -7.50662
7 4.84 -7.49053 21.7944 -7.49053
7 5.06 -7.47707 21.7775 -7.47707
7 5.28 -7.47239 21.7716 -7.47239
7 5.5 -7.47817 21.7787 -7.47817
7 5.72 -7.49185 21.797 -7.49185
7 5.94 -7.50762 21.8228 -7.50762
7 6.16 -7.51887 21.8521 -7.51887
7 6.38 -7.52047 21.8831 -7.52047
7 6.6 -7.51502 21.9108 -7.51502
7 6.82 -7.50542 21.9336 -7.50542
7 7.04 -7.49443 21.9514 -7.49443
7 7.26 -7.48523 21.9635 -7.48523
7 7.48 -7.47879 21.971 -7.47879
7 7.7 -7.47492 21.9749 -7.47492
7 7.92 -7.47226 21.9775 -7.47226
7 8.14 -7.47245 21.9774 -7.47245
7 8.36 -7.47169 21.9778 -7.47169
7 8.58 -7.47165 21.9779 -7.47165
7 8.8 -7.47211 21.977 -7.47211
7 9.02 -7.47044 21.9778 -7.47044
7 9.24 -7.4684 21.9785 -7.4684
7 9.46 -7.46139 21.9813 -7.46139
7 9.68 -7.44844 21.9857 -7.44844
7 9.9 -7.42455 21.9899 -7.42455
7 10.12 -7.37593 21.9976 -7.37593
7 10.34 -5.23466 24.0513 -5.23466
7 10.56 3.1878 32.2818 3.1878
7 10.78 -48.224 -19.7883 -48.224
7.2 0 -8.27342 21.1451 -8.27342
7.2 0.22 -10.3003 19.1176 -10.3003
7.2 0.44 -7.82831 21.6016 -7.82831
7.2 0.66 -7.46981 21.969 -7.46981
7.2 0.88 -7.46938 21.9746 -7.46938
7.2 1.1 -7.47015 21.9764 -7.47015
7.2 1.32 -7.47078 21.9772 -7.47078
7.2 1.54 -7.47087 21.9778 -7.47087
7.2 1.76 -7.4714 21.9778 -7.4714
7.2 1.98 -7.47114 21.978 -7.47114
7.2 2.2 -7.47109 21.9782 -7.47109
7.2 2.42 -7.47111 21.9784 -7.47111
7.2 2.64 -7.47142 21.9783 -7.47142
7.2 2.86 -7.47239 21.9774 -7.47239
7.2 3.08 -7.47449 21.9753 -7.47449
7.2 3.3 -7.47833 21.9712 -7.47833
7.2 3.52 -7.48448 21.9642 -7.48448
7.2 3.74 -7.49228 21.9539 -7.49228
7.2 3.96 -7.50112 21.9399 -7.50112
7.2 4.18 -7.50857 21.9241 -7.50857
7.2 4.4 -7.51457 21.9061 -7.51457
7.2 4.62 -7.51769 21.8884 -7.51769
7.2 4.84 -7.51741 21.874 -7.51741
7.2 5.06 -7.51638 21.8644 -7.51638
7.2 5.28 -7.51611 21.861 -7.51611
7.2 5.5 -7.51664 21.865 -7.51664
7.2 5.72 -7.51738 21.8755 -7.51738
7.2 5.94 -7.51717 21.8906 -7.51717
7.2 6.16 -7.5149 21.9073 -7.5149
7.2 6.38 -7.50806 21.9258 -7.50806
7.2 6.6 -7.49989 21.942 -7.49989
7.2 6.82 -7.4916 21.9549 -7.4916
7.2 7.04 -7.48389 21.9649 -7.48389
7.2 7.26 -7.47824 21.9713 -7.47824
7.2 7.48 -7.47447 21.9753 -7.47447
7.2 7.7 -7.47233 21.9771 -7.47233
7.2 7.92 -7.47081 21.9786 -7.47081
7.2 8.14 -7.47162 21.9778 -7.47162
7.2 8.36 -7.47109 21.978 -7.47109
7.2 8.58 -7.47114 21.978 -7.47114
7.2 8.8 -7.47165 21.9771 -7.47165
7.2 9.02 -7.47003 21.9779 -7.47003
7.2 9.24 -7.46795 21.9786 -7.46795
7.2 9.46 -7.46066 21.9817 -7.46066
7.2 9.68 -7.44756 21.9863 -7.44756
7.2 9.9 -7.4237 21.9906 -7.4237
7.2 10.12 -7.37524 21.9982 -7.37524
7.2 10.34 -5.23391 24.0518 -5.23391
7.2 10.56 3.18873 32.2826 3.18873
7.2 10.78 -48.2237 -19.7883 -48.2237
7.4 0 -8.27282 21.1456 -8.27282
7.4 0.22 -10.2997 19.1181 -10.2997
7.4 0.44 -7.82764 21.6022 -7.82764
7.4 0.66 -7.46917 21.9694 -7.46917
7.4 0.88 -7.46877 21.975 -7.46877
7.4 1.1 -7.46948 21.977 -7.46948
7.4 1.32 -7.47007 21.9778 -7.47007
7.4 1.54 -7.47011 21.9784 -7.47011
7.4 1.76 -7.47062 21.9783 -7.47062
7.4 1.98 -7.47046 21.9784 -7.47046
7.4 2.2 -7.47044 21.9786 -7.47044
7.4 2.42 -7.47038 21.9788 -7.47038
7.4 2.64 -7.47043 21.979 -7.47043
7.4 2.86 -7.47067 21.9789 -7.47067
7.4 3.08 -7.47141 21.9782 -7.47141
7.4 3.3 -7.4733 21.9763 -7.4733
7.4 3.52 -7.47685 21.9728 -7.47685
7.4 3.74 -7.4816 21.9674 -7.4816
7.4 3.96 -7.48758 21.9598 -7.48758
7.4 4.18 -7.4932 21.9515 -7.4932
7.4 4.4 -7.4992 21.9416 -7.4992
7.4 4.62 -7.50442 21.9316 -7.50442
7.4 4.84 -7.50745 21.9237 -7.50745
7.4 5.06 -7.5094 21.9182 -7.5094
7.4 5.28 -7.51026 21.9161 -7.51026
7.4 5.5 -7.50948 21.9185 -7.50948
7.4 5.72 -7.50714 21.9245 -7.50714
7.4 5.94 -7.5036 21.9331 -7.5036
7.4 6.16 -7.49953 21.9419 -7.49953
7.4 6.38 -7.49275 21.9525 -7.49275
7.4 6.6 -7.48653 21.9612 -7.48653
7.4 6.82 -7.48122 21.9678 -7.48122
7.4 7.04 -7.47661 21.973 -7.47661
7.4 7.26 -7.47349 21.9761 -7.47349
7.4 7.48 -7.47146 21.978 -7.47146
7.4 7.7 -7.4706 21.9786 -7.4706
7.4 7.92 -7.46992 21.9792 -7.46992
7.4 8.14 -7.47104 21.9781 -7.47104
7.4 8.36 -7.47056 21.9783 -7.47056
7.4 8.58 -7.47061 21.9783 -7.47061
7.4 8.8 -7.47107 21.9774 -7.47107
7.4 9.02 -7.46936 21.9783 -7.46936
7.4 9.24 -7.4671 21.9792 -7.4671
7.4 9.46 -7.45969 21.9825 -7.45969
7.4 9.68 -7.44672 21.9871 -7.44672
7.4 9.9 -7.42298 21.9913 -7.42298
7.4 10.12 -7.37471 21.9986 -7.37471
7.4 10.34 -5.2333 24.0523 -5.2333
7.4 10.56 3.18934 32.283 3.18934
7.4 10.78 -48.2234 -19.788 -48.2234
7.6 0 -8.27293 21.1456 -8.27293
7.6 0.22 -10.2998 19.118 -10.2998
7.6 0.44 -7.82805 21.6018 -7.82805
7.6 0.66 -7.46964 21.969 -7.46964
7.6 0.88 -7.46932 21.9746 -7.46932
7.6 1.1 -7.47004 21.9765 -7.47004
7.6 1.32 -7.47068 21.9773 -7.47068
7.6 1.54 -7.47074 21.9779 -7.47074
7.6 1.76 -7.4712 21.9778 -7.4712
7.6 1.98 -7.47106 21.9779 -7.47106
7.6 2.2 -7.47108 21.978 -7.47108
7.6 2.42 -7.47096 21.9783 -7.47096
7.6 2.64 -7.47095 21.9785 -7.47095
7.6 2.86 -7.47094 21.9786 -7.47094
7.6 3.08 -7.47096 21.9787 -7.47096
7.6 3.3 -7.47158 21.9781 -7.47158
7.6 3.52 -7.47333 21.9766 -7.47333
7.6 3.74 -7.47579 21.9741 -7.47579
7.6 3.96 -7.47923 21.9703 -7.47923
7.6 4.18 -7.48238 21.9664 -7.48238
7.6 4.4 -7.48635 21.9614 -7.48635
7.6 4.62 -7.4903 21.9562 -7.4903
7.6 4.84 -7.49275 21.9522 -7.49275
7.6 5.06 -7.4946 21.9493 -7.4946
7.6 5.28 -7.49546 21.9481 -7.49546
7.6 5.5 -7.49465 21.9494 -7.49465
7.6 5.72 -7.49243 21.9527 -7.49243
7.6 5.94 -7.48948 21.9572 -7.48948
7.6 6.16 -7.4869 21.9612 -7.4869
7.6 6.38 -7.48219 21.9669 -7.48219
7.6 6.6 -7.47848 21.9712 -7.47848
7.6 6.82 -7.47569 21.9742 -7.47569
7.6 7.04 -7.47329 21.9766 -7.47329
7.6 7.26 -7.47181 21.9778 -7.47181
7.6 7.48 -7.47096 21.9786 -7.47096
7.6 7.7 -7.47093 21.9783 -7.47093
7.6 7.92 -7.4706 21.9786 -7.4706
7.6 8.14 -7.47168 21.9775 -7.47168
7.6 8.36 -7.47115 21.9778 -7.47115
7.6 8.58 -7.47122 21.9778 -7.47122
7.6 8.8 -7.47164 21.977 -7.47164
7.6 9.02 -7.46995 21.9778 -7.46995
7.6 9.24 -7.46772 21.9787 -7.46772
7.6 9.46 -7.46042 21.9819 -7.46042
7.6 9.68 -7.44751 21.9864 -7.44751
7.6 9.9 -7.42364 21.9907 -7.42364
7.6 10.12 -7.37535 21.9981 -7.37535
7.6 10.34 -5.23385 24.0518 -5.23385
7.6 10.56 3.18858 32.2823 3.18858
7.6 10.78 -48.2236 -19.7881 -48.2236
7.8 0 -8.27269 21.1458 -8.27269
7.8 0.22 -10.2994 19.1184 -10.2994
7.8 0.44 -7.82759 21.6024 -7.82759
7.8 0.66 -7.46903 21.9697 -7.46903
7.8 0.88 -7.46876 21.9752 -7.46876
7.8 1.1 -7.46953 21.9771 -7.46953
7.8 1.32 -7.4702 21.9778 -7.4702
7.8 1.54 -7.47037 21.9784 -7.47037
7.8 1.76 -7.47087 21.9783 -7.47087
7.8 1.98 -7.47077 21.9783 -7.47077
7.8 2.2 -7.47083 21.9784 -7.47083
7.8 2.42 -7.47067 21.9786 -7.47067
7.8 2.64 -7.47054 21.9789 -7.47054
7.8 2.86 -7.47042 21.9791 -7.47042
7.8 3.08 -7.47019 21.9794 -7.47019
7.8 3.3 -7.47024 21.9794 -7.47024
7.8 3.52 -7.47098 21.979 -7.47098
7.8 3.74 -7.47201 21.9781 -7.47201
7.8 3.96 -7.4737 21.9763 -7.4737
7.8 4.18 -7.47497 21.9749 -7.47497
7.8 4.4 -7.47712 21.9727 -7.47712
7.8 4.62 -7.47953 21.97 -7.47953
7.8 4.84 -7.48085 21.9683 -7.48085
7.8 5.06 -7.48204 21.9669 -7.48204
7.8 5.28 -7.48269 21.9662 -7.48269
7.8 5.5 -7.48212 21.9669 -7.48212
7.8 5.72 -7.48059 21.9687 -7.48059
7.8 5.94 -7.4788 21.9709 -7.4788
7.8 6.16 -7.47786 21.9721 -7.47786
7.8 6.38 -7.47496 21.9751 -7.47496
7.8 6.6 -7.47312 21.977 -7.47312
7.8 6.82 -7.47206 21.9779 -7.47206
7.8 7.04 -7.47103 21.9788 -7.47103
7.8 7.26 -7.47048 21.9792 -7.47048
7.8 7.48 -7.47024 21.9793 -7.47024
7.8 7.7 -7.47052 21.9788 -7.47052
7.8 7.92 -7.47019 21.979 -7.47019
7.8 8.14 -7.47124 21.9781 -7.47124
7.8 8.36 -7.47086 21.9783 -7.47086
7.8 8.58 -7.47101 21.9782 -7.47101
7.8 8.8 -7.4714 21.9774 -7.4714
7.8 9.02 -7.4697 21.9782 -7.4697
7.8 9.24 -7.46735 21.9792 -7.46735
7.8 9.46 -7.45994 21.9825 -7.45994
7.8 9.68 -7.44692 21.9871 -7.44692
7.8 9.9 -7.42303 21.9914 -7.42303
7.8 10.12 -7.37472 21.9988 -7.37472
7.8 10.34 -5.23316 24.0526 -5.23316
7.8 10.56 3.18899 32.2828 3.18899
7.8 10.78 -48.223 -19.7876 -48.223
8 0 -8.27244 21.1464 -8.27244
8 0.22 -10.2993 19.1188 -10.2993
8 0.44 -7.82778 21.6024 -7.82778
8 0.66 -7.46941 21.9696 -7.46941
8 0.88 -7.46922 21.975 -7.46922
8 1.1 -7.47003 21.9769 -7.47003
8 1.32 -7.47064 21.9778 -7.47064
8 1.54 -7.47083 21.9783 -7.47083
8 1.76 -7.47142 21.9782 -7.47142
8 1.98 -7.47136 21.9781 -7.47136
8 2.2 -7.47152 21.9781 -7.47152
8 2.42 -7.47143 21.9783 -7.47143
8 2.64 -7.47127 21.9785 -7.47127
8 2.86 -7.47105 21.9788 -7.47105
8 3.08 -7.4707 21.9792 -7.4707
8 3.3 -7.47054 21.9794 -7.47054
8 3.52 -7.47088 21.9793 -7.47088
8 3.74 -7.47122 21.9791 -7.47122
8 3.96 -7.47197 21.9783 -7.47197
8 4.18 -7.47213 21.9782 -7.47213
8 4.4 -7.4731 21.9773 -7.4731
8 4.62 -7.47444 21.976 -7.47444
8 4.84 -7.47491 21.9754 -7.47491
8 5.06 -7.47559 21.9748 -7.47559
8 5.28 -7.4761 21.9743 -7.4761
8 5.5 -7.47573 21.9747 -7.47573
8 5.72 -7.47474 21.9757 -7.47474
8 5.94 -7.47378 21.9768 -7.47378
8 6.16 -7.47393 21.9766 -7.47393
8 6.38 -7.47216 21.9782 -7.47216
8 6.6 -7.47144 21.9789 -7.47144
8 6.82 -7.47135 21.9789 -7.47135
8 7.04 -7.47098 21.9791 -7.47098
8 7.26 -7.47077 21.9792 -7.47077
8 7.48 -7.47072 21.9792 -7.47072
8 7.7 -7.47109 21.9786 -7.47109
8 7.92 -7.4708 21.9789 -7.4708
8 8.14 -7.47201 21.9778 -7.47201
8 8.36 -7.47175 21.9778 -7.47175
8 8.58 -7.47169 21.9779 -7.47169
8 8.8 -7.47189 21.9773 -7.47189
8 9.02 -7.47013 21.9783 -7.47013
8 9.24 -7.46766 21.9793 -7.46766
8 9.46 -7.46032 21.9826 -7.46032
8 9.68 -7.44743 21.9871 -7.44743
8 9.9 -7.42378 21.9911 -7.42378
8 10.12 -7.37548 21.9984 -7.37548
8 10.34 -5.23398 24.0521 -5.23398
8 10.56 3.18823 32.2824 3.18823
8 10.78 -48.2231 -19.7872 -48.2231
8.2 0 -8.27248 21.1465 -8.27248
8.2 0.22 -10.2994 19.1189 -10.2994
8.2 0.44 -7.82755 21.6027 -7.82755
8.2 0.66 -7.46926 21.9698 -7.46926
8.2 0.88 -7.46914 21.9752 -7.46914
8.2 1.1 -7.47 21.9771 -7.47
8.2 1.32 -7.47057 21.9781 -7.47057
8.2 1.54 -7.47074 21.9786 -7.47074
8.2 1.76 -7.47136 21.9784 -7.47136
8.2 1.98 -7.47132 21.9783 -7.47132
8.2 2.2 -7.47147 21.9783 -7.47147
8.2 2.42 -7.47145 21.9784 -7.47145
8.2 2.64 -7.47139 21.9786 -7.47139
8.2 2.86 -7.47125 21.9787 -7.47125
8.2 3.08 -7.47089 21.9791 -7.47089
8.2 3.3 -7.47064 21.9794 -7.47064
8.2 3.52 -7.4708 21.9794 -7.4708
8.2 3.74 -7.47085 21.9795 -7.47085
8.2 3.96 -7.47119 21.9791 -7.47119
8.2 4.18 -7.47085 21.9795 -7.47085
8.2 4.4 -7.47127 21.9792 -7.47127
8.2 4.62 -7.47203 21.9785 -7.47203
8.2 4.84 -7.472 21.9785 -7.472
8.2 5.06 -7.47237 21.9782 -7.47237
8.2 5.28 -7.47279 21.9778 -7.47279
8.2 5.5 -7.47254 21.9781 -7.47254
8.2 5.72 -7.47188 21.9787 -7.47188
8.2 5.94 -7.47142 21.9792 -7.47142
8.2 6.16 -7.47218 21.9783 -7.47218
8.2 6.38 -7.47099 21.9794 -7.47099
8.2 6.6 -7.47077 21.9795 -7.47077
8.2 6.82 -7.47105 21.9791 -7.47105
8.2 7.04 -7.47084 21.9793 -7.47084
8.2 7.26 -7.47073 21.9793 -7.47073
8.2 7.48 -7.47081 21.9793 -7.47081
8.2 7.7 -7.47125 21.9787 -7.47125
8.2 7.92 -7.47096 21.979 -7.47096
8.2 8.14 -7.47216 21.9779 -7.47216
8.2 8.36 -7.47169 21.9781 -7.47169
8.2 8.58 -7.47138 21.9784 -7.47138
8.2 8.8 -7.4717 21.9778 -7.4717
8.2 9.02 -7.4701 21.9785 -7.4701
8.2 9.24 -7.46766 21.9796 -7.46766
8.2 9.46 -7.46042 21.9827 -7.46042
8.2 9.68 -7.4475 21.9872 -7.4475
8.2 9.9 -7.42376 21.9913 -7.42376
8.2 10.12 -7.37531 21.9986 -7.37531
8.2 10.34 -5.23371 24.0524 -5.23371
8.2 10.56 3.18894 32.2832 3.18894
8.2 10.78 -48.2229 -19.7868 -48.2229
8.4 0 -8.27209 21.1471 -8.27209
8.4 0.22 -10.2991 19.1193 -10.2991
8.4 0.44 -7.82711 21.6033 -7.82711
8.4 0.66 -7.46882 21.9704 -7.46882
8.4 0.88 -7.46867 21.9758 -7.46867
8.4 1.1 -7.46953 21.9777 -7.46953
8.4 1.32 -7.47011 21.9786 -7.47011
8.4 1.54 -7.47026 21.9792 -7.47026
8.4 1.76 -7.47094 21.9789 -7.47094
8.4 1.98 -7.47097 21.9788 -7.47097
8.4 2.2 -7.47115 21.9787 -7.47115
8.4 2.42 -7.47111 21.9788 -7.47111
8.4 2.64 -7.47107 21.979 -7.47107
8.4 2.86 -7.47101 21.979 -7.47101
8.4 3.08 -7.47078 21.9793 -7.47078
8.4 3.3 -7.47058 21.9794 -7.47058
8.4 3.52 -7.47069 21.9795 -7.47069
8.4 3.74 -7.4706 21.9797 -7.4706
8.4 3.96 -7.47074 21.9795 -7.47074
8.4 4.18 -7.4702 21.98 -7.4702
8.4 4.4 -7.47041 21.9799 -7.47041
8.4 4.62 -7.47093 21.9795 -7.47093
8.4 4.84 -7.47066 21.9797 -7.47066
8.4 5.06 -7.47087 21.9796 -7.47087
8.4 5.28 -7.47122 21.9792 -7.47122
8.4 5.5 -7.47103 21.9794 -7.47103
8.4 5.72 -7.47054 21.9798 -7.47054
8.4 5.94 -7.47035 21.9801 -7.47035
8.4 6.16 -7.47138 21.9789 -7.47138
8.4 6.38 -7.47039 21.9798 -7.47039
8.4 6.6 -7.47032 21.9799 -7.47032
8.4 6.82 -7.47071 21.9794 -7.47071
8.4 7.04 -7.47057 21.9795 -7.47057
8.4 7.26 -7.47055 21.9795 -7.47055
8.4 7.48 -7.4707 21.9794 -7.4707
8.4 7.7 -7.47103 21.979 -7.47103
8.4 7.92 -7.4706 21.9794 -7.4706
8.4 8.14 -7.47176 21.9784 -7.47176
8.4 8.36 -7.47125 21.9786 -7.47125
8.4 8.58 -7.47106 21.9789 -7.47106
8.4 8.8 -7.47157 21.978 -7.47157
8.4 9.02 -7.46973 21.9789 -7.46973
8.4 9.24 -7.4671 21.9802 -7.4671
8.4 9.46 -7.45982 21.9833 -7.45982
8.4 9.68 -7.44678 21.988 -7.44678
8.4 9.9 -7.42314 21.992 -7.42314
8.4 10.12 -7.37478 21.9993 -7.37478
8.4 10.34 -5.23324 24.0531 -5.23324
8.4 10.56 3.1895 32.284 3.1895
8.4 10.78 -48.2227 -19.786 -48.2227
8.6 0 -8.27322 21.1463 -8.27322
8.6 0.22 -10.3002 19.1185 -10.3002
8.6 0.44 -7.82821 21.6024 -7.82821
8.6 0.66 -7.46989 21.9694 -7.46989
8.6 0.88 -7.46977 21.9747 -7.46977
8.6 1.1 -7.47067 21.9766 -7.47067
8.6 1.32 -7.47131 21.9774 -7.47131
8.6 1.54 -7.47145 21.978 -7.47145
8.6 1.76 -7.47209 21.9778 -7.47209
8.6 1.98 -7.47215 21.9776 -7.47215
8.6 2.2 -7.47243 21.9775 -7.47243
8.6 2.42 -7.47247 21.9775 -7.47247
8.6 2.64 -7.47242 21.9777 -7.47242
8.6 2.86 -7.47235 21.9777 -7.47235
8.6 3.08 -7.47214 21.9779 -7.47214
8.6 3.3 -7.47201 21.978 -7.47201
8.6 3.52 -7.47218 21.978 -7.47218
8.6 3.74 -7.47209 21.9781 -7.47209
8.6 3.96 -7.47218 21.978 -7.47218
8.6 4.18 -7.47155 21.9786 -7.47155
8.6 4.4 -7.47166 21.9786 -7.47166
8.6 4.62 -7.47207 21.9782 -7.47207
8.6 4.84 -7.47171 21.9785 -7.47171
8.6 5.06 -7.47189 21.9784 -7.47189
8.6 5.28 -7.47223 21.978 -7.47223
8.6 5.5 -7.47207 21.9782 -7.47207
8.6 5.72 -7.47164 21.9785 -7.47164
8.6 5.94 -7.47152 21.9787 -7.47152
8.6 6.16 -7.47261 21.9775 -7.47261
8.6 6.38 -7.47166 21.9784 -7.47166
8.6 6.6 -7.47167 21.9784 -7.47167
8.6 6.82 -7.47213 21.9779 -7.47213
8.6 7.04 -7.47201 21.978 -7.47201
8.6 7.26 -7.47197 21.978 -7.47197
8.6 7.48 -7.47203 21.9781 -7.47203
8.6 7.7 -7.47224 21.9777 -7.47224
8.6 7.92 -7.47186 21.9782 -7.47186
8.6 8.14 -7.47318 21.977 -7.47318
8.6 8.36 -7.47265 21.9772 -7.47265
8.6 8.58 -7.47236 21.9776 -7.47236
8.6 8.8 -7.47264 21.9769 -7.47264
8.6 9.02 -7.47065 21.978 -7.47065
8.6 9.24 -7.46833 21.979 -7.46833
8.6 9.46 -7.46122 21.982 -7.46122
8.6 9.68 -7.4482 21.9866 -7.4482
8.6 9.9 -7.42459 21.9905 -7.42459
8.6 10.12 -7.37602 21.9981 -7.37602
8.6 10.34 -5.23445 24.052 -5.23445
8.6 10.56 3.1884 32.2832 3.1884
8.6 10.78 -48.2242 -19.7866 -48.2242
8.8 0 -8.27504 21.1449 -8.27504
8.8 0.22 -10.3022 19.117 -10.3022
8.8 0.44 -7.83034 21.6009 -7.83034
8.8 0.66 -7.472 21.9679 -7.472
8.8 0.88 -7.4718 21.9733 -7.4718
8.8 1.1 -7.47273 21.9751 -7.47273
8.8 1.32 -7.47346 21.9758 -7.47346
8.8 1.54 -7.47365 21.9764 -7.47365
8.8 1.76 -7.47429 21.9762 -7.47429
8.8 1.98 -7.4743 21.9761 -7.4743
8.8 2.2 -7.47455 21.976 -7.47455
8.8 2.42 -7.47462 21.976 -7.47462
8.8 2.64 -7.47462 21.976 -7.47462
8.8 2.86 -7.47458 21.976 -7.47458
8.8 3.08 -7.47436 21.9762 -7.47436
8.8 3.3 -7.47423 21.9763 -7.47423
8.8 3.52 -7.47443 21.9763 -7.47443
8.8 3.74 -7.4744 21.9763 -7.4744
8.8 3.96 -7.47451 21.9761 -7.47451
8.8 4.18 -7.47387 21.9767 -7.47387
8.8 4.4 -7.47394 21.9767 -7.47394
8.8 4.62 -7.4743 21.9764 -7.4743
8.8 4.84 -7.47393 21.9766 -7.47393
8.8 5.06 -7.47411 21.9765 -7.47411
8.8 5.28 -7.47447 21.9761 -7.47447
8.8 5.5 -7.47431 21.9763 -7.47431
8.8 5.72 -7.47389 21.9766 -7.47389
8.8 5.94 -7.47378 21.9768 -7.47378
8.8 6.16 -7.47488 21.9757 -7.47488
8.8 6.38 -7.47396 21.9766 -7.47396
8.8 6.6 -7.47402 21.9765 -7.47402
8.8 6.82 -7.47446 21.9761 -7.47446
8.8 7.04 -7.47426 21.9763 -7.47426
8.8 7.26 -7.47419 21.9763 -7.47419
8.8 7.48 -7.4743 21.9764 -7.4743
8.8 7.7 -7.47456 21.976 -7.47456
8.8 7.92 -7.47425 21.9764 -7.47425
8.8 8.14 -7.47545 21.9753 -7.47545
8.8 8.36 -7.47467 21.9758 -7.47467
8.8 8.58 -7.47438 21.9762 -7.47438
8.8 8.8 -7.47486 21.9753 -7.47486
8.8 9.02 -7.47309 21.9762 -7.47309
8.8 9.24 -7.47082 21.9771 -7.47082
8.8 9.46 -7.46331 21.9804 -7.46331
8.8 9.68 -7.45013 21.9852 -7.45013
8.8 9.9 -7.4264 21.9893 -7.4264
8.8 10.12 -7.37791 21.9969 -7.37791
8.8 10.34 -5.23661 24.0507 -5.23661
8.8 10.56 3.18609 32.2821 3.18609
8.8 10.78 -48.2268 -19.7871 -48.2268
9 0 -8.2905 21.1305 -8.2905
9 0.22 -10.3181 19.1022 -10.3181
9 0.44 -7.84663 21.5857 -7.84663
9 0.66 -7.48826 21.9528 -7.48826
9 0.88 -7.48796 21.9583 -7.48796
9 1.1 -7.48884 21.9601 -7.48884
9 1.32 -7.4896 21.9608 -7.4896
9 1.54 -7.48981 21.9613 -7.48981
9 1.76 -7.49049 21.9611 -7.49049
9 1.98 -7.49053 21.9609 -7.49053
9 2.2 -7.49076 21.9609 -7.49076
9 2.42 -7.49077 21.9609 -7.49077
9 2.64 -7.49075 21.961 -7.49075
9 2.86 -7.49073 21.961 -7.49073
9 3.08 -7.49056 21.9611 -7.49056
9 3.3 -7.49047 21.9612 -7.49047
9 3.52 -7.49069 21.9611 -7.49069
9 3.74 -7.49067 21.9611 -7.49067
9 3.96 -7.49078 21.9609 -7.49078
9 4.18 -7.49015 21.9615 -7.49015
9 4.4 -7.49022 21.9615 -7.49022
9 4.62 -7.49057 21.9611 -7.49057
9 4.84 -7.49018 21.9614 -7.49018
9 5.06 -7.49033 21.9613 -7.49033
9 5.28 -7.49068 21.9609 -7.49068
9 5.5 -7.49052 21.9611 -7.49052
9 5.72 -7.49014 21.9614 -7.49014
9 5.94 -7.49009 21.9615 -7.49009
9 6.16 -7.49122 21.9604 -7.49122
9 6.38 -7.49028 21.9613 -7.49028
9 6.6 -7.49028 21.9613 -7.49028
9 6.82 -7.49069 21.9609 -7.49069
9 7.04 -7.49051 21.9611 -7.49051
9 7.26 -7.49052 21.9611 -7.49052
9 7.48 -7.49061 21.9611 -7.49061
9 7.7 -7.49073 21.9609 -7.49073
9 7.92 -7.49029 21.9614 -7.49029
9 8.14 -7.49143 21.9604 -7.49143
9 8.36 -7.4908 21.9608 -7.4908
9 8.58 -7.49078 21.9609 -7.49078
9 8.8 -7.49115 21.9601 -7.49115
9 9.02 -7.4891 21.9613 -7.4891
9 9.24 -7.48675 21.9623 -7.48675
9 9.46 -7.47944 21.9655 -7.47944
9 9.68 -7.46657 21.97 -7.46657
9 9.9 -7.44292 21.974 -7.44292
9 10.12 -7.39448 21.9817 -7.39448
9 10.34 -5.2533 24.0356 -5.2533
9 10.56 3.16875 32.2669 3.16875
9 10.78 -48.2454 -19.8017 -48.2454
9.2 0 -8.43445 20.988 -8.43445
9.2 0.22 -10.4653 18.9564 -10.4653
9.2 0.44 -7.99304 21.4408 -7.99304
9.2 0.66 -7.63428 21.8082 -7.63428
9.2 0.88 -7.63399 21.8137 -7.63399
9.2 1.1 -7.63489 21.8154 -7.63489
9.2 1.32 -7.63568 21.8161 -7.63568
9.2 1.54 -7.63592 21.8166 -7.63592
9.2 1.76 -7.63654 21.8164 -7.63654
9.2 1.98 -7.63652 21.8164 -7.63652
9.2 2.2 -7.63668 21.8164 -7.63668
9.2 2.42 -7.63669 21.8165 -7.63669
9.2 2.64 -7.63666 21.8165 -7.63666
9.2 2.86 -7.63667 21.8165 -7.63667
9.2 3.08 -7.6365 21.8166 -7.6365
9.2 3.3 -7.63645 21.8166 -7.63645
9.2 3.52 -7.63663 21.8166 -7.63663
9.2 3.74 -7.63659 21.8166 -7.63659
9.2 3.96 -7.63678 21.8164 -7.63678
9.2 4.18 -7.63616 21.8169 -7.63616
9.2 4.4 -7.63625 21.8169 -7.63625
9.2 4.62 -7.63659 21.8166 -7.63659
9.2 4.84 -7.6362 21.8168 -7.6362
9.2 5.06 -7.63636 21.8167 -7.63636
9.2 5.28 -7.63671 21.8164 -7.63671
9.2 5.5 -7.63654 21.8165 -7.63654
9.2 5.72 -7.63616 21.8168 -7.63616
9.2 5.94 -7.63611 21.817 -7.63611
9.2 6.16 -7.63722 21.8158 -7.63722
9.2 6.38 -7.63624 21.8168 -7.63624
9.2 6.6 -7.63627 21.8168 -7.63627
9.2 6.82 -7.63671 21.8163 -7.63671
9.2 7.04 -7.63655 21.8165 -7.63655
9.2 7.26 -7.63653 21.8165 -7.63653
9.2 7.48 -7.63646 21.8166 -7.63646
9.2 7.7 -7.63657 21.8164 -7.63657
9.2 7.92 -7.63628 21.8168 -7.63628
9.2 8.14 -7.63752 21.8157 -7.63752
9.2 8.36 -7.63676 21.8162 -7.63676
9.2 8.58 -7.63656 21.8165 -7.63656
9.2 8.8 -7.63683 21.8159 -7.63683
9.2 9.02 -7.63514 21.8168 -7.63514
9.2 9.24 -7.63314 21.8174 -7.63314
9.2 9.46 -7.62578 21.8205 -7.62578
9.2 9.68 -7.61276 21.8252 -7.61276
9.2 9.9 -7.58902 21.8294 -7.58902
9.2 10.12 -7.54052 21.8373 -7.54052
9.2 10.34 -5.39962 23.8915 -5.39962
9.2 10.56 3.02252 32.124 3.02252
9.2 10.78 -48.4113 -19.9612 -48.4113
9.4 0 -9.90193 19.5233 -9.90193
9.4 0.22 -11.9507 17.474 -11.9507
9.4 0.44 -9.47318 19.9634 -9.47318
9.4 0.66 -9.11299 20.3322 -9.11299
9.4 0.88 -9.11241 20.3378 -9.11241
9.4 1.1 -9.11311 20.3398 -9.11311
9.4 1.32 -9.11395 20.3404 -9.11395
9.4 1.54 -9.11412 20.3409 -9.11412
9.4 1.76 -9.11485 20.3407 -9.11485
9.4 1.98 -9.11487 20.3406 -9.11487
9.4 2.2 -9.11496 20.3408 -9.11496
9.4 2.42 -9.11498 20.3408 -9.11498
9.4 2.64 -9.11489 20.3409 -9.11489
9.4 2.86 -9.11486 20.3409 -9.11486
9.4 3.08 -9.11461 20.3411 -9.11461
9.4 3.3 -9.11456 20.3411 -9.11456
9.4 3.52 -9.11478 20.3411 -9.11478
9.4 3.74 -9.11476 20.3411 -9.11476
9.4 3.96 -9.11505 20.3407 -9.11505
9.4 4.18 -9.11445 20.3413 -9.11445
9.4 4.4 -9.11461 20.3412 -9.11461
9.4 4.62 -9.11505 20.3408 -9.11505
9.4 4.84 -9.11458 20.3411 -9.11458
9.4 5.06 -9.1147 20.3411 -9.1147
9.4 5.28 -9.11509 20.3407 -9.11509
9.4 5.5 -9.11493 20.3409 -9.11493
9.4 5.72 -9.11455 20.3412 -9.11455
9.4 5.94 -9.11442 20.3414 -9.11442
9.4 6.16 -9.1155 20.3402 -9.1155
9.4 6.38 -9.11445 20.3413 -9.11445
9.4 6.6 -9.11449 20.3413 -9.11449
9.4 6.82 -9.11488 20.3408 -9.11488
9.4 7.04 -9.11461 20.3411 -9.11461
9.4 7.26 -9.11476 20.3409 -9.11476
9.4 7.48 -9.11474 20.341 -9.11474
9.4 7.7 -9.11493 20.3407 -9.11493
9.4 7.92 -9.11435 20.3413 -9.11435
9.4 8.14 -9.11537 20.3404 -9.11537
9.4 8.36 -9.11469 20.3409 -9.11469
9.4 8.58 -9.11475 20.341 -9.11475
9.4 8.8 -9.11519 20.3402 -9.11519
9.4 9.02 -9.11326 20.3413 -9.11326
9.4 9.24 -9.11096 20.3422 -9.11096
9.4 9.46 -9.10371 20.3453 -9.10371
9.4 9.68 -9.09136 20.3493 -9.09136
9.4 9.9 -9.06804 20.3532 -9.06804
9.4 10.12 -9.01932 20.3616 -9.01932
9.4 10.34 -6.87819 22.4167 -6.87819
9.4 10.56 1.57164 30.6787 1.57164
9.4 10.78 -50.0653 -21.6041 -50.0653
9.6 0 0.933868 30.367 0.933868
9.6 0.22 -0.744901 28.6878 -0.744901
9.6 0.44 1.59424 31.0386 1.59424
9.6 0.66 1.94647 31.3992 1.94647
9.6 0.88 1.94719 31.4049 1.94719
9.6 1.1 1.94643 31.4068 1.94643
9.6 1.32 1.94606 31.4079 1.94606
9.6 1.54 1.94577 31.4083 1.94577
9.6 1.76 1.94468 31.4077 1.94468
9.6 1.98 1.94524 31.4082 1.94524
9.6 2.2 1.94501 31.4082 1.94501
9.6 2.42 1.94512 31.4084 1.94512
9.6 2.64 1.94482 31.4081 1.94482
9.6 2.86 1.94534 31.4086 1.94534
9.6 3.08 1.94527 31.4085 1.94527
9.6 3.3 1.94545 31.4086 1.94545
9.6 3.52 1.94493 31.4084 1.94493
9.6 3.74 1.94507 31.4086 1.94507
9.6 3.96 1.94492 31.4083 1.94492
9.6 4.18 1.94552 31.4089 1.94552
9.6 4.4 1.94546 31.4088 1.94546
9.6 4.62 1.94475 31.4081 1.94475
9.6 4.84 1.94533 31.4086 1.94533
9.6 5.06 1.9448 31.4082 1.9448
9.6 5.28 1.94449 31.4077 1.94449
9.6 5.5 1.94492 31.4083 1.94492
9.6 5.72 1.94546 31.4087 1.94546
9.6 5.94 1.94556 31.4089 1.94556
9.6 6.16 1.94391 31.4072 1.94391
9.6 6.38 1.9455 31.4089 1.9455
9.6 6.6 1.94532 31.4087 1.94532
9.6 6.82 1.94527 31.4086 1.94527
9.6 7.04 1.94512 31.4085 1.94512
9.6 7.26 1.94504 31.4082 1.94504
9.6 7.48 1.94507 31.4083 1.94507
9.6 7.7 1.94512 31.4082 1.94512
9.6 7.92 1.94567 31.4089 1.94567
9.6 8.14 1.94431 31.4076 1.94431
9.6 8.36 1.94521 31.4082 1.94521
9.6 8.58 1.94553 31.4088 1.94553
9.6 8.8 1.94537 31.4083 1.94537
9.6 9.02 1.9467 31.4089 1.9467
9.6 9.24 1.94771 31.4085 1.94771
9.6 9.46 1.95564 31.4123 1.95564
9.6 9.68 1.96772 31.4161 1.96772
9.6 9.9 1.99095 31.4201 1.99095
9.6 10.12 2.04324 31.4328 2.04324
9.6 10.34 4.18992 33.4948 4.18992
9.6 10.56 12.0247 41.1451 12.0247
9.6 10.78 -37.3562 -8.86428 -37.3562
9.8 0 -19.6152 9.81825 -19.6152
9.8 0.22 -22.0194 7.41286 -22.0194
9.8 0.44 -19.3985 10.0456 -19.3985
9.8 0.66 -19.0456 10.407 -19.0456
9.8 0.88 -19.0472 10.4104 -19.0472
9.8 1.1 -19.0485 10.4117 -19.0485
9.8 1.32 -19.0496 10.4121 -19.0496
9.8 1.54 -19.0501 10.4124 -19.0501
9.8 1.76 -19.0503 10.4127 -19.0503
9.8 1.98 -19.0505 10.4126 -19.0505
9.8 2.2 -19.0504 10.4127 -19.0504
9.8 2.42 -19.0503 10.413 -19.0503
9.8 2.64 -19.05 10.4133 -19.05
9.8 2.86 -19.0503 10.413 -19.0503
9.8 3.08 -19.0501 10.4131 -19.0501
9.8 3.3 -19.05 10.4131 -19.05
9.8 3.52 -19.0502 10.4131 -19.0502
9.8 3.74 -19.0505 10.4129 -19.0505
9.8 3.96 -19.0506 10.4128 -19.0506
9.8 4.18 -19.0503 10.413 -19.0503
9.8 4.4 -19.0504 10.413 -19.0504
9.8 4.62 -19.0504 10.4129 -19.0504
9.8 4.84 -19.0504 10.4129 -19.0504
9.8 5.06 -19.0503 10.4131 -19.0503
9.8 5.28 -19.0505 10.413 -19.0505
9.8 5.5 -19.0506 10.4128 -19.0506
9.8 5.72 -19.0503 10.413 -19.0503
9.8 5.94 -19.0502 10.4132 -19.0502
9.8 6.16 -19.0504 10.413 -19.0504
9.8 6.38 -19.0502 10.413 -19.0502
9.8 6.6 -19.0501 10.4132 -19.0501
9.8 6.82 -19.0506 10.4127 -19.0506
9.8 7.04 -19.0502 10.413 -19.0502
9.8 7.26 -19.05 10.4132 -19.05
9.8 7.48 -19.0503 10.4128 -19.0503
9.8 7.7 -19.0502 10.4127 -19.0502
9.8 7.92 -19.05 10.413 -19.05
9.8 8.14 -19.0504 10.4128 -19.0504
9.8 8.36 -19.05 10.4131 -19.05
9.8 8.58 -19.0502 10.413 -19.0502
9.8 8.8 -19.0505 10.4123 -19.0505
9.8 9.02 -19.049 10.4132 -19.049
9.8 9.24 -19.0461 10.4145 -19.0461
9.8 9.46 -19.0393 10.4174 -19.0393
9.8 9.68 -19.0257 10.4226 -19.0257
9.8 9.9 -19.0006 10.4288 -19.0006
9.8 10.12 -18.9631 10.4266 -18.9631
9.8 10.34 -16.8635 12.4411 -16.8635
9.8 10.56 -7.51198 21.6058 -7.51198
9.8 10.78 -61.2009 -32.7271 -61.2009
