0 0 0.0126783 0.00959608 0.977782
0 0.22 0.0126572 0.00960854 0.977811
0 0.44 0.012579 0.0093931 0.978155
0 0.66 0.0124933 0.00924007 0.978488
0 0.88 0.0124256 0.00915245 0.978763
0 1.1 0.0123986 0.00910633 0.978966
0 1.32 0.0124484 0.00908261 0.979022
0 1.54 0.0126566 0.00906938 0.97883
0 1.76 0.013213 0.00905923 0.978216
0 1.98 0.0145411 0.00904743 0.976823
0 2.2 0.0175389 0.00903069 0.97383
0 2.42 0.0240106 0.00900761 0.967456
0 2.64 0.0373646 0.00898699 0.954255
0 2.86 0.0635468 0.00901604 0.928172
0 3.08 0.111748 0.00926424 0.87978
0 3.3 0.193252 0.0102377 0.797264
0 3.52 0.315118 0.0132749 0.672276
0 3.74 0.467167 0.0216769 0.511792
0 3.96 0.611932 0.0441129 0.344589
0 4.18 0.68754 0.109626 0.203412
0 4.4 0.585613 0.319514 0.0955638
0 4.62 0.262284 0.714422 0.0244199
0 4.84 0.0942946 0.901818 0.00506661
0 5.06 0.0421883 0.957465 0.00141846
0 5.28 0.0305954 0.969609 0.000834919
0 5.5 0.044663 0.95485 0.00155268
0 5.72 0.102652 0.892687 0.00576881
0 5.94 0.286721 0.686304 0.0279513
0 6.16 0.605775 0.291104 0.103796
0 6.38 0.686196 0.10029 0.214064
0 6.6 0.601312 0.0410744 0.35817
0 6.82 0.453774 0.0205491 0.526244
0 7.04 0.303207 0.0128513 0.684562
0 7.26 0.184724 0.0100909 0.805902
0 7.48 0.106473 0.00922033 0.885083
0 7.7 0.0605905 0.00900631 0.931122
0 7.92 0.0358229 0.0089868 0.955768
0 8.14 0.023257 0.00900951 0.968187
0 8.36 0.0172031 0.00903265 0.974138
0 8.58 0.0144324 0.00904976 0.976914
0 8.8 0.0132556 0.00906357 0.978171
0 9.02 0.0128542 0.00907928 0.978605
0 9.24 0.0128774 0.00910809 0.978564
0 9.46 0.013221 0.00917188 0.978094
0 9.68 0.0139214 0.00931662 0.977184
0 9.9 0.0151059 0.00963522 0.975638
0 10.12 0.0169704 0.0103115 0.973033
0 10.34 0.0197661 0.0117518 0.968735
0 10.56 0.0237814 0.0149043 0.961454
0 10.78 0.0325437 0.025785 0.94163
0.2 0 0.0126834 0.00962747 0.977746
0.2 0.22 0.0126626 0.00964257 0.977772
0.2 0.44 0.0125856 0.0094347 0.978123
0.2 0.66 0.0125002 0.00928372 0.978454
0.2 0.88 0.0124327 0.00919644 0.978728
0.2 1.1 0.0124056 0.00915028 0.978928
0.2 1.32 0.0124552 0.00912653 0.978982
0.2 1.54 0.012663 0.00911328 0.978796
0.2 1.76 0.0132183 0.00910313 0.978184
0.2 1.98 0.0145439 0.0090913 0.976796
0.2 2.2 0.0175365 0.00907442 0.973802
0.2 2.42 0.0239975 0.00905098 0.96743
0.2 2.64 0.0373311 0.00903014 0.954239
0.2 2.86 0.0634765 0.00905874 0.928185
0.2 3.08 0.111617 0.00930658 0.87985
0.2 3.3 0.193033 0.0102806 0.79742
0.2 3.52 0.314796 0.0133219 0.67253
0.2 3.74 0.466764 0.0217387 0.512106
0.2 3.96 0.611495 0.0442194 0.344885
0.2 4.18 0.687059 0.109848 0.203612
0.2 4.4 0.585086 0.319798 0.0956554
0.2 4.62 0.262125 0.71428 0.0244566
0.2 4.84 0.0941912 0.901664 0.00507275
0.2 5.06 0.0421075 0.957357 0.00141913
0.2 5.28 0.0305233 0.969518 0.000834986
0.2 5.5 0.0445715 0.954746 0.00155319
0.2 5.72 0.102507 0.892572 0.00577399
0.2 5.94 0.286398 0.68634 0.0279792
0.2 6.16 0.605096 0.291563 0.103875
0.2 6.38 0.685686 0.10054 0.214273
0.2 6.6 0.600861 0.0411852 0.358473
0.2 6.82 0.453365 0.0206117 0.526558
0.2 7.04 0.302887 0.0128985 0.684808
0.2 7.26 0.184509 0.0101338 0.80605
0.2 7.48 0.106345 0.00926263 0.885144
0.2 7.7 0.0605225 0.00904889 0.931127
0.2 7.92 0.0357906 0.00902978 0.955744
0.2 8.14 0.0232446 0.00905282 0.968154
0.2 8.36 0.017201 0.00907614 0.974102
0.2 8.58 0.0144354 0.00909334 0.976877
0.2 8.8 0.0132609 0.0091072 0.978134
0.2 9.02 0.0128606 0.00912295 0.978562
0.2 9.24 0.0128843 0.00915187 0.97852
0.2 9.46 0.0132283 0.00921594 0.978046
0.2 9.68 0.0139292 0.00936139 0.977133
0.2 9.9 0.0151144 0.00968166 0.975591
0.2 10.12 0.0169798 0.0103617 0.972978
0.2 10.34 0.0197772 0.0118106 0.968676
0.2 10.56 0.0238044 0.0149896 0.961361
0.2 10.78 0.0325834 0.0259284 0.941446
0.4 0 0.0127069 0.00962149 0.977753
0.4 0.22 0.0126868 0.00963523 0.977749
0.4 0.44 0.0126104 0.00943184 0.978123
0.4 0.66 0.0125254 0.00928339 0.978445
0.4 0.88 0.012458 0.00919709 0.978719
0.4 1.1 0.0124307 0.00915124 0.978913
0.4 1.32 0.0124799 0.00912763 0.978936
0.4 1.54 0.0126867 0.00911453 0.97879
0.4 1.76 0.0132398 0.00910459 0.978165
0.4 1.98 0.0145596 0.0090928 0.976808
0.4 2.2 0.0175394 0.00907585 0.973816
0.4 2.42 0.0239738 0.00905051 0.96745
0.4 2.64 0.037254 0.00903081 0.954293
0.4 2.86 0.0632992 0.00905809 0.928322
0.4 3.08 0.111268 0.00930252 0.880159
0.4 3.3 0.192432 0.0102672 0.797995
0.4 3.52 0.313911 0.0132843 0.673409
0.4 3.74 0.465712 0.0216404 0.513186
0.4 3.96 0.610596 0.0439592 0.34594
0.4 4.18 0.686843 0.10908 0.204478
0.4 4.4 0.586304 0.317773 0.096294
0.4 4.62 0.262887 0.713095 0.0246478
0.4 4.84 0.0941452 0.90145 0.00509843
0.4 5.06 0.0419654 0.957311 0.00142299
0.4 5.28 0.0303765 0.96951 0.000836351
0.4 5.5 0.0444025 0.954725 0.00155669
0.4 5.72 0.102338 0.892481 0.00579644
0.4 5.94 0.286654 0.685699 0.0281436
0.4 6.16 0.605588 0.290337 0.104452
0.4 6.38 0.685242 0.0999999 0.215142
0.4 6.6 0.599881 0.0409804 0.359539
0.4 6.82 0.452284 0.0205303 0.527639
0.4 7.04 0.302002 0.0128669 0.685673
0.4 7.26 0.183918 0.0101227 0.80661
0.4 7.48 0.106006 0.00925928 0.885437
0.4 7.7 0.0603509 0.00904839 0.931251
0.4 7.92 0.0357164 0.00903032 0.95578
0.4 8.14 0.0232225 0.00905389 0.968168
0.4 8.36 0.0172047 0.00907736 0.974105
0.4 8.58 0.0144513 0.00909452 0.976874
0.4 8.8 0.0132825 0.00910832 0.978126
0.4 9.02 0.0128848 0.009124 0.978514
0.4 9.24 0.01291 0.00915294 0.978502
0.4 9.46 0.013255 0.00921707 0.978011
0.4 9.68 0.0139576 0.0093626 0.977071
0.4 9.9 0.0151451 0.0096832 0.975562
0.4 10.12 0.0170139 0.0103637 0.972901
0.4 10.34 0.0198157 0.0118136 0.968645
0.4 10.56 0.023849 0.0149905 0.96133
0.4 10.78 0.0326382 0.0258826 0.941453
0.6 0 0.0127323 0.0096406 0.977764
0.6 0.22 0.0127125 0.00965468 0.977759
0.6 0.44 0.0126366 0.00945281 0.97815
0.6 0.66 0.0125518 0.00930541 0.978474
0.6 0.88 0.0124844 0.00921961 0.978748
0.6 1.1 0.0124569 0.00917391 0.978937
0.6 1.32 0.0125054 0.00915044 0.978963
0.6 1.54 0.0127104 0.00913751 0.978834
0.6 1.76 0.0132588 0.00912777 0.978225
0.6 1.98 0.0145679 0.0091161 0.976884
0.6 2.2 0.0175239 0.00909905 0.973898
0.6 2.42 0.0239088 0.0090732 0.967553
0.6 2.64 0.0370917 0.00905283 0.954464
0.6 2.86 0.0629576 0.0090782 0.928657
0.6 3.08 0.110626 0.00931764 0.880803
0.6 3.3 0.191357 0.0102691 0.799109
0.6 3.52 0.312364 0.0132522 0.675049
0.6 3.74 0.463909 0.021523 0.515155
0.6 3.96 0.609066 0.043609 0.347826
0.6 4.18 0.686431 0.107948 0.20599
0.6 4.4 0.588562 0.31431 0.0974427
0.6 4.62 0.265288 0.710193 0.0250842
0.6 4.84 0.0947594 0.900659 0.00518041
0.6 5.06 0.042077 0.957088 0.00144108
0.6 5.28 0.030397 0.969386 0.000845667
0.6 5.5 0.0445189 0.954496 0.0015765
0.6 5.72 0.10297 0.891668 0.00588819
0.6 5.94 0.289009 0.682807 0.0286199
0.6 6.16 0.607259 0.287455 0.105605
0.6 6.38 0.684572 0.0990756 0.216705
0.6 6.6 0.598227 0.040688 0.361482
0.6 6.82 0.450427 0.020432 0.529633
0.6 7.04 0.300447 0.012842 0.687306
0.6 7.26 0.182854 0.0101273 0.807705
0.6 7.48 0.105376 0.00927543 0.886063
0.6 7.7 0.0600188 0.00906884 0.931574
0.6 7.92 0.0355598 0.00905243 0.955943
0.6 8.14 0.0231607 0.00907673 0.968268
0.6 8.36 0.0171908 0.00910047 0.974182
0.6 8.58 0.0144603 0.00911765 0.97694
0.6 8.8 0.0133021 0.00913136 0.978179
0.6 9.02 0.012909 0.00914694 0.978546
0.6 9.24 0.0129366 0.00917585 0.978521
0.6 9.46 0.0132832 0.00924016 0.97802
0.6 9.68 0.0139876 0.00938615 0.977076
0.6 9.9 0.0151777 0.00970781 0.975576
0.6 10.12 0.0170504 0.0103902 0.972913
0.6 10.34 0.0198573 0.0118437 0.968655
0.6 10.56 0.0238978 0.0150267 0.961326
0.6 10.78 0.0327088 0.0259384 0.941366
0.8 0 0.0127523 0.00965579 0.977799
0.8 0.22 0.0127327 0.00967016 0.977808
0.8 0.44 0.0126572 0.00946881 0.978249
0.8 0.66 0.0125725 0.00932185 0.978585
0.8 0.88 0.012505 0.00923625 0.978852
0.8 1.1 0.012477 0.00919061 0.979034
0.8 1.32 0.0125244 0.00916723 0.979065
0.8 1.54 0.0127265 0.00915448 0.978955
0.8 1.76 0.0132681 0.00914496 0.978369
0.8 1.98 0.0145612 0.00913345 0.977049
0.8 2.2 0.0174824 0.00911639 0.974082
0.8 2.42 0.023795 0.00909018 0.967779
0.8 2.64 0.036836 0.00906882 0.954795
0.8 2.86 0.0624423 0.00909153 0.929222
0.8 3.08 0.109679 0.00932359 0.881801
0.8 3.3 0.189797 0.0102548 0.800761
0.8 3.52 0.310153 0.0131848 0.677439
0.8 3.74 0.461385 0.0213215 0.518007
0.8 3.96 0.607008 0.0430432 0.350552
0.8 4.18 0.686068 0.10618 0.208175
0.8 4.4 0.592221 0.308959 0.0991326
0.8 4.62 0.269354 0.705438 0.0257638
0.8 4.84 0.0959009 0.899313 0.00531022
0.8 5.06 0.0423538 0.95665 0.00146974
0.8 5.28 0.0305193 0.969094 0.000860646
0.8 5.5 0.0448327 0.954024 0.00160888
0.8 5.72 0.104257 0.890163 0.00603987
0.8 5.94 0.293368 0.677668 0.0293946
0.8 6.16 0.610334 0.282638 0.107346
0.8 6.38 0.683891 0.0975269 0.218986
0.8 6.6 0.595993 0.0401852 0.364313
0.8 6.82 0.447814 0.0202521 0.532545
0.8 7.04 0.298213 0.0127831 0.689707
0.8 7.26 0.181304 0.0101165 0.809348
0.8 7.48 0.104445 0.00928278 0.887051
0.8 7.7 0.0595157 0.00908275 0.932134
0.8 7.92 0.0353119 0.00906869 0.956276
0.8 8.14 0.0230513 0.00909387 0.9685
0.8 8.36 0.0171516 0.00911787 0.97437
0.8 8.58 0.0144549 0.00913501 0.977103
0.8 8.8 0.0133121 0.00914854 0.978318
0.8 9.02 0.0129259 0.00916397 0.978662
0.8 9.24 0.0129566 0.00919282 0.978618
0.8 9.46 0.013305 0.00925726 0.978109
0.8 9.68 0.014011 0.00940358 0.977162
0.8 9.9 0.0152034 0.00972597 0.975669
0.8 10.12 0.0170791 0.0104098 0.973013
0.8 10.34 0.0198906 0.011866 0.968764
0.8 10.56 0.0239373 0.0150545 0.961427
0.8 10.78 0.0327633 0.0259853 0.941326
1 0 0.0127665 0.00966642 0.97783
1 0.22 0.0127471 0.00968097 0.977836
1 0.44 0.0126717 0.00947976 0.978254
1 0.66 0.012587 0.00933297 0.978578
1 0.88 0.0125193 0.0092474 0.97883
1 1.1 0.0124907 0.00920174 0.979003
1 1.32 0.0125366 0.00917838 0.979038
1 1.54 0.0127352 0.00916575 0.978945
1 1.76 0.0132683 0.00915644 0.978386
1 1.98 0.0145417 0.00914515 0.977096
1 2.2 0.0174197 0.00912817 0.974165
1 2.42 0.0236425 0.00910167 0.967924
1 2.64 0.0365072 0.00907919 0.955077
1 2.86 0.0617901 0.00909853 0.929793
1 3.08 0.108488 0.00932092 0.8829
1 3.3 0.187839 0.0102252 0.802666
1 3.52 0.307383 0.0130842 0.680268
1 3.74 0.458234 0.0210405 0.521438
1 3.96 0.604486 0.042271 0.353864
1 4.18 0.685779 0.103792 0.210855
1 4.4 0.597309 0.301693 0.101276
1 4.62 0.275296 0.698558 0.0266844
1 4.84 0.0976739 0.897278 0.00548923
1 5.06 0.0428467 0.95596 0.00150947
1 5.28 0.0307836 0.968624 0.000881678
1 5.5 0.0454042 0.953258 0.00165471
1 5.72 0.106329 0.887801 0.00625445
1 5.94 0.299984 0.669962 0.0304694
1 6.16 0.614858 0.275843 0.109585
1 6.38 0.683239 0.0953539 0.221813
1 6.6 0.593243 0.0394748 0.367784
1 6.82 0.444535 0.0199927 0.53608
1 7.04 0.295398 0.0126914 0.692573
1 7.26 0.179346 0.0100906 0.811258
1 7.48 0.103266 0.00928169 0.888148
1 7.7 0.0588749 0.00909042 0.932705
1 7.92 0.0349908 0.00907935 0.956562
1 8.14 0.0229033 0.0091055 0.96865
1 8.36 0.0170913 0.00912973 0.974457
1 8.58 0.0144366 0.00914674 0.97715
1 8.8 0.0133129 0.00916004 0.978333
1 9.02 0.0129351 0.00917527 0.978649
1 9.24 0.0129695 0.00920407 0.978586
1 9.46 0.0133199 0.00926863 0.978071
1 9.68 0.0140275 0.00941523 0.977126
1 9.9 0.0152215 0.00973812 0.97564
1 10.12 0.0170995 0.0104229 0.972989
1 10.34 0.0199143 0.0118811 0.968737
1 10.56 0.0239655 0.0150737 0.961374
1 10.78 0.0328012 0.0260185 0.941271
1.2 0 0.012776 0.00967349 0.977845
1.2 0.22 0.0127566 0.00968813 0.977853
1.2 0.44 0.0126812 0.00948695 0.978281
1.2 0.66 0.0125965 0.00934022 0.978598
1.2 0.88 0.0125285 0.00925464 0.978837
1.2 1.1 0.0124992 0.0092089 0.978999
1.2 1.32 0.0125434 0.00918547 0.979032
1.2 1.54 0.0127381 0.00917288 0.978954
1.2 1.76 0.0132617 0.00916374 0.978422
1.2 1.98 0.0145134 0.0091527 0.977169
1.2 2.2 0.0173437 0.00913588 0.974288
1.2 2.42 0.0234671 0.00910916 0.968129
1.2 2.64 0.0361357 0.00908544 0.955444
1.2 2.86 0.0610576 0.00910077 0.930482
1.2 3.08 0.107152 0.00931136 0.884171
1.2 3.3 0.185642 0.0101826 0.80482
1.2 3.52 0.30427 0.0129543 0.683437
1.2 3.74 0.454699 0.0206872 0.525274
1.2 3.96 0.601705 0.0413078 0.357568
1.2 4.18 0.685686 0.100824 0.21387
1.2 4.4 0.603848 0.292584 0.103778
1.2 4.62 0.283367 0.689307 0.0278479
1.2 4.84 0.100207 0.894474 0.00572018
1.2 5.06 0.0436148 0.955055 0.00156095
1.2 5.28 0.0312346 0.968043 0.000909154
1.2 5.5 0.0462997 0.952223 0.00171496
1.2 5.72 0.109343 0.884472 0.00653648
1.2 5.94 0.309151 0.659398 0.0318501
1.2 6.16 0.620871 0.267132 0.112225
1.2 6.38 0.682748 0.0925912 0.225023
1.2 6.6 0.590187 0.0385696 0.371706
1.2 6.82 0.440826 0.0196596 0.54007
1.2 7.04 0.292209 0.01257 0.695813
1.2 7.26 0.17713 0.0100518 0.813431
1.2 7.48 0.101933 0.00927371 0.889418
1.2 7.7 0.0581488 0.00909329 0.933387
1.2 7.92 0.0346245 0.00908581 0.95692
1.2 8.14 0.0227312 0.00911304 0.968848
1.2 8.36 0.0170172 0.00913743 0.974573
1.2 8.58 0.0144093 0.00915424 0.977215
1.2 8.8 0.0133069 0.00916727 0.978358
1.2 9.02 0.0129384 0.00918236 0.978648
1.2 9.24 0.0129769 0.00921117 0.978572
1.2 9.46 0.0133293 0.0092759 0.978058
1.2 9.68 0.0140382 0.00942277 0.977122
1.2 9.9 0.0152335 0.00974603 0.975645
1.2 10.12 0.0171131 0.0104314 0.973
1.2 10.34 0.0199301 0.0118909 0.968755
1.2 10.56 0.0239842 0.0150863 0.961398
1.2 10.78 0.0328262 0.0260406 0.941256
1.4 0 0.012782 0.00967788 0.977818
1.4 0.22 0.0127626 0.0096926 0.977811
1.4 0.44 0.0126873 0.00949152 0.978188
1.4 0.66 0.0126026 0.00934486 0.978479
1.4 0.88 0.0125343 0.00925925 0.9787
1.4 1.1 0.0125042 0.00921338 0.978847
1.4 1.32 0.0125467 0.00918981 0.978874
1.4 1.54 0.0127374 0.00917717 0.978804
1.4 1.76 0.0132516 0.00916813 0.978296
1.4 1.98 0.0144817 0.00915731 0.977083
1.4 2.2 0.0172644 0.00914067 0.974262
1.4 2.42 0.023288 0.00911373 0.968198
1.4 2.64 0.0357592 0.00908863 0.955689
1.4 2.86 0.0603165 0.00909931 0.931062
1.4 3.08 0.1058 0.00929612 0.885347
1.4 3.3 0.183416 0.0101288 0.806896
1.4 3.52 0.301115 0.0127985 0.686553
1.4 3.74 0.451136 0.0202698 0.529088
1.4 3.96 0.598999 0.0401742 0.361275
1.4 4.18 0.686009 0.0973423 0.216928
1.4 4.4 0.611863 0.281797 0.106466
1.4 4.62 0.293802 0.677461 0.0292342
1.4 4.84 0.103625 0.890767 0.00600193
1.4 5.06 0.0447111 0.953871 0.00162377
1.4 5.28 0.031911 0.967303 0.000942798
1.4 5.5 0.0475773 0.950851 0.00178934
1.4 5.72 0.113442 0.88002 0.00688555
1.4 5.94 0.321114 0.645749 0.0335144
1.4 6.16 0.628392 0.256686 0.115081
1.4 6.38 0.682646 0.0893054 0.228318
1.4 6.6 0.587162 0.0374899 0.375683
1.4 6.82 0.437043 0.0192609 0.544086
1.4 7.04 0.28894 0.0124223 0.699034
1.4 7.26 0.174859 0.0100017 0.815544
1.4 7.48 0.100568 0.00926005 0.890597
1.4 7.7 0.0574058 0.00909242 0.933956
1.4 7.92 0.0342488 0.00908913 0.957148
1.4 8.14 0.0225533 0.00911757 0.968901
1.4 8.36 0.0169387 0.00914213 0.974534
1.4 8.58 0.0143779 0.00915874 0.977116
1.4 8.8 0.0132969 0.00917153 0.978218
1.4 9.02 0.0129379 0.00918653 0.978484
1.4 9.24 0.0129805 0.00921544 0.978404
1.4 9.46 0.013335 0.00928041 0.977899
1.4 9.68 0.0140451 0.00942756 0.976977
1.4 9.9 0.0152414 0.00975111 0.975509
1.4 10.12 0.0171221 0.0104369 0.972866
1.4 10.34 0.0199405 0.0118972 0.968613
1.4 10.56 0.0239965 0.0150945 0.961252
1.4 10.78 0.0328423 0.0260547 0.941206
1.6 0 0.0127855 0.00968038 0.977763
1.6 0.22 0.0127661 0.00969514 0.977745
1.6 0.44 0.0126909 0.00949411 0.978096
1.6 0.66 0.0126061 0.00934745 0.978365
1.6 0.88 0.0125375 0.00926179 0.978568
1.6 1.1 0.0125067 0.00921578 0.978698
1.6 1.32 0.0125477 0.00919201 0.978713
1.6 1.54 0.0127348 0.00917923 0.978642
1.6 1.76 0.0132407 0.00917018 0.97815
1.6 1.98 0.0144519 0.00915949 0.976974
1.6 2.2 0.0171927 0.00914297 0.974213
1.6 2.42 0.0231279 0.00911574 0.968247
1.6 2.64 0.0354231 0.00908905 0.955908
1.6 2.86 0.0596541 0.00909449 0.931595
1.6 3.08 0.10459 0.00927581 0.88642
1.6 3.3 0.181422 0.0100655 0.808782
1.6 3.52 0.2983 0.0126217 0.689378
1.6 3.74 0.448011 0.0198009 0.532538
1.6 3.96 0.596815 0.0389045 0.364623
1.6 4.18 0.687036 0.0934561 0.219726
1.6 4.4 0.621327 0.269633 0.109129
1.6 4.62 0.306753 0.662928 0.0308007
1.6 4.84 0.108036 0.886052 0.00632918
1.6 5.06 0.0461835 0.952354 0.00169647
1.6 5.28 0.0328472 0.96636 0.000981718
1.6 5.5 0.0492855 0.949088 0.00187623
1.6 5.72 0.118739 0.874336 0.00729546
1.6 5.94 0.335974 0.628986 0.0354084
1.6 6.16 0.637373 0.244848 0.117923
1.6 6.38 0.683225 0.0856124 0.231376
1.6 6.6 0.584619 0.0362723 0.379341
1.6 6.82 0.433653 0.0188101 0.547786
1.6 7.04 0.28597 0.0122536 0.702006
1.6 7.26 0.17279 0.00994209 0.817497
1.6 7.48 0.0993252 0.0092414 0.891691
1.6 7.7 0.0567302 0.00908825 0.934486
1.6 7.92 0.0339077 0.00908973 0.957355
1.6 8.14 0.0223912 0.00911955 0.968935
1.6 8.36 0.0168663 0.00914435 0.974473
1.6 8.58 0.0143479 0.00916085 0.976997
1.6 8.8 0.013286 0.00917352 0.978062
1.6 9.02 0.0129353 0.00918852 0.978312
1.6 9.24 0.0129816 0.00921759 0.978232
1.6 9.46 0.0133378 0.0092828 0.977741
1.6 9.68 0.014049 0.00943021 0.976835
1.6 9.9 0.0152461 0.00975395 0.975378
1.6 10.12 0.0171274 0.01044 0.972737
1.6 10.34 0.0199467 0.0119008 0.968487
1.6 10.56 0.024004 0.0150992 0.961145
1.6 10.78 0.0328525 0.0260631 0.941172
1.8 0 0.0127875 0.00968167 0.97769
1.8 0.22 0.0127681 0.00969641 0.977665
1.8 0.44 0.0126927 0.00949532 0.977999
1.8 0.66 0.0126078 0.00934862 0.978252
1.8 0.88 0.012539 0.00926288 0.978437
1.8 1.1 0.0125077 0.00921669 0.978547
1.8 1.32 0.0125476 0.00919268 0.978543
1.8 1.54 0.0127322 0.00917966 0.978459
1.8 1.76 0.0132326 0.00917048 0.977971
1.8 1.98 0.0144309 0.00915979 0.976821
1.8 2.2 0.0171427 0.00914321 0.974111
1.8 2.42 0.0230157 0.00911552 0.968226
1.8 2.64 0.0351852 0.00908698 0.956026
1.8 2.86 0.0591803 0.00908659 0.93195
1.8 3.08 0.103718 0.00925121 0.887179
1.8 3.3 0.179983 0.00999525 0.810145
1.8 3.52 0.29629 0.0124314 0.691431
1.8 3.74 0.445871 0.0193008 0.535039
1.8 3.96 0.595641 0.0375522 0.367037
1.8 4.18 0.689022 0.0893298 0.221805
1.8 4.4 0.632041 0.256589 0.111449
1.8 4.62 0.322113 0.645907 0.0324485
1.8 4.84 0.113479 0.880301 0.00668624
1.8 5.06 0.0480595 0.950476 0.00177543
1.8 5.28 0.0340651 0.965187 0.00102385
1.8 5.5 0.0514463 0.946911 0.00197128
1.8 5.72 0.125248 0.867417 0.00774626
1.8 5.94 0.353487 0.609471 0.0374055
1.8 6.16 0.647584 0.232166 0.120403
1.8 6.38 0.684754 0.0816866 0.233717
1.8 6.6 0.583064 0.0349735 0.382087
1.8 6.82 0.431209 0.0183283 0.550577
1.8 7.04 0.283761 0.0120715 0.704252
1.8 7.26 0.17124 0.00987572 0.818965
1.8 7.48 0.0983957 0.0092186 0.892499
1.8 7.7 0.0562282 0.00908114 0.934857
1.8 7.92 0.0336563 0.00908795 0.957472
1.8 8.14 0.0222728 0.00911941 0.968909
1.8 8.36 0.0168135 0.0091446 0.974366
1.8 8.58 0.0143257 0.00916116 0.976843
1.8 8.8 0.0132774 0.00917385 0.977881
1.8 9.02 0.0129325 0.00918897 0.978123
1.8 9.24 0.0129815 0.00921825 0.978052
1.8 9.46 0.0133389 0.0092837 0.977576
1.8 9.68 0.0140508 0.00943131 0.976687
1.8 9.9 0.0152484 0.00975516 0.97524
1.8 10.12 0.0171301 0.0104413 0.972606
1.8 10.34 0.0199498 0.0119023 0.968365
1.8 10.56 0.024008 0.0151014 0.961049
1.8 10.78 0.032859 0.0260681 0.941148
2 0 0.0127883 0.00968209 0.977584
2 0.22 0.0127689 0.0096968 0.977557
2 0.44 0.0126934 0.0094956 0.977884
2 0.66 0.0126084 0.00934879 0.978122
2 0.88 0.0125395 0.00926289 0.978286
2 1.1 0.012508 0.00921649 0.978371
2 1.32 0.0125476 0.00919221 0.97834
2 1.54 0.0127318 0.0091789 0.978235
2 1.76 0.0132313 0.00916948 0.977737
2 1.98 0.0144271 0.0091586 0.976596
2 2.2 0.0171319 0.00914174 0.973911
2 2.42 0.0229874 0.0091133 0.968069
2 2.64 0.0351171 0.00908253 0.955931
2 2.86 0.0590315 0.0090759 0.931955
2 3.08 0.103428 0.00922354 0.887352
2 3.3 0.179499 0.00992221 0.810565
2 3.52 0.295656 0.0122399 0.692123
2 3.74 0.445394 0.0188016 0.53589
2 3.96 0.596085 0.036202 0.367839
2 4.18 0.692263 0.0852147 0.222624
2 4.4 0.643615 0.243445 0.113022
2 4.62 0.339268 0.62714 0.0340008
2 4.84 0.119824 0.873607 0.00704087
2 5.06 0.0503147 0.948202 0.00185358
2 5.28 0.0355544 0.963729 0.00106537
2 5.5 0.0540198 0.9443 0.00206596
2 5.72 0.132778 0.859429 0.00819665
2 5.94 0.372816 0.588222 0.0392833
2 6.16 0.658626 0.219463 0.122088
2 6.38 0.687555 0.0777843 0.234767
2 6.6 0.583129 0.0336799 0.383217
2 6.82 0.4304 0.0178481 0.551748
2 7.04 0.282881 0.0118882 0.705188
2 7.26 0.170599 0.00980661 0.819538
2 7.48 0.0980153 0.00919283 0.892755
2 7.7 0.0560304 0.00907135 0.934901
2 7.92 0.0335628 0.0090839 0.95739
2 8.14 0.0222318 0.00911732 0.968752
2 8.36 0.0167967 0.00914317 0.974164
2 8.58 0.0143192 0.00916002 0.976619
2 8.8 0.0132749 0.00917292 0.97765
2 9.02 0.0129316 0.00918828 0.977897
2 9.24 0.0129813 0.00921781 0.97784
2 9.46 0.0133392 0.00928348 0.977382
2 9.68 0.0140513 0.00943121 0.976507
2 9.9 0.015249 0.0097551 0.97507
2 10.12 0.017131 0.0104412 0.972451
2 10.34 0.0199511 0.0119024 0.968234
2 10.56 0.0240098 0.015102 0.960951
2 10.78 0.0328625 0.0260705 0.941113
2.2 0 0.0127887 0.00968204 0.977453
2.2 0.22 0.0127694 0.00969675 0.977431
2.2 0.44 0.0126944 0.00949548 0.977766
2.2 0.66 0.0126097 0.00934857 0.977996
2.2 0.88 0.0125409 0.00926251 0.97814
2.2 1.1 0.0125098 0.0092159 0.978197
2.2 1.32 0.0125504 0.00919136 0.978137
2.2 1.54 0.0127374 0.00917774 0.978003
2.2 1.76 0.0132431 0.00916798 0.977483
2.2 1.98 0.0144522 0.0091567 0.976325
2.2 2.2 0.0171835 0.00913928 0.973624
2.2 2.42 0.0230893 0.00910971 0.967753
2.2 2.64 0.0353097 0.00907637 0.955553
2.2 2.86 0.0593791 0.00906344 0.931457
2.2 3.08 0.104024 0.00919521 0.886654
2.2 3.3 0.180459 0.00985315 0.809572
2.2 3.52 0.297092 0.0120656 0.690785
2.2 3.74 0.447385 0.0183509 0.534293
2.2 3.96 0.59885 0.0349756 0.366269
2.2 4.18 0.697071 0.0814611 0.221586
2.2 4.4 0.655451 0.231315 0.11339
2.2 4.62 0.356887 0.608244 0.0351908
2.2 4.84 0.126674 0.866396 0.00733955
2.2 5.06 0.0528442 0.945614 0.00191957
2.2 5.28 0.0372577 0.962016 0.00110035
2.2 5.5 0.0568734 0.941369 0.00214658
2.2 5.72 0.140814 0.850932 0.00857854
2.2 5.94 0.392348 0.567205 0.0407159
2.2 6.16 0.669934 0.207851 0.122486
2.2 6.38 0.691983 0.074248 0.233895
2.2 6.6 0.58555 0.0325111 0.38194
2.2 6.82 0.43204 0.017416 0.55049
2.2 7.04 0.284015 0.0117215 0.704145
2.2 7.26 0.171342 0.00974115 0.818754
2.2 7.48 0.0984747 0.00916629 0.89218
2.2 7.7 0.0562994 0.00905978 0.934464
2.2 7.92 0.033713 0.00907815 0.957035
2.2 8.14 0.0223119 0.00911388 0.968439
2.2 8.36 0.0168375 0.00914073 0.973874
2.2 8.58 0.0143392 0.00915813 0.976345
2.2 8.8 0.0132844 0.00917144 0.977395
2.2 9.02 0.0129362 0.00918716 0.977664
2.2 9.24 0.0129838 0.009217 0.977631
2.2 9.46 0.0133408 0.00928287 0.977191
2.2 9.68 0.0140527 0.00943067 0.976328
2.2 9.9 0.0152504 0.00975455 0.974904
2.2 10.12 0.0171328 0.0104407 0.972306
2.2 10.34 0.0199536 0.0119021 0.968125
2.2 10.56 0.0240132 0.015102 0.96088
2.2 10.78 0.0328654 0.0260717 0.941086
2.4 0 0.0127886 0.00968169 0.977289
2.4 0.22 0.0127697 0.00969646 0.977279
2.4 0.44 0.0126956 0.00949529 0.977653
2.4 0.66 0.0126114 0.00934837 0.977886
2.4 0.88 0.0125432 0.00926219 0.978011
2.4 1.1 0.0125132 0.00921539 0.978042
2.4 1.32 0.0125568 0.00919061 0.977951
2.4 1.54 0.0127509 0.00917666 0.977783
2.4 1.76 0.0132729 0.00916649 0.977226
2.4 1.98 0.0145171 0.00915465 0.976021
2.4 2.2 0.0173212 0.00913637 0.973247
2.4 2.42 0.0233708 0.00910535 0.967245
2.4 2.64 0.0358608 0.00906922 0.9548
2.4 2.86 0.0604061 0.00905059 0.930267
2.4 3.08 0.105824 0.00916984 0.884741
2.4 3.3 0.183368 0.00979812 0.80662
2.4 3.52 0.30128 0.011935 0.686661
2.4 3.74 0.452586 0.0180153 0.529387
2.4 3.96 0.604493 0.0340391 0.361544
2.4 4.18 0.703504 0.078531 0.218109
2.4 4.4 0.666481 0.22167 0.112092
2.4 4.62 0.372638 0.591885 0.0356758
2.4 4.84 0.13323 0.859527 0.00750685
2.4 5.06 0.0554216 0.942934 0.00195765
2.4 5.28 0.0390475 0.960164 0.00112077
2.4 5.5 0.0597387 0.938387 0.00219431
2.4 5.72 0.148383 0.842984 0.00879765
2.4 5.94 0.409484 0.549412 0.0413008
2.4 6.16 0.680538 0.198723 0.121114
2.4 6.38 0.698161 0.0715104 0.230483
2.4 6.6 0.590922 0.0316242 0.377443
2.4 6.82 0.436884 0.0170947 0.545928
2.4 7.04 0.287838 0.0115961 0.700378
2.4 7.26 0.173957 0.00968855 0.816081
2.4 7.48 0.100078 0.00914226 0.890445
2.4 7.7 0.0572081 0.00904767 0.933369
2.4 7.92 0.0341984 0.00907136 0.956323
2.4 8.14 0.0225589 0.00910965 0.967942
2.4 8.36 0.0169579 0.00913783 0.973493
2.4 8.58 0.0143958 0.00915601 0.976032
2.4 8.8 0.0133104 0.00916988 0.977129
2.4 9.02 0.0129481 0.00918604 0.977436
2.4 9.24 0.0129895 0.00921622 0.977435
2.4 9.46 0.013344 0.00928229 0.977016
2.4 9.68 0.0140549 0.00943016 0.976166
2.4 9.9 0.0152525 0.00975406 0.974754
2.4 10.12 0.0171351 0.0104403 0.972183
2.4 10.34 0.0199569 0.0119019 0.968051
2.4 10.56 0.0240175 0.0151021 0.960861
2.4 10.78 0.0328678 0.0260721 0.941068
2.6 0 0.0127881 0.00968123 0.977077
2.6 0.22 0.0127692 0.00969606 0.977057
2.6 0.44 0.012695 0.00949506 0.977394
2.6 0.66 0.0126112 0.00934815 0.9776
2.6 0.88 0.0125438 0.00926189 0.977699
2.6 1.1 0.0125161 0.00921496 0.977704
2.6 1.32 0.0125652 0.00918997 0.977583
2.6 1.54 0.0127721 0.0091757 0.977377
2.6 1.76 0.0133232 0.00916506 0.976768
2.6 1.98 0.0146308 0.00915254 0.975483
2.6 2.2 0.017567 0.00913321 0.972567
2.6 2.42 0.0238796 0.00910052 0.966305
2.6 2.64 0.0368664 0.00906178 0.953378
2.6 2.86 0.0622918 0.00903925 0.927995
2.6 3.08 0.109137 0.00915282 0.881085
2.6 3.3 0.188692 0.00977182 0.800999
2.6 3.52 0.308817 0.0118859 0.678888
2.6 3.74 0.461561 0.017886 0.52029
2.6 3.96 0.6133 0.0336134 0.352952
2.6 4.18 0.711275 0.07702 0.211709
2.6 4.4 0.675115 0.216367 0.108742
2.6 4.62 0.383208 0.581721 0.0350993
2.6 4.84 0.138243 0.854377 0.00745655
2.6 5.06 0.057676 0.940598 0.00194974
2.6 5.28 0.0407112 0.958441 0.00111754
2.6 5.5 0.0621911 0.935846 0.00218785
2.6 5.72 0.154024 0.837193 0.00874867
2.6 5.94 0.42072 0.538716 0.0406376
2.6 6.16 0.689019 0.193761 0.117579
2.6 6.38 0.705882 0.0701094 0.224021
2.6 6.6 0.599577 0.0312213 0.368981
2.6 6.82 0.445514 0.0169679 0.537174
2.6 7.04 0.294938 0.0115464 0.693038
2.6 7.26 0.178896 0.00966211 0.810837
2.6 7.48 0.103118 0.0091256 0.887048
2.6 7.7 0.0589252 0.00903677 0.931249
2.6 7.92 0.0351086 0.00906425 0.954978
2.6 8.14 0.0230171 0.009105 0.967034
2.6 8.36 0.0171782 0.00913471 0.972821
2.6 8.58 0.0144971 0.00915384 0.975487
2.6 8.8 0.0133548 0.00916831 0.976658
2.6 9.02 0.0129666 0.0091849 0.977014
2.6 9.24 0.0129966 0.0092154 0.977048
2.6 9.46 0.0133463 0.00928167 0.976652
2.6 9.68 0.0140551 0.00942962 0.975814
2.6 9.9 0.0152518 0.00975358 0.974415
2.6 10.12 0.0171341 0.0104399 0.971863
2.6 10.34 0.0199556 0.0119017 0.967763
2.6 10.56 0.0240158 0.0151021 0.960622
2.6 10.78 0.0328674 0.0260719 0.940983
2.8 0 0.0127876 0.00968098 0.976859
2.8 0.22 0.0127686 0.00969578 0.976812
2.8 0.44 0.0126943 0.00949469 0.977081
2.8 0.66 0.0126109 0.00934777 0.977238
2.8 0.88 0.0125451 0.00926149 0.977307
2.8 1.1 0.0125209 0.00921448 0.977288
2.8 1.32 0.0125785 0.00918931 0.977139
2.8 1.54 0.0128053 0.00917475 0.976891
2.8 1.76 0.0134014 0.00916365 0.976218
2.8 1.98 0.0148072 0.00915039 0.974816
2.8 2.2 0.0179489 0.00912991 0.971682
2.8 2.42 0.0246716 0.0090956 0.965004
2.8 2.64 0.0384346 0.00905512 0.95131
2.8 2.86 0.0652341 0.00903242 0.924577
2.8 3.08 0.114296 0.00915239 0.875481
2.8 3.3 0.196928 0.0097958 0.792343
2.8 3.52 0.320299 0.0119714 0.666981
2.8 3.74 0.474825 0.0180885 0.506544
2.8 3.96 0.625459 0.0339972 0.340196
2.8 4.18 0.719923 0.0777233 0.202241
2.8 4.4 0.679299 0.217787 0.10316
2.8 4.62 0.384725 0.581952 0.0332065
2.8 4.84 0.140176 0.852607 0.00711894
2.8 5.06 0.0591298 0.939135 0.00188051
2.8 5.28 0.0419711 0.957163 0.00108293
2.8 5.5 0.0636971 0.934339 0.00210956
2.8 5.72 0.155995 0.835443 0.00834939
2.8 5.94 0.422093 0.539419 0.038457
2.8 6.16 0.693595 0.195065 0.111719
2.8 6.38 0.714792 0.0707431 0.214352
2.8 6.6 0.611754 0.0315691 0.356241
2.8 6.82 0.458465 0.0171483 0.523761
2.8 7.04 0.305906 0.0116201 0.681656
2.8 7.26 0.186634 0.00968115 0.802684
2.8 7.48 0.107909 0.00912374 0.881813
2.8 7.7 0.0616356 0.00902986 0.928061
2.8 7.92 0.036544 0.00905784 0.953038
2.8 8.14 0.0237382 0.0091003 0.965796
2.8 8.36 0.0175241 0.00913151 0.971958
2.8 8.58 0.014656 0.00915164 0.974818
2.8 8.8 0.0134247 0.00916672 0.976089
2.8 9.02 0.0129958 0.00918368 0.976502
2.8 9.24 0.013008 0.00921444 0.976572
2.8 9.46 0.01335 0.00928087 0.976198
2.8 9.68 0.0140557 0.00942893 0.975375
2.8 9.9 0.015251 0.00975298 0.973988
2.8 10.12 0.0171327 0.0104394 0.971452
2.8 10.34 0.0199536 0.0119011 0.967378
2.8 10.56 0.0240135 0.0151014 0.960306
2.8 10.78 0.0328665 0.0260715 0.940884
3 0 0.0127875 0.00968106 0.976681
3 0.22 0.0127685 0.00969585 0.976593
3 0.44 0.0126943 0.00949472 0.976756
3 0.66 0.0126117 0.00934781 0.976846
3 0.88 0.0125479 0.00926154 0.976883
3 1.1 0.0125288 0.00921449 0.976842
3 1.32 0.0125984 0.00918919 0.976668
3 1.54 0.0128532 0.00917438 0.976379
3 1.76 0.0135127 0.00916286 0.975628
3 1.98 0.0150567 0.00914888 0.974074
3 2.2 0.0184877 0.00912731 0.970637
3 2.42 0.0257883 0.00909184 0.963375
3 2.64 0.040644 0.00905158 0.948593
3 2.86 0.0693723 0.00903535 0.919946
3 3.08 0.121519 0.00918131 0.867779
3 3.3 0.208351 0.00990138 0.78042
3 3.52 0.335945 0.0122663 0.650715
3 3.74 0.492332 0.0187965 0.488081
3 3.96 0.64046 0.0356079 0.323421
3 4.18 0.728162 0.0817818 0.189899
3 4.4 0.675793 0.229195 0.0953601
3 4.62 0.373329 0.596514 0.0299428
3 4.84 0.13756 0.855793 0.00647287
3 5.06 0.0592811 0.939135 0.00174373
3 5.28 0.0425223 0.95672 0.00101349
3 5.5 0.0637124 0.934496 0.00195289
3 5.72 0.152686 0.839451 0.00757874
3 5.94 0.409637 0.555535 0.0347162
3 6.16 0.691406 0.205484 0.103587
3 6.38 0.723754 0.0743954 0.201686
3 6.6 0.627009 0.0330345 0.339358
3 6.82 0.475726 0.0177906 0.505614
3 7.04 0.320969 0.0118838 0.666013
3 7.26 0.19744 0.0097736 0.791406
3 7.48 0.114658 0.00914808 0.874606
3 7.7 0.0654684 0.00903164 0.92375
3 7.92 0.0385767 0.00905427 0.950505
3 8.14 0.0247598 0.00909672 0.964262
3 8.36 0.0180145 0.00912902 0.970953
3 8.58 0.0148818 0.00915008 0.974082
3 8.8 0.0135248 0.00916574 0.975485
3 9.02 0.0130384 0.00918303 0.975964
3 9.24 0.0130253 0.00921398 0.976069
3 9.46 0.0133566 0.00928055 0.975716
3 9.68 0.0140579 0.00942874 0.974907
3 9.9 0.0152514 0.00975291 0.97353
3 10.12 0.0171323 0.0104394 0.971001
3 10.34 0.0199527 0.0119011 0.96694
3 10.56 0.0240124 0.0151014 0.959937
3 10.78 0.0328662 0.0260716 0.940784
3.2 0 0.0127881 0.00968148 0.976621
3.2 0.22 0.0127692 0.0096963 0.976457
3.2 0.44 0.0126954 0.00949521 0.976343
3.2 0.66 0.0126139 0.00934836 0.976338
3.2 0.88 0.0125528 0.00926213 0.976351
3.2 1.1 0.0125402 0.00921506 0.976299
3.2 1.32 0.0126255 0.00918968 0.976106
3.2 1.54 0.0129168 0.00917469 0.975776
3.2 1.76 0.013659 0.00916281 0.974938
3.2 1.98 0.0153833 0.00914821 0.973197
3.2 2.2 0.0191916 0.00912584 0.969375
3.2 2.42 0.027245 0.00909024 0.961357
3.2 2.64 0.0435215 0.0090537 0.945158
3.2 2.86 0.0747447 0.00905454 0.914024
3.2 3.08 0.130837 0.00925613 0.8579
3.2 3.3 0.222905 0.0101297 0.765215
3.2 3.52 0.355439 0.0128698 0.630277
3.2 3.74 0.513315 0.020247 0.465406
3.2 3.96 0.656982 0.0390505 0.303328
3.2 4.18 0.733657 0.0909741 0.175242
3.2 4.4 0.659592 0.255407 0.0855021
3.2 4.62 0.346389 0.627774 0.0255242
3.2 4.84 0.129567 0.864698 0.00556935
3.2 5.06 0.0577565 0.940924 0.00154723
3.2 5.28 0.0421103 0.957322 0.000912398
3.2 5.5 0.0618542 0.936652 0.00172794
3.2 5.72 0.143266 0.849967 0.00650298
3.2 5.94 0.38053 0.589582 0.0296635
3.2 6.16 0.67797 0.229266 0.0933972
3.2 6.38 0.730652 0.0825901 0.186617
3.2 6.6 0.6441 0.0361448 0.319031
3.2 6.82 0.496583 0.0191045 0.483208
3.2 7.04 0.339842 0.012426 0.646271
3.2 7.26 0.211263 0.00997605 0.776977
3.2 7.48 0.123392 0.00921325 0.865345
3.2 7.7 0.0704576 0.00904782 0.918236
3.2 7.92 0.0412304 0.00905572 0.947311
3.2 8.14 0.0260956 0.00909511 0.962374
3.2 8.36 0.0186566 0.0091276 0.969755
3.2 8.58 0.0151784 0.00914936 0.97323
3.2 8.8 0.013657 0.00916554 0.974801
3.2 9.02 0.0130956 0.00918312 0.975357
3.2 9.24 0.0130495 0.00921423 0.975498
3.2 9.46 0.0133668 0.00928091 0.975165
3.2 9.68 0.0140623 0.00942924 0.974368
3.2 9.9 0.0152536 0.00975356 0.972994
3.2 10.12 0.0171336 0.0104402 0.970455
3.2 10.34 0.0199536 0.011902 0.966344
3.2 10.56 0.0240131 0.0151022 0.959283
3.2 10.78 0.032867 0.0260725 0.940637
3.4 0 0.0127893 0.00968217 0.976804
3.4 0.22 0.0127706 0.00969699 0.976696
3.4 0.44 0.0126972 0.00949592 0.976798
3.4 0.66 0.012617 0.0093491 0.976868
3.4 0.88 0.0125592 0.00926292 0.976905
3.4 1.1 0.0125546 0.00921586 0.976861
3.4 1.32 0.0126589 0.00919044 0.976658
3.4 1.54 0.0129948 0.00917532 0.976291
3.4 1.76 0.0138377 0.00916316 0.975354
3.4 1.98 0.0157815 0.00914813 0.973393
3.4 2.2 0.0200486 0.00912554 0.969108
3.4 2.42 0.0290163 0.00909162 0.960168
3.4 2.64 0.0470123 0.00906416 0.942235
3.4 2.86 0.0812341 0.00909749 0.908062
3.4 3.08 0.141998 0.00939658 0.847147
3.4 3.3 0.240066 0.010531 0.748157
3.4 3.52 0.377798 0.0139063 0.607316
3.4 3.74 0.536218 0.0227559 0.440344
3.4 3.96 0.672845 0.045221 0.281583
3.4 4.18 0.732701 0.108197 0.159306
3.4 4.4 0.623446 0.303391 0.0738928
3.4 4.62 0.304192 0.674944 0.0204639
3.4 4.84 0.11655 0.878835 0.00453197
3.4 5.06 0.054475 0.944534 0.00131412
3.4 5.28 0.040621 0.959033 0.000790368
3.4 5.5 0.0580751 0.9408 0.0014623
3.4 5.72 0.128255 0.866309 0.00527344
3.4 5.94 0.334861 0.640916 0.0238703
3.4 6.16 0.646535 0.272859 0.0815052
3.4 6.38 0.732109 0.0978289 0.17026
3.4 6.6 0.660949 0.0416796 0.296959
3.4 6.82 0.519545 0.0213694 0.458359
3.4 7.04 0.361595 0.0133572 0.624053
3.4 7.26 0.227614 0.010333 0.760806
3.4 7.48 0.133875 0.00933668 0.855318
3.4 7.7 0.076493 0.00908495 0.912762
3.4 7.92 0.0444535 0.0090645 0.944681
3.4 8.14 0.0277217 0.00909613 0.961348
3.4 8.36 0.0194395 0.00912726 0.969575
3.4 8.58 0.0155406 0.00914927 0.973473
3.4 8.8 0.0138189 0.00916584 0.975246
3.4 9.02 0.0131661 0.00918367 0.975893
3.4 9.24 0.0130797 0.00921491 0.976073
3.4 9.46 0.01338 0.0092817 0.975756
3.4 9.68 0.0140685 0.00943015 0.974965
3.4 9.9 0.0152571 0.00975459 0.97359
3.4 10.12 0.017136 0.0104413 0.971044
3.4 10.34 0.0199555 0.0119031 0.966939
3.4 10.56 0.0240149 0.0151034 0.959897
3.4 10.78 0.0328686 0.0260736 0.940818
3.6 0 0.0127909 0.00968292 0.977105
3.6 0.22 0.0127722 0.00969772 0.977041
3.6 0.44 0.0126994 0.00949661 0.97727
3.6 0.66 0.0126205 0.0093498 0.977416
3.6 0.88 0.0125664 0.00926366 0.977492
3.6 1.1 0.0125709 0.00921664 0.977465
3.6 1.32 0.012697 0.0091912 0.977258
3.6 1.54 0.0130835 0.009176 0.976854
3.6 1.76 0.0140409 0.00916367 0.975812
3.6 1.98 0.0162339 0.0091485 0.973607
3.6 2.2 0.0210212 0.00912656 0.968803
3.6 2.42 0.0310229 0.00909684 0.958824
3.6 2.64 0.0509547 0.00908572 0.938935
3.6 2.86 0.088522 0.00917173 0.901351
3.6 3.08 0.1544 0.00962261 0.835139
3.6 3.3 0.258767 0.0111572 0.72939
3.6 3.52 0.401331 0.0155134 0.58265
3.6 3.74 0.558749 0.0267158 0.414234
3.6 3.96 0.685083 0.0554167 0.259483
3.6 4.18 0.719925 0.137988 0.142693
3.6 4.4 0.559384 0.380661 0.0607154
3.6 4.62 0.251271 0.732899 0.0153945
3.6 4.84 0.10012 0.896445 0.00350336
3.6 5.06 0.0497087 0.949653 0.00107284
3.6 5.28 0.0381246 0.961765 0.000661056
3.6 5.5 0.0527146 0.946557 0.00118898
3.6 5.72 0.109565 0.886389 0.00406034
3.6 5.94 0.277214 0.70429 0.0180379
3.6 6.16 0.588678 0.344308 0.0680149
3.6 6.38 0.723205 0.124113 0.153305
3.6 6.6 0.67471 0.0507659 0.274467
3.6 6.82 0.542391 0.0249304 0.432363
3.6 7.04 0.384613 0.0147996 0.600099
3.6 7.26 0.245487 0.0108908 0.742968
3.6 7.48 0.145544 0.00953607 0.844103
3.6 7.7 0.0832778 0.00914971 0.906596
3.6 7.92 0.0480959 0.00908305 0.941714
3.6 8.14 0.0295646 0.00910053 0.960194
3.6 8.36 0.0203283 0.00912811 0.969375
3.6 8.58 0.0159522 0.00914961 0.97375
3.6 8.8 0.0140031 0.00916634 0.975747
3.6 9.02 0.0132464 0.00918434 0.976493
3.6 9.24 0.0131143 0.00921569 0.976715
3.6 9.46 0.0133951 0.00928258 0.976416
3.6 9.68 0.0140757 0.00943113 0.975629
3.6 9.9 0.0152611 0.00975567 0.974249
3.6 10.12 0.0171388 0.0104424 0.971687
3.6 10.34 0.0199578 0.0119042 0.967551
3.6 10.56 0.024017 0.0151044 0.960428
3.6 10.78 0.0328705 0.0260747 0.940992
3.8 0 0.0127921 0.00968337 0.977403
3.8 0.22 0.0127736 0.00969816 0.977365
3.8 0.44 0.0127013 0.00949704 0.977667
3.8 0.66 0.0126239 0.00935023 0.977867
3.8 0.88 0.0125737 0.00926413 0.977978
3.8 1.1 0.0125878 0.00921714 0.977969
3.8 1.32 0.0127367 0.00919171 0.977759
3.8 1.54 0.0131767 0.00917648 0.977318
3.8 1.76 0.0142545 0.00916411 0.976165
3.8 1.98 0.0167094 0.00914917 0.973705
3.8 2.2 0.0220422 0.00912895 0.968357
3.8 2.42 0.0331241 0.00910646 0.957291
3.8 2.64 0.0550661 0.00912016 0.935362
3.8 2.86 0.0960675 0.00928226 0.894251
3.8 3.08 0.167073 0.0099479 0.822659
3.8 3.3 0.277424 0.0120472 0.7103
3.8 3.52 0.423795 0.0178121 0.558266
3.8 3.74 0.578196 0.0325602 0.389253
3.8 3.96 0.690256 0.071391 0.238641
3.8 4.18 0.688635 0.186443 0.125861
3.8 4.4 0.466314 0.487301 0.0467961
3.8 4.62 0.195833 0.792849 0.0109611
3.8 4.84 0.0826143 0.914993 0.00260829
3.8 5.06 0.0439939 0.955664 0.00085089
3.8 5.28 0.0348428 0.965231 0.000538539
3.8 5.5 0.0463855 0.953221 0.000939048
3.8 5.72 0.0898487 0.907333 0.00300906
3.8 5.94 0.216266 0.770399 0.0128928
3.8 6.16 0.50026 0.446932 0.0534892
3.8 6.38 0.697703 0.166977 0.136332
3.8 6.6 0.682104 0.0649012 0.253266
3.8 6.82 0.562463 0.0301575 0.407401
3.8 7.04 0.406728 0.0168578 0.576337
3.8 7.26 0.263378 0.0116833 0.724778
3.8 7.48 0.157489 0.00982353 0.832429
3.8 7.7 0.0903091 0.00924658 0.900066
3.8 7.92 0.0518963 0.00911298 0.938497
3.8 8.14 0.031495 0.00910883 0.958869
3.8 8.36 0.0212615 0.00913017 0.969047
3.8 8.58 0.0163849 0.0091502 0.973917
3.8 8.8 0.0141967 0.00916674 0.976148
3.8 9.02 0.0133306 0.0091848 0.976998
3.8 9.24 0.0131503 0.00921624 0.977265
3.8 9.46 0.0134106 0.00928321 0.976982
3.8 9.68 0.0140827 0.00943183 0.976199
3.8 9.9 0.0152648 0.00975643 0.974812
3.8 10.12 0.0171411 0.0104432 0.972236
3.8 10.34 0.0199596 0.0119049 0.968055
3.8 10.56 0.0240186 0.0151051 0.960842
3.8 10.78 0.0328718 0.0260753 0.941128
4 0 0.0127927 0.00968324 0.977621
4 0.22 0.0127742 0.00969804 0.977603
4 0.44 0.0127025 0.00949693 0.977961
4 0.66 0.0126266 0.00935014 0.978199
4 0.88 0.0125801 0.00926404 0.978333
4 1.1 0.0126033 0.00921707 0.978335
4 1.32 0.0127744 0.00919166 0.97812
4 1.54 0.0132656 0.00917645 0.977641
4 1.76 0.014459 0.00916418 0.976381
4 1.98 0.0171645 0.0091499 0.973676
4 2.2 0.0230172 0.00913254 0.967807
4 2.42 0.035123 0.00912035 0.955706
4 2.64 0.0589544 0.00916721 0.931847
4 2.86 0.103136 0.00942816 0.887441
4 3.08 0.178748 0.0103704 0.810933
4 3.3 0.294105 0.0132025 0.692786
4 3.52 0.442723 0.02085 0.536565
4 3.74 0.591907 0.0406517 0.367672
4 3.96 0.685002 0.0951505 0.220374
4 4.18 0.632884 0.259236 0.108894
4 4.4 0.359922 0.606051 0.0339797
4 4.62 0.146463 0.845809 0.007576
4 4.84 0.0662368 0.932174 0.00191421
4 5.06 0.0379464 0.961921 0.000666714
4 5.28 0.0310695 0.969214 0.000433459
4 5.5 0.0397709 0.960078 0.00073275
4 5.72 0.0715557 0.92658 0.00219647
4 5.94 0.16148 0.829341 0.00892183
4 6.16 0.393045 0.567456 0.0395929
4 6.38 0.649882 0.23176 0.11953
4 6.6 0.679991 0.0857282 0.234817
4 6.82 0.577146 0.0373339 0.385789
4 7.04 0.425533 0.0195658 0.555121
4 7.26 0.279439 0.0127105 0.70805
4 7.48 0.168517 0.0101971 0.821442
4 7.7 0.0969022 0.00937477 0.893794
4 7.92 0.0554923 0.00915406 0.935324
4 8.14 0.0333318 0.00912087 0.957484
4 8.36 0.0221526 0.00913324 0.968612
4 8.58 0.0167989 0.00915079 0.973956
4 8.8 0.0143821 0.00916677 0.97641
4 9.02 0.0134109 0.00918475 0.97736
4 9.24 0.0131843 0.00921621 0.97767
4 9.46 0.0134248 0.00928322 0.977403
4 9.68 0.0140887 0.00943188 0.976622
4 9.9 0.0152675 0.00975651 0.97523
4 10.12 0.0171426 0.0104433 0.972646
4 10.34 0.0199605 0.011905 0.968433
4 10.56 0.0240192 0.0151051 0.961162
4 10.78 0.0328719 0.026075 0.941218
4.2 0 0.0127924 0.00968254 0.97773
4.2 0.22 0.0127741 0.00969735 0.977712
4.2 0.44 0.0127029 0.00949626 0.97806
4.2 0.66 0.0126283 0.00934947 0.978307
4.2 0.88 0.012585 0.00926336 0.978449
4.2 1.1 0.0126161 0.00921638 0.978453
4.2 1.32 0.0128059 0.00919099 0.978225
4.2 1.54 0.0133407 0.00917586 0.977717
4.2 1.76 0.0146318 0.00916388 0.976361
4.2 1.98 0.0175478 0.00915066 0.973453
4.2 2.2 0.023834 0.00913714 0.967147
4.2 2.42 0.036786 0.00913764 0.954186
4.2 2.64 0.0621581 0.00922368 0.928747
4.2 2.86 0.108876 0.00959924 0.881687
4.2 3.08 0.188012 0.0108615 0.801331
4.2 3.3 0.306793 0.0145541 0.678889
4.2 3.52 0.455816 0.0245064 0.519945
4.2 3.74 0.597824 0.050996 0.35153
4.2 3.96 0.667094 0.127922 0.205617
4.2 4.18 0.552631 0.356039 0.09208
4.2 4.4 0.264628 0.711086 0.0240941
4.2 4.62 0.108033 0.886729 0.00529285
4.2 4.84 0.0523566 0.94657 0.00142778
4.2 5.06 0.0320816 0.96787 0.000528239
4.2 5.28 0.0270798 0.973119 0.000352017
4.2 5.5 0.0334373 0.966525 0.000578368
4.2 5.72 0.056203 0.942561 0.00162936
4.2 5.94 0.118684 0.875079 0.00622379
4.2 6.16 0.292449 0.678856 0.0284734
4.2 6.38 0.578885 0.31896 0.103122
4.2 6.6 0.666311 0.114176 0.220191
4.2 6.82 0.584369 0.0464142 0.369611
4.2 7.04 0.438747 0.0228064 0.538789
4.2 7.26 0.291723 0.0139094 0.694699
4.2 7.48 0.177289 0.0106312 0.812376
4.2 7.7 0.102264 0.00952534 0.888426
4.2 7.92 0.0584571 0.00920354 0.932453
4.2 8.14 0.0348604 0.00913594 0.956081
4.2 8.36 0.0228994 0.00913722 0.967997
4.2 8.58 0.0171477 0.00915142 0.973737
4.2 8.8 0.0145386 0.00916646 0.97638
4.2 9.02 0.0134788 0.00918421 0.977411
4.2 9.24 0.0132127 0.00921562 0.977759
4.2 9.46 0.0134362 0.00928261 0.977502
4.2 9.68 0.0140931 0.00943125 0.976721
4.2 9.9 0.015269 0.00975586 0.975322
4.2 10.12 0.0171431 0.0104427 0.972728
4.2 10.34 0.0199605 0.0119044 0.968484
4.2 10.56 0.0240189 0.0151044 0.961161
4.2 10.78 0.0328709 0.0260737 0.941203
4.4 0 0.0127916 0.00968154 0.977757
4.4 0.22 0.0127734 0.00969634 0.977735
4.4 0.44 0.0127025 0.00949521 0.978071
4.4 0.66 0.0126288 0.00934842 0.978317
4.4 0.88 0.0125878 0.00926231 0.978461
4.4 1.1 0.0126244 0.00921532 0.978463
4.4 1.32 0.0128272 0.00918999 0.978222
4.4 1.54 0.0133921 0.00917501 0.977694
4.4 1.76 0.0147496 0.00916346 0.976273
4.4 1.98 0.0178065 0.00915163 0.973228
4.4 2.2 0.0243781 0.00914249 0.966632
4.4 2.42 0.0378751 0.0091565 0.953111
4.4 2.64 0.0642101 0.00928268 0.926667
4.4 2.86 0.112441 0.00977358 0.87798
4.4 3.08 0.193491 0.0113576 0.795388
4.4 3.3 0.313645 0.0159326 0.670692
4.4 3.52 0.46125 0.0283674 0.510678
4.4 3.74 0.594996 0.0626761 0.342681
4.4 3.96 0.637631 0.167444 0.195447
4.4 4.18 0.461242 0.461982 0.0771441
4.4 4.4 0.194147 0.788142 0.0176481
4.4 4.62 0.0809177 0.915299 0.00391631
4.4 4.84 0.0414621 0.957677 0.00112198
4.4 5.06 0.0267805 0.973093 0.000437367
4.4 5.28 0.0231522 0.976908 0.000298367
4.4 5.5 0.0277911 0.972115 0.0004772
4.4 5.72 0.0442967 0.954756 0.00127445
4.4 5.94 0.0886114 0.906911 0.00459459
4.4 6.16 0.216164 0.762605 0.0210622
4.4 6.38 0.494936 0.417101 0.0884979
4.4 6.6 0.641732 0.148352 0.210534
4.4 6.82 0.583024 0.0565782 0.360803
4.4 7.04 0.444507 0.0262106 0.529644
4.4 7.26 0.298432 0.0151301 0.686788
4.4 7.48 0.182501 0.0110702 0.806744
4.4 7.7 0.105601 0.00967923 0.884957
4.4 7.92 0.0603585 0.0092555 0.930523
4.4 8.14 0.0358624 0.00915255 0.955086
4.4 8.36 0.0233973 0.00914197 0.967519
4.4 8.58 0.0173834 0.00915232 0.973522
4.4 8.8 0.0146455 0.00916615 0.976291
4.4 9.02 0.0135253 0.00918351 0.977373
4.4 9.24 0.013232 0.00921477 0.977745
4.4 9.46 0.0134437 0.00928167 0.97749
4.4 9.68 0.0140956 0.00943023 0.976707
4.4 9.9 0.0152694 0.0097548 0.975303
4.4 10.12 0.0171426 0.0104416 0.972703
4.4 10.34 0.0199595 0.0119034 0.968446
4.4 10.56 0.0240176 0.0151032 0.961106
4.4 10.78 0.0328693 0.0260724 0.941168
4.6 0 0.0127904 0.00968029 0.977718
4.6 0.22 0.0127722 0.00969507 0.977694
4.6 0.44 0.0127014 0.00949389 0.978019
4.6 0.66 0.0126282 0.00934708 0.978262
4.6 0.88 0.0125881 0.00926096 0.978405
4.6 1.1 0.0126271 0.009214 0.978406
4.6 1.32 0.0128353 0.00918875 0.97816
4.6 1.54 0.0134116 0.00917399 0.977625
4.6 1.76 0.0147929 0.00916301 0.976184
4.6 1.98 0.0178967 0.00915271 0.973095
4.6 2.2 0.0245536 0.00914785 0.96641
4.6 2.42 0.0381913 0.00917396 0.952736
4.6 2.64 0.0647225 0.00933423 0.926063
4.6 2.86 0.113134 0.00991999 0.877108
4.6 3.08 0.194096 0.0117661 0.794361
4.6 3.3 0.313294 0.0170724 0.669912
4.6 3.52 0.457971 0.0316717 0.510678
4.6 3.74 0.584074 0.0733331 0.342925
4.6 3.96 0.603307 0.205155 0.19185
4.6 4.18 0.383441 0.549576 0.0672775
4.6 4.4 0.149457 0.836455 0.0142394
4.6 4.62 0.0634761 0.933405 0.00322669
4.6 4.84 0.0336497 0.965468 0.000971782
4.6 5.06 0.0224352 0.977237 0.000398258
4.6 5.28 0.0196742 0.980142 0.000279271
4.6 5.5 0.0232209 0.976496 0.000432559
4.6 5.72 0.0358522 0.96322 0.00109913
4.6 5.94 0.0693882 0.926966 0.00377633
4.6 6.16 0.167171 0.815788 0.0170937
4.6 6.38 0.419927 0.50168 0.0787048
4.6 6.6 0.611598 0.181104 0.207743
4.6 6.82 0.573402 0.0658093 0.361188
4.6 7.04 0.441665 0.029115 0.529597
4.6 7.26 0.298215 0.0161398 0.685992
4.6 7.48 0.183112 0.0114328 0.805748
4.6 7.7 0.106261 0.0098092 0.884133
4.6 7.92 0.0608371 0.00930127 0.929961
4.6 8.14 0.0361549 0.00916812 0.954742
4.6 8.36 0.0235585 0.00914684 0.967318
4.6 8.58 0.0174659 0.00915341 0.973403
4.6 8.8 0.0146852 0.00916589 0.976212
4.6 9.02 0.0135432 0.00918275 0.977308
4.6 9.24 0.0132394 0.00921378 0.977683
4.6 9.46 0.0134462 0.00928053 0.977422
4.6 9.68 0.0140959 0.00942899 0.976634
4.6 9.9 0.0152687 0.00975347 0.975225
4.6 10.12 0.0171415 0.0104403 0.972624
4.6 10.34 0.0199582 0.011902 0.968369
4.6 10.56 0.0240161 0.0151018 0.961034
4.6 10.78 0.0328678 0.0260711 0.941129
4.8 0 0.0127888 0.00967884 0.977632
4.8 0.22 0.0127706 0.00969354 0.977602
4.8 0.44 0.0126997 0.00949223 0.977917
4.8 0.66 0.0126263 0.00934531 0.97815
4.8 0.88 0.0125858 0.00925916 0.978288
4.8 1.1 0.0126234 0.00921225 0.978289
4.8 1.32 0.0128278 0.00918714 0.97805
4.8 1.54 0.0133942 0.00917269 0.97753
4.8 1.76 0.0147499 0.00916235 0.97612
4.8 1.98 0.0177912 0.00915351 0.973097
4.8 2.2 0.024302 0.00915209 0.966555
4.8 2.42 0.0376146 0.00918658 0.953195
4.8 2.64 0.0634622 0.00936765 0.927184
4.8 2.86 0.110541 0.0100059 0.879515
4.8 3.08 0.189173 0.0119887 0.798978
4.8 3.3 0.304925 0.0176757 0.677622
4.8 3.52 0.445465 0.0334694 0.52135
4.8 3.74 0.566562 0.0795218 0.354146
4.8 3.96 0.574103 0.227842 0.198077
4.8 4.18 0.33853 0.596352 0.0655998
4.8 4.4 0.127023 0.85979 0.0135254
4.8 4.62 0.0542338 0.942657 0.00313141
4.8 4.84 0.0291072 0.969806 0.000984665
4.8 5.06 0.0196301 0.979768 0.000429036
4.8 5.28 0.0172948 0.982228 0.000312903
4.8 5.5 0.0202922 0.97915 0.000462395
4.8 5.72 0.0309657 0.967907 0.00110717
4.8 5.94 0.059222 0.937189 0.00365196
4.8 6.16 0.142337 0.841684 0.0162496
4.8 6.38 0.374505 0.548487 0.077367
4.8 6.6 0.584307 0.200986 0.214868
4.8 6.82 0.556568 0.0711686 0.372576
4.8 7.04 0.429616 0.0306966 0.540022
4.8 7.26 0.290258 0.0166779 0.693348
4.8 7.48 0.178494 0.0116329 0.810077
4.8 7.7 0.103852 0.00988661 0.886361
4.8 7.92 0.0596753 0.00933141 0.930988
4.8 8.14 0.0356264 0.00917952 0.95516
4.8 8.36 0.0233293 0.00915069 0.96745
4.8 8.58 0.0173704 0.0091542 0.973408
4.8 8.8 0.0146467 0.00916543 0.976161
4.8 9.02 0.0135279 0.00918174 0.97723
4.8 9.24 0.0132331 0.00921249 0.977589
4.8 9.46 0.0134432 0.00927908 0.977314
4.8 9.68 0.0140939 0.00942739 0.976516
4.8 9.9 0.015267 0.00975173 0.975098
4.8 10.12 0.0171397 0.0104384 0.972495
4.8 10.34 0.0199564 0.0119001 0.968248
4.8 10.56 0.0240142 0.0150999 0.960932
4.8 10.78 0.0328655 0.0260691 0.941067
5 0 0.0127873 0.00967755 0.977546
5 0.22 0.0127692 0.00969225 0.97752
5 0.44 0.0126984 0.00949098 0.977841
5 0.66 0.0126244 0.00934404 0.978073
5 0.88 0.012582 0.0092579 0.978212
5 1.1 0.0126145 0.00921109 0.978222
5 1.32 0.012806 0.00918618 0.978002
5 1.54 0.0133406 0.00917208 0.977523
5 1.76 0.0146208 0.0091624 0.976195
5 1.98 0.0174892 0.00915476 0.973348
5 2.2 0.0236205 0.00915541 0.967184
5 2.42 0.0361384 0.00919298 0.954607
5 2.64 0.0604163 0.00937683 0.930152
5 2.86 0.104633 0.0100109 0.885342
5 3.08 0.178655 0.0119615 0.809445
5 3.3 0.288381 0.0175372 0.694234
5 3.52 0.423566 0.033043 0.54361
5 3.74 0.543409 0.0783832 0.378313
5 3.96 0.556971 0.224512 0.218234
5 4.18 0.334339 0.590763 0.0755883
5 4.4 0.125067 0.859466 0.0160326
5 4.62 0.0530116 0.943139 0.00379922
5 4.84 0.0284759 0.970001 0.0012471
5 5.06 0.0192786 0.979759 0.000587204
5 5.28 0.0170008 0.98217 0.000449787
5 5.5 0.0199031 0.979162 0.000626006
5 5.72 0.0302335 0.968169 0.00139033
5 5.94 0.0577961 0.937789 0.00440645
5 6.16 0.139963 0.84139 0.0191633
5 6.38 0.368782 0.5431 0.0885845
5 6.6 0.565873 0.19823 0.235757
5 6.82 0.533205 0.0702072 0.396788
5 7.04 0.408167 0.0303335 0.561768
5 7.26 0.274411 0.0165642 0.709234
5 7.48 0.168582 0.0116139 0.819922
5 7.7 0.0983479 0.00989357 0.891774
5 7.92 0.0568604 0.0093406 0.933721
5 8.14 0.0342706 0.00918559 0.956453
5 8.36 0.0227068 0.0091538 0.968028
5 8.58 0.0170961 0.00915544 0.973648
5 8.8 0.0145303 0.00916565 0.976248
5 9.02 0.0134802 0.00918143 0.977246
5 9.24 0.0132142 0.0092119 0.977568
5 9.46 0.0134359 0.00927831 0.977273
5 9.68 0.0140911 0.00942648 0.976459
5 9.9 0.0152658 0.00975067 0.975027
5 10.12 0.0171391 0.0104373 0.972419
5 10.34 0.0199563 0.011899 0.968183
5 10.56 0.0240143 0.0150988 0.960883
5 10.78 0.0328643 0.0260677 0.94103
5.2 0 0.0127861 0.00967657 0.977477
5.2 0.22 0.012768 0.00969128 0.977451
5.2 0.44 0.0126972 0.00949003 0.977773
5.2 0.66 0.0126221 0.00934315 0.97801
5.2 0.88 0.0125765 0.00925711 0.97816
5.2 1.1 0.0126006 0.00921046 0.978187
5.2 1.32 0.0127711 0.00918577 0.978
5.2 1.54 0.0132545 0.00917204 0.977579
5.2 1.76 0.014415 0.00916296 0.976381
5.2 1.98 0.0170132 0.00915618 0.973808
5.2 2.2 0.0225596 0.0091574 0.968228
5.2 2.42 0.0338697 0.00919253 0.956853
5.2 2.64 0.0557953 0.009361 0.934751
5.2 2.86 0.095781 0.00993449 0.894213
5.2 3.08 0.163078 0.011684 0.825226
5.2 3.3 0.26416 0.0166509 0.71926
5.2 3.52 0.392211 0.0303371 0.577589
5.2 3.74 0.513483 0.0696029 0.416923
5.2 3.96 0.549845 0.193557 0.256044
5.2 4.18 0.372656 0.524411 0.103502
5.2 4.4 0.148116 0.828358 0.0245706
5.2 4.62 0.062351 0.931648 0.00607211
5.2 4.84 0.0335012 0.964106 0.00208064
5.2 5.06 0.0229311 0.975569 0.00105539
5.2 5.28 0.02032 0.978379 0.000843961
5.2 5.5 0.0236156 0.974877 0.00111364
5.2 5.72 0.0354538 0.961988 0.00229832
5.2 5.94 0.0678146 0.925306 0.00698955
5.2 6.16 0.164806 0.807162 0.0290028
5.2 6.38 0.403559 0.478182 0.118553
5.2 6.6 0.554353 0.171424 0.273842
5.2 6.82 0.502326 0.0626386 0.435136
5.2 7.04 0.377346 0.0279743 0.594861
5.2 7.26 0.25119 0.015792 0.733138
5.2 7.48 0.153895 0.0113748 0.834765
5.2 7.7 0.0900961 0.00982922 0.900023
5.2 7.92 0.0525871 0.0093281 0.937963
5.2 8.14 0.0321856 0.00918584 0.958516
5.2 8.36 0.021737 0.00915584 0.968989
5.2 8.58 0.0166633 0.00915688 0.974081
5.2 8.8 0.0143443 0.00916634 0.976436
5.2 9.02 0.0134031 0.00918162 0.977323
5.2 9.24 0.0131834 0.00921178 0.977589
5.2 9.46 0.0134241 0.00927803 0.977268
5.2 9.68 0.0140869 0.00942608 0.976435
5.2 9.9 0.0152645 0.00975015 0.974989
5.2 10.12 0.017139 0.0104366 0.972371
5.2 10.34 0.0199568 0.0118983 0.968135
5.2 10.56 0.0240153 0.0150981 0.960842
5.2 10.78 0.0328639 0.0260668 0.941007
5.4 0 0.0127847 0.00967578 0.977413
5.4 0.22 0.0127663 0.00969049 0.977386
5.4 0.44 0.0126945 0.00948928 0.97771
5.4 0.66 0.0126176 0.00934248 0.977954
5.4 0.88 0.0125677 0.00925659 0.978117
5.4 1.1 0.012581 0.0092101 0.978167
5.4 1.32 0.0127242 0.00918563 0.978022
5.4 1.54 0.0131421 0.00917224 0.977672
5.4 1.76 0.01415 0.00916369 0.976637
5.4 1.98 0.0164062 0.00915745 0.974409
5.4 2.2 0.0212166 0.009158 0.969568
5.4 2.42 0.0310152 0.00918644 0.959706
5.4 2.64 0.050008 0.00932585 0.940552
5.4 2.86 0.0847206 0.00979728 0.905369
5.4 3.08 0.143565 0.0112245 0.845129
5.4 3.3 0.233496 0.0152319 0.751245
5.4 3.52 0.351683 0.0260617 0.622276
5.4 3.74 0.473733 0.0559211 0.470256
5.4 3.96 0.540634 0.145418 0.31322
5.4 4.18 0.442456 0.399468 0.157708
5.4 4.4 0.212023 0.74162 0.0480197
5.4 4.62 0.0917076 0.895805 0.01314
5.4 4.84 0.0492559 0.945946 0.00472076
5.4 5.06 0.0341431 0.963015 0.00251614
5.4 5.28 0.0304715 0.9671 0.00206339
5.4 5.5 0.0350724 0.962004 0.00263792
5.4 5.72 0.05198 0.942812 0.00517588
5.4 5.94 0.099435 0.886288 0.0149674
5.4 6.16 0.232626 0.713426 0.0554001
5.4 6.38 0.464334 0.360886 0.174263
5.4 6.6 0.539057 0.129753 0.330632
5.4 6.82 0.461455 0.0507757 0.487744
5.4 7.04 0.337625 0.0242278 0.638202
5.4 7.26 0.221844 0.0145479 0.763621
5.4 7.48 0.13551 0.0109748 0.853471
5.4 7.7 0.0797852 0.00971142 0.910401
5.4 7.92 0.0472333 0.00929876 0.943321
5.4 8.14 0.0295605 0.00918126 0.96114
5.4 8.36 0.0205081 0.00915673 0.970221
5.4 8.58 0.0161103 0.00915819 0.974639
5.4 8.8 0.0141038 0.00916713 0.976679
5.4 9.02 0.0133013 0.00918192 0.977426
5.4 9.24 0.0131411 0.00921181 0.977623
5.4 9.46 0.0134064 0.00927793 0.977274
5.4 9.68 0.014079 0.0094259 0.976423
5.4 9.9 0.0152603 0.00974991 0.974964
5.4 10.12 0.0171359 0.0104363 0.972334
5.4 10.34 0.0199539 0.0118978 0.968094
5.4 10.56 0.0240121 0.0150975 0.960806
5.4 10.78 0.0328625 0.026066 0.940989
5.6 0 0.0127835 0.00967525 0.977358
5.6 0.22 0.0127647 0.00968991 0.977327
5.6 0.44 0.0126918 0.00948863 0.977645
5.6 0.66 0.0126129 0.00934183 0.97789
5.6 0.88 0.0125581 0.00925602 0.978064
5.6 1.1 0.0125588 0.00920967 0.978135
5.6 1.32 0.0126713 0.00918537 0.978032
5.6 1.54 0.0130155 0.00917227 0.977756
5.6 1.76 0.0138531 0.00916418 0.976905
5.6 1.98 0.0157288 0.00915828 0.975061
5.6 2.2 0.0197229 0.0091575 0.971045
5.6 2.42 0.0278493 0.0091771 0.962866
5.6 2.64 0.0435984 0.00928116 0.946987
5.6 2.86 0.0724493 0.00963303 0.917775
5.6 3.08 0.121737 0.0106914 0.867442
5.6 3.3 0.198481 0.0136213 0.787801
5.6 3.52 0.303419 0.0213303 0.675196
5.6 3.74 0.421732 0.0414644 0.536701
5.6 3.96 0.51411 0.0968648 0.388446
5.6 4.18 0.505706 0.252698 0.240303
5.6 4.4 0.336531 0.557667 0.106781
5.6 4.62 0.168737 0.796249 0.0369741
5.6 4.84 0.0925545 0.893773 0.014599
5.6 5.06 0.0643687 0.927866 0.00810727
5.6 5.28 0.057571 0.935899 0.00673661
5.6 5.5 0.0660461 0.925869 0.00846624
5.6 5.72 0.0974722 0.887629 0.0158731
5.6 5.94 0.181305 0.779261 0.0413228
5.6 6.16 0.358076 0.523969 0.118541
5.6 6.38 0.51432 0.22806 0.256447
5.6 6.6 0.5071 0.0875521 0.404879
5.6 6.82 0.408914 0.038126 0.552889
5.6 7.04 0.290631 0.0200559 0.689285
5.6 7.26 0.188442 0.013129 0.798367
5.6 7.48 0.114972 0.0105083 0.87442
5.6 7.7 0.0683499 0.00956938 0.92194
5.6 7.92 0.0413029 0.00926096 0.949265
5.6 8.14 0.026648 0.00917381 0.964041
5.6 8.36 0.0191406 0.00915661 0.97157
5.6 8.58 0.0154927 0.00915906 0.975235
5.6 8.8 0.0138341 0.00916762 0.976923
5.6 9.02 0.0131868 0.009182 0.977515
5.6 9.24 0.0130932 0.00921165 0.97764
5.6 9.46 0.0133864 0.00927765 0.977262
5.6 9.68 0.0140702 0.00942559 0.976396
5.6 9.9 0.0152557 0.00974957 0.974929
5.6 10.12 0.0171328 0.0104359 0.972288
5.6 10.34 0.0199512 0.0118972 0.968044
5.6 10.56 0.0240094 0.0150969 0.960761
5.6 10.78 0.0328613 0.0260652 0.940968
5.8 0 0.0127826 0.00967517 0.977326
5.8 0.22 0.0127636 0.00968978 0.977293
5.8 0.44 0.0126898 0.00948843 0.977608
5.8 0.66 0.0126088 0.00934158 0.97785
5.8 0.88 0.0125487 0.00925577 0.978029
5.8 1.1 0.0125365 0.00920948 0.978114
5.8 1.32 0.0126175 0.00918531 0.978044
5.8 1.54 0.0128869 0.00917245 0.977846
5.8 1.76 0.0135517 0.00916477 0.977174
5.8 1.98 0.015043 0.00915912 0.975723
5.8 2.2 0.0182148 0.00915693 0.97254
5.8 2.42 0.0246584 0.00916774 0.96606
5.8 2.64 0.0371394 0.00923749 0.953489
5.8 2.86 0.0600454 0.00947557 0.930335
5.8 3.08 0.0994488 0.0101897 0.890223
5.8 3.3 0.161869 0.0121373 0.825876
5.8 3.52 0.250427 0.0171119 0.732382
5.8 3.74 0.35822 0.0293661 0.612342
5.8 3.96 0.462035 0.0597318 0.477944
5.8 4.18 0.519042 0.136877 0.343001
5.8 4.4 0.472968 0.311489 0.214214
5.8 4.62 0.333266 0.557319 0.110588
5.8 4.84 0.212582 0.734949 0.0549136
5.8 5.06 0.153822 0.814827 0.0335448
5.8 5.28 0.138439 0.835042 0.0285369
5.8 5.5 0.157464 0.809933 0.0348016
5.8 5.72 0.221772 0.721887 0.0586774
5.8 5.94 0.348389 0.533175 0.119273
5.8 6.16 0.483227 0.28807 0.227345
5.8 6.38 0.516681 0.124884 0.357539
5.8 6.6 0.451896 0.0549005 0.492947
5.8 6.82 0.345909 0.0274158 0.626621
5.8 7.04 0.239413 0.01631 0.744229
5.8 7.26 0.15364 0.0118154 0.834466
5.8 7.48 0.0940314 0.0100675 0.895789
5.8 7.7 0.0567955 0.0094327 0.933624
5.8 7.92 0.0353261 0.00922386 0.955273
5.8 8.14 0.0237112 0.00916629 0.966977
5.8 8.36 0.0177591 0.00915644 0.97294
5.8 8.58 0.0148672 0.00915997 0.975843
5.8 8.8 0.0135602 0.00916823 0.977173
5.8 9.02 0.0130702 0.00918222 0.977605
5.8 9.24 0.0130446 0.00921164 0.977661
5.8 9.46 0.0133662 0.00927755 0.977255
5.8 9.68 0.0140615 0.00942547 0.976378
5.8 9.9 0.0152516 0.00974945 0.974907
5.8 10.12 0.0171303 0.0104357 0.972257
5.8 10.34 0.0199493 0.0118971 0.968016
5.8 10.56 0.024008 0.0150967 0.96074
5.8 10.78 0.0328608 0.026065 0.940956
6 0 0.0127823 0.00967558 0.977324
6 0.22 0.012763 0.00969016 0.977289
6 0.44 0.0126883 0.00948871 0.977598
6 0.66 0.0126052 0.00934176 0.977836
6 0.88 0.0125401 0.00925592 0.978014
6 1.1 0.0125157 0.00920966 0.978108
6 1.32 0.012567 0.00918557 0.978067
6 1.54 0.012766 0.00917291 0.977938
6 1.76 0.0132693 0.00916558 0.97743
6 1.98 0.0144024 0.0091602 0.976341
6 2.2 0.0168094 0.00915691 0.973932
6 2.42 0.0216901 0.00916053 0.969033
6 2.64 0.0311328 0.00920208 0.959537
6 2.86 0.0484768 0.00934754 0.942041
6 3.08 0.0784657 0.0097863 0.911617
6 3.3 0.126634 0.0109687 0.862282
6 3.52 0.197065 0.0139065 0.788946
6 3.74 0.288119 0.02077 0.69106
6 3.96 0.387865 0.0361899 0.575848
6 4.18 0.473016 0.0701292 0.456421
6 4.4 0.513826 0.14066 0.344292
6 4.62 0.491571 0.259894 0.246922
6 4.84 0.426582 0.399471 0.173367
6 5.06 0.367125 0.502872 0.130715
6 5.28 0.346168 0.536849 0.118133
6 5.5 0.371617 0.495311 0.133673
6 5.72 0.433583 0.386034 0.179662
6 5.94 0.496311 0.245798 0.256307
6 6.16 0.512132 0.130989 0.355805
6 6.38 0.465262 0.065143 0.469247
6 6.6 0.377107 0.0338691 0.588917
6 6.82 0.277348 0.0197167 0.702907
6 7.04 0.188173 0.0134437 0.798342
6 7.26 0.120251 0.0107763 0.868903
6 7.48 0.0743424 0.00971194 0.915842
6 7.7 0.0460222 0.00932133 0.944517
6 7.92 0.0297667 0.00919382 0.960869
6 8.14 0.0209783 0.00916064 0.969719
6 8.36 0.0164712 0.00915681 0.974224
6 8.58 0.0142825 0.00916111 0.976412
6 8.8 0.0133034 0.00916901 0.977406
6 9.02 0.0129605 0.00918262 0.977689
6 9.24 0.0129988 0.00921184 0.977683
6 9.46 0.0133472 0.00927768 0.977254
6 9.68 0.0140536 0.00942561 0.976371
6 9.9 0.015248 0.00974959 0.974898
6 10.12 0.0171284 0.0104359 0.972244
6 10.34 0.0199481 0.0118972 0.968009
6 10.56 0.0240073 0.015097 0.960736
6 10.78 0.032861 0.0260656 0.940958
6.2 0 0.0127825 0.00967642 0.977363
6.2 0.22 0.012763 0.00969095 0.977325
6.2 0.44 0.0126875 0.00948935 0.977626
6.2 0.66 0.0126025 0.00934228 0.977857
6.2 0.88 0.0125329 0.0092564 0.978034
6.2 1.1 0.0124976 0.00921014 0.978134
6.2 1.32 0.0125227 0.00918613 0.978116
6.2 1.54 0.0126602 0.00917363 0.978046
6.2 1.76 0.0130229 0.00916661 0.977676
6.2 1.98 0.0138449 0.00916154 0.976898
6.2 2.2 0.01559 0.00915766 0.975157
6.2 2.42 0.0191201 0.00915634 0.971621
6.2 2.64 0.0259364 0.00917781 0.964781
6.2 2.86 0.0384509 0.00925724 0.952188
6.2 3.08 0.0601517 0.00950242 0.930249
6.2 3.3 0.0953405 0.0101604 0.894418
6.2 3.52 0.147931 0.0117605 0.840258
6.2 3.74 0.218936 0.0153464 0.765705
6.2 3.96 0.303341 0.022826 0.673839
6.2 4.18 0.388804 0.0374173 0.573712
6.2 4.4 0.458821 0.0636336 0.477203
6.2 4.62 0.500524 0.104376 0.394253
6.2 4.84 0.513386 0.154095 0.331146
6.2 5.06 0.510234 0.196021 0.292126
6.2 5.28 0.507163 0.211367 0.27982
6.2 5.5 0.510688 0.192698 0.295018
6.2 5.72 0.512913 0.148998 0.336784
6.2 5.94 0.497411 0.0995362 0.402292
6.2 6.16 0.45239 0.0602033 0.487124
6.2 6.38 0.379934 0.0353953 0.584636
6.2 6.6 0.293784 0.0217485 0.684455
6.2 6.82 0.210346 0.0148116 0.774864
6.2 7.04 0.141229 0.0115132 0.847262
6.2 7.26 0.0906669 0.0100547 0.899251
6.2 7.48 0.0571725 0.00946112 0.933301
6.2 7.7 0.0366862 0.00924281 0.953967
6.2 7.92 0.0249558 0.00917341 0.965731
6.2 8.14 0.0186109 0.00915759 0.972114
6.2 8.36 0.015353 0.00915782 0.975354
6.2 8.58 0.0137733 0.00916243 0.97692
6.2 8.8 0.0130789 0.00916991 0.977624
6.2 9.02 0.0128644 0.00918318 0.977781
6.2 9.24 0.0129586 0.00921224 0.977726
6.2 9.46 0.0133308 0.00927806 0.977284
6.2 9.68 0.0140469 0.009426 0.976397
6.2 9.9 0.0152452 0.00974997 0.974922
6.2 10.12 0.0171271 0.0104362 0.972267
6.2 10.34 0.0199475 0.0118976 0.968033
6.2 10.56 0.0240071 0.0150975 0.96076
6.2 10.78 0.0328619 0.0260669 0.940981
6.4 0 0.0127835 0.00967763 0.977456
6.4 0.22 0.0127638 0.00969215 0.977422
6.4 0.44 0.0126877 0.00949049 0.977732
6.4 0.66 0.0126011 0.00934335 0.977966
6.4 0.88 0.0125278 0.00925742 0.978144
6.4 1.1 0.0124835 0.00921118 0.97825
6.4 1.32 0.012487 0.00918721 0.978249
6.4 1.54 0.0125739 0.00917485 0.978223
6.4 1.76 0.0128216 0.0091681 0.977964
6.4 1.98 0.0133907 0.0091634 0.977436
6.4 2.2 0.0145994 0.00915941 0.976234
6.4 2.42 0.0170378 0.00915531 0.973796
6.4 2.64 0.0217328 0.00916433 0.969095
6.4 2.86 0.0303374 0.00920203 0.960457
6.4 3.08 0.0452677 0.00932561 0.945411
6.4 3.3 0.0696058 0.00966111 0.920753
6.4 3.52 0.106486 0.0104677 0.883094
6.4 3.74 0.157714 0.0122241 0.830143
6.4 3.96 0.221821 0.0157094 0.762576
6.4 4.18 0.292727 0.0219915 0.685381
6.4 4.4 0.360716 0.0321183 0.607212
6.4 4.62 0.41616 0.0461802 0.537601
6.4 4.84 0.453833 0.0619872 0.483922
6.4 5.06 0.474048 0.0747949 0.450729
6.4 5.28 0.479805 0.0794294 0.440281
6.4 5.5 0.472597 0.0737779 0.45321
6.4 5.72 0.450626 0.0603925 0.488752
6.4 5.94 0.410973 0.04457 0.544424
6.4 6.16 0.353819 0.0308537 0.615401
6.4 6.38 0.284991 0.0211561 0.69398
6.4 6.6 0.214367 0.015222 0.770506
6.4 6.82 0.151435 0.0119676 0.836729
6.4 7.04 0.101764 0.0103449 0.888007
6.4 7.26 0.0663738 0.00960777 0.924102
6.4 7.48 0.0432239 0.00930485 0.947515
6.4 7.7 0.0291297 0.00919504 0.96168
6.4 7.92 0.021062 0.00916237 0.96974
6.4 8.14 0.0166914 0.00915723 0.974131
6.4 8.36 0.0144438 0.00915965 0.976348
6.4 8.58 0.013358 0.00916418 0.977413
6.4 8.8 0.0128955 0.00917126 0.977887
6.4 9.02 0.0127859 0.00918424 0.977946
6.4 9.24 0.0129261 0.00921316 0.977853
6.4 9.46 0.0133179 0.00927895 0.9774
6.4 9.68 0.0140421 0.00942686 0.97651
6.4 9.9 0.0152438 0.00975079 0.975032
6.4 10.12 0.0171271 0.0104371 0.972377
6.4 10.34 0.0199482 0.0118986 0.968145
6.4 10.56 0.0240084 0.0150987 0.960864
6.4 10.78 0.0328639 0.0260688 0.941042
6.6 0 0.0127846 0.00967884 0.977568
6.6 0.22 0.0127648 0.00969337 0.977544
6.6 0.44 0.0126882 0.00949168 0.977877
6.6 0.66 0.0126005 0.0093445 0.978124
6.6 0.88 0.0125242 0.00925854 0.978306
6.6 1.1 0.0124728 0.0092123 0.978417
6.6 1.32 0.0124594 0.00918835 0.978425
6.6 1.54 0.0125072 0.00917609 0.978431
6.6 1.76 0.0126664 0.0091696 0.978254
6.6 1.98 0.013042 0.0091653 0.977916
6.6 2.2 0.0138418 0.00916159 0.977124
6.6 2.42 0.0154511 0.00915636 0.975521
6.6 2.64 0.0185382 0.00915878 0.972436
6.6 2.86 0.0241792 0.00917309 0.966784
6.6 3.08 0.0339535 0.00922793 0.956959
6.6 3.3 0.049914 0.00938335 0.940856
6.6 3.52 0.074275 0.00975887 0.916147
6.6 3.74 0.108673 0.0105644 0.880972
6.6 3.96 0.153048 0.0121143 0.835069
6.6 4.18 0.204629 0.0147797 0.78082
6.6 4.4 0.257898 0.0188143 0.723502
6.6 4.62 0.306038 0.0240314 0.670162
6.6 4.84 0.343225 0.0295207 0.627448
6.6 5.06 0.366028 0.0337558 0.600381
6.6 5.28 0.373143 0.0352503 0.591767
6.6 5.5 0.364321 0.0334231 0.602422
6.6 5.72 0.339878 0.0289785 0.631349
6.6 5.94 0.301303 0.0234505 0.675488
6.6 6.16 0.25229 0.0183251 0.729633
6.6 6.38 0.198862 0.0144341 0.786975
6.6 6.6 0.147816 0.0119017 0.84052
6.6 6.82 0.104431 0.0104485 0.8854
6.6 7.04 0.071152 0.00970236 0.919407
6.6 7.26 0.0477989 0.00935883 0.94307
6.6 7.48 0.0326208 0.00921869 0.958348
6.6 7.7 0.0233918 0.00917029 0.967589
6.6 7.92 0.018101 0.00915816 0.972853
6.6 8.14 0.0152276 0.0091586 0.975736
6.6 8.36 0.0137479 0.00916182 0.977179
6.6 8.58 0.0130389 0.00916602 0.977867
6.6 8.8 0.012754 0.0091727 0.978166
6.6 9.02 0.0127252 0.00918538 0.978146
6.6 9.24 0.0129009 0.00921412 0.978019
6.6 9.46 0.013308 0.00927981 0.977556
6.6 9.68 0.0140386 0.00942768 0.976664
6.6 9.9 0.0152429 0.00975159 0.975189
6.6 10.12 0.0171274 0.0104379 0.972538
6.6 10.34 0.0199492 0.0118995 0.968309
6.6 10.56 0.0240097 0.0150999 0.961014
6.6 10.78 0.0328658 0.0260706 0.941114
6.8 0 0.0127854 0.00967973 0.977661
6.8 0.22 0.0127655 0.00969426 0.97765
6.8 0.44 0.0126886 0.00949255 0.978025
6.8 0.66 0.0126 0.00934534 0.97829
6.8 0.88 0.0125215 0.00925935 0.978479
6.8 1.1 0.0124648 0.00921309 0.978591
6.8 1.32 0.0124389 0.00918913 0.978603
6.8 1.54 0.0124579 0.00917695 0.978628
6.8 1.76 0.0125528 0.00917069 0.97851
6.8 1.98 0.0127883 0.0091668 0.978309
6.8 2.2 0.013294 0.00916357 0.977812
6.8 2.42 0.0143095 0.00915826 0.976806
6.8 2.64 0.0162493 0.00915792 0.974874
6.8 2.86 0.019779 0.00916081 0.971343
6.8 3.08 0.0258764 0.00918073 0.965221
6.8 3.3 0.0358224 0.00924447 0.955216
6.8 3.52 0.0510393 0.00940411 0.939863
6.8 3.74 0.0726954 0.00974755 0.917886
6.8 3.96 0.101086 0.010399 0.88886
6.8 4.18 0.134982 0.0114903 0.853861
6.8 4.4 0.171372 0.0130867 0.815854
6.8 4.62 0.205912 0.015075 0.779363
6.8 4.84 0.23404 0.017095 0.749202
6.8 5.06 0.2521 0.0186118 0.729624
6.8 5.28 0.257888 0.0191393 0.723316
6.8 5.5 0.250731 0.0184934 0.731113
6.8 5.72 0.231458 0.0168978 0.751995
6.8 5.94 0.202442 0.0148569 0.783062
6.8 6.16 0.167475 0.0128964 0.819995
6.8 6.38 0.131148 0.0113509 0.8579
6.8 6.6 0.097718 0.0103107 0.892343
6.8 6.82 0.0700201 0.00969867 0.920697
6.8 7.04 0.0490913 0.00938031 0.941925
6.8 7.26 0.0345089 0.0092345 0.956622
6.8 7.48 0.0250491 0.00917736 0.966107
6.8 7.7 0.0192896 0.00916011 0.971855
6.8 7.92 0.0159778 0.00915792 0.975131
6.8 8.14 0.0141736 0.00916063 0.976941
6.8 8.36 0.0132444 0.00916382 0.977831
6.8 8.58 0.0128067 0.00916754 0.978248
6.8 8.8 0.0126503 0.0091738 0.978418
6.8 9.02 0.0126802 0.00918617 0.978336
6.8 9.24 0.0128821 0.00921472 0.978185
6.8 9.46 0.0133004 0.00928033 0.977717
6.8 9.68 0.0140358 0.00942814 0.976826
6.8 9.9 0.0152421 0.00975207 0.975357
6.8 10.12 0.0171275 0.0104384 0.972712
6.8 10.34 0.0199497 0.0119001 0.968493
6.8 10.56 0.0240105 0.0151006 0.961196
6.8 10.78 0.0328669 0.0260719 0.941186
7 0 0.0127858 0.00968028 0.977719
7 0.22 0.0127659 0.00969483 0.977707
7 0.44 0.0126888 0.00949314 0.978066
7 0.66 0.0125995 0.00934594 0.978332
7 0.88 0.0125195 0.00925991 0.978522
7 1.1 0.012459 0.0092136 0.978633
7 1.32 0.0124243 0.00918963 0.978643
7 1.54 0.0124233 0.00917751 0.978678
7 1.76 0.0124737 0.00917146 0.978598
7 1.98 0.0126132 0.00916794 0.978489
7 2.2 0.0129186 0.00916522 0.978188
7 2.42 0.0135318 0.00916032 0.977584
7 2.64 0.014698 0.00915932 0.976426
7 2.86 0.0168093 0.00915765 0.974316
7 3.08 0.0204404 0.00916199 0.970674
7 3.3 0.0263452 0.00918347 0.964747
7 3.52 0.0353707 0.00924355 0.955683
7 3.74 0.0482447 0.00937742 0.942697
7 3.96 0.0652391 0.00963273 0.925463
7 4.18 0.085792 0.0100563 0.904475
7 4.4 0.108287 0.0106659 0.881348
7 4.62 0.130164 0.0114109 0.858773
7 4.84 0.148444 0.0121548 0.839741
7 5.06 0.160438 0.0127063 0.827199
7 5.28 0.16433 0.0128968 0.823128
7 5.5 0.159524 0.0126634 0.828162
7 5.72 0.146751 0.0120825 0.841527
7 5.94 0.127945 0.0113298 0.861088
7 6.16 0.10586 0.0105941 0.883911
7 6.38 0.0834568 0.0100027 0.90693
7 6.6 0.0632201 0.0095983 0.927534
7 6.82 0.046656 0.00935853 0.944378
7 7.04 0.0342187 0.00923472 0.956919
7 7.26 0.025569 0.00918025 0.965599
7 7.48 0.0199507 0.00916133 0.971212
7 7.7 0.0165191 0.00915789 0.97462
7 7.92 0.0145377 0.00915958 0.976561
7 8.14 0.0134549 0.00916273 0.977649
7 8.36 0.0128989 0.00916548 0.978166
7 8.58 0.0126461 0.00916872 0.9784
7 8.8 0.012578 0.00917461 0.978482
7 9.02 0.0126486 0.00918675 0.978361
7 9.24 0.0128686 0.00921518 0.978196
7 9.46 0.0132948 0.00928068 0.977721
7 9.68 0.0140335 0.0094284 0.976827
7 9.9 0.0152412 0.00975229 0.97536
7 10.12 0.0171272 0.0104386 0.972716
7 10.34 0.0199498 0.0119004 0.968488
7 10.56 0.0240107 0.0151011 0.961169
7 10.78 0.0328671 0.0260726 0.941191
7.2 0 0.0127856 0.00968048 0.977744
7.2 0.22 0.0127657 0.00969503 0.977734
7.2 0.44 0.0126883 0.0094933 0.978098
7.2 0.66 0.0125986 0.00934609 0.978373
7.2 0.88 0.0125175 0.00926005 0.978567
7.2 1.1 0.0124544 0.0092137 0.978675
7.2 1.32 0.0124137 0.00918971 0.978683
7.2 1.54 0.0123995 0.00917764 0.978721
7.2 1.76 0.0124206 0.00917177 0.978666
7.2 1.98 0.0124975 0.00916857 0.978617
7.2 2.2 0.0126732 0.0091663 0.978443
7.2 2.42 0.0130278 0.00916194 0.978094
7.2 2.64 0.0136997 0.00916123 0.977428
7.2 2.86 0.014909 0.00915836 0.976218
7.2 3.08 0.0169775 0.00915695 0.974144
7.2 3.3 0.0203258 0.00916126 0.970792
7.2 3.52 0.0254277 0.00917959 0.965694
7.2 3.74 0.0326963 0.00922537 0.958402
7.2 3.96 0.0423056 0.00931633 0.948718
7.2 4.18 0.0539828 0.00946892 0.936875
7.2 4.4 0.0668704 0.00968852 0.923744
7.2 4.62 0.0795456 0.00995539 0.910858
7.2 4.84 0.0902655 0.0102199 0.899872
7.2 5.06 0.0973713 0.010415 0.89258
7.2 5.28 0.0996907 0.0104822 0.890208
7.2 5.5 0.0968287 0.0103998 0.893147
7.2 5.72 0.0892692 0.0101942 0.900922
7.2 5.94 0.0782555 0.00992639 0.912195
7.2 6.16 0.0654773 0.00966298 0.925233
7.2 6.38 0.0526552 0.00944975 0.938283
7.2 6.6 0.041165 0.00930402 0.949873
7.2 6.82 0.0318017 0.009219 0.95936
7.2 7.04 0.0247792 0.00917707 0.966408
7.2 7.26 0.0198882 0.00916087 0.971295
7.2 7.48 0.0167006 0.00915739 0.974461
7.2 7.7 0.0147448 0.00915893 0.976387
7.2 7.92 0.01361 0.00916154 0.977484
7.2 8.14 0.0129887 0.00916436 0.978114
7.2 8.36 0.0126728 0.00916657 0.978394
7.2 8.58 0.01254 0.0091694 0.978512
7.2 8.8 0.0125295 0.00917503 0.97854
7.2 9.02 0.0126269 0.00918702 0.978394
7.2 9.24 0.0128589 0.00921531 0.978215
7.2 9.46 0.0132902 0.00928063 0.977726
7.2 9.68 0.014031 0.00942822 0.976827
7.2 9.9 0.0152396 0.00975208 0.975364
7.2 10.12 0.017126 0.0104385 0.972727
7.2 10.34 0.0199485 0.0119003 0.968499
7.2 10.56 0.0240092 0.0151009 0.961171
7.2 10.78 0.0328657 0.0260727 0.941192
7.4 0 0.0127848 0.00968037 0.977745
7.4 0.22 0.0127648 0.00969492 0.977747
7.4 0.44 0.0126874 0.00949321 0.978157
7.4 0.66 0.0125974 0.00934604 0.978453
7.4 0.88 0.0125156 0.00926002 0.978656
7.4 1.1 0.0124509 0.00921364 0.978764
7.4 1.32 0.0124064 0.00918964 0.97877
7.4 1.54 0.0123837 0.00917761 0.978809
7.4 1.76 0.0123865 0.00917185 0.978767
7.4 1.98 0.0124244 0.0091689 0.978756
7.4 2.2 0.0125201 0.00916701 0.97866
7.4 2.42 0.0127165 0.00916317 0.978468
7.4 2.64 0.0130879 0.00916305 0.9781
7.4 2.86 0.0137526 0.00916039 0.977432
7.4 3.08 0.0148823 0.00915757 0.976293
7.4 3.3 0.0167006 0.00915613 0.974478
7.4 3.52 0.0194582 0.00915906 0.971742
7.4 3.74 0.0233739 0.00917118 0.967838
7.4 3.96 0.0285419 0.00919888 0.962659
7.4 4.18 0.0348244 0.00924783 0.956314
7.4 4.4 0.0417752 0.00932021 0.949265
7.4 4.62 0.0486401 0.00940914 0.942371
7.4 4.84 0.0544747 0.00949746 0.93645
7.4 5.06 0.0583593 0.0095627 0.932513
7.4 5.28 0.0596307 0.00958525 0.931236
7.4 5.5 0.0580627 0.00955764 0.932826
7.4 5.72 0.0539321 0.00948881 0.937032
7.4 5.94 0.047941 0.00939941 0.943097
7.4 6.16 0.0410243 0.00931202 0.950095
7.4 6.38 0.0341112 0.00924172 0.957088
7.4 6.6 0.02793 0.00919503 0.963264
7.4 6.82 0.0228937 0.00916959 0.968364
7.4 7.04 0.0191095 0.0091589 0.972142
7.4 7.26 0.0164646 0.00915673 0.974768
7.4 7.48 0.0147325 0.00915829 0.976471
7.4 7.7 0.0136639 0.00916096 0.977514
7.4 7.92 0.013041 0.00916333 0.978109
7.4 8.14 0.0127003 0.00916559 0.978464
7.4 8.36 0.0125316 0.00916732 0.9786
7.4 8.58 0.0124729 0.00916983 0.978647
7.4 8.8 0.0124983 0.00917526 0.978641
7.4 9.02 0.0126124 0.0091871 0.978476
7.4 9.24 0.012852 0.00921525 0.978283
7.4 9.46 0.0132865 0.00928043 0.977786
7.4 9.68 0.0140287 0.00942797 0.976889
7.4 9.9 0.0152378 0.00975184 0.975433
7.4 10.12 0.0171243 0.0104383 0.972806
7.4 10.34 0.0199466 0.0119001 0.968587
7.4 10.56 0.0240069 0.0151007 0.961269
7.4 10.78 0.0328629 0.0260724 0.941208
7.6 0 0.0127837 0.00968024 0.977739
7.6 0.22 0.0127637 0.00969482 0.97774
7.6 0.44 0.0126863 0.00949319 0.978139
7.6 0.66 0.0125963 0.0093461 0.978438
7.6 0.88 0.0125141 0.00926012 0.978647
7.6 1.1 0.0124484 0.00921376 0.978759
7.6 1.32 0.0124017 0.00918977 0.978767
7.6 1.54 0.0123738 0.00917777 0.978811
7.6 1.76 0.0123655 0.0091721 0.978776
7.6 1.98 0.0123802 0.00916932 0.978786
7.6 2.2 0.0124287 0.0091677 0.978736
7.6 2.42 0.0125326 0.00916428 0.978633
7.6 2.64 0.0127299 0.00916474 0.978437
7.6 2.86 0.0130812 0.0091627 0.978081
7.6 3.08 0.0136742 0.00916012 0.977476
7.6 3.3 0.0146224 0.00915751 0.976529
7.6 3.52 0.0160521 0.00915587 0.975123
7.6 3.74 0.0180724 0.00915682 0.973125
7.6 3.96 0.0207296 0.00916257 0.970479
7.6 4.18 0.0239529 0.009175 0.96723
7.6 4.4 0.0275169 0.00919534 0.963619
7.6 4.62 0.0310391 0.00922157 0.960133
7.6 4.84 0.0340365 0.00924811 0.957112
7.6 5.06 0.0360351 0.00926798 0.955108
7.6 5.28 0.0366899 0.00927494 0.954463
7.6 5.5 0.0358826 0.00926643 0.955272
7.6 5.72 0.0337579 0.0092454 0.957422
7.6 5.94 0.0306806 0.0092186 0.960506
7.6 6.16 0.0271328 0.00919328 0.964074
7.6 6.38 0.0235879 0.00917351 0.967645
7.6 6.6 0.0204159 0.0091617 0.970775
7.6 6.82 0.0178257 0.00915685 0.973406
7.6 7.04 0.0158724 0.00915642 0.975343
7.6 7.26 0.0145003 0.00915826 0.976691
7.6 7.48 0.0135966 0.00916074 0.977569
7.6 7.7 0.0130358 0.00916314 0.978114
7.6 7.92 0.0127076 0.00916494 0.978422
7.6 8.14 0.0125298 0.00916666 0.978617
7.6 8.36 0.0124472 0.009168 0.978671
7.6 8.58 0.0124322 0.00917028 0.978679
7.6 8.8 0.0124791 0.00917558 0.978652
7.6 9.02 0.0126034 0.00918733 0.978478
7.6 9.24 0.0128475 0.00921539 0.978278
7.6 9.46 0.013284 0.00928053 0.977778
7.6 9.68 0.014027 0.00942805 0.976882
7.6 9.9 0.0152362 0.0097519 0.975425
7.6 10.12 0.0171226 0.0104383 0.972798
7.6 10.34 0.0199445 0.0119001 0.968571
7.6 10.56 0.0240044 0.0151007 0.961242
7.6 10.78 0.0328587 0.026072 0.941198
7.8 0 0.0127818 0.00967991 0.977713
7.8 0.22 0.0127618 0.00969447 0.977718
7.8 0.44 0.0126844 0.00949289 0.978147
7.8 0.66 0.0125943 0.00934584 0.978457
7.8 0.88 0.012512 0.00925994 0.978673
7.8 1.1 0.0124458 0.00921361 0.97879
7.8 1.32 0.0123977 0.00918964 0.978802
7.8 1.54 0.0123669 0.00917769 0.978852
7.8 1.76 0.0123522 0.0091721 0.978825
7.8 1.98 0.0123537 0.00916945 0.978849
7.8 2.2 0.0123755 0.00916803 0.978825
7.8 2.42 0.0124274 0.00916489 0.978769
7.8 2.64 0.012528 0.00916578 0.978665
7.8 2.86 0.0127069 0.00916435 0.978478
7.8 3.08 0.0130068 0.00916244 0.978165
7.8 3.3 0.013483 0.0091602 0.977688
7.8 3.52 0.0141961 0.00915793 0.976996
7.8 3.74 0.0151979 0.00915612 0.976016
7.8 3.96 0.0165092 0.00915551 0.97472
7.8 4.18 0.018094 0.00915662 0.97312
7.8 4.4 0.0198424 0.00916035 0.971341
7.8 4.62 0.0215682 0.00916629 0.969672
7.8 4.84 0.023036 0.00917269 0.968203
7.8 5.06 0.0240147 0.00917775 0.967235
7.8 5.28 0.0243355 0.00917962 0.96693
7.8 5.5 0.0239401 0.00917735 0.967319
7.8 5.72 0.0228996 0.00917193 0.968365
7.8 5.94 0.0213927 0.00916551 0.969856
7.8 6.16 0.0196547 0.00916028 0.971594
7.8 6.38 0.0179152 0.00915661 0.973341
7.8 6.6 0.0163549 0.00915553 0.974847
7.8 6.82 0.0150763 0.00915656 0.976162
7.8 7.04 0.0141071 0.00915854 0.977113
7.8 7.26 0.0134224 0.0091608 0.977774
7.8 7.48 0.0129684 0.00916285 0.978208
7.8 7.7 0.0126851 0.00916462 0.978482
7.8 7.92 0.0125192 0.00916584 0.978633
7.8 8.14 0.012432 0.00916715 0.978743
7.8 8.36 0.0123979 0.00916827 0.978758
7.8 8.58 0.0124077 0.00917042 0.978745
7.8 8.8 0.0124668 0.00917561 0.978706
7.8 9.02 0.0125969 0.00918729 0.978523
7.8 9.24 0.0128436 0.00921527 0.978315
7.8 9.46 0.0132812 0.00928036 0.977811
7.8 9.68 0.0140244 0.00942785 0.976913
7.8 9.9 0.0152336 0.00975168 0.975456
7.8 10.12 0.0171194 0.0104381 0.972831
7.8 10.34 0.0199405 0.0118997 0.968611
7.8 10.56 0.0239995 0.0151001 0.961298
7.8 10.78 0.0328512 0.0260704 0.941199
8 0 0.0127789 0.00967929 0.977666
8 0.22 0.0127589 0.00969389 0.977665
8 0.44 0.0126817 0.00949245 0.978073
8 0.66 0.0125917 0.00934551 0.97838
8 0.88 0.0125094 0.00925968 0.9786
8 1.1 0.0124429 0.00921339 0.978721
8 1.32 0.0123941 0.00918943 0.978735
8 1.54 0.0123616 0.00917752 0.978789
8 1.76 0.0123435 0.009172 0.97877
8 1.98 0.0123376 0.00916945 0.978805
8 2.2 0.0123448 0.00916819 0.978798
8 2.42 0.0123689 0.00916527 0.978769
8 2.64 0.0124179 0.00916647 0.978713
8 2.86 0.0125056 0.00916548 0.978613
8 3.08 0.0126521 0.00916417 0.97845
8 3.3 0.012883 0.00916261 0.978217
8 3.52 0.0132264 0.00916086 0.977893
8 3.74 0.0137055 0.00915902 0.977434
8 3.96 0.0143288 0.0091573 0.976825
8 4.18 0.0150786 0.00915577 0.976061
8 4.4 0.0159031 0.00915513 0.975211
8 4.62 0.016715 0.00915543 0.974463
8 4.84 0.0174045 0.00915607 0.97378
8 5.06 0.0178639 0.00915684 0.973338
8 5.28 0.0180145 0.00915723 0.973205
8 5.5 0.017829 0.00915679 0.973381
8 5.72 0.0173405 0.0091559 0.973868
8 5.94 0.0166327 0.0091553 0.97455
8 6.16 0.0158152 0.00915563 0.975359
8 6.38 0.0149945 0.00915614 0.976182
8 6.6 0.0142558 0.0091575 0.976863
8 6.82 0.0136477 0.00915945 0.977507
8 7.04 0.013184 0.00916133 0.977952
8 7.26 0.0128541 0.00916299 0.978258
8 7.48 0.0126339 0.00916435 0.978461
8 7.7 0.0124961 0.00916554 0.978597
8 7.92 0.0124161 0.00916634 0.978668
8 8.14 0.0123774 0.00916741 0.978741
8 8.36 0.0123694 0.0091684 0.978736
8 8.58 0.0123927 0.00917042 0.978706
8 8.8 0.0124585 0.0091755 0.978655
8 9.02 0.0125918 0.00918711 0.978465
8 9.24 0.0128399 0.00921502 0.978251
8 9.46 0.0132779 0.00928009 0.977746
8 9.68 0.0140212 0.0094276 0.97685
8 9.9 0.01523 0.00975146 0.975398
8 10.12 0.0171151 0.0104378 0.972771
8 10.34 0.019935 0.0118992 0.968545
8 10.56 0.0239923 0.0150992 0.961224
8 10.78 0.0328401 0.0260678 0.941175
8.2 0 0.0127746 0.00967831 0.977616
8.2 0.22 0.0127546 0.00969292 0.977615
8.2 0.44 0.0126773 0.00949149 0.978032
8.2 0.66 0.0125874 0.00934464 0.97834
8.2 0.88 0.0125052 0.00925889 0.978561
8.2 1.1 0.0124386 0.00921266 0.978684
8.2 1.32 0.0123894 0.00918871 0.978699
8.2 1.54 0.0123561 0.00917683 0.978756
8.2 1.76 0.012336 0.00917137 0.978743
8.2 1.98 0.0123263 0.0091689 0.978785
8.2 2.2 0.0123259 0.00916774 0.978787
8.2 2.42 0.0123354 0.00916496 0.978775
8.2 2.64 0.0123579 0.00916639 0.978745
8.2 2.86 0.0123993 0.00916573 0.978692
8.2 3.08 0.0124684 0.00916487 0.978606
8.2 3.3 0.0125769 0.00916387 0.978492
8.2 3.52 0.012737 0.00916275 0.978349
8.2 3.74 0.0129587 0.00916147 0.978143
8.2 3.96 0.0132452 0.0091601 0.977869
8.2 4.18 0.0135878 0.00915851 0.977513
8.2 4.4 0.0139631 0.00915729 0.977113
8.2 4.62 0.0143316 0.00915654 0.976812
8.2 4.84 0.0146436 0.00915597 0.976507
8.2 5.06 0.0148514 0.00915578 0.976319
8.2 5.28 0.0149196 0.00915584 0.97627
8.2 5.5 0.0148357 0.00915584 0.976343
8.2 5.72 0.0146147 0.00915596 0.976559
8.2 5.94 0.0142943 0.00915659 0.976851
8.2 6.16 0.0139236 0.00915794 0.977212
8.2 6.38 0.0135497 0.00915895 0.977584
8.2 6.6 0.0132119 0.00916029 0.977863
8.2 6.82 0.0129322 0.00916182 0.978176
8.2 7.04 0.0127175 0.00916304 0.97837
8.2 7.26 0.0125636 0.00916403 0.978501
8.2 7.48 0.0124603 0.00916483 0.978593
8.2 7.7 0.0123959 0.00916561 0.978662
8.2 7.92 0.0123597 0.00916614 0.978695
8.2 8.14 0.0123459 0.00916704 0.978747
8.2 8.36 0.0123515 0.0091679 0.978726
8.2 8.58 0.0123819 0.00916979 0.978683
8.2 8.8 0.0124513 0.00917482 0.978629
8.2 9.02 0.0125862 0.00918642 0.978439
8.2 9.24 0.0128349 0.00921432 0.978222
8.2 9.46 0.0132731 0.00927939 0.977719
8.2 9.68 0.014016 0.00942685 0.976821
8.2 9.9 0.015224 0.0097506 0.975367
8.2 10.12 0.0171077 0.0104367 0.972736
8.2 10.34 0.0199258 0.0118977 0.968514
8.2 10.56 0.0239803 0.0150967 0.961211
8.2 10.78 0.0328229 0.026063 0.941172
8.4 0 0.012768 0.00967628 0.977548
8.4 0.22 0.012748 0.00969091 0.977531
8.4 0.44 0.0126708 0.00948953 0.977888
8.4 0.66 0.0125809 0.00934276 0.978171
8.4 0.88 0.0124987 0.00925708 0.978384
8.4 1.1 0.0124321 0.00921091 0.978506
8.4 1.32 0.0123828 0.00918702 0.978523
8.4 1.54 0.0123491 0.00917518 0.978583
8.4 1.76 0.0123281 0.00916977 0.978575
8.4 1.98 0.0123164 0.00916736 0.978624
8.4 2.2 0.0123121 0.00916627 0.978633
8.4 2.42 0.0123142 0.00916359 0.978629
8.4 2.64 0.0123235 0.00916515 0.978613
8.4 2.86 0.0123421 0.00916472 0.978583
8.4 3.08 0.0123737 0.00916417 0.978537
8.4 3.3 0.0124231 0.00916356 0.978482
8.4 3.52 0.0124957 0.00916291 0.978424
8.4 3.74 0.0125953 0.00916215 0.978335
8.4 3.96 0.0127231 0.0091613 0.978215
8.4 4.18 0.0128748 0.00916016 0.978048
8.4 4.4 0.0130403 0.00915927 0.977858
8.4 4.62 0.0132024 0.00915867 0.977763
8.4 4.84 0.0133391 0.00915811 0.977634
8.4 5.06 0.0134301 0.00915787 0.977563
8.4 5.28 0.01346 0.00915793 0.977552
8.4 5.5 0.0134233 0.00915797 0.977577
8.4 5.72 0.0133264 0.00915815 0.977669
8.4 5.94 0.0131861 0.00915877 0.977781
8.4 6.16 0.0130234 0.00915996 0.977933
8.4 6.38 0.0128582 0.00916061 0.978094
8.4 6.6 0.0127083 0.00916144 0.978184
8.4 6.82 0.0125835 0.00916239 0.978342
8.4 7.04 0.0124869 0.00916304 0.97842
8.4 7.26 0.0124172 0.00916355 0.978471
8.4 7.48 0.0123704 0.009164 0.978512
8.4 7.7 0.0123417 0.00916449 0.978546
8.4 7.92 0.0123271 0.00916481 0.978559
8.4 8.14 0.0123257 0.0091656 0.9786
8.4 8.36 0.0123381 0.00916637 0.978572
8.4 8.58 0.0123722 0.00916822 0.978527
8.4 8.8 0.0124434 0.00917326 0.978473
8.4 9.02 0.0125791 0.00918481 0.978276
8.4 9.24 0.0128279 0.00921264 0.978055
8.4 9.46 0.0132658 0.00927765 0.977549
8.4 9.68 0.0140079 0.00942498 0.976648
8.4 9.9 0.0152147 0.00974852 0.975193
8.4 10.12 0.0170966 0.0104342 0.97256
8.4 10.34 0.0199119 0.0118944 0.968333
8.4 10.56 0.0239627 0.015092 0.961031
8.4 10.78 0.0327977 0.0260537 0.941135
8.6 0 0.0127586 0.00967242 0.977526
8.6 0.22 0.0127387 0.00968706 0.977498
8.6 0.44 0.0126615 0.0094858 0.977824
8.6 0.66 0.0125718 0.00933914 0.978089
8.6 0.88 0.0124897 0.00925355 0.978294
8.6 1.1 0.0124231 0.00920747 0.978416
8.6 1.32 0.0123738 0.00918367 0.978437
8.6 1.54 0.0123399 0.00917188 0.9785
8.6 1.76 0.0123184 0.0091665 0.978495
8.6 1.98 0.0123057 0.00916413 0.978548
8.6 2.2 0.0122995 0.0091631 0.978563
8.6 2.42 0.0122981 0.00916049 0.978565
8.6 2.64 0.012301 0.00916213 0.978555
8.6 2.86 0.0123087 0.00916181 0.978535
8.6 3.08 0.0123225 0.00916144 0.978506
8.6 3.3 0.0123444 0.00916109 0.97848
8.6 3.52 0.0123765 0.00916075 0.978461
8.6 3.74 0.0124201 0.00916034 0.978425
8.6 3.96 0.0124756 0.00915987 0.978373
8.6 4.18 0.0125409 0.00915914 0.978289
8.6 4.4 0.0126119 0.00915862 0.97819
8.6 4.62 0.0126813 0.00915832 0.978185
8.6 4.84 0.0127395 0.00915798 0.978133
8.6 5.06 0.0127783 0.00915789 0.978114
8.6 5.28 0.0127912 0.009158 0.978122
8.6 5.5 0.0127755 0.009158 0.978126
8.6 5.72 0.0127342 0.00915806 0.978163
8.6 5.94 0.0126744 0.00915846 0.978194
8.6 6.16 0.0126051 0.00915931 0.978252
8.6 6.38 0.012534 0.00915955 0.978319
8.6 6.6 0.0124691 0.00915995 0.978325
8.6 6.82 0.0124149 0.00916049 0.978416
8.6 7.04 0.0123726 0.00916079 0.978442
8.6 7.26 0.0123419 0.00916101 0.978458
8.6 7.48 0.0123214 0.00916122 0.978474
8.6 7.7 0.0123096 0.00916152 0.978492
8.6 7.92 0.0123054 0.00916173 0.978498
8.6 8.14 0.0123101 0.00916248 0.978537
8.6 8.36 0.0123258 0.0091632 0.978504
8.6 8.58 0.0123616 0.009165 0.978454
8.6 8.8 0.0124336 0.00916999 0.978396
8.6 9.02 0.0125696 0.00918147 0.978196
8.6 9.24 0.0128184 0.00920932 0.977981
8.6 9.46 0.0132558 0.00927429 0.977478
8.6 9.68 0.013997 0.00942144 0.976575
8.6 9.9 0.0152021 0.0097446 0.975118
8.6 10.12 0.0170813 0.0104295 0.97248
8.6 10.34 0.0198928 0.0118883 0.968255
8.6 10.56 0.0239383 0.0150832 0.96097
8.6 10.78 0.0327623 0.0260364 0.941171
8.8 0 0.0127443 0.00966424 0.97751
8.8 0.22 0.0127245 0.00967889 0.97748
8.8 0.44 0.0126475 0.00947788 0.977799
8.8 0.66 0.0125579 0.00933137 0.978053
8.8 0.88 0.0124759 0.00924589 0.978251
8.8 1.1 0.0124095 0.00919992 0.978372
8.8 1.32 0.0123603 0.00917622 0.978398
8.8 1.54 0.0123263 0.0091645 0.978465
8.8 1.76 0.0123047 0.00915915 0.978463
8.8 1.98 0.0122915 0.00915678 0.978516
8.8 2.2 0.0122843 0.00915574 0.978532
8.8 2.42 0.0122812 0.00915316 0.978535
8.8 2.64 0.0122811 0.00915486 0.978528
8.8 2.86 0.0122837 0.00915461 0.978513
8.8 3.08 0.0122893 0.00915434 0.978491
8.8 3.3 0.0122986 0.00915411 0.978476
8.8 3.52 0.0123125 0.00915394 0.978474
8.8 3.74 0.0123312 0.00915375 0.978462
8.8 3.96 0.0123547 0.00915353 0.97844
8.8 4.18 0.0123821 0.00915305 0.97839
8.8 4.4 0.0124119 0.00915278 0.978328
8.8 4.62 0.012441 0.0091527 0.97836
8.8 4.84 0.0124652 0.00915253 0.97834
8.8 5.06 0.0124814 0.00915255 0.978344
8.8 5.28 0.0124869 0.00915271 0.978359
8.8 5.5 0.0124803 0.00915269 0.978355
8.8 5.72 0.0124631 0.00915264 0.978368
8.8 5.94 0.0124382 0.00915285 0.978366
8.8 6.16 0.0124095 0.00915346 0.978385
8.8 6.38 0.0123794 0.00915344 0.978412
8.8 6.6 0.012352 0.00915358 0.978384
8.8 6.82 0.012329 0.00915388 0.978447
8.8 7.04 0.0123108 0.00915396 0.97845
8.8 7.26 0.0122977 0.00915402 0.978452
8.8 7.48 0.0122893 0.00915412 0.97846
8.8 7.7 0.0122853 0.00915434 0.978471
8.8 7.92 0.0122859 0.0091545 0.978474
8.8 8.14 0.0122933 0.00915518 0.978508
8.8 8.36 0.0123106 0.0091558 0.978467
8.8 8.58 0.0123472 0.00915757 0.978418
8.8 8.8 0.0124196 0.00916257 0.978364
8.8 9.02 0.0125557 0.00917408 0.97817
8.8 9.24 0.0128042 0.00920191 0.977959
8.8 9.46 0.0132408 0.00926671 0.977449
8.8 9.68 0.0139806 0.00941354 0.976541
8.8 9.9 0.0151833 0.00973604 0.97508
8.8 10.12 0.0170589 0.0104196 0.972444
8.8 10.34 0.0198651 0.0118759 0.968233
8.8 10.56 0.0239029 0.0150656 0.960972
8.8 10.78 0.0327103 0.0260017 0.94124
9 0 0.0127236 0.00964882 0.977531
9 0.22 0.0127039 0.00966345 0.977499
9 0.44 0.0126271 0.00946288 0.977819
9 0.66 0.0125377 0.00931667 0.978065
9 0.88 0.0124558 0.00923137 0.978256
9 1.1 0.0123896 0.00918552 0.978375
9 1.32 0.0123405 0.00916192 0.978403
9 1.54 0.0123066 0.00915026 0.978474
9 1.76 0.0122848 0.00914493 0.978474
9 1.98 0.0122714 0.00914255 0.978527
9 2.2 0.0122638 0.00914148 0.97854
9 2.42 0.0122598 0.00913888 0.97854
9 2.64 0.0122583 0.00914058 0.978532
9 2.86 0.0122585 0.00914038 0.978519
9 3.08 0.0122605 0.00914016 0.9785
9 3.3 0.0122642 0.00914001 0.978491
9 3.52 0.0122701 0.00913993 0.978496
9 3.74 0.012278 0.00913985 0.978494
9 3.96 0.0122878 0.00913976 0.978484
9 4.18 0.0122989 0.00913941 0.978448
9 4.4 0.0123112 0.00913927 0.978401
9 4.62 0.0123233 0.0091393 0.978448
9 4.84 0.0123331 0.00913921 0.97844
9 5.06 0.0123399 0.00913928 0.978451
9 5.28 0.0123422 0.00913946 0.978468
9 5.5 0.0123395 0.00913942 0.97846
9 5.72 0.0123323 0.00913932 0.978466
9 5.94 0.0123222 0.00913946 0.978452
9 6.16 0.0123107 0.00913996 0.978456
9 6.38 0.0122981 0.00913979 0.978467
9 6.6 0.0122866 0.00913978 0.978424
9 6.82 0.0122771 0.00913995 0.978475
9 7.04 0.0122695 0.00913994 0.978472
9 7.26 0.0122641 0.00913995 0.97847
9 7.48 0.012261 0.00914 0.978473
9 7.7 0.0122605 0.00914015 0.978477
9 7.92 0.0122632 0.00914023 0.978473
9 8.14 0.0122719 0.00914084 0.978503
9 8.36 0.0122899 0.00914145 0.978464
9 8.58 0.0123269 0.00914324 0.978421
9 8.8 0.0123995 0.00914823 0.978368
9 9.02 0.0125353 0.00915969 0.978175
9 9.24 0.0127835 0.00918748 0.977967
9 9.46 0.0132192 0.00925216 0.977463
9 9.68 0.0139572 0.00939864 0.976562
9 9.9 0.015157 0.00972021 0.975102
9 10.12 0.0170276 0.0104017 0.97247
9 10.34 0.0198261 0.0118535 0.968273
9 10.56 0.0238528 0.0150337 0.961046
9 10.78 0.0326363 0.0259384 0.941374
9.2 0 0.0126936 0.00962167 0.977579
9.2 0.22 0.0126738 0.00963614 0.977539
9.2 0.44 0.0125972 0.0094362 0.977841
9.2 0.66 0.0125079 0.00929051 0.978073
9.2 0.88 0.0124263 0.00920556 0.97826
9.2 1.1 0.0123602 0.00915992 0.978378
9.2 1.32 0.0123113 0.00913644 0.978407
9.2 1.54 0.0122775 0.00912483 0.97848
9.2 1.76 0.0122557 0.00911949 0.978479
9.2 1.98 0.0122422 0.00911706 0.978529
9.2 2.2 0.0122343 0.00911593 0.978536
9.2 2.42 0.0122299 0.00911329 0.978533
9.2 2.64 0.0122277 0.00911499 0.978523
9.2 2.86 0.0122269 0.0091148 0.978509
9.2 3.08 0.0122272 0.0091146 0.978491
9.2 3.3 0.0122286 0.00911449 0.978484
9.2 3.52 0.012231 0.00911445 0.978492
9.2 3.74 0.0122343 0.00911441 0.978494
9.2 3.96 0.0122383 0.00911439 0.978491
9.2 4.18 0.0122427 0.00911411 0.978462
9.2 4.4 0.0122478 0.00911402 0.978422
9.2 4.62 0.0122528 0.00911407 0.978475
9.2 4.84 0.0122568 0.00911399 0.978472
9.2 5.06 0.0122596 0.00911407 0.978486
9.2 5.28 0.0122607 0.00911426 0.978504
9.2 5.5 0.0122595 0.0091142 0.978494
9.2 5.72 0.0122565 0.00911409 0.978496
9.2 5.94 0.0122524 0.00911421 0.978476
9.2 6.16 0.012248 0.00911467 0.978472
9.2 6.38 0.0122426 0.00911443 0.978477
9.2 6.6 0.0122378 0.00911436 0.978428
9.2 6.82 0.012234 0.0091145 0.978477
9.2 7.04 0.0122308 0.00911447 0.978472
9.2 7.26 0.0122288 0.00911448 0.978468
9.2 7.48 0.012228 0.00911448 0.978465
9.2 7.7 0.012229 0.00911458 0.978466
9.2 7.92 0.0122327 0.00911464 0.978459
9.2 8.14 0.0122419 0.00911522 0.978487
9.2 8.36 0.0122602 0.00911577 0.978445
9.2 8.58 0.0122973 0.00911752 0.978401
9.2 8.8 0.0123698 0.00912249 0.978351
9.2 9.02 0.0125055 0.009134 0.978169
9.2 9.24 0.0127532 0.00916184 0.977975
9.2 9.46 0.0131877 0.00922636 0.977476
9.2 9.68 0.0139235 0.00937231 0.976575
9.2 9.9 0.0151192 0.00969251 0.975114
9.2 10.12 0.0169829 0.0103708 0.972486
9.2 10.34 0.0197701 0.0118151 0.968307
9.2 10.56 0.02378 0.0149784 0.961125
9.2 10.78 0.0325316 0.0258298 0.941572
9.4 0 0.0126475 0.00957459 0.977683
9.4 0.22 0.012628 0.00958844 0.977632
9.4 0.44 0.0125514 0.00938987 0.977919
9.4 0.66 0.0124624 0.0092452 0.978138
9.4 0.88 0.0123811 0.00916087 0.978321
9.4 1.1 0.0123153 0.00911552 0.978435
9.4 1.32 0.0122666 0.0090922 0.97846
9.4 1.54 0.012233 0.00908066 0.978538
9.4 1.76 0.0122113 0.00907534 0.978534
9.4 1.98 0.0121977 0.00907287 0.978585
9.4 2.2 0.0121897 0.00907167 0.978587
9.4 2.42 0.012185 0.00906885 0.978579
9.4 2.64 0.0121825 0.00907065 0.978565
9.4 2.86 0.0121813 0.00907044 0.978547
9.4 3.08 0.0121809 0.00907024 0.978528
9.4 3.3 0.0121812 0.00907015 0.978523
9.4 3.52 0.0121822 0.00907014 0.978535
9.4 3.74 0.0121836 0.00907012 0.978541
9.4 3.96 0.0121854 0.00907014 0.978543
9.4 4.18 0.012187 0.00906989 0.978519
9.4 4.4 0.0121892 0.00906983 0.97848
9.4 4.62 0.0121914 0.00906987 0.978542
9.4 4.84 0.012193 0.00906973 0.978539
9.4 5.06 0.0121943 0.00906979 0.978555
9.4 5.28 0.0121949 0.00906997 0.978573
9.4 5.5 0.0121944 0.0090699 0.978561
9.4 5.72 0.0121929 0.00906978 0.978562
9.4 5.94 0.0121912 0.00906992 0.978535
9.4 6.16 0.0121896 0.00907041 0.978524
9.4 6.38 0.0121871 0.00907012 0.978527
9.4 6.6 0.012185 0.00907004 0.978472
9.4 6.82 0.0121835 0.00907016 0.978521
9.4 7.04 0.0121823 0.00907014 0.978515
9.4 7.26 0.0121817 0.00907019 0.978514
9.4 7.48 0.0121819 0.0090702 0.978511
9.4 7.7 0.0121834 0.00907029 0.978508
9.4 7.92 0.0121874 0.00907026 0.978492
9.4 8.14 0.0121968 0.00907076 0.978512
9.4 8.36 0.0122152 0.00907127 0.978469
9.4 8.58 0.0122523 0.00907304 0.978431
9.4 8.8 0.0123247 0.00907803 0.978388
9.4 9.02 0.01246 0.00908953 0.978206
9.4 9.24 0.0127068 0.00911727 0.978021
9.4 9.46 0.0131397 0.00918149 0.977527
9.4 9.68 0.0138724 0.00932672 0.976637
9.4 9.9 0.0150627 0.00964496 0.975188
9.4 10.12 0.0169172 0.0103186 0.972571
9.4 10.34 0.0196886 0.0117515 0.96842
9.4 10.56 0.0236716 0.0148859 0.961305
9.4 10.78 0.0323765 0.0256442 0.941916
9.6 0 0.0125655 0.00943951 0.977911
9.6 0.22 0.0125462 0.00945023 0.977839
9.6 0.44 0.0124702 0.00925547 0.97814
9.6 0.66 0.0123819 0.00911356 0.978354
9.6 0.88 0.0123013 0.00903063 0.978533
9.6 1.1 0.012236 0.00898603 0.978649
9.6 1.32 0.0121876 0.00896303 0.978644
9.6 1.54 0.0121542 0.00895168 0.97875
9.6 1.76 0.0121327 0.00894647 0.978723
9.6 1.98 0.0121191 0.00894393 0.978789
9.6 2.2 0.012111 0.0089427 0.978788
9.6 2.42 0.0121062 0.00893847 0.978774
9.6 2.64 0.0121036 0.00894161 0.978762
9.6 2.86 0.0121022 0.00894139 0.978738
9.6 3.08 0.0121015 0.00894122 0.978723
9.6 3.3 0.0121015 0.00894113 0.978719
9.6 3.52 0.0121021 0.00894117 0.978738
9.6 3.74 0.0121028 0.00894117 0.978746
9.6 3.96 0.0121036 0.00894119 0.978748
9.6 4.18 0.0121043 0.00894098 0.978726
9.6 4.4 0.0121053 0.00894095 0.978661
9.6 4.62 0.0121066 0.00894109 0.978753
9.6 4.84 0.0121074 0.008941 0.978753
9.6 5.06 0.0121082 0.00894112 0.978773
9.6 5.28 0.0121086 0.0089413 0.97879
9.6 5.5 0.0121082 0.00894117 0.978773
9.6 5.72 0.0121073 0.008941 0.978784
9.6 5.94 0.0121065 0.00894106 0.978742
9.6 6.16 0.0121059 0.00894151 0.978706
9.6 6.38 0.0121044 0.00894115 0.97873
9.6 6.6 0.0121033 0.00894105 0.978648
9.6 6.82 0.0121026 0.00894113 0.978719
9.6 7.04 0.0121021 0.00894114 0.978717
9.6 7.26 0.0121021 0.00894121 0.978715
9.6 7.48 0.0121026 0.00894124 0.97871
9.6 7.7 0.0121044 0.00894128 0.978701
9.6 7.92 0.0121084 0.00894122 0.978682
9.6 8.14 0.0121179 0.00894169 0.978701
9.6 8.36 0.0121361 0.00894216 0.978655
9.6 8.58 0.012173 0.00894385 0.978613
9.6 8.8 0.012245 0.00894874 0.97857
9.6 9.02 0.0123796 0.00896018 0.978379
9.6 9.24 0.012625 0.00898765 0.978242
9.6 9.46 0.0130549 0.00905085 0.977749
9.6 9.68 0.0137827 0.00919358 0.976838
9.6 9.9 0.0149648 0.00950658 0.975422
9.6 10.12 0.0168066 0.0101695 0.972787
9.6 10.34 0.0195583 0.011581 0.96872
9.6 10.56 0.0235074 0.014658 0.961687
9.6 10.78 0.0320659 0.0251283 0.942744
9.8 0 0.0124359 0.00943984 0.978049
9.8 0.22 0.012416 0.00946054 0.978034
9.8 0.44 0.0123422 0.00926412 0.978285
9.8 0.66 0.0122556 0.00912136 0.978502
9.8 0.88 0.0121758 0.00903828 0.978668
9.8 1.1 0.0121112 0.00899371 0.978787
9.8 1.32 0.0120634 0.00897083 0.978864
9.8 1.54 0.0120304 0.00895952 0.978906
9.8 1.76 0.0120089 0.00895416 0.978931
9.8 1.98 0.0119954 0.00895166 0.978936
9.8 2.2 0.0119873 0.0089504 0.978926
9.8 2.42 0.0119825 0.00894966 0.978906
9.8 2.64 0.0119797 0.00894922 0.978883
9.8 2.86 0.0119783 0.00894903 0.978871
9.8 3.08 0.0119775 0.00894887 0.978856
9.8 3.3 0.0119774 0.00894879 0.978855
9.8 3.52 0.0119776 0.00894881 0.978871
9.8 3.74 0.0119781 0.00894889 0.978888
9.8 3.96 0.0119785 0.00894891 0.978891
9.8 4.18 0.0119787 0.00894878 0.978878
9.8 4.4 0.0119793 0.00894877 0.978883
9.8 4.62 0.0119799 0.00894884 0.978895
9.8 4.84 0.0119803 0.00894885 0.978901
9.8 5.06 0.0119807 0.00894889 0.978911
9.8 5.28 0.011981 0.008949 0.978925
9.8 5.5 0.0119808 0.00894898 0.978917
9.8 5.72 0.0119803 0.00894883 0.978893
9.8 5.94 0.0119798 0.00894883 0.978886
9.8 6.16 0.0119795 0.00894899 0.978895
9.8 6.38 0.0119788 0.00894885 0.978872
9.8 6.6 0.0119782 0.00894874 0.978857
9.8 6.82 0.011978 0.00894884 0.978865
9.8 7.04 0.0119777 0.0089488 0.978852
9.8 7.26 0.0119778 0.00894879 0.978843
9.8 7.48 0.0119786 0.0089489 0.978843
9.8 7.7 0.0119805 0.00894893 0.978832
9.8 7.92 0.0119846 0.00894889 0.978815
9.8 8.14 0.0119938 0.00894917 0.978814
9.8 8.36 0.012012 0.00894968 0.978777
9.8 8.58 0.0120487 0.00895149 0.978747
9.8 8.8 0.01212 0.00895638 0.978709
9.8 9.02 0.0122535 0.00896775 0.978589
9.8 9.24 0.0124964 0.00899488 0.978366
9.8 9.46 0.0129228 0.00905773 0.977905
9.8 9.68 0.013644 0.00920004 0.977068
9.8 9.9 0.0148157 0.00951234 0.9756
9.8 10.12 0.016642 0.0101758 0.973089
9.8 10.34 0.0193753 0.011589 0.96893
9.8 10.56 0.0233196 0.0147067 0.961865
9.8 10.78 0.0318762 0.025437 0.942625
