1 -107.504 -106.504 154.902
2 -728.768 -727.768 254.257
3 -4.6087 -3.6087 71.5919
4 -3.18545 -2.18545 64.5265
5 -1.60837 -0.60837 57.5956
6 -0.917577 0.0824183 52.4652
7 -0.398192 0.601804 48.156
8 0.0182578 1.01825 45.1339
9 0.433934 1.43393 43.5221
10 0.905837 1.90583 43.4968
11 1.47659 2.47659 44.6853
12 2.22908 3.22908 46.148
13 3.14159 4.14158 47.4808
14 4.30201 5.30201 48.2704
15 5.57495 6.57495 48.5956
16 6.81817 7.81817 48.738
17 7.91361 8.9136 48.7687
18 8.50652 9.50652 48.8568
19 8.93437 9.93436 48.629
20 8.7621 9.7621 48.2118
21 8.74005 9.74005 47.2023
22 8.51574 9.51574 46.4219
23 8.40561 9.40561 45.3558
24 8.27819 9.27819 44.7531
25 8.05629 9.05628 44.192
26 7.72293 8.72292 43.7828
27 7.31159 8.31158 43.3633
28 7.20533 8.20532 42.7278
29 6.25121 7.2512 41.4976
30 6.0051 7.00509 40.8732
31 5.85386 6.85385 40.5356
32 5.47453 6.47453 40.4294
33 5.19461 6.19461 38.684
34 5.13898 6.13897 37.8857
35 5.3398 6.3398 37.6959
36 5.53194 6.53193 37.5353
37 5.68004 6.68003 37.276
38 5.8303 6.8303 36.7422
39 5.92716 6.92716 36.9188
40 5.00971 6.00971 38.7859
41 5.37413 6.37413 35.5142
42 5.52873 6.52872 35.7362
43 5.57981 6.57981 35.6359
44 5.58045 6.58045 35.7173
45 5.52851 6.5285 35.6286
46 5.45281 6.45281 35.5511
47 5.34606 6.34606 35.5051
48 5.23567 6.23566 35.6092
49 5.08984 6.08984 35.7774
50 4.94938 5.94937 35.7918
51 1.35737 2.35737 42.9442
52 3.95241 4.9524 34.6254
53 4.22368 5.22368 35.0053
54 4.42614 5.42614 35.5253
55 4.54119 5.54119 35.6964
56 4.64964 5.64963 36.1264
57 -5.17852 -4.17852 50.0692
58 3.42963 4.42962 35.7176
59 3.68825 4.68824 35.644
60 4.01374 5.01374 35.9745
61 4.19235 5.19235 36.3959
62 1.99668 2.99668 42.4097
63 3.33854 4.33853 38.2431
64 3.29904 4.29903 37.8178
65 0.25106 1.25106 44.789
66 2.82139 3.82138 35.7627
67 3.07821 4.0782 36.6126
68 3.2257 4.2257 35.6909
69 3.41774 4.41773 37.5125
70 3.4467 4.4467 35.7343
71 3.70594 4.70593 35.7813
72 3.94434 4.94433 35.8549
73 4.11661 5.1166 36.011
74 4.20166 5.20165 36.0466
75 4.21973 5.21972 36.0888
76 0.082974 1.08297 45.7287
77 2.67447 3.67446 34.7904
78 -60.2828 -59.2828 81.0916
79 1.16327 2.16326 35.2793
80 1.54032 2.54032 35.2088
81 1.87232 2.87232 35.2294
82 2.19088 3.19088 35.3063
83 2.47121 3.4712 35.5063
84 2.74012 3.74012 35.4959
85 2.99726 3.99725 35.8181
86 3.17455 4.17455 36.2997
87 3.28243 4.28243 36.516
88 3.66996 4.66996 37.4158
89 2.88042 3.88041 36.4365
90 2.97998 3.97998 36.6464
91 3.07214 4.07214 36.7387
92 3.14048 4.14048 36.7749
93 1.22588 2.22587 43.9408
94 -23.399 -22.399 58.7994
95 0.838713 1.83871 33.7535
96 1.2367 2.23669 33.6953
97 1.60313 2.60313 33.7434
98 1.95835 2.95835 33.8052
99 2.30294 3.30294 33.6929
100 2.59846 3.59845 33.8937
101 1.00338 2.00337 40.7631
102 1.98772 2.98772 33.1571
103 2.26572 3.26571 33.2182
104 2.51117 3.51116 33.1994
105 2.75028 3.75027 32.9338
106 2.88523 3.88522 33.2219
107 2.94824 3.94823 33.2165
108 2.94192 3.94191 33.2169
109 -5.64802 -4.64802 51.2119
110 1.01938 2.01937 31.0397
111 1.38915 2.38914 30.8725
112 1.74992 2.74992 30.7283
113 -11.4445 -10.4445 55.9363
114 0.739433 1.73943 29.4328
115 1.16558 2.16557 29.4694
116 1.62489 2.62488 29.3098
117 -18.9173 -17.9173 58.3712
118 0.512046 1.51204 28.7722
119 0.92239 1.92239 28.8611
120 1.12766 2.12765 29.1586
121 0.109416 1.10941 33.3128
122 1.11887 2.11886 28.7147
123 1.73094 2.73094 28.626
124 2.39963 3.39963 29.038
125 1.1479 2.1479 28.4084
126 2.10883 3.10882 28.0219
127 2.026 3.026 27.6418
128 1.19838 2.19837 27.6213
129 2.92832 3.92832 27.1199
130 1.54089 2.54089 27.3785
131 1.8437 2.8437 27.3825
132 2.14138 3.14137 27.0946
133 -15.2283 -14.2283 40.051
134 0.953222 1.95322 29.1076
135 0.425679 1.42568 24.8626
136 0.710446 1.71044 24.8296
137 0.965715 1.96571 24.9041
138 1.22067 2.22066 24.6002
139 0.206326 1.20632 31.903
140 0.994178 1.99417 23.7764
141 0.86772 1.86772 23.6393
142 1.13814 2.13814 23.5849
143 1.37601 2.37601 23.4609
144 1.56484 2.56483 23.4784
145 1.68569 2.68569 23.5566
146 1.70823 2.70822 23.5869
147 -50.2691 -49.2691 53.6504
148 -0.363746 0.63625 24.0753
149 -0.101009 0.898987 23.7309
150 -2.51316 -1.51316 31.9715
151 -0.276129 0.723867 22.975
152 -0.020631 0.979365 22.8408
153 0.204793 1.20479 22.6758
154 0.427674 1.42767 22.4289
155 0.586187 1.58618 22.3801
156 -0.583136 0.41686 28.2918
157 -0.767766 0.23223 26.2144
158 -0.0378067 0.962189 21.5987
159 0.201126 1.20112 21.4936
160 0.395417 1.39541 21.5306
161 -1.65521 -0.655209 31.2147
162 0.0590714 1.05907 21.4405
163 -0.292774 0.707222 23.8173
164 0.0918607 1.09186 21.3976
165 -8.63378 -7.63378 41.7783
166 -0.602826 0.397169 20.8076
167 -0.277483 0.722513 20.7877
168 0.0116726 1.01167 21.0611
169 0.268994 1.26899 21.352
170 0.507427 1.50742 21.5435
171 0.730315 1.73031 21.6983
172 0.919261 1.91926 21.8345
173 0.500194 1.50019 23.6049
174 -3.08365 -2.08366 30.2288
175 -0.197272 0.802724 20.0685
176 0.0403451 1.04034 20.2483
177 -0.227199 0.772797 22.064
178 0.0407147 1.04071 19.9963
179 0.297224 1.29722 20.0133
180 -0.102775 0.89722 24.0538
181 0.0559622 1.05596 19.3658
182 -0.588247 0.411749 22.8163
183 -0.00219583 0.9978 18.9077
184 0.248562 1.24856 18.9502
185 0.497421 1.49742 18.6838
186 0.665333 1.66533 18.7357
187 0.780382 1.78038 18.6104
188 0.846786 1.84678 18.3747
189 -3.64093 -2.64094 32.6365
190 -0.318423 0.681573 17.3219
191 -0.117302 0.882694 17.1419
192 0.0588482 1.05884 17.0073
193 -3.22588 -2.22588 29.3326
194 -0.522525 0.47747 16.4765
195 -0.254506 0.74549 16.3134
196 -0.0233371 0.976659 16.2612
197 0.186876 1.18687 16.1296
198 0.33453 1.33453 16.1331
199 0.435031 1.43503 16.1229
200 -9.17984 -8.17984 41.2049
201 -0.623825 0.376171 15.6076
202 -0.370849 0.629147 15.5296
203 -0.148118 0.851878 15.5922
204 0.031466 1.03146 15.6097
205 0.194589 1.19459 15.4981
206 0.310271 1.31027 15.5273
207 -2.38784 -1.38784 27.4807
208 -0.403893 0.596103 14.8426
209 -0.206066 0.79393 14.7559
210 -0.0439188 0.956077 14.7532
211 -2.51177 -1.51177 26.2315
212 -0.553064 0.446932 14.2546
213 -0.330574 0.669422 14.3363
214 -0.122683 0.877312 14.3619
215 0.0804333 1.08043 14.1815
216 0.196493 1.19649 14.4454
217 0.284301 1.2843 14.4203
218 -35.2457 -34.2457 61.5909
219 -1.54515 -0.545157 16.6534
220 -7.82719 -6.82719 25.3709
221 -4.8968 -3.8968 20.5947
222 -0.920495 0.0795009 17.7891
223 -1.00549 -0.00549223 16.9394
224 -0.439897 0.560098 18.0843
225 -0.927174 0.0728219 16.9303
226 -0.189788 0.810208 18.1971
227 0.0259075 1.0259 18.4459
228 0.20693 1.20693 18.7661
229 0.432607 1.4326 18.4218
230 0.563441 1.56344 18.8164
231 0.65937 1.65937 18.9692
232 1.05783 2.05783 17.4167
233 0.377092 1.37709 18.4361
234 0.508651 1.50865 17.7954
235 0.0084332 1.00843 17.67
236 -0.352103 0.647893 17.3682
237 -0.480847 0.519149 16.7692
238 -0.253672 0.746324 16.5478
239 -0.0403296 0.959666 16.348
240 0.134597 1.13459 16.1644
241 0.277466 1.27746 15.9764
242 -0.767713 0.232283 22.3598
243 -0.216 0.783996 14.9415
244 -0.00188693 0.998109 14.8133
245 -26.0654 -25.0654 62.0959
246 -2.53514 -1.53514 18.4116
247 -1.15644 -0.156443 15.6416
248 -0.697913 0.302083 15.7068
249 -0.288555 0.711441 16.3685
250 0.026694 1.02669 16.7791
251 0.311214 1.31121 17.2706
252 0.566561 1.56656 17.5584
253 0.81626 1.81626 17.7227
254 1.04788 2.04788 17.6976
255 1.28383 2.28382 17.3941
256 1.51628 2.51628 16.704
257 1.18458 2.18457 22.3599
258 0.702486 1.70248 15.0686
259 0.841855 1.84185 14.6428
260 0.921516 1.92151 14.34
261 -2.25726 -1.25727 28.9508
262 -12.4938 -11.4938 42.1752
263 -1.26935 -0.269356 13.0949
264 -0.870839 0.129156 13.0219
265 -0.520622 0.479373 13.0814
266 -0.194065 0.805931 13.2541
267 -7.65376 -6.65377 34.6107
268 -0.602284 0.397712 13.4844
269 -0.686809 0.313187 13.5024
270 -0.468871 0.531125 13.2913
271 -0.0638353 0.93616 14.1638
272 0.184916 1.18491 14.7063
273 0.759939 1.75993 12.7397
274 0.446679 1.44668 13.2698
275 -3.08199 -2.08199 26.9126
276 -0.221299 0.778696 14.4905
277 -0.00712901 0.992867 15.2058
278 0.236332 1.23633 15.412
279 0.411902 1.4119 15.9746
280 0.618149 1.61814 17.5013
281 0.531409 1.5314 15.4836
282 0.482867 1.48286 15.9756
283 0.635549 1.63554 15.9784
284 0.748167 1.74816 15.8207
285 0.813587 1.81358 15.7061
286 -0.12025 0.879746 23.8152
287 -0.127981 0.872014 14.3985
288 -0.018772 0.981224 14.3512
289 -34.8633 -33.8633 74.6197
290 -2.05632 -1.05632 12.9865
291 -1.4683 -0.468304 12.7156
292 -0.999211 0.000784262 12.7236
293 -0.587673 0.412323 13.1237
294 -0.222899 0.777097 13.7151
295 0.099877 1.09987 14.3597
296 0.404454 1.40445 14.8561
297 0.892856 1.89285 13.3546
298 0.554033 1.55403 15.2014
299 0.804858 1.80485 18.319
300 0.446359 1.44635 14.7626
301 0.669798 1.66979 14.9234
302 0.878593 1.87859 14.9872
303 1.11781 2.1178 14.4605
304 1.24839 2.24839 14.2974
305 1.29863 2.29863 13.9762
306 -1.66537 -0.665379 30.6091
307 -23.5136 -22.5136 51.8215
308 -1.75197 -0.75197 12.6742
309 -9.15334 -8.15335 32.1968
310 -2.5375 -1.5375 14.7083
311 -1.10038 -0.100385 13.5664
312 -0.666812 0.333184 13.941
313 -0.309648 0.690348 14.3384
314 0.0148747 1.01487 14.7587
315 0.302846 1.30284 15.2164
316 0.554331 1.55433 15.6414
317 0.788926 1.78892 15.8513
318 0.996144 1.99614 16.0001
319 1.14038 2.14037 15.9992
320 1.28255 2.28255 15.6725
321 1.35294 2.35294 15.5558
322 1.29546 2.29546 15.6456
323 1.09514 2.09513 15.7808
324 0.825934 1.82593 15.6596
325 0.50096 1.50096 15.6623
326 0.156574 1.15657 15.6275
327 -0.13628 0.863715 15.5398
328 -0.351655 0.64834 15.2231
329 -0.515081 0.484915 14.9378
330 -0.617182 0.382814 14.605
331 -0.600575 0.39942 14.0487
332 -0.551771 0.448225 13.6693
333 -0.456376 0.543619 13.3645
334 -0.35609 0.643906 13.0457
335 -0.238274 0.761722 12.8116
336 -0.0940482 0.905948 12.5532
337 0.0393724 1.03937 12.389
338 0.194602 1.1946 12.233
339 0.304615 1.30461 12.1833
340 0.435553 1.43555 12.0374
341 0.51766 1.51766 12.0931
342 0.586654 1.58665 12.0593
343 0.614148 1.61414 12.128
344 0.666362 1.66636 11.9505
345 0.683997 1.68399 11.9777
346 0.675754 1.67575 12.0271
347 0.660646 1.66064 11.8945
348 0.641238 1.64123 11.8562
349 0.621734 1.62173 11.7306
350 0.599988 1.59998 11.636
351 0.571977 1.57197 11.5125
352 0.546405 1.5464 11.4207
353 0.521941 1.52194 11.2264
354 0.491208 1.4912 11.1138
355 0.479713 1.47971 10.9195
356 0.482124 1.48212 10.727
357 0.49167 1.49167 10.4962
358 0.492541 1.49254 10.3176
359 0.48516 1.48516 10.1427
360 0.489239 1.48924 9.9297
361 0.486241 1.48624 9.8115
362 0.499054 1.49905 9.64868
363 0.506541 1.50654 9.52893
364 0.484568 1.48456 9.46176
365 0.490166 1.49016 9.34393
366 0.500181 1.50018 9.26569
367 0.48402 1.48402 9.28139
368 0.45991 1.45991 9.24378
369 0.446794 1.44679 9.21526
370 0.432692 1.43269 9.12718
371 0.384537 1.38453 9.15226
372 0.387582 1.38758 8.96423
373 0.376211 1.37621 8.8922
374 0.374399 1.37439 8.78893
375 0.344279 1.34428 8.77003
376 0.341315 1.34131 8.61559
377 0.323859 1.32385 8.54947
378 0.331291 1.33129 8.31261
379 0.321847 1.32184 8.22458
380 0.305131 1.30513 8.15067
381 0.318351 1.31835 7.93777
382 0.325349 1.32534 7.89163
383 0.331661 1.33166 7.73655
384 0.350651 1.35065 7.6515
385 0.368868 1.36886 7.60849
386 0.367197 1.36719 7.6251
387 0.36496 1.36496 7.5687
388 0.358482 1.35848 7.58315
389 0.367851 1.36785 7.52723
390 0.391125 1.39112 7.70132
391 0.419243 1.41924 7.57314
392 0.433964 1.43396 7.5478
393 0.423796 1.42379 7.5243
394 0.429132 1.42913 7.45406
395 0.409273 1.40927 7.48921
396 0.401912 1.40191 7.39612
397 0.408498 1.40849 7.31694
398 0.406791 1.40679 7.29082
399 0.404828 1.40482 7.25236
400 0.418357 1.41835 7.09563
401 0.421028 1.42102 7.1298
402 0.420585 1.42058 7.01549
403 0.442842 1.44284 6.95683
404 0.42861 1.42861 7.04016
405 0.427402 1.4274 6.96191
406 0.436153 1.43615 6.90742
407 0.426829 1.42682 6.93602
408 0.422985 1.42298 6.84098
409 0.413812 1.41381 6.93325
410 0.391282 1.39128 6.90793
411 0.402339 1.40233 6.82807
412 0.399143 1.39914 6.83374
413 0.396589 1.39658 6.85508
414 0.408629 1.40862 6.75013
415 0.423186 1.42318 6.72178
416 0.450347 1.45034 6.66497
417 0.458852 1.45885 6.70535
418 0.472908 1.4729 6.66277
419 0.475574 1.47557 6.61429
420 0.505929 1.50592 6.5109
421 0.506718 1.50671 6.51424
422 0.52593 1.52593 6.47804
423 0.527244 1.52724 6.43079
424 0.533475 1.53347 6.38349
425 0.51249 1.51249 6.4463
426 0.5047 1.5047 6.28395
427 0.508731 1.50873 6.26777
428 0.516543 1.51654 6.12303
429 0.526015 1.52601 6.09817
430 0.542387 1.54238 5.99576
431 0.542145 1.54214 5.93313
432 0.541663 1.54166 5.92474
433 0.527016 1.52701 5.88201
434 0.525698 1.52569 5.83693
435 0.507792 1.50779 5.85208
436 0.484885 1.48488 5.74358
437 0.486524 1.48652 5.58292
438 0.515487 1.51548 5.52067
439 0.518498 1.51849 5.51458
440 0.512342 1.51234 5.46301
441 0.515647 1.51564 5.4151
442 0.521287 1.52128 5.36922
443 0.520443 1.52044 5.3739
444 0.522477 1.52247 5.28146
445 0.526024 1.52602 5.25264
446 0.525465 1.52546 5.23978
447 0.523526 1.52352 5.25672
448 0.520508 1.5205 5.20931
449 0.525445 1.52544 5.16631
450 0.547048 1.54704 5.15642
451 0.5512 1.5512 5.12498
452 0.551242 1.55124 5.15357
453 0.570665 1.57066 5.14699
454 0.585436 1.58543 5.06426
455 0.585695 1.58569 5.17669
456 0.573603 1.5736 5.17027
457 0.574358 1.57435 5.15833
458 0.553045 1.55304 5.18138
459 0.533161 1.53316 5.19141
460 0.527484 1.52748 5.18036
461 0.50892 1.50892 5.22314
462 0.506405 1.5064 5.12794
463 0.517722 1.51772 5.11056
464 0.510737 1.51073 5.1149
465 0.503008 1.503 5.12448
466 0.502138 1.50213 5.09627
467 0.507244 1.50724 5.0212
468 0.528334 1.52833 4.99847
469 0.526858 1.52685 4.98223
470 0.537859 1.53785 4.95816
471 0.543186 1.54318 4.95964
472 0.532341 1.53234 4.94091
473 0.55083 1.55083 4.80421
474 0.549144 1.54914 4.83234
475 0.543943 1.54394 4.78136
476 0.544176 1.54417 4.77229
477 0.543984 1.54398 4.71401
478 0.543616 1.54361 4.64633
479 0.545676 1.54567 4.66836
480 0.538964 1.53896 4.60749
481 0.559072 1.55907 4.49288
482 0.559738 1.55973 4.54942
483 0.552645 1.55264 4.4893
484 0.544318 1.54431 4.45786
485 0.544707 1.5447 4.39706
486 0.549839 1.54983 4.37608
487 0.554178 1.55417 4.29656
488 0.556555 1.55655 4.31508
489 0.549359 1.54936 4.32262
490 0.574288 1.57428 4.21147
491 0.593589 1.59358 4.25125
492 0.605058 1.60505 4.18613
493 0.593126 1.59312 4.25951
494 0.594358 1.59435 4.19152
495 0.586924 1.58692 4.22288
496 0.575683 1.57568 4.23719
497 0.566706 1.5667 4.18818
498 0.614825 1.61482 4.06081
499 0.616531 1.61653 4.24397
500 0.65063 1.65063 4.06925
501 0.633327 1.63332 4.20942
502 0.644334 1.64433 4.1493
503 0.630278 1.63027 4.15314
504 0.62987 1.62987 4.16973
505 0.63263 1.63263 4.16068
506 0.622244 1.62224 4.19896
507 0.619644 1.61964 4.12971
508 0.677487 1.67748 4.02557
509 0.686146 1.68614 4.04942
510 0.730175 1.73017 3.9799
511 0.747631 1.74763 3.97062
512 0.756369 1.75637 3.98007
513 0.734776 1.73477 4.01341
514 0.726309 1.7263 4.02346
515 0.715911 1.71591 3.93929
516 0.729854 1.72985 3.85366
517 0.729688 1.72968 3.8677
518 0.741896 1.74189 3.8218
519 0.766878 1.76687 3.74622
520 0.777526 1.77752 3.73356
521 0.785 1.785 3.755
522 0.793176 1.79317 3.6842
523 0.807214 1.80721 3.69289
524 0.816067 1.81606 3.61959
525 0.841318 1.84131 3.60404
526 0.840912 1.84091 3.62751
527 0.855898 1.85589 3.55579
528 0.869269 1.86927 3.57268
529 0.872364 1.87236 3.56215
530 0.895052 1.89505 3.53046
531 0.889059 1.88905 3.53293
532 0.906109 1.9061 3.56105
533 0.92196 1.92196 3.52957
534 0.920435 1.92043 3.477
535 0.913588 1.91358 3.53582
536 0.927519 1.92751 3.4735
537 0.936606 1.9366 3.49345
538 0.92703 1.92703 3.56228
539 0.924943 1.92494 3.5247
540 0.924441 1.92444 3.46211
541 0.927735 1.92773 3.51698
542 0.919957 1.91995 3.48338
543 0.930471 1.93047 3.47178
544 0.92965 1.92965 3.4604
545 0.943939 1.94393 3.44972
546 0.968649 1.96865 3.41597
547 0.981918 1.98191 3.47209
548 0.970474 1.97047 3.44997
549 0.970654 1.97065 3.42879
550 0.969984 1.96998 3.42307
551 0.976067 1.97606 3.38472
552 0.972178 1.97217 3.44501
553 0.977002 1.977 3.33724
554 0.99862 1.99862 3.34288
555 1.00586 2.00586 3.34075
556 1.0084 2.0084 3.30041
557 1.01014 2.01013 3.31137
558 1.00592 2.00592 3.30741
559 1.00731 2.00731 3.28393
560 0.993167 1.99316 3.31804
561 0.979331 1.97933 3.27036
562 0.985718 1.98571 3.23952
563 0.973204 1.9732 3.28793
564 0.982065 1.98206 3.24611
565 1.00916 2.00916 3.18729
566 0.999185 1.99918 3.21824
567 0.994591 1.99459 3.18266
568 0.984669 1.98466 3.17163
569 0.996773 1.99677 3.11485
570 0.990295 1.99029 3.1887
571 0.995354 1.99535 3.10929
572 0.999776 1.99977 3.1089
573 1.00418 2.00418 3.08826
574 1.0145 2.0145 3.04992
575 1.03298 2.03297 3.03465
576 1.03424 2.03424 3.0433
577 1.04677 2.04677 3.0104
578 1.04555 2.04555 3.07803
579 1.03239 2.03239 3.02789
580 1.03835 2.03835 2.98884
581 1.04755 2.04755 2.9947
582 1.03638 2.03637 3.01738
583 1.05283 2.05282 3.11242
584 1.08643 2.08642 2.99806
585 1.09191 2.0919 2.91214
586 1.07573 2.07572 2.98749
587 1.05246 2.05246 2.96169
588 1.04762 2.04762 2.91112
589 1.04307 2.04307 2.86571
590 1.04976 2.04975 2.85677
591 1.08485 2.08485 2.8842
592 1.07147 2.07147 2.86862
593 1.0543 2.0543 2.85081
594 1.04825 2.04824 2.8177
595 1.04408 2.04408 2.79657
596 1.03133 2.03133 2.82374
597 1.02845 2.02844 2.74898
598 1.03393 2.03393 2.71273
599 1.04687 2.04686 2.69254
600 1.04126 2.04126 2.67609
601 1.03912 2.03911 2.68223
602 1.04425 2.04424 2.61029
603 1.04497 2.04497 2.60175
604 1.04965 2.04965 2.6192
605 1.05948 2.05948 2.5783
606 1.08125 2.08125 2.54971
607 1.0775 2.0775 2.57476
608 1.08766 2.08766 2.5074
609 1.10164 2.10164 2.51782
610 1.12102 2.12102 2.48812
611 1.14443 2.14443 2.48985
612 1.17041 2.17041 2.50165
613 1.17492 2.17492 2.49848
614 1.16729 2.16729 2.52726
615 1.15385 2.15385 2.51962
616 1.16045 2.16044 2.46208
617 1.16367 2.16367 2.50411
618 1.14903 2.14902 2.51437
619 1.1569 2.1569 2.47339
620 1.13125 2.13124 2.56115
621 1.13118 2.13118 2.45331
622 1.12895 2.12895 2.49074
623 1.12329 2.12329 2.46592
624 1.12359 2.12359 2.46489
625 1.1367 2.1367 2.39332
626 1.15047 2.15047 2.42484
627 1.14708 2.14708 2.43705
628 1.15999 2.15999 2.35679
629 1.19709 2.19708 2.51502
630 1.20715 2.20714 2.41199
631 1.19567 2.19566 2.37575
632 1.19076 2.19075 2.3971
633 1.18366 2.18365 2.42165
634 1.19653 2.19652 2.31313
635 1.20066 2.20066 2.36421
636 1.20114 2.20114 2.33975
637 1.20459 2.20459 2.31791
638 1.19743 2.19742 2.33342
639 1.21006 2.21006 2.30558
640 1.22998 2.22998 2.23541
641 1.23037 2.23036 2.3034
642 1.23632 2.23632 2.23638
643 1.24648 2.24647 2.24094
644 1.25133 2.25132 2.24367
645 1.25425 2.25425 2.25302
646 1.26064 2.26063 2.21768
647 1.27826 2.27826 2.22944
648 1.30255 2.30255 2.14268
649 1.29361 2.2936 2.2
650 1.2871 2.28709 2.19172
651 1.30355 2.30355 2.12418
652 1.32034 2.32033 2.12368
653 1.30413 2.30413 2.18941
654 1.30487 2.30486 2.15841
655 1.29804 2.29804 2.12469
656 1.3066 2.30659 2.07428
657 1.31937 2.31937 2.06002
658 1.33126 2.33126 2.08321
659 1.34753 2.34752 2.06674
660 1.35385 2.35384 2.07404
661 1.34985 2.34985 2.03415
662 1.38801 2.388 2.09047
663 1.38928 2.38927 2.10785
664 1.38684 2.38683 2.08424
665 1.36847 2.36846 2.14562
666 1.35932 2.35931 2.05874
667 1.36588 2.36587 2.0552
668 1.36859 2.36859 2.06238
669 1.36243 2.36243 2.04527
670 1.34939 2.34939 2.10402
671 1.33272 2.33271 2.03152
672 1.34603 2.34603 1.99304
673 1.35267 2.35267 2.04342
674 1.34957 2.34956 2.03238
675 1.36179 2.36178 1.99017
676 1.37945 2.37944 1.98926
677 1.39422 2.39422 1.99319
678 1.40196 2.40196 2.00132
679 1.41019 2.41018 1.96637
680 1.41099 2.41098 2.01854
681 1.41545 2.41545 1.97285
682 1.41177 2.41177 1.99541
683 1.40674 2.40674 2.01165
684 1.41803 2.41803 1.9643
685 1.42111 2.42111 1.99901
686 1.43703 2.43702 1.9288
687 1.44367 2.44367 1.93472
688 1.4474 2.44739 1.92563
689 1.4583 2.4583 1.90609
690 1.46844 2.46844 1.8926
691 1.4816 2.4816 1.93009
692 1.47355 2.47354 1.93309
693 1.49496 2.49495 2.11108
694 1.51932 2.51932 1.9279
695 1.50667 2.50667 1.94141
696 1.49694 2.49693 1.84469
697 1.47455 2.47454 1.96552
698 1.47293 2.47293 1.8806
699 1.4584 2.45839 1.89216
700 1.43924 2.43923 1.92241
701 1.4196 2.41959 1.91666
702 1.41276 2.41276 1.87093
703 1.43055 2.43054 1.7854
704 1.46433 2.46432 1.78858
705 1.47208 2.47208 1.76775
706 1.474 2.47399 1.79564
707 1.47354 2.47354 1.75919
708 1.48823 2.48823 1.71525
709 1.51426 2.51426 1.75096
710 1.52125 2.52125 1.72181
711 1.53503 2.53502 1.72016
712 1.54114 2.54114 1.7241
713 1.54135 2.54135 1.78753
714 1.55637 2.55637 1.67833
715 1.55503 2.55503 1.71055
716 1.54654 2.54654 1.70341
717 1.55719 2.55719 1.6686
718 1.55091 2.5509 1.69331
719 1.53932 2.53932 1.68869
720 1.52921 2.5292 1.66191
721 1.53956 2.53956 1.68302
722 1.54556 2.54556 1.63533
723 1.54168 2.54168 1.67774
724 1.52103 2.52103 1.69562
725 1.52815 2.52814 1.62274
726 1.53211 2.5321 1.62135
727 1.52893 2.52892 1.66298
728 1.53096 2.53096 1.60795
729 1.53809 2.53808 1.61587
730 1.54077 2.54077 1.60181
731 1.54576 2.54575 1.59455
732 1.5552 2.55519 1.5741
733 1.56414 2.56414 1.59388
734 1.57345 2.57344 1.58232
735 1.57626 2.57626 1.5927
736 1.58488 2.58487 1.58045
737 1.59771 2.59771 1.57871
738 1.60146 2.60146 1.57617
739 1.58652 2.58652 1.6123
740 1.58579 2.58578 1.58514
741 1.58539 2.58538 1.55698
742 1.59284 2.59283 1.59457
743 1.59389 2.59389 1.58457
744 1.59649 2.59649 1.55918
745 1.60596 2.60596 1.55556
746 1.60136 2.60136 1.57414
747 1.61191 2.61191 1.5386
748 1.61097 2.61097 1.55303
749 1.60783 2.60782 1.55504
750 1.6162 2.6162 1.57343
751 1.61295 2.61295 1.53316
752 1.62983 2.62983 1.54174
753 1.63382 2.63382 1.56442
754 1.6449 2.6449 1.52927
755 1.68495 2.68494 1.8343
756 1.69022 2.69021 1.61267
757 1.68519 2.68519 1.61456
758 1.67532 2.67532 1.61478
759 1.68782 2.68781 1.64188
760 1.66813 2.66813 1.57625
761 1.63924 2.63924 1.6526
762 1.60744 2.60744 1.67852
763 1.58885 2.58885 1.61936
764 1.57912 2.57911 1.52939
765 1.57531 2.5753 1.58001
766 1.57733 2.57732 1.56342
767 1.581 2.58099 1.49138
768 1.58037 2.58037 1.53783
769 1.60489 2.60489 1.47373
770 1.62884 2.62884 1.44468
771 1.63241 2.63241 1.43088
772 1.65208 2.65208 1.43077
773 1.67736 2.67736 1.44926
774 1.69326 2.69325 1.49608
775 1.71981 2.7198 1.40726
776 1.71622 2.71622 1.43125
777 1.71583 2.71582 1.41572
778 1.71594 2.71594 1.37854
779 1.70704 2.70703 1.45419
780 1.68801 2.688 1.44352
781 1.68877 2.68876 1.3711
782 1.68498 2.68498 1.41852
783 1.6772 2.6772 1.38971
784 1.6845 2.6845 1.36097
785 1.70599 2.70598 1.41319
786 1.70428 2.70427 1.38174
787 1.71226 2.71226 1.35663
788 1.71239 2.71239 1.32587
789 1.70553 2.70553 1.33551
790 1.7009 2.70089 1.31354
791 1.70448 2.70447 1.32677
792 1.70237 2.70237 1.29217
793 1.72007 2.72007 1.3261
794 1.71164 2.71164 1.3298
795 1.72917 2.72916 1.3281
796 1.73761 2.73761 1.30711
797 1.73514 2.73513 1.28929
798 1.73833 2.73833 1.32884
799 1.73564 2.73564 1.32892
800 1.74714 2.74714 1.37191
801 1.73562 2.73561 1.38088
802 1.72629 2.72628 1.31297
803 1.71911 2.71911 1.366
804 1.706 2.706 1.36101
805 1.71931 2.71931 1.36471
806 1.72549 2.72548 1.39384
807 1.73359 2.73358 1.33578
808 1.74423 2.74423 1.32781
809 1.7407 2.74069 1.40184
810 1.7507 2.75069 1.326
811 1.7522 2.7522 1.33739
812 1.76713 2.76712 1.33891
813 1.78499 2.78499 1.30754
814 1.79581 2.7958 1.27778
815 1.77698 2.77697 1.33223
816 1.78319 2.78318 1.33656
817 1.79989 2.79989 1.5855
818 1.81292 2.81291 1.37455
819 1.78974 2.78974 1.35695
820 1.78554 2.78554 1.31124
821 1.77898 2.77898 1.35187
822 1.76705 2.76705 1.3281
823 1.7592 2.7592 1.31316
824 1.74406 2.74406 1.371
825 1.73926 2.73925 1.31459
826 1.75172 2.75171 1.25048
827 1.76789 2.76788 1.27184
828 1.79316 2.79316 1.25662
829 1.793 2.793 1.23381
830 1.81139 2.81138 1.25291
831 1.82624 2.82623 1.23039
832 1.83319 2.83319 1.19484
833 1.86076 2.86075 1.4279
834 1.87552 2.87552 1.21265
835 1.8501 2.8501 1.26846
836 1.8336 2.83359 1.23633
837 1.81114 2.81114 1.33371
838 1.79274 2.79274 1.31921
839 1.7893 2.78929 1.21761
840 1.78779 2.78778 1.17973
841 1.77796 2.77795 1.28703
842 1.78125 2.78125 1.1874
843 1.78413 2.78413 1.24055
844 1.78858 2.78858 1.19818
845 1.79936 2.79936 1.20991
846 1.81642 2.81642 1.1684
847 1.83457 2.83457 1.1809
848 1.84159 2.84159 1.24586
849 1.8382 2.8382 1.1208
850 1.83113 2.83113 1.21546
851 1.83714 2.83714 1.1712
852 1.83878 2.83877 1.17766
853 1.84807 2.84806 1.18013
854 1.87043 2.87042 1.17016
855 1.88676 2.88676 1.15172
856 1.89034 2.89033 1.16239
857 1.8915 2.89149 1.19903
858 1.8889 2.88889 1.15812
859 1.87759 2.87759 1.15732
860 1.87231 2.8723 1.12258
861 1.87883 2.87883 1.11373
862 1.88029 2.88029 1.1135
863 1.87645 2.87644 1.11536
864 1.88056 2.88056 1.1033
865 1.88541 2.8854 1.09777
866 1.88036 2.88035 1.13648
867 1.87444 2.87444 1.11237
868 1.87903 2.87902 1.15387
869 1.88844 2.88844 1.09746
870 1.90844 2.90844 1.20099
871 1.90486 2.90485 1.09942
872 1.90644 2.90644 1.11635
873 1.89734 2.89733 1.11941
874 1.88986 2.88986 1.12554
875 1.88584 2.88583 1.10456
876 1.87698 2.87697 1.14508
877 1.88071 2.8807 1.10804
878 1.8802 2.88019 1.18851
879 1.8796 2.8796 1.09725
880 1.88843 2.88843 1.10087
881 1.88996 2.88995 1.09018
882 1.90851 2.90851 1.18267
883 1.92429 2.92429 1.07752
884 1.90237 2.90237 1.1708
885 1.89045 2.89045 1.10761
886 1.89717 2.89717 1.09677
887 1.8948 2.89479 1.08253
888 1.89289 2.89288 1.03655
889 1.89736 2.89736 1.05061
890 1.91492 2.91492 1.09837
891 1.9148 2.9148 1.03724
892 1.91082 2.91082 1.05063
893 1.91349 2.91349 1.08305
894 1.91295 2.91294 1.01802
895 1.92504 2.92503 1.08309
896 1.92675 2.92674 1.06431
897 1.9357 2.93569 1.07399
898 1.92634 2.92633 1.07476
899 1.91268 2.91268 1.12684
900 1.9045 2.9045 1.02747
901 1.92527 2.92527 1.08947
902 1.93637 2.93637 1.00091
903 1.9442 2.94419 1.06378
904 1.9362 2.9362 1.01602
905 1.93518 2.93517 1.00241
906 1.93584 2.93584 1.01278
907 1.95082 2.95082 0.971788
908 1.95373 2.95373 1.04714
909 1.96179 2.96179 0.987562
910 1.9632 2.96319 1.00995
911 1.94849 2.94849 1.0228
912 1.94128 2.94128 0.995398
913 1.93917 2.93917 0.951934
914 1.96736 2.96736 1.03754
915 1.9609 2.96089 1.02198
916 1.95518 2.95518 0.954185
917 1.95645 2.95645 0.993765
918 1.97824 2.97824 0.982003
919 1.98113 2.98112 0.959349
920 1.98972 2.98972 0.931764
921 1.9804 2.9804 0.960575
922 1.97491 2.97491 0.952444
923 1.97183 2.97183 1.00006
924 1.95443 2.95442 1.02675
925 1.94352 2.94352 0.954254
926 1.94649 2.94648 0.986675
927 1.93792 2.93791 0.936958
928 1.95218 2.95217 0.995864
929 1.96761 2.96761 1.04401
930 1.97622 2.97621 1.03541
931 1.9779 2.9779 0.96111
932 1.96787 2.96786 0.958644
933 1.97234 2.97233 0.970198
934 1.97829 2.97829 0.931437
935 1.99363 2.99363 0.956435
936 1.98966 2.98966 0.99079
937 1.97096 2.97095 0.992749
938 1.96997 2.96996 0.948277
939 1.96225 2.96224 1.01021
940 1.96041 2.96041 0.927826
941 1.95364 2.95364 0.980784
942 1.94903 2.94902 0.903148
943 1.95674 2.95674 0.918708
944 1.96227 2.96227 0.911129
945 1.98748 2.98747 1.08145
946 2.00831 3.00831 0.920853
947 2.00526 3.00525 0.9383
948 2.01846 3.01846 0.941419
949 2.02317 3.02316 0.902606
950 2.01786 3.01786 0.908467
951 2.03717 3.03716 1.09393
952 2.03778 3.03777 1.01484
953 2.03507 3.03506 0.952991
954 2.03534 3.03534 1.06433
955 2.03823 3.03822 0.929588
956 2.03365 3.03365 0.939653
957 2.00991 3.0099 1.09226
958 1.98849 2.98849 0.968936
959 1.99183 2.99183 0.933875
960 1.99163 2.99162 1.01898
961 1.98493 2.98492 0.994029
962 1.97222 2.97221 0.943532
963 1.99066 2.99066 0.949474
964 1.99057 2.99057 0.960986
965 2.01092 3.01092 1.28985
966 2.03863 3.03862 0.95798
967 2.03365 3.03364 0.903346
968 2.03626 3.03626 0.912547
969 2.0397 3.0397 0.934198
970 2.03113 3.03113 0.897288
971 2.03556 3.03555 0.935909
972 2.02866 3.02866 0.940332
973 2.03173 3.03173 0.914778
974 2.02347 3.02346 0.89768
975 2.0224 3.0224 0.892328
976 2.02693 3.02693 0.911469
977 2.0315 3.0315 0.914673
978 2.04005 3.04005 0.885552
979 2.05169 3.05168 0.922439
980 2.04965 3.04965 0.913035
981 2.0498 3.0498 0.916022
982 2.05604 3.05603 1.07428
983 2.07626 3.07626 0.877771
984 2.08558 3.08558 0.982006
985 2.08701 3.08701 0.888576
986 2.08137 3.08137 0.880959
987 2.07809 3.07808 0.876856
988 2.08622 3.08622 0.976742
989 2.08599 3.08599 0.882005
990 2.0772 3.0772 0.925955
991 2.07187 3.07186 0.957343
992 2.05821 3.0582 0.933316
993 2.03661 3.03661 0.914251
994 2.04409 3.04409 0.89483
995 2.06078 3.06078 0.948118
996 2.04615 3.04615 0.931197
997 2.04182 3.04182 0.875182
998 2.03829 3.03828 0.883252
999 2.03847 3.03846 0.881868
1000 2.04681 3.04681 0.850813
1001 2.05547 3.05547 0.883395
1002 2.08721 3.08721 1.2552
1003 2.10871 3.10871 0.942148
1004 2.10339 3.10338 0.842451
1005 2.11548 3.11548 1.30491
1006 2.15363 3.15362 0.952525
1007 2.14677 3.14677 0.955476
1008 2.11954 3.11954 0.939831
1009 2.09894 3.09893 0.987841
1010 2.08446 3.08445 0.96273
1011 2.05367 3.05366 1.07115
1012 2.0467 3.04669 0.917239
1013 2.04294 3.04294 0.87835
1014 2.04927 3.04926 0.866355
1015 2.06176 3.06175 0.848748
1016 2.06024 3.06024 0.885161
1017 2.05693 3.05693 0.871234
1018 2.05848 3.05848 0.883509
1019 2.06452 3.06452 0.865347
1020 2.07653 3.07652 0.827924
1021 2.08587 3.08587 0.82398
1022 2.10421 3.10421 0.988216
1023 2.13235 3.13235 0.955022
1024 2.17476 3.17476 1.46321
1025 2.20105 3.20104 0.994405
1026 2.19839 3.19838 0.857459
1027 2.18543 3.18542 0.889418
1028 2.16887 3.16887 0.901579
1029 2.14562 3.14561 0.911099
1030 2.12337 3.12336 0.937521
1031 2.09058 3.09058 0.996073
1032 2.07936 3.07936 0.840423
1033 2.06014 3.06013 0.96597
1034 2.06477 3.06477 0.856054
1035 2.07201 3.07201 0.80051
1036 2.06902 3.06902 0.872497
1037 2.0769 3.07689 0.832838
1038 2.08436 3.08435 0.774174
1039 2.09079 3.09079 0.774585
1040 2.09263 3.09262 0.779245
1041 2.09118 3.09118 0.840879
1042 2.11077 3.11076 0.891041
1043 2.12512 3.12512 0.785851
1044 2.13217 3.13217 0.823888
1045 2.14334 3.14333 0.7727
1046 2.13908 3.13907 0.773047
1047 2.15598 3.15597 0.965837
1048 2.17388 3.17388 0.792168
1049 2.18433 3.18432 0.922386
1050 2.19277 3.19277 0.784064
1051 2.17777 3.17777 0.827449
1052 2.16302 3.16301 0.782337
1053 2.15714 3.15713 0.860654
1054 2.1444 3.14439 0.857791
1055 2.1434 3.1434 0.82294
1056 2.13252 3.13251 0.845653
1057 2.11654 3.11654 0.796973
1058 2.12147 3.12146 0.822246
1059 2.12158 3.12158 0.796246
1060 2.12151 3.1215 0.751307
1061 2.12505 3.12505 0.773038
1062 2.13099 3.13098 0.779236
1063 2.13824 3.13823 0.797402
1064 2.16566 3.16565 0.872082
1065 2.1738 3.1738 0.7509
1066 2.16352 3.16352 0.735459
1067 2.15855 3.15855 0.773299
1068 2.17439 3.17438 0.82236
1069 2.18659 3.18659 0.813942
1070 2.18177 3.18177 0.786388
1071 2.17293 3.17293 0.829153
1072 2.16634 3.16634 0.788226
1073 2.1612 3.16119 0.739763
1074 2.16102 3.16101 0.815127
1075 2.15549 3.15549 0.805208
1076 2.15695 3.15694 0.80308
1077 2.15657 3.15656 0.782132
1078 2.15261 3.15261 0.8135
1079 2.14717 3.14717 0.819397
1080 2.1503 3.15029 0.768192
1081 2.15295 3.15294 0.738084
1082 2.15372 3.15371 0.771984
1083 2.15018 3.15018 0.766647
1084 2.14698 3.14697 0.792164
1085 2.15087 3.15086 0.75981
1086 2.15809 3.15809 0.747374
1087 2.15847 3.15847 0.765205
1088 2.15543 3.15542 0.749481
1089 2.17238 3.17237 0.810754
1090 2.18711 3.18711 0.838389
1091 2.20938 3.20937 0.79377
1092 2.21462 3.21461 0.732562
1093 2.21532 3.21532 0.796907
1094 2.23114 3.23114 0.879943
1095 2.23905 3.23904 0.82565
1096 2.23644 3.23644 0.739055
1097 2.22074 3.22074 0.766858
1098 2.20505 3.20504 0.777808
1099 2.19856 3.19856 0.763843
1100 2.19221 3.19221 0.711933
1101 2.18612 3.18611 0.731888
1102 2.17853 3.17852 0.734377
1103 2.17177 3.17176 0.716628
1104 2.17088 3.17088 0.71861
1105 2.16371 3.16371 0.741667
1106 2.17412 3.17412 0.76043
1107 2.17594 3.17594 0.752408
1108 2.17573 3.17572 0.721056
1109 2.17963 3.17963 0.738573
1110 2.17726 3.17726 0.760042
1111 2.1847 3.1847 0.744588
1112 2.18553 3.18552 0.739869
1113 2.18068 3.18068 0.76799
1114 2.19411 3.19411 0.713733
1115 2.19852 3.19851 0.711307
1116 2.18526 3.18526 0.73559
1117 2.20377 3.20376 1.26588
1118 2.22454 3.22454 0.8047
1119 2.23629 3.23628 1.2727
1120 2.26511 3.26511 0.824223
1121 2.27026 3.27026 0.851494
1122 2.26584 3.26584 0.778677
1123 2.23901 3.23901 0.810858
1124 2.22452 3.22452 0.755879
1125 2.20392 3.20392 0.925019
1126 2.18417 3.18416 0.777793
1127 2.18123 3.18123 0.76152
1128 2.1794 3.17939 0.730391
1129 2.18487 3.18487 0.71596
1130 2.18219 3.18219 0.742756
1131 2.18242 3.18241 0.699011
1132 2.18911 3.18911 0.756634
1133 2.19391 3.1939 0.734761
1134 2.19842 3.19842 0.718598
1135 2.2059 3.2059 0.724342
1136 2.2067 3.2067 0.745915
1137 2.22413 3.22413 0.706434
1138 2.22169 3.22169 0.720131
1139 2.23618 3.23618 0.852309
1140 2.25441 3.2544 0.824234
1141 2.257 3.257 0.686619
1142 2.2515 3.25149 0.722984
1143 2.24611 3.24611 0.806911
1144 2.24549 3.24548 0.766534
1145 2.24549 3.24548 0.693132
