0 0 21.0451 -7.30765 21.0451
0 0.12 25.9174 -2.07485 25.9173
0 0.24 23.6588 -3.06086 23.6588
0 0.36 23.6794 0.19321 23.6794
0 0.48 13.1335 -2.707 13.1335
0 0.6 -0.487105 -2.63549 -0.487125
0 0.72 -7.03712 5.49535 -7.03714
0 0.84 -6.71116 15.1895 -6.71118
0 0.96 -5.46782 20.8944 -5.46784
0 1.08 -4.84701 23.4504 -4.84703
0 1.2 -4.5555 24.5805 -4.55552
0 1.32 -4.29322 25.2014 -4.29324
0 1.44 -3.9523 25.6668 -3.95232
0 1.56 -3.53447 26.0671 -3.53449
0 1.68 -3.09973 26.3605 -3.09975
0 1.8 -2.71479 26.4414 -2.71476
0 1.92 -2.44324 26.119 -2.44321
0 2.04 -2.44129 24.9025 -2.44126
0 2.16 -3.11161 21.5309 -3.11158
0 2.28 -4.77054 13.7786 -4.77051
0 2.4 -4.76177 2.03296 -4.76174
0 2.52 2.59 -5.47217 2.59
0 2.64 13.3036 -5.66168 13.3036
0 2.76 20.1871 -4.29535 20.1871
0 2.88 23.0818 -3.6989 23.0818
0 3 23.7866 -3.61994 23.7866
0 3.12 23.0421 -3.77644 23.0421
0 3.24 20.2044 -4.37347 20.2044
0 3.36 13.4875 -5.68017 13.4875
0 3.48 2.91292 -5.5025 2.91292
0 3.6 -4.50323 1.89396 -4.5032
0 3.72 -4.54572 13.7274 -4.54569
0 3.84 -2.82174 21.6645 -2.82171
0 3.96 -2.12131 25.1309 -2.12128
0 4.08 -2.16874 26.3318 -2.16871
0 4.2 -2.53201 26.5749 -2.53203
0 4.32 -3.01429 26.3971 -3.01431
0 4.44 -3.51439 26.0207 -3.51441
0 4.56 -3.96292 25.5396 -3.96294
0 4.68 -4.34803 24.9139 -4.34805
0 4.8 -4.76626 23.8565 -4.76628
0 4.92 -5.45237 21.6336 -5.45239
0 5.04 -6.72426 16.7501 -6.72428
0 5.16 -7.75035 7.84636 -7.75038
0 5.28 -3.45138 -1.37515 -3.4514
0 5.4 9.39234 -3.08385 9.39232
0 5.52 21.4707 -0.159825 21.4707
0 5.64 39.8556 14.1161 39.8556
0 5.76 13.0459 -14.1865 13.0459
0 5.88 30.1261 2.76492 30.1261
0.12 0 6.51009 -21.6288 6.51007
0.12 0.12 11.2917 -16.4525 11.2917
0.12 0.24 9.17274 -17.1808 9.17272
0.12 0.36 9.1404 -13.7245 9.14038
0.12 0.48 -1.90136 -16.7354 -1.90138
0.12 0.6 -15.2358 -16.2627 -15.2358
0.12 0.72 -21.1703 -7.93054 -21.1703
0.12 0.84 -20.7237 1.48369 -20.7238
0.12 0.96 -19.5467 6.93299 -19.5467
0.12 1.08 -18.9771 9.36669 -18.9771
0.12 1.2 -18.7073 10.4494 -18.7073
0.12 1.32 -18.4486 11.0567 -18.4486
0.12 1.44 -18.1004 11.525 -18.1004
0.12 1.56 -17.6564 11.9494 -17.6564
0.12 1.68 -17.1549 12.3086 -17.1549
0.12 1.8 -16.6545 12.5043 -16.6545
0.12 1.92 -16.2458 12.3178 -16.2458
0.12 2.04 -16.1276 11.2154 -16.1275
0.12 2.16 -16.7338 7.90501 -16.7337
0.12 2.28 -18.4102 0.138697 -18.4101
0.12 2.4 -18.5093 -11.6786 -18.5092
0.12 2.52 -11.2955 -19.2797 -11.2955
0.12 2.64 -0.644903 -19.5509 -0.644903
0.12 2.76 6.21621 -18.2396 6.21621
0.12 2.88 9.10869 -17.6633 9.10869
0.12 3 9.85132 -17.5544 9.85132
0.12 3.12 9.17868 -17.6438 9.17868
0.12 3.24 6.41317 -18.1751 6.41317
0.12 3.36 -0.268358 -19.4652 -0.268358
0.12 3.48 -10.8748 -19.3719 -10.8748
0.12 3.6 -18.3904 -12.1311 -18.3904
0.12 3.72 -18.5023 -0.338636 -18.5023
0.12 3.84 -16.7988 7.63119 -16.7987
0.12 3.96 -16.1251 11.1018 -16.125
0.12 4.08 -16.2025 12.2872 -16.2025
0.12 4.2 -16.5935 12.5101 -16.5935
0.12 4.32 -17.0986 12.3136 -17.0986
0.12 4.44 -17.6184 11.921 -17.6184
0.12 4.56 -18.0834 11.4281 -18.0834
0.12 4.68 -18.4781 10.8022 -18.4782
0.12 4.8 -18.8788 9.78675 -18.8788
0.12 4.92 -19.4843 7.71234 -19.4843
0.12 5.04 -20.6204 3.14834 -20.6204
0.12 5.16 -21.6666 -5.35563 -21.6666
0.12 5.28 -18.0271 -14.6735 -18.0271
0.12 5.4 -5.88885 -17.0185 -5.88887
0.12 5.52 6.34976 -14.3579 6.34974
0.12 5.64 26.7558 1.58439 26.7558
0.12 5.76 -0.777722 -27.5987 -0.777742
0.12 5.88 13.7244 -13.2486 13.7244
0.24 0 21.1893 -6.23424 21.1892
0.24 0.12 24.7649 -2.15047 24.7649
0.24 0.24 21.7445 -3.40756 21.7445
0.24 0.36 20.4228 -0.465305 20.4228
0.24 0.48 8.52455 -3.20732 8.52453
0.24 0.6 -3.19169 -0.785774 -3.19171
0.24 0.72 -6.968 8.55855 -6.96802
0.24 0.84 -6.02289 17.2688 -6.02291
0.24 0.96 -4.96798 21.9635 -4.968
0.24 1.08 -4.49656 24.0348 -4.49658
0.24 1.2 -4.26291 24.9756 -4.26293
0.24 1.32 -4.01494 25.529 -4.01496
0.24 1.44 -3.68027 25.9659 -3.68029
0.24 1.56 -3.25704 26.3639 -3.25706
0.24 1.68 -2.77988 26.6994 -2.7799
0.24 1.8 -2.30864 26.8728 -2.30861
0.24 1.92 -1.92563 26.674 -1.9256
0.24 2.04 -1.83629 25.5686 -1.83626
0.24 2.16 -2.46567 22.2797 -2.46564
0.24 2.28 -4.17976 14.5256 -4.17973
0.24 2.4 -4.34696 2.60615 -4.34693
0.24 2.52 2.9617 -5.05378 2.9617
0.24 2.64 13.7828 -5.23278 13.7828
0.24 2.76 20.6604 -3.8928 20.6604
0.24 2.88 23.5334 -3.31351 23.5334
0.24 3 24.276 -3.20015 24.276
0.24 3.12 23.6259 -3.28927 23.6259
0.24 3.24 20.9142 -3.82694 20.9142
0.24 3.36 14.2852 -5.16684 14.2852
0.24 3.48 3.59208 -5.22752 3.59208
0.24 3.6 -4.12514 1.9356 -4.12511
0.24 3.72 -4.25041 13.8874 -4.25038
0.24 3.84 -2.53181 21.9287 -2.53178
0.24 3.96 -1.85363 25.4045 -1.8536
0.24 4.08 -1.90861 26.604 -1.90858
0.24 4.2 -2.26871 26.8519 -2.26873
0.24 4.32 -2.73823 26.6895 -2.73825
0.24 4.44 -3.22992 26.3288 -3.22994
0.24 4.56 -3.67191 25.8724 -3.67193
0.24 4.68 -4.04094 25.3075 -4.04096
0.24 4.8 -4.40469 24.4185 -4.40471
0.24 4.92 -4.9218 22.6629 -4.92182
0.24 5.04 -5.90744 18.8271 -5.90746
0.24 5.16 -7.18529 11.3219 -7.18531
0.24 5.28 -5.48346 1.66779 -5.48348
0.24 5.4 4.03084 -2.98216 4.03082
0.24 5.52 16.3473 -1.38248 16.3473
0.24 5.64 37.6168 14.3718 37.6167
0.24 5.76 10.4785 -14.9201 10.4785
0.24 5.88 30.2139 4.61042 30.2139
0.36 0 18.4415 -7.24282 18.4415
0.36 0.12 21.7424 -3.18891 21.7424
0.36 0.24 17.4563 -4.92785 17.4562
0.36 0.36 14.4292 -2.26725 14.4291
0.36 0.48 2.5249 -3.5145 2.52488
0.36 0.6 -5.82193 1.83515 -5.82195
0.36 0.72 -7.14528 11.4452 -7.1453
0.36 0.84 -5.97413 18.6779 -5.97415
0.36 0.96 -5.15607 22.329 -5.15609
0.36 1.08 -4.81593 23.944 -4.81595
0.36 1.2 -4.62298 24.7155 -4.623
0.36 1.32 -4.38047 25.2106 -4.38049
0.36 1.44 -4.04182 25.6289 -4.04184
0.36 1.56 -3.61283 26.0234 -3.61285
0.36 1.68 -3.13098 26.3609 -3.131
0.36 1.8 -2.655 26.5404 -2.65497
0.36 1.92 -2.26723 26.3515 -2.2672
0.36 2.04 -2.17085 25.2637 -2.17081
0.36 2.16 -2.79269 21.9997 -2.79266
0.36 2.28 -4.51793 14.2491 -4.5179
0.36 2.4 -4.71939 2.26814 -4.71936
0.36 2.52 2.61648 -5.43578 2.61648
0.36 2.64 13.4931 -5.58873 13.4931
0.36 2.76 20.3751 -4.2361 20.3751
0.36 2.88 23.2359 -3.6586 23.2359
0.36 3 23.9784 -3.54599 23.9784
0.36 3.12 23.3565 -3.62476 23.3565
0.36 3.24 20.7139 -4.13982 20.7139
0.36 3.36 14.1783 -5.47421 14.1783
0.36 3.48 3.472 -5.63825 3.472
0.36 3.6 -4.42705 1.38543 -4.42702
0.36 3.72 -4.62899 13.3987 -4.62896
0.36 3.84 -2.88789 21.5424 -2.88785
0.36 3.96 -2.19604 25.0585 -2.19601
0.36 4.08 -2.24885 26.2677 -2.24882
0.36 4.2 -2.60981 26.5178 -2.60983
0.36 4.32 -3.08156 26.3572 -3.08158
0.36 4.44 -3.57768 26.0005 -3.5777
0.36 4.56 -4.02398 25.5582 -4.024
0.36 4.68 -4.38944 25.0399 -4.38946
0.36 4.8 -4.72163 24.2889 -4.72165
0.36 4.92 -5.12557 22.9179 -5.12559
0.36 5.04 -5.85759 20.0256 -5.85761
0.36 5.16 -7.07629 14.1463 -7.07631
0.36 5.28 -7.15967 5.21523 -7.15969
0.36 5.4 -1.8156 -2.00059 -1.81562
0.36 5.52 8.62461 -3.14356 8.62459
0.36 5.64 31.0014 12.1168 31.0014
0.36 5.76 5.16627 -16.7964 5.16625
0.36 5.88 24.8746 2.54797 24.8746
0.48 0 12.7717 -8.99864 12.7717
0.48 0.12 15.4427 -5.13254 15.4427
0.48 0.24 9.7271 -7.00763 9.72708
0.48 0.36 5.90312 -3.35342 5.9031
0.48 0.48 -3.28984 -1.1595 -3.28986
0.48 0.6 -7.02982 6.74275 -7.02984
0.48 0.72 -6.58303 15.1971 -6.58305
0.48 0.84 -5.53947 20.4886 -5.53949
0.48 0.96 -5.00439 23.0462 -5.00441
0.48 1.08 -4.78652 24.2116 -4.78654
0.48 1.2 -4.62416 24.8199 -4.62418
0.48 1.32 -4.38097 25.2594 -4.38099
0.48 1.44 -4.03521 25.6601 -4.03523
0.48 1.56 -3.5999 26.0499 -3.59992
0.48 1.68 -3.11442 26.3863 -3.11444
0.48 1.8 -2.63643 26.5665 -2.6364
0.48 1.92 -2.24901 26.3779 -2.24898
0.48 2.04 -2.15387 25.291 -2.15384
0.48 2.16 -2.77898 22.0255 -2.77895
0.48 2.28 -4.51435 14.2583 -4.51432
0.48 2.4 -4.72136 2.24185 -4.72133
0.48 2.52 2.64896 -5.46054 2.64896
0.48 2.64 13.5516 -5.58706 13.5516
0.48 2.76 20.4283 -4.22627 20.4283
0.48 2.88 23.281 -3.64883 23.281
0.48 3 24.026 -3.53557 24.026
0.48 3.12 23.427 -3.60729 23.427
0.48 3.24 20.8427 -4.10527 20.8427
0.48 3.36 14.399 -5.43191 14.399
0.48 3.48 3.70712 -5.68805 3.70712
0.48 3.6 -4.35825 1.17171 -4.35822
0.48 3.72 -4.6582 13.2123 -4.65817
0.48 3.84 -2.8989 21.4673 -2.89887
0.48 3.96 -2.18566 25.0447 -2.18563
0.48 4.08 -2.22826 26.2798 -2.22823
0.48 4.2 -2.58498 26.542 -2.585
0.48 4.32 -3.05639 26.3886 -3.05641
0.48 4.44 -3.55557 26.0393 -3.55559
0.48 4.56 -4.00735 25.6119 -4.00737
0.48 4.68 -4.37414 25.1373 -4.37416
0.48 4.8 -4.68498 24.514 -4.685
0.48 4.92 -4.99531 23.4992 -4.99533
0.48 5.04 -5.47336 21.515 -5.47338
0.48 5.16 -6.38591 17.4664 -6.38593
0.48 5.28 -7.32195 10.514 -7.32197
0.48 5.4 -5.96834 2.41277 -5.96836
0.48 5.52 -0.227632 -2.53588 -0.227652
0.48 5.64 20.751 10.1768 20.751
0.48 5.76 -4.39708 -19.1367 -4.3971
0.48 5.88 15.1453 -0.315555 15.1453
0.6 0 2.23981 -11.4391 2.23979
0.6 0.12 4.55834 -7.39187 4.55832
0.6 0.24 -1.11458 -7.9184 -1.1146
0.6 0.36 -2.48939 -1.0562 -2.48941
0.6 0.48 -6.56444 4.68974 -6.56446
0.6 0.6 -6.83156 12.5856 -6.83158
0.6 0.72 -5.87898 18.6319 -5.879
0.6 0.84 -5.20348 22.0034 -5.2035
0.6 0.96 -4.92244 23.6267 -4.92246
0.6 1.08 -4.795 24.4182 -4.79502
0.6 1.2 -4.64846 24.8906 -4.64848
0.6 1.32 -4.39836 25.284 -4.39838
0.6 1.44 -4.04212 25.6708 -4.04214
0.6 1.56 -3.59885 26.057 -3.59887
0.6 1.68 -3.10872 26.3925 -3.10874
0.6 1.8 -2.62773 26.5727 -2.6277
0.6 1.92 -2.23943 26.3831 -2.2394
0.6 2.04 -2.14524 25.2925 -2.14521
0.6 2.16 -2.77531 22.0147 -2.77528
0.6 2.28 -4.51807 14.2197 -4.51804
0.6 2.4 -4.70956 2.18397 -4.70953
0.6 2.52 2.70455 -5.48497 2.70455
0.6 2.64 13.6106 -5.58457 13.6106
0.6 2.76 20.4645 -4.22498 20.4645
0.6 2.88 23.3032 -3.65238 23.3032
0.6 3 24.0489 -3.53998 24.0489
0.6 3.12 23.4722 -3.6041 23.4722
0.6 3.24 20.9467 -4.0824 20.9467
0.6 3.36 14.6029 -5.39372 14.6029
0.6 3.48 3.94797 -5.73227 3.94797
0.6 3.6 -4.27653 0.945782 -4.2765
0.6 3.72 -4.69222 12.9887 -4.69219
0.6 3.84 -2.9205 21.3569 -2.92047
0.6 3.96 -2.1855 25.0033 -2.18546
0.6 4.08 -2.21795 26.2685 -2.21792
0.6 4.2 -2.57148 26.5441 -2.5715
0.6 4.32 -3.04372 26.3982 -3.04374
0.6 4.44 -3.54711 26.0558 -3.54713
0.6 4.56 -4.00631 25.6409 -4.00633
0.6 4.68 -4.37931 25.2015 -4.37933
0.6 4.8 -4.68132 24.6805 -4.68134
0.6 4.92 -4.93117 23.9452 -4.93119
0.6 5.04 -5.21554 22.6763 -5.21556
0.6 5.16 -5.75232 20.2043 -5.75234
0.6 5.28 -6.60864 15.7449 -6.60866
0.6 5.4 -7.14301 9.33087 -7.14303
0.6 5.52 -5.99269 2.86654 -5.99271
0.6 5.64 10.5804 12.2189 10.5803
0.6 5.76 -16.1042 -18.7586 -16.1042
0.6 5.88 2.62451 -1.25012 2.62449
0.72 0 -9.5348 -10.1933 -9.53482
0.72 0.12 -6.46994 -5.33255 -6.46996
0.72 0.24 -9.36494 -3.28898 -9.36496
0.72 0.36 -6.355 6.1888 -6.35502
0.72 0.48 -6.78625 12.1256 -6.78627
0.72 0.6 -5.99858 17.6305 -5.9986
0.72 0.72 -5.33682 21.1755 -5.33684
0.72 0.84 -5.02394 23.0803 -5.02396
0.72 0.96 -4.91203 24.0389 -4.91205
0.72 1.08 -4.83232 24.5649 -4.83234
0.72 1.2 -4.68498 24.9402 -4.685
0.72 1.32 -4.42171 25.3012 -4.42173
0.72 1.44 -4.05249 25.6791 -4.05251
0.72 1.56 -3.60073 26.0627 -3.60075
0.72 1.68 -3.10636 26.3965 -3.10638
0.72 1.8 -2.6235 26.5746 -2.62347
0.72 1.92 -2.23527 26.3809 -2.23524
0.72 2.04 -2.14319 25.2813 -2.14316
0.72 2.16 -2.77932 21.9823 -2.77929
0.72 2.28 -4.52685 14.1495 -4.52681
0.72 2.4 -4.68577 2.1025 -4.68574
0.72 2.52 2.78353 -5.51088 2.78353
0.72 2.64 13.6791 -5.58206 13.6791
0.72 2.76 20.4977 -4.23001 20.4977
0.72 2.88 23.318 -3.66517 23.318
0.72 3 24.0633 -3.55437 24.0633
0.72 3.12 23.5079 -3.61078 23.5079
0.72 3.24 21.0412 -4.06777 21.0412
0.72 3.36 14.8028 -5.35789 14.8028
0.72 3.48 4.19968 -5.77095 4.19968
0.72 3.6 -4.18172 0.714075 -4.18169
0.72 3.72 -4.72883 12.7429 -4.7288
0.72 3.84 -2.95098 21.2259 -2.95095
0.72 3.96 -2.19409 24.9477 -2.19406
0.72 4.08 -2.21525 26.2479 -2.21522
0.72 4.2 -2.5646 26.5398 -2.56462
0.72 4.32 -3.03692 26.4028 -3.03694
0.72 4.44 -3.54437 26.0671 -3.54439
0.72 4.56 -4.01212 25.6615 -4.01214
0.72 4.68 -4.39565 25.2463 -4.39567
0.72 4.8 -4.70154 24.7954 -4.70156
0.72 4.92 -4.92627 24.248 -4.92629
0.72 5.04 -5.1017 23.4519 -5.10172
0.72 5.16 -5.36478 22.0524 -5.36481
0.72 5.28 -5.8313 19.5986 -5.83132
0.72 5.4 -6.47504 15.8003 -6.47506
0.72 5.52 -7.00785 11.0292 -7.00787
0.72 5.64 6.37532 19.9662 6.3753
0.72 5.76 -22.4378 -11.7628 -22.4378
0.72 5.88 -5.12267 4.22147 -5.12269
0.84 0 -14.789 -2.10868 -14.7891
0.84 0.12 -10.7609 3.08364 -10.761
0.84 0.24 -11.2745 5.67863 -11.2746
0.84 0.36 -6.20794 14.3664 -6.20796
0.84 0.48 -5.88061 17.992 -5.88063
0.84 0.6 -5.32629 20.9544 -5.32631
0.84 0.72 -5.053 22.7614 -5.05302
0.84 0.84 -4.96403 23.7599 -4.96405
0.84 0.96 -4.93317 24.3127 -4.93319
0.84 1.08 -4.86585 24.6729 -4.86587
0.84 1.2 -4.7062 24.9869 -4.70622
0.84 1.32 -4.42615 25.3285 -4.42617
0.84 1.44 -4.04301 25.702 -4.04303
0.84 1.56 -3.5828 26.0844 -3.58282
0.84 1.68 -3.08471 26.4163 -3.08473
0.84 1.8 -2.60127 26.5907 -2.60124
0.84 1.92 -2.2148 26.39 -2.21477
0.84 2.04 -2.12771 25.2762 -2.12768
0.84 2.16 -2.77364 21.9469 -2.77361
0.84 2.28 -4.52767 14.065 -4.52764
0.84 2.4 -4.64349 2.0095 -4.64346
0.84 2.52 2.89252 -5.52929 2.89252
0.84 2.64 13.7718 -5.56481 13.7718
0.84 2.76 20.5477 -4.22042 20.5477
0.84 2.88 23.3469 -3.66354 23.3469
0.84 3 24.0909 -3.5543 24.0909
0.84 3.12 23.5556 -3.6037 23.5556
0.84 3.24 21.1465 -4.04029 21.1465
0.84 3.36 15.0152 -5.30861 15.0152
0.84 3.48 4.47197 -5.79422 4.47197
0.84 3.6 -4.0651 0.488535 -4.06507
0.84 3.72 -4.75315 12.493 -4.75312
0.84 3.84 -2.97059 21.0952 -2.97056
0.84 3.96 -2.18883 24.8997 -2.1888
0.84 4.08 -2.19667 26.239 -2.19664
0.84 4.2 -2.54077 26.5491 -2.54079
0.84 4.32 -3.0125 26.4218 -3.01252
0.84 4.44 -3.52374 26.092 -3.52376
0.84 4.56 -4.00029 25.6923 -4.00031
0.84 4.68 -4.39666 25.2913 -4.39668
0.84 4.8 -4.71491 24.8819 -4.71493
0.84 4.92 -4.9397 24.4455 -4.93972
0.84 5.04 -5.07375 23.9211 -5.07377
0.84 5.16 -5.19999 23.1292 -5.20001
0.84 5.28 -5.38336 21.8673 -5.38338
0.84 5.4 -5.68466 19.9635 -5.68468
0.84 5.52 -6.15621 17.4086 -6.15623
0.84 5.64 6.59915 27.9618 6.59913
0.84 5.76 -22.772 -2.87766 -22.772
0.84 5.88 -6.34165 12.5921 -6.34167
0.96 0 -14.5973 6.59365 -14.5974
0.96 0.12 -10.3667 11.3804 -10.3667
0.96 0.24 -10.4386 12.8349 -10.4386
0.96 0.36 -5.30038 19.6953 -5.3004
0.96 0.48 -5.2426 21.3287 -5.24262
0.96 0.6 -5.03167 22.7416 -5.03169
0.96 0.72 -4.98226 23.6123 -4.98228
0.96 0.84 -4.99119 24.131 -4.99121
0.96 0.96 -4.98422 24.4637 -4.98424
0.96 1.08 -4.90978 24.7309 -4.9098
0.96 1.2 -4.73369 25.0101 -4.73371
0.96 1.32 -4.43719 25.3417 -4.43721
0.96 1.44 -4.04129 25.7138 -4.04131
0.96 1.56 -3.57344 26.0959 -3.57346
0.96 1.68 -3.07203 26.426 -3.07205
0.96 1.8 -2.58821 26.5964 -2.58818
0.96 1.92 -2.20349 26.388 -2.20346
0.96 2.04 -2.12159 25.2577 -2.12156
0.96 2.16 -2.77824 21.8929 -2.77821
0.96 2.28 -4.53842 13.954 -4.53838
0.96 2.4 -4.60064 1.89242 -4.60061
0.96 2.52 3.01323 -5.55601 3.01323
0.96 2.64 13.8707 -5.55063 13.8707
0.96 2.76 20.5954 -4.2158 20.5954
0.96 2.88 23.3688 -3.66873 23.3688
0.96 3 24.1098 -3.56155 24.1098
0.96 3.12 23.5946 -3.60361 23.5946
0.96 3.24 21.2444 -4.01871 21.2444
0.96 3.36 15.2241 -5.26274 15.2241
0.96 3.48 4.74849 -5.81796 4.74849
0.96 3.6 -3.94367 0.255312 -3.94364
0.96 3.72 -4.78281 12.2256 -4.78278
0.96 3.84 -2.99915 20.9488 -2.99912
0.96 3.96 -2.1927 24.8397 -2.19267
0.96 4.08 -2.18798 26.2193 -2.18795
0.96 4.2 -2.52766 26.5475 -2.52768
0.96 4.32 -2.99921 26.4292 -2.99923
0.96 4.44 -3.51396 26.1042 -3.51398
0.96 4.56 -3.9984 25.7079 -3.99842
0.96 4.68 -4.40712 25.3138 -4.40714
0.96 4.8 -4.74011 24.9255 -4.74013
0.96 4.92 -4.97582 24.5474 -4.97584
0.96 5.04 -5.10343 24.1633 -5.10345
0.96 5.16 -5.18076 23.6739 -5.18078
0.96 5.28 -5.2365 22.9958 -5.23652
0.96 5.4 -5.3159 22.0581 -5.31592
0.96 5.52 -5.51818 20.8027 -5.5182
0.96 5.64 7.35927 32.605 7.35925
0.96 5.76 -21.8535 2.69283 -21.8535
0.96 5.88 -5.70583 18.249 -5.70585
1.08 0 -13.7315 11.4918 -13.7315
1.08 0.12 -9.56747 15.9149 -9.56749
1.08 0.24 -9.75047 16.4818 -9.75049
1.08 0.36 -4.83452 22.2497 -4.83454
1.08 0.48 -5.00581 22.8865 -5.00583
1.08 0.6 -4.96352 23.5835 -4.96354
1.08 0.72 -5.00268 24.0242 -5.0027
1.08 0.84 -5.04218 24.3161 -5.0422
1.08 0.96 -5.03337 24.5421 -5.03339
1.08 1.08 -4.94538 24.7637 -4.94541
1.08 1.2 -4.75417 25.0261 -4.75419
1.08 1.32 -4.44448 25.3535 -4.4445
1.08 1.44 -4.03869 25.7256 -4.03871
1.08 1.56 -3.56499 26.1076 -3.56501
1.08 1.68 -3.06114 26.4357 -3.06116
1.08 1.8 -2.57726 26.6016 -2.57723
1.08 1.92 -2.19444 26.3845 -2.19441
1.08 2.04 -2.11779 25.2358 -2.11776
1.08 2.16 -2.78567 21.8308 -2.78564
1.08 2.28 -4.55127 13.8279 -4.55124
1.08 2.4 -4.5503 1.76196 -4.55027
1.08 2.52 3.15122 -5.58337 3.15122
1.08 2.64 13.9822 -5.53331 13.9822
1.08 2.76 20.6486 -4.20984 20.6486
1.08 2.88 23.3923 -3.67409 23.3923
1.08 3 24.1289 -3.56948 24.1289
1.08 3.12 23.6333 -3.60416 23.6333
1.08 3.24 21.3425 -3.99711 21.3425
1.08 3.36 15.4359 -5.21459 15.4359
1.08 3.48 5.03507 -5.83564 5.03507
1.08 3.6 -3.81071 0.0233673 -3.81068
1.08 3.72 -4.81037 11.9507 -4.81034
1.08 3.84 -3.02951 20.7963 -3.02948
1.08 3.96 -2.19897 24.7768 -2.19894
1.08 4.08 -2.18236 26.1978 -2.18233
1.08 4.2 -2.51844 26.5441 -2.51846
1.08 4.32 -2.99039 26.4339 -2.99041
1.08 4.44 -3.5083 26.1125 -3.50832
1.08 4.56 -3.99904 25.7178 -3.99906
1.08 4.68 -4.41784 25.3254 -4.41786
1.08 4.8 -4.76378 24.9445 -4.7638
1.08 4.92 -5.01165 24.591 -5.01167
1.08 5.04 -5.1445 24.2691 -5.14452
1.08 5.16 -5.21161 23.9101 -5.21163
1.08 5.28 -5.22819 23.4735 -5.22821
1.08 5.4 -5.22644 22.928 -5.22646
1.08 5.52 -5.30394 22.2107 -5.30396
1.08 5.64 7.66341 34.5485 7.66339
1.08 5.76 -21.395 5.09284 -21.395
1.08 5.88 -5.36467 20.7263 -5.36469
1.2 0 -13.3659 13.3998 -13.366
1.2 0.12 -9.2504 17.6682 -9.25042
1.2 0.24 -9.50918 17.8735 -9.5092
1.2 0.36 -4.69708 23.22 -4.6971
1.2 0.48 -4.94971 23.4904 -4.94973
1.2 0.6 -4.96131 23.9216 -4.96133
1.2 0.72 -5.02904 24.1948 -5.02906
1.2 0.84 -5.07601 24.3952 -5.07603
1.2 0.96 -5.06074 24.5788 -5.06076
1.2 1.08 -4.9623 24.7828 -4.96232
1.2 1.2 -4.76153 25.0388 -4.76155
1.2 1.32 -4.44415 25.3649 -4.44417
1.2 1.44 -4.03272 25.7373 -4.03274
1.2 1.56 -3.55567 26.1189 -3.55569
1.2 1.68 -3.05035 26.445 -3.05037
1.2 1.8 -2.5664 26.6068 -2.56637
1.2 1.92 -2.18521 26.3811 -2.18518
1.2 2.04 -2.11378 25.213 -2.11375
1.2 2.16 -2.79374 21.764 -2.79371
1.2 2.28 -4.56501 13.6903 -4.56498
1.2 2.4 -4.49362 1.62075 -4.49359
1.2 2.52 3.30383 -5.61089 3.30383
1.2 2.64 14.1057 -5.51173 14.1057
1.2 2.76 20.7092 -4.1995 20.7092
1.2 2.88 23.4206 -3.67524 23.4206
1.2 3 24.1517 -3.57322 24.1517
1.2 3.12 23.6752 -3.60077 23.6752
1.2 3.24 21.443 -3.97218 21.443
1.2 3.36 15.6504 -5.16314 15.6504
1.2 3.48 5.32869 -5.84815 5.32869
1.2 3.6 -3.66877 -0.207271 -3.66874
1.2 3.72 -4.8361 11.6693 -4.83607
1.2 3.84 -3.06058 20.6386 -3.06055
1.2 3.96 -2.20576 24.7113 -2.20573
1.2 4.08 -2.17756 26.1746 -2.17753
1.2 4.2 -2.5108 26.5382 -2.51082
1.2 4.32 -2.98378 26.4346 -2.9838
1.2 4.44 -3.50441 26.1154 -3.50443
1.2 4.56 -3.99941 25.7205 -3.99943
1.2 4.68 -4.42462 25.3264 -4.42464
1.2 4.8 -4.77886 24.944 -4.77888
1.2 4.92 -5.03494 24.5933 -5.03496
1.2 5.04 -5.17369 24.2842 -5.17371
1.2 5.16 -5.24352 23.9542 -5.24354
1.2 5.28 -5.25799 23.5701 -5.25801
1.2 5.4 -5.24596 23.1082 -5.24598
1.2 5.52 -5.30199 22.5061 -5.30201
1.2 5.64 7.67625 34.9538 7.67623
1.2 5.76 -21.3342 5.61149 -21.3343
1.2 5.88 -5.36265 21.2352 -5.36267
1.32 0 -13.3396 13.5585 -13.3396
1.32 0.12 -9.22484 17.8166 -9.22486
1.32 0.24 -9.49051 17.9901 -9.49053
1.32 0.36 -4.68528 23.3026 -4.6853
1.32 0.48 -4.94097 23.5455 -4.94099
1.32 0.6 -4.95616 23.9549 -4.95618
1.32 0.72 -5.02809 24.2125 -5.02811
1.32 0.84 -5.07708 24.4044 -5.0771
1.32 0.96 -5.06121 24.5849 -5.06123
1.32 1.08 -4.96143 24.7881 -4.96145
1.32 1.2 -4.7594 25.0441 -4.75942
1.32 1.32 -4.44093 25.3702 -4.44095
1.32 1.44 -4.02858 25.7424 -4.0286
1.32 1.56 -3.55089 26.1232 -3.55091
1.32 1.68 -3.0451 26.4478 -3.04512
1.32 1.8 -2.56098 26.6062 -2.56095
1.32 1.92 -2.18086 26.3727 -2.18083
1.32 2.04 -2.11425 25.1851 -2.11422
1.32 2.16 -2.80676 21.6895 -2.80673
1.32 2.28 -4.58381 13.5401 -4.58378
1.32 2.4 -4.43596 1.46734 -4.43593
1.32 2.52 3.46372 -5.643 3.46372
1.32 2.64 14.2335 -5.49266 14.2335
1.32 2.76 20.769 -4.19301 20.769
1.32 2.88 23.4452 -3.68143 23.4452
1.32 3 24.1695 -3.58232 24.1695
1.32 3.12 23.7118 -3.60236 23.7118
1.32 3.24 21.5383 -3.95169 21.5383
1.32 3.36 15.8603 -5.11499 15.8603
1.32 3.48 5.62197 -5.86067 5.62197
1.32 3.6 -3.52377 -0.439308 -3.52374
1.32 3.72 -4.86435 11.3791 -4.86432
1.32 3.84 -3.09664 20.4718 -3.09661
1.32 3.96 -2.21735 24.6385 -2.21732
1.32 4.08 -2.1776 26.1442 -2.17757
1.32 4.2 -2.50826 26.5244 -2.50828
1.32 4.32 -2.98229 26.4263 -2.98231
1.32 4.44 -3.50487 26.1079 -3.50489
1.32 4.56 -4.00193 25.7113 -4.00195
1.32 4.68 -4.42955 25.3127 -4.42957
1.32 4.8 -4.78659 24.9215 -4.78661
1.32 4.92 -5.04578 24.5549 -5.0458
1.32 5.04 -5.18964 24.2161 -5.18966
1.32 5.16 -5.27068 23.8299 -5.2707
1.32 5.28 -5.30762 23.347 -5.30764
1.32 5.4 -5.33353 22.7306 -5.33355
1.32 5.52 -5.44468 21.9201 -5.4447
1.32 5.64 7.48117 34.1522 7.48115
1.32 5.76 -21.5875 4.63986 -21.5876
1.32 5.88 -5.61039 20.1904 -5.61041
1.44 0 -13.6281 12.1013 -13.6282
1.44 0.12 -9.46161 16.4874 -9.46163
1.44 0.24 -9.67145 16.9283 -9.67147
1.44 0.36 -4.78704 22.5569 -4.78706
1.44 0.48 -4.97845 23.079 -4.97847
1.44 0.6 -4.95126 23.6934 -4.95129
1.44 0.72 -5.00182 24.0812 -5.00184
1.44 0.84 -5.04637 24.3449 -5.04639
1.44 0.96 -5.03625 24.5596 -5.03627
1.44 1.08 -4.94482 24.7776 -4.94484
1.44 1.2 -4.74997 25.0392 -4.74999
1.44 1.32 -4.43686 25.3668 -4.43688
1.44 1.44 -4.02815 25.7387 -4.02817
1.44 1.56 -3.55257 26.1185 -3.55259
1.44 1.68 -3.04764 26.4416 -3.04766
1.44 1.8 -2.56381 26.597 -2.56378
1.44 1.92 -2.18477 26.3561 -2.18474
1.44 2.04 -2.12277 25.1488 -2.12274
1.44 2.16 -2.82764 21.605 -2.82761
1.44 2.28 -4.60882 13.3771 -4.60879
1.44 2.4 -4.37669 1.30438 -4.37666
1.44 2.52 3.63199 -5.67659 3.63199
1.44 2.64 14.3674 -5.47332 14.3674
1.44 2.76 20.8309 -4.18764 20.8309
1.44 2.88 23.4693 -3.68983 23.4693
1.44 3 24.1858 -3.59384 24.1858
1.44 3.12 23.7466 -3.60595 23.7466
1.44 3.24 21.6315 -3.93257 21.6315
1.44 3.36 16.068 -5.06695 16.068
1.44 3.48 5.91643 -5.86971 5.91643
1.44 3.6 -3.37423 -0.668898 -3.3742
1.44 3.72 -4.89448 11.0822 -4.89445
1.44 3.84 -3.13865 20.2955 -3.13862
1.44 3.96 -2.2354 24.5567 -2.23537
1.44 4.08 -2.18381 26.1052 -2.18378
1.44 4.2 -2.5112 26.5021 -2.51122
1.44 4.32 -2.98533 26.4094 -2.98535
1.44 4.44 -3.50855 26.0912 -3.50857
1.44 4.56 -4.00566 25.6912 -4.00568
1.44 4.68 -4.43244 25.2844 -4.43246
1.44 4.8 -4.78814 24.8751 -4.78816
1.44 4.92 -5.04797 24.4693 -5.04799
1.44 5.04 -5.20167 24.0459 -5.20169
1.44 5.16 -5.31423 23.4892 -5.31425
1.44 5.28 -5.42186 22.693 -5.42188
1.44 5.4 -5.57175 21.569 -5.57177
1.44 5.52 -5.85522 20.0669 -5.85524
1.44 5.64 6.93511 31.5995 6.93509
1.44 5.76 -22.2944 1.53559 -22.2944
1.44 5.88 -6.23055 16.9366 -6.23057
1.56 0 -14.4428 8.00604 -14.4428
1.56 0.12 -10.1681 12.7305 -10.1681
1.56 0.24 -10.2664 13.9049 -10.2664
1.56 0.36 -5.17983 20.4333 -5.17985
1.56 0.48 -5.17517 21.7708 -5.17519
1.56 0.6 -5.00517 22.9775 -5.00519
1.56 0.72 -4.97784 23.7292 -4.97786
1.56 0.84 -4.99523 24.1879 -4.99525
1.56 0.96 -4.98767 24.4945 -4.98769
1.56 1.08 -4.909 24.7519 -4.90902
1.56 1.2 -4.7271 25.029 -4.72712
1.56 1.32 -4.42431 25.3612 -4.42433
1.56 1.44 -4.02282 25.7336 -4.02284
1.56 1.56 -3.55144 26.1127 -3.55146
1.56 1.68 -3.04843 26.4346 -3.04845
1.56 1.8 -2.56542 26.5875 -2.56539
1.56 1.92 -2.18783 26.3391 -2.1878
1.56 2.04 -2.13087 25.1117 -2.13084
1.56 2.16 -2.84897 21.5176 -2.84894
1.56 2.28 -4.63467 13.2075 -4.63464
1.56 2.4 -4.31442 1.13526 -4.31439
1.56 2.52 3.80583 -5.71229 3.80583
1.56 2.64 14.5041 -5.45584 14.5041
1.56 2.76 20.893 -4.18465 20.893
1.56 2.88 23.4925 -3.7006 23.4925
1.56 3 24.2007 -3.60745 24.2007
1.56 3.12 23.7796 -3.61145 23.7796
1.56 3.24 21.7215 -3.91559 21.7215
1.56 3.36 16.2712 -5.02039 16.2712
1.56 3.48 6.20975 -5.87526 6.20975
1.56 3.6 -3.21827 -0.890967 -3.21824
1.56 3.72 -4.91945 10.7875 -4.91942
1.56 3.84 -3.17722 20.1197 -3.17719
1.56 3.96 -2.24956 24.4765 -2.24953
1.56 4.08 -2.18546 26.0685 -2.18543
1.56 4.2 -2.50882 26.4824 -2.50885
1.56 4.32 -2.98227 26.395 -2.98229
1.56 4.44 -3.5054 26.0761 -3.50542
1.56 4.56 -4.00166 25.6703 -4.00168
1.56 4.68 -4.42641 25.2494 -4.42643
1.56 4.8 -4.78019 24.8079 -4.78021
1.56 4.92 -5.04484 24.3268 -5.04487
1.56 5.04 -5.22693 23.7322 -5.22695
1.56 5.16 -5.42134 22.8119 -5.42136
1.56 5.28 -5.70249 21.3182 -5.70251
1.56 5.4 -6.12171 19.0485 -6.12173
1.56 5.52 -6.6839 16.0359 -6.68392
1.56 5.64 6.05171 26.1658 6.05169
1.56 5.76 -23.2532 -4.90629 -23.2532
1.56 5.88 -6.82119 10.457 -6.82121
1.68 0 -15.1798 0.0762413 -15.1798
1.68 0.12 -10.9013 5.30881 -10.9014
1.68 0.24 -11.2211 7.6203 -11.2211
1.68 0.36 -6.04798 15.8291 -6.048
1.68 0.48 -5.74594 18.8923 -5.74597
1.68 0.6 -5.26327 21.4189 -5.26329
1.68 0.72 -5.03609 22.9765 -5.03611
1.68 0.84 -4.96445 23.856 -4.96447
1.68 0.96 -4.935 24.3584 -4.93502
1.68 1.08 -4.8627 24.6995 -4.86272
1.68 1.2 -4.69471 25.0091 -4.69473
1.68 1.32 -4.40509 25.3521 -4.40511
1.68 1.44 -4.01344 25.7266 -4.01346
1.68 1.56 -3.54802 26.1056 -3.54804
1.68 1.68 -3.04805 26.4265 -3.04807
1.68 1.8 -2.56682 26.5766 -2.56679
1.68 1.92 -2.19187 26.3203 -2.19184
1.68 2.04 -2.14164 25.071 -2.14161
1.68 2.16 -2.87535 21.423 -2.87532
1.68 2.28 -4.66697 13.0261 -4.66694
1.68 2.4 -4.25471 0.955711 -4.25468
1.68 2.52 3.98027 -5.75347 3.98027
1.68 2.64 14.6399 -5.44238 14.6399
1.68 2.76 20.953 -4.18504 20.953
1.68 2.88 23.5134 -3.71404 23.5134
1.68 3 24.2134 -3.62319 24.2134
1.68 3.12 23.8099 -3.61905 23.8099
1.68 3.24 21.807 -3.90142 21.807
1.68 3.36 16.4674 -4.97685 16.4674
1.68 3.48 6.49753 -5.87978 6.49753
1.68 3.6 -3.06108 -1.1078 -3.06105
1.68 3.72 -4.94432 10.4926 -4.94429
1.68 3.84 -3.2173 19.9417 -3.21727
1.68 3.96 -2.26413 24.3954 -2.2641
1.68 4.08 -2.1863 26.0322 -2.18627
1.68 4.2 -2.5047 26.4637 -2.50472
1.68 4.32 -2.97672 26.3817 -2.97674
1.68 4.44 -3.4992 26.0615 -3.49922
1.68 4.56 -3.99449 25.6472 -3.99451
1.68 4.68 -4.41797 25.2047 -4.41799
1.68 4.8 -4.77369 24.7108 -4.77371
1.68 4.92 -5.05714 24.1012 -5.05716
1.68 5.04 -5.30825 23.2001 -5.30827
1.68 5.16 -5.67767 21.6018 -5.67769
1.68 5.28 -6.27438 18.793 -6.27441
1.68 5.4 -6.99175 14.4837 -6.99177
1.68 5.52 -7.36805 9.22906 -7.36807
1.68 5.64 6.48459 17.9926 6.48457
1.68 5.76 -21.9134 -13.761 -21.9135
1.68 5.88 -4.348 2.40059 -4.34802
1.8 0 -11.8587 -8.90941 -11.8587
1.8 0.12 -8.17574 -3.62137 -8.17576
1.8 0.24 -10.3827 -1.28682 -10.3827
1.8 0.36 -6.60591 8.21656 -6.60593
1.8 0.48 -6.67185 13.6286 -6.67187
1.8 0.6 -5.87987 18.4594 -5.87989
1.8 0.72 -5.2881 21.5526 -5.28812
1.8 0.84 -5.01036 23.2406 -5.01038
1.8 0.96 -4.904 24.1122 -4.90402
1.8 1.08 -4.8178 24.6075 -4.81782
1.8 1.2 -4.65874 24.976 -4.65876
1.8 1.32 -4.38237 25.3389 -4.38239
1.8 1.44 -4.00177 25.7189 -4.00179
1.8 1.56 -3.54317 26.0987 -3.54319
1.8 1.68 -3.04674 26.419 -3.04676
1.8 1.8 -2.56759 26.5662 -2.56755
1.8 1.92 -2.19547 26.3014 -2.19544
1.8 2.04 -2.15229 25.0292 -2.15226
1.8 2.16 -2.90195 21.3251 -2.90192
1.8 2.28 -4.69815 12.8396 -4.69812
1.8 2.4 -4.18759 0.775418 -4.18756
1.8 2.52 4.16541 -5.78936 4.16541
1.8 2.64 14.7839 -5.42317 14.7839
1.8 2.76 21.0185 -4.18074 21.0185
1.8 2.88 23.5382 -3.72367 23.5382
1.8 3 24.2293 -3.63536 24.2293
1.8 3.12 23.8432 -3.62284 23.8432
1.8 3.24 21.8949 -3.88299 21.8949
1.8 3.36 16.6645 -4.92778 16.6645
1.8 3.48 6.78819 -5.87344 6.78819
1.8 3.6 -2.89418 -1.30887 -2.89415
1.8 3.72 -4.96228 10.2056 -4.96225
1.8 3.84 -3.25585 19.7653 -3.25582
1.8 3.96 -2.27933 24.3146 -2.2793
1.8 4.08 -2.18902 25.9955 -2.18899
1.8 4.2 -2.50335 26.4441 -2.50337
1.8 4.32 -2.97444 26.3672 -2.97446
1.8 4.44 -3.49671 26.0447 -3.49673
1.8 4.56 -3.99198 25.6191 -3.992
1.8 4.68 -4.41686 25.1464 -4.41688
1.8 4.8 -4.78245 24.576 -4.78247
1.8 4.92 -5.1081 23.7705 -5.10812
1.8 5.04 -5.4888 22.3841 -5.48882
1.8 5.16 -6.14387 19.6959 -6.14389
1.8 5.28 -7.07584 14.8855 -7.07586
1.8 5.4 -7.41542 8.10679 -7.41544
1.8 5.52 -5.51793 1.6386 -5.51795
1.8 5.64 12.2175 11.5651 12.2174
1.8 5.76 -13.7975 -19.0472 -13.7975
1.8 5.88 5.33101 -1.14007 5.33099
1.92 0 -1.19184 -11.9782 -1.19186
1.92 0.12 1.72549 -7.33569 1.72547
1.92 0.24 -3.60639 -7.36175 -3.60641
1.92 0.36 -3.93732 0.336666 -3.93734
1.92 0.48 -6.89381 6.39106 -6.89383
1.92 0.6 -6.74534 13.7723 -6.74536
1.92 0.72 -5.81074 19.1992 -5.81076
1.92 0.84 -5.18789 22.2308 -5.18791
1.92 0.96 -4.91977 23.7188 -4.91979
1.92 1.08 -4.78475 24.4655 -4.78477
1.92 1.2 -4.62326 24.9282 -4.62328
1.92 1.32 -4.35711 25.3237 -4.35713
1.92 1.44 -3.98706 25.7133 -3.98708
1.92 1.56 -3.53543 26.0954 -3.53545
1.92 1.68 -3.04285 26.4151 -3.04287
1.92 1.8 -2.56626 26.5589 -2.56622
1.92 1.92 -2.19756 26.2846 -2.19753
1.92 2.04 -2.16239 24.9876 -2.16236
1.92 2.16 -2.92928 21.2243 -2.92925
1.92 2.28 -4.73025 12.6475 -4.73022
1.92 2.4 -4.1176 0.592507 -4.11757
1.92 2.52 4.35489 -5.82372 4.35489
1.92 2.64 14.9313 -5.40132 14.9313
1.92 2.76 21.0875 -4.17296 21.0875
1.92 2.88 23.5666 -3.72923 23.5666
1.92 3 24.2489 -3.64326 24.2489
1.92 3.12 23.879 -3.62315 23.879
1.92 3.24 21.9821 -3.86266 21.9821
1.92 3.36 16.8555 -4.87848 16.8555
1.92 3.48 7.07106 -5.86309 7.07106
1.92 3.6 -2.72739 -1.49846 -2.72736
1.92 3.72 -4.97934 9.92506 -4.97931
1.92 3.84 -3.29742 19.5886 -3.29739
1.92 3.96 -2.29928 24.2313 -2.29924
1.92 4.08 -2.19744 25.9555 -2.19741
1.92 4.2 -2.50835 26.4209 -2.50837
1.92 4.32 -2.97892 26.3488 -2.97894
1.92 4.44 -3.50158 26.0235 -3.5016
1.92 4.56 -3.99829 25.5843 -3.99831
1.92 4.68 -4.42827 25.0743 -4.42829
1.92 4.8 -4.81356 24.4056 -4.81358
1.92 4.92 -5.20797 23.3399 -5.20799
1.92 5.04 -5.77739 21.2953 -5.77741
1.92 5.16 -6.76326 17.1681 -6.76328
1.92 5.28 -7.65112 10.1204 -7.65115
1.92 5.4 -5.86707 2.02412 -5.86709
1.92 5.52 0.883348 -2.50277 0.883328
1.92 5.64 23.0146 11.0027 23.0146
1.92 5.76 -1.78728 -18.0776 -1.7873
1.92 5.88 18.1842 1.15528 18.1842
2.04 0 10.3315 -9.92112 10.3315
2.04 0.12 13.4608 -5.53505 13.4608
2.04 0.24 7.40662 -7.36384 7.4066
2.04 0.36 3.72612 -3.16983 3.7261
2.04 0.48 -4.405 -0.0716589 -4.40503
2.04 0.6 -7.1723 8.00028 -7.17232
2.04 0.72 -6.52708 15.9146 -6.52711
2.04 0.84 -5.52355 20.7792 -5.52357
2.04 0.96 -5.00652 23.1558 -5.00654
2.04 1.08 -4.77988 24.2628 -4.7799
2.04 1.2 -4.59991 24.8583 -4.59993
2.04 1.32 -4.33816 25.2998 -4.33818
2.04 1.44 -3.97614 25.7042 -3.97616
2.04 1.56 -3.53023 26.0907 -3.53025
2.04 1.68 -3.04092 26.4105 -3.04094
2.04 1.8 -2.56673 26.5506 -2.5667
2.04 1.92 -2.20153 26.2661 -2.2015
2.04 2.04 -2.17481 24.9429 -2.17478
2.04 2.16 -2.95934 21.1186 -2.95931
2.04 2.28 -4.76349 12.4502 -4.76346
2.04 2.4 -4.04338 0.410107 -4.04335
2.04 2.52 4.55095 -5.8524 4.55095
2.04 2.64 15.0858 -5.37207 15.0858
2.04 2.76 21.1649 -4.15636 21.1649
2.04 2.88 23.6043 -3.7253 23.6043
2.04 3 24.2774 -3.64181 24.2774
2.04 3.12 23.9213 -3.61561 23.9213
2.04 3.24 22.0711 -3.83703 22.0711
2.04 3.36 17.0404 -4.82689 17.0404
2.04 3.48 7.34323 -5.84784 7.34323
2.04 3.6 -2.56408 -1.67501 -2.56405
2.04 3.72 -4.99747 9.65191 -4.99744
2.04 3.84 -3.34457 19.4094 -3.34454
2.04 3.96 -2.32722 24.1411 -2.32719
2.04 4.08 -2.21488 25.9072 -2.21485
2.04 4.2 -2.523 26.3888 -2.52302
2.04 4.32 -2.99367 26.3214 -2.99369
2.04 4.44 -3.5178 25.9928 -3.51782
2.04 4.56 -4.01793 25.5387 -4.01795
2.04 4.68 -4.45673 24.9884 -4.45675
2.04 4.8 -4.86934 24.2119 -4.86936
2.04 4.92 -5.34886 22.8562 -5.34888
2.04 5.04 -6.12709 20.0806 -6.12711
2.04 5.16 -7.34693 14.4698 -7.34695
2.04 5.28 -7.46655 5.77115 -7.46657
2.04 5.4 -2.03623 -1.51202 -2.03625
2.04 5.52 9.20579 -2.4665 9.20577
2.04 5.64 32.5131 13.2786 32.513
2.04 5.76 6.79363 -15.6707 6.79361
2.04 5.88 26.9573 4.07732 26.9572
2.16 0 17.1977 -7.83497 17.1977
2.16 0.12 20.9039 -3.33716 20.9039
2.16 0.24 16.2203 -5.19715 16.2203
2.16 0.36 12.7702 -2.49408 12.7702
2.16 0.48 1.06767 -3.19913 1.06765
2.16 0.6 -6.29269 2.78436 -6.29272
2.16 0.72 -7.15508 12.1831 -7.1551
2.16 0.84 -5.96733 19.0066 -5.96735
2.16 0.96 -5.16203 22.4578 -5.16206
2.16 1.08 -4.80924 24.0085 -4.80927
2.16 1.2 -4.59547 24.7662 -4.59549
2.16 1.32 -4.3314 25.264 -4.33142
2.16 1.44 -3.97366 25.6876 -3.97368
2.16 1.56 -3.531 26.0806 -3.53102
2.16 1.68 -3.0431 26.4018 -3.04312
2.16 1.8 -2.56967 26.5394 -2.56964
2.16 1.92 -2.20636 26.2455 -2.20633
2.16 2.04 -2.18651 24.8968 -2.18648
2.16 2.16 -2.98689 21.0123 -2.98686
2.16 2.28 -4.79096 12.2553 -4.79093
2.16 2.4 -3.95934 0.236275 -3.95931
2.16 2.52 4.75535 -5.8711 4.75535
2.16 2.64 15.2471 -5.33463 15.2471
2.16 2.76 21.2494 -4.13211 21.2494
2.16 2.88 23.6486 -3.71438 23.6486
2.16 3 24.3114 -3.63417 24.3114
2.16 3.12 23.9663 -3.60334 23.9663
2.16 3.24 22.158 -3.80861 22.158
2.16 3.36 17.2149 -4.77442 17.2149
2.16 3.48 7.60094 -5.82656 7.60094
2.16 3.6 -2.40338 -1.83169 -2.40335
2.16 3.72 -5.0097 9.39637 -5.00967
2.16 3.84 -3.38891 19.2357 -3.38888
2.16 3.96 -2.35537 24.0498 -2.35534
2.16 4.08 -2.23393 25.8552 -2.2339
2.16 4.2 -2.54012 26.352 -2.54014
2.16 4.32 -3.01192 26.2888 -3.01195
2.16 4.44 -3.53897 25.9567 -3.53899
2.16 4.56 -4.04457 25.4887 -4.04459
2.16 4.68 -4.49432 24.902 -4.49434
2.16 4.8 -4.93463 24.0309 -4.93465
2.16 4.92 -5.49181 22.4218 -5.49183
2.16 5.04 -6.43734 19.0227 -6.43736
2.16 5.16 -7.71433 12.2779 -7.71435
2.16 5.28 -6.63716 2.88848 -6.63718
2.16 5.4 2.1555 -2.56868 2.15548
2.16 5.52 15.4052 -1.09313 15.4052
2.16 5.64 37.7444 14.9615 37.7444
2.16 5.76 10.9173 -14.3159 10.9173
2.16 5.88 31.0739 5.56894 31.0739
2.28 0 20.3631 -6.81178 20.3631
2.28 0.12 24.3429 -2.31484 24.3429
2.28 0.24 21.0269 -3.72854 21.0269
2.28 0.36 19.3015 -0.889156 19.3015
2.28 0.48 7.09341 -3.53596 7.09339
2.28 0.6 -4.16252 -0.615713 -4.16255
2.28 0.72 -7.43321 8.80149 -7.43323
2.28 0.84 -6.41131 17.2161 -6.41133
2.28 0.96 -5.35559 21.7286 -5.35561
2.28 1.08 -4.86755 23.7361 -4.86757
2.28 1.2 -4.61151 24.6614 -4.61153
2.28 1.32 -4.33965 25.2176 -4.33967
2.28 1.44 -3.98248 25.6617 -3.9825
2.28 1.56 -3.54048 26.0624 -3.5405
2.28 1.68 -3.05214 26.3862 -3.05216
2.28 1.8 -2.57812 26.5219 -2.57809
2.28 1.92 -2.21573 26.2194 -2.2157
2.28 2.04 -2.20194 24.8457 -2.20191
2.28 2.16 -3.01739 20.9017 -3.01736
2.28 2.28 -4.81889 12.0594 -4.81886
2.28 2.4 -3.87296 0.0673727 -3.87293
2.28 2.52 4.95978 -5.88539 4.95978
2.28 2.64 15.4075 -5.29542 15.4075
2.28 2.76 21.334 -4.10673 21.334
2.28 2.88 23.6925 -3.70328 23.6925
2.28 3 24.3438 -3.62692 24.3438
2.28 3.12 24.0074 -3.59221 24.0074
2.28 3.24 22.2362 -3.78249 22.2362
2.28 3.36 17.3719 -4.72556 17.3719
2.28 3.48 7.8352 -5.80313 7.8352
2.28 3.6 -2.25273 -1.96844 -2.2527
2.28 3.72 -5.01768 9.1629 -5.01764
2.28 3.84 -3.42853 19.0726 -3.4285
2.28 3.96 -2.37944 23.9627 -2.37941
2.28 4.08 -2.24832 25.806 -2.24829
2.28 4.2 -2.55175 26.3187 -2.55177
2.28 4.32 -3.02457 26.2604 -3.02459
2.28 4.44 -3.55517 25.9265 -3.55519
2.28 4.56 -4.06725 25.4484 -4.06727
2.28 4.68 -4.52738 24.8376 -4.5274
2.28 4.8 -4.98715 23.9091 -4.98717
2.28 4.92 -5.58926 22.1552 -5.58928
2.28 5.04 -6.61525 18.4195 -6.61527
2.28 5.16 -7.84787 11.1372 -7.84789
2.28 5.28 -5.93332 1.67343 -5.93334
2.28 5.4 4.55786 -2.56946 4.55783
2.28 5.52 18.205 -0.204781 18.205
2.28 5.64 39.7196 15.6749 39.7196
2.28 5.76 12.3962 -13.7654 12.3961
2.28 5.88 32.5528 6.16832 32.5528
2.4 0 21.7965 -6.29346 21.7965
2.4 0.12 25.7146 -1.98706 25.7146
2.4 0.24 23.2177 -3.05441 23.2177
2.4 0.36 22.827 0.166065 22.827
2.4 0.48 11.4294 -2.94638 11.4294
2.4 0.6 -1.87582 -2.22026 -1.87584
2.4 0.72 -7.37845 6.43164 -7.37847
2.4 0.84 -6.74384 15.7997 -6.74386
2.4 0.96 -5.53125 21.1248 -5.53127
2.4 1.08 -4.93388 23.5016 -4.9339
2.4 1.2 -4.63926 24.5646 -4.63928
2.4 1.32 -4.35758 25.1694 -4.3576
2.4 1.44 -3.99807 25.6314 -3.99809
2.4 1.56 -3.55465 26.0394 -3.55467
2.4 1.68 -3.0643 26.3661 -3.06432
2.4 1.8 -2.58878 26.5006 -2.58875
2.4 1.92 -2.22702 26.1896 -2.22699
2.4 2.04 -2.2191 24.7914 -2.21907
2.4 2.16 -3.04962 20.7889 -3.04959
2.4 2.28 -4.84752 11.8648 -4.84748
2.4 2.4 -3.78828 -0.0963035 -3.78825
2.4 2.52 5.15624 -5.89951 5.15624
2.4 2.64 15.5584 -5.26093 15.5584
2.4 2.76 21.4108 -4.08708 21.4108
2.4 2.88 23.7292 -3.69808 23.7292
2.4 3 24.3688 -3.62521 24.3688
2.4 3.12 24.0396 -3.58622 24.0396
2.4 3.24 22.301 -3.76178 22.301
2.4 3.36 17.5062 -4.68262 17.5062
2.4 3.48 8.0397 -5.77824 8.0397
2.4 3.6 -2.11504 -2.07989 -2.11501
2.4 3.72 -5.01704 8.96283 -5.01701
2.4 3.84 -3.45592 18.9317 -3.45589
2.4 3.96 -2.39106 23.8908 -2.39103
2.4 4.08 -2.24911 25.7706 -2.24908
2.4 4.2 -2.54839 26.3 -2.54841
2.4 4.32 -3.02165 26.2484 -3.02167
2.4 4.44 -3.55619 25.9147 -3.55621
2.4 4.56 -4.07484 25.4325 -4.07486
2.4 4.68 -4.54253 24.8153 -4.54255
2.4 4.8 -5.00789 23.8825 -5.00791
2.4 4.92 -5.60725 22.1371 -5.60727
2.4 5.04 -6.61177 18.449 -6.61179
2.4 5.16 -7.81098 11.2898 -7.811
2.4 5.28 -5.97356 1.9467 -5.97358
2.4 5.4 4.22913 -2.40815 4.22911
2.4 5.52 17.7998 -0.158131 17.7998
2.4 5.64 39.4609 15.7536 39.4609
2.4 5.76 12.1774 -13.7151 12.1774
2.4 5.88 32.4045 6.27856 32.4045
2.52 0 22.3803 -6.01579 22.3803
2.52 0.12 26.1874 -1.86051 26.1874
2.52 0.24 24.0151 -2.77788 24.0151
2.52 0.36 24.1916 0.627406 24.1916
2.52 0.48 13.3808 -2.50214 13.3808
2.52 0.6 -0.590239 -2.69868 -0.590259
2.52 0.72 -7.24918 5.36438 -7.24921
2.52 0.84 -6.9022 15.0855 -6.90222
2.52 0.96 -5.63253 20.8007 -5.63255
2.52 1.08 -4.98089 23.3658 -4.98091
2.52 1.2 -4.66358 24.5024 -4.6636
2.52 1.32 -4.37379 25.1349 -4.37381
2.52 1.44 -4.01016 25.6084 -4.01018
2.52 1.56 -3.56401 26.0216 -3.56403
2.52 1.68 -3.07101 26.3504 -3.07103
2.52 1.8 -2.59424 26.4829 -2.59421
2.52 1.92 -2.23409 26.1623 -2.23406
2.52 2.04 -2.23297 24.7391 -2.23294
2.52 2.16 -3.07907 20.6791 -3.07904
2.52 2.28 -4.87293 11.6782 -4.8729
2.52 2.4 -3.704 -0.248936 -3.70397
2.52 2.52 5.34404 -5.90997 5.34404
2.52 2.64 15.6998 -5.22822 15.6998
2.52 2.76 21.4802 -4.07016 21.4802
2.52 2.88 23.7603 -3.69482 23.7603
2.52 3 24.3886 -3.6247 24.3886
2.52 3.12 24.0661 -3.58028 24.0661
2.52 3.24 22.3559 -3.74105 22.3559
2.52 3.36 17.6202 -4.6402 17.6202
2.52 3.48 8.21506 -5.74603 8.21506
2.52 3.6 -1.9889 -2.1563 -1.98887
2.52 3.72 -5.00268 8.80911 -5.00265
2.52 3.84 -3.46589 18.8234 -3.46586
2.52 3.96 -2.38665 23.8416 -2.38662
2.52 4.08 -2.23379 25.755 -2.23376
2.52 4.2 -2.52803 26.3017 -2.52805
2.52 4.32 -3.00144 26.2579 -3.00146
2.52 4.44 -3.54049 25.9265 -3.54051
2.52 4.56 -4.06556 25.4464 -4.06558
2.52 4.68 -4.53769 24.841 -4.53771
2.52 4.8 -4.99562 23.9553 -4.99564
2.52 4.92 -5.54809 22.365 -5.54811
2.52 5.04 -6.43759 19.0881 -6.43761
2.52 5.16 -7.60977 12.6805 -7.60979
2.52 5.28 -6.66696 3.70109 -6.66698
2.52 5.4 1.34165 -1.94906 1.34163
2.52 5.52 14.1181 -0.923999 14.118
2.52 5.64 36.76 15.1294 36.76
2.52 5.76 10.1136 -14.1671 10.1136
2.52 5.88 30.4675 5.87289 30.4675
2.64 0 22.3858 -5.89586 22.3858
2.64 0.12 26.1576 -1.75689 26.1576
2.64 0.24 23.8852 -2.72328 23.8852
2.64 0.36 23.902 0.628179 23.902
2.64 0.48 12.932 -2.50597 12.932
2.64 0.6 -0.875906 -2.50277 -0.875927
2.64 0.72 -7.26179 5.64577 -7.26181
2.64 0.84 -6.87372 15.2326 -6.87374
2.64 0.96 -5.63115 20.8413 -5.63117
2.64 1.08 -4.99342 23.3645 -4.99344
2.64 1.2 -4.67611 24.4914 -4.67613
2.64 1.32 -4.38194 25.1243 -4.38196
2.64 1.44 -4.0131 25.6011 -4.01312
2.64 1.56 -3.56329 26.0163 -3.56331
2.64 1.68 -3.06784 26.3453 -3.06786
2.64 1.8 -2.59103 26.474 -2.591
2.64 1.92 -2.23444 26.1418 -2.23441
2.64 2.04 -2.24231 24.692 -2.24228
2.64 2.16 -3.10549 20.5756 -3.10546
2.64 2.28 -4.89629 11.5033 -4.89626
2.64 2.4 -3.62568 -0.389119 -3.62565
2.64 2.52 5.5148 -5.91928 5.5148
2.64 2.64 15.8259 -5.19932 15.8259
2.64 2.76 21.5399 -4.05589 21.5399
2.64 2.88 23.7857 -3.69183 23.7857
2.64 3 24.4038 -3.62322 24.4038
2.64 3.12 24.0871 -3.57285 24.0871
2.64 3.24 22.3992 -3.72044 22.3992
2.64 3.36 17.7085 -4.60116 17.7085
2.64 3.48 8.35032 -5.71136 8.35032
2.64 3.6 -1.88596 -2.19924 -1.88593
2.64 3.72 -4.9825 8.70359 -4.98247
2.64 3.84 -3.46629 18.7467 -3.46626
2.64 3.96 -2.37599 23.8101 -2.37596
2.64 4.08 -2.21373 25.7515 -2.2137
2.64 4.2 -2.50349 26.3138 -2.50351
2.64 4.32 -2.9776 26.2776 -2.97762
2.64 4.44 -3.52176 25.9497 -3.52178
2.64 4.56 -4.0534 25.4761 -4.05342
2.64 4.68 -4.52867 24.8952 -4.52869
2.64 4.8 -4.97268 24.0913 -4.9727
2.64 4.92 -5.45432 22.7494 -5.45434
2.64 5.04 -6.16511 20.1195 -6.16513
2.64 5.16 -7.21958 14.9594 -7.2196
2.64 5.28 -7.3414 6.991 -7.34142
2.64 5.4 -2.81045 -0.142079 -2.81047
2.64 5.52 7.19236 -1.8616 7.19234
2.64 5.64 30.328 13.4563 30.328
2.64 5.76 4.86929 -15.5067 4.86927
2.64 5.88 25.3066 4.40652 25.3066
2.76 0 21.8284 -5.8561 21.8284
2.76 0.12 25.4722 -1.75554 25.4721
2.76 0.24 22.6764 -2.94546 22.6763
2.76 0.36 21.791 0.122218 21.7909
2.76 0.48 10.0469 -2.89731 10.0469
2.76 0.6 -2.59659 -1.51985 -2.59661
2.76 0.72 -7.36491 7.26308 -7.36493
2.76 0.84 -6.66118 16.2063 -6.6612
2.76 0.96 -5.53088 21.2332 -5.5309
2.76 1.08 -4.97135 23.4961 -4.97137
2.76 1.2 -4.67561 24.5338 -4.67563
2.76 1.32 -4.38067 25.141 -4.38069
2.76 1.44 -4.00589 25.6123 -4.00591
2.76 1.56 -3.55172 26.0262 -3.55174
2.76 1.68 -3.05439 26.353 -3.05441
2.76 1.8 -2.57865 26.4759 -2.57861
2.76 1.92 -2.22662 26.131 -2.22658
2.76 2.04 -2.24397 24.6552 -2.24394
2.76 2.16 -3.12318 20.4871 -3.12315
2.76 2.28 -4.91007 11.3534 -4.91004
2.76 2.4 -3.54833 -0.503712 -3.5483
2.76 2.52 5.67132 -5.91826 5.67132
2.76 2.64 15.9417 -5.16577 15.9417
2.76 2.76 21.5975 -4.03512 21.5975
2.76 2.88 23.8136 -3.68035 23.8136
2.76 3 24.4227 -3.61265 24.4227
2.76 3.12 24.1092 -3.55727 24.1092
2.76 3.24 22.4352 -3.69515 22.4352
2.76 3.36 17.7711 -4.56294 17.7711
2.76 3.48 8.44038 -5.67304 8.44038
2.76 3.6 -1.8126 -2.20476 -1.81257
2.76 3.72 -4.96007 8.65188 -4.96004
2.76 3.84 -3.46218 18.7016 -3.46215
2.76 3.96 -2.36787 23.7893 -2.36784
2.76 4.08 -2.2007 25.7483 -2.20067
2.76 4.2 -2.48842 26.3214 -2.48844
2.76 4.32 -2.96438 26.2909 -2.9644
2.76 4.44 -3.51372 25.967 -3.51374
2.76 4.56 -4.05175 25.5027 -4.05177
2.76 4.68 -4.53059 24.952 -4.53061
2.76 4.8 -4.9623 24.2411 -4.96232
2.76 4.92 -5.37533 23.1695 -5.37535
2.76 5.04 -5.89438 21.2405 -5.8944
2.76 5.16 -6.70437 17.5363 -6.70439
2.76 5.28 -7.40072 11.3701 -7.40074
2.76 5.4 -6.05987 4.09521 -6.05989
2.76 5.52 -0.802907 -0.729303 -0.802928
2.76 5.64 20.0215 11.8397 20.0215
2.76 5.76 -5.1167 -17.6162 -5.11672
2.76 5.88 15.0656 1.62724 15.0656
2.88 0 20.0732 -6.15656 20.0732
2.88 0.12 23.3907 -2.17308 23.3906
2.88 0.24 19.551 -3.74425 19.551
2.88 0.36 17.0662 -1.04938 17.0662
2.88 0.48 4.87902 -3.12702 4.879
2.88 0.6 -4.92676 0.83305 -4.92678
2.88 0.72 -7.30984 10.079 -7.30986
2.88 0.84 -6.30414 17.7695 -6.30416
2.88 0.96 -5.37873 21.8579 -5.37875
2.88 1.08 -4.94033 23.7125 -4.94035
2.88 1.2 -4.67821 24.607 -4.67823
2.88 1.32 -4.38323 25.1707 -4.38325
2.88 1.44 -4.00088 25.6306 -4.0009
2.88 1.56 -3.54095 26.0408 -3.54097
2.88 1.68 -3.04121 26.3641 -3.04123
2.88 1.8 -2.56598 26.4808 -2.56595
2.88 1.92 -2.21737 26.1243 -2.21734
2.88 2.04 -2.2421 24.626 -2.24207
2.88 2.16 -3.13355 20.415 -3.13352
2.88 2.28 -4.9142 11.2336 -4.91417
2.88 2.4 -3.47328 -0.588199 -3.47325
2.88 2.52 5.81218 -5.90509 5.81218
2.88 2.64 16.0488 -5.12593 16.0488
2.88 2.76 21.6568 -4.00581 21.6568
2.88 2.88 23.8482 -3.65861 23.8482
2.88 3 24.4488 -3.592 24.4488
2.88 3.12 24.1344 -3.53403 24.1344
2.88 3.24 22.4629 -3.6676 22.4629
2.88 3.36 17.8027 -4.53036 17.8027
2.88 3.48 8.47501 -5.63751 8.47501
2.88 3.6 -1.78054 -2.17774 -1.78051
2.88 3.72 -4.94388 8.65113 -4.94385
2.88 3.84 -3.46058 18.6831 -3.46054
2.88 3.96 -2.36943 23.7714 -2.3694
2.88 4.08 -2.20189 25.7359 -2.20186
2.88 4.2 -2.48977 26.314 -2.48979
2.88 4.32 -2.96803 26.2871 -2.96805
2.88 4.44 -3.52185 25.9673 -3.52187
2.88 4.56 -4.06578 25.5134 -4.0658
2.88 4.68 -4.55013 24.9922 -4.55015
2.88 4.8 -4.97774 24.3651 -4.97776
2.88 4.92 -5.34495 23.5268 -5.34497
2.88 5.04 -5.71201 22.1964 -5.71203
2.88 5.16 -6.2391 19.8012 -6.23912
2.88 5.28 -6.91737 15.7296 -6.91739
2.88 5.4 -7.15271 10.0923 -7.15273
2.88 5.52 -5.90974 4.41271 -5.90976
2.88 5.64 10.4556 14.132 10.4556
2.88 5.76 -16.5412 -16.8616 -16.5412
2.88 5.88 2.54373 0.854121 2.54371
3 0 15.5179 -7.41585 15.5179
3 0.12 18.2905 -3.57947 18.2905
3 0.24 12.9566 -5.48911 12.9566
3 0.36 9.14877 -2.40957 9.14875
3 0.48 -1.23133 -1.70482 -1.23135
3 0.6 -6.63454 5.04519 -6.63456
3 0.72 -6.91832 13.6442 -6.91834
3 0.84 -5.89041 19.5514 -5.89043
3 0.96 -5.23468 22.5529 -5.2347
3 1.08 -4.92553 23.953 -4.92555
3 1.2 -4.6949 24.6878 -4.69492
3 1.32 -4.39641 25.2017 -4.39643
3 1.44 -4.00393 25.6479 -4.00395
3 1.56 -3.5367 26.0535 -3.53672
3 1.68 -3.03383 26.3726 -3.03385
3 1.8 -2.55842 26.4834 -2.55839
3 1.92 -2.21193 26.1173 -2.2119
3 2.04 -2.24159 24.6016 -2.24156
3 2.16 -3.14072 20.3591 -3.14069
3 2.28 -4.91274 11.1462 -4.9127
3 2.4 -3.40695 -0.64175 -3.40692
3 2.52 5.93043 -5.88255 5.93043
3 2.64 16.1427 -5.08341 16.1427
3 2.76 21.7148 -3.97175 21.7148
3 2.88 23.8868 -3.63079 23.8868
3 3 24.4788 -3.56581 24.4788
3 3.12 24.1586 -3.50792 24.1586
3 3.24 22.477 -3.64295 22.477
3 3.36 17.7955 -4.5093 17.7955
3 3.48 8.44338 -5.61049 8.44338
3 3.6 -1.79878 -2.11981 -1.79875
3 3.72 -4.93636 8.70461 -4.93633
3 3.84 -3.45873 18.6964 -3.4587
3 3.96 -2.3741 23.7632 -2.37407
3 4.08 -2.20719 25.7234 -2.20716
3 4.2 -2.49422 26.3032 -2.49424
3 4.32 -2.97255 26.28 -2.97257
3 4.44 -3.52824 25.966 -3.52826
3 4.56 -4.07676 25.523 -4.07678
3 4.68 -4.56898 25.0266 -4.569
3 4.8 -5.00332 24.4628 -5.00335
3 4.92 -5.35511 23.793 -5.35513
3 5.04 -5.63672 22.8867 -5.63674
3 5.16 -5.95281 21.4348 -5.95283
3 5.28 -6.37282 19.0763 -6.37284
3 5.4 -6.83157 15.6435 -6.83159
3 5.52 -7.11455 11.4961 -7.11457
3 5.64 6.40999 21.0517 6.40997
3 5.76 -22.4346 -10.3418 -22.4347
3 5.88 -4.9609 5.80358 -4.96092
3.12 0 6.05714 -9.85288 6.05712
3.12 0.12 8.38701 -5.90466 8.38699
3.12 0.24 2.4261 -7.0864 2.42608
3.12 0.36 0.0719775 -1.47166 0.0719572
3.12 0.48 -5.61952 2.95331 -5.61954
3.12 0.6 -7.00093 10.5765 -7.00095
3.12 0.72 -6.30506 17.1917 -6.30508
3.12 0.84 -5.54322 21.1694 -5.54324
3.12 0.96 -5.15302 23.1669 -5.15304
3.12 1.08 -4.94726 24.1594 -4.94728
3.12 1.2 -4.73413 24.7506 -4.73415
3.12 1.32 -4.42531 25.2201 -4.42533
3.12 1.44 -4.0192 25.6544 -4.01922
3.12 1.56 -3.54265 26.0562 -3.54267
3.12 1.68 -3.03544 26.372 -3.03546
3.12 1.8 -2.55879 26.4782 -2.55876
3.12 1.92 -2.21298 26.1055 -2.21295
3.12 2.04 -2.24508 24.5788 -2.24505
3.12 2.16 -3.14754 20.3181 -3.14751
3.12 2.28 -4.90996 11.0914 -4.90992
3.12 2.4 -3.35835 -0.667057 -3.35832
3.12 2.52 6.014 -5.85833 6.014
3.12 2.64 16.212 -5.04773 16.212
3.12 2.76 21.7607 -3.94288 21.7607
3.12 2.88 23.9189 -3.60675 23.9189
3.12 3 24.5028 -3.54336 24.5028
3.12 3.12 24.1728 -3.48705 24.1728
3.12 3.24 22.4691 -3.62777 22.4691
3.12 3.36 17.7415 -4.50451 17.7415
3.12 3.48 8.33879 -5.59336 8.33879
3.12 3.6 -1.86812 -2.02564 -1.86809
3.12 3.72 -4.93065 8.8231 -4.93062
3.12 3.84 -3.44517 18.7551 -3.44514
3.12 3.96 -2.36774 23.7802 -2.36771
3.12 4.08 -2.20086 25.7278 -2.20083
3.12 4.2 -2.48539 26.3073 -2.48541
3.12 4.32 -2.96182 26.2878 -2.96184
3.12 4.44 -3.51785 25.9799 -3.51787
3.12 4.56 -4.07119 25.546 -4.07121
3.12 4.68 -4.57496 25.0663 -4.57498
3.12 4.8 -5.02647 24.542 -5.02649
3.12 4.92 -5.38911 23.9761 -5.38913
3.12 5.04 -5.64567 23.3281 -5.64569
3.12 5.16 -5.85734 22.4466 -5.85736
3.12 5.28 -6.07161 21.1663 -6.07163
3.12 5.4 -6.33064 19.3744 -6.33066
3.12 5.52 -6.69596 17.091 -6.69598
3.12 5.64 6.14506 27.9694 6.14504
3.12 5.76 -23.1069 -2.54263 -23.1069
3.12 5.88 -6.72379 12.9281 -6.72381
3.24 0 -6.54657 -10.3103 -6.54659
3.24 0.12 -3.62976 -5.53606 -3.62978
3.24 0.24 -7.40157 -4.3576 -7.40159
3.24 0.36 -5.51287 4.27578 -5.51289
3.24 0.48 -6.87988 9.93258 -6.8799
3.24 0.6 -6.44246 15.8606 -6.44248
3.24 0.72 -5.75865 20.0254 -5.75867
3.24 0.84 -5.34549 22.39 -5.34551
3.24 0.96 -5.14965 23.6214 -5.14967
3.24 1.08 -5.00239 24.3067 -5.00241
3.24 1.2 -4.78783 24.7895 -4.78785
3.24 1.32 -4.46114 25.2264 -4.46116
3.24 1.44 -4.03808 25.6533 -4.0381
3.24 1.56 -3.55046 26.0535 -3.55048
3.24 1.68 -3.03797 26.3674 -3.03799
3.24 1.8 -2.55964 26.4708 -2.55961
3.24 1.92 -2.21407 26.0943 -2.21404
3.24 2.04 -2.24766 24.5626 -2.24763
3.24 2.16 -3.15119 20.2963 -3.15116
3.24 2.28 -4.90678 11.0722 -4.90675
3.24 2.4 -3.33505 -0.665968 -3.33502
3.24 2.52 6.0504 -5.83947 6.0504
3.24 2.64 16.2437 -5.02726 16.2437
3.24 2.76 21.7824 -3.92681 21.7824
3.24 2.88 23.9337 -3.59288 23.9337
3.24 3 24.5113 -3.52977 24.5113
3.24 3.12 24.1685 -3.47547 24.1685
3.24 3.24 22.4321 -3.62499 22.4321
3.24 3.36 17.6346 -4.51719 17.6346
3.24 3.48 8.15878 -5.58294 8.15878
3.24 3.6 -1.98334 -1.8851 -1.98331
3.24 3.72 -4.91621 9.02072 -4.91618
3.24 3.84 -3.40842 18.8744 -3.40839
3.24 3.96 -2.34022 23.8373 -2.34019
3.24 4.08 -2.1756 25.762 -2.17557
3.24 4.2 -2.45917 26.3359 -2.45919
3.24 4.32 -2.93493 26.3171 -2.93495
3.24 4.44 -3.49273 26.0123 -3.49275
3.24 4.56 -4.05335 25.5825 -4.05337
3.24 4.68 -4.5729 25.1096 -4.57292
3.24 4.8 -5.04883 24.6038 -5.04885
3.24 4.92 -5.43833 24.0921 -5.43835
3.24 5.04 -5.70796 23.5831 -5.70798
3.24 5.16 -5.89528 23.0047 -5.8953
3.24 5.28 -6.02199 22.2933 -6.02201
3.24 5.4 -6.12902 21.4026 -6.12904
3.24 5.52 -6.31967 20.2854 -6.31969
3.24 5.64 6.52628 32.217 6.52625
3.24 5.76 -22.5363 2.58616 -22.5363
3.24 5.88 -6.69573 17.8997 -6.69575
3.36 0 -14.1559 -4.10586 -14.156
3.36 0.12 -10.1569 1.2276 -10.1569
3.36 0.24 -11.1708 3.56982 -11.1708
3.36 0.36 -6.50757 12.2559 -6.50759
3.36 0.48 -6.37354 16.2074 -6.37356
3.36 0.6 -5.81267 19.6588 -5.81269
3.36 0.72 -5.46343 21.8912 -5.46345
3.36 0.84 -5.30236 23.1765 -5.30238
3.36 0.96 -5.20693 23.9126 -5.20695
3.36 1.08 -5.0737 24.3989 -5.07372
3.36 1.2 -4.84115 24.8123 -4.84117
3.36 1.32 -4.49103 25.2302 -4.49105
3.36 1.44 -4.04929 25.6545 -4.04931
3.36 1.56 -3.54993 26.0554 -3.54995
3.36 1.68 -3.03223 26.3685 -3.03225
3.36 1.8 -2.55304 26.4696 -2.55301
3.36 1.92 -2.20898 26.0906 -2.20895
3.36 2.04 -2.24534 24.5576 -2.24531
3.36 2.16 -3.15022 20.2965 -3.15019
3.36 2.28 -4.90481 11.0892 -4.90478
3.36 2.4 -3.34232 -0.640384 -3.34229
3.36 2.52 6.0339 -5.82835 6.0339
3.36 2.64 16.2352 -5.0213 16.2352
3.36 2.76 21.7813 -3.91922 21.7813
3.36 2.88 23.9349 -3.58233 23.9349
3.36 3 24.5096 -3.517 24.5096
3.36 3.12 24.1512 -3.46534 24.1512
3.36 3.24 22.3702 -3.62804 22.3702
3.36 3.36 17.4775 -4.5427 17.4775
3.36 3.48 7.90499 -5.57516 7.90499
3.36 3.6 -2.1418 -1.69405 -2.14177
3.36 3.72 -4.8943 9.29716 -4.89427
3.36 3.84 -3.3556 19.0497 -3.35557
3.36 3.96 -2.30375 23.9256 -2.30372
3.36 4.08 -2.14821 25.8129 -2.14818
3.36 4.2 -2.43581 26.3725 -2.43583
3.36 4.32 -2.91433 26.3485 -2.91435
3.36 4.44 -3.47632 26.0419 -3.47635
3.36 4.56 -4.04651 25.6106 -4.04653
3.36 4.68 -4.58395 25.1361 -4.58397
3.36 4.8 -5.08595 24.6345 -5.08597
3.36 4.92 -5.50704 24.1459 -5.50706
3.36 5.04 -5.80603 23.7041 -5.80605
3.36 5.16 -6.01087 23.2716 -6.01089
3.36 5.28 -6.12925 22.8277 -6.12927
3.36 5.4 -6.18981 22.3567 -6.18983
3.36 5.52 -6.28668 21.7991 -6.2867
3.36 5.64 6.59261 34.2431 6.59259
3.36 5.76 -22.2646 5.12551 -22.2647
3.36 5.88 -6.75946 20.3404 -6.75948
3.48 0 -15.102 4.75391 -15.102
3.48 0.12 -10.8632 9.65025 -10.8632
3.48 0.24 -10.9922 11.2025 -10.9922
3.48 0.36 -5.86849 18.2572 -5.86851
3.48 0.48 -5.77705 20.1673 -5.77707
3.48 0.6 -5.51009 21.8563 -5.51012
3.48 0.72 -5.40656 22.9452 -5.40658
3.48 0.84 -5.36289 23.623 -5.36291
3.48 0.96 -5.29319 24.0803 -5.29321
3.48 1.08 -5.14341 24.4547 -5.14343
3.48 1.2 -4.88376 24.8301 -4.88378
3.48 1.32 -4.50876 25.2398 -4.50878
3.48 1.44 -4.04911 25.665 -4.04913
3.48 1.56 -3.53861 26.068 -3.53863
3.48 1.68 -3.01625 26.3812 -3.01627
3.48 1.8 -2.53683 26.4805 -2.5368
3.48 1.92 -2.19507 26.1003 -2.19504
3.48 2.04 -2.2348 24.57 -2.23477
3.48 2.16 -3.14037 20.3251 -3.14034
3.48 2.28 -4.89874 11.1499 -4.89871
3.48 2.4 -3.37387 -0.582013 -3.37384
3.48 2.52 5.97277 -5.81468 5.97277
3.48 2.64 16.1983 -5.01679 16.1983
3.48 2.76 21.7716 -3.90483 21.7716
3.48 2.88 23.9384 -3.55904 23.9384
3.48 3 24.513 -3.48973 24.513
3.48 3.12 24.1349 -3.44291 24.1349
3.48 3.24 22.2949 -3.6258 22.2949
3.48 3.36 17.2778 -4.57278 17.2778
3.48 3.48 7.58262 -5.56381 7.58262
3.48 3.6 -2.34042 -1.45043 -2.34038
3.48 3.72 -4.87151 9.64381 -4.87148
3.48 3.84 -3.30195 19.2649 -3.30192
3.48 3.96 -2.27823 24.0252 -2.2782
3.48 4.08 -2.14069 25.8576 -2.14066
3.48 4.2 -2.43721 26.3932 -2.43723
3.48 4.32 -2.92015 26.3589 -2.92017
3.48 4.44 -3.48599 26.0478 -3.48601
3.48 4.56 -4.06436 25.6123 -4.06438
3.48 4.68 -4.61685 25.1328 -4.61687
3.48 4.8 -5.1398 24.63 -5.13982
3.48 4.92 -5.58766 24.1501 -5.58768
3.48 5.04 -5.91675 23.7387 -5.91677
3.48 5.16 -6.1535 23.3704 -6.15352
3.48 5.28 -6.29848 23.0412 -6.2985
3.48 5.4 -6.37035 22.747 -6.37037
3.48 5.52 -6.44733 22.429 -6.44736
3.48 5.64 6.42113 35.079 6.42111
3.48 5.76 -22.3118 6.21882 -22.3119
3.48 5.88 -7.05512 21.3134 -7.05514
3.6 0 -14.3789 10.6256 -14.379
3.6 0.12 -10.2559 15.024 -10.256
3.6 0.24 -10.3828 15.6507 -10.3828
3.6 0.36 -5.43245 21.4694 -5.43247
3.6 0.48 -5.56343 22.1825 -5.56345
3.6 0.6 -5.48443 22.9602 -5.48445
3.6 0.72 -5.4818 23.4818 -5.48182
3.6 0.84 -5.464 23.8585 -5.46402
3.6 0.96 -5.37857 24.1766 -5.37859
3.6 1.08 -5.19907 24.4956 -5.19909
3.6 1.2 -4.91159 24.8529 -4.91161
3.6 1.32 -4.51482 25.26 -4.51484
3.6 1.44 -4.04041 25.6872 -4.04043
3.6 1.56 -3.52039 26.0928 -3.52041
3.6 1.68 -2.99351 26.407 -2.99353
3.6 1.8 -2.51312 26.5063 -2.51309
3.6 1.92 -2.17267 26.1275 -2.17264
3.6 2.04 -2.21412 24.6053 -2.21409
3.6 2.16 -3.11735 20.389 -3.11732
3.6 2.28 -4.8822 11.2615 -4.88217
3.6 2.4 -3.42167 -0.482773 -3.42163
3.6 2.52 5.87521 -5.79097 5.87521
3.6 2.64 16.1403 -5.00812 16.1403
3.6 2.76 21.76 -3.88033 21.76
3.6 2.88 23.9496 -3.52183 23.9496
3.6 3 24.525 -3.4492 24.525
3.6 3.12 24.1209 -3.4111 24.1209
3.6 3.24 22.2048 -3.62246 22.2048
3.6 3.36 17.0325 -4.61176 17.0325
3.6 3.48 7.19065 -5.55074 7.19065
3.6 3.6 -2.57711 -1.15626 -2.57708
3.6 3.72 -4.85029 10.0521 -4.85026
3.6 3.84 -3.25147 19.5112 -3.25144
3.6 3.96 -2.26488 24.1303 -2.26485
3.6 4.08 -2.14994 25.8946 -2.14991
3.6 4.2 -2.45529 26.4013 -2.45531
3.6 4.32 -2.93963 26.3563 -2.93965
3.6 4.44 -3.50496 26.0423 -3.50498
3.6 4.56 -4.08601 25.605 -4.08603
3.6 4.68 -4.64585 25.1235 -4.64587
3.6 4.8 -5.17969 24.6215 -5.17971
3.6 4.92 -5.64374 24.1475 -5.64376
3.6 5.04 -5.99554 23.7504 -5.99556
3.6 5.16 -6.26323 23.4076 -6.26325
3.6 5.28 -6.44268 23.1217 -6.4427
3.6 5.4 -6.54433 22.8948 -6.54435
3.6 5.52 -6.63205 22.6732 -6.63207
3.6 5.64 6.20952 35.3987 6.2095
3.6 5.76 -22.4592 6.66207 -22.4592
3.6 5.88 -7.37805 21.6493 -7.37807
3.72 0 -14.0933 13.333 -14.0933
3.72 0.12 -9.99467 17.5465 -9.99469
3.72 0.24 -10.1985 17.6862 -10.1986
3.72 0.36 -5.37207 22.9153 -5.37209
3.72 0.48 -5.60498 23.09 -5.605
3.72 0.6 -5.59025 23.4627 -5.59027
3.72 0.72 -5.60588 23.73 -5.6059
3.72 0.84 -5.57357 23.9701 -5.57359
3.72 0.96 -5.45963 24.2247 -5.45965
3.72 1.08 -5.25155 24.5182 -5.25157
3.72 1.2 -4.94171 24.8668 -4.94173
3.72 1.32 -4.52944 25.2722 -4.52946
3.72 1.44 -4.04479 25.7003 -4.04481
3.72 1.56 -3.51739 26.1084 -3.51741
3.72 1.68 -2.98529 26.4255 -2.98531
3.72 1.8 -2.50161 26.5283 -2.50158
3.72 1.92 -2.15937 26.1555 -2.15934
3.72 2.04 -2.19799 24.6496 -2.19796
3.72 2.16 -3.09273 20.4767 -3.0927
3.72 2.28 -4.863 11.4149 -4.86297
3.72 2.4 -3.48856 -0.348953 -3.48853
3.72 2.52 5.73989 -5.76258 5.73989
3.72 2.64 16.0577 -5.00349 16.0577
3.72 2.76 21.7389 -3.8581 21.7389
3.72 2.88 23.9573 -3.48658 23.9573
3.72 3 24.5318 -3.41324 24.5318
3.72 3.12 24.0948 -3.3877 24.0948
3.72 3.24 22.0869 -3.63395 22.0869
3.72 3.36 16.7313 -4.67214 16.7313
3.72 3.48 6.72518 -5.54312 6.72518
3.72 3.6 -2.85084 -0.818875 -2.85081
3.72 3.72 -4.83249 10.5102 -4.83246
3.72 3.84 -3.20403 19.7811 -3.204
3.72 3.96 -2.25736 24.2418 -2.25732
3.72 4.08 -2.16366 25.9321 -2.16363
3.72 4.2 -2.47359 26.4104 -2.47361
3.72 4.32 -2.95456 26.3579 -2.95458
3.72 4.44 -3.51515 26.0441 -3.51517
3.72 4.56 -4.09334 25.609 -4.09336
3.72 4.68 -4.65196 25.1311 -4.65198
3.72 4.8 -5.1856 24.6358 -5.18562
3.72 4.92 -5.65319 24.171 -5.65321
3.72 5.04 -6.01604 23.7841 -6.01607
3.72 5.16 -6.3034 23.4525 -6.30342
3.72 5.28 -6.5071 23.1833 -6.50712
3.72 5.4 -6.63212 22.9817 -6.63214
3.72 5.52 -6.73392 22.7982 -6.73394
3.72 5.64 6.08561 35.5505 6.08559
3.72 5.76 -22.5557 6.86816 -22.5557
3.72 5.88 -7.57415 21.7911 -7.57417
3.84 0 -14.1313 14.42 -14.1313
3.84 0.12 -10.0297 18.574 -10.0297
3.84 0.24 -10.257 18.5183 -10.257
3.84 0.36 -5.47151 23.5082 -5.47153
3.84 0.48 -5.7292 23.4648 -5.72922
3.84 0.6 -5.72219 23.6699 -5.72221
3.84 0.72 -5.72764 23.829 -5.72766
3.84 0.84 -5.67514 24.0081 -5.67516
3.84 0.96 -5.539 24.2323 -5.53902
3.84 1.08 -5.3119 24.5119 -5.31192
3.84 1.2 -4.98793 24.8546 -4.98795
3.84 1.32 -4.56674 25.2572 -4.56676
3.84 1.44 -4.07595 25.685 -4.07597
3.84 1.56 -3.54274 26.0961 -3.54276
3.84 1.68 -3.00421 26.4192 -3.00423
3.84 1.8 -2.51428 26.5304 -2.51425
3.84 1.92 -2.16606 26.1706 -2.16603
3.84 2.04 -2.19597 24.6913 -2.19594
3.84 2.16 -3.07503 20.5778 -3.075
3.84 2.28 -4.84852 11.5995 -4.84849
3.84 2.4 -3.5801 -0.189984 -3.58007
3.84 2.52 5.55899 -5.73972 5.55899
3.84 2.64 15.9369 -5.01696 15.9369
3.84 2.76 21.6904 -3.85547 21.6904
3.84 2.88 23.9401 -3.47299 23.9401
3.84 3 24.5118 -3.4012 24.5118
3.84 3.12 24.0367 -3.39002 24.0367
3.84 3.24 21.9251 -3.67356 21.9251
3.84 3.36 16.3651 -4.76117 16.3651
3.84 3.48 6.18944 -5.53965 6.18944
3.84 3.6 -3.14898 -0.43446 -3.14895
3.84 3.72 -4.80707 11.0199 -4.80704
3.84 3.84 -3.14748 20.0823 -3.14745
3.84 3.96 -2.24153 24.3728 -2.2415
3.84 4.08 -2.16865 25.9844 -2.16862
3.84 4.2 -2.48307 26.4325 -2.48309
3.84 4.32 -2.96235 26.37 -2.96237
3.84 4.44 -3.52079 26.0535 -3.52081
3.84 4.56 -4.09637 25.6194 -4.09639
3.84 4.68 -4.64927 25.1476 -4.64929
3.84 4.8 -5.17403 24.664 -5.17405
3.84 4.92 -5.63348 24.2134 -5.6335
3.84 5.04 -5.99321 23.8392 -5.99323
3.84 5.16 -6.28147 23.52 -6.28149
3.84 5.28 -6.48687 23.2661 -6.48689
3.84 5.4 -6.61386 23.0831 -6.61388
3.84 5.52 -6.71743 22.9198 -6.71745
3.84 5.64 6.09309 35.684 6.09307
3.84 5.76 -22.5413 7.01915 -22.5414
3.84 5.88 -7.58686 21.9308 -7.58688
3.96 0 -14.2091 14.8431 -14.2091
3.96 0.12 -10.1136 18.9673 -10.1136
3.96 0.24 -10.3407 18.8418 -10.3407
3.96 0.36 -5.56357 23.7413 -5.56359
3.96 0.48 -5.82119 23.6152 -5.82121
3.96 0.6 -5.8081 23.7545 -5.80812
3.96 0.72 -5.80393 23.8669 -5.80395
3.96 0.84 -5.74209 24.0149 -5.74211
3.96 0.96 -5.5977 24.2201 -5.59772
3.96 1.08 -5.36348 24.4888 -5.3635
3.96 1.2 -5.03406 24.8253 -5.03408
3.96 1.32 -4.60997 25.2234 -4.60999
3.96 1.44 -4.11732 25.6495 -4.11734
3.96 1.56 -3.58135 26.0627 -3.58137
3.96 1.68 -3.03844 26.3922 -3.03846
3.96 1.8 -2.54347 26.5136 -2.54344
3.96 1.92 -2.18952 26.1699 -2.18949
3.96 2.04 -2.20961 24.7233 -2.20958
3.96 2.16 -3.07058 20.68 -3.07055
3.96 2.28 -4.84848 11.7984 -4.84845
3.96 2.4 -3.70544 -0.0225962 -3.70541
3.96 2.52 5.32368 -5.73487 5.32368
3.96 2.64 15.768 -5.05801 15.768
3.96 2.76 21.6048 -3.87863 21.6048
3.96 2.88 23.8899 -3.48404 23.8899
3.96 3 24.4592 -3.41303 24.4592
3.96 3.12 23.943 -3.41617 23.943
3.96 3.24 21.7183 -3.73861 21.7183
3.96 3.36 15.9363 -4.87593 15.9363
3.96 3.48 5.59233 -5.53685 5.59233
3.96 3.6 -3.46245 -0.00707405 -3.46242
3.96 3.72 -4.77568 11.568 -4.77565
3.96 3.84 -3.08813 20.4032 -3.0881
3.96 3.96 -2.2257 24.5139 -2.22567
3.96 4.08 -2.17637 26.0411 -2.17633
3.96 4.2 -2.49979 26.4528 -2.49981
3.96 4.32 -2.98387 26.3726 -2.98389
3.96 4.44 -3.54646 26.0454 -3.54648
3.96 4.56 -4.12207 25.6073 -4.12209
3.96 4.68 -4.66645 25.1416 -4.66647
3.96 4.8 -5.17488 24.6734 -5.1749
3.96 4.92 -5.61525 24.2421 -5.61527
3.96 5.04 -5.95571 23.8876 -5.95573
3.96 5.16 -6.22184 23.5906 -6.22186
3.96 5.28 -6.40192 23.3628 -6.40194
3.96 5.4 -6.5056 23.2053 -6.50563
3.96 5.52 -6.59309 23.061 -6.59311
3.96 5.64 6.23141 35.8421 6.23139
3.96 5.76 -22.414 7.16785 -22.414
3.96 5.88 -7.40512 22.1353 -7.40514
4.08 0 -14.1762 15.0269 -14.1762
4.08 0.12 -10.092 19.1329 -10.0921
4.08 0.24 -10.3195 18.9861 -10.3195
4.08 0.36 -5.54534 23.8582 -5.54536
4.08 0.48 -5.80398 23.7057 -5.804
4.08 0.6 -5.79196 23.8213 -5.79198
4.08 0.72 -5.79039 23.913 -5.79041
4.08 0.84 -5.73351 24.0428 -5.73353
4.08 0.96 -5.59465 24.2334 -5.59467
4.08 1.08 -5.36467 24.4916 -5.36469
4.08 1.2 -5.03825 24.8206 -5.03827
4.08 1.32 -4.61699 25.2133 -4.61701
4.08 1.44 -4.12708 25.636 -4.1271
4.08 1.56 -3.59308 26.049 -3.5931
4.08 1.68 -3.05113 26.3819 -3.05115
4.08 1.8 -2.5564 26.5104 -2.55637
4.08 1.92 -2.20089 26.1814 -2.20085
4.08 2.04 -2.2134 24.7691 -2.21337
4.08 2.16 -3.05637 20.8024 -3.05634
4.08 2.28 -4.84067 12.0267 -4.84063
4.08 2.4 -3.83947 0.170097 -3.83944
4.08 2.52 5.06055 -5.72593 5.06055
4.08 2.64 15.5767 -5.10122 15.5767
4.08 2.76 21.509 -3.89889 21.509
4.08 2.88 23.8364 -3.48758 23.8364
4.08 3 24.406 -3.41433 24.406
4.08 3.12 23.8471 -3.43138 23.8471
4.08 3.24 21.4999 -3.79587 21.4999
4.08 3.36 15.4785 -4.98558 15.4785
4.08 3.48 4.96972 -5.50746 4.96972
4.08 3.6 -3.7635 0.476204 -3.76347
4.08 3.72 -4.72852 12.1529 -4.72849
4.08 3.84 -3.02523 20.7393 -3.0252
4.08 3.96 -2.21295 24.6603 -2.21292
4.08 4.08 -2.19151 26.0964 -2.19148
4.08 4.2 -2.52801 26.4653 -2.52803
4.08 4.32 -3.02055 26.3608 -3.02057
4.08 4.44 -3.58853 26.0181 -3.58855
4.08 4.56 -4.16126 25.5751 -4.16129
4.08 4.68 -4.69056 25.1179 -4.69058
4.08 4.8 -5.17418 24.6689 -5.1742
4.08 4.92 -5.58494 24.2613 -5.58496
4.08 5.04 -5.89099 23.9329 -5.89101
4.08 5.16 -6.11508 23.6669 -6.1151
4.08 5.28 -6.24983 23.472 -6.24985
4.08 5.4 -6.3136 23.3415 -6.31362
4.08 5.52 -6.37266 23.213 -6.37268
4.08 5.64 6.48238 36.0132 6.48236
4.08 5.76 -22.1917 7.30471 -22.1917
4.08 5.88 -7.0565 22.3879 -7.05652
4.2 0 -13.9909 15.1028 -13.9909
4.2 0.12 -9.9158 19.2036 -9.91582
4.2 0.24 -10.1508 19.0621 -10.1508
4.2 0.36 -5.38186 23.9445 -5.38188
4.2 0.48 -5.65109 23.7977 -5.65112
4.2 0.6 -5.65336 23.9142 -5.65338
4.2 0.72 -5.66803 24.0024 -5.66805
4.2 0.84 -5.62857 24.1247 -5.62859
4.2 0.96 -5.50741 24.3049 -5.50743
4.2 1.08 -5.29354 24.552 -5.29356
4.2 1.2 -4.98045 24.871 -4.98047
4.2 1.32 -4.56984 25.2556 -4.56986
4.2 1.44 -4.08905 25.6718 -4.08907
4.2 1.56 -3.56341 26.0801 -3.56343
4.2 1.68 -3.02919 26.4105 -3.02922
4.2 1.8 -2.54102 26.5406 -2.54099
4.2 1.92 -2.18846 26.2226 -2.18843
4.2 2.04 -2.19544 24.844 -2.19541
4.2 2.16 -3.02003 20.9577 -3.02
4.2 2.28 -4.81095 12.2944 -4.81092
4.2 2.4 -3.96239 0.399786 -3.96236
4.2 2.52 4.79304 -5.69682 4.79304
4.2 2.64 15.3854 -5.12982 15.3854
4.2 2.76 21.4252 -3.89947 21.4252
4.2 2.88 23.8027 -3.46638 23.8027
4.2 3 24.3758 -3.38827 24.3758
4.2 3.12 23.7716 -3.42017 23.7716
4.2 3.24 21.2909 -3.83199 21.2909
4.2 3.36 15.0121 -5.0785 15.0121
4.2 3.48 4.34276 -5.44305 4.34276
4.2 3.6 -4.04146 1.00953 -4.04143
4.2 3.72 -4.6691 12.7593 -4.66907
4.2 3.84 -2.96374 21.0794 -2.96371
4.2 3.96 -2.20427 24.8072 -2.20424
4.2 4.08 -2.20895 26.1529 -2.20892
4.2 4.2 -2.55424 26.4815 -2.55426
4.2 4.32 -3.04818 26.3572 -3.0482
4.2 4.44 -3.61086 26.0066 -3.61088
4.2 4.56 -4.16728 25.5684 -4.1673
4.2 4.68 -4.66832 25.129 -4.66834
4.2 4.8 -5.1162 24.7051 -5.11622
4.2 4.92 -5.48699 24.324 -5.48701
4.2 5.04 -5.74625 24.0238 -5.74627
4.2 5.16 -5.91614 23.788 -5.91616
4.2 5.28 -5.99819 23.6173 -5.99821
4.2 5.4 -6.01862 23.4983 -6.01864
4.2 5.52 -6.04703 23.3678 -6.04705
4.2 5.64 6.84867 36.1794 6.84865
4.2 5.76 -21.877 7.40412 -21.877
4.2 5.88 -6.554 22.6513 -6.55402
4.32 0 -13.7186 14.9724 -13.7186
4.32 0.12 -9.64466 19.0887 -9.64468
4.32 0.24 -9.89352 18.9871 -9.89354
4.32 0.36 -5.12865 23.9292 -5.12867
4.32 0.48 -5.41114 23.8346 -5.41116
4.32 0.6 -5.4347 23.9882 -5.43472
4.32 0.72 -5.47609 24.0973 -5.47611
4.32 0.84 -5.46625 24.2258 -5.46627
4.32 0.96 -5.37659 24.3999 -5.37661
4.32 1.08 -5.19381 24.6335 -5.19383
4.32 1.2 -4.9083 24.9369 -4.90832
4.32 1.32 -4.51964 25.3077 -4.51966
4.32 1.44 -4.05601 25.7127 -4.05603
4.32 1.56 -3.54411 26.1122 -3.54413
4.32 1.68 -3.02095 26.4369 -3.02097
4.32 1.8 -2.54027 26.5672 -2.54024
4.32 1.92 -2.18913 26.2612 -2.1891
4.32 2.04 -2.18688 24.92 -2.18685
4.32 2.16 -2.98783 21.1201 -2.9878
4.32 2.28 -4.77997 12.5767 -4.77994
4.32 2.4 -4.08515 0.646087 -4.08512
4.32 2.52 4.51593 -5.66285 4.51593
4.32 2.64 15.1848 -5.16148 15.1848
4.32 2.76 21.3382 -3.90317 21.3382
4.32 2.88 23.7693 -3.44776 23.7693
4.32 3 24.3461 -3.36535 24.3461
4.32 3.12 23.6931 -3.41435 23.6931
4.32 3.24 21.0694 -3.87762 21.0694
4.32 3.36 14.5212 -5.18107 14.5212
4.32 3.48 3.70336 -5.36715 3.70336
4.32 3.6 -4.30911 1.5615 -4.30908
4.32 3.72 -4.61536 13.3563 -4.61533
4.32 3.84 -2.91653 21.4035 -2.9165
4.32 3.96 -2.2072 24.9434 -2.20717
4.32 4.08 -2.23333 26.2048 -2.2333
4.32 4.2 -2.58161 26.4996 -2.58163
4.32 4.32 -3.0683 26.3643 -3.06832
4.32 4.44 -3.61338 26.0176 -3.6134
4.32 4.56 -4.1398 25.5971 -4.13982
4.32 4.68 -4.60102 25.1847 -4.60104
4.32 4.8 -5.00428 24.7895 -5.0043
4.32 4.92 -5.32591 24.4347 -5.32593
4.32 5.04 -5.52807 24.1588 -5.52809
4.32 5.16 -5.63712 23.9401 -5.63714
4.32 5.28 -5.66652 23.7674 -5.66654
4.32 5.4 -5.64594 23.6252 -5.64596
4.32 5.52 -5.64781 23.4541 -5.64783
4.32 5.64 7.28924 36.246 7.28922
4.32 5.76 -21.5114 7.36201 -21.5114
4.32 5.88 -5.95478 22.7975 -5.9548
4.44 0 -13.4978 14.2992 -13.4979
4.44 0.12 -9.40779 18.4742 -9.40781
4.44 0.24 -9.66283 18.4965 -9.66285
4.44 0.36 -4.88274 23.6068 -4.88276
4.44 0.48 -5.16197 23.6674 -5.16199
4.44 0.6 -5.19656 23.9392 -5.19658
4.44 0.72 -5.26486 24.1209 -5.26488
4.44 0.84 -5.29366 24.2821 -5.29368
4.44 0.96 -5.24949 24.4594 -5.24951
4.44 1.08 -5.11366 24.6782 -5.11368
4.44 1.2 -4.87122 24.9596 -4.87124
4.44 1.32 -4.51703 25.3095 -4.51705
4.44 1.44 -4.07835 25.6983 -4.07837
4.44 1.56 -3.58283 26.0877 -3.58285
4.44 1.68 -3.06873 26.4094 -3.06875
4.44 1.8 -2.58995 26.5455 -2.58992
4.44 1.92 -2.23257 26.2595 -2.23254
4.44 2.04 -2.21318 24.9642 -2.21314
4.44 2.16 -2.98364 21.2583 -2.98361
4.44 2.28 -4.77134 12.8411 -4.77131
4.44 2.4 -4.22862 0.877897 -4.22859
4.44 2.52 4.2091 -5.65087 4.2091
4.44 2.64 14.9488 -5.22389 14.9488
4.44 2.76 21.2157 -3.94063 21.2157
4.44 2.88 23.6996 -3.46484 23.6996
4.44 3 24.278 -3.38045 24.278
4.44 3.12 23.5725 -3.44914 23.5725
4.44 3.24 20.8004 -3.96588 20.8004
4.44 3.36 13.9818 -5.32071 13.9818
4.44 3.48 3.0417 -5.30262 3.0417
4.44 3.6 -4.57331 2.10614 -4.57328
4.44 3.72 -4.57186 13.9248 -4.57183
4.44 3.84 -2.88338 21.7025 -2.88335
4.44 3.96 -2.2232 25.0615 -2.22316
4.44 4.08 -2.27405 26.239 -2.27402
4.44 4.2 -2.63102 26.4963 -2.63104
4.44 4.32 -3.11442 26.3475 -3.11444
4.44 4.44 -3.64241 26.005 -3.64243
4.44 4.56 -4.13779 25.6033 -4.13781
4.44 4.68 -4.55832 25.2167 -4.55834
4.44 4.8 -4.9142 24.8463 -4.91422
4.44 4.92 -5.17899 24.5127 -5.17901
4.44 5.04 -5.31442 24.2501 -5.31444
4.44 5.16 -5.3586 24.0215 -5.35862
4.44 5.28 -5.3384 23.7983 -5.33842
4.44 5.4 -5.28227 23.5679 -5.28229
4.44 5.52 -5.2694 23.2773 -5.26942
4.44 5.64 7.7029 35.9795 7.70288
4.44 5.76 -21.2001 6.92 -21.2001
4.44 5.88 -5.37054 22.5451 -5.37056
4.56 0 -13.5327 12.3684 -13.5327
4.56 0.12 -9.38979 16.7019 -9.38981
4.56 0.24 -9.60871 17.0653 -9.60873
4.56 0.36 -4.7499 22.6074 -4.74992
4.56 0.48 -4.96816 23.066 -4.96818
4.56 0.6 -4.97034 23.6406 -4.97036
4.56 0.72 -5.04114 24.0137 -5.04116
4.56 0.84 -5.10094 24.2732 -5.10096
4.56 0.96 -5.10471 24.4847 -5.10473
4.56 1.08 -5.02232 24.7006 -5.02234
4.56 1.2 -4.83089 24.9615 -4.83091
4.56 1.32 -4.51879 25.2878 -4.51881
4.56 1.44 -4.1105 25.6579 -4.11052
4.56 1.56 -3.63358 26.0371 -3.6336
4.56 1.68 -3.12764 26.3584 -3.12766
4.56 1.8 -2.64784 26.5054 -2.64781
4.56 1.92 -2.28102 26.2445 -2.28099
4.56 2.04 -2.24304 24.9981 -2.243
4.56 2.16 -2.98446 21.3854 -2.98443
4.56 2.28 -4.77067 13.0909 -4.77064
4.56 2.4 -4.38234 1.09496 -4.38231
4.56 2.52 3.88417 -5.65469 3.88417
4.56 2.64 14.6906 -5.30266 14.6906
4.56 2.76 21.0743 -3.98996 21.0743
4.56 2.88 23.6143 -3.4898 23.6143
4.56 3 24.1942 -3.40295 24.1942
4.56 3.12 23.4326 -3.49465 23.4326
4.56 3.24 20.5064 -4.06972 20.5064
4.56 3.36 13.4201 -5.47341 13.4201
4.56 3.48 2.38847 -5.23238 2.38847
4.56 3.6 -4.80912 2.65007 -4.80909
4.56 3.72 -4.51622 14.4751 -4.51619
4.56 3.84 -2.84191 21.992 -2.84188
4.56 3.96 -2.2332 25.1758 -2.23317
4.56 4.08 -2.31673 26.264 -2.3167
4.56 4.2 -2.69229 26.4741 -2.69231
4.56 4.32 -3.18025 26.3026 -3.18027
4.56 4.44 -3.6968 25.9572 -3.69683
4.56 4.56 -4.16683 25.5664 -4.16685
4.56 4.68 -4.55209 25.1952 -4.55211
4.56 4.8 -4.86188 24.8384 -4.8619
4.56 4.92 -5.06606 24.5117 -5.06608
4.56 5.04 -5.13379 24.2327 -5.13381
4.56 5.16 -5.12373 23.9311 -5.12375
4.56 5.28 -5.07612 23.5519 -5.07614
4.56 5.4 -5.01656 23.0829 -5.01658
4.56 5.52 -5.03581 22.4825 -5.03583
4.56 5.64 7.93488 34.9147 7.93486
4.56 5.76 -21.1164 5.54103 -21.1164
4.56 5.88 -4.99192 21.3098 -4.99194
4.68 0 -14.0564 7.80547 -14.0564
4.68 0.12 -9.82092 12.4875 -9.82094
4.68 0.24 -9.96648 13.6301 -9.9665
4.68 0.36 -4.9236 20.1733 -4.92362
4.68 0.48 -4.95346 21.5756 -4.95348
4.68 0.6 -4.81581 22.8627 -4.81583
4.68 0.72 -4.81935 23.6841 -4.81937
4.68 0.84 -4.8712 24.1851 -4.87122
4.68 0.96 -4.9027 24.5054 -4.90272
4.68 1.08 -4.8625 24.7568 -4.86252
4.68 1.2 -4.71588 25.0167 -4.7159
4.68 1.32 -4.44396 25.3277 -4.44399
4.68 1.44 -4.0678 25.6808 -4.06782
4.68 1.56 -3.61382 26.0478 -3.61384
4.68 1.68 -3.12208 26.3649 -3.1221
4.68 1.8 -2.64804 26.5179 -2.648
4.68 1.92 -2.27885 26.2764 -2.27882
4.68 2.04 -2.22965 25.0718 -2.22961
4.68 2.16 -2.94951 21.5427 -2.94948
4.68 2.28 -4.73934 13.361 -4.73931
4.68 2.4 -4.50395 1.33211 -4.50392
4.68 2.52 3.58992 -5.63256 3.58992
4.68 2.64 14.4621 -5.35082 14.4621
4.68 2.76 20.9687 -4.00122 20.9687
4.68 2.88 23.5712 -3.47016 23.5712
4.68 3 24.1553 -3.37821 24.1553
4.68 3.12 23.3354 -3.4947 23.3354
4.68 3.24 20.2507 -4.13246 20.2507
4.68 3.36 12.9011 -5.58454 12.9011
4.68 3.48 1.80261 -5.11355 1.80261
4.68 3.6 -4.97906 3.21719 -4.97903
4.68 3.72 -4.42579 15.0256 -4.42576
4.68 3.84 -2.77382 22.2914 -2.77379
4.68 3.96 -2.21537 25.3104 -2.21534
4.68 4.08 -2.32796 26.3151 -2.32793
4.68 4.2 -2.71488 26.4835 -2.7149
4.68 4.32 -3.19762 26.2962 -3.19764
4.68 4.44 -3.69473 25.9524 -3.69475
4.68 4.56 -4.13647 25.5706 -4.13649
4.68 4.68 -4.48723 25.2058 -4.48725
4.68 4.8 -4.75252 24.8461 -4.75254
4.68 4.92 -4.90272 24.493 -4.90274
4.68 5.04 -4.92619 24.1232 -4.92621
4.68 5.16 -4.90977 23.6045 -4.90979
4.68 5.28 -4.90771 22.829 -4.90773
4.68 5.4 -4.94547 21.7651 -4.94549
4.68 5.52 -5.1165 20.4053 -5.11652
4.68 5.64 7.77354 32.1497 7.77352
4.68 5.76 -21.4939 2.16815 -21.494
4.68 5.88 -5.04849 17.9942 -5.04851
4.8 0 -14.2326 -0.482339 -14.2326
4.8 0.12 -10.0643 4.64717 -10.0644
4.8 0.24 -10.565 6.83904 -10.5651
4.8 0.36 -5.56186 15.0651 -5.56188
4.8 0.48 -5.36555 18.3152 -5.36557
4.8 0.6 -4.92839 21.0995 -4.92841
4.8 0.72 -4.72806 22.874 -4.72808
4.8 0.84 -4.69124 23.8871 -4.69126
4.8 0.96 -4.70892 24.449 -4.70894
4.8 1.08 -4.68909 24.8008 -4.68911
4.8 1.2 -4.57492 25.0923 -4.57494
4.8 1.32 -4.33702 25.4041 -4.33704
4.8 1.44 -3.99212 25.7457 -3.99215
4.8 1.56 -3.56472 26.099 -3.56474
4.8 1.68 -3.09387 26.4058 -3.09389
4.8 1.8 -2.63302 26.5569 -2.63299
4.8 1.92 -2.26742 26.3276 -2.26739
4.8 2.04 -2.21008 25.1589 -2.21004
4.8 2.16 -2.9082 21.7082 -2.90817
4.8 2.28 -4.69655 13.6349 -4.69652
4.8 2.4 -4.60168 1.57712 -4.60165
4.8 2.52 3.32279 -5.59663 3.32279
4.8 2.64 14.2514 -5.39051 14.2514
4.8 2.76 20.8737 -4.01102 20.8737
4.8 2.88 23.5354 -3.45373 23.5354
4.8 3 24.1233 -3.3576 24.1233
4.8 3.12 23.2485 -3.49555 23.2485
4.8 3.24 20.0128 -4.18895 20.0128
4.8 3.36 12.4175 -5.677 12.4175
4.8 3.48 1.27801 -4.96884 1.27801
4.8 3.6 -5.10676 3.77489 -5.10672
4.8 3.72 -4.33478 15.5422 -4.33475
4.8 3.84 -2.71497 22.5689 -2.71494
4.8 3.96 -2.20139 25.4397 -2.20135
4.8 4.08 -2.33086 26.3775 -2.33083
4.8 4.2 -2.71191 26.5233 -2.71193
4.8 4.32 -3.17154 26.3388 -3.17156
4.8 4.44 -3.63556 26.0098 -3.63558
4.8 4.56 -4.0411 25.641 -4.04112
4.8 4.68 -4.3534 25.2768 -4.35342
4.8 4.8 -4.57623 24.892 -4.57625
4.8 4.92 -4.69195 24.4509 -4.69197
4.8 5.04 -4.72295 23.8493 -4.72297
4.8 5.16 -4.79251 22.8382 -4.79253
4.8 5.28 -4.97192 21.1901 -4.97194
4.8 5.4 -5.26348 18.8278 -5.2635
4.8 5.52 -5.67142 15.9057 -5.67144
4.8 5.64 7.242 26.3479 7.24198
4.8 5.76 -22.1324 -4.60423 -22.1325
4.8 5.88 -5.16392 11.3821 -5.16394
4.92 0 -9.84234 -8.98434 -9.84236
4.92 0.12 -6.37348 -3.98609 -6.3735
4.92 0.24 -8.8747 -2.10276 -8.87472
4.92 0.36 -5.6131 6.98682 -5.61312
4.92 0.48 -6.12554 12.4012 -6.12556
4.92 0.6 -5.5132 17.6339 -5.51322
4.92 0.72 -4.95086 21.1771 -4.95088
4.92 0.84 -4.68937 23.1632 -4.68939
4.92 0.96 -4.62628 24.1774 -4.6263
4.92 1.08 -4.60232 24.7157 -4.60234
4.92 1.2 -4.51444 25.0724 -4.51446
4.92 1.32 -4.31014 25.398 -4.31016
4.92 1.44 -3.99656 25.7338 -3.99658
4.92 1.56 -3.59444 26.0765 -3.59446
4.92 1.68 -3.14204 26.375 -3.14206
4.92 1.8 -2.69093 26.5263 -2.6909
4.92 1.92 -2.32452 26.3119 -2.32449
4.92 2.04 -2.2538 25.182 -2.25377
4.92 2.16 -2.92407 21.8113 -2.92404
4.92 2.28 -4.70101 13.8477 -4.70098
4.92 2.4 -4.72704 1.77257 -4.72701
4.92 2.52 3.03831 -5.59546 3.03831
4.92 2.64 14.0104 -5.46928 14.0104
4.92 2.76 20.7301 -4.07329 20.7301
4.92 2.88 23.4369 -3.50193 23.4369
4.92 3 24.0242 -3.40623 24.0242
4.92 3.12 23.1013 -3.56059 23.1013
4.92 3.24 19.7322 -4.29701 19.7322
4.92 3.36 11.9207 -5.80428 11.9207
4.92 3.48 0.767069 -4.85748 0.767069
4.92 3.6 -5.24787 4.25692 -5.24784
4.92 3.72 -4.29526 15.9647 -4.29523
4.92 3.84 -2.7133 22.768 -2.71327
4.92 3.96 -2.24258 25.5039 -2.24255
4.92 4.08 -2.38852 26.3813 -2.38849
4.92 4.2 -2.76556 26.5073 -2.76558
4.92 4.32 -3.20691 26.3247 -3.20693
4.92 4.44 -3.6447 26.0051 -3.64472
4.92 4.56 -4.01958 25.6412 -4.0196
4.92 4.68 -4.29657 25.264 -4.29659
4.92 4.8 -4.48599 24.8189 -4.48601
4.92 4.92 -4.60025 24.1941 -4.60027
4.92 5.04 -4.71557 23.1358 -4.71559
4.92 5.16 -5.0032 21.1738 -5.00322
4.92 5.28 -5.50816 17.8757 -5.50818
4.92 5.4 -5.97747 13.2884 -5.97749
4.92 5.52 -5.95909 8.29035 -5.95911
4.92 5.64 8.20395 17.7115 8.20393
4.92 5.76 -20.3369 -13.7671 -20.3369
4.92 5.88 -2.32571 3.08882 -2.32573
5.04 0 1.13704 -11.2311 1.13702
5.04 0.12 3.83188 -7.01027 3.83186
5.04 0.24 -1.17925 -7.34585 -1.17927
5.04 0.36 -1.83116 -0.505695 -1.83118
5.04 0.48 -5.75161 4.72133 -5.75163
5.04 0.6 -6.28785 12.205 -6.28787
5.04 0.72 -5.4982 18.3138 -5.49822
5.04 0.84 -4.85404 21.9196 -4.85406
5.04 0.96 -4.59804 23.7047 -4.59806
5.04 1.08 -4.52428 24.5551 -4.5243
5.04 1.2 -4.45162 25.0184 -4.45164
5.04 1.32 -4.28141 25.3694 -4.28143
5.04 1.44 -3.99961 25.704 -3.99963
5.04 1.56 -3.61906 26.0421 -3.61908
5.04 1.68 -3.17864 26.3395 -3.17866
5.04 1.8 -2.73154 26.4969 -2.73151
5.04 1.92 -2.36207 26.2995 -2.36204
5.04 2.04 -2.28045 25.2056 -2.28042
5.04 2.16 -2.92907 21.9062 -2.92904
5.04 2.28 -4.69974 14.0411 -4.69971
5.04 2.4 -4.83878 1.95269 -4.83875
5.04 2.52 2.77831 -5.58874 2.77831
5.04 2.64 13.7934 -5.52883 13.7934
5.04 2.76 20.6093 -4.10857 20.6093
5.04 2.88 23.3607 -3.51895 23.3607
5.04 3 23.947 -3.42286 23.947
5.04 3.12 22.9766 -3.59618 22.9766
5.04 3.24 19.4793 -4.37983 19.4793
5.04 3.36 11.4673 -5.91011 11.4673
5.04 3.48 0.31473 -4.74243 0.31473
5.04 3.6 -5.35794 4.69777 -5.35791
5.04 3.72 -4.24773 16.3419 -4.2477
5.04 3.84 -2.6977 22.9475 -2.69767
5.04 3.96 -2.26403 25.5641 -2.264
5.04 4.08 -2.42859 26.3831 -2.42856
5.04 4.2 -2.81196 26.4805 -2.81198
5.04 4.32 -3.25106 26.2836 -3.25108
5.04 4.44 -3.67981 25.9544 -3.67983
5.04 4.56 -4.03761 25.5763 -4.03763
5.04 4.68 -4.29085 25.1616 -4.29087
5.04 4.8 -4.46925 24.6011 -4.46927
5.04 4.92 -4.63836 23.6494 -4.63838
5.04 5.04 -4.95442 21.796 -4.95444
5.04 5.16 -5.61075 18.2222 -5.61078
5.04 5.28 -6.31586 12.4471 -6.31588
5.04 5.4 -5.78546 5.61036 -5.78548
5.04 5.52 -2.89048 0.299505 -2.8905
5.04 5.64 14.8512 11.3159 14.8511
5.04 5.76 -11.8313 -19.0799 -11.8313
5.04 5.88 7.2079 -0.84038 7.20788
5.16 0 11.8014 -9.21153 11.8014
5.16 0.12 14.556 -5.38422 14.556
5.16 0.24 9.47491 -6.98611 9.47489
5.16 0.36 6.62858 -3.11257 6.62856
5.16 0.48 -2.03138 -1.34714 -2.0314
5.16 0.6 -6.2379 5.80481 -6.23792
5.16 0.72 -6.20327 14.3043 -6.20329
5.16 0.84 -5.18576 20.1039 -5.18578
5.16 0.96 -4.60982 23.0472 -4.60984
5.16 1.08 -4.41003 24.3817 -4.41005
5.16 1.2 -4.31894 25.0176 -4.31896
5.16 1.32 -4.17045 25.417 -4.17047
5.16 1.44 -3.91699 25.7578 -3.91701
5.16 1.56 -3.55744 26.0937 -3.55746
5.16 1.68 -3.13015 26.3901 -3.13017
5.16 1.8 -2.69082 26.55 -2.69079
5.16 1.92 -2.32506 26.362 -2.32503
5.16 2.04 -2.24147 25.292 -2.24144
5.16 2.16 -2.87768 22.0484 -2.87765
5.16 2.28 -4.6477 14.2656 -4.64767
5.16 2.4 -4.8921 2.16172 -4.89207
5.16 2.52 2.58308 -5.54229 2.58308
5.16 2.64 13.6356 -5.54516 13.6356
5.16 2.76 20.5487 -4.0953 20.5487
5.16 2.88 23.3526 -3.47818 23.3526
5.16 3 23.9437 -3.37618 23.9437
5.16 3.12 22.9259 -3.57042 22.9259
5.16 3.24 19.3019 -4.40585 19.3019
5.16 3.36 11.1045 -5.96073 11.1045
5.16 3.48 -0.0360979 -4.58979 -0.0360979
5.16 3.6 -5.40118 5.13376 -5.40115
5.16 3.72 -4.15806 16.716 -4.15803
5.16 3.84 -2.63278 23.155 -2.63275
5.16 3.96 -2.22233 25.6782 -2.2223
5.16 4.08 -2.39132 26.4575 -2.39129
5.16 4.2 -2.76901 26.5388 -2.76903
5.16 4.32 -3.1956 26.3358 -3.19562
5.16 4.44 -3.60741 26.0006 -3.60743
5.16 4.56 -3.94399 25.6058 -3.94401
5.16 4.68 -4.17928 25.1339 -4.1793
5.16 4.8 -4.37706 24.3895 -4.37708
5.16 4.92 -4.68044 22.9225 -4.68046
5.16 5.04 -5.33639 19.844 -5.33641
5.16 5.16 -6.36188 14.0156 -6.3619
5.16 5.28 -6.28586 5.83172 -6.28588
5.16 5.4 -2.19476 -0.881674 -2.19478
5.16 5.52 5.44319 -3.10192 5.44317
5.16 5.64 25.9185 10.9198 25.9184
5.16 5.76 -0.328104 -18.3791 -0.328124
5.16 5.88 18.9708 0.580098 18.9707
5.28 0 17.6391 -7.73151 17.639
5.28 0.12 20.9233 -3.78247 20.9233
5.28 0.24 17.2192 -5.25916 17.2191
5.28 0.36 15.3253 -2.25369 15.3253
5.28 0.48 4.55008 -3.70402 4.55006
5.28 0.6 -4.36917 0.36197 -4.36919
5.28 0.72 -6.75644 9.61144 -6.75646
5.28 0.84 -5.76079 17.6628 -5.76081
5.28 0.96 -4.8226 22.0602 -4.82262
5.28 1.08 -4.43597 24.0359 -4.43599
5.28 1.2 -4.2921 24.9105 -4.29212
5.28 1.32 -4.14772 25.3853 -4.14774
5.28 1.44 -3.91544 25.7416 -3.91546
5.28 1.56 -3.57636 26.0762 -3.57638
5.28 1.68 -3.16426 26.369 -3.16428
5.28 1.8 -2.73334 26.5294 -2.73331
5.28 1.92 -2.3687 26.3505 -2.36867
5.28 2.04 -2.27753 25.3056 -2.2775
5.28 2.16 -2.89423 22.1177 -2.8942
5.28 2.28 -4.65285 14.4157 -4.65282
5.28 2.4 -4.9797 2.30764 -4.97967
5.28 2.52 2.36469 -5.54499 2.36469
5.28 2.64 13.4318 -5.6235 13.4318
5.28 2.76 20.4161 -4.1655 20.4161
5.28 2.88 23.26 -3.53323 23.26
5.28 3 23.8555 -3.42693 23.8555
5.28 3.12 22.8008 -3.63389 22.8008
5.28 3.24 19.0753 -4.50247 19.0753
5.28 3.36 10.7322 -6.06014 10.7322
5.28 3.48 -0.378581 -4.49581 -0.378581
5.28 3.6 -5.47794 5.46632 -5.47791
5.28 3.72 -4.13355 16.9836 -4.13352
5.28 3.84 -2.63741 23.2761 -2.63738
5.28 3.96 -2.25168 25.7183 -2.25165
5.28 4.08 -2.4264 26.4649 -2.42637
5.28 4.2 -2.79629 26.5373 -2.79631
5.28 4.32 -3.2027 26.3387 -3.20272
5.28 4.44 -3.58924 26.0069 -3.58926
5.28 4.56 -3.9019 25.5964 -3.90192
5.28 4.68 -4.12936 25.0471 -4.12938
5.28 4.8 -4.38122 24.0477 -4.38124
5.28 4.92 -4.89114 21.8789 -4.89116
5.28 5.04 -5.94055 17.2201 -5.94057
5.28 5.16 -6.88673 9.04376 -6.88675
5.28 5.28 -4.20342 0.148467 -4.20344
5.28 5.4 4.77282 -3.46595 4.7728
5.28 5.52 14.8373 -2.36632 14.8373
5.28 5.64 34.684 12.728 34.684
5.28 5.76 7.40242 -16.5469 7.4024
5.28 5.88 26.5354 2.46625 26.5353
5.4 0 20.0332 -7.36005 20.0332
5.4 0.12 23.7757 -3.19564 23.7757
5.4 0.24 21.274 -4.26385 21.274
5.4 0.36 21.2228 -0.912897 21.2228
5.4 0.48 11.1836 -3.52391 11.1836
5.4 0.6 -0.79952 -2.80342 -0.79954
5.4 0.72 -6.65555 5.25745 -6.65557
5.4 0.84 -6.32973 14.9832 -6.32975
5.4 0.96 -5.08994 20.9192 -5.08996
5.4 1.08 -4.48932 23.6237 -4.48934
5.4 1.2 -4.27487 24.7728 -4.27489
5.4 1.32 -4.12336 25.3381 -4.12338
5.4 1.44 -3.90402 25.7182 -3.90404
5.4 1.56 -3.58064 26.0553 -3.58066
5.4 1.68 -3.17981 26.3474 -3.17983
5.4 1.8 -2.752 26.5126 -2.75197
5.4 1.92 -2.3837 26.3468 -2.38366
5.4 2.04 -2.2846 25.326 -2.28457
5.4 2.16 -2.88823 22.1834 -2.8882
5.4 2.28 -4.64329 14.5476 -4.64326
5.4 2.4 -5.04303 2.44135 -5.043
5.4 2.52 2.19215 -5.52542 2.19215
5.4 2.64 13.2776 -5.6565 13.2776
5.4 2.76 20.3264 -4.18452 20.3264
5.4 2.88 23.2028 -3.53935 23.2028
5.4 3 23.7994 -3.43208 23.7994
5.4 3.12 22.712 -3.65236 22.712
5.4 3.24 18.8989 -4.55284 18.8989
5.4 3.36 10.4317 -6.11839 10.4317
5.4 3.48 -0.647703 -4.39603 -0.647703
5.4 3.6 -5.51865 5.75727 -5.51862
5.4 3.72 -4.08695 17.2179 -4.08692
5.4 3.84 -2.61565 23.388 -2.61562
5.4 3.96 -2.25963 25.7536 -2.2596
5.4 4.08 -2.45595 26.4555 -2.45592
5.4 4.2 -2.83729 26.5017 -2.83731
5.4 4.32 -3.24139 26.2916 -3.24141
5.4 4.44 -3.61979 25.9478 -3.61981
5.4 4.56 -3.92745 25.5027 -3.92748
5.4 4.68 -4.17081 24.8467 -4.17083
5.4 4.8 -4.51347 23.5314 -4.51349
5.4 4.92 -5.27746 20.533 -5.27748
5.4 5.04 -6.63861 14.1842 -6.63863
5.4 5.16 -6.70394 4.33967 -6.70396
5.4 5.28 -0.190224 -3.10148 -0.190244
5.4 5.4 11.9609 -3.23282 11.9608
5.4 5.52 21.2906 -0.949294 21.2906
5.4 5.64 39.248 13.7806 39.248
5.4 5.76 10.9413 -15.7842 10.9413
5.4 5.88 29.8158 3.0437 29.8158
5.52 0 20.8516 -7.50579 20.8516
5.52 0.12 24.8375 -3.22775 24.8374
5.52 0.24 23.0835 -3.97973 23.0835
5.52 0.36 24.4721 -0.114662 24.472
5.52 0.48 16.0487 -2.67846 16.0486
5.52 0.6 3.17192 -4.00569 3.1719
5.52 0.72 -5.87356 1.97801 -5.87358
5.52 0.84 -6.75154 12.5 -6.75156
5.52 0.96 -5.34016 19.8177 -5.34018
5.52 1.08 -4.51733 23.2595 -4.51735
5.52 1.2 -4.21558 24.6963 -4.2156
5.52 1.32 -4.04601 25.3596 -4.04603
5.52 1.44 -3.8334 25.7673 -3.83342
5.52 1.56 -3.52377 26.1071 -3.52379
5.52 1.68 -3.1345 26.3967 -3.13452
5.52 1.8 -2.71378 26.5618 -2.71375
5.52 1.92 -2.34967 26.3992 -2.34964
5.52 2.04 -2.25289 25.3877 -2.25286
5.52 2.16 -2.85017 22.2744 -2.85014
5.52 2.28 -4.6022 14.6892 -4.60217
5.52 2.4 -5.06363 2.58394 -5.0636
5.52 2.52 2.07029 -5.48475 2.07029
5.52 2.64 13.1671 -5.66639 13.1671
5.52 2.76 20.2797 -4.17786 20.2797
5.52 2.88 23.1948 -3.51344 23.1948
5.52 3 23.7955 -3.40266 23.7955
5.52 3.12 22.6744 -3.63904 22.6744
5.52 3.24 18.7788 -4.57314 18.7788
5.52 3.36 10.2091 -6.14297 10.2091
5.52 3.48 -0.829918 -4.28053 -0.829918
5.52 3.6 -5.51354 6.02466 -5.51351
5.52 3.72 -4.02308 17.4319 -4.02305
5.52 3.84 -2.57449 23.5058 -2.57446
5.52 3.96 -2.2314 25.8224 -2.23137
5.52 4.08 -2.42647 26.5055 -2.42644
5.52 4.2 -2.79704 26.5481 -2.79706
5.52 4.32 -3.18286 26.3428 -3.18288
5.52 4.44 -3.54086 25.9998 -3.54088
5.52 4.56 -3.83727 25.5274 -3.83729
5.52 4.68 -4.09826 24.764 -4.09828
5.52 4.8 -4.54292 23.1193 -4.54294
5.52 4.92 -5.56694 19.273 -5.56696
5.52 5.04 -7.07691 11.408 -7.07693
5.52 5.16 -5.63096 0.902631 -5.63098
5.52 5.28 4.34278 -4.13728 4.34276
5.52 5.4 17.2191 -2.24739 17.2191
5.52 5.52 24.7767 -0.110728 24.7767
5.52 5.64 41.2073 14.049 41.2073
5.52 5.76 12.3273 -15.681 12.3272
5.52 5.88 30.9406 2.90408 30.9406
5.64 0 20.6567 -8.14801 20.6567
5.64 0.12 25.122 -3.45732 25.122
5.64 0.24 23.6998 -4.09813 23.6998
5.64 0.36 25.9448 0.112717 25.9448
5.64 0.48 18.8634 -2.11322 18.8634
5.64 0.6 6.26301 -4.2956 6.26299
5.64 0.72 -4.88361 -0.140335 -4.88363
5.64 0.84 -7.06462 10.4687 -7.06464
5.64 0.96 -5.64583 18.7811 -5.64585
5.64 1.08 -4.65388 22.8313 -4.6539
5.64 1.2 -4.27738 24.5149 -4.2774
5.64 1.32 -4.09084 25.2631 -4.09086
5.64 1.44 -3.88332 25.6941 -3.88334
5.64 1.56 -3.58378 26.0364 -3.5838
5.64 1.68 -3.20212 26.3246 -3.20214
5.64 1.8 -2.78545 26.4895 -2.78542
5.64 1.92 -2.41919 26.3327 -2.41916
5.64 2.04 -2.31817 25.3316 -2.31814
5.64 2.16 -2.90069 22.2482 -2.90066
5.64 2.28 -4.6347 14.7182 -4.63467
5.64 2.4 -5.12532 2.64247 -5.12529
5.64 2.52 1.92144 -5.49575 1.92144
5.64 2.64 13.0016 -5.7334 13.0016
5.64 2.76 20.1414 -4.25395 20.1414
5.64 2.88 23.0735 -3.5892 23.0735
5.64 3 23.6757 -3.47813 23.6757
5.64 3.12 22.5365 -3.71812 22.5365
5.64 3.24 18.5952 -4.65923 18.5952
5.64 3.36 9.97217 -6.21219 9.97217
5.64 3.48 -1.01491 -4.23886 -1.01491
5.64 3.6 -5.56937 6.15062 -5.56934
5.64 3.72 -4.05557 17.4927 -4.05553
5.64 3.84 -2.62766 23.4929 -2.62763
5.64 3.96 -2.29341 25.7774 -2.29338
5.64 4.08 -2.48758 26.4511 -2.48755
5.64 4.2 -2.85239 26.4935 -2.85241
5.64 4.32 -3.23488 26.286 -3.2349
5.64 4.44 -3.58949 25.9349 -3.58951
5.64 4.56 -3.88842 25.4303 -3.88844
5.64 4.68 -4.17427 24.5662 -4.17429
5.64 4.8 -4.70753 22.6349 -4.70755
5.64 4.92 -5.92268 18.0864 -5.9227
5.64 5.04 -7.37301 9.15082 -7.37303
5.64 5.16 -4.30593 -1.22746 -4.30595
5.64 5.28 7.84614 -4.23524 7.84612
5.64 5.4 20.1864 -1.63432 20.1864
5.64 5.52 26.3185 0.111423 26.3185
5.64 5.64 41.8872 13.9313 41.8872
5.64 5.76 12.7679 -15.836 12.7679
5.64 5.88 31.0967 2.46842 31.0967
5.76 0 64.393 35.3889 64.393
5.76 0.12 64.4052 35.6052 64.4052
5.76 0.24 62.5977 34.4853 62.5977
5.76 0.36 64.9103 38.5363 64.9102
5.76 0.48 58.4778 36.458 58.4778
5.76 0.6 46.3839 34.072 46.3839
5.76 0.72 34.3353 37.2353 34.3353
5.76 0.84 31.4514 47.8704 31.4514
5.76 0.96 32.9168 56.8477 32.9167
5.76 1.08 34.0429 61.3249 34.0429
5.76 1.2 34.4834 63.19 34.4834
5.76 1.32 34.6936 64.0095 34.6935
5.76 1.44 34.8933 64.4529 34.8933
5.76 1.56 35.1647 64.776 35.1647
5.76 1.68 35.4997 65.0214 35.4997
5.76 1.8 35.8549 65.1261 35.855
5.76 1.92 36.1567 64.9055 36.1567
5.76 2.04 36.1899 63.8348 36.1899
5.76 2.16 35.5551 60.7017 35.5551
5.76 2.28 33.8138 53.1846 33.8139
5.76 2.4 33.317 41.1577 33.317
5.76 2.52 40.356 33.0508 40.356
5.76 2.64 51.4917 32.8466 51.4917
5.76 2.76 58.6742 34.3395 58.6742
5.76 2.88 61.6269 35.011 61.6269
5.76 3 62.2313 35.123 62.2313
5.76 3.12 61.0421 34.8448 61.0421
5.76 3.24 57.0116 33.8444 57.0116
5.76 3.36 48.3144 32.264 48.3144
5.76 3.48 37.3779 34.3059 37.3779
5.76 3.6 32.9721 44.7889 32.9721
5.76 3.72 34.518 56.1036 34.518
5.76 3.84 35.8967 62.0276 35.8967
5.76 3.96 36.2346 64.3074 36.2346
5.76 4.08 36.0817 65.0183 36.0817
5.76 4.2 35.7676 65.1074 35.7676
5.76 4.32 35.433 64.9417 35.433
5.76 4.44 35.1134 64.6139 35.1134
5.76 4.56 34.8275 64.0975 34.8275
5.76 4.68 34.5242 63.1591 34.5242
5.76 4.8 33.9015 60.9996 33.9015
5.76 4.92 32.494 55.9154 32.494
5.76 5.04 31.0514 46.2854 31.0514
5.76 5.16 35.1249 36.1655 35.1249
5.76 5.28 48.2454 34.3275 48.2454
5.76 5.4 59.9166 37.0291 59.9165
5.76 5.52 65.1312 38.3661 65.1312
5.76 5.64 79.7671 51.4792 79.7671
5.76 5.76 48.5898 19.7409 48.5898
5.76 5.88 79.162 50.3008 79.162
5.88 0 -41.4579 -70.5159 -41.4579
5.88 0.12 -38.1586 -67.0258 -38.1586
5.88 0.24 -37.2591 -65.4657 -37.2592
5.88 0.36 -33.8788 -60.4417 -33.8788
5.88 0.48 -39.6804 -62.1896 -39.6805
5.88 0.6 -51.2617 -64.7855 -51.2617
5.88 0.72 -63.8222 -62.8206 -63.8223
5.88 0.84 -68.0972 -53.2595 -68.0972
5.88 0.96 -67.1055 -44.059 -67.1055
5.88 1.08 -65.9586 -39.1018 -65.9586
5.88 1.2 -65.4725 -36.9677 -65.4725
5.88 1.32 -65.2552 -36.0413 -65.2552
5.88 1.44 -65.0271 -35.5274 -65.0271
5.88 1.56 -64.6974 -35.1337 -64.6974
5.88 1.68 -64.2657 -34.7972 -64.2657
5.88 1.8 -63.785 -34.5904 -63.7849
5.88 1.92 -63.3597 -34.7349 -63.3597
5.88 2.04 -63.2033 -35.7692 -63.2032
5.88 2.16 -63.7537 -38.9609 -63.7537
5.88 2.28 -65.3951 -46.5072 -65.3951
5.88 2.4 -65.7481 -58.1702 -65.7481
5.88 2.52 -59.1436 -66.1028 -59.1436
5.88 2.64 -48.5914 -66.6681 -48.5914
5.88 2.76 -41.4141 -65.3004 -41.4141
5.88 2.88 -38.3304 -64.6221 -38.3304
5.88 3 -37.6855 -64.5011 -37.6855
5.88 3.12 -38.9177 -64.7488 -38.9177
5.88 3.24 -43.0563 -65.6777 -43.0563
5.88 3.36 -51.674 -67.0083 -51.674
5.88 3.48 -62.0838 -64.6899 -62.0838
5.88 3.6 -66.3047 -54.6458 -66.3047
5.88 3.72 -64.9219 -43.7019 -64.9218
5.88 3.84 -63.5131 -37.6567 -63.5131
5.88 3.96 -63.1898 -35.2864 -63.1898
5.88 4.08 -63.4255 -34.5918 -63.4255
5.88 4.2 -63.8441 -34.5714 -63.8441
5.88 4.32 -64.2923 -34.8371 -64.2923
5.88 4.44 -64.6956 -35.2573 -64.6956
5.88 4.56 -65.0269 -35.8604 -65.0269
5.88 4.68 -65.3668 -36.9423 -65.3668
5.88 4.8 -66.0313 -39.4001 -66.0313
5.88 4.92 -67.4082 -45.0078 -67.4082
5.88 5.04 -68.2715 -54.9282 -68.2715
5.88 5.16 -62.748 -63.9823 -62.7481
5.88 5.28 -49.3538 -64.6936 -49.3538
5.88 5.4 -38.3306 -61.8043 -38.3307
5.88 5.52 -33.3116 -60.3175 -33.3116
5.88 5.64 -17.5722 -45.983 -17.5722
5.88 5.76 -43.5603 -72.4905 -43.5604
5.88 5.88 -49.101 -78.0668 -49.101
