0 0 0.0109069 0.973672 0.0144533
0 0.12 0.0132002 0.968459 0.0175289
0 0.24 0.021295 0.949898 0.0284745
0 0.36 0.0417358 0.902557 0.0564271
0 0.48 0.0904177 0.787912 0.12388
0 0.6 0.181215 0.568967 0.251669
0 0.72 0.284084 0.315291 0.399928
0 0.84 0.351048 0.146645 0.50108
0 0.96 0.381543 0.0655384 0.551906
0 1.08 0.393336 0.0304367 0.575145
0 1.2 0.398013 0.0152428 0.585378
0 1.32 0.400844 0.00866335 0.588826
0 1.44 0.403949 0.00622701 0.588013
0 1.56 0.407919 0.00625702 0.584101
0 1.68 0.412507 0.00837151 0.577724
0 1.8 0.416884 0.0131303 0.569157
0 1.92 0.419521 0.0224826 0.557908
0 2.04 0.417486 0.0415849 0.541744
0 2.16 0.404311 0.0837397 0.513899
0 2.28 0.366057 0.179236 0.458078
0 2.4 0.284005 0.367786 0.351894
0 2.52 0.17251 0.617094 0.212686
0 2.64 0.0871669 0.807832 0.107287
0 2.76 0.0434692 0.906453 0.0534436
0 2.88 0.0253073 0.947899 0.031001
0 3 0.0203948 0.959388 0.0248503
0 3.12 0.025055 0.949146 0.0304478
0 3.24 0.0428443 0.909398 0.0520185
0 3.36 0.0859246 0.813523 0.104228
0 3.48 0.170764 0.625911 0.207268
0 3.6 0.28343 0.3765 0.345478
0 3.72 0.367958 0.18456 0.452697
0 3.84 0.407939 0.0864487 0.509511
0 3.96 0.421844 0.0430536 0.537841
0 4.08 0.424108 0.0234407 0.554238
0 4.2 0.421496 0.0139187 0.565654
0 4.32 0.4171 0.00921348 0.574435
0 4.44 0.412395 0.00743223 0.580942
0 4.56 0.407998 0.00827351 0.584625
0 4.68 0.403881 0.0128085 0.584488
0 4.8 0.398759 0.0245169 0.57845
0 4.92 0.388489 0.0525012 0.561153
0 5.04 0.363391 0.118506 0.520164
0 5.16 0.306603 0.262089 0.433744
0 5.28 0.210074 0.501646 0.293336
0 5.4 0.111438 0.741689 0.153441
0 5.52 0.052645 0.881141 0.0714392
0 5.64 0.0269686 0.940813 0.0361195
0 5.76 0.017589 0.963061 0.0233824
0 5.88 0.0168311 0.964224 0.0223229
0.12 0 0.0124032 0.970158 0.0164698
0.12 0.12 0.0149332 0.964405 0.0198701
0.12 0.24 0.0238113 0.943988 0.0318995
0.12 0.36 0.0459391 0.892534 0.0622104
0.12 0.48 0.0973352 0.771169 0.133523
0.12 0.6 0.189295 0.548965 0.263157
0.12 0.72 0.289327 0.302034 0.407689
0.12 0.84 0.353218 0.140854 0.504647
0.12 0.96 0.382225 0.0633513 0.553403
0.12 1.08 0.393478 0.0296358 0.575855
0.12 1.2 0.397994 0.0149378 0.58581
0.12 1.32 0.400797 0.00854441 0.589132
0.12 1.44 0.403915 0.00618541 0.588239
0.12 1.56 0.407906 0.00625229 0.584269
0.12 1.68 0.412513 0.00838748 0.577836
0.12 1.8 0.416883 0.0131586 0.569221
0.12 1.92 0.419475 0.0225186 0.557909
0.12 2.04 0.417358 0.041628 0.541675
0.12 2.16 0.404073 0.0837852 0.513763
0.12 2.28 0.365869 0.179175 0.457946
0.12 2.4 0.284116 0.367066 0.352097
0.12 2.52 0.173032 0.615519 0.213369
0.12 2.64 0.0876189 0.806537 0.107866
0.12 2.76 0.043691 0.905803 0.0537275
0.12 2.88 0.0253921 0.947627 0.0311086
0.12 3 0.0204147 0.959278 0.0248752
0.12 3.12 0.0250325 0.949108 0.0304212
0.12 3.24 0.0427572 0.909426 0.051909
0.12 3.36 0.0856599 0.813873 0.103894
0.12 3.48 0.170036 0.627207 0.206358
0.12 3.6 0.28228 0.378748 0.344033
0.12 3.72 0.36708 0.1863 0.451581
0.12 3.84 0.407496 0.0873488 0.508915
0.12 3.96 0.421652 0.0434863 0.537557
0.12 4.08 0.424028 0.0236588 0.554125
0.12 4.2 0.421462 0.014032 0.565648
0.12 4.32 0.417072 0.00926351 0.574497
0.12 4.44 0.412359 0.00742736 0.581066
0.12 4.56 0.407943 0.00818915 0.584822
0.12 4.68 0.403861 0.0125507 0.584829
0.12 4.8 0.398882 0.023801 0.579099
0.12 4.92 0.389095 0.0504973 0.562592
0.12 5.04 0.365406 0.112985 0.523659
0.12 5.16 0.311844 0.248626 0.441743
0.12 5.28 0.219331 0.478406 0.306755
0.12 5.4 0.120711 0.718987 0.166555
0.12 5.52 0.0587889 0.866338 0.0800022
0.12 5.64 0.030716 0.931828 0.0412953
0.12 5.76 0.0203289 0.95626 0.0271394
0.12 5.88 0.0194488 0.957709 0.0259141
0.24 0 0.0174283 0.957452 0.02327
0.24 0.12 0.0207248 0.950361 0.0277231
0.24 0.24 0.0320726 0.92412 0.0431842
0.24 0.36 0.0593584 0.860227 0.0807434
0.24 0.48 0.118654 0.719321 0.163347
0.24 0.6 0.213788 0.488109 0.298154
0.24 0.72 0.305949 0.259788 0.432448
0.24 0.84 0.360663 0.120597 0.51689
0.24 0.96 0.384713 0.0547913 0.558723
0.24 1.08 0.39394 0.0261318 0.578207
0.24 1.2 0.397751 0.013411 0.587018
0.24 1.32 0.400361 0.00782185 0.589789
0.24 1.44 0.403471 0.0057951 0.58858
0.24 1.56 0.407507 0.00597955 0.584451
0.24 1.68 0.412212 0.00811315 0.57789
0.24 1.8 0.416684 0.012782 0.569297
0.24 1.92 0.419375 0.0219143 0.55803
0.24 2.04 0.417408 0.0405919 0.541983
0.24 2.16 0.404169 0.0819728 0.514453
0.24 2.28 0.366667 0.17639 0.45914
0.24 2.4 0.284909 0.364458 0.353181
0.24 2.52 0.172768 0.61524 0.213114
0.24 2.64 0.0867245 0.807726 0.106817
0.24 2.76 0.0428826 0.90691 0.0527655
0.24 2.88 0.0247621 0.948402 0.0303477
0.24 3 0.0198149 0.960018 0.0241502
0.24 3.12 0.0242469 0.950247 0.0294871
0.24 3.24 0.0414813 0.911506 0.0503803
0.24 3.36 0.0835648 0.81787 0.101374
0.24 3.48 0.167424 0.632316 0.203215
0.24 3.6 0.28065 0.381721 0.342069
0.24 3.72 0.36661 0.186518 0.451126
0.24 3.84 0.407388 0.086775 0.508876
0.24 3.96 0.421536 0.0429408 0.537504
0.24 4.08 0.423808 0.0232603 0.554028
0.24 4.2 0.421169 0.0137362 0.565573
0.24 4.32 0.4167 0.00899304 0.574469
0.24 4.44 0.411953 0.00708096 0.581173
0.24 4.56 0.407467 0.00758838 0.585128
0.24 4.68 0.403565 0.0112938 0.585657
0.24 4.8 0.399157 0.0208798 0.581044
0.24 4.92 0.391059 0.0432731 0.567245
0.24 5.04 0.371821 0.0949168 0.534793
0.24 5.16 0.32773 0.207713 0.466076
0.24 5.28 0.246669 0.409758 0.346583
0.24 5.4 0.149104 0.649172 0.206891
0.24 5.52 0.0787156 0.81812 0.107909
0.24 5.64 0.043529 0.900979 0.0590603
0.24 5.76 0.0298558 0.933288 0.0402682
0.24 5.88 0.0286867 0.935491 0.0386249
0.36 0 0.0297291 0.928153 0.0399703
0.36 0.12 0.0347055 0.917205 0.0467444
0.36 0.24 0.0513253 0.878426 0.0695622
0.36 0.36 0.08831 0.790965 0.120832
0.36 0.48 0.158571 0.622401 0.219426
0.36 0.6 0.251866 0.394009 0.352944
0.36 0.72 0.328312 0.203245 0.46633
0.36 0.84 0.369907 0.0953202 0.532848
0.36 0.96 0.387647 0.0445418 0.565863
0.36 1.08 0.394432 0.0219285 0.581716
0.36 1.2 0.397421 0.0115983 0.589013
0.36 1.32 0.399831 0.00699019 0.591083
0.36 1.44 0.40297 0.00538177 0.589485
0.36 1.56 0.407109 0.00574101 0.585088
0.36 1.68 0.411922 0.00792893 0.578338
0.36 1.8 0.416487 0.0125759 0.569615
0.36 1.92 0.419261 0.0216135 0.558283
0.36 2.04 0.417368 0.0400961 0.542241
0.36 2.16 0.404217 0.0811478 0.514802
0.36 2.28 0.366905 0.175201 0.459638
0.36 2.4 0.285067 0.363477 0.353527
0.36 2.52 0.172451 0.615313 0.212827
0.36 2.64 0.0861821 0.808384 0.106214
0.36 2.76 0.0424046 0.907536 0.0522178
0.36 2.88 0.0243673 0.948918 0.029888
0.36 3 0.0194119 0.960611 0.0236787
0.36 3.12 0.0236938 0.951183 0.0288379
0.36 3.24 0.0405397 0.913246 0.0492741
0.36 3.36 0.0818948 0.821207 0.099409
0.36 3.48 0.165016 0.637194 0.200389
0.36 3.6 0.278597 0.385754 0.339701
0.36 3.72 0.36559 0.188237 0.450036
0.36 3.84 0.406947 0.0872255 0.508494
0.36 3.96 0.421283 0.0429834 0.537392
0.36 4.08 0.423579 0.0231933 0.554034
0.36 4.2 0.420903 0.0136254 0.565683
0.36 4.32 0.41636 0.00881816 0.574718
0.36 4.44 0.41154 0.00676122 0.581646
0.36 4.56 0.407009 0.00693261 0.585979
0.36 4.68 0.403228 0.009842 0.587165
0.36 4.8 0.39943 0.0174616 0.583912
0.36 4.92 0.393265 0.0348043 0.573307
0.36 5.04 0.379301 0.0735584 0.548615
0.36 5.16 0.347296 0.157232 0.496888
0.36 5.28 0.284777 0.314426 0.402759
0.36 5.4 0.197385 0.530382 0.275964
0.36 5.52 0.119615 0.719293 0.165491
0.36 5.64 0.0731362 0.830116 0.100326
0.36 5.76 0.0532168 0.877636 0.0726437
0.36 5.88 0.0510894 0.882146 0.0696345
0.48 0 0.0577075 0.861548 0.0781483
0.48 0.12 0.0657322 0.843364 0.0891674
0.48 0.24 0.0911654 0.783341 0.124407
0.48 0.36 0.140617 0.665119 0.193621
0.48 0.48 0.216855 0.480249 0.301865
0.48 0.6 0.296343 0.283796 0.417756
0.48 0.72 0.351091 0.144733 0.501857
0.48 0.84 0.378677 0.0699917 0.549147
0.48 0.96 0.390142 0.0341813 0.573334
0.48 1.08 0.394529 0.0175775 0.585506
0.48 1.2 0.396728 0.00968489 0.591174
0.48 1.32 0.398972 0.00610858 0.592442
0.48 1.44 0.402183 0.0049568 0.590395
0.48 1.56 0.406466 0.00552189 0.585674
0.48 1.68 0.411402 0.00779693 0.578706
0.48 1.8 0.416068 0.0124672 0.569783
0.48 1.92 0.418922 0.0214849 0.558328
0.48 2.04 0.417107 0.0399074 0.542223
0.48 2.16 0.404008 0.0808752 0.51477
0.48 2.28 0.366711 0.174915 0.459587
0.48 2.4 0.284746 0.363495 0.353285
0.48 2.52 0.171939 0.615768 0.212308
0.48 2.64 0.0856989 0.808822 0.105688
0.48 2.76 0.04204 0.907748 0.051813
0.48 2.88 0.0240733 0.949004 0.0295547
0.48 3 0.019102 0.960775 0.0233239
0.48 3.12 0.0232486 0.951695 0.0283247
0.48 3.24 0.0397424 0.914572 0.0483509
0.48 3.36 0.0803829 0.824146 0.0976489
0.48 3.48 0.162609 0.642046 0.19759
0.48 3.6 0.276237 0.390442 0.336982
0.48 3.72 0.364204 0.190753 0.448491
0.48 3.84 0.406225 0.0882245 0.507765
0.48 3.96 0.420812 0.0433486 0.537035
0.48 4.08 0.423167 0.0233129 0.553852
0.48 4.2 0.420459 0.0136224 0.565615
0.48 4.32 0.415836 0.0087018 0.574823
0.48 4.44 0.41091 0.00646353 0.582027
0.48 4.56 0.40632 0.00626635 0.586823
0.48 4.68 0.402595 0.0083526 0.588726
0.48 4.8 0.399328 0.0140207 0.586874
0.48 4.92 0.394948 0.026525 0.579402
0.48 5.04 0.38589 0.0531783 0.562103
0.48 5.16 0.365596 0.108707 0.527033
0.48 5.28 0.324428 0.214594 0.462467
0.48 5.4 0.259006 0.378103 0.365197
0.48 5.52 0.186149 0.557225 0.259996
0.48 5.64 0.130897 0.691064 0.18147
0.48 5.76 0.10332 0.757564 0.142641
0.48 5.88 0.0988366 0.767929 0.136256
0.6 0 0.116016 0.722797 0.158178
0.6 0.12 0.127737 0.69568 0.174441
0.6 0.24 0.162076 0.613722 0.222605
0.6 0.36 0.21686 0.481201 0.300472
0.6 0.48 0.28246 0.319957 0.395705
0.6 0.6 0.336924 0.182558 0.478221
0.6 0.72 0.369834 0.0952135 0.532606
0.6 0.84 0.385566 0.0485137 0.563542
0.6 0.96 0.3919 0.0250798 0.580401
0.6 1.08 0.394323 0.0135915 0.589396
0.6 1.2 0.395895 0.00787221 0.593538
0.6 1.32 0.39805 0.00525852 0.593997
0.6 1.44 0.401378 0.00455155 0.591461
0.6 1.56 0.405835 0.00532917 0.586389
0.6 1.68 0.410905 0.00770788 0.579178
0.6 1.8 0.415674 0.0124304 0.57003
0.6 1.92 0.418599 0.0214785 0.558424
0.6 2.04 0.416843 0.0399342 0.54221
0.6 2.16 0.403737 0.0809923 0.514659
0.6 2.28 0.366324 0.175292 0.459314
0.6 2.4 0.284148 0.36435 0.352711
0.6 2.52 0.171268 0.616771 0.211598
0.6 2.64 0.0852151 0.809433 0.105156
0.6 2.76 0.0417279 0.907995 0.0514658
0.6 2.88 0.0238355 0.949105 0.0292855
0.6 3 0.0188494 0.960943 0.0230342
0.6 3.12 0.0228717 0.952202 0.0278885
0.6 3.24 0.0390349 0.915877 0.0475277
0.6 3.36 0.0789668 0.827077 0.0959921
0.6 3.48 0.160219 0.647103 0.194786
0.6 3.6 0.27375 0.395692 0.334062
0.6 3.72 0.362698 0.193847 0.446736
0.6 3.84 0.405472 0.0896035 0.506926
0.6 3.96 0.420378 0.0439375 0.53665
0.6 4.08 0.422839 0.0235656 0.553701
0.6 4.2 0.420115 0.0137016 0.565615
0.6 4.32 0.415414 0.00863914 0.575033
0.6 4.44 0.410362 0.00620744 0.582546
0.6 4.56 0.405679 0.00565241 0.587837
0.6 4.68 0.401933 0.00698553 0.590444
0.6 4.8 0.399027 0.0109611 0.589865
0.6 4.92 0.395999 0.0194895 0.585042
0.6 5.04 0.390688 0.0366472 0.573637
0.6 5.16 0.379427 0.0703222 0.551657
0.6 5.28 0.356446 0.132669 0.51256
0.6 5.4 0.317281 0.23339 0.451357
0.6 5.52 0.266014 0.361651 0.374977
0.6 5.64 0.217547 0.48092 0.304545
0.6 5.76 0.188876 0.551074 0.263394
0.6 5.88 0.180842 0.570229 0.251879
0.72 0 0.209719 0.499978 0.287716
0.72 0.12 0.2217 0.47175 0.304642
0.72 0.24 0.253999 0.393364 0.351007
0.72 0.36 0.295878 0.28983 0.41254
0.72 0.48 0.33674 0.186247 0.474949
0.72 0.6 0.366095 0.108066 0.523522
0.72 0.72 0.382559 0.0595315 0.555439
0.72 0.84 0.39003 0.0324511 0.574897
0.72 0.96 0.392769 0.0178836 0.586473
0.72 1.08 0.393803 0.0102658 0.593003
0.72 1.2 0.394957 0.00629668 0.595848
0.72 1.32 0.397108 0.00450153 0.595553
0.72 1.44 0.400584 0.00419095 0.59252
0.72 1.56 0.40523 0.00516773 0.587095
0.72 1.68 0.410445 0.00765257 0.579625
0.72 1.8 0.415319 0.0124422 0.570255
0.72 1.92 0.418308 0.0215516 0.558477
0.72 2.04 0.416584 0.040101 0.542112
0.72 2.16 0.403418 0.0813667 0.514387
0.72 2.28 0.365787 0.17612 0.458761
0.72 2.4 0.283315 0.365801 0.351771
0.72 2.52 0.170426 0.618184 0.210632
0.72 2.64 0.0846816 0.810142 0.10454
0.72 2.76 0.0414231 0.908172 0.0511155
0.72 2.88 0.0236198 0.949061 0.0290369
0.72 3 0.0186242 0.960933 0.0227728
0.72 3.12 0.0225292 0.952521 0.0274887
0.72 3.24 0.0383713 0.917019 0.0467495
0.72 3.36 0.0775892 0.829895 0.0943688
0.72 3.48 0.157807 0.652237 0.191925
0.72 3.6 0.271147 0.40129 0.330941
0.72 3.72 0.3611 0.197314 0.444786
0.72 3.84 0.404715 0.0912263 0.505978
0.72 3.96 0.420006 0.0446697 0.536216
0.72 4.08 0.422607 0.0239058 0.55354
0.72 4.2 0.419883 0.0138391 0.565636
0.72 4.32 0.415107 0.00862397 0.575277
0.72 4.44 0.409923 0.00600605 0.583098
0.72 4.56 0.405116 0.00513406 0.588856
0.72 4.68 0.401287 0.00583988 0.592108
0.72 4.8 0.398563 0.00848826 0.592592
0.72 4.92 0.396398 0.0140996 0.589786
0.72 5.04 0.393523 0.0247405 0.582502
0.72 5.16 0.388051 0.0441278 0.569159
0.72 5.28 0.377011 0.0777486 0.547001
0.72 5.4 0.35785 0.130667 0.513621
0.72 5.52 0.330985 0.20089 0.470689
0.72 5.64 0.302282 0.273638 0.426938
0.72 5.76 0.283465 0.320959 0.39884
0.72 5.88 0.274536 0.342522 0.385837
0.84 0 0.303268 0.276455 0.418457
0.84 0.12 0.31061 0.258615 0.429288
0.84 0.24 0.329687 0.210416 0.458285
0.84 0.36 0.351376 0.15367 0.492975
0.84 0.48 0.370469 0.101104 0.526102
0.84 0.6 0.383213 0.0620204 0.552159
0.84 0.72 0.389828 0.0367148 0.570602
0.84 0.84 0.392342 0.0215118 0.583082
0.84 0.96 0.392851 0.0126457 0.591207
0.84 1.08 0.39302 0.00770234 0.595961
0.84 1.2 0.393949 0.0050304 0.597787
0.84 1.32 0.39616 0.00387775 0.596837
0.84 1.44 0.399799 0.00389328 0.593339
0.84 1.56 0.404625 0.00504176 0.587578
0.84 1.68 0.409985 0.00762495 0.57985
0.84 1.8 0.414966 0.0124863 0.570273
0.84 1.92 0.418017 0.0216743 0.558316
0.84 2.04 0.416304 0.0403577 0.54178
0.84 2.16 0.40305 0.0819157 0.513839
0.84 2.28 0.36515 0.177279 0.457853
0.84 2.4 0.282306 0.367716 0.350424
0.84 2.52 0.169435 0.619934 0.209358
0.84 2.64 0.0840807 0.810913 0.10378
0.84 2.76 0.0411004 0.908229 0.0507137
0.84 2.88 0.0234045 0.948798 0.0287733
0.84 3 0.0184064 0.960675 0.0225089
0.84 3.12 0.0221992 0.952578 0.02709
0.84 3.24 0.0377249 0.917931 0.0459672
0.84 3.36 0.0762264 0.832546 0.0927104
0.84 3.48 0.155373 0.657372 0.18893
0.84 3.6 0.268455 0.407111 0.327542
0.84 3.72 0.359431 0.201034 0.442533
0.84 3.84 0.403944 0.093007 0.504775
0.84 3.96 0.419658 0.0454916 0.535558
0.84 4.08 0.422414 0.0243018 0.553175
0.84 4.2 0.419705 0.014018 0.565482
0.84 4.32 0.414863 0.00865165 0.57535
0.84 4.44 0.40956 0.00586786 0.583463
0.84 4.56 0.40461 0.00473688 0.589626
0.84 4.68 0.400665 0.00496208 0.593428
0.84 4.8 0.397979 0.00665452 0.594749
0.84 4.92 0.396271 0.0103075 0.593363
0.84 5.04 0.394773 0.0168977 0.588699
0.84 5.16 0.392513 0.0280327 0.580388
0.84 5.28 0.387945 0.0458337 0.567583
0.84 5.4 0.379902 0.072033 0.549813
0.84 5.52 0.368389 0.105632 0.528121
0.84 5.64 0.355549 0.140751 0.506114
0.84 5.76 0.346958 0.163919 0.491955
0.84 5.88 0.340664 0.179403 0.482444
0.96 0 0.360264 0.138021 0.49973
0.96 0.12 0.363444 0.129754 0.504996
0.96 0.24 0.371706 0.106669 0.519549
0.96 0.36 0.380399 0.0802892 0.536833
0.96 0.48 0.387592 0.0557041 0.553937
0.96 0.6 0.391867 0.0365928 0.568538
0.96 0.72 0.393431 0.0232858 0.580049
0.96 0.84 0.393292 0.0145945 0.588695
0.96 0.96 0.392564 0.00911078 0.594735
0.96 1.08 0.392265 0.00587973 0.598299
0.96 1.2 0.393116 0.00409673 0.599383
0.96 1.32 0.395424 0.00340873 0.597913
0.96 1.44 0.399216 0.00367086 0.594022
0.96 1.56 0.404195 0.00495565 0.58796
0.96 1.68 0.409681 0.00762357 0.579989
0.96 1.8 0.414746 0.0125556 0.570206
0.96 1.92 0.417833 0.0218333 0.558057
0.96 2.04 0.416093 0.0406817 0.541316
0.96 2.16 0.402701 0.0826025 0.513097
0.96 2.28 0.364459 0.178714 0.456663
0.96 2.4 0.281156 0.370054 0.348723
0.96 2.52 0.168309 0.622042 0.207798
0.96 2.64 0.0834137 0.811846 0.102872
0.96 2.76 0.0407562 0.90832 0.0502493
0.96 2.88 0.0231857 0.948511 0.0284833
0.96 3 0.018192 0.960369 0.0222319
0.96 3.12 0.0218766 0.952565 0.0266805
0.96 3.24 0.037089 0.918759 0.0451657
0.96 3.36 0.0748698 0.835131 0.0910009
0.96 3.48 0.152912 0.662544 0.185795
0.96 3.6 0.265685 0.413136 0.323879
0.96 3.72 0.357715 0.204963 0.440005
0.96 3.84 0.4032 0.0949147 0.503362
0.96 3.96 0.419397 0.0463828 0.534751
0.96 4.08 0.422348 0.024741 0.552705
0.96 4.2 0.419693 0.0142323 0.565262
0.96 4.32 0.41482 0.00872179 0.575366
0.96 4.44 0.409425 0.005799 0.583746
0.96 4.56 0.404344 0.00447361 0.590238
0.96 4.68 0.40027 0.00436375 0.59447
0.96 4.8 0.397531 0.00542916 0.596388
0.96 4.92 0.39599 0.00787872 0.59591
0.96 5.04 0.395143 0.0121574 0.592759
0.96 5.16 0.39444 0.0189409 0.587098
0.96 5.28 0.39293 0.0289806 0.578864
0.96 5.4 0.389994 0.0426737 0.56836
0.96 5.52 0.385573 0.0591775 0.556542
0.96 5.64 0.38042 0.0758404 0.545153
0.96 5.76 0.377075 0.0865136 0.538179
0.96 5.88 0.373337 0.0959024 0.532195
1.08 0 0.385875 0.0740369 0.537509
1.08 0.12 0.387112 0.0702788 0.540111
1.08 0.24 0.390266 0.0591368 0.547762
1.08 0.36 0.393192 0.0463079 0.557282
1.08 0.48 0.395227 0.0339066 0.567496
1.08 0.6 0.395766 0.0236681 0.577091
1.08 0.72 0.395012 0.0159944 0.58542
1.08 0.84 0.393601 0.0105936 0.592176
1.08 0.96 0.392266 0.00695512 0.597089
1.08 1.08 0.391755 0.00472253 0.59995
1.08 1.2 0.392605 0.00348808 0.600559
1.08 1.32 0.395011 0.0030999 0.598729
1.08 1.44 0.398925 0.0035278 0.594542
1.08 1.56 0.404017 0.00490939 0.588229
1.08 1.68 0.409591 0.00764384 0.580027
1.08 1.8 0.414707 0.0126403 0.570014
1.08 1.92 0.417796 0.0220116 0.557612
1.08 2.04 0.41599 0.0410435 0.54057
1.08 2.16 0.402407 0.083377 0.511951
1.08 2.28 0.363747 0.180343 0.454939
1.08 2.4 0.279895 0.372704 0.346432
1.08 2.52 0.167067 0.624409 0.205779
1.08 2.64 0.0826831 0.812889 0.101708
1.08 2.76 0.0403866 0.908422 0.0496555
1.08 2.88 0.0229583 0.9482 0.0281229
1.08 3 0.017976 0.960016 0.0219051
1.08 3.12 0.021556 0.952487 0.026217
1.08 3.24 0.0364571 0.919491 0.0442799
1.08 3.36 0.0735151 0.837615 0.0891316
1.08 3.48 0.150431 0.667685 0.182347
1.08 3.6 0.262855 0.41928 0.319711
1.08 3.72 0.355971 0.209032 0.436939
1.08 3.84 0.402497 0.0969047 0.501511
1.08 3.96 0.419232 0.0473163 0.533626
1.08 4.08 0.422425 0.0252065 0.552021
1.08 4.2 0.419868 0.0144727 0.5649
1.08 4.32 0.415006 0.00883005 0.575272
1.08 4.44 0.40956 0.00579913 0.583901
1.08 4.56 0.40438 0.00434525 0.590649
1.08 4.68 0.400191 0.00403613 0.595173
1.08 4.8 0.397357 0.00475301 0.597446
1.08 4.92 0.395815 0.00657096 0.597444
1.08 5.04 0.395182 0.00970786 0.595005
1.08 5.16 0.395089 0.0144802 0.590512
1.08 5.28 0.394805 0.0211671 0.584189
1.08 5.4 0.393874 0.0297699 0.576567
1.08 5.52 0.392167 0.0395968 0.568511
1.08 5.64 0.389919 0.0491635 0.561037
1.08 5.76 0.388549 0.0550769 0.55682
1.08 5.88 0.386132 0.0613227 0.552596
1.2 0 0.395115 0.0501708 0.551756
1.2 0.12 0.395685 0.0479698 0.553551
1.2 0.24 0.397028 0.0410985 0.558889
1.2 0.36 0.39792 0.0330862 0.565781
1.2 0.48 0.398105 0.0250957 0.573505
1.2 0.6 0.397271 0.0181987 0.581199
1.2 0.72 0.395654 0.012763 0.588254
1.2 0.84 0.393768 0.00874694 0.594193
1.2 0.96 0.392209 0.00592803 0.598566
1.2 1.08 0.391633 0.00415899 0.60106
1.2 1.2 0.39251 0.00318907 0.601419
1.2 1.32 0.394982 0.00295071 0.599416
1.2 1.44 0.398969 0.00346564 0.595111
1.2 1.56 0.40412 0.00490332 0.588731
1.2 1.68 0.409732 0.00768422 0.580506
1.2 1.8 0.414854 0.0127368 0.570502
1.2 1.92 0.417906 0.0222026 0.558122
1.2 2.04 0.415994 0.041432 0.541068
1.2 2.16 0.402173 0.0842188 0.51229
1.2 2.28 0.363024 0.182129 0.454769
1.2 2.4 0.278547 0.375615 0.345448
1.2 2.52 0.165728 0.627002 0.20461
1.2 2.64 0.0818988 0.814047 0.101017
1.2 2.76 0.0399939 0.908574 0.0493222
1.2 2.88 0.0227224 0.947925 0.0279257
1.2 3 0.0177578 0.959688 0.0217144
1.2 3.12 0.0212366 0.952422 0.0259195
1.2 3.24 0.0358297 0.920204 0.0436643
1.2 3.36 0.0721672 0.840067 0.087761
1.2 3.48 0.147944 0.672832 0.179788
1.2 3.6 0.259985 0.425542 0.316864
1.2 3.72 0.354204 0.213229 0.435433
1.2 3.84 0.401823 0.0989674 0.501171
1.2 3.96 0.419141 0.0482852 0.533781
1.2 4.08 0.422618 0.0256937 0.552325
1.2 4.2 0.420201 0.0147363 0.565243
1.2 4.32 0.415395 0.00897492 0.575632
1.2 4.44 0.409944 0.00586763 0.584287
1.2 4.56 0.404711 0.00434986 0.591085
1.2 4.68 0.40044 0.00396807 0.595691
1.2 4.8 0.397512 0.00457978 0.598078
1.2 4.92 0.395886 0.00622634 0.598217
1.2 5.04 0.395213 0.00907432 0.595964
1.2 5.16 0.395177 0.0133662 0.591753
1.2 5.28 0.395099 0.0192933 0.585866
1.2 5.4 0.394543 0.0267944 0.578872
1.2 5.52 0.393357 0.0352261 0.571615
1.2 5.64 0.39168 0.0433355 0.565017
1.2 5.76 0.390681 0.0483075 0.561261
1.2 5.88 0.388589 0.0538232 0.55754
1.32 0 0.395617 0.0488596 0.552399
1.32 0.12 0.396153 0.0467647 0.554186
1.32 0.24 0.397416 0.0401484 0.559464
1.32 0.36 0.39823 0.0324145 0.566279
1.32 0.48 0.398359 0.0246705 0.573905
1.32 0.6 0.397512 0.0179541 0.581533
1.32 0.72 0.395917 0.0126336 0.588569
1.32 0.84 0.394066 0.00868358 0.59451
1.32 0.96 0.39254 0.00590018 0.598885
1.32 1.08 0.391994 0.00414975 0.601383
1.32 1.2 0.392897 0.0031909 0.601748
1.32 1.32 0.39539 0.00296147 0.599756
1.32 1.44 0.399389 0.00348711 0.595469
1.32 1.56 0.404542 0.0049412 0.589119
1.32 1.68 0.410138 0.00775017 0.580932
1.32 1.8 0.41522 0.0128547 0.570972
1.32 1.92 0.418196 0.0224256 0.558617
1.32 2.04 0.41614 0.0418907 0.541523
1.32 2.16 0.402034 0.085236 0.512523
1.32 2.28 0.362331 0.184346 0.454401
1.32 2.4 0.277155 0.379422 0.344191
1.32 2.52 0.164329 0.630991 0.203204
1.32 2.64 0.0810801 0.816948 0.100183
1.32 2.76 0.0395875 0.910674 0.0489139
1.32 2.88 0.0224824 0.949701 0.0276871
1.32 3 0.0175404 0.961431 0.0214954
1.32 3.12 0.0209222 0.954378 0.0255939
1.32 3.24 0.0352136 0.922798 0.0430101
1.32 3.36 0.07084 0.844149 0.0863248
1.32 3.48 0.145478 0.679235 0.177101
1.32 3.6 0.257109 0.432643 0.313793
1.32 3.72 0.352441 0.217883 0.433686
1.32 3.84 0.401194 0.101236 0.500644
1.32 3.96 0.419132 0.049344 0.533797
1.32 4.08 0.422921 0.0262268 0.552515
1.32 4.2 0.420674 0.0150347 0.565469
1.32 4.32 0.415961 0.00916253 0.575843
1.32 4.44 0.410548 0.00600768 0.58446
1.32 4.56 0.405308 0.00448825 0.591201
1.32 4.68 0.400995 0.00415621 0.595734
1.32 4.8 0.397988 0.0048953 0.59801
1.32 4.92 0.396228 0.00680083 0.597961
1.32 5.04 0.395329 0.010134 0.595389
1.32 5.16 0.394915 0.0152858 0.590637
1.32 5.28 0.394222 0.0226355 0.583878
1.32 5.4 0.392749 0.0322664 0.575594
1.32 5.52 0.390379 0.0434488 0.566704
1.32 5.64 0.387458 0.0544497 0.558477
1.32 5.76 0.38563 0.0613655 0.553567
1.32 5.88 0.382933 0.0683016 0.549073
1.44 0 0.387906 0.0688137 0.540099
1.44 0.12 0.388991 0.0654855 0.542608
1.44 0.24 0.391796 0.055376 0.549923
1.44 0.36 0.394375 0.0436777 0.559061
1.44 0.48 0.396155 0.0322796 0.568853
1.44 0.6 0.396579 0.022756 0.578161
1.44 0.72 0.395835 0.0155217 0.586366
1.44 0.84 0.394495 0.0103643 0.593087
1.44 0.96 0.393244 0.00685286 0.597992
1.44 1.08 0.392817 0.00468505 0.600858
1.44 1.2 0.393744 0.00348776 0.601483
1.44 1.32 0.396212 0.0031279 0.599684
1.44 1.44 0.400166 0.00358801 0.595545
1.44 1.56 0.405267 0.00501771 0.589311
1.44 1.68 0.410804 0.00783359 0.581214
1.44 1.8 0.415814 0.0129801 0.571318
1.44 1.92 0.418688 0.0226544 0.558985
1.44 2.04 0.416463 0.0423637 0.541822
1.44 2.16 0.402038 0.086297 0.512553
1.44 2.28 0.361719 0.186675 0.453771
1.44 2.4 0.275767 0.383417 0.342642
1.44 2.52 0.162902 0.635148 0.201573
1.44 2.64 0.0802423 0.819961 0.0992249
1.44 2.76 0.0391726 0.912859 0.0484439
1.44 2.88 0.0222401 0.951558 0.027416
1.44 3 0.0173246 0.963242 0.0212556
1.44 3.12 0.0206141 0.956369 0.0252495
1.44 3.24 0.0346124 0.925373 0.0423309
1.44 3.36 0.0695446 0.848158 0.0848447
1.44 3.48 0.143059 0.68556 0.174314
1.44 3.6 0.254268 0.439763 0.310511
1.44 3.72 0.35072 0.222608 0.431676
1.44 3.84 0.400639 0.103549 0.499875
1.44 3.96 0.419216 0.0504248 0.533601
1.44 4.08 0.42333 0.026774 0.552502
1.44 4.2 0.421262 0.0153506 0.565478
1.44 4.32 0.416658 0.00938173 0.575799
1.44 4.44 0.411309 0.00621037 0.584313
1.44 4.56 0.406099 0.00475202 0.590902
1.44 4.68 0.401776 0.00459384 0.595215
1.44 4.8 0.398694 0.00570365 0.597157
1.44 4.92 0.396726 0.0083407 0.59657
1.44 5.04 0.395354 0.0130632 0.593086
1.44 5.16 0.39398 0.0207566 0.586758
1.44 5.28 0.391528 0.0324841 0.577347
1.44 5.4 0.387233 0.0489459 0.564979
1.44 5.52 0.38104 0.0692605 0.550682
1.44 5.64 0.374011 0.0900463 0.536736
1.44 5.76 0.369363 0.103674 0.527914
1.44 5.88 0.364936 0.114705 0.52102
1.56 0 0.36577 0.12429 0.506768
1.56 0.12 0.368477 0.117249 0.5114
1.56 0.24 0.375709 0.0969279 0.524556
1.56 0.36 0.383326 0.0736214 0.540354
1.56 0.48 0.389661 0.0517426 0.556206
1.56 0.6 0.393448 0.0344831 0.570023
1.56 0.72 0.394842 0.0222473 0.58118
1.56 0.84 0.394719 0.0141115 0.589731
1.56 0.96 0.39409 0.0089 0.595782
1.56 1.08 0.39392 0.00579987 0.599394
1.56 1.2 0.394893 0.00408767 0.600522
1.56 1.32 0.397305 0.00345018 0.599084
1.56 1.44 0.401165 0.00376692 0.59521
1.56 1.56 0.406164 0.00513145 0.589174
1.56 1.68 0.411603 0.00793327 0.581218
1.56 1.8 0.416511 0.0131118 0.571419
1.56 1.92 0.419262 0.0228874 0.559125
1.56 2.04 0.41685 0.0428489 0.541899
1.56 2.16 0.402084 0.087398 0.512353
1.56 2.28 0.361111 0.189107 0.452892
1.56 2.4 0.274341 0.387582 0.340847
1.56 2.52 0.161437 0.639457 0.199771
1.56 2.64 0.0793852 0.823069 0.0981784
1.56 2.76 0.0387504 0.915102 0.0479314
1.56 2.88 0.0219963 0.95345 0.0271237
1.56 3 0.0171112 0.965064 0.0210039
1.56 3.12 0.0203129 0.958349 0.0248969
1.56 3.24 0.034027 0.927893 0.0416448
1.56 3.36 0.0682801 0.852066 0.083354
1.56 3.48 0.140677 0.691768 0.171483
1.56 3.6 0.251421 0.446856 0.307078
1.56 3.72 0.34896 0.227375 0.429428
1.56 3.84 0.400049 0.105894 0.498853
1.56 3.96 0.419276 0.051522 0.533145
1.56 4.08 0.423718 0.027332 0.552217
1.56 4.2 0.421838 0.0156814 0.56519
1.56 4.32 0.417355 0.00962899 0.575416
1.56 4.44 0.412096 0.00647042 0.583768
1.56 4.56 0.406944 0.00513461 0.590121
1.56 4.68 0.402631 0.00527913 0.594087
1.56 4.8 0.399448 0.00703304 0.595477
1.56 4.92 0.397119 0.0109876 0.59395
1.56 5.04 0.39484 0.0183552 0.588764
1.56 5.16 0.391482 0.031223 0.579259
1.56 5.28 0.385166 0.0525061 0.564108
1.56 5.4 0.374335 0.0848016 0.542347
1.56 5.52 0.358992 0.127099 0.515134
1.56 5.64 0.342102 0.171571 0.487379
1.56 5.76 0.33066 0.201457 0.469162
1.56 5.88 0.323375 0.219399 0.458278
1.68 0 0.315537 0.246926 0.434539
1.68 0.12 0.321783 0.231679 0.44385
1.68 0.24 0.338656 0.188899 0.46978
1.68 0.36 0.357756 0.138824 0.500838
1.68 0.48 0.374575 0.0924903 0.530707
1.68 0.6 0.385911 0.0576597 0.554662
1.68 0.72 0.391886 0.0346991 0.572077
1.68 0.84 0.394227 0.0206277 0.584178
1.68 0.96 0.394789 0.0122745 0.592222
1.68 1.08 0.395103 0.00756012 0.597009
1.68 1.2 0.396194 0.00500347 0.598879
1.68 1.32 0.398547 0.00392727 0.59795
1.68 1.44 0.402284 0.00402089 0.594444
1.68 1.56 0.407148 0.00528046 0.588674
1.68 1.68 0.412459 0.00804849 0.580911
1.68 1.8 0.417246 0.0132501 0.571247
1.68 1.92 0.419863 0.0231256 0.559023
1.68 2.04 0.417251 0.043348 0.541759
1.68 2.16 0.402134 0.0885421 0.511952
1.68 2.28 0.360485 0.191646 0.451813
1.68 2.4 0.272861 0.391917 0.33886
1.68 2.52 0.159914 0.643902 0.197838
1.68 2.64 0.0784901 0.826237 0.0970636
1.68 2.76 0.0383059 0.917344 0.0473861
1.68 2.88 0.0217399 0.955301 0.0268157
1.68 3 0.0168906 0.966819 0.0207448
1.68 3.12 0.0200083 0.960248 0.024542
1.68 3.24 0.0334443 0.930305 0.0409625
1.68 3.36 0.0670314 0.855836 0.0818759
1.68 3.48 0.138322 0.697829 0.168656
1.68 3.6 0.248571 0.453889 0.303572
1.68 3.72 0.347164 0.232167 0.427032
1.68 3.84 0.399426 0.108266 0.49766
1.68 3.96 0.419307 0.0526355 0.532508
1.68 4.08 0.424082 0.0279012 0.55174
1.68 4.2 0.422395 0.0160264 0.564688
1.68 4.32 0.418044 0.00990076 0.57479
1.68 4.44 0.412889 0.00678 0.582936
1.68 4.56 0.407812 0.00562322 0.588991
1.68 4.68 0.403504 0.00620008 0.592504
1.68 4.8 0.400144 0.00890401 0.59313
1.68 4.92 0.397197 0.0149144 0.59019
1.68 5.04 0.393294 0.0267155 0.582198
1.68 5.16 0.386202 0.048957 0.566984
1.68 5.28 0.372244 0.0888037 0.540758
1.68 5.4 0.348123 0.153124 0.50019
1.68 5.52 0.314595 0.239281 0.447615
1.68 5.64 0.279662 0.327451 0.394969
1.68 5.76 0.256837 0.384781 0.361199
1.68 5.88 0.247517 0.407724 0.347635
1.8 0 0.227998 0.458003 0.311977
1.8 0.12 0.238758 0.432332 0.327183
1.8 0.24 0.269013 0.358359 0.370657
1.8 0.36 0.307331 0.263203 0.427146
1.8 0.48 0.344054 0.170038 0.483647
1.8 0.6 0.370423 0.0999553 0.527846
1.8 0.72 0.385384 0.0559647 0.557476
1.8 0.84 0.392322 0.0309765 0.576008
1.8 0.96 0.394997 0.0172914 0.587297
1.8 1.08 0.396164 0.0100386 0.593793
1.8 1.2 0.397506 0.00624084 0.596652
1.8 1.32 0.399838 0.00455161 0.596364
1.8 1.44 0.40345 0.00434323 0.593307
1.8 1.56 0.408163 0.00546125 0.587856
1.8 1.68 0.413331 0.00817849 0.580322
1.8 1.8 0.417985 0.0133961 0.570823
1.8 1.92 0.420458 0.0233709 0.558693
1.8 2.04 0.41763 0.043862 0.541407
1.8 2.16 0.402144 0.0897246 0.511343
1.8 2.28 0.359804 0.194268 0.450519
1.8 2.4 0.271306 0.39635 0.336674
1.8 2.52 0.158341 0.648357 0.195779
1.8 2.64 0.0775718 0.829311 0.0958891
1.8 2.76 0.0378526 0.919435 0.0468141
1.8 2.88 0.0214814 0.956976 0.0264961
1.8 3 0.0166723 0.968383 0.0204821
1.8 3.12 0.0197117 0.961946 0.0241905
1.8 3.24 0.0328804 0.932496 0.0402941
1.8 3.36 0.0658218 0.859348 0.0804298
1.8 3.48 0.136021 0.703621 0.165868
1.8 3.6 0.245737 0.460767 0.300045
1.8 3.72 0.345342 0.236941 0.424552
1.8 3.84 0.398786 0.110655 0.496385
1.8 3.96 0.41934 0.0537651 0.531804
1.8 4.08 0.424463 0.0284838 0.551216
1.8 4.2 0.422978 0.0163854 0.564147
1.8 4.32 0.418771 0.0101925 0.574119
1.8 4.44 0.413728 0.00712663 0.582045
1.8 4.56 0.408724 0.00619311 0.587762
1.8 4.68 0.404392 0.00731769 0.590753
1.8 4.8 0.400738 0.0112812 0.590428
1.8 4.92 0.396811 0.0201939 0.585556
1.8 5.04 0.390292 0.0387231 0.57336
1.8 5.16 0.37695 0.0762038 0.548916
1.8 5.28 0.349921 0.147513 0.504088
1.8 5.4 0.303996 0.264586 0.43305
1.8 5.52 0.245063 0.412565 0.345568
1.8 5.64 0.191653 0.545257 0.268085
1.8 5.76 0.160889 0.621089 0.223997
1.8 5.88 0.153388 0.639203 0.213217
1.92 0 0.13077 0.69089 0.177751
1.92 0.12 0.142184 0.664177 0.193542
1.92 0.24 0.177225 0.580107 0.242554
1.92 0.36 0.231082 0.449116 0.318935
1.92 0.48 0.29293 0.296485 0.408689
1.92 0.6 0.343174 0.169861 0.484968
1.92 0.72 0.37354 0.0896663 0.535487
1.92 0.84 0.388274 0.0463148 0.564758
1.92 0.96 0.394392 0.0242297 0.581056
1.92 1.08 0.396926 0.0132654 0.58993
1.92 1.2 0.398714 0.00777845 0.594038
1.92 1.32 0.401097 0.00530136 0.594496
1.92 1.44 0.404606 0.00472029 0.591936
1.92 1.56 0.40917 0.00566718 0.58683
1.92 1.68 0.414192 0.00832122 0.579542
1.92 1.8 0.418709 0.0135502 0.570218
1.92 1.92 0.421033 0.023625 0.558187
1.92 2.04 0.417977 0.0443917 0.540882
1.92 2.16 0.4021 0.0909406 0.510559
1.92 2.28 0.359055 0.196951 0.44904
1.92 2.4 0.269675 0.400827 0.334309
1.92 2.52 0.156718 0.652732 0.193607
1.92 2.64 0.0766298 0.832178 0.0946564
1.92 2.76 0.0373889 0.921242 0.0462129
1.92 2.88 0.0212192 0.958335 0.0261623
1.92 3 0.0164552 0.969627 0.020214
1.92 3.12 0.0194231 0.963327 0.0238418
1.92 3.24 0.0323386 0.934395 0.0396428
1.92 3.36 0.0646633 0.862561 0.079031
1.92 3.48 0.133805 0.709106 0.163166
1.92 3.6 0.242971 0.467441 0.296587
1.92 3.72 0.343542 0.241662 0.422098
1.92 3.84 0.398169 0.113049 0.495146
1.92 3.96 0.41941 0.0549082 0.531166
1.92 4.08 0.424897 0.0290802 0.550791
1.92 4.2 0.423617 0.016756 0.563733
1.92 4.32 0.419562 0.0104962 0.573598
1.92 4.44 0.414628 0.00749041 0.581319
1.92 4.56 0.409684 0.00680156 0.586699
1.92 4.68 0.405285 0.00854686 0.589145
1.92 4.8 0.401209 0.014008 0.587753
1.92 4.92 0.395935 0.0265796 0.580504
1.92 5.04 0.385763 0.0541189 0.562732
1.92 5.16 0.363538 0.112924 0.525475
1.92 5.28 0.318494 0.227701 0.455346
1.92 5.4 0.247007 0.407279 0.349084
1.92 5.52 0.169048 0.601129 0.236306
1.92 5.64 0.112456 0.739118 0.155756
1.92 5.76 0.0852049 0.804645 0.117349
1.92 5.88 0.0810907 0.81397 0.111472
2.04 0 0.0650978 0.846668 0.0878723
2.04 0.12 0.0731944 0.82819 0.0989497
2.04 0.24 0.10033 0.764303 0.136404
2.04 0.36 0.151718 0.641508 0.208044
2.04 0.48 0.227533 0.45684 0.315328
2.04 0.6 0.303651 0.268355 0.426024
2.04 0.72 0.355364 0.137536 0.505394
2.04 0.84 0.381612 0.0671475 0.550394
2.04 0.96 0.392771 0.0330932 0.573789
2.04 1.08 0.397283 0.0171511 0.585765
2.04 1.2 0.399751 0.00954436 0.591359
2.04 1.32 0.402283 0.00613351 0.592625
2.04 1.44 0.405724 0.00512979 0.590568
2.04 1.56 0.41014 0.00588844 0.585794
2.04 1.68 0.415007 0.00847414 0.578736
2.04 1.8 0.419367 0.0137143 0.569571
2.04 1.92 0.421515 0.0238921 0.557625
2.04 2.04 0.418207 0.0449418 0.540288
2.04 2.16 0.401903 0.0921898 0.509687
2.04 2.28 0.358116 0.199678 0.447445
2.04 2.4 0.267852 0.405288 0.331825
2.04 2.52 0.154964 0.656925 0.191364
2.04 2.64 0.0756129 0.83471 0.0933906
2.04 2.76 0.036884 0.922624 0.0455964
2.04 2.88 0.0209334 0.959234 0.0258229
2.04 3 0.0162228 0.970409 0.0199479
2.04 3.12 0.0191228 0.964263 0.0235057
2.04 3.24 0.0317881 0.935887 0.0390258
2.04 3.36 0.0635045 0.865366 0.0777135
2.04 3.48 0.131592 0.71417 0.160612
2.04 3.6 0.240153 0.473804 0.293288
2.04 3.72 0.341612 0.246267 0.419757
2.04 3.84 0.397412 0.115424 0.494022
2.04 3.96 0.419368 0.0560574 0.530677
2.04 4.08 0.425254 0.0296871 0.55055
2.04 4.2 0.424205 0.0171337 0.563541
2.04 4.32 0.420323 0.0108004 0.573339
2.04 4.44 0.415505 0.00784431 0.580905
2.04 4.56 0.410612 0.00738712 0.586001
2.04 4.68 0.40611 0.00974751 0.58795
2.04 4.8 0.401528 0.0167587 0.58551
2.04 4.92 0.394685 0.0332966 0.575734
2.04 5.04 0.380267 0.07101 0.551722
2.04 5.16 0.347839 0.154173 0.499992
2.04 5.28 0.283908 0.314946 0.403617
2.04 5.4 0.192884 0.54252 0.270941
2.04 5.52 0.111634 0.741962 0.15493
2.04 5.64 0.0643762 0.854521 0.0883727
2.04 5.76 0.044797 0.900778 0.0610752
2.04 5.88 0.0426247 0.905102 0.0579776
2.16 0 0.032557 0.922912 0.043647
2.16 0.12 0.0375428 0.911913 0.0504114
2.16 0.24 0.0551989 0.871017 0.0745637
2.16 0.36 0.0940937 0.779701 0.128264
2.16 0.48 0.166016 0.607033 0.228763
2.16 0.6 0.258302 0.380384 0.360285
2.16 0.72 0.332415 0.19587 0.469736
2.16 0.84 0.372787 0.0922216 0.533951
2.16 0.96 0.390301 0.0432933 0.566155
2.16 1.08 0.397288 0.0214016 0.581798
2.16 1.2 0.400622 0.0113944 0.589016
2.16 1.32 0.403386 0.00697874 0.591086
2.16 1.44 0.406797 0.00553932 0.589482
2.16 1.56 0.411084 0.00611095 0.584989
2.16 1.68 0.4158 0.00863246 0.578108
2.16 1.8 0.419998 0.0138882 0.569042
2.16 1.92 0.42196 0.0241742 0.557124
2.16 2.04 0.418388 0.0455142 0.539699
2.16 2.16 0.401636 0.0934708 0.508767
2.16 2.28 0.357076 0.202439 0.445755
2.16 2.4 0.265938 0.409723 0.329239
2.16 2.52 0.153164 0.660967 0.189061
2.16 2.64 0.0745776 0.837004 0.0920906
2.16 2.76 0.0363714 0.923734 0.0449601
2.16 2.88 0.0206461 0.959871 0.0254736
2.16 3 0.0159943 0.970951 0.0196804
2.16 3.12 0.0188349 0.964978 0.0231795
2.16 3.24 0.0312689 0.937161 0.0384422
2.16 3.36 0.0624184 0.867885 0.0764841
2.16 3.48 0.129506 0.718837 0.158235
2.16 3.6 0.237442 0.479792 0.290193
2.16 3.72 0.339684 0.250683 0.417554
2.16 3.84 0.396584 0.117737 0.493003
2.16 3.96 0.41922 0.0571918 0.530306
2.16 4.08 0.425488 0.030292 0.550457
2.16 4.2 0.424659 0.0175072 0.56354
2.16 4.32 0.420936 0.0110885 0.573334
2.16 4.44 0.416219 0.00815545 0.580826
2.16 4.56 0.411364 0.00787529 0.585749
2.16 4.68 0.406751 0.0107376 0.587342
2.16 4.8 0.401686 0.0190594 0.584066
2.16 4.92 0.393397 0.0390512 0.572135
2.16 5.04 0.375126 0.08579 0.542636
2.16 5.16 0.33378 0.190204 0.478424
2.16 5.28 0.255394 0.386544 0.362122
2.16 5.4 0.15508 0.63651 0.217235
2.16 5.52 0.0792344 0.82008 0.109592
2.16 5.64 0.0414582 0.908844 0.0566721
2.16 5.76 0.0271787 0.942182 0.0368809
2.16 5.88 0.0257876 0.944454 0.0349151
2.28 0 0.0181414 0.956378 0.0241991
2.28 0.12 0.0213511 0.949573 0.0285247
2.28 0.24 0.0330152 0.922918 0.0443737
2.28 0.36 0.0611316 0.857734 0.0829513
2.28 0.48 0.121801 0.714081 0.167137
2.28 0.6 0.217563 0.480796 0.302226
2.28 0.72 0.309012 0.254455 0.434714
2.28 0.84 0.363296 0.117861 0.517771
2.28 0.96 0.387465 0.0534635 0.559106
2.28 1.08 0.397061 0.0254839 0.578467
2.28 1.2 0.40132 0.0131116 0.587236
2.28 1.32 0.404356 0.00774537 0.590013
2.28 1.44 0.407773 0.00590958 0.588771
2.28 1.56 0.41196 0.0063187 0.584487
2.28 1.68 0.416539 0.00879155 0.577721
2.28 1.8 0.420583 0.0140734 0.568701
2.28 1.92 0.422358 0.0244771 0.556763
2.28 2.04 0.418523 0.0461182 0.539205
2.28 2.16 0.40132 0.0947926 0.507902
2.28 2.28 0.355975 0.205239 0.444089
2.28 2.4 0.263986 0.41414 0.326683
2.28 2.52 0.151368 0.664911 0.186805
2.28 2.64 0.0735548 0.839183 0.0908276
2.28 2.76 0.0358686 0.924753 0.0443468
2.28 2.88 0.020368 0.960448 0.0251418
2.28 3 0.0157783 0.97144 0.0194332
2.28 3.12 0.0185694 0.965611 0.0228877
2.28 3.24 0.0307966 0.938286 0.037928
2.28 3.36 0.0614312 0.870094 0.0754009
2.28 3.48 0.12759 0.723 0.156122
2.28 3.6 0.234883 0.485257 0.287399
2.28 3.72 0.337753 0.254795 0.415536
2.28 3.84 0.395614 0.119934 0.492068
2.28 3.96 0.418851 0.0582861 0.529975
2.28 4.08 0.425448 0.0308808 0.550394
2.28 4.2 0.424803 0.0178655 0.563584
2.28 4.32 0.421206 0.0113452 0.573417
2.28 4.44 0.416564 0.00839378 0.580913
2.28 4.56 0.411731 0.00819648 0.585797
2.28 4.68 0.407028 0.0113388 0.587249
2.28 4.8 0.401628 0.0204181 0.583556
2.28 4.92 0.392416 0.0424192 0.570434
2.28 5.04 0.37183 0.0943597 0.537833
2.28 5.16 0.325497 0.210547 0.466795
2.28 5.28 0.240146 0.424212 0.340934
2.28 5.4 0.137511 0.679636 0.193027
2.28 5.52 0.0662243 0.850923 0.0918804
2.28 5.64 0.033151 0.92836 0.0455163
2.28 5.76 0.0211279 0.956086 0.0288415
2.28 5.88 0.0199976 0.95765 0.0272535
2.4 0 0.0120236 0.970618 0.0160363
2.4 0.12 0.0143929 0.965684 0.0192173
2.4 0.24 0.0230432 0.946048 0.030929
2.4 0.36 0.0448975 0.895817 0.0608255
2.4 0.48 0.0963381 0.775014 0.131988
2.4 0.6 0.189246 0.550321 0.262445
2.4 0.72 0.290536 0.300279 0.407863
2.4 0.84 0.35534 0.138641 0.505102
2.4 0.96 0.384957 0.0616438 0.553815
2.4 1.08 0.396735 0.0286969 0.576173
2.4 1.2 0.401781 0.0144355 0.586128
2.4 1.32 0.405071 0.00833077 0.58941
2.4 1.44 0.408517 0.00619804 0.588395
2.4 1.56 0.412639 0.00649358 0.584228
2.4 1.68 0.417113 0.00894374 0.577507
2.4 1.8 0.421028 0.014267 0.568503
2.4 1.92 0.422642 0.0247996 0.55653
2.4 2.04 0.418565 0.0467512 0.538828
2.4 2.16 0.400932 0.0961467 0.50714
2.4 2.28 0.354824 0.208056 0.44253
2.4 2.4 0.262034 0.418518 0.324252
2.4 2.52 0.149612 0.668796 0.184665
2.4 2.64 0.0725702 0.841368 0.0896387
2.4 2.76 0.0353895 0.925846 0.0437749
2.4 2.88 0.0201064 0.961134 0.0248378
2.4 3 0.0155804 0.972021 0.019214
2.4 3.12 0.0183333 0.966259 0.0226373
2.4 3.24 0.030381 0.939297 0.0374951
2.4 3.36 0.0605581 0.871961 0.0744857
2.4 3.48 0.125873 0.726529 0.154315
2.4 3.6 0.232503 0.489999 0.28496
2.4 3.72 0.3358 0.258447 0.413718
2.4 3.84 0.394432 0.12193 0.491169
2.4 3.96 0.418158 0.0593008 0.529592
2.4 4.08 0.425011 0.031433 0.550235
2.4 4.2 0.424501 0.0181948 0.563538
2.4 4.32 0.420985 0.0115568 0.573451
2.4 4.44 0.416384 0.00853797 0.581026
2.4 4.56 0.411549 0.00830488 0.586011
2.4 4.68 0.406799 0.0114353 0.587594
2.4 4.8 0.401299 0.0205139 0.584045
2.4 4.92 0.391952 0.0424675 0.571095
2.4 5.04 0.37132 0.0940746 0.538817
2.4 5.16 0.325367 0.208973 0.468607
2.4 5.28 0.241156 0.419854 0.344321
2.4 5.4 0.139515 0.673548 0.197346
2.4 5.52 0.0680197 0.845927 0.0953674
2.4 5.64 0.0344349 0.924557 0.0479492
2.4 5.76 0.0221551 0.953209 0.0307676
2.4 5.88 0.0209946 0.954845 0.0291378
2.52 0 0.00995816 0.975511 0.0133803
2.52 0.12 0.0120377 0.971117 0.0161759
2.52 0.24 0.0195672 0.954017 0.026383
2.52 0.36 0.0389198 0.909694 0.0528897
2.52 0.48 0.0860686 0.799202 0.118169
2.52 0.6 0.176319 0.581602 0.244845
2.52 0.72 0.281163 0.322959 0.394973
2.52 0.84 0.350984 0.149353 0.498939
2.52 0.96 0.383425 0.0659057 0.551359
2.52 1.08 0.396399 0.0303704 0.575222
2.52 1.2 0.401897 0.0151265 0.585728
2.52 1.32 0.405362 0.00864393 0.589227
2.52 1.44 0.408849 0.00636698 0.588269
2.52 1.56 0.412947 0.006618 0.584127
2.52 1.68 0.417366 0.00907829 0.57738
2.52 1.8 0.421196 0.0144595 0.568381
2.52 1.92 0.422699 0.0251285 0.556375
2.52 2.04 0.418423 0.0473906 0.538527
2.52 2.16 0.400415 0.0974968 0.506454
2.52 2.28 0.353601 0.210825 0.441088
2.52 2.4 0.260092 0.422764 0.321994
2.52 2.52 0.147913 0.672538 0.182689
2.52 2.64 0.0716321 0.843505 0.0885527
2.52 2.76 0.0349375 0.926962 0.0432592
2.52 2.88 0.0198616 0.961852 0.0245698
2.52 3 0.0154008 0.97261 0.0190287
2.52 3.12 0.0181277 0.966848 0.0224344
2.52 3.24 0.0300259 0.940106 0.0371558
2.52 3.36 0.0598075 0.873413 0.0737651
2.52 3.48 0.124384 0.729322 0.152868
2.52 3.6 0.230346 0.49386 0.282958
2.52 3.72 0.333853 0.26151 0.412179
2.52 3.84 0.393045 0.123652 0.490372
2.52 3.96 0.417142 0.0601998 0.529217
2.52 4.08 0.424176 0.0319298 0.550047
2.52 4.2 0.423758 0.0184842 0.563485
2.52 4.32 0.420273 0.0117159 0.573519
2.52 4.44 0.415684 0.00858235 0.581247
2.52 4.56 0.410812 0.00819444 0.586463
2.52 4.68 0.406056 0.0110192 0.588441
2.52 4.8 0.400689 0.0193411 0.585584
2.52 4.92 0.391985 0.0392245 0.574129
2.52 5.04 0.373502 0.085136 0.545485
2.52 5.16 0.333043 0.186229 0.483446
2.52 5.28 0.25775 0.374798 0.371587
2.52 5.4 0.160827 0.618177 0.230289
2.52 5.52 0.0850785 0.8036 0.121173
2.52 5.64 0.0459172 0.895945 0.0651926
2.52 5.76 0.030833 0.931677 0.0437677
2.52 5.88 0.0293106 0.934291 0.0416049
2.64 0 0.0105887 0.97396 0.0144248
2.64 0.12 0.0127768 0.96932 0.0173871
2.64 0.24 0.0205849 0.951539 0.0280415
2.64 0.36 0.0405185 0.905637 0.0555
2.64 0.48 0.0885978 0.792606 0.12238
2.64 0.6 0.179188 0.573566 0.24997
2.64 0.72 0.282789 0.317618 0.398693
2.64 0.84 0.351344 0.147128 0.500882
2.64 0.96 0.383244 0.0651451 0.552319
2.64 1.08 0.396103 0.030121 0.575754
2.64 1.2 0.401613 0.0150495 0.586022
2.64 1.32 0.405135 0.00863411 0.589389
2.64 1.44 0.408669 0.0063955 0.588308
2.64 1.56 0.412794 0.00668203 0.584097
2.64 1.68 0.417222 0.00918891 0.577276
2.64 1.8 0.421027 0.0146451 0.568277
2.64 1.92 0.422483 0.0254553 0.55625
2.64 2.04 0.41807 0.0480193 0.538282
2.64 2.16 0.399755 0.0988074 0.505863
2.64 2.28 0.352321 0.213474 0.439802
2.64 2.4 0.258206 0.426786 0.319962
2.64 2.52 0.146315 0.676097 0.180918
2.64 2.64 0.0707646 0.845618 0.0875886
2.64 2.76 0.0345244 0.92815 0.0428072
2.64 2.88 0.0196413 0.962642 0.0243411
2.64 3 0.0152457 0.973235 0.01888
2.64 3.12 0.01796 0.967408 0.0222837
2.64 3.24 0.0297452 0.940753 0.0369185
2.64 3.36 0.0592151 0.874494 0.0732616
2.64 3.48 0.123196 0.73137 0.151842
2.64 3.6 0.228544 0.496744 0.281515
2.64 3.72 0.332081 0.263887 0.411071
2.64 3.84 0.391633 0.125047 0.489841
2.64 3.96 0.415988 0.060961 0.529037
2.64 4.08 0.42314 0.0323631 0.55004
2.64 4.2 0.422772 0.0187322 0.563643
2.64 4.32 0.419277 0.0118265 0.57385
2.64 4.44 0.414658 0.0085405 0.581802
2.64 4.56 0.409712 0.00790219 0.587358
2.64 4.68 0.404957 0.0101945 0.589932
2.64 4.8 0.399864 0.0172115 0.588174
2.64 4.92 0.392302 0.0336572 0.579139
2.64 5.04 0.377351 0.070448 0.556302
2.64 5.16 0.34571 0.149608 0.507351
2.64 5.28 0.285722 0.299762 0.417164
2.64 5.4 0.200811 0.513912 0.291838
2.64 5.52 0.122154 0.710566 0.177034
2.64 5.64 0.0737186 0.827866 0.106751
2.64 5.76 0.052968 0.877489 0.0767619
2.64 5.88 0.0503894 0.882945 0.0730355
2.76 0 0.0142731 0.964939 0.0197456
2.76 0.12 0.0170237 0.959152 0.023512
2.76 0.24 0.0266349 0.937141 0.0367681
2.76 0.36 0.0503928 0.881793 0.0698009
2.76 0.48 0.104522 0.753437 0.145702
2.76 0.6 0.197664 0.526344 0.277816
2.76 0.72 0.294874 0.28543 0.418427
2.76 0.84 0.356122 0.132603 0.510615
2.76 0.96 0.384307 0.0595774 0.556658
2.76 1.08 0.395814 0.0280132 0.577842
2.76 1.2 0.400923 0.0142236 0.587132
2.76 1.32 0.40439 0.00830695 0.590023
2.76 1.44 0.40798 0.00628498 0.588656
2.76 1.56 0.412185 0.00668515 0.584276
2.76 1.68 0.416687 0.00927388 0.577342
2.76 1.8 0.420536 0.0148199 0.56831
2.76 1.92 0.422002 0.0257728 0.556242
2.76 2.04 0.417519 0.0486226 0.538153
2.76 2.16 0.39896 0.10004 0.505407
2.76 2.28 0.351001 0.215919 0.438698
2.76 2.4 0.256409 0.43044 0.318183
2.76 2.52 0.144845 0.679303 0.179376
2.76 2.64 0.0699765 0.847516 0.0867544
2.76 2.76 0.0341525 0.929194 0.0424204
2.76 2.88 0.0194482 0.963288 0.024152
2.76 3 0.0151177 0.9737 0.0187684
2.76 3.12 0.0178332 0.967786 0.0221897
2.76 3.24 0.0295473 0.941152 0.0367916
2.76 3.36 0.0588083 0.875154 0.0730021
2.76 3.48 0.122371 0.732631 0.151307
2.76 3.6 0.227226 0.49858 0.280768
2.76 3.72 0.330655 0.265504 0.410574
2.76 3.84 0.39038 0.126075 0.489783
2.76 3.96 0.414888 0.0615675 0.529294
2.76 4.08 0.422104 0.0327271 0.550495
2.76 4.2 0.421748 0.01894 0.564302
2.76 4.32 0.418203 0.0118977 0.574736
2.76 4.44 0.413504 0.00843692 0.582975
2.76 4.56 0.408436 0.00749114 0.588949
2.76 4.68 0.403645 0.00912965 0.592224
2.76 4.8 0.398843 0.0145992 0.591758
2.76 4.92 0.392547 0.0271542 0.585481
2.76 5.04 0.381419 0.0540367 0.569024
2.76 5.16 0.35931 0.109564 0.534411
2.76 5.28 0.317457 0.214436 0.470365
2.76 5.4 0.253193 0.376495 0.373901
2.76 5.52 0.182079 0.556717 0.268454
2.76 5.64 0.127589 0.693462 0.188099
2.76 5.76 0.100318 0.760959 0.148005
2.76 5.88 0.0952931 0.773109 0.140607
2.88 0 0.0234076 0.94284 0.0328249
2.88 0.12 0.0274526 0.934105 0.0384404
2.88 0.24 0.0411365 0.902313 0.0575618
2.88 0.36 0.0727702 0.827608 0.102062
2.88 0.48 0.136947 0.673132 0.19301
2.88 0.6 0.230425 0.442756 0.327004
2.88 0.72 0.314534 0.23353 0.450297
2.88 0.84 0.363798 0.10965 0.525959
2.88 0.96 0.38616 0.0506362 0.563616
2.88 1.08 0.395506 0.0245307 0.581317
2.88 1.2 0.399948 0.0128148 0.589098
2.88 1.32 0.403295 0.00772311 0.591246
2.88 1.44 0.406961 0.00605905 0.589454
2.88 1.56 0.411294 0.0066367 0.584814
2.88 1.68 0.415922 0.00933625 0.577719
2.88 1.8 0.419858 0.0149829 0.568594
2.88 1.92 0.42136 0.0260743 0.556434
2.88 2.04 0.416836 0.0491817 0.538182
2.88 2.16 0.398071 0.101144 0.505104
2.88 2.28 0.349677 0.218038 0.437791
2.88 2.4 0.254742 0.433513 0.316686
2.88 2.52 0.143532 0.681907 0.178088
2.88 2.64 0.0692813 0.848958 0.0860624
2.88 2.76 0.0338275 0.929884 0.0421041
2.88 2.88 0.0192857 0.963622 0.024005
2.88 3 0.0150201 0.973873 0.0186967
2.88 3.12 0.017753 0.967883 0.0221568
2.88 3.24 0.0294447 0.941232 0.0367862
2.88 3.36 0.058618 0.875321 0.0730152
2.88 3.48 0.121982 0.733014 0.151332
2.88 3.6 0.226522 0.499244 0.280832
2.88 3.72 0.329733 0.266254 0.410809
2.88 3.84 0.389436 0.126679 0.490291
2.88 3.96 0.413977 0.0619916 0.530055
2.88 4.08 0.421194 0.0330091 0.551454
2.88 4.2 0.420802 0.0191041 0.565474
2.88 4.32 0.417161 0.0119366 0.576152
2.88 4.44 0.412321 0.00829673 0.584701
2.88 4.56 0.407075 0.0070275 0.591117
2.88 4.68 0.40218 0.00799402 0.595112
2.88 4.8 0.397582 0.011948 0.595941
2.88 4.92 0.392362 0.0209128 0.592281
2.88 5.04 0.384473 0.0391582 0.581505
2.88 5.16 0.370383 0.0747048 0.559272
2.88 5.28 0.344742 0.13941 0.519065
2.88 5.4 0.30409 0.241942 0.456585
2.88 5.52 0.253343 0.370689 0.379833
2.88 5.64 0.206558 0.489974 0.309591
2.88 5.76 0.179316 0.55952 0.268832
2.88 5.88 0.170997 0.580858 0.256373
3 0 0.0443169 0.892498 0.0628544
3 0.12 0.0508734 0.877669 0.0720845
3 0.24 0.0719366 0.827779 0.101918
3 0.36 0.115189 0.723713 0.163552
3 0.48 0.187935 0.545313 0.267998
3 0.6 0.272541 0.334995 0.391102
3 0.72 0.336972 0.173843 0.487666
3 0.84 0.372192 0.0838026 0.543772
3 0.96 0.388119 0.0403349 0.572097
3 1.08 0.395066 0.0203707 0.585873
3 1.2 0.398764 0.0110718 0.591886
3 1.32 0.401984 0.00697632 0.59312
3 1.44 0.405755 0.00575488 0.590793
3 1.56 0.41026 0.00655137 0.585815
3 1.68 0.415049 0.00938055 0.578502
3 1.8 0.419099 0.0151326 0.569221
3 1.92 0.420652 0.0263525 0.556908
3 2.04 0.416101 0.049679 0.53845
3 2.16 0.397174 0.102079 0.505031
3 2.28 0.348443 0.219749 0.437165
3 2.4 0.253288 0.435891 0.315554
3 2.52 0.142426 0.68383 0.177107
3 2.64 0.0687015 0.84993 0.0855368
3 2.76 0.0335593 0.930255 0.0418691
3 2.88 0.0191589 0.963717 0.0239063
3 3 0.0149572 0.973844 0.0186695
3 3.12 0.0177251 0.967785 0.0221906
3 3.24 0.0294484 0.941062 0.036913
3 3.36 0.058668 0.875016 0.0733241
3 3.48 0.12208 0.732461 0.151962
3 3.6 0.226506 0.498609 0.281761
3 3.72 0.329368 0.266014 0.411782
3 3.84 0.388804 0.126779 0.491293
3 3.96 0.413207 0.0621859 0.531163
3 4.08 0.420322 0.0331809 0.552694
3 4.2 0.419823 0.0192101 0.566885
3 4.32 0.416022 0.0119416 0.57778
3 4.44 0.410981 0.00813687 0.586619
3 4.56 0.405508 0.00656298 0.59347
3 4.68 0.400443 0.00691425 0.598158
3 4.8 0.395928 0.00955469 0.60018
3 4.92 0.391457 0.0156168 0.598755
3 5.04 0.385865 0.0273723 0.592404
3 5.16 0.377347 0.0487647 0.579167
3 5.28 0.363109 0.0852947 0.556141
3 5.4 0.341115 0.14141 0.521084
3 5.52 0.312607 0.213917 0.476659
3 5.64 0.283756 0.287531 0.432208
3 5.76 0.26554 0.334278 0.404332
3 5.88 0.256621 0.357363 0.390687
3.12 0 0.0896426 0.782476 0.128418
3.12 0.12 0.0999064 0.758345 0.14306
3.12 0.24 0.130292 0.68468 0.186685
3.12 0.36 0.18229 0.556762 0.261879
3.12 0.48 0.251055 0.385714 0.362339
3.12 0.6 0.314737 0.226369 0.457207
3.12 0.72 0.357109 0.118893 0.523264
3.12 0.84 0.379356 0.0600117 0.561111
3.12 0.96 0.389568 0.030479 0.581
3.12 1.08 0.394362 0.0161948 0.591081
3.12 1.2 0.397401 0.00924564 0.595309
3.12 1.32 0.400542 0.00616649 0.595553
3.12 1.44 0.404457 0.00541324 0.592615
3.12 1.56 0.409164 0.00644483 0.587236
3.12 1.68 0.414137 0.00941042 0.579653
3.12 1.8 0.418321 0.0152653 0.570159
3.12 1.92 0.419939 0.0265971 0.557647
3.12 2.04 0.415382 0.050095 0.538961
3.12 2.16 0.396352 0.10281 0.505224
3.12 2.28 0.3474 0.221001 0.436898
3.12 2.4 0.252157 0.437547 0.314886
3.12 2.52 0.141604 0.685145 0.176503
3.12 2.64 0.0682778 0.850601 0.085214
3.12 2.76 0.0333686 0.930524 0.0417333
3.12 2.88 0.0190793 0.963794 0.0238656
3.12 3 0.0149377 0.973814 0.0186939
3.12 3.12 0.0177596 0.967658 0.0222982
3.12 3.24 0.0295741 0.940749 0.0371832
3.12 3.36 0.0589852 0.874266 0.0739481
3.12 3.48 0.122708 0.730891 0.153221
3.12 3.6 0.227209 0.496518 0.283547
3.12 3.72 0.329539 0.264644 0.413394
3.12 3.84 0.388405 0.126281 0.492588
3.12 3.96 0.412463 0.0620927 0.532345
3.12 4.08 0.419357 0.0332077 0.553897
3.12 4.2 0.418679 0.0192383 0.568191
3.12 4.32 0.414672 0.0119062 0.579262
3.12 4.44 0.4094 0.00796652 0.588373
3.12 4.56 0.403683 0.00613082 0.595651
3.12 4.68 0.398413 0.00596462 0.600998
3.12 4.8 0.393872 0.00755794 0.604081
3.12 4.92 0.389824 0.0114687 0.604464
3.12 5.04 0.385631 0.0187983 0.601301
3.12 5.16 0.380446 0.0312864 0.59392
3.12 5.28 0.372889 0.0510704 0.581362
3.12 5.4 0.362066 0.0795746 0.563104
3.12 5.52 0.348406 0.115162 0.540666
3.12 5.64 0.334365 0.151505 0.518005
3.12 5.76 0.325425 0.174678 0.503751
3.12 5.88 0.319013 0.191193 0.493681
3.24 0 0.170328 0.583476 0.246377
3.24 0.12 0.18258 0.553833 0.264096
3.24 0.24 0.215319 0.472824 0.311871
3.24 0.36 0.260839 0.359087 0.379117
3.24 0.48 0.309442 0.23694 0.452228
3.24 0.6 0.347893 0.139188 0.512124
3.24 0.72 0.371722 0.0763949 0.552222
3.24 0.84 0.384167 0.0410276 0.576088
3.24 0.96 0.390083 0.022156 0.589427
3.24 1.08 0.393234 0.0124557 0.596406
3.24 1.2 0.395796 0.00752929 0.598995
3.24 1.32 0.398937 0.00537672 0.598252
3.24 1.44 0.403035 0.00506901 0.594673
3.24 1.56 0.40797 0.00632925 0.588855
3.24 1.68 0.413142 0.00942581 0.580971
3.24 1.8 0.417477 0.0153724 0.571229
3.24 1.92 0.419185 0.0267911 0.558504
3.24 2.04 0.414668 0.0504014 0.539612
3.24 2.16 0.395629 0.103291 0.505638
3.24 2.28 0.346615 0.221729 0.437008
3.24 2.4 0.251433 0.438427 0.31474
3.24 2.52 0.14113 0.685861 0.176326
3.24 2.64 0.0680438 0.851024 0.0851186
3.24 2.76 0.0332718 0.930741 0.0417071
3.24 2.88 0.019056 0.963876 0.0238879
3.24 3 0.0149683 0.973772 0.0187729
3.24 3.12 0.0178636 0.967443 0.0224823
3.24 3.24 0.0298326 0.940194 0.0375999
3.24 3.36 0.0595887 0.87292 0.0748919
3.24 3.48 0.123889 0.728106 0.155108
3.24 3.6 0.228638 0.49278 0.28614
3.24 3.72 0.330213 0.262015 0.415518
3.24 3.84 0.388186 0.125108 0.494008
3.24 3.96 0.411704 0.0616657 0.533429
3.24 4.08 0.418283 0.0330624 0.554909
3.24 4.2 0.417386 0.0191733 0.569264
3.24 4.32 0.413171 0.0118248 0.580503
3.24 4.44 0.407679 0.00779031 0.589892
3.24 4.56 0.401741 0.00574824 0.597605
3.24 4.68 0.396267 0.00517538 0.603571
3.24 4.8 0.391624 0.00598202 0.607581
3.24 4.92 0.38774 0.00838327 0.609385
3.24 5.04 0.384266 0.0128562 0.608441
3.24 5.16 0.38084 0.0200901 0.60468
3.24 5.28 0.376737 0.030773 0.597968
3.24 5.4 0.371555 0.0450961 0.588551
3.24 5.52 0.365451 0.061945 0.577578
3.24 5.64 0.359311 0.0785987 0.566789
3.24 5.76 0.355559 0.0888108 0.560267
3.24 5.88 0.351825 0.0984632 0.554215
3.36 0 0.264854 0.346952 0.38705
3.36 0.12 0.273908 0.324801 0.400429
3.36 0.24 0.296515 0.268092 0.43441
3.36 0.36 0.323696 0.198947 0.476364
3.36 0.48 0.34954 0.132236 0.517749
3.36 0.6 0.368654 0.081091 0.550572
3.36 0.72 0.380269 0.0474772 0.573403
3.36 0.84 0.386405 0.0273091 0.588064
3.36 0.96 0.389494 0.0157058 0.596809
3.36 1.08 0.391556 0.00936624 0.601364
3.36 1.2 0.393855 0.0060376 0.602542
3.36 1.32 0.397078 0.00466365 0.600875
3.36 1.44 0.401389 0.00474717 0.596677
3.36 1.56 0.406559 0.00621225 0.59042
3.36 1.68 0.411925 0.00942367 0.582245
3.36 1.8 0.416423 0.0154427 0.572261
3.36 1.92 0.418249 0.0269147 0.559356
3.36 2.04 0.413842 0.0505672 0.540333
3.36 2.16 0.394913 0.103475 0.506257
3.36 2.28 0.346046 0.221862 0.43752
3.36 2.4 0.251116 0.438446 0.315167
3.36 2.52 0.141012 0.685895 0.176614
3.36 2.64 0.0680045 0.851101 0.085268
3.36 2.76 0.0332718 0.930768 0.0417968
3.36 2.88 0.019091 0.963781 0.0239756
3.36 3 0.0150502 0.97351 0.0189076
3.36 3.12 0.0180383 0.966928 0.0227449
3.36 3.24 0.0302255 0.939205 0.0381666
3.36 3.36 0.0604815 0.870796 0.076164
3.36 3.48 0.12562 0.723936 0.157633
3.36 3.6 0.230768 0.487286 0.289539
3.36 3.72 0.331359 0.258091 0.418156
3.36 3.84 0.388156 0.123249 0.495602
3.36 3.96 0.410986 0.0608978 0.53453
3.36 4.08 0.417203 0.0327404 0.555897
3.36 4.2 0.416086 0.019012 0.570308
3.36 4.32 0.4117 0.0116971 0.581726
3.36 4.44 0.406027 0.00761101 0.591401
3.36 4.56 0.399922 0.00542057 0.599534
3.36 4.68 0.394265 0.00454698 0.606055
3.36 4.8 0.389479 0.00478907 0.610844
3.36 4.92 0.385584 0.00616743 0.613735
3.36 5.04 0.38239 0.00884447 0.614323
3.36 5.16 0.379783 0.0130474 0.612807
3.36 5.28 0.377322 0.018922 0.609336
3.36 5.4 0.374749 0.0263158 0.604378
3.36 5.52 0.372039 0.0345073 0.598819
3.36 5.64 0.369411 0.0422849 0.593516
3.36 5.76 0.367942 0.0467944 0.590455
3.36 5.88 0.365891 0.0521487 0.587025
3.48 0 0.332172 0.175705 0.490927
3.48 0.12 0.336619 0.164731 0.497843
3.48 0.24 0.347604 0.136199 0.515604
3.48 0.36 0.359899 0.10308 0.536752
3.48 0.48 0.371132 0.0715472 0.557622
3.48 0.6 0.37923 0.0466744 0.574976
3.48 0.72 0.384058 0.0292745 0.58806
3.48 0.84 0.386582 0.017988 0.597189
3.48 0.96 0.388005 0.0109864 0.602879
3.48 1.08 0.389454 0.00695865 0.605619
3.48 1.2 0.39169 0.00481731 0.605651
3.48 1.32 0.395075 0.00405787 0.603181
3.48 1.44 0.399624 0.00446264 0.598439
3.48 1.56 0.405029 0.00609785 0.591772
3.48 1.68 0.410582 0.00940028 0.583332
3.48 1.8 0.415242 0.015466 0.573116
3.48 1.92 0.417206 0.0269501 0.560062
3.48 2.04 0.412969 0.0505628 0.540984
3.48 2.16 0.394257 0.103313 0.506951
3.48 2.28 0.345732 0.221311 0.438327
3.48 2.4 0.251217 0.437453 0.316093
3.48 2.52 0.141242 0.685032 0.177323
3.48 2.64 0.0681416 0.85057 0.0856398
3.48 2.76 0.0333509 0.930315 0.0419905
3.48 2.88 0.0191705 0.963211 0.0241216
3.48 3 0.0151719 0.972752 0.0190932
3.48 3.12 0.0182725 0.965884 0.0230815
3.48 3.24 0.0307421 0.937582 0.0388793
3.48 3.36 0.0616605 0.867741 0.0777631
3.48 3.48 0.127919 0.718285 0.1608
3.48 3.6 0.233648 0.480036 0.293741
3.48 3.72 0.333099 0.252933 0.421343
3.48 3.84 0.388527 0.120747 0.497478
3.48 3.96 0.410581 0.0598117 0.53581
3.48 4.08 0.416422 0.0322511 0.557051
3.48 4.2 0.415087 0.0187582 0.571507
3.48 4.32 0.410551 0.0115237 0.58308
3.48 4.44 0.404718 0.00742767 0.593004
3.48 4.56 0.398474 0.00514347 0.601479
3.48 4.68 0.392645 0.00406184 0.608429
3.48 4.8 0.387685 0.00391612 0.613801
3.48 4.92 0.383674 0.00462017 0.617464
3.48 5.04 0.380515 0.00618249 0.619084
3.48 5.16 0.378229 0.00863673 0.618981
3.48 5.28 0.376497 0.0119494 0.617382
3.48 5.4 0.375079 0.0159259 0.614746
3.48 5.52 0.373829 0.0201207 0.611755
3.48 5.64 0.372692 0.0239719 0.608908
3.48 5.76 0.372172 0.0260776 0.607345
3.48 5.88 0.371018 0.0290989 0.605302
3.6 0 0.36593 0.0857923 0.547351
3.6 0.12 0.367689 0.081259 0.550501
3.6 0.24 0.372041 0.0685684 0.55902
3.6 0.36 0.376641 0.0538376 0.569426
3.6 0.48 0.380718 0.0393764 0.580261
3.6 0.6 0.383445 0.0273056 0.590044
3.6 0.72 0.384849 0.0182243 0.598046
3.6 0.84 0.385476 0.0118739 0.603975
3.6 0.96 0.386028 0.00767085 0.607675
3.6 1.08 0.38722 0.00516922 0.609115
3.6 1.2 0.389545 0.00386987 0.608281
3.6 1.32 0.393153 0.00356988 0.60518
3.6 1.44 0.397951 0.00422228 0.599991
3.6 1.56 0.403569 0.00598805 0.592967
3.6 1.68 0.409283 0.00935341 0.584276
3.6 1.8 0.414082 0.015437 0.573834
3.6 1.92 0.416183 0.0268885 0.560648
3.6 2.04 0.412143 0.0503733 0.541561
3.6 2.16 0.393729 0.102782 0.507678
3.6 2.28 0.345704 0.220032 0.439374
3.6 2.4 0.25175 0.435357 0.317464
3.6 2.52 0.141831 0.683134 0.178422
3.6 2.64 0.0684723 0.849304 0.0862188
3.6 2.76 0.0335244 0.929307 0.0422813
3.6 2.88 0.0193053 0.962148 0.0243232
3.6 3 0.0153438 0.971537 0.0193285
3.6 3.12 0.0185807 0.964396 0.0234915
3.6 3.24 0.0314052 0.935399 0.0397426
3.6 3.36 0.0631596 0.86383 0.0797014
3.6 3.48 0.130835 0.711223 0.164623
3.6 3.6 0.237313 0.471144 0.29874
3.6 3.72 0.33548 0.246663 0.425077
3.6 3.84 0.38937 0.117668 0.499656
3.6 3.96 0.410566 0.0584346 0.53727
3.6 4.08 0.41599 0.0316019 0.558318
3.6 4.2 0.414416 0.0184116 0.572756
3.6 4.32 0.409709 0.0113007 0.5844
3.6 4.44 0.403719 0.00723441 0.594465
3.6 4.56 0.397341 0.0049062 0.603152
3.6 4.68 0.391355 0.00369493 0.610359
3.6 4.8 0.386222 0.00329873 0.616086
3.6 4.92 0.382066 0.00357502 0.620224
3.6 5.04 0.378852 0.00445858 0.622499
3.6 5.16 0.376677 0.00590506 0.62329
3.6 5.28 0.375268 0.00783135 0.622828
3.6 5.4 0.374365 0.0100733 0.621489
3.6 5.52 0.373748 0.0123555 0.619799
3.6 5.64 0.373259 0.0144013 0.618084
3.6 5.76 0.37315 0.0154611 0.617224
3.6 5.88 0.372449 0.0172448 0.615841
3.72 0 0.380089 0.0438583 0.575179
3.72 0.12 0.380684 0.0420038 0.576767
3.72 0.24 0.382069 0.0362877 0.581227
3.72 0.36 0.383287 0.0295454 0.586972
3.72 0.48 0.384194 0.022643 0.59334
3.72 0.6 0.384473 0.0165336 0.599552
3.72 0.72 0.384257 0.0116241 0.604942
3.72 0.84 0.383974 0.00796953 0.609045
3.72 0.96 0.384147 0.00542971 0.611487
3.72 1.08 0.385313 0.00390221 0.612062
3.72 1.2 0.387809 0.00317333 0.610628
3.72 1.32 0.391657 0.00319764 0.607084
3.72 1.44 0.396681 0.00402786 0.601549
3.72 1.56 0.402467 0.00588455 0.594225
3.72 1.68 0.408297 0.00928468 0.585282
3.72 1.8 0.413188 0.0153578 0.574631
3.72 1.92 0.415401 0.0267348 0.561323
3.72 2.04 0.411547 0.0500116 0.542241
3.72 2.16 0.39347 0.101907 0.508555
3.72 2.28 0.346049 0.218078 0.440726
3.72 2.4 0.252752 0.432253 0.319305
3.72 2.52 0.142794 0.68034 0.179917
3.72 2.64 0.0690073 0.847525 0.0870104
3.72 2.76 0.0337991 0.928077 0.0426747
3.72 2.88 0.0194995 0.961034 0.0245857
3.72 3 0.0155707 0.970357 0.0196195
3.72 3.12 0.0189699 0.962923 0.0239806
3.72 3.24 0.0322269 0.933049 0.0407682
3.72 3.36 0.0649961 0.859357 0.0819977
3.72 3.48 0.134392 0.702963 0.169116
3.72 3.6 0.241758 0.460824 0.3045
3.72 3.72 0.338464 0.239444 0.429287
3.72 3.84 0.390634 0.114091 0.502035
3.72 3.96 0.410872 0.0567931 0.538758
3.72 4.08 0.415815 0.0307987 0.559481
3.72 4.2 0.413965 0.0179715 0.573802
3.72 4.32 0.409067 0.0110247 0.585414
3.72 4.44 0.402937 0.00702572 0.595506
3.72 4.56 0.396452 0.00469862 0.604274
3.72 4.68 0.39036 0.0034241 0.611583
3.72 4.8 0.38511 0.00288523 0.617454
3.72 4.92 0.380858 0.002912 0.62182
3.72 5.04 0.37761 0.00340569 0.624465
3.72 5.16 0.375496 0.00429225 0.625792
3.72 5.28 0.374251 0.00547984 0.625996
3.72 5.4 0.373591 0.0068384 0.625384
3.72 5.52 0.373257 0.00818804 0.62439
3.72 5.64 0.373039 0.00937872 0.623303
3.72 5.76 0.373122 0.00996698 0.62279
3.72 5.88 0.372624 0.0111034 0.621776
3.84 0 0.385625 0.0245576 0.589086
3.84 0.12 0.385743 0.0237265 0.590072
3.84 0.24 0.385877 0.0209105 0.592848
3.84 0.36 0.385668 0.0175353 0.596641
3.84 0.48 0.385207 0.0139469 0.601058
3.84 0.6 0.384403 0.0106107 0.605596
3.84 0.72 0.383462 0.00778525 0.609672
3.84 0.84 0.382794 0.00558053 0.612794
3.84 0.96 0.382853 0.00399849 0.614521
3.84 1.08 0.384091 0.00306331 0.614586
3.84 1.2 0.386753 0.00269642 0.612781
3.84 1.32 0.390794 0.00293148 0.608954
3.84 1.44 0.395979 0.00387645 0.603169
3.84 1.56 0.40187 0.00578624 0.595603
3.84 1.68 0.407758 0.00919404 0.586421
3.84 1.8 0.412694 0.0152295 0.575575
3.84 1.92 0.414988 0.0264937 0.562149
3.84 2.04 0.411305 0.049492 0.54308
3.84 2.16 0.393588 0.100724 0.509634
3.84 2.28 0.346845 0.215543 0.442414
3.84 2.4 0.254272 0.428323 0.321628
3.84 2.52 0.144163 0.676923 0.181822
3.84 2.64 0.0697637 0.845574 0.0880281
3.84 2.76 0.0341857 0.927022 0.0431812
3.84 2.88 0.0197615 0.960321 0.024917
3.84 3 0.0158595 0.969681 0.0199728
3.84 3.12 0.0194471 0.961916 0.0245571
3.84 3.24 0.033216 0.930941 0.0419653
3.84 3.36 0.0671813 0.854615 0.0846587
3.84 3.48 0.138578 0.693728 0.174253
3.84 3.6 0.246915 0.449304 0.310914
3.84 3.72 0.34195 0.231438 0.433812
3.84 3.84 0.392214 0.11009 0.504446
3.84 3.96 0.411393 0.0549127 0.540101
3.84 4.08 0.415809 0.0298504 0.56038
3.84 4.2 0.413678 0.0174411 0.574512
3.84 4.32 0.408629 0.0106975 0.586048
3.84 4.44 0.402439 0.00680103 0.59613
3.84 4.56 0.395939 0.00451603 0.604914
3.84 4.68 0.389846 0.00323563 0.612222
3.84 4.8 0.384594 0.00264176 0.618074
3.84 4.92 0.380357 0.00255493 0.622455
3.84 5.04 0.377163 0.00286398 0.625198
3.84 5.16 0.375135 0.00348513 0.626707
3.84 5.28 0.373997 0.00432762 0.627148
3.84 5.4 0.373457 0.00528236 0.626805
3.84 5.52 0.373252 0.00621593 0.626092
3.84 5.64 0.373163 0.00703111 0.625288
3.84 5.76 0.373337 0.00741984 0.624934
3.84 5.88 0.372933 0.00825486 0.624097
3.96 0 0.387893 0.0159263 0.595755
3.96 0.12 0.387837 0.0154803 0.596515
3.96 0.24 0.387485 0.0138418 0.598613
3.96 0.36 0.386706 0.0118564 0.601607
3.96 0.48 0.385669 0.00968556 0.605185
3.96 0.6 0.384394 0.00759416 0.60897
3.96 0.72 0.383141 0.00575561 0.612445
3.96 0.84 0.382323 0.00427432 0.615123
3.96 0.96 0.382356 0.00319243 0.61653
3.96 1.08 0.383642 0.00257692 0.616359
3.96 1.2 0.386383 0.00240921 0.614369
3.96 1.32 0.390505 0.00275931 0.610389
3.96 1.44 0.395752 0.00376216 0.604457
3.96 1.56 0.401676 0.00568892 0.596737
3.96 1.68 0.40758 0.00907767 0.587399
3.96 1.8 0.412543 0.0150492 0.576433
3.96 1.92 0.414918 0.0261661 0.562958
3.96 2.04 0.411421 0.0488273 0.54397
3.96 2.16 0.394103 0.0992789 0.510856
3.96 2.28 0.348117 0.212545 0.444397
3.96 2.4 0.256321 0.423771 0.324396
3.96 2.52 0.145943 0.673112 0.184118
3.96 2.64 0.0707436 0.843647 0.0892634
3.96 2.76 0.0346848 0.926275 0.0437967
3.96 2.88 0.020092 0.960055 0.0253142
3.96 3 0.0162096 0.969465 0.0203852
3.96 3.12 0.0200098 0.961269 0.0252165
3.96 3.24 0.0343677 0.928961 0.0433225
3.96 3.36 0.069705 0.849534 0.087657
3.96 3.48 0.143353 0.683575 0.179958
3.96 3.6 0.252699 0.4368 0.317829
3.96 3.72 0.345877 0.22285 0.438514
3.96 3.84 0.394113 0.105775 0.506816
3.96 3.96 0.412182 0.0528463 0.541286
3.96 4.08 0.416068 0.0287842 0.56106
3.96 4.2 0.4137 0.0168364 0.574981
3.96 4.32 0.408586 0.0103292 0.586447
3.96 4.44 0.402446 0.00656653 0.596525
3.96 4.56 0.396056 0.00436058 0.605292
3.96 4.68 0.390091 0.00312566 0.612514
3.96 4.8 0.384975 0.00255312 0.61821
3.96 4.92 0.380892 0.0024665 0.622421
3.96 5.04 0.377863 0.00275463 0.625009
3.96 5.16 0.375978 0.00333283 0.626364
3.96 5.28 0.374942 0.00411092 0.626651
3.96 5.4 0.374474 0.00498498 0.626193
3.96 5.52 0.37433 0.00583258 0.625432
3.96 5.64 0.374305 0.00656924 0.624651
3.96 5.76 0.374492 0.00691646 0.624318
3.96 5.88 0.374109 0.00769035 0.6235
4.08 0 0.388984 0.0131321 0.597531
4.08 0.12 0.388877 0.0128006 0.598219
4.08 0.24 0.388378 0.0115248 0.600107
4.08 0.36 0.387423 0.00997064 0.602847
4.08 0.48 0.386205 0.00824808 0.606158
4.08 0.6 0.384773 0.0065597 0.609716
4.08 0.72 0.383404 0.0050485 0.613032
4.08 0.84 0.382507 0.00381204 0.615624
4.08 0.96 0.382481 0.00290115 0.616992
4.08 1.08 0.383707 0.00239402 0.616798
4.08 1.2 0.386382 0.00229046 0.614784
4.08 1.32 0.39044 0.00267148 0.610781
4.08 1.44 0.395634 0.00367951 0.604825
4.08 1.56 0.401524 0.00558814 0.597085
4.08 1.68 0.407423 0.00893087 0.587735
4.08 1.8 0.412428 0.0148118 0.576789
4.08 1.92 0.414915 0.0257468 0.563395
4.08 2.04 0.411648 0.0480118 0.544605
4.08 2.16 0.394792 0.097564 0.511953
4.08 2.28 0.349663 0.209054 0.44643
4.08 2.4 0.258741 0.418464 0.327408
4.08 2.52 0.148043 0.668568 0.186681
4.08 2.64 0.0719028 0.841219 0.0906547
4.08 2.76 0.0352738 0.925178 0.0444891
4.08 2.88 0.0204769 0.959479 0.0257571
4.08 3 0.0166088 0.968894 0.0208391
4.08 3.12 0.0206424 0.960153 0.025937
4.08 3.24 0.0356557 0.926325 0.0448032
4.08 3.36 0.0725159 0.843476 0.0909214
4.08 3.48 0.148606 0.67215 0.186086
4.08 3.6 0.258928 0.423311 0.325029
4.08 3.72 0.3501 0.213799 0.443237
4.08 3.84 0.396258 0.101238 0.509097
4.08 3.96 0.413217 0.0506475 0.54234
4.08 4.08 0.416595 0.0276315 0.561582
4.08 4.2 0.414028 0.0161766 0.575265
4.08 4.32 0.408907 0.0099323 0.586627
4.08 4.44 0.402887 0.00633055 0.596637
4.08 4.56 0.396686 0.00423832 0.605279
4.08 4.68 0.390947 0.00309864 0.612268
4.08 4.8 0.386089 0.00262156 0.617647
4.08 4.92 0.382292 0.00264436 0.621502
4.08 5.04 0.379533 0.0030656 0.623702
4.08 5.16 0.377848 0.00380559 0.624623
4.08 5.28 0.376925 0.00477159 0.624468
4.08 5.4 0.37651 0.0058486 0.623634
4.08 5.52 0.376372 0.00689316 0.622597
4.08 5.64 0.376284 0.00779958 0.621676
4.08 5.76 0.376457 0.00823592 0.62127
4.08 5.88 0.37595 0.00915756 0.620351
4.2 0 0.389523 0.0146718 0.595185
4.2 0.12 0.389457 0.0142882 0.595887
4.2 0.24 0.389048 0.0128293 0.597858
4.2 0.36 0.388188 0.0110521 0.600706
4.2 0.48 0.387049 0.00909241 0.604162
4.2 0.6 0.38566 0.00718403 0.607887
4.2 0.72 0.38428 0.00548691 0.611382
4.2 0.84 0.383313 0.00410392 0.614163
4.2 0.96 0.38316 0.00308244 0.61573
4.2 1.08 0.384209 0.00249616 0.615722
4.2 1.2 0.38668 0.0023329 0.613871
4.2 1.32 0.39054 0.00266566 0.610009
4.2 1.44 0.395575 0.0036282 0.604186
4.2 1.56 0.401371 0.00548452 0.596581
4.2 1.68 0.407251 0.00875495 0.587378
4.2 1.8 0.412317 0.0145197 0.576593
4.2 1.92 0.414952 0.0252403 0.563395
4.2 2.04 0.411955 0.0470552 0.544898
4.2 2.16 0.395607 0.0956028 0.512806
4.2 2.28 0.351406 0.205116 0.448364
4.2 2.4 0.261433 0.412443 0.330506
4.2 2.52 0.150386 0.663245 0.189402
4.2 2.64 0.0731994 0.838153 0.0921459
4.2 2.76 0.0359304 0.923539 0.0452301
4.2 2.88 0.020902 0.958374 0.0262286
4.2 3 0.0170448 0.967754 0.0213202
4.2 3.12 0.0213296 0.958406 0.0267008
4.2 3.24 0.0370552 0.922951 0.0463787
4.2 3.36 0.0755666 0.83648 0.0943975
4.2 3.48 0.154243 0.659662 0.192532
4.2 3.6 0.265481 0.409167 0.332382
4.2 3.72 0.354547 0.204532 0.447931
4.2 3.84 0.39863 0.0966035 0.511317
4.2 3.96 0.414492 0.048378 0.543312
4.2 4.08 0.417363 0.026425 0.56197
4.2 4.2 0.414595 0.0154805 0.575326
4.2 4.32 0.409461 0.00951866 0.58645
4.2 4.44 0.403556 0.00610249 0.596207
4.2 4.56 0.397555 0.00415907 0.6045
4.2 4.68 0.392087 0.00316781 0.611028
4.2 4.8 0.387574 0.00286761 0.615881
4.2 4.92 0.384167 0.00312165 0.619177
4.2 5.04 0.381762 0.00385037 0.620771
4.2 5.16 0.380329 0.00498791 0.621038
4.2 5.28 0.37954 0.00643779 0.620251
4.2 5.4 0.379163 0.00805692 0.61887
4.2 5.52 0.378983 0.00964277 0.617379
4.2 5.64 0.378845 0.0110245 0.616116
4.2 5.76 0.37895 0.0117154 0.615559
4.2 5.88 0.378327 0.0130296 0.614386
4.32 0 0.389274 0.0211123 0.588924
4.32 0.12 0.389345 0.0204782 0.589743
4.32 0.24 0.389314 0.0181928 0.592156
4.32 0.36 0.388887 0.0154241 0.595538
4.32 0.48 0.388165 0.0124344 0.599593
4.32 0.6 0.38709 0.00959954 0.6039
4.32 0.72 0.385873 0.0071472 0.60793
4.32 0.84 0.38491 0.00519258 0.611205
4.32 0.96 0.384626 0.00376008 0.613244
4.32 1.08 0.38545 0.00289745 0.613682
4.32 1.2 0.387644 0.00254599 0.612238
4.32 1.32 0.391224 0.00274958 0.608727
4.32 1.44 0.396025 0.00361624 0.60321
4.32 1.56 0.401666 0.00538803 0.595875
4.32 1.68 0.40748 0.00856354 0.586915
4.32 1.8 0.412569 0.0141928 0.576348
4.32 1.92 0.415312 0.0246769 0.563367
4.32 2.04 0.412547 0.0460087 0.545165
4.32 2.16 0.39668 0.0934908 0.51364
4.32 2.28 0.353404 0.200911 0.45032
4.32 2.4 0.264392 0.405987 0.333716
4.32 2.52 0.152954 0.657452 0.192272
4.32 2.64 0.0746258 0.834769 0.0937321
4.32 2.76 0.0366534 0.921709 0.0460197
4.32 2.88 0.021368 0.957135 0.0267299
4.32 3 0.0175188 0.966496 0.02183
4.32 3.12 0.022073 0.956525 0.0275095
4.32 3.24 0.0385677 0.919365 0.0480502
4.32 3.36 0.0788537 0.829087 0.0980793
4.32 3.48 0.160242 0.646662 0.199264
4.32 3.6 0.272328 0.394857 0.339857
4.32 3.72 0.359235 0.195336 0.452628
4.32 3.84 0.401273 0.0920089 0.513542
4.32 3.96 0.416058 0.0461046 0.544276
4.32 4.08 0.418431 0.0252019 0.562309
4.32 4.2 0.415464 0.0147718 0.575261
4.32 4.32 0.410312 0.00910585 0.586018
4.32 4.44 0.40451 0.0058981 0.595336
4.32 4.56 0.398713 0.00414101 0.603067
4.32 4.68 0.39355 0.0033595 0.60893
4.32 4.8 0.389435 0.00333489 0.613064
4.32 4.92 0.386446 0.00397452 0.615591
4.32 5.04 0.384375 0.00524206 0.616341
4.32 5.16 0.383124 0.00710598 0.615719
4.32 5.28 0.382351 0.00947532 0.614073
4.32 5.4 0.381831 0.0121628 0.611892
4.32 5.52 0.381384 0.0148502 0.609656
4.32 5.64 0.380944 0.0172195 0.607755
4.32 5.76 0.380855 0.0184594 0.606895
4.32 5.88 0.37996 0.0205282 0.60527
4.44 0 0.386689 0.0355636 0.577533
4.44 0.12 0.387085 0.0342786 0.578713
4.44 0.24 0.387981 0.0299594 0.582281
4.44 0.36 0.388626 0.0247844 0.587003
4.44 0.48 0.388942 0.0193756 0.592415
4.44 0.6 0.388683 0.014457 0.59793
4.44 0.72 0.387984 0.0103856 0.60299
4.44 0.84 0.387248 0.00726234 0.607158
4.44 0.96 0.38695 0.00502606 0.610007
4.44 1.08 0.387588 0.00364403 0.611188
4.44 1.2 0.3895 0.00295393 0.610413
4.44 1.32 0.392762 0.0029379 0.607469
4.44 1.44 0.397272 0.00365518 0.602413
4.44 1.56 0.402689 0.00531073 0.595443
4.44 1.68 0.408361 0.0083717 0.586768
4.44 1.8 0.413387 0.0138517 0.576416
4.44 1.92 0.416153 0.0240877 0.563621
4.44 2.04 0.413546 0.0449243 0.545674
4.44 2.16 0.398103 0.091328 0.514686
4.44 2.28 0.355717 0.196639 0.452474
4.44 2.4 0.26764 0.399441 0.33713
4.44 2.52 0.155752 0.651623 0.195325
4.44 2.64 0.0761872 0.831524 0.0954282
4.44 2.76 0.0374477 0.920159 0.0468657
4.44 2.88 0.0218784 0.956251 0.0272658
4.44 3 0.0180335 0.965636 0.0223718
4.44 3.12 0.0228747 0.955053 0.0283656
4.44 3.24 0.0401928 0.916115 0.0498168
4.44 3.36 0.082361 0.821829 0.101948
4.44 3.48 0.166537 0.633659 0.206212
4.44 3.6 0.279348 0.380788 0.347338
4.44 3.72 0.364032 0.186425 0.457217
4.44 3.84 0.404059 0.0875526 0.515673
4.44 3.96 0.41782 0.0438796 0.545175
4.44 4.08 0.419766 0.0239959 0.562622
4.44 4.2 0.416683 0.0140761 0.575205
4.44 4.32 0.411591 0.00871533 0.585595
4.44 4.44 0.405962 0.00573864 0.594432
4.44 4.56 0.400442 0.00421038 0.601531
4.44 4.68 0.395657 0.00371386 0.606642
4.44 4.8 0.391977 0.004094 0.609932
4.44 4.92 0.38936 0.0053342 0.611484
4.44 5.04 0.387476 0.00748502 0.611112
4.44 5.16 0.386161 0.0106017 0.609267
4.44 5.28 0.385041 0.0146418 0.606336
4.44 5.4 0.38389 0.0193716 0.602789
4.44 5.52 0.382615 0.0242642 0.599165
4.44 5.64 0.381332 0.0286697 0.596047
4.44 5.76 0.380715 0.0311002 0.594488
4.44 5.88 0.379268 0.0345468 0.592081
4.56 0 0.377657 0.0662318 0.556289
4.56 0.12 0.378811 0.0633085 0.558411
4.56 0.24 0.381846 0.0541743 0.564742
4.56 0.36 0.384974 0.0433837 0.572647
4.56 0.48 0.387662 0.0325559 0.581116
4.56 0.6 0.389258 0.0232308 0.589132
4.56 0.72 0.389791 0.0159582 0.596098
4.56 0.84 0.389723 0.0106769 0.601729
4.56 0.96 0.389652 0.00704734 0.60576
4.56 1.08 0.390206 0.00481121 0.607942
4.56 1.2 0.391851 0.00359064 0.60803
4.56 1.32 0.394767 0.00324653 0.605811
4.56 1.44 0.398936 0.00375333 0.601341
4.56 1.56 0.404067 0.00525783 0.594821
4.56 1.68 0.409532 0.00818352 0.586475
4.56 1.8 0.414433 0.0135007 0.576352
4.56 1.92 0.417171 0.0234785 0.563746
4.56 2.04 0.414689 0.0438141 0.546065
4.56 2.16 0.399663 0.0891441 0.515644
4.56 2.28 0.358175 0.192371 0.45459
4.56 2.4 0.271044 0.392916 0.340572
4.56 2.52 0.158689 0.645813 0.198453
4.56 2.64 0.0778307 0.828334 0.0971795
4.56 2.76 0.0382822 0.918666 0.0477401
4.56 2.88 0.0224119 0.955405 0.0278185
4.56 3 0.018569 0.964812 0.0229292
4.56 3.12 0.0237084 0.95364 0.0292462
4.56 3.24 0.0418831 0.912918 0.0516342
4.56 3.36 0.0859903 0.814556 0.105905
4.56 3.48 0.172933 0.620697 0.213167
4.56 3.6 0.286267 0.3671 0.35453
4.56 3.72 0.368658 0.177887 0.461409
4.56 3.84 0.406731 0.08328 0.517453
4.56 3.96 0.419552 0.0417315 0.545789
4.56 4.08 0.421169 0.0228277 0.562723
4.56 4.2 0.418074 0.0134099 0.574997
4.56 4.32 0.413137 0.00836257 0.585051
4.56 4.44 0.407774 0.00564198 0.593409
4.56 4.56 0.402626 0.00439373 0.599871
4.56 4.68 0.398295 0.00427887 0.604207
4.56 4.8 0.395049 0.00524108 0.606549
4.56 4.92 0.392682 0.00739953 0.606908
4.56 5.04 0.390712 0.0109865 0.605069
4.56 5.16 0.388881 0.0162788 0.601485
4.56 5.28 0.38671 0.0234273 0.596466
4.56 5.4 0.383953 0.032218 0.59039
4.56 5.52 0.380704 0.0417595 0.583967
4.56 5.64 0.377448 0.0506205 0.578222
4.56 5.76 0.375585 0.0558008 0.57502
4.56 5.88 0.37307 0.0617674 0.571143
4.68 0 0.353626 0.132007 0.514146
4.68 0.12 0.356552 0.125062 0.5186
4.68 0.24 0.364451 0.104688 0.531397
4.68 0.36 0.373268 0.0807732 0.546802
4.68 0.48 0.381282 0.0576654 0.562267
4.68 0.6 0.386951 0.0389076 0.575662
4.68 0.72 0.390141 0.0252817 0.586319
4.68 0.84 0.391555 0.0160591 0.594387
4.68 0.96 0.39212 0.0100828 0.600081
4.68 1.08 0.392754 0.00650308 0.60348
4.68 1.2 0.39416 0.00449688 0.60453
4.68 1.32 0.396697 0.00369126 0.603108
4.68 1.44 0.400476 0.00391671 0.599305
4.68 1.56 0.405283 0.00523132 0.59333
4.68 1.68 0.410519 0.00799907 0.585416
4.68 1.8 0.415292 0.0131386 0.575625
4.68 1.92 0.418011 0.0228478 0.563302
4.68 2.04 0.415676 0.0426765 0.545975
4.68 2.16 0.401095 0.0869364 0.516203
4.68 2.28 0.36053 0.188089 0.456381
4.68 2.4 0.274382 0.386313 0.343784
4.68 2.52 0.161616 0.639729 0.201475
4.68 2.64 0.079481 0.824704 0.0988904
4.68 2.76 0.0391205 0.916617 0.0485942
4.68 2.88 0.0229468 0.953922 0.0283578
4.68 3 0.0191056 0.963313 0.0234748
4.68 3.12 0.0245447 0.951562 0.0301123
4.68 3.24 0.0435806 0.909089 0.0534284
4.68 3.36 0.0896147 0.806755 0.109794
4.68 3.48 0.179195 0.607585 0.219852
4.68 3.6 0.292815 0.353825 0.361131
4.68 3.72 0.372911 0.169777 0.464992
4.68 3.84 0.409141 0.0792313 0.518737
4.68 3.96 0.421101 0.0396853 0.545969
4.68 4.08 0.422427 0.0217119 0.562378
4.68 4.2 0.419324 0.0127827 0.574269
4.68 4.32 0.414533 0.00805562 0.583869
4.68 4.44 0.409444 0.00561938 0.591637
4.68 4.56 0.404696 0.00471312 0.597381
4.68 4.68 0.400826 0.00510464 0.600858
4.68 4.8 0.397941 0.00689548 0.60211
4.68 4.92 0.395612 0.0104545 0.601024
4.68 5.04 0.393143 0.016403 0.597277
4.68 5.16 0.390032 0.0255771 0.591098
4.68 5.28 0.385495 0.0387504 0.582398
4.68 5.4 0.37918 0.0560277 0.571292
4.68 5.52 0.371535 0.0758875 0.558838
4.68 5.64 0.36393 0.0949664 0.547127
4.68 5.76 0.359205 0.106738 0.540052
4.68 5.88 0.354891 0.117109 0.533601
4.8 0 0.300731 0.265613 0.432457
4.8 0.12 0.307164 0.250475 0.441675
4.8 0.24 0.324692 0.207518 0.467531
4.8 0.36 0.345445 0.155659 0.499033
4.8 0.48 0.364886 0.105896 0.529831
4.8 0.6 0.379186 0.0671536 0.554735
4.8 0.72 0.387836 0.0408709 0.572747
4.8 0.84 0.392238 0.0244242 0.585129
4.8 0.96 0.394175 0.0145156 0.593337
4.8 1.08 0.395211 0.00885866 0.5983
4.8 1.2 0.396496 0.00572236 0.600441
4.8 1.32 0.398673 0.00429134 0.599874
4.8 1.44 0.402049 0.00415573 0.596792
4.8 1.56 0.40652 0.00524081 0.59143
4.8 1.68 0.411526 0.00783094 0.584031
4.8 1.8 0.41618 0.0127842 0.574656
4.8 1.92 0.418888 0.0222248 0.562684
4.8 2.04 0.416692 0.0415593 0.545747
4.8 2.16 0.402522 0.0847856 0.516616
4.8 2.28 0.362827 0.183929 0.457981
4.8 2.4 0.277629 0.379847 0.346787
4.8 2.52 0.164489 0.633649 0.20437
4.8 2.64 0.0811135 0.821006 0.10055
4.8 2.76 0.0399533 0.91454 0.0494282
4.8 2.88 0.023479 0.952474 0.0288871
4.8 3 0.0196386 0.961858 0.0240105
4.8 3.12 0.0253736 0.949478 0.0309609
4.8 3.24 0.045259 0.905177 0.0551818
4.8 3.36 0.0931737 0.798906 0.113565
4.8 3.48 0.185234 0.594801 0.226202
4.8 3.6 0.29898 0.34133 0.367193
4.8 3.72 0.376907 0.162291 0.468196
4.8 3.84 0.411473 0.0755052 0.519853
4.8 3.96 0.422654 0.037794 0.546051
4.8 4.08 0.423682 0.020679 0.561884
4.8 4.2 0.420516 0.0122133 0.573259
4.8 4.32 0.415811 0.00780821 0.582251
4.8 4.44 0.410952 0.00568493 0.58929
4.8 4.56 0.406568 0.00519242 0.594196
4.8 4.68 0.403079 0.00624836 0.596675
4.8 4.8 0.400375 0.0092105 0.596624
4.8 4.92 0.397729 0.0149114 0.593715
4.8 5.04 0.394048 0.0247998 0.587264
4.8 5.16 0.388216 0.0410636 0.576729
4.8 5.28 0.378683 0.066207 0.560924
4.8 5.4 0.364726 0.101477 0.539272
4.8 5.52 0.347505 0.144003 0.513639
4.8 5.64 0.330486 0.185504 0.488897
4.8 5.76 0.319647 0.211873 0.473326
4.8 5.88 0.312888 0.228196 0.463461
4.92 0 0.213111 0.480845 0.303829
4.92 0.12 0.223469 0.456549 0.318395
4.92 0.24 0.252743 0.386141 0.360155
4.92 0.36 0.291644 0.291709 0.416246
4.92 0.48 0.33138 0.194296 0.47453
4.92 0.6 0.362142 0.117138 0.521621
4.92 0.72 0.38123 0.0667037 0.553665
4.92 0.84 0.3912 0.0372674 0.573709
4.92 0.96 0.39573 0.0208565 0.585921
4.92 1.08 0.397737 0.0120417 0.593093
4.92 1.2 0.39917 0.0073177 0.596614
4.92 1.32 0.401114 0.00506424 0.59704
4.92 1.44 0.404131 0.00448076 0.594741
4.92 1.56 0.408262 0.00529823 0.590005
4.92 1.68 0.41301 0.00769618 0.583108
4.92 1.8 0.417507 0.0124623 0.574121
4.92 1.92 0.420158 0.0216468 0.562464
4.92 2.04 0.41804 0.0405212 0.545863
4.92 2.16 0.404194 0.0827934 0.517283
4.92 2.28 0.365258 0.180084 0.459692
4.92 2.4 0.280892 0.37386 0.349756
4.92 2.52 0.167354 0.628046 0.207209
4.92 2.64 0.0827546 0.817785 0.10219
4.92 2.76 0.0408003 0.913045 0.050262
4.92 2.88 0.0240234 0.951751 0.0294199
4.92 3 0.0201802 0.961197 0.0245474
4.92 3.12 0.0262064 0.948164 0.0318023
4.92 3.24 0.0469271 0.901979 0.0569035
4.92 3.36 0.0966683 0.791814 0.117227
4.92 3.48 0.191064 0.583071 0.23226
4.92 3.6 0.304867 0.33006 0.372894
4.92 3.72 0.380825 0.155621 0.471303
4.92 3.84 0.413933 0.0721903 0.521117
4.92 3.96 0.424437 0.0361068 0.546395
4.92 4.08 0.425217 0.0197615 0.561698
4.92 4.2 0.422019 0.011725 0.572585
4.92 4.32 0.417446 0.00763841 0.581005
4.92 4.44 0.412858 0.00585562 0.587355
4.92 4.56 0.408832 0.00585783 0.591412
4.92 4.68 0.405617 0.00777575 0.59279
4.92 4.8 0.402824 0.0123818 0.591162
4.92 4.92 0.399289 0.0213541 0.5858
4.92 5.04 0.393149 0.0378264 0.575121
4.92 5.16 0.381949 0.0669883 0.556774
4.92 5.28 0.36249 0.115316 0.52721
4.92 5.4 0.333454 0.186071 0.484765
4.92 5.52 0.298291 0.271367 0.434288
4.92 5.64 0.265368 0.350988 0.387439
4.92 5.76 0.245179 0.400046 0.358744
4.92 5.88 0.23736 0.418751 0.347586
5.04 0 0.121484 0.703286 0.172037
5.04 0.12 0.131843 0.679286 0.18646
5.04 0.24 0.163224 0.604686 0.230531
5.04 0.36 0.213648 0.483897 0.301687
5.04 0.48 0.275936 0.333599 0.390224
5.04 0.6 0.331228 0.19874 0.470392
5.04 0.72 0.367741 0.107636 0.525895
5.04 0.84 0.387101 0.0563554 0.558653
5.04 0.96 0.395939 0.0296348 0.577032
5.04 1.08 0.399665 0.0161815 0.587268
5.04 1.2 0.401602 0.00930249 0.592532
5.04 1.32 0.403494 0.00600608 0.594117
5.04 1.44 0.406231 0.00488662 0.592663
5.04 1.56 0.410024 0.00540107 0.588543
5.04 1.68 0.414483 0.00759461 0.582101
5.04 1.8 0.418783 0.0121739 0.573455
5.04 1.92 0.421354 0.0211147 0.562086
5.04 2.04 0.419301 0.0395627 0.545816
5.04 2.16 0.405769 0.0809603 0.517779
5.04 2.28 0.367568 0.176552 0.461191
5.04 2.4 0.283985 0.368326 0.352463
5.04 2.52 0.170077 0.62277 0.209848
5.04 2.64 0.0843158 0.814638 0.103727
5.04 2.76 0.0416041 0.911442 0.0510455
5.04 2.88 0.0245383 0.950837 0.0299219
5.04 3 0.0206912 0.960323 0.0250534
5.04 3.12 0.0269916 0.946686 0.0325946
5.04 3.24 0.0485002 0.898801 0.0585224
5.04 3.36 0.0999504 0.785102 0.120648
5.04 3.48 0.196455 0.572283 0.237815
5.04 3.6 0.310187 0.319968 0.377963
5.04 3.72 0.384307 0.149723 0.473954
5.04 3.84 0.41609 0.0692635 0.522082
5.04 3.96 0.425989 0.0346142 0.546502
5.04 4.08 0.426581 0.0189573 0.561332
5.04 4.2 0.42343 0.0113175 0.571817
5.04 4.32 0.419086 0.00754603 0.579785
5.04 4.44 0.414845 0.00613084 0.58556
5.04 4.56 0.411179 0.00671485 0.58881
5.04 4.68 0.408115 0.00972797 0.589003
5.04 4.8 0.404904 0.0165926 0.585485
5.04 4.92 0.3997 0.0304505 0.576766
5.04 5.04 0.389246 0.0575893 0.559487
5.04 5.16 0.368603 0.108958 0.527882
5.04 5.28 0.331993 0.197506 0.474749
5.04 5.4 0.279363 0.324325 0.399889
5.04 5.52 0.222076 0.462651 0.318975
5.04 5.64 0.176106 0.573467 0.254169
5.04 5.76 0.151056 0.634144 0.218817
5.04 5.88 0.14588 0.646206 0.211576
5.16 0 0.0614807 0.847852 0.0865658
5.16 0.12 0.0687146 0.831598 0.0965474
5.16 0.24 0.0918818 0.777205 0.128701
5.16 0.36 0.136698 0.671116 0.191096
5.16 0.48 0.2072 0.50268 0.289616
5.16 0.6 0.285944 0.312665 0.400852
5.16 0.72 0.345777 0.166797 0.487576
5.16 0.84 0.379077 0.0830403 0.539076
5.16 0.96 0.394331 0.0411957 0.566334
5.16 1.08 0.400602 0.0213107 0.580578
5.16 1.2 0.403365 0.0116469 0.587885
5.16 1.32 0.405359 0.00708826 0.590706
5.16 1.44 0.407892 0.00535539 0.590113
5.16 1.56 0.411376 0.00553989 0.586609
5.16 1.68 0.415565 0.00752206 0.580616
5.16 1.8 0.419675 0.0119177 0.572316
5.16 1.92 0.42217 0.0206284 0.561255
5.16 2.04 0.420183 0.0386833 0.545343
5.16 2.16 0.406968 0.0792804 0.517861
5.16 2.28 0.369483 0.173312 0.462252
5.16 2.4 0.286685 0.363193 0.354722
5.16 2.52 0.172529 0.617751 0.212173
5.16 2.64 0.0857411 0.811485 0.105109
5.16 2.76 0.0423416 0.909616 0.0517533
5.16 2.88 0.0250106 0.949533 0.0303755
5.16 3 0.0211589 0.959001 0.0255106
5.16 3.12 0.0277099 0.944829 0.0333113
5.16 3.24 0.0499379 0.895489 0.0599874
5.16 3.36 0.10293 0.778703 0.123723
5.16 3.48 0.201254 0.562437 0.242696
5.16 3.6 0.314766 0.311029 0.382216
5.16 3.72 0.387187 0.144569 0.47597
5.16 3.84 0.417769 0.066709 0.522553
5.16 3.96 0.427101 0.0333098 0.546148
5.16 4.08 0.427497 0.0182611 0.560475
5.16 4.2 0.424373 0.0109838 0.570532
5.16 4.32 0.42022 0.00751916 0.578012
5.16 4.44 0.416267 0.00649137 0.583168
5.16 4.56 0.412853 0.00773645 0.58554
5.16 4.68 0.409761 0.0120857 0.584406
5.16 4.8 0.405748 0.0219158 0.578628
5.16 4.92 0.397928 0.042685 0.565436
5.16 5.04 0.380801 0.0858595 0.538512
5.16 5.16 0.345758 0.171142 0.487093
5.16 5.28 0.285554 0.315687 0.401905
5.16 5.4 0.209128 0.499387 0.294954
5.16 5.52 0.141783 0.660945 0.201004
5.16 5.64 0.0987394 0.763535 0.140953
5.16 5.76 0.0785838 0.81185 0.112797
5.16 5.88 0.0765189 0.816435 0.11002
5.28 0 0.0314552 0.920566 0.0440276
5.28 0.12 0.0359049 0.911027 0.0501074
5.28 0.24 0.0505945 0.876973 0.0702549
5.28 0.36 0.0828371 0.801561 0.114611
5.28 0.48 0.144885 0.654992 0.200201
5.28 0.6 0.233924 0.44174 0.323971
5.28 0.72 0.316792 0.241691 0.441037
5.28 0.84 0.367616 0.117162 0.51592
5.28 0.96 0.391445 0.0554283 0.554849
5.28 1.08 0.401133 0.0273114 0.574135
5.28 1.2 0.405038 0.014271 0.583765
5.28 1.32 0.407262 0.00826686 0.58784
5.28 1.44 0.409661 0.00586709 0.588061
5.28 1.56 0.412883 0.00570992 0.585153
5.28 1.68 0.416849 0.00748478 0.579587
5.28 1.8 0.420781 0.0117107 0.571609
5.28 1.92 0.423183 0.0202182 0.560805
5.28 2.04 0.421213 0.0379334 0.545173
5.28 2.16 0.408242 0.0778411 0.518133
5.28 2.28 0.371338 0.170525 0.463335
5.28 2.4 0.289202 0.358756 0.356825
5.28 2.52 0.174822 0.613482 0.214338
5.28 2.64 0.0870967 0.809074 0.106424
5.28 2.76 0.043057 0.908608 0.052442
5.28 2.88 0.0254724 0.949112 0.0308205
5.28 3 0.0216115 0.958592 0.0259531
5.28 3.12 0.0283919 0.94388 0.0339902
5.28 3.24 0.0512781 0.893095 0.0613469
5.28 3.36 0.10566 0.773401 0.126524
5.28 3.48 0.205575 0.554052 0.247056
5.28 3.6 0.318852 0.303488 0.385978
5.28 3.72 0.389831 0.140261 0.477827
5.28 3.84 0.419431 0.0645793 0.523137
5.28 3.96 0.428318 0.0322268 0.546067
5.28 4.08 0.428577 0.0176929 0.559979
5.28 4.2 0.425496 0.0107327 0.569668
5.28 4.32 0.421478 0.00755484 0.576658
5.28 4.44 0.417729 0.006919 0.581164
5.28 4.56 0.414441 0.00888194 0.582619
5.28 4.68 0.411144 0.014779 0.580067
5.28 4.8 0.405942 0.0282707 0.571669
5.28 4.92 0.394481 0.0580771 0.552784
5.28 5.04 0.368182 0.122843 0.513015
5.28 5.16 0.314645 0.251644 0.43656
5.28 5.28 0.230739 0.452592 0.319827
5.28 5.4 0.143554 0.660978 0.199452
5.28 5.52 0.083765 0.802448 0.117114
5.28 5.64 0.0526513 0.875334 0.0742722
5.28 5.76 0.0396464 0.906171 0.056349
5.28 5.88 0.0389413 0.907518 0.0554792
5.4 0 0.0175345 0.95421 0.0243586
5.4 0.12 0.0203314 0.948548 0.0281374
5.4 0.24 0.0297177 0.927048 0.0408523
5.4 0.36 0.051864 0.875847 0.0709592
5.4 0.48 0.100532 0.762407 0.137323
5.4 0.6 0.186188 0.559164 0.254939
5.4 0.72 0.28477 0.322422 0.391977
5.4 0.84 0.353536 0.155903 0.49052
5.4 0.96 0.38723 0.0713726 0.542715
5.4 1.08 0.400963 0.0337917 0.567768
5.4 1.2 0.406259 0.0170046 0.5799
5.4 1.32 0.408819 0.00946584 0.5852
5.4 1.44 0.411146 0.00638832 0.586147
5.4 1.56 0.414157 0.00589856 0.583776
5.4 1.68 0.417934 0.00748128 0.57859
5.4 1.8 0.421704 0.011559 0.570897
5.4 1.92 0.424013 0.0198962 0.560304
5.4 2.04 0.422058 0.0373309 0.544911
5.4 2.16 0.409309 0.0766656 0.518262
5.4 2.28 0.372921 0.168209 0.464182
5.4 2.4 0.291388 0.354975 0.35859
5.4 2.52 0.176843 0.60969 0.216211
5.4 2.64 0.0883095 0.80673 0.107584
5.4 2.76 0.0437068 0.907406 0.0530626
5.4 2.88 0.0258967 0.948412 0.0312277
5.4 3 0.0220259 0.957927 0.0263566
5.4 3.12 0.0290053 0.942793 0.0345985
5.4 3.24 0.052461 0.890809 0.0625399
5.4 3.36 0.108022 0.768723 0.128932
5.4 3.48 0.209234 0.546947 0.250704
5.4 3.6 0.322211 0.297275 0.38899
5.4 3.72 0.391935 0.136772 0.479191
5.4 3.84 0.420736 0.0628746 0.523457
5.4 3.96 0.429314 0.0313734 0.545893
5.4 4.08 0.429542 0.0172598 0.559541
5.4 4.2 0.426578 0.0105661 0.569017
5.4 4.32 0.422724 0.00764441 0.575653
5.4 4.44 0.419174 0.0073857 0.579631
5.4 4.56 0.415975 0.0100841 0.58028
5.4 4.68 0.412377 0.0176554 0.576372
5.4 4.8 0.405719 0.0353077 0.565171
5.4 4.92 0.389856 0.0757593 0.539742
5.4 5.04 0.352739 0.165827 0.485135
5.4 5.16 0.279945 0.339969 0.383067
5.4 5.28 0.180065 0.578248 0.245932
5.4 5.4 0.0967842 0.774973 0.132387
5.4 5.52 0.0505671 0.882503 0.0696027
5.4 5.64 0.02965 0.930799 0.0412287
5.4 5.76 0.0214666 0.950227 0.0301301
5.4 5.88 0.021162 0.950375 0.0297949
5.52 0 0.0109938 0.970159 0.0151207
5.52 0.12 0.0129233 0.966515 0.0176976
5.52 0.24 0.0194521 0.95162 0.0264364
5.52 0.36 0.0354245 0.91485 0.0479069
5.52 0.48 0.0733252 0.827497 0.0990584
5.52 0.6 0.149946 0.647535 0.203223
5.52 0.72 0.255271 0.395861 0.347996
5.52 0.84 0.339022 0.194107 0.465992
5.52 0.96 0.382341 0.0872159 0.531001
5.52 1.08 0.400158 0.0400932 0.561762
5.52 1.2 0.406878 0.0195953 0.576273
5.52 1.32 0.409812 0.0105824 0.582668
5.52 1.44 0.412119 0.00687524 0.584228
5.52 1.56 0.414986 0.00608725 0.582329
5.52 1.68 0.418625 0.00750533 0.577484
5.52 1.8 0.422282 0.0114638 0.570049
5.52 1.92 0.42453 0.0196707 0.559653
5.52 2.04 0.422608 0.0368929 0.544485
5.52 2.16 0.410038 0.0757809 0.518168
5.52 2.28 0.374082 0.166396 0.464683
5.52 2.4 0.293115 0.351883 0.359921
5.52 2.52 0.178531 0.606442 0.217755
5.52 2.64 0.0893648 0.8046 0.108592
5.52 2.76 0.0442912 0.90618 0.0536233
5.52 2.88 0.026287 0.947573 0.0316046
5.52 3 0.0224059 0.95711 0.0267276
5.52 3.12 0.029552 0.941671 0.0351412
5.52 3.24 0.05348 0.888759 0.0635632
5.52 3.36 0.109986 0.764776 0.130919
5.52 3.48 0.212168 0.541181 0.253578
5.52 3.6 0.324807 0.292416 0.391214
5.52 3.72 0.393518 0.134123 0.480093
5.52 3.84 0.421701 0.0616087 0.52355
5.52 3.96 0.430013 0.030752 0.54556
5.52 4.08 0.430157 0.0169561 0.558915
5.52 4.2 0.427216 0.0104704 0.568119
5.52 4.32 0.423435 0.00776234 0.574381
5.52 4.44 0.419988 0.00783925 0.577852
5.52 4.56 0.416788 0.0112255 0.577751
5.52 4.68 0.412796 0.0204268 0.572566
5.52 4.8 0.404573 0.0422705 0.558612
5.52 4.92 0.384158 0.093629 0.526629
5.52 5.04 0.33637 0.208791 0.457635
5.52 5.16 0.247601 0.420648 0.334773
5.52 5.28 0.141698 0.671787 0.190925
5.52 5.4 0.0684633 0.84252 0.0922107
5.52 5.52 0.0332967 0.92337 0.0450622
5.52 5.64 0.018623 0.957054 0.0254567
5.52 5.76 0.0130658 0.970229 0.0180446
5.52 5.88 0.0128655 0.96997 0.0178323
5.64 0 0.00790001 0.978241 0.0107435
5.64 0.12 0.00940058 0.975722 0.0127277
5.64 0.24 0.0144926 0.964259 0.0194758
5.64 0.36 0.0271322 0.935159 0.0363079
5.64 0.48 0.058311 0.863755 0.0780355
5.64 0.6 0.126655 0.704472 0.170249
5.64 0.72 0.232866 0.45185 0.315112
5.64 0.84 0.326868 0.226043 0.44617
5.64 0.96 0.378098 0.100804 0.521636
5.64 1.08 0.399465 0.0454979 0.557295
5.64 1.2 0.407468 0.021803 0.57385
5.64 1.32 0.41077 0.011534 0.581141
5.64 1.44 0.413108 0.00730122 0.583187
5.64 1.56 0.415893 0.00627334 0.581662
5.64 1.68 0.419444 0.00757014 0.577091
5.64 1.8 0.423023 0.0114544 0.569819
5.64 1.92 0.425204 0.0195947 0.559511
5.64 2.04 0.42326 0.0367107 0.54445
5.64 2.16 0.410726 0.0753394 0.518305
5.64 2.28 0.375049 0.165331 0.465162
5.64 2.4 0.29452 0.349812 0.361006
5.64 2.52 0.179983 0.604107 0.219096
5.64 2.64 0.0903388 0.80316 0.109544
5.64 2.76 0.0448729 0.905614 0.0542014
5.64 2.88 0.0266971 0.947474 0.0320127
5.64 3 0.0228016 0.957073 0.0271229
5.64 3.12 0.0300857 0.941308 0.0356847
5.64 3.24 0.0544003 0.88752 0.0644957
5.64 3.36 0.111635 0.761986 0.132582
5.64 3.48 0.214491 0.537148 0.255823
5.64 3.6 0.326851 0.289219 0.392923
5.64 3.72 0.394887 0.132492 0.480904
5.64 3.84 0.422666 0.0608839 0.523841
5.64 3.96 0.430801 0.0304231 0.545579
5.64 4.08 0.430873 0.0168162 0.558741
5.64 4.2 0.427941 0.0104625 0.567747
5.64 4.32 0.424243 0.00790869 0.573778
5.64 4.44 0.420898 0.00825348 0.576939
5.64 4.56 0.417691 0.0122188 0.576297
5.64 4.68 0.413309 0.0228295 0.57005
5.64 4.8 0.403626 0.0483452 0.55369
5.64 4.92 0.379153 0.109201 0.516002
5.64 5.04 0.322518 0.245033 0.435246
5.64 5.16 0.223017 0.48198 0.29875
5.64 5.28 0.117322 0.731052 0.156348
5.64 5.4 0.053109 0.879349 0.0705784
5.64 5.52 0.024763 0.943974 0.0329877
5.64 5.64 0.0134122 0.969781 0.0180166
5.64 5.76 0.00917064 0.979662 0.0124414
5.64 5.88 0.00899895 0.979576 0.0122538
5.76 0 0.00662407 0.980648 0.00892141
5.76 0.12 0.00795284 0.979112 0.0106748
5.76 0.24 0.0124243 0.969284 0.0165651
5.76 0.36 0.0235543 0.943272 0.031305
5.76 0.48 0.0514194 0.8797 0.0683601
5.76 0.6 0.114684 0.7332 0.153392
5.76 0.72 0.219541 0.484465 0.295741
5.76 0.84 0.318601 0.246644 0.433078
5.76 0.96 0.37474 0.109903 0.515056
5.76 1.08 0.398394 0.0492733 0.553816
5.76 1.2 0.407355 0.0233815 0.571837
5.76 1.32 0.410893 0.0122286 0.579581
5.76 1.44 0.413272 0.00763043 0.581993
5.76 1.56 0.416048 0.00644178 0.580656
5.76 1.68 0.419529 0.00767417 0.576468
5.76 1.8 0.423109 0.0115343 0.569156
5.76 1.92 0.425176 0.0196817 0.558805
5.76 2.04 0.423255 0.0368255 0.543799
5.76 2.16 0.410548 0.0753747 0.517884
5.76 2.28 0.375207 0.165012 0.464916
5.76 2.4 0.295204 0.348515 0.361332
5.76 2.52 0.181032 0.601941 0.219997
5.76 2.64 0.0911366 0.801127 0.110339
5.76 2.76 0.0454139 0.903943 0.054763
5.76 2.88 0.0271363 0.946182 0.0324411
5.76 3 0.0232232 0.955822 0.0275419
5.76 3.12 0.030597 0.939814 0.0362541
5.76 3.24 0.0551846 0.885615 0.065307
5.76 3.36 0.11291 0.759141 0.133786
5.76 3.48 0.215882 0.534163 0.257076
5.76 3.6 0.327839 0.287477 0.393491
5.76 3.72 0.395425 0.131792 0.480772
5.76 3.84 0.422924 0.0607106 0.523381
5.76 3.96 0.430936 0.0304018 0.545026
5.76 4.08 0.43096 0.0168493 0.558217
5.76 4.2 0.428006 0.0105429 0.566996
5.76 4.32 0.424439 0.00807283 0.572904
5.76 4.44 0.421119 0.00859033 0.575979
5.76 4.56 0.417984 0.0129631 0.575035
5.76 4.68 0.413232 0.0245831 0.567939
5.76 4.8 0.402441 0.0526637 0.549921
5.76 4.92 0.37524 0.119926 0.508495
5.76 5.04 0.313188 0.268567 0.420641
5.76 5.16 0.208573 0.51772 0.277846
5.76 5.28 0.104995 0.760761 0.138984
5.76 5.4 0.0461456 0.895615 0.0608019
5.76 5.52 0.0211361 0.952218 0.0278693
5.76 5.64 0.0112764 0.974435 0.014958
5.76 5.76 0.007596 0.983148 0.0101698
5.76 5.88 0.00744175 0.983096 0.00999654
5.88 0 0.00619352 0.983685 0.00826627
5.88 0.12 0.00746859 0.980914 0.00993107
5.88 0.24 0.0117848 0.971202 0.0155776
5.88 0.36 0.0223723 0.946939 0.029504
5.88 0.48 0.0483868 0.887745 0.0639733
5.88 0.6 0.10702 0.752331 0.142342
5.88 0.72 0.206668 0.516843 0.277096
5.88 0.84 0.307557 0.275095 0.416372
5.88 0.96 0.368848 0.126543 0.504974
5.88 1.08 0.396179 0.057071 0.548755
5.88 1.2 0.406796 0.0270626 0.569036
5.88 1.32 0.411087 0.0140852 0.578141
5.88 1.44 0.413713 0.00869958 0.581152
5.88 1.56 0.41652 0.00724566 0.580082
5.88 1.68 0.419856 0.00852752 0.575707
5.88 1.8 0.423139 0.0127378 0.568348
5.88 1.92 0.424933 0.0216228 0.557753
5.88 2.04 0.422342 0.0401296 0.541982
5.88 2.16 0.409196 0.0810505 0.514623
5.88 2.28 0.372098 0.173096 0.460401
5.88 2.4 0.293087 0.35387 0.358429
5.88 2.52 0.183461 0.597348 0.222744
5.88 2.64 0.0956366 0.792203 0.115605
5.88 2.76 0.0490386 0.896929 0.0590183
5.88 2.88 0.0297555 0.94114 0.0355527
5.88 3 0.02561 0.951324 0.030351
5.88 3.12 0.033613 0.9341 0.0396907
5.88 3.24 0.0596662 0.876839 0.0704699
5.88 3.36 0.11862 0.747568 0.140405
5.88 3.48 0.21944 0.527352 0.260949
5.88 3.6 0.326655 0.290734 0.39167
5.88 3.72 0.393098 0.137923 0.477446
5.88 3.84 0.421421 0.0650946 0.521017
5.88 3.96 0.430286 0.0330633 0.543609
5.88 4.08 0.430844 0.0184761 0.557174
5.88 4.2 0.428191 0.0116429 0.566245
5.88 4.32 0.424743 0.00901788 0.572209
5.88 4.44 0.421457 0.0097608 0.574984
5.88 4.56 0.418029 0.0149366 0.573456
5.88 4.68 0.412505 0.0285608 0.565161
5.88 4.8 0.399786 0.0613778 0.544288
5.88 4.92 0.368304 0.138721 0.496941
5.88 5.04 0.299835 0.30251 0.400706
5.88 5.16 0.193195 0.555699 0.255883
5.88 5.28 0.0961508 0.782398 0.126338
5.88 5.4 0.0426821 0.904499 0.0557435
5.88 5.52 0.0197167 0.956134 0.0256985
5.88 5.64 0.0105157 0.976662 0.0137653
5.88 5.76 0.00708757 0.984483 0.00934211
5.88 5.88 0.00675405 0.984744 0.00893386
