0 0 -7.48452 12.0816 -7.48452
0 0.16 -7.87091 11.6354 -7.87091
0 0.32 -4.2032 15.0765 -4.2032
0 0.48 -3.34796 15.4624 -3.34796
0 0.64 -2.78991 15.1194 -2.78991
0 0.8 -2.54576 13.5795 -2.54576
0 0.96 -2.74977 9.73299 -2.74977
0 1.12 -2.27723 3.36541 -2.27723
0 1.28 1.85831 -1.82748 1.85831
0 1.44 8.39908 -2.96794 8.39908
0 1.6 12.9755 -2.68837 12.9755
0 1.76 15.0095 -2.74402 15.0095
0 1.92 15.6436 -3.13003 15.6436
0 2.08 15.7001 -3.58106 15.7001
0 2.24 15.5993 -3.91081 15.5993
0 2.4 15.5405 -4.0094 15.5405
0 2.56 15.5681 -3.84541 15.5681
0 2.72 15.5708 -3.47624 15.5708
0 2.88 15.2329 -3.0533 15.2329
0 3.04 13.8775 -2.84116 13.8775
0 3.2 10.2896 -3.10742 10.2896
0 3.36 3.83482 -2.98351 3.83482
0 3.52 -1.95015 0.833328 -1.95015
0 3.68 -3.28166 7.76727 -3.28166
0 3.84 -2.82147 12.8378 -2.82147
0 4 -2.70373 15.1212 -2.70373
0 4.16 -2.93518 15.8875 -2.93518
0 4.32 -3.20651 16.0569 -3.20651
0 4.48 -3.33293 16.048 -3.33293
0 4.64 -3.25415 15.9746 -3.25415
0 4.8 -3.03186 15.695 -3.03186
0 4.96 -2.87961 14.7027 -2.87961
0 5.12 -3.15816 11.8742 -3.15816
0 5.28 -3.6581 5.8943 -3.6581
0 5.44 -1.36873 -1.13371 -1.36873
0 5.6 5.50074 -3.73558 5.50074
0 5.76 11.687 -3.22012 11.687
0 5.92 14.7217 -2.78894 14.7217
0 6.08 15.817 -2.78531 15.817
0 6.24 16.0878 -2.87168 16.0878
0 6.4 15.9362 -2.88387 15.9362
0 6.56 15.186 -2.89083 15.186
0 6.72 12.9505 -3.21305 12.9505
0 6.88 7.6613 -4.02784 7.6613
0 7.04 -0.00783886 -3.0477 -0.00783886
0 7.2 -3.98805 3.31821 -3.98805
0 7.36 -3.51895 10.5546 -3.51895
0 7.52 1.09298 18.24 1.09298
0 7.68 1.57568 19.8934 1.57568
0 7.84 -28.7275 -9.95369 -28.7275
0.16 0 -12.8385 6.72656 -12.8385
0.16 0.16 -14.2296 5.27494 -14.2296
0.16 0.32 -10.4283 8.84804 -10.4283
0.16 0.48 -9.54706 9.25783 -9.54706
0.16 0.64 -8.96652 8.93364 -8.96652
0.16 0.8 -8.69569 7.41428 -8.69569
0.16 0.96 -8.86783 3.59111 -8.86783
0.16 1.12 -8.35506 -2.74011 -8.35506
0.16 1.28 -4.18722 -7.89005 -4.18722
0.16 1.44 2.35321 -9.01905 2.35321
0.16 1.6 6.91319 -8.75119 6.91319
0.16 1.76 8.92831 -8.82461 8.92831
0.16 1.92 9.54485 -9.22809 9.54485
0.16 2.08 9.58696 -9.69356 9.58696
0.16 2.24 9.47644 -10.0331 9.47644
0.16 2.4 9.41406 -10.1352 9.41406
0.16 2.56 9.44549 -9.96751 9.44549
0.16 2.72 9.45848 -9.58805 9.45848
0.16 2.88 9.13627 -9.14964 9.13627
0.16 3.04 7.80051 -8.91933 7.80051
0.16 3.2 4.23354 -9.17027 4.23354
0.16 3.36 -2.2096 -9.05009 -2.2096
0.16 3.52 -8.01421 -5.26875 -8.01421
0.16 3.68 -9.38718 1.62999 -9.38718
0.16 3.84 -8.95725 6.68352 -8.95725
0.16 4 -8.86155 8.95334 -8.86155
0.16 4.16 -9.11057 9.70633 -9.11057
0.16 4.32 -9.39349 9.86613 -9.39349
0.16 4.48 -9.52512 9.85268 -9.52512
0.16 4.64 -9.44349 9.78159 -9.44349
0.16 4.8 -9.21069 9.51079 -9.21069
0.16 4.96 -9.04097 8.53244 -9.04097
0.16 5.12 -9.29513 5.72219 -9.29513
0.16 5.28 -9.76276 -0.230944 -9.76276
0.16 5.44 -7.43648 -7.21502 -7.43648
0.16 5.6 -0.553258 -9.79144 -0.553258
0.16 5.76 5.62679 -9.27871 5.62679
0.16 5.92 8.65017 -8.85892 8.65017
0.16 6.08 9.7351 -8.86617 9.7351
0.16 6.24 10 -8.95876 10
0.16 6.4 9.84873 -8.97082 9.84873
0.16 6.56 9.10545 -8.97104 9.10545
0.16 6.72 6.88157 -9.28319 6.88157
0.16 6.88 1.60272 -10.0945 1.60272
0.16 7.04 -6.07011 -9.13562 -6.07011
0.16 7.2 -10.0834 -2.81011 -10.0834
0.16 7.36 -9.65675 4.39498 -9.65675
0.16 7.52 -4.94607 12.1887 -4.94607
0.16 7.68 -3.93836 14.3703 -3.93836
0.16 7.84 -37.0713 -18.3017 -37.0713
0.32 0 -7.21381 12.3579 -7.21381
0.32 0.16 -7.88487 11.6287 -7.88487
0.32 0.32 -4.25695 15.0334 -4.25695
0.32 0.48 -3.42842 15.3989 -3.42842
0.32 0.64 -2.87348 15.0646 -2.87348
0.32 0.8 -2.62317 13.5529 -2.62317
0.32 0.96 -2.82772 9.74442 -2.82772
0.32 1.12 -2.38602 3.38494 -2.38602
0.32 1.28 1.72633 -1.84806 1.72633
0.32 1.44 8.3241 -2.99214 8.3241
0.32 1.6 12.9604 -2.69032 12.9604
0.32 1.76 15.0195 -2.73412 15.0195
0.32 1.92 15.6625 -3.11486 15.6625
0.32 2.08 15.723 -3.56301 15.723
0.32 2.24 15.6236 -3.89259 15.6236
0.32 2.4 15.5641 -3.99408 15.5641
0.32 2.56 15.5942 -3.83309 15.5942
0.32 2.72 15.603 -3.46718 15.603
0.32 2.88 15.2814 -3.04591 15.2814
0.32 3.04 13.962 -2.83387 13.962
0.32 3.2 10.4366 -3.10853 10.4366
0.32 3.36 3.99084 -3.07149 3.99084
0.32 3.52 -1.93343 0.596713 -1.93343
0.32 3.68 -3.36421 7.53916 -3.36421
0.32 3.84 -2.90454 12.6952 -2.90454
0.32 4 -2.77962 15.023 -2.77962
0.32 4.16 -3.00884 15.8055 -3.00884
0.32 4.32 -3.27854 15.9835 -3.27854
0.32 4.48 -3.40849 15.976 -3.40849
0.32 4.64 -3.32988 15.9086 -3.32988
0.32 4.8 -3.10768 15.6395 -3.10768
0.32 4.96 -2.95146 14.6713 -2.95146
0.32 5.12 -3.22209 11.8914 -3.22209
0.32 5.28 -3.73839 5.95899 -3.73839
0.32 5.44 -1.51989 -1.11008 -1.51989
0.32 5.6 5.36979 -3.76056 5.36979
0.32 5.76 11.6447 -3.2258 11.6447
0.32 5.92 14.7255 -2.77837 14.7255
0.32 6.08 15.8366 -2.77028 15.8366
0.32 6.24 16.1153 -2.85601 16.1153
0.32 6.4 15.9726 -2.86982 15.9726
0.32 6.56 15.2447 -2.8749 15.2447
0.32 6.72 13.0588 -3.193 13.0588
0.32 6.88 7.82923 -4.03465 7.82923
0.32 7.04 0.10106 -3.19592 0.10106
0.32 7.2 -4.0397 3.06864 -4.0397
0.32 7.36 -3.61352 10.3733 -3.61352
0.32 7.52 1.06228 18.1789 1.06228
0.32 7.68 1.65702 19.9639 1.65702
0.32 7.84 -28.9455 -10.1756 -28.9455
0.48 0 -7.26336 12.3133 -7.26336
0.48 0.16 -7.9256 11.5941 -7.9256
0.48 0.32 -4.31896 14.9807 -4.31896
0.48 0.48 -3.49052 15.3519 -3.49052
0.48 0.64 -2.93302 15.0307 -2.93302
0.48 0.8 -2.67699 13.545 -2.67699
0.48 0.96 -2.8809 9.77341 -2.8809
0.48 1.12 -2.47338 3.42017 -2.47338
0.48 1.28 1.588 -1.87247 1.588
0.48 1.44 8.20191 -3.05357 8.20191
0.48 1.6 12.8797 -2.74756 12.8797
0.48 1.76 14.9619 -2.78406 14.9619
0.48 1.92 15.6134 -3.16219 15.6134
0.48 2.08 15.676 -3.61082 15.676
0.48 2.24 15.5757 -3.9432 15.5757
0.48 2.4 15.5147 -4.04868 15.5147
0.48 2.56 15.5454 -3.89128 15.5454
0.48 2.72 15.5596 -3.52726 15.5596
0.48 2.88 15.2538 -3.10417 15.2538
0.48 3.04 13.9707 -2.88444 13.9707
0.48 3.2 10.509 -3.15231 10.509
0.48 3.36 4.09768 -3.16061 4.09768
0.48 3.52 -1.91815 0.402262 -1.91815
0.48 3.68 -3.43168 7.34684 -3.43168
0.48 3.84 -2.97168 12.5747 -2.97168
0.48 4 -2.83464 14.9474 -2.83464
0.48 4.16 -3.05982 15.7472 -3.05982
0.48 4.32 -3.33005 15.931 -3.33005
0.48 4.48 -3.46309 15.9251 -3.46309
0.48 4.64 -3.38726 15.8606 -3.38726
0.48 4.8 -3.16561 15.6006 -3.16561
0.48 4.96 -3.0051 14.6558 -3.0051
0.48 5.12 -3.26681 11.9238 -3.26681
0.48 5.28 -3.80025 6.03902 -3.80025
0.48 5.44 -1.66864 -1.07996 -1.66864
0.48 5.6 5.19179 -3.82 5.19179
0.48 5.76 11.5266 -3.29429 11.5266
0.48 5.92 14.6529 -2.83464 14.6529
0.48 6.08 15.7828 -2.82166 15.7828
0.48 6.24 16.0693 -2.90759 16.0693
0.48 6.4 15.9346 -2.92242 15.9346
0.48 6.56 15.2257 -2.92496 15.2257
0.48 6.72 13.0837 -3.23421 13.0837
0.48 6.88 7.91847 -4.07943 7.91847
0.48 7.04 0.172753 -3.32596 0.172753
0.48 7.2 -4.0859 2.86281 -4.0859
0.48 7.36 -3.69014 10.2236 -3.69014
0.48 7.52 0.995964 18.0851 0.995964
0.48 7.68 1.59134 19.8866 1.59134
0.48 7.84 -28.9624 -10.199 -28.9624
0.64 0 -7.2739 12.3059 -7.2739
0.64 0.16 -7.93053 11.593 -7.93053
0.64 0.32 -4.32453 14.9812 -4.32453
0.64 0.48 -3.49555 15.3568 -3.49555
0.64 0.64 -2.93606 15.0452 -2.93606
0.64 0.8 -2.67564 13.5791 -2.67564
0.64 0.96 -2.8779 9.83766 -2.8779
0.64 1.12 -2.49569 3.49473 -2.49569
0.64 1.28 1.52123 -1.84241 1.52123
0.64 1.44 8.14254 -3.05617 8.14254
0.64 1.6 12.8532 -2.74884 12.8532
0.64 1.76 14.9555 -2.77987 14.9555
0.64 1.92 15.6153 -3.15593 15.6153
0.64 2.08 15.6805 -3.60514 15.6805
0.64 2.24 15.5799 -3.94002 15.5799
0.64 2.4 15.5177 -4.04907 15.5177
0.64 2.56 15.5483 -3.89515 15.5483
0.64 2.72 15.5665 -3.53313 15.5665
0.64 2.88 15.2738 -3.10861 15.2738
0.64 3.04 14.0226 -2.88154 14.0226
0.64 3.2 10.6197 -3.14138 10.6197
0.64 3.36 4.24794 -3.18659 4.24794
0.64 3.52 -1.84474 0.276291 -1.84474
0.64 3.68 -3.43905 7.21358 -3.43905
0.64 3.84 -2.98189 12.507 -2.98189
0.64 4 -2.8336 14.9243 -2.8336
0.64 4.16 -3.0543 15.7427 -3.0543
0.64 4.32 -3.32496 15.9329 -3.32496
0.64 4.48 -3.46078 15.9291 -3.46078
0.64 4.64 -3.38799 15.8667 -3.38799
0.64 4.8 -3.16744 15.6138 -3.16744
0.64 4.96 -3.00329 14.689 -3.00329
0.64 5.12 -3.25645 12.0001 -3.25645
0.64 5.28 -3.80266 6.16382 -3.80266
0.64 5.44 -1.752 -0.993073 -1.752
0.64 5.6 5.07125 -3.81938 5.07125
0.64 5.76 11.4582 -3.30706 11.4582
0.64 5.92 14.6292 -2.83703 14.6292
0.64 6.08 15.7786 -2.81946 15.7786
0.64 6.24 16.0731 -2.9056 16.0731
0.64 6.4 15.9455 -2.92153 15.9455
0.64 6.56 15.2519 -2.92232 15.2519
0.64 6.72 13.1468 -3.22371 13.1468
0.64 6.88 8.03943 -4.06944 8.03943
0.64 7.04 0.287174 -3.38665 0.287174
0.64 7.2 -4.07264 2.72946 -4.07264
0.64 7.36 -3.70777 10.1343 -3.70777
0.64 7.52 0.991135 18.0502 0.991135
0.64 7.68 1.59399 19.8743 1.59399
0.64 7.84 -28.9554 -10.2019 -28.9554
0.8 0 -7.28199 12.2993 -7.28199
0.8 0.16 -7.93576 11.5898 -7.93576
0.8 0.32 -4.32969 14.9795 -4.32969
0.8 0.48 -3.50027 15.3584 -3.50027
0.8 0.64 -2.93914 15.054 -2.93914
0.8 0.8 -2.67504 13.6029 -2.67504
0.8 0.96 -2.87508 9.886 -2.87508
0.8 1.12 -2.51133 3.55448 -2.51133
0.8 1.28 1.46888 -1.81557 1.46888
0.8 1.44 8.09303 -3.05665 8.09303
0.8 1.6 12.8295 -2.74934 12.8295
0.8 1.76 14.9487 -2.77627 14.9487
0.8 1.92 15.6158 -3.15087 15.6158
0.8 2.08 15.6832 -3.60088 15.6832
0.8 2.24 15.5823 -3.93816 15.5823
0.8 2.4 15.519 -4.05056 15.519
0.8 2.56 15.5493 -3.89989 15.5493
0.8 2.72 15.5707 -3.53976 15.5707
0.8 2.88 15.2892 -3.11389 15.2892
0.8 3.04 14.0664 -2.87992 14.0664
0.8 3.2 10.7174 -3.13127 10.7174
0.8 3.36 4.38631 -3.2072 4.38631
0.8 3.52 -1.77219 0.162546 -1.77219
0.8 3.68 -3.44365 7.08708 -3.44365
0.8 3.84 -2.99125 12.4399 -2.99125
0.8 4 -2.83275 14.8997 -2.83275
0.8 4.16 -3.04918 15.7365 -3.04918
0.8 4.32 -3.3203 15.9331 -3.3203
0.8 4.48 -3.4588 15.9311 -3.4588
0.8 4.64 -3.38901 15.8705 -3.38901
0.8 4.8 -3.16967 15.6239 -3.16967
0.8 4.96 -3.00226 14.7169 -3.00226
0.8 5.12 -3.24705 12.0678 -3.24705
0.8 5.28 -3.80304 6.27983 -3.80304
0.8 5.44 -1.82793 -0.907277 -1.82793
0.8 5.6 4.95464 -3.81622 4.95464
0.8 5.76 11.3887 -3.31937 11.3887
0.8 5.92 14.6029 -2.8401 14.6029
0.8 6.08 15.7717 -2.81825 15.7717
0.8 6.24 16.0742 -2.90462 16.0742
0.8 6.4 15.9525 -2.92176 15.9525
0.8 6.56 15.2716 -2.92133 15.2716
0.8 6.72 13.1975 -3.21595 13.1975
0.8 6.88 8.14067 -4.06075 8.14067
0.8 7.04 0.387412 -3.43659 0.387412
0.8 7.2 -4.0585 2.6135 -4.0585
0.8 7.36 -3.72274 10.0533 -3.72274
0.8 7.52 0.987057 18.017 0.987057
0.8 7.68 1.59702 19.8618 1.59702
0.8 7.84 -28.9502 -10.2074 -28.9502
0.96 0 -7.2871 12.2945 -7.2871
0.96 0.16 -7.94129 11.585 -7.94129
0.96 0.32 -4.33497 14.9759 -4.33497
0.96 0.48 -3.50517 15.3572 -3.50517
0.96 0.64 -2.94258 15.0581 -2.94258
0.96 0.8 -2.67523 13.6186 -2.67523
0.96 0.96 -2.87254 9.92153 -2.87254
0.96 1.12 -2.52155 3.60127 -2.52155
0.96 1.28 1.42986 -1.79224 1.42986
0.96 1.44 8.05454 -3.05497 8.05454
0.96 1.6 12.8108 -2.74813 12.8108
0.96 1.76 14.9437 -2.77191 14.9437
0.96 1.92 15.6169 -3.14546 15.6169
0.96 2.08 15.6861 -3.59635 15.6861
0.96 2.24 15.585 -3.9359 15.585
0.96 2.4 15.5205 -4.05142 15.5205
0.96 2.56 15.5503 -3.9038 15.5503
0.96 2.72 15.5742 -3.54543 15.5742
0.96 2.88 15.3026 -3.11839 15.3026
0.96 3.04 14.1047 -2.87819 14.1047
0.96 3.2 10.8046 -3.12129 10.8046
0.96 3.36 4.5132 -3.22318 4.5132
0.96 3.52 -1.70206 0.0610382 -1.70206
0.96 3.68 -3.44599 6.96961 -3.44599
0.96 3.84 -2.99979 12.3755 -2.99979
0.96 4 -2.83236 14.8747 -2.83236
0.96 4.16 -3.04502 15.729 -3.04502
0.96 4.32 -3.31667 15.9317 -3.31667
0.96 4.48 -3.45779 15.9314 -3.45779
0.96 4.64 -3.39087 15.8723 -3.39087
0.96 4.8 -3.17268 15.6312 -3.17268
0.96 4.96 -3.00213 14.7406 -3.00213
0.96 5.12 -3.23851 12.129 -3.23851
0.96 5.28 -3.80184 6.3885 -3.80184
0.96 5.44 -1.89708 -0.823186 -1.89708
0.96 5.6 4.84356 -3.81079 4.84356
0.96 5.76 11.3209 -3.33024 11.3209
0.96 5.92 14.5768 -2.84242 14.5768
0.96 6.08 15.7647 -2.8164 15.7647
0.96 6.24 16.0747 -2.90297 16.0747
0.96 6.4 15.9583 -2.92141 15.9583
0.96 6.56 15.2877 -2.92031 15.2877
0.96 6.72 13.2392 -3.20944 13.2392
0.96 6.88 8.22526 -4.0529 8.22526
0.96 7.04 0.47368 -3.47709 0.47368
0.96 7.2 -4.04458 2.51512 -4.04458
0.96 7.36 -3.73514 9.98261 -3.73514
0.96 7.52 0.983339 17.9868 0.983339
0.96 7.68 1.5993 19.8495 1.5993
0.96 7.84 -28.9464 -10.2136 -28.9464
1.12 0 -7.30067 12.2804 -7.30067
1.12 0.16 -7.9462 11.5801 -7.9462
1.12 0.32 -4.33958 14.9719 -4.33958
1.12 0.48 -3.50916 15.3551 -3.50916
1.12 0.64 -2.9452 15.0601 -2.9452
1.12 0.8 -2.67522 13.6292 -2.67522
1.12 0.96 -2.87016 9.94687 -2.87016
1.12 1.12 -2.52802 3.63607 -2.52802
1.12 1.28 1.40177 -1.7737 1.40177
1.12 1.44 8.0259 -3.05263 8.0259
1.12 1.6 12.7968 -2.74622 12.7968
1.12 1.76 14.9402 -2.76755 14.9402
1.12 1.92 15.6182 -3.1403 15.6182
1.12 2.08 15.6888 -3.59207 15.6888
1.12 2.24 15.5872 -3.93373 15.5872
1.12 2.4 15.5214 -4.05216 15.5214
1.12 2.56 15.5507 -3.90735 15.5507
1.12 2.72 15.5768 -3.55069 15.5768
1.12 2.88 15.3137 -3.12269 15.3137
1.12 3.04 14.1379 -2.87704 14.1379
1.12 3.2 10.8817 -3.11245 10.8817
1.12 3.36 4.62789 -3.23635 4.62789
1.12 3.52 -1.63614 -0.0293711 -1.63614
1.12 3.68 -3.44657 6.86239 -3.44657
1.12 3.84 -3.0068 12.316 -3.0068
1.12 4 -2.83135 14.8516 -2.83135
1.12 4.16 -3.04067 15.722 -3.04067
1.12 4.32 -3.31298 15.9303 -3.31298
1.12 4.48 -3.45666 15.9316 -3.45666
1.12 4.64 -3.39246 15.8739 -3.39246
1.12 4.8 -3.17533 15.6378 -3.17533
1.12 4.96 -3.00181 14.7622 -3.00181
1.12 5.12 -3.23022 12.1854 -3.23022
1.12 5.28 -3.79968 6.4904 -3.79968
1.12 5.44 -1.96075 -0.742241 -1.96075
1.12 5.6 4.73794 -3.80454 4.73794
1.12 5.76 11.2551 -3.34049 11.2551
1.12 5.92 14.551 -2.84451 14.551
1.12 6.08 15.7574 -2.81435 15.7574
1.12 6.24 16.0746 -2.90102 16.0746
1.12 6.4 15.9627 -2.92081 15.9627
1.12 6.56 15.3003 -2.91957 15.3003
1.12 6.72 13.2727 -3.20451 13.2727
1.12 6.88 8.29453 -4.04669 8.29453
1.12 7.04 0.545869 -3.51021 0.545869
1.12 7.2 -4.03182 2.43332 -4.03182
1.12 7.36 -3.74464 9.92343 -3.74464
1.12 7.52 0.981214 17.9619 0.981214
1.12 7.68 1.60216 19.8397 1.60216
1.12 7.84 -28.9426 -10.2187 -28.9426
1.28 0 -7.34417 12.2361 -7.34417
1.28 0.16 -7.95045 11.5755 -7.95045
1.28 0.32 -4.34503 14.9665 -4.34503
1.28 0.48 -3.51417 15.3508 -3.51417
1.28 0.64 -2.9491 15.0587 -2.9491
1.28 0.8 -2.67703 13.6336 -2.67703
1.28 0.96 -2.8697 9.96203 -2.8697
1.28 1.12 -2.53253 3.65914 -2.53253
1.28 1.28 1.38291 -1.76028 1.38291
1.28 1.44 8.00633 -3.04999 8.00633
1.28 1.6 12.7873 -2.74387 12.7873
1.28 1.76 14.9381 -2.76351 14.9381
1.28 1.92 15.6193 -3.13583 15.6193
1.28 2.08 15.6907 -3.58854 15.6907
1.28 2.24 15.5884 -3.93219 15.5884
1.28 2.4 15.5214 -4.05331 15.5214
1.28 2.56 15.5501 -3.91107 15.5501
1.28 2.72 15.578 -3.55596 15.578
1.28 2.88 15.3225 -3.12711 15.3225
1.28 3.04 14.1664 -2.87657 14.1664
1.28 3.2 10.9495 -3.10487 10.9495
1.28 3.36 4.73054 -3.24757 4.73054
1.28 3.52 -1.57583 -0.110199 -1.57583
1.28 3.68 -3.4472 6.76427 -3.4472
1.28 3.84 -3.01417 12.2602 -3.01417
1.28 4 -2.83168 14.8289 -2.83168
1.28 4.16 -3.03805 15.714 -3.03805
1.28 4.32 -3.31106 15.9275 -3.31106
1.28 4.48 -3.45724 15.9301 -3.45724
1.28 4.64 -3.39564 15.8735 -3.39564
1.28 4.8 -3.17952 15.642 -3.17952
1.28 4.96 -3.00323 14.7803 -3.00323
1.28 5.12 -3.22401 12.236 -3.22401
1.28 5.28 -3.79824 6.58431 -3.79824
1.28 5.44 -2.01998 -0.665807 -2.01998
1.28 5.6 4.63803 -3.7981 4.63803
1.28 5.76 11.1919 -3.35024 11.1919
1.28 5.92 14.5257 -2.84661 14.5257
1.28 6.08 15.7497 -2.81246 15.7497
1.28 6.24 16.0737 -2.89918 16.0737
1.28 6.4 15.9655 -2.92032 15.9655
1.28 6.56 15.3099 -2.91929 15.3099
1.28 6.72 13.299 -3.20107 13.299
1.28 6.88 8.35014 -4.04222 8.35014
1.28 7.04 0.604473 -3.53763 0.604473
1.28 7.2 -4.02179 2.36547 -4.02179
1.28 7.36 -3.75325 9.87366 -3.75325
1.28 7.52 0.978339 17.94 0.978339
1.28 7.68 1.60306 19.8299 1.60306
1.28 7.84 -28.9394 -10.2229 -28.9394
1.44 0 -7.39826 12.1814 -7.39826
1.44 0.16 -7.95352 11.5724 -7.95352
1.44 0.32 -4.34829 14.9635 -4.34829
1.44 0.48 -3.51727 15.3484 -3.51727
1.44 0.64 -2.95162 15.0576 -2.95162
1.44 0.8 -2.67825 13.6361 -2.67825
1.44 0.96 -2.86927 9.97099 -2.86927
1.44 1.12 -2.53465 3.67359 -2.53465
1.44 1.28 1.37192 -1.75116 1.37192
1.44 1.44 7.9942 -3.04773 7.9942
1.44 1.6 12.7809 -2.74214 12.7809
1.44 1.76 14.9362 -2.76091 14.9362
1.44 1.92 15.6195 -3.13318 15.6195
1.44 2.08 15.691 -3.58688 15.691
1.44 2.24 15.5879 -3.93243 15.5879
1.44 2.4 15.5196 -4.05598 15.5196
1.44 2.56 15.5477 -3.91608 15.5477
1.44 2.72 15.5772 -3.56235 15.5772
1.44 2.88 15.3284 -3.13272 15.3284
1.44 3.04 14.1897 -2.87769 14.1897
1.44 3.2 11.0079 -3.09919 11.0079
1.44 3.36 4.82134 -3.25722 4.82134
1.44 3.52 -1.52076 -0.180828 -1.52076
1.44 3.68 -3.44645 6.67763 -3.44645
1.44 3.84 -3.01963 12.2115 -3.01963
1.44 4 -2.83067 14.8103 -2.83067
1.44 4.16 -3.03426 15.7089 -3.03426
1.44 4.32 -3.30789 15.9272 -3.30789
1.44 4.48 -3.45639 15.9309 -3.45639
1.44 4.64 -3.3973 15.8752 -3.3973
1.44 4.8 -3.18228 15.6477 -3.18228
1.44 4.96 -3.00361 14.7986 -3.00361
1.44 5.12 -3.21749 12.2841 -3.21749
1.44 5.28 -3.796 6.67284 -3.796
1.44 5.44 -2.07439 -0.592985 -2.07439
1.44 5.6 4.54381 -3.79172 4.54381
1.44 5.76 11.1311 -3.36019 11.1311
1.44 5.92 14.5004 -2.84968 14.5004
1.44 6.08 15.7409 -2.81178 15.7409
1.44 6.24 16.0713 -2.89854 16.0713
1.44 6.4 15.9663 -2.92098 15.9663
1.44 6.56 15.3159 -2.92034 15.3159
1.44 6.72 13.3186 -3.19967 13.3186
1.44 6.88 8.39331 -4.03964 8.39331
1.44 7.04 0.650981 -3.55949 0.650981
1.44 7.2 -4.01316 2.3122 -4.01316
1.44 7.36 -3.75909 9.83547 -3.75909
1.44 7.52 0.977852 17.9251 0.977852
1.44 7.68 1.60617 19.8254 1.60617
1.44 7.84 -28.9367 -10.2256 -28.9367
1.6 0 -7.43262 12.1469 -7.43262
1.6 0.16 -7.95662 11.5693 -7.95662
1.6 0.32 -4.35256 14.9594 -4.35256
1.6 0.48 -3.52131 15.3446 -3.52131
1.6 0.64 -2.95513 15.0546 -2.95513
1.6 0.8 -2.68073 13.6347 -2.68073
1.6 0.96 -2.87018 9.97321 -2.87018
1.6 1.12 -2.53537 3.67981 -2.53537
1.6 1.28 1.36797 -1.7457 1.36797
1.6 1.44 7.98958 -3.04492 7.98958
1.6 1.6 12.7789 -2.73962 12.7789
1.6 1.76 14.9362 -2.75815 14.9362
1.6 1.92 15.6202 -3.13078 15.6202
1.6 2.08 15.6914 -3.58563 15.6914
1.6 2.24 15.5872 -3.93305 15.5872
1.6 2.4 15.5177 -4.05885 15.5177
1.6 2.56 15.5452 -3.92101 15.5452
1.6 2.72 15.5762 -3.56839 15.5762
1.6 2.88 15.3334 -3.13793 15.3334
1.6 3.04 14.2101 -2.87877 14.2101
1.6 3.2 11.0593 -3.09408 11.0593
1.6 3.36 4.90178 -3.26516 4.90178
1.6 3.52 -1.47126 -0.242834 -1.47126
1.6 3.68 -3.44586 6.60016 -3.44586
1.6 3.84 -3.02525 12.1672 -3.02525
1.6 4 -2.83078 14.7927 -2.83078
1.6 4.16 -3.03205 15.7035 -3.03205
1.6 4.32 -3.3064 15.9259 -3.3064
1.6 4.48 -3.45713 15.9306 -3.45713
1.6 4.64 -3.40039 15.8756 -3.40039
1.6 4.8 -3.18638 15.6518 -3.18638
1.6 4.96 -3.00545 14.8142 -3.00545
1.6 5.12 -3.21274 12.3273 -3.21274
1.6 5.28 -3.79449 6.75404 -3.79449
1.6 5.44 -2.12445 -0.524885 -2.12445
1.6 5.6 4.45629 -3.78509 4.45629
1.6 5.76 11.0744 -3.36912 11.0744
1.6 5.92 14.4768 -2.85223 14.4768
1.6 6.08 15.7329 -2.81082 15.7329
1.6 6.24 16.069 -2.89761 16.069
1.6 6.4 15.9667 -2.9213 15.9667
1.6 6.56 15.3205 -2.92119 15.3205
1.6 6.72 13.3337 -3.19879 13.3337
1.6 6.88 8.42682 -4.03799 8.42682
1.6 7.04 0.686972 -3.57706 0.686972
1.6 7.2 -4.00705 2.26991 -4.00705
1.6 7.36 -3.76449 9.80501 -3.76449
1.6 7.52 0.976202 17.9125 0.976202
1.6 7.68 1.60688 19.8205 1.60688
1.6 7.84 -28.9341 -10.2267 -28.9341
1.76 0 -7.44819 12.1313 -7.44819
1.76 0.16 -7.9592 11.5669 -7.9592
1.76 0.32 -4.35475 14.9573 -4.35475
1.76 0.48 -3.52353 15.3423 -3.52353
1.76 0.64 -2.95718 15.0522 -2.95718
1.76 0.8 -2.68234 13.6324 -2.68234
1.76 0.96 -2.87082 9.97158 -2.87082
1.76 1.12 -2.5345 3.68016 -2.5345
1.76 1.28 1.36921 -1.74341 1.36921
1.76 1.44 7.98987 -3.04253 7.98987
1.76 1.6 12.7787 -2.73765 12.7787
1.76 1.76 14.936 -2.75657 14.936
1.76 1.92 15.6197 -3.12986 15.6197
1.76 2.08 15.6902 -3.58588 15.6902
1.76 2.24 15.5849 -3.93501 15.5849
1.76 2.4 15.5141 -4.06283 15.5141
1.76 2.56 15.541 -3.92682 15.541
1.76 2.72 15.5733 -3.57516 15.5733
1.76 2.88 15.3358 -3.14388 15.3358
1.76 3.04 14.2261 -2.88093 14.2261
1.76 3.2 11.1028 -3.09043 11.1028
1.76 3.36 4.97173 -3.27204 4.97173
1.76 3.52 -1.427 -0.296375 -1.427
1.76 3.68 -3.44426 6.53285 -3.44426
1.76 3.84 -3.02908 12.1292 -3.02908
1.76 4 -2.82962 14.7786 -2.82962
1.76 4.16 -3.02878 15.7001 -3.02878
1.76 4.32 -3.30378 15.9263 -3.30378
1.76 4.48 -3.45657 15.9318 -3.45657
1.76 4.64 -3.40205 15.8774 -3.40205
1.76 4.8 -3.1891 15.6568 -3.1891
1.76 4.96 -3.00625 14.8297 -3.00625
1.76 5.12 -3.20766 12.3679 -3.20766
1.76 5.28 -3.79243 6.8296 -3.79243
1.76 5.44 -2.17018 -0.46109 -2.17018
1.76 5.6 4.37454 -3.77882 4.37454
1.76 5.76 11.0204 -3.37806 11.0204
1.76 5.92 14.4534 -2.85552 14.4534
1.76 6.08 15.7237 -2.81093 15.7237
1.76 6.24 16.0651 -2.89776 16.0651
1.76 6.4 15.9651 -2.92259 15.9651
1.76 6.56 15.3222 -2.92304 15.3222
1.76 6.72 13.3435 -3.19933 13.3435
1.76 6.88 8.45098 -4.03773 8.45098
1.76 7.04 0.713647 -3.59082 0.713647
1.76 7.2 -4.00226 2.23825 -4.00226
1.76 7.36 -3.76782 9.78303 -3.76782
1.76 7.52 0.976503 17.9049 0.976503
1.76 7.68 1.60973 19.8195 1.60973
1.76 7.84 -28.9322 -10.2272 -28.9322
1.92 0 -7.45346 12.1258 -7.45346
1.92 0.16 -7.96134 11.5645 -7.96134
1.92 0.32 -4.35735 14.9543 -4.35735
1.92 0.48 -3.52612 15.339 -3.52612
1.92 0.64 -2.95968 15.0483 -2.95968
1.92 0.8 -2.68469 13.6274 -2.68469
1.92 0.96 -2.87241 9.96524 -2.87241
1.92 1.12 -2.533 3.6748 -2.533
1.92 1.28 1.3747 -1.74385 1.3747
1.92 1.44 7.99485 -3.03996 7.99485
1.92 1.6 12.7812 -2.73512 12.7812
1.92 1.76 14.9371 -2.75463 14.9371
1.92 1.92 15.62 -3.1286 15.62
1.92 2.08 15.6898 -3.58563 15.6898
1.92 2.24 15.5834 -3.93622 15.5834
1.92 2.4 15.5116 -4.06582 15.5116
1.92 2.56 15.5379 -3.93145 15.5379
1.92 2.72 15.5711 -3.5807 15.5711
1.92 2.88 15.338 -3.14883 15.338
1.92 3.04 14.2399 -2.88266 14.2399
1.92 3.2 11.1404 -3.08711 11.1404
1.92 3.36 5.0327 -3.27778 5.0327
1.92 3.52 -1.38803 -0.343094 -1.38803
1.92 3.68 -3.44297 6.47322 -3.44297
1.92 3.84 -3.03288 12.0949 -3.03288
1.92 4 -2.82911 14.7652 -2.82911
1.92 4.16 -3.02646 15.6962 -3.02646
1.92 4.32 -3.30212 15.9256 -3.30212
1.92 4.48 -3.45683 15.9317 -3.45683
1.92 4.64 -3.40439 15.8779 -3.40439
1.92 4.8 -3.19243 15.6602 -3.19243
1.92 4.96 -3.00788 14.8426 -3.00788
1.92 5.12 -3.20385 12.4038 -3.20385
1.92 5.28 -3.79101 6.89794 -3.79101
1.92 5.44 -2.21199 -0.402411 -2.21199
1.92 5.6 4.29938 -3.77258 4.29938
1.92 5.76 10.9706 -3.38587 10.9706
1.92 5.92 14.432 -2.85799 14.432
1.92 6.08 15.7157 -2.81031 15.7157
1.92 6.24 16.062 -2.89709 16.062
1.92 6.4 15.9639 -2.92297 15.9639
1.92 6.56 15.3234 -2.92413 15.3234
1.92 6.72 13.3506 -3.19972 13.3506
1.92 6.88 8.46851 -4.03785 8.46851
1.92 7.04 0.73277 -3.60165 0.73277
1.92 7.2 -3.99942 2.21412 -3.99942
1.92 7.36 -3.77083 9.76619 -3.77083
1.92 7.52 0.975991 17.8984 0.975991
1.92 7.68 1.61081 19.8176 1.61081
1.92 7.84 -28.93 -10.2269 -28.93
2.08 0 -7.4543 12.1245 -7.4543
2.08 0.16 -7.96282 11.5623 -7.96282
2.08 0.32 -4.35926 14.9509 -4.35926
2.08 0.48 -3.52817 15.3349 -3.52817
2.08 0.64 -2.96177 15.0432 -2.96177
2.08 0.8 -2.68686 13.6204 -2.68686
2.08 0.96 -2.87385 9.95564 -2.87385
2.08 1.12 -2.52996 3.66565 -2.52996
2.08 1.28 1.38471 -1.7457 1.38471
2.08 1.44 8.00499 -3.03647 8.00499
2.08 1.6 12.7876 -2.7313 12.7876
2.08 1.76 14.9408 -2.75161 14.9408
2.08 1.92 15.6223 -3.12641 15.6223
2.08 2.08 15.691 -3.58446 15.691
2.08 2.24 15.5835 -3.93641 15.5835
2.08 2.4 15.5105 -4.0676 15.5105
2.08 2.56 15.5363 -3.93468 15.5363
2.08 2.72 15.5704 -3.58471 15.5704
2.08 2.88 15.3412 -3.15226 15.3412
2.08 3.04 14.2533 -2.88325 14.2533
2.08 3.2 11.1744 -3.08333 11.1744
2.08 3.36 5.08695 -3.28186 5.08695
2.08 3.52 -1.35282 -0.383112 -1.35282
2.08 3.68 -3.44105 6.42102 -3.44105
2.08 3.84 -3.0358 12.0643 -3.0358
2.08 4 -2.82837 14.7527 -2.82837
2.08 4.16 -3.02415 15.6919 -3.02415
2.08 4.32 -3.30043 15.9241 -3.30043
2.08 4.48 -3.45691 15.9307 -3.45691
2.08 4.64 -3.40638 15.8773 -3.40638
2.08 4.8 -3.19538 15.6622 -3.19538
2.08 4.96 -3.00932 14.8533 -3.00932
2.08 5.12 -3.20029 12.4356 -3.20029
2.08 5.28 -3.78918 6.95984 -3.78918
2.08 5.44 -2.24894 -0.3482 -2.24894
2.08 5.6 4.23189 -3.76589 4.23189
2.08 5.76 10.9264 -3.39199 10.9264
2.08 5.92 14.4139 -2.85913 14.4139
2.08 6.08 15.7099 -2.80858 15.7099
2.08 6.24 16.0606 -2.89531 16.0606
2.08 6.4 15.9641 -2.92217 15.9641
2.08 6.56 15.3253 -2.92409 15.3253
2.08 6.72 13.3567 -3.19943 13.3567
2.08 6.88 8.48175 -4.03769 8.48175
2.08 7.04 0.746691 -3.6095 0.746691
2.08 7.2 -3.99724 2.19668 -3.99724
2.08 7.36 -3.77277 9.7538 -3.77277
2.08 7.52 0.975815 17.893 0.975815
2.08 7.68 1.61192 19.8154 1.61192
2.08 7.84 -28.9278 -10.2265 -28.9278
2.24 0 -7.45319 12.1251 -7.45319
2.24 0.16 -7.9626 11.5621 -7.9626
2.24 0.32 -4.35831 14.9518 -4.35831
2.24 0.48 -3.52687 15.3356 -3.52687
2.24 0.64 -2.96058 15.0427 -2.96058
2.24 0.8 -2.68623 13.6171 -2.68623
2.24 0.96 -2.87331 9.94782 -2.87331
2.24 1.12 -2.52526 3.65631 -2.52526
2.24 1.28 1.39696 -1.74799 1.39696
2.24 1.44 8.0168 -3.03321 8.0168
2.24 1.6 12.7944 -2.72814 12.7944
2.24 1.76 14.9442 -2.74958 14.9442
2.24 1.92 15.6239 -3.1253 15.6239
2.24 2.08 15.6915 -3.5843 15.6915
2.24 2.24 15.5829 -3.93745 15.5829
2.24 2.4 15.5089 -4.07003 15.5089
2.24 2.56 15.5341 -3.93839 15.5341
2.24 2.72 15.5689 -3.5891 15.5689
2.24 2.88 15.343 -3.15613 15.343
2.24 3.04 14.2639 -2.88455 14.2639
2.24 3.2 11.2029 -3.08046 11.2029
2.24 3.36 5.13364 -3.28482 5.13364
2.24 3.52 -1.32127 -0.415761 -1.32127
2.24 3.68 -3.43737 6.37883 -3.43737
2.24 3.84 -3.03574 12.0416 -3.03574
2.24 4 -2.82473 14.7462 -2.82473
2.24 4.16 -3.019 15.6928 -3.019
2.24 4.32 -3.29584 15.9274 -3.29584
2.24 4.48 -3.45392 15.9345 -3.45392
2.24 4.64 -3.40514 15.8814 -3.40514
2.24 4.8 -3.19506 15.6686 -3.19506
2.24 4.96 -3.00782 14.8674 -3.00782
2.24 5.12 -3.19465 12.4683 -3.19465
2.24 5.28 -3.78568 7.01902 -3.78568
2.24 5.44 -2.28148 -0.296881 -2.28148
2.24 5.6 4.17024 -3.75916 4.17024
2.24 5.76 10.8853 -3.39794 10.8853
2.24 5.92 14.3966 -2.86083 14.3966
2.24 6.08 15.7039 -2.80774 15.7039
2.24 6.24 16.0586 -2.89441 16.0586
2.24 6.4 15.9635 -2.92215 15.9635
2.24 6.56 15.3257 -2.92478 15.3257
2.24 6.72 13.3599 -3.19999 13.3599
2.24 6.88 8.48995 -4.03804 8.48995
2.24 7.04 0.755853 -3.61423 0.755853
2.24 7.2 -3.99474 2.18733 -3.99474
2.24 7.36 -3.77169 9.74945 -3.77169
2.24 7.52 0.979111 17.8947 0.979111
2.24 7.68 1.61636 19.8195 1.61636
2.24 7.84 -28.9239 -10.2234 -28.9239
2.4 0 -7.45239 12.1253 -7.45239
2.4 0.16 -7.96235 11.5617 -7.96235
2.4 0.32 -4.35785 14.9513 -4.35785
2.4 0.48 -3.52638 15.3347 -3.52638
2.4 0.64 -2.96039 15.0404 -2.96039
2.4 0.8 -2.68682 13.6115 -2.68682
2.4 0.96 -2.87417 9.93717 -2.87417
2.4 1.12 -2.52147 3.64397 -2.52147
2.4 1.28 1.4096 -1.75199 1.4096
2.4 1.44 8.02938 -3.03034 8.02938
2.4 1.6 12.8014 -2.72502 12.8014
2.4 1.76 14.9474 -2.74754 14.9474
2.4 1.92 15.6253 -3.12409 15.6253
2.4 2.08 15.6917 -3.5839 15.6917
2.4 2.24 15.5823 -3.93806 15.5823
2.4 2.4 15.5074 -4.07185 15.5074
2.4 2.56 15.5321 -3.94134 15.5321
2.4 2.72 15.5674 -3.59271 15.5674
2.4 2.88 15.3441 -3.15937 15.3441
2.4 3.04 14.2724 -2.88564 14.2724
2.4 3.2 11.2269 -3.07807 11.2269
2.4 3.36 5.17335 -3.28763 5.17335
2.4 3.52 -1.29458 -0.444673 -1.29458
2.4 3.68 -3.43496 6.34104 -3.43496
2.4 3.84 -3.0365 12.0205 -3.0365
2.4 4 -2.8223 14.7392 -2.8223
2.4 4.16 -3.01518 15.6922 -3.01518
2.4 4.32 -3.29249 15.9289 -3.29249
2.4 4.48 -3.45201 15.9363 -3.45201
2.4 4.64 -3.40483 15.8835 -3.40483
2.4 4.8 -3.19564 15.6728 -3.19564
2.4 4.96 -3.00744 14.8784 -3.00744
2.4 5.12 -3.19064 12.4961 -3.19064
2.4 5.28 -3.7835 7.07092 -3.7835
2.4 5.44 -2.31142 -0.251223 -2.31142
2.4 5.6 4.11399 -3.75318 4.11399
2.4 5.76 10.8477 -3.40324 10.8477
2.4 5.92 14.3807 -2.86216 14.3807
2.4 6.08 15.6982 -2.80665 15.6982
2.4 6.24 16.0566 -2.89319 16.0566
2.4 6.4 15.9626 -2.92172 15.9626
2.4 6.56 15.3255 -2.92512 15.3255
2.4 6.72 13.3613 -3.20051 13.3613
2.4 6.88 8.49428 -4.03875 8.49428
2.4 7.04 0.760514 -3.61799 0.760514
2.4 7.2 -3.99407 2.18085 -3.99407
2.4 7.36 -3.7714 9.74641 -3.7714
2.4 7.52 0.981004 17.8952 0.981004
2.4 7.68 1.61907 19.8215 1.61907
2.4 7.84 -28.9207 -10.2207 -28.9207
2.56 0 -7.45207 12.125 -7.45207
2.56 0.16 -7.96186 11.5615 -7.96186
2.56 0.32 -4.35724 14.9508 -4.35724
2.56 0.48 -3.52541 15.3341 -3.52541
2.56 0.64 -2.95938 15.0388 -2.95938
2.56 0.8 -2.68628 13.6071 -2.68628
2.56 0.96 -2.87382 9.92785 -2.87382
2.56 1.12 -2.51676 3.63264 -2.51676
2.56 1.28 1.42274 -1.75558 1.42274
2.56 1.44 8.04191 -3.02766 8.04191
2.56 1.6 12.8079 -2.72256 12.8079
2.56 1.76 14.9498 -2.74643 14.9498
2.56 1.92 15.6256 -3.12397 15.6256
2.56 2.08 15.6909 -3.58463 15.6909
2.56 2.24 15.5805 -3.93977 15.5805
2.56 2.4 15.5048 -4.07463 15.5048
2.56 2.56 15.529 -3.94508 15.529
2.56 2.72 15.5648 -3.59694 15.5648
2.56 2.88 15.344 -3.16314 15.344
2.56 3.04 14.2788 -2.88736 14.2788
2.56 3.2 11.2467 -3.07643 11.2467
2.56 3.36 5.20727 -3.28976 5.20727
2.56 3.52 -1.27097 -0.468486 -1.27097
2.56 3.68 -3.43182 6.30974 -3.43182
2.56 3.84 -3.03612 12.0033 -3.03612
2.56 4 -2.81939 14.7338 -2.81939
2.56 4.16 -3.01138 15.6919 -3.01138
2.56 4.32 -3.28937 15.93 -3.28937
2.56 4.48 -3.45028 15.9375 -3.45028
2.56 4.64 -3.40448 15.885 -3.40448
2.56 4.8 -3.19588 15.6765 -3.19588
2.56 4.96 -3.00652 14.8887 -3.00652
2.56 5.12 -3.18623 12.5218 -3.18623
2.56 5.28 -3.78065 7.11861 -3.78065
2.56 5.44 -2.33776 -0.209156 -2.33776
2.56 5.6 4.06306 -3.74756 4.06306
2.56 5.76 10.8129 -3.40851 10.8129
2.56 5.92 14.3653 -2.86413 14.3653
2.56 6.08 15.6921 -2.80653 15.6921
2.56 6.24 16.0538 -2.893 16.0538
2.56 6.4 15.9607 -2.92223 15.9607
2.56 6.56 15.324 -2.92629 15.324
2.56 6.72 13.3607 -3.20188 13.3607
2.56 6.88 8.49533 -4.04003 8.49533
2.56 7.04 0.762103 -3.62025 0.762103
2.56 7.2 -3.99363 2.1783 -3.99363
2.56 7.36 -3.77024 9.74634 -3.77024
2.56 7.52 0.9834 17.8971 0.9834
2.56 7.68 1.62193 19.8238 1.62193
2.56 7.84 -28.9177 -10.218 -28.9177
2.72 0 -7.45092 12.1259 -7.45092
2.72 0.16 -7.96092 11.5623 -7.96092
2.72 0.32 -4.35604 14.9521 -4.35604
2.72 0.48 -3.52397 15.3352 -3.52397
2.72 0.64 -2.95812 15.0386 -2.95812
2.72 0.8 -2.68575 13.6038 -2.68575
2.72 0.96 -2.87366 9.91924 -2.87366
2.72 1.12 -2.51226 3.62167 -2.51226
2.72 1.28 1.43591 -1.75905 1.43591
2.72 1.44 8.05514 -3.02467 8.05514
2.72 1.6 12.8158 -2.71926 12.8158
2.72 1.76 14.9543 -2.74392 14.9543
2.72 1.92 15.6287 -3.12191 15.6287
2.72 2.08 15.6933 -3.58296 15.6933
2.72 2.24 15.5823 -3.9387 15.5823
2.72 2.4 15.506 -4.07441 15.506
2.72 2.56 15.5297 -3.94578 15.5297
2.72 2.72 15.5656 -3.59831 15.5656
2.72 2.88 15.3464 -3.16452 15.3464
2.72 3.04 14.2863 -2.88743 14.2863
2.72 3.2 11.2652 -3.07405 11.2652
2.72 3.36 5.2375 -3.29092 5.2375
2.72 3.52 -1.24997 -0.488461 -1.24997
2.72 3.68 -3.4288 6.28339 -3.4288
2.72 3.84 -3.0355 11.9895 -3.0355
2.72 4 -2.8164 14.7307 -2.8164
2.72 4.16 -3.00741 15.6935 -3.00741
2.72 4.32 -3.28584 15.9331 -3.28584
2.72 4.48 -3.44793 15.9408 -3.44793
2.72 4.64 -3.40337 15.8886 -3.40337
2.72 4.8 -3.19542 15.6817 -3.19542
2.72 4.96 -3.00523 14.8994 -3.00523
2.72 5.12 -3.18199 12.5458 -3.18199
2.72 5.28 -3.77773 7.16191 -3.77773
2.72 5.44 -2.36038 -0.170802 -2.36038
2.72 5.6 4.01892 -3.74154 4.01892
2.72 5.76 10.7837 -3.41192 10.7837
2.72 5.92 14.3539 -2.86417 14.3539
2.72 6.08 15.6895 -2.80434 15.6895
2.72 6.24 16.0543 -2.8905 16.0543
2.72 6.4 15.962 -2.92032 15.962
2.72 6.56 15.3252 -2.92519 15.3252
2.72 6.72 13.3618 -3.2014 13.3618
2.72 6.88 8.49653 -4.03997 8.49653
2.72 7.04 0.762961 -3.62048 0.762961
2.72 7.2 -3.99292 2.17907 -3.99292
2.72 7.36 -3.7685 9.74911 -3.7685
2.72 7.52 0.986089 17.9011 0.986089
2.72 7.68 1.625 19.8281 1.625
2.72 7.84 -28.9145 -10.2143 -28.9145
2.88 0 -7.44687 12.1299 -7.44687
2.88 0.16 -7.96049 11.5626 -7.96049
2.88 0.32 -4.35529 14.9526 -4.35529
2.88 0.48 -3.52318 15.3354 -3.52318
2.88 0.64 -2.95761 15.0375 -2.95761
2.88 0.8 -2.68596 13.5997 -2.68596
2.88 0.96 -2.87419 9.91032 -2.87419
2.88 1.12 -2.50855 3.61076 -2.50855
2.88 1.28 1.44794 -1.76263 1.44794
2.88 1.44 8.06719 -3.0221 8.06719
2.88 1.6 12.8227 -2.7166 12.8227
2.88 1.76 14.9577 -2.74231 14.9577
2.88 1.92 15.6305 -3.12105 15.6305
2.88 2.08 15.6942 -3.58272 15.6942
2.88 2.24 15.5825 -3.93916 15.5825
2.88 2.4 15.5056 -4.07567 15.5056
2.88 2.56 15.5289 -3.94778 15.5289
2.88 2.72 15.565 -3.60071 15.565
2.88 2.88 15.3475 -3.16664 15.3475
2.88 3.04 14.2921 -2.88807 14.2921
2.88 3.2 11.2809 -3.07226 11.2809
2.88 3.36 5.26365 -3.29208 5.26365
2.88 3.52 -1.23189 -0.506265 -1.23189
2.88 3.68 -3.42668 6.25963 -3.42668
2.88 3.84 -3.0356 11.9766 -3.0356
2.88 4 -2.81441 14.7271 -2.81441
2.88 4.16 -3.00453 15.6941 -3.00453
2.88 4.32 -3.28332 15.9349 -3.28332
2.88 4.48 -3.44641 15.9428 -3.44641
2.88 4.64 -3.40295 15.8908 -3.40295
2.88 4.8 -3.19559 15.6854 -3.19559
2.88 4.96 -3.00471 14.908 -3.00471
2.88 5.12 -3.17892 12.5661 -3.17892
2.88 5.28 -3.77569 7.19912 -3.77569
2.88 5.44 -2.38051 -0.137517 -2.38051
2.88 5.6 3.97973 -3.7365 3.97973
2.88 5.76 10.7573 -3.41541 10.7573
2.88 5.92 14.343 -2.86495 14.343
2.88 6.08 15.686 -2.80335 15.686
2.88 6.24 16.0536 -2.88934 16.0536
2.88 6.4 15.9619 -2.91967 15.9619
2.88 6.56 15.3251 -2.92513 15.3251
2.88 6.72 13.3615 -3.20176 13.3615
2.88 6.88 8.4959 -4.04052 8.4959
2.88 7.04 0.76204 -3.62068 0.76204
2.88 7.2 -3.99311 2.18039 -3.99311
2.88 7.36 -3.7675 9.75167 -3.7675
2.88 7.52 0.987859 17.9041 0.987859
2.88 7.68 1.62713 19.8313 1.62713
2.88 7.84 -28.9125 -10.2116 -28.9125
3.04 0 -7.43391 12.1431 -7.43391
3.04 0.16 -7.96064 11.5626 -7.96064
3.04 0.32 -4.35479 14.953 -4.35479
3.04 0.48 -3.52284 15.3352 -3.52284
3.04 0.64 -2.95775 15.036 -2.95775
3.04 0.8 -2.68694 13.5955 -2.68694
3.04 0.96 -2.87567 9.9016 -2.87567
3.04 1.12 -2.50654 3.60012 -2.50654
3.04 1.28 1.45714 -1.76689 1.45714
3.04 1.44 8.07644 -3.02092 8.07644
3.04 1.6 12.8276 -2.71517 12.8276
3.04 1.76 14.9597 -2.74156 14.9597
3.04 1.92 15.6313 -3.12066 15.6313
3.04 2.08 15.6945 -3.58261 15.6945
3.04 2.24 15.5824 -3.93948 15.5824
3.04 2.4 15.5049 -4.07662 15.5049
3.04 2.56 15.5279 -3.94941 15.5279
3.04 2.72 15.5641 -3.60286 15.5641
3.04 2.88 15.3478 -3.16878 15.3478
3.04 3.04 14.2963 -2.8892 14.2963
3.04 3.2 11.2937 -3.07147 11.2937
3.04 3.36 5.28551 -3.294 5.28551
3.04 3.52 -1.21707 -0.522864 -1.21707
3.04 3.68 -3.42578 6.23785 -3.42578
3.04 3.84 -3.03647 11.9646 -3.03647
3.04 4 -2.81328 14.7234 -2.81328
3.04 4.16 -3.00249 15.6942 -3.00249
3.04 4.32 -3.2815 15.9363 -3.2815
3.04 4.48 -3.44541 15.9444 -3.44541
3.04 4.64 -3.40289 15.8926 -3.40289
3.04 4.8 -3.19612 15.6884 -3.19612
3.04 4.96 -3.00475 14.9149 -3.00475
3.04 5.12 -3.1769 12.5829 -3.1769
3.04 5.28 -3.77472 7.23054 -3.77472
3.04 5.44 -2.3988 -0.109451 -2.3988
3.04 5.6 3.9448 -3.73285 3.9448
3.04 5.76 10.7335 -3.41909 10.7335
3.04 5.92 14.3327 -2.86612 14.3327
3.04 6.08 15.6824 -2.80277 15.6824
3.04 6.24 16.0524 -2.88848 16.0524
3.04 6.4 15.9613 -2.9192 15.9613
3.04 6.56 15.3243 -2.92526 15.3243
3.04 6.72 13.3603 -3.20242 13.3603
3.04 6.88 8.49393 -4.04151 8.49393
3.04 7.04 0.759712 -3.62108 0.759712
3.04 7.2 -3.99418 2.18176 -3.99418
3.04 7.36 -3.76724 9.7539 -3.76724
3.04 7.52 0.988793 17.9064 0.988793
3.04 7.68 1.62838 19.8335 1.62838
3.04 7.84 -28.9116 -10.2098 -28.9116
3.2 0 -7.40196 12.1757 -7.40196
3.2 0.16 -7.96204 11.5616 -7.96204
3.2 0.32 -4.35639 14.9517 -4.35639
3.2 0.48 -3.52434 15.3337 -3.52434
3.2 0.64 -2.95898 15.0341 -2.95898
3.2 0.8 -2.68811 13.592 -2.68811
3.2 0.96 -2.87663 9.89528 -2.87663
3.2 1.12 -2.50457 3.59263 -2.50457
3.2 1.28 1.46439 -1.76966 1.46439
3.2 1.44 8.0833 -3.01998 8.0833
3.2 1.6 12.8309 -2.71443 12.8309
3.2 1.76 14.9608 -2.74155 14.9608
3.2 1.92 15.6314 -3.12107 15.6314
3.2 2.08 15.6942 -3.58335 15.6942
3.2 2.24 15.5817 -3.94064 15.5817
3.2 2.4 15.5038 -4.07833 15.5038
3.2 2.56 15.5265 -3.95169 15.5265
3.2 2.72 15.5628 -3.60549 15.5628
3.2 2.88 15.3476 -3.17132 15.3476
3.2 3.04 14.2995 -2.89072 14.2995
3.2 3.2 11.3044 -3.07111 11.3044
3.2 3.36 5.30438 -3.29567 5.30438
3.2 3.52 -1.20406 -0.537035 -1.20406
3.2 3.68 -3.42505 6.219 -3.42505
3.2 3.84 -3.03781 11.9537 -3.03781
3.2 4 -2.8135 14.7192 -2.8135
3.2 4.16 -3.00244 15.693 -3.00244
3.2 4.32 -3.28197 15.9359 -3.28197
3.2 4.48 -3.44668 15.9441 -3.44668
3.2 4.64 -3.40486 15.8925 -3.40486
3.2 4.8 -3.19827 15.6896 -3.19827
3.2 4.96 -3.006 14.92 -3.006
3.2 5.12 -3.17575 12.597 -3.17575
3.2 5.28 -3.77393 7.25759 -3.77393
3.2 5.44 -2.41437 -0.0850711 -2.41437
3.2 5.6 3.91455 -3.72979 3.91455
3.2 5.76 10.7124 -3.42278 10.7124
3.2 5.92 14.3233 -2.86786 14.3233
3.2 6.08 15.6787 -2.80309 15.6787
3.2 6.24 16.0509 -2.88856 16.0509
3.2 6.4 15.9603 -2.91959 15.9603
3.2 6.56 15.3231 -2.92611 15.3231
3.2 6.72 13.3584 -3.20366 13.3584
3.2 6.88 8.49116 -4.04285 8.49116
3.2 7.04 0.756741 -3.6213 0.756741
3.2 7.2 -3.99553 2.18358 -3.99553
3.2 7.36 -3.76769 9.75586 -3.76769
3.2 7.52 0.988002 17.9074 0.988002
3.2 7.68 1.62754 19.8341 1.62754
3.2 7.84 -28.9113 -10.2083 -28.9113
3.36 0 -7.35028 12.228 -7.35028
3.36 0.16 -7.96417 11.5596 -7.96417
3.36 0.32 -4.35836 14.9494 -4.35836
3.36 0.48 -3.52609 15.3313 -3.52609
3.36 0.64 -2.9604 15.0315 -2.9604
3.36 0.8 -2.68925 13.5887 -2.68925
3.36 0.96 -2.87728 9.89049 -2.87728
3.36 1.12 -2.5028 3.58757 -2.5028
3.36 1.28 1.47014 -1.77109 1.47014
3.36 1.44 8.08896 -3.01879 8.08896
3.36 1.6 12.8341 -2.71342 12.8341
3.36 1.76 14.9624 -2.74116 14.9624
3.36 1.92 15.6322 -3.12115 15.6322
3.36 2.08 15.6945 -3.58384 15.6945
3.36 2.24 15.5815 -3.94161 15.5815
3.36 2.4 15.5033 -4.07981 15.5033
3.36 2.56 15.5258 -3.95359 15.5258
3.36 2.72 15.5624 -3.60755 15.5624
3.36 2.88 15.3485 -3.17311 15.3485
3.36 3.04 14.3037 -2.89147 14.3037
3.36 3.2 11.3152 -3.0702 11.3152
3.36 3.36 5.32215 -3.29672 5.32215
3.36 3.52 -1.19197 -0.549499 -1.19197
3.36 3.68 -3.42431 6.20189 -3.42431
3.36 3.84 -3.03924 11.9432 -3.03924
3.36 4 -2.81415 14.7144 -2.81415
3.36 4.16 -3.00293 15.6905 -3.00293
3.36 4.32 -3.28292 15.934 -3.28292
3.36 4.48 -3.44824 15.9424 -3.44824
3.36 4.64 -3.40696 15.8911 -3.40696
3.36 4.8 -3.20048 15.6893 -3.20048
3.36 4.96 -3.00736 14.9231 -3.00736
3.36 5.12 -3.17494 12.6079 -3.17494
3.36 5.28 -3.77314 7.27957 -3.77314
3.36 5.44 -2.4268 -0.0648254 -2.4268
3.36 5.6 3.8901 -3.72706 3.8901
3.36 5.76 10.6957 -3.42566 10.6957
3.36 5.92 14.3162 -2.86917 14.3162
3.36 6.08 15.6763 -2.80325 15.6763
3.36 6.24 16.0501 -2.88857 16.0501
3.36 6.4 15.9599 -2.91983 15.9599
3.36 6.56 15.3227 -2.92663 15.3227
3.36 6.72 13.3574 -3.20446 13.3574
3.36 6.88 8.48929 -4.04374 8.48929
3.36 7.04 0.754471 -3.62125 0.754471
3.36 7.2 -3.99653 2.18514 -3.99653
3.36 7.36 -3.76813 9.75697 -3.76813
3.36 7.52 0.986942 17.907 0.986942
3.36 7.68 1.62609 19.8329 1.62609
3.36 7.84 -28.9111 -10.2076 -28.9111
3.52 0 -7.31189 12.2671 -7.31189
3.52 0.16 -7.96472 11.5592 -7.96472
3.52 0.32 -4.35657 14.9512 -4.35657
3.52 0.48 -3.52422 15.3331 -3.52422
3.52 0.64 -2.95884 15.0328 -2.95884
3.52 0.8 -2.68805 13.5892 -2.68805
3.52 0.96 -2.87641 9.88987 -2.87641
3.52 1.12 -2.50145 3.5863 -2.50145
3.52 1.28 1.4728 -1.77125 1.4728
3.52 1.44 8.0915 -3.01805 8.0915
3.52 1.6 12.8357 -2.71281 12.8357
3.52 1.76 14.9635 -2.74081 14.9635
3.52 1.92 15.6331 -3.121 15.6331
3.52 2.08 15.6952 -3.58392 15.6952
3.52 2.24 15.582 -3.94204 15.582
3.52 2.4 15.5036 -4.08064 15.5036
3.52 2.56 15.5259 -3.95478 15.5259
3.52 2.72 15.5628 -3.60889 15.5628
3.52 2.88 15.3499 -3.17432 15.3499
3.52 3.04 14.3077 -2.89189 14.3077
3.52 3.2 11.3248 -3.06933 11.3248
3.52 3.36 5.33763 -3.29761 5.33763
3.52 3.52 -1.18122 -0.55987 -1.18122
3.52 3.68 -3.42262 6.18845 -3.42262
3.52 3.84 -3.03851 11.9365 -3.03851
3.52 4 -2.81194 14.7132 -2.81194
3.52 4.16 -2.99994 15.692 -2.99994
3.52 4.32 -3.27982 15.9365 -3.27982
3.52 4.48 -3.44538 15.9453 -3.44538
3.52 4.64 -3.40454 15.8942 -3.40454
3.52 4.8 -3.19842 15.6931 -3.19842
3.52 4.96 -3.00513 14.929 -3.00513
3.52 5.12 -3.17167 12.6194 -3.17167
3.52 5.28 -3.77085 7.29914 -3.77085
3.52 5.44 -2.4361 -0.04769 -2.4361
3.52 5.6 3.87057 -3.72473 3.87057
3.52 5.76 10.6823 -3.42805 10.6823
3.52 5.92 14.3105 -2.8703 14.3105
3.52 6.08 15.6745 -2.8034 15.6745
3.52 6.24 16.0497 -2.88856 16.0497
3.52 6.4 15.9599 -2.91997 15.9599
3.52 6.56 15.3226 -2.92696 15.3226
3.52 6.72 13.3568 -3.20499 13.3568
3.52 6.88 8.4878 -4.04423 8.4878
3.52 7.04 0.752955 -3.62032 0.752955
3.52 7.2 -3.99592 2.18848 -3.99592
3.52 7.36 -3.76592 9.7609 -3.76592
3.52 7.52 0.990022 17.9111 0.990022
3.52 7.68 1.62957 19.837 1.62957
3.52 7.84 -28.91 -10.2063 -28.91
3.68 0 -7.30717 12.2723 -7.30717
3.68 0.16 -7.96552 11.5585 -7.96552
3.68 0.32 -4.35743 14.9502 -4.35743
3.68 0.48 -3.52498 15.3321 -3.52498
3.68 0.64 -2.95943 15.0321 -2.95943
3.68 0.8 -2.68831 13.5891 -2.68831
3.68 0.96 -2.87634 9.89055 -2.87634
3.68 1.12 -2.5015 3.5877 -2.5015
3.68 1.28 1.47197 -1.77012 1.47197
3.68 1.44 8.09058 -3.01739 8.09058
3.68 1.6 12.8354 -2.71212 12.8354
3.68 1.76 14.9638 -2.73988 14.9638
3.68 1.92 15.6338 -3.11991 15.6338
3.68 2.08 15.6962 -3.58277 15.6962
3.68 2.24 15.583 -3.94102 15.583
3.68 2.4 15.5045 -4.07987 15.5045
3.68 2.56 15.5267 -3.95437 15.5267
3.68 2.72 15.5637 -3.60874 15.5637
3.68 2.88 15.3514 -3.17428 15.3514
3.68 3.04 14.3113 -2.89142 14.3113
3.68 3.2 11.3331 -3.06811 11.3331
3.68 3.36 5.35072 -3.29839 5.35072
3.68 3.52 -1.17263 -0.569507 -1.17263
3.68 3.68 -3.42238 6.17546 -3.42238
3.68 3.84 -3.03961 11.9286 -3.03961
3.68 4 -2.8122 14.7097 -2.8122
3.68 4.16 -2.99981 15.6904 -2.99981
3.68 4.32 -3.27974 15.9357 -3.27974
3.68 4.48 -3.44549 15.9447 -3.44549
3.68 4.64 -3.40489 15.8938 -3.40489
3.68 4.8 -3.19882 15.6934 -3.19882
3.68 4.96 -3.0051 14.9314 -3.0051
3.68 5.12 -3.1705 12.6263 -3.1705
3.68 5.28 -3.76994 7.31257 -3.76994
3.68 5.44 -2.44345 -0.0354576 -2.44345
3.68 5.6 3.85575 -3.72305 3.85575
3.68 5.76 10.6721 -3.42958 10.6721
3.68 5.92 14.3063 -2.87066 14.3063
3.68 6.08 15.6732 -2.80284 15.6732
3.68 6.24 16.0495 -2.88777 16.0495
3.68 6.4 15.9601 -2.91924 15.9601
3.68 6.56 15.3226 -2.9264 15.3226
3.68 6.72 13.3564 -3.20475 13.3564
3.68 6.88 8.48654 -4.04428 8.48654
3.68 7.04 0.751432 -3.61988 0.751432
3.68 7.2 -3.99632 2.18988 -3.99632
3.68 7.36 -3.76569 9.76201 -3.76569
3.68 7.52 0.990165 17.9114 0.990165
3.68 7.68 1.62955 19.837 1.62955
3.68 7.84 -28.9098 -10.206 -28.9098
3.84 0 -7.31102 12.2687 -7.31102
3.84 0.16 -7.96614 11.5579 -7.96614
3.84 0.32 -4.35791 14.9498 -4.35791
3.84 0.48 -3.52542 15.332 -3.52542
3.84 0.64 -2.95975 15.0325 -2.95975
3.84 0.8 -2.68819 13.5908 -2.68819
3.84 0.96 -2.87571 9.89449 -2.87571
3.84 1.12 -2.50178 3.59325 -2.50178
3.84 1.28 1.4692 -1.76644 1.4692
3.84 1.44 8.08835 -3.0155 8.08835
3.84 1.6 12.8356 -2.71001 12.8356
3.84 1.76 14.9656 -2.7373 14.9656
3.84 1.92 15.6363 -3.11715 15.6363
3.84 2.08 15.699 -3.58003 15.699
3.84 2.24 15.5858 -3.93848 15.5858
3.84 2.4 15.5072 -4.07755 15.5072
3.84 2.56 15.5295 -3.95229 15.5295
3.84 2.72 15.5667 -3.60677 15.5667
3.84 2.88 15.3551 -3.17227 15.3551
3.84 3.04 14.3169 -2.88901 14.3169
3.84 3.2 11.3425 -3.06526 11.3425
3.84 3.36 5.36346 -3.29774 5.36346
3.84 3.52 -1.16463 -0.576936 -1.16463
3.84 3.68 -3.422 6.1649 -3.422
3.84 3.84 -3.04056 11.9223 -3.04056
3.84 4 -2.81241 14.707 -2.81241
3.84 4.16 -2.99955 15.6894 -2.99955
3.84 4.32 -3.27936 15.9353 -3.27936
3.84 4.48 -3.44512 15.9446 -3.44512
3.84 4.64 -3.40458 15.8941 -3.40458
3.84 4.8 -3.19851 15.6942 -3.19851
3.84 4.96 -3.0045 14.9334 -3.0045
3.84 5.12 -3.16915 12.6314 -3.16915
3.84 5.28 -3.76864 7.32191 -3.76864
3.84 5.44 -2.44713 -0.0267175 -2.44713
3.84 5.6 3.84778 -3.72076 3.84778
3.84 5.76 10.6675 -3.42907 10.6675
3.84 5.92 14.3055 -2.8693 14.3055
3.84 6.08 15.6744 -2.80089 15.6744
3.84 6.24 16.0514 -2.88568 16.0514
3.84 6.4 15.9622 -2.91714 15.9622
3.84 6.56 15.3247 -2.92433 15.3247
3.84 6.72 13.3582 -3.20286 13.3582
3.84 6.88 8.48769 -4.04273 8.48769
3.84 7.04 0.751935 -3.61846 0.751935
3.84 7.2 -3.99577 2.19138 -3.99577
3.84 7.36 -3.7651 9.76308 -3.7651
3.84 7.52 0.990626 17.912 0.990626
3.84 7.68 1.62981 19.8372 1.62981
3.84 7.84 -28.9095 -10.2059 -28.9095
4 0 -7.31155 12.2683 -7.31155
4 0.16 -7.96708 11.5569 -7.96708
4 0.32 -4.35855 14.9489 -4.35855
4 0.48 -3.52599 15.3315 -3.52599
4 0.64 -2.96013 15.033 -2.96013
4 0.8 -2.68813 13.5935 -2.68813
4 0.96 -2.87546 9.90081 -2.87546
4 1.12 -2.50438 3.60152 -2.50438
4 1.28 1.46079 -1.76284 1.46079
4 1.44 8.08011 -3.01606 8.08011
4 1.6 12.8315 -2.71051 12.8315
4 1.76 14.9643 -2.73705 14.9643
4 1.92 15.6363 -3.11657 15.6363
4 2.08 15.6996 -3.5794 15.6996
4 2.24 15.5867 -3.93794 15.5867
4 2.4 15.5081 -4.07715 15.5081
4 2.56 15.5304 -3.95204 15.5304
4 2.72 15.5678 -3.60659 15.5678
4 2.88 15.3567 -3.17204 15.3567
4 3.04 14.32 -2.8885 14.32
4 3.2 11.3483 -3.06449 11.3483
4 3.36 5.37171 -3.29877 5.37171
4 3.52 -1.16001 -0.584036 -1.16001
4 3.68 -3.42284 6.15577 -3.42284
4 3.84 -3.04199 11.9166 -3.04199
4 4 -2.81304 14.7042 -2.81304
4 4.16 -2.99967 15.6878 -2.99967
4 4.32 -3.27923 15.9343 -3.27923
4 4.48 -3.44481 15.9439 -3.44481
4 4.64 -3.40415 15.8937 -3.40415
4 4.8 -3.19798 15.6942 -3.19798
4 4.96 -3.00385 14.9341 -3.00385
4 5.12 -3.16836 12.6334 -3.16836
4 5.28 -3.76833 7.32563 -3.76833
4 5.44 -2.44968 -0.0237369 -2.44968
4 5.6 3.84291 -3.72107 3.84291
4 5.76 10.6641 -3.43029 10.6641
4 5.92 14.304 -2.87011 14.304
4 6.08 15.6738 -2.8014 15.6738
4 6.24 16.0511 -2.88606 16.0511
4 6.4 15.9621 -2.91741 15.9621
4 6.56 15.3247 -2.9245 15.3247
4 6.72 13.3581 -3.20303 13.3581
4 6.88 8.48721 -4.043 8.48721
4 7.04 0.751329 -3.61867 0.751329
4 7.2 -3.99604 2.19132 -3.99604
4 7.36 -3.76507 9.76289 -3.76507
4 7.52 0.990915 17.9117 0.990915
4 7.68 1.6303 19.837 1.6303
4 7.84 -28.9095 -10.2064 -28.9095
4.16 0 -7.30966 12.2704 -7.30966
4.16 0.16 -7.96768 11.5566 -7.96768
4.16 0.32 -4.35873 14.9494 -4.35873
4.16 0.48 -3.5258 15.3328 -3.5258
4.16 0.64 -2.9595 15.0357 -2.9595
4.16 0.8 -2.68659 13.5993 -2.68659
4.16 0.96 -2.87323 9.91217 -2.87323
4.16 1.12 -2.50612 3.61595 -2.50612
4.16 1.28 1.45003 -1.7555 1.45003
4.16 1.44 8.06863 -3.01561 8.06863
4.16 1.6 12.8253 -2.7107 12.8253
4.16 1.76 14.9619 -2.73653 14.9619
4.16 1.92 15.6358 -3.11568 15.6358
4.16 2.08 15.6999 -3.57838 15.6999
4.16 2.24 15.5873 -3.93691 15.5873
4.16 2.4 15.509 -4.07618 15.509
4.16 2.56 15.5313 -3.95113 15.5313
4.16 2.72 15.5689 -3.60569 15.5689
4.16 2.88 15.3582 -3.17106 15.3582
4.16 3.04 14.3225 -2.88725 14.3225
4.16 3.2 11.3527 -3.0629 11.3527
4.16 3.36 5.37791 -3.29811 5.37791
4.16 3.52 -1.15604 -0.5872 -1.15604
4.16 3.68 -3.4225 6.15118 -3.4225
4.16 3.84 -3.04225 11.914 -3.04225
4.16 4 -2.81293 14.7034 -2.81293
4.16 4.16 -2.99921 15.6879 -2.99921
4.16 4.32 -3.27841 15.9349 -3.27841
4.16 4.48 -3.44363 15.945 -3.44363
4.16 4.64 -3.40263 15.895 -3.40263
4.16 4.8 -3.1962 15.6957 -3.1962
4.16 4.96 -3.00195 14.9356 -3.00195
4.16 5.12 -3.16648 12.6346 -3.16648
4.16 5.28 -3.76657 7.32626 -3.76657
4.16 5.44 -2.44783 -0.0233708 -2.44783
4.16 5.6 3.84447 -3.72054 3.84447
4.16 5.76 10.6646 -3.43011 10.6646
4.16 5.92 14.3038 -2.87035 14.3038
4.16 6.08 15.6734 -2.80178 15.6734
4.16 6.24 16.0507 -2.88638 16.0507
4.16 6.4 15.9617 -2.91752 15.9617
4.16 6.56 15.3245 -2.92431 15.3245
4.16 6.72 13.3581 -3.20249 13.3581
4.16 6.88 8.48763 -4.042 8.48763
4.16 7.04 0.752409 -3.61727 0.752409
4.16 7.2 -3.99474 2.19252 -3.99474
4.16 7.36 -3.76389 9.76387 -3.76389
4.16 7.52 0.992134 17.9128 0.992134
4.16 7.68 1.63144 19.8381 1.63144
4.16 7.84 -28.9088 -10.206 -28.9088
4.32 0 -7.30806 12.2724 -7.30806
4.32 0.16 -7.96841 11.5563 -7.96841
4.32 0.32 -4.35913 14.9498 -4.35913
4.32 0.48 -3.52608 15.334 -3.52608
4.32 0.64 -2.95941 15.0387 -2.95941
4.32 0.8 -2.68565 13.6062 -2.68565
4.32 0.96 -2.87188 9.92581 -2.87188
4.32 1.12 -2.51049 3.63307 -2.51049
4.32 1.28 1.43345 -1.74822 1.43345
4.32 1.44 8.05108 -3.01754 8.05108
4.32 1.6 12.8148 -2.71335 12.8148
4.32 1.76 14.9565 -2.73812 14.9565
4.32 1.92 15.6328 -3.1167 15.6328
4.32 2.08 15.6979 -3.57919 15.6979
4.32 2.24 15.5859 -3.93762 15.5859
4.32 2.4 15.5079 -4.07682 15.5079
4.32 2.56 15.5304 -3.95173 15.5304
4.32 2.72 15.5681 -3.60625 15.5681
4.32 2.88 15.3576 -3.17156 15.3576
4.32 3.04 14.3222 -2.88768 14.3222
4.32 3.2 11.353 -3.06332 11.353
4.32 3.36 5.37866 -3.29903 5.37866
4.32 3.52 -1.15626 -0.589415 -1.15626
4.32 3.68 -3.42374 6.14885 -3.42374
4.32 3.84 -3.04336 11.9127 -3.04336
4.32 4 -2.8136 14.7028 -2.8136
4.32 4.16 -2.99938 15.6879 -2.99938
4.32 4.32 -3.27801 15.9355 -3.27801
4.32 4.48 -3.44262 15.9459 -3.44262
4.32 4.64 -3.4011 15.8963 -3.4011
4.32 4.8 -3.19441 15.6968 -3.19441
4.32 4.96 -3.00035 14.9359 -3.00035
4.32 5.12 -3.16563 12.6325 -3.16563
4.32 5.28 -3.76617 7.32057 -3.76617
4.32 5.44 -2.44462 -0.029376 -2.44462
4.32 5.6 3.84991 -3.72259 3.84991
4.32 5.76 10.6671 -3.43134 10.6671
4.32 5.92 14.3032 -2.8724 14.3032
4.32 6.08 15.6713 -2.80424 15.6713
4.32 6.24 16.0483 -2.88879 16.0483
4.32 6.4 15.9594 -2.91962 15.9594
4.32 6.56 15.3224 -2.92598 15.3224
4.32 6.72 13.3563 -3.20367 13.3563
4.32 6.88 8.48655 -4.04257 8.48655
4.32 7.04 0.75239 -3.61737 0.75239
4.32 7.2 -3.99442 2.19223 -3.99442
4.32 7.36 -3.76365 9.76363 -3.76365
4.32 7.52 0.992503 17.913 0.992503
4.32 7.68 1.63211 19.8387 1.63211
4.32 7.84 -28.9084 -10.2056 -28.9084
4.48 0 -7.30785 12.2732 -7.30785
4.48 0.16 -7.96941 11.5561 -7.96941
4.48 0.32 -4.36117 14.9492 -4.36117
4.48 0.48 -3.52786 15.3345 -3.52786
4.48 0.64 -2.96054 15.0416 -2.96054
4.48 0.8 -2.68562 13.6139 -2.68562
4.48 0.96 -2.87117 9.94187 -2.87117
4.48 1.12 -2.51636 3.65354 -2.51636
4.48 1.28 1.41349 -1.73926 1.41349
4.48 1.44 8.03087 -3.01909 8.03087
4.48 1.6 12.8038 -2.71514 12.8038
4.48 1.76 14.9521 -2.73816 14.9521
4.48 1.92 15.6316 -3.11571 15.6316
4.48 2.08 15.6983 -3.57766 15.6983
4.48 2.24 15.5871 -3.93576 15.5871
4.48 2.4 15.5095 -4.07473 15.5095
4.48 2.56 15.5322 -3.9495 15.5322
4.48 2.72 15.5699 -3.60404 15.5699
4.48 2.88 15.3592 -3.16955 15.3592
4.48 3.04 14.3232 -2.88616 14.3232
4.48 3.2 11.3525 -3.06268 11.3525
4.48 3.36 5.37613 -3.29921 5.37613
4.48 3.52 -1.15956 -0.589085 -1.15956
4.48 3.68 -3.42624 6.14966 -3.42624
4.48 3.84 -3.04562 11.9127 -3.04562
4.48 4 -2.81581 14.7022 -2.81581
4.48 4.16 -3.00125 15.6873 -3.00125
4.48 4.32 -3.27927 15.9351 -3.27927
4.48 4.48 -3.44309 15.946 -3.44309
4.48 4.64 -3.40082 15.8967 -3.40082
4.48 4.8 -3.19372 15.6969 -3.19372
4.48 4.96 -2.99991 14.9342 -2.99991
4.48 5.12 -3.16629 12.6265 -3.16629
4.48 5.28 -3.76689 7.30824 -3.76689
4.48 5.44 -2.43821 -0.0410846 -2.43821
4.48 5.6 3.86276 -3.72489 3.86276
4.48 5.76 10.6755 -3.43064 10.6755
4.48 5.92 14.3064 -2.87252 14.3064
4.48 6.08 15.6721 -2.80481 15.6721
4.48 6.24 16.0483 -2.8892 16.0483
4.48 6.4 15.9594 -2.91962 15.9594
4.48 6.56 15.3226 -2.92556 15.3226
4.48 6.72 13.3567 -3.20296 13.3567
4.48 6.88 8.48744 -4.04175 8.48744
4.48 7.04 0.753518 -3.61718 0.753518
4.48 7.2 -3.99437 2.19096 -3.99437
4.48 7.36 -3.76455 9.76208 -3.76455
4.48 7.52 0.991009 17.9115 0.991009
4.48 7.68 1.63033 19.8373 1.63033
4.48 7.84 -28.9079 -10.2048 -28.9079
4.64 0 -7.30989 12.2718 -7.30989
4.64 0.16 -7.97017 11.5561 -7.97017
4.64 0.32 -4.36155 14.9501 -4.36155
4.64 0.48 -3.52809 15.3365 -3.52809
4.64 0.64 -2.96026 15.0461 -2.96026
4.64 0.8 -2.68403 13.624 -2.68403
4.64 0.96 -2.86866 9.96178 -2.86866
4.64 1.12 -2.52134 3.67865 -2.52134
4.64 1.28 1.39213 -1.72769 1.39213
4.64 1.44 8.00892 -3.02014 8.00892
4.64 1.6 12.7921 -2.71688 12.7921
4.64 1.76 14.9477 -2.73824 14.9477
4.64 1.92 15.6305 -3.11484 15.6305
4.64 2.08 15.6987 -3.57631 15.6987
4.64 2.24 15.5884 -3.93403 15.5884
4.64 2.4 15.5114 -4.07263 15.5114
4.64 2.56 15.5344 -3.9471 15.5344
4.64 2.72 15.5722 -3.60146 15.5722
4.64 2.88 15.3612 -3.16701 15.3612
4.64 3.04 14.324 -2.88406 14.324
4.64 3.2 11.3507 -3.06152 11.3507
4.64 3.36 5.37066 -3.298 5.37066
4.64 3.52 -1.16429 -0.584108 -1.16429
4.64 3.68 -3.42738 6.15627 -3.42738
4.64 3.84 -3.04627 11.9165 -3.04627
4.64 4 -2.81688 14.7036 -2.81688
4.64 4.16 -3.00213 15.6877 -3.00213
4.64 4.32 -3.27939 15.9356 -3.27939
4.64 4.48 -3.44219 15.947 -3.44219
4.64 4.64 -3.39896 15.8979 -3.39896
4.64 4.8 -3.19135 15.6976 -3.19135
4.64 4.96 -2.99793 14.9323 -2.99793
4.64 5.12 -3.16585 12.6182 -3.16585
4.64 5.28 -3.76623 7.29053 -3.76623
4.64 5.44 -2.4264 -0.0576068 -2.4264
4.64 5.6 3.88434 -3.72715 3.88434
4.64 5.76 10.6901 -3.4287 10.6901
4.64 5.92 14.3124 -2.87225 14.3124
4.64 6.08 15.674 -2.80556 15.674
4.64 6.24 16.0488 -2.88994 16.0488
4.64 6.4 15.9597 -2.91982 15.9597
4.64 6.56 15.3233 -2.92506 15.3233
4.64 6.72 13.3582 -3.20177 13.3582
4.64 6.88 8.48993 -4.04001 8.48993
4.64 7.04 0.756689 -3.61583 0.756689
4.64 7.2 -3.99246 2.1906 -3.99246
4.64 7.36 -3.76399 9.76116 -3.76399
4.64 7.52 0.99128 17.9111 0.99128
4.64 7.68 1.63068 19.8373 1.63068
4.64 7.84 -28.908 -10.205 -28.908
4.8 0 -7.31335 12.2689 -7.31335
4.8 0.16 -7.97145 11.5555 -7.97145
4.8 0.32 -4.36291 14.9498 -4.36291
4.8 0.48 -3.52952 15.3372 -3.52952
4.8 0.64 -2.96122 15.0495 -2.96122
4.8 0.8 -2.68359 13.6338 -2.68359
4.8 0.96 -2.86735 9.98261 -2.86735
4.8 1.12 -2.52869 3.70528 -2.52869
4.8 1.28 1.36614 -1.71634 1.36614
4.8 1.44 7.98237 -3.02284 7.98237
4.8 1.6 12.7774 -2.72009 12.7774
4.8 1.76 14.9413 -2.7393 14.9413
4.8 1.92 15.6281 -3.1146 15.6281
4.8 2.08 15.6983 -3.57528 15.6983
4.8 2.24 15.5891 -3.93236 15.5891
4.8 2.4 15.5128 -4.07039 15.5128
4.8 2.56 15.5362 -3.94443 15.5362
4.8 2.72 15.5739 -3.59863 15.5739
4.8 2.88 15.3621 -3.16444 15.3621
4.8 3.04 14.3226 -2.88244 14.3226
4.8 3.2 11.3441 -3.06161 11.3441
4.8 3.36 5.3579 -3.29769 5.3579
4.8 3.52 -1.17464 -0.576533 -1.17464
4.8 3.68 -3.43041 6.16683 -3.43041
4.8 3.84 -3.04816 11.9218 -3.04816
4.8 4 -2.81957 14.7043 -2.81957
4.8 4.16 -3.00481 15.6867 -3.00481
4.8 4.32 -3.28125 15.9343 -3.28125
4.8 4.48 -3.44283 15.9461 -3.44283
4.8 4.64 -3.39841 15.8973 -3.39841
4.8 4.8 -3.19015 15.6961 -3.19015
4.8 4.96 -2.99726 14.9273 -2.99726
4.8 5.12 -3.16724 12.6046 -3.16724
4.8 5.28 -3.76732 7.26416 -3.76732
4.8 5.44 -2.41209 -0.0820015 -2.41209
4.8 5.6 3.91225 -3.73154 3.91225
4.8 5.76 10.7086 -3.4269 10.7086
4.8 5.92 14.3195 -2.87242 14.3195
4.8 6.08 15.6756 -2.80696 15.6756
4.8 6.24 16.0486 -2.89127 16.0486
4.8 6.4 15.9593 -2.92048 15.9593
4.8 6.56 15.3233 -2.92494 15.3233
4.8 6.72 13.3587 -3.20104 13.3587
4.8 6.88 8.49127 -4.03894 8.49127
4.8 7.04 0.75858 -3.61544 0.75858
4.8 7.2 -3.99189 2.18884 -3.99189
4.8 7.36 -3.76497 9.75834 -3.76497
4.8 7.52 0.989757 17.9084 0.989757
4.8 7.68 1.62917 19.8351 1.62917
4.8 7.84 -28.9094 -10.2066 -28.9094
4.96 0 -7.31531 12.2674 -7.31531
4.96 0.16 -7.97203 11.5556 -7.97203
4.96 0.32 -4.36285 14.9511 -4.36285
4.96 0.48 -3.52913 15.3401 -3.52913
4.96 0.64 -2.96013 15.0556 -2.96013
4.96 0.8 -2.68093 13.647 -2.68093
4.96 0.96 -2.86394 10.0077 -2.86394
4.96 1.12 -2.5353 3.73628 -2.5353
4.96 1.28 1.33845 -1.7027 1.33845
4.96 1.44 7.95351 -3.02511 7.95351
4.96 1.6 12.7613 -2.72324 12.7613
4.96 1.76 14.9341 -2.7403 14.9341
4.96 1.92 15.6252 -3.11432 15.6252
4.96 2.08 15.6973 -3.57427 15.6973
4.96 2.24 15.5893 -3.93066 15.5893
4.96 2.4 15.5139 -4.06796 15.5139
4.96 2.56 15.5378 -3.94134 15.5378
4.96 2.72 15.5754 -3.59515 15.5754
4.96 2.88 15.3625 -3.16112 15.3625
4.96 3.04 14.3195 -2.88025 14.3195
4.96 3.2 11.3334 -3.06151 11.3334
4.96 3.36 5.33866 -3.29605 5.33866
4.96 3.52 -1.18879 -0.562749 -1.18879
4.96 3.68 -3.43243 6.18573 -3.43243
4.96 3.84 -3.04803 11.9329 -3.04803
4.96 4 -2.82069 14.7085 -2.82069
4.96 4.16 -3.00622 15.6877 -3.00622
4.96 4.32 -3.28185 15.9346 -3.28185
4.96 4.48 -3.44201 15.9467 -3.44201
4.96 4.64 -3.39612 15.8981 -3.39612
4.96 4.8 -3.18701 15.6958 -3.18701
4.96 4.96 -2.99471 14.9227 -2.99471
4.96 5.12 -3.16737 12.5889 -3.16737
4.96 5.28 -3.76723 7.2319 -3.76723
4.96 5.44 -2.39245 -0.111939 -2.39245
4.96 5.6 3.94897 -3.73596 3.94897
4.96 5.76 10.7329 -3.42369 10.7329
4.96 5.92 14.3289 -2.87197 14.3289
4.96 6.08 15.6779 -2.80823 15.6779
4.96 6.24 16.0485 -2.89255 16.0485
4.96 6.4 15.9588 -2.92096 15.9588
4.96 6.56 15.3231 -2.92446 15.3231
4.96 6.72 13.359 -3.19977 13.359
4.96 6.88 8.49234 -4.03709 8.49234
4.96 7.04 0.760591 -3.61367 0.760591
4.96 7.2 -3.9903 2.18907 -3.9903
4.96 7.36 -3.76445 9.75751 -3.76445
4.96 7.52 0.990012 17.9078 0.990012
4.96 7.68 1.62938 19.8347 1.62938
4.96 7.84 -28.9102 -10.2079 -28.9102
5.12 0 -7.31332 12.2696 -7.31332
5.12 0.16 -7.97294 11.5553 -7.97294
5.12 0.32 -4.36358 14.9515 -4.36358
5.12 0.48 -3.52955 15.3421 -3.52955
5.12 0.64 -2.95971 15.0612 -2.95971
5.12 0.8 -2.67873 13.66 -2.67873
5.12 0.96 -2.8607 10.0334 -2.8607
5.12 1.12 -2.54211 3.76837 -2.54211
5.12 1.28 1.30989 -1.68863 1.30989
5.12 1.44 7.9237 -3.02786 7.9237
5.12 1.6 12.7445 -2.72713 12.7445
5.12 1.76 14.9264 -2.74219 14.9264
5.12 1.92 15.6216 -3.11505 15.6216
5.12 2.08 15.6958 -3.57428 15.6958
5.12 2.24 15.589 -3.92987 15.589
5.12 2.4 15.5146 -4.06623 15.5146
5.12 2.56 15.5392 -3.93868 15.5392
5.12 2.72 15.5768 -3.59188 15.5768
5.12 2.88 15.3623 -3.15785 15.3623
5.12 3.04 14.3148 -2.87823 14.3148
5.12 3.2 11.3187 -3.06192 11.3187
5.12 3.36 5.31258 -3.29378 5.31258
5.12 3.52 -1.20753 -0.543518 -1.20753
5.12 3.68 -3.43487 6.21141 -3.43487
5.12 3.84 -3.04813 11.9473 -3.04813
5.12 4 -2.82288 14.713 -2.82288
5.12 4.16 -3.0091 15.6879 -3.0091
5.12 4.32 -3.28394 15.9336 -3.28394
5.12 4.48 -3.4425 15.9458 -3.4425
5.12 4.64 -3.39486 15.8974 -3.39486
5.12 4.8 -3.1847 15.6938 -3.1847
5.12 4.96 -2.99309 14.9152 -2.99309
5.12 5.12 -3.16886 12.5676 -3.16886
5.12 5.28 -3.76785 7.19022 -3.76785
5.12 5.44 -2.36765 -0.149854 -2.36765
5.12 5.6 3.99548 -3.74153 3.99548
5.12 5.76 10.7637 -3.41985 10.7637
5.12 5.92 14.341 -2.87177 14.341
5.12 6.08 15.6809 -2.81036 15.6809
5.12 6.24 16.0484 -2.89479 16.0484
5.12 6.4 15.9581 -2.92224 15.9581
5.12 6.56 15.3228 -2.9245 15.3228
5.12 6.72 13.3592 -3.19875 13.3592
5.12 6.88 8.4931 -4.03525 8.4931
5.12 7.04 0.762235 -3.61143 0.762235
5.12 7.2 -3.98888 2.18982 -3.98888
5.12 7.36 -3.76452 9.75626 -3.76452
5.12 7.52 0.988983 17.9058 0.988983
5.12 7.68 1.628 19.8326 1.628
5.12 7.84 -28.9117 -10.21 -28.9117
5.28 0 -7.31307 12.2698 -7.31307
5.28 0.16 -7.97381 11.5548 -7.97381
5.28 0.32 -4.36467 14.9514 -4.36467
5.28 0.48 -3.53056 15.3434 -3.53056
5.28 0.64 -2.96007 15.0659 -2.96007
5.28 0.8 -2.6775 13.6723 -2.6775
5.28 0.96 -2.85863 10.0584 -2.85863
5.28 1.12 -2.55037 3.79971 -2.55037
5.28 1.28 1.27957 -1.67571 1.27957
5.28 1.44 7.89228 -3.03201 7.89228
5.28 1.6 12.7266 -2.73234 12.7266
5.28 1.76 14.9178 -2.74527 14.9178
5.28 1.92 15.6174 -3.11684 15.6174
5.28 2.08 15.6936 -3.57519 15.6936
5.28 2.24 15.5884 -3.92973 15.5884
5.28 2.4 15.5151 -4.06489 15.5151
5.28 2.56 15.5404 -3.93618 15.5404
5.28 2.72 15.5778 -3.58867 15.5778
5.28 2.88 15.3612 -3.15474 15.3612
5.28 3.04 14.3075 -2.87686 14.3075
5.28 3.2 11.2977 -3.06378 11.2977
5.28 3.36 5.27669 -3.29187 5.27669
5.28 3.52 -1.23324 -0.518933 -1.23324
5.28 3.68 -3.43885 6.24437 -3.43885
5.28 3.84 -3.04892 11.9653 -3.04892
5.28 4 -2.82628 14.7182 -2.82628
5.28 4.16 -3.01338 15.6873 -3.01338
5.28 4.32 -3.28728 15.9313 -3.28728
5.28 4.48 -3.44397 15.9435 -3.44397
5.28 4.64 -3.39435 15.8952 -3.39435
5.28 4.8 -3.18307 15.6899 -3.18307
5.28 4.96 -2.99246 14.9046 -2.99246
5.28 5.12 -3.17218 12.5401 -3.17218
5.28 5.28 -3.77005 7.13796 -3.77005
5.28 5.44 -2.33856 -0.197019 -2.33856
5.28 5.6 4.05109 -3.74907 4.05109
5.28 5.76 10.8004 -3.41586 10.8004
5.28 5.92 14.3553 -2.87203 14.3553
5.28 6.08 15.6845 -2.81333 15.6845
5.28 6.24 16.0482 -2.89784 16.0482
5.28 6.4 15.9572 -2.92417 15.9572
5.28 6.56 15.3219 -2.92512 15.3219
5.28 6.72 13.3583 -3.19839 13.3583
5.28 6.88 8.49167 -4.03418 8.49167
5.28 7.04 0.761364 -3.60923 0.761364
5.28 7.2 -3.98879 2.19139 -3.98879
5.28 7.36 -3.7656 9.75498 -3.7656
5.28 7.52 0.986546 17.9026 0.986546
5.28 7.68 1.625 19.8288 1.625
5.28 7.84 -28.914 -10.2129 -28.914
5.44 0 -7.34201 12.2407 -7.34201
5.44 0.16 -7.97281 11.5563 -7.97281
5.44 0.32 -4.36397 14.9535 -4.36397
5.44 0.48 -3.52966 15.347 -3.52966
5.44 0.64 -2.95855 15.0729 -2.95855
5.44 0.8 -2.67462 13.6864 -2.67462
5.44 0.96 -2.85534 10.0845 -2.85534
5.44 1.12 -2.55783 3.83121 -2.55783
5.44 1.28 1.24995 -1.66299 1.24995
5.44 1.44 7.86138 -3.03635 7.86138
5.44 1.6 12.7089 -2.73761 12.7089
5.44 1.76 14.9096 -2.74817 14.9096
5.44 1.92 15.6137 -3.1181 15.6137
5.44 2.08 15.6924 -3.57513 15.6924
5.44 2.24 15.5889 -3.92818 15.5889
5.44 2.4 15.5169 -4.0618 15.5169
5.44 2.56 15.543 -3.93176 15.543
5.44 2.72 15.5798 -3.58361 15.5798
5.44 2.88 15.3602 -3.15015 15.3602
5.44 3.04 14.2979 -2.87484 14.2979
5.44 3.2 11.2706 -3.06595 11.2706
5.44 3.36 5.23086 -3.28879 5.23086
5.44 3.52 -1.26496 -0.48614 -1.26496
5.44 3.68 -3.44213 6.28822 -3.44213
5.44 3.84 -3.0478 11.9905 -3.0478
5.44 4 -2.82832 14.7274 -2.82832
5.44 4.16 -3.01653 15.6893 -3.01653
5.44 4.32 -3.28941 15.9312 -3.28941
5.44 4.48 -3.44401 15.9432 -3.44401
5.44 4.64 -3.39213 15.8949 -3.39213
5.44 4.8 -3.17959 15.6874 -3.17959
5.44 4.96 -2.99028 14.8938 -2.99028
5.44 5.12 -3.17487 12.5089 -3.17487
5.44 5.28 -3.77152 7.07701 -3.77152
5.44 5.44 -2.30285 -0.251818 -2.30285
5.44 5.6 4.11781 -3.7569 4.11781
5.44 5.76 10.8446 -3.41017 10.8446
5.44 5.92 14.3733 -2.87116 14.3733
5.44 6.08 15.6899 -2.81541 15.6899
5.44 6.24 16.0493 -2.89986 16.0493
5.44 6.4 15.9572 -2.92491 15.9572
5.44 6.56 15.3217 -2.92457 15.3217
5.44 6.72 13.357 -3.19711 13.357
5.44 6.88 8.4884 -4.03233 8.4884
5.44 7.04 0.758521 -3.60479 0.758521
5.44 7.2 -3.98829 2.19721 -3.98829
5.44 7.36 -3.7652 9.75733 -3.7652
5.44 7.52 0.985637 17.9021 0.985637
5.44 7.68 1.62352 19.8274 1.62352
5.44 7.84 -28.9161 -10.2152 -28.9161
5.6 0 -7.39726 12.1852 -7.39726
5.6 0.16 -7.97091 11.5586 -7.97091
5.6 0.32 -4.36398 14.9546 -4.36398
5.6 0.48 -3.52982 15.3493 -3.52982
5.6 0.64 -2.95832 15.0781 -2.95832
5.6 0.8 -2.67331 13.6981 -2.67331
5.6 0.96 -2.85381 10.1071 -2.85381
5.6 1.12 -2.56622 3.85868 -2.56622
5.6 1.28 1.22145 -1.65271 1.22145
5.6 1.44 7.83211 -3.04141 7.83211
5.6 1.6 12.6921 -2.74329 12.6921
5.6 1.76 14.9014 -2.75155 14.9014
5.6 1.92 15.6098 -3.11984 15.6098
5.6 2.08 15.6909 -3.57544 15.6909
5.6 2.24 15.5893 -3.9268 15.5893
5.6 2.4 15.5189 -4.05857 15.5189
5.6 2.56 15.5457 -3.92688 15.5457
5.6 2.72 15.5816 -3.57789 15.5816
5.6 2.88 15.3581 -3.145 15.3581
5.6 3.04 14.2853 -2.87278 14.2853
5.6 3.2 11.236 -3.06908 11.236
5.6 3.36 5.17332 -3.2853 5.17332
5.6 3.52 -1.3047 -0.446221 -1.3047
5.6 3.68 -3.44708 6.34092 -3.44708
5.6 3.84 -3.04762 12.0198 -3.04762
5.6 4 -2.83201 14.7371 -2.83201
5.6 4.16 -3.02159 15.6902 -3.02159
5.6 4.32 -3.29334 15.9294 -3.29334
5.6 4.48 -3.44558 15.9412 -3.44558
5.6 4.64 -3.3912 15.8926 -3.3912
5.6 4.8 -3.17736 15.6823 -3.17736
5.6 4.96 -2.98973 14.8789 -2.98973
5.6 5.12 -3.18012 12.4698 -3.18012
5.6 5.28 -3.7749 7.00334 -3.7749
5.6 5.44 -2.26162 -0.316951 -2.26162
5.6 5.6 4.19555 -3.76616 4.19555
5.6 5.76 10.896 -3.40346 10.896
5.6 5.92 14.3942 -2.86997 14.3942
5.6 6.08 15.6963 -2.81758 15.6963
5.6 6.24 16.0508 -2.90197 16.0508
5.6 6.4 15.9573 -2.92559 15.9573
5.6 6.56 15.3209 -2.92386 15.3209
5.6 6.72 13.3541 -3.19589 13.3541
5.6 6.88 8.48142 -4.03086 8.48142
5.6 7.04 0.75125 -3.59941 0.75125
5.6 7.2 -3.98982 2.20573 -3.98982
5.6 7.36 -3.76608 9.76073 -3.76608
5.6 7.52 0.982617 17.9005 0.982617
5.6 7.68 1.61946 19.8237 1.61946
5.6 7.84 -28.9191 -10.218 -28.9191
5.76 0 -7.43537 12.1471 -7.43537
5.76 0.16 -7.96791 11.562 -7.96791
5.76 0.32 -4.36163 14.958 -4.36163
5.76 0.48 -3.5278 15.3535 -3.5278
5.76 0.64 -2.95631 15.0845 -2.95631
5.76 0.8 -2.67072 13.7096 -2.67072
5.76 0.96 -2.85137 10.1274 -2.85137
5.76 1.12 -2.5725 3.88248 -2.5725
5.76 1.28 1.19803 -1.64419 1.19803
5.76 1.44 7.80822 -3.0461 7.80822
5.76 1.6 12.6786 -2.7486 12.6786
5.76 1.76 14.895 -2.75499 14.895
5.76 1.92 15.6068 -3.12183 15.6068
5.76 2.08 15.69 -3.57594 15.69
5.76 2.24 15.5902 -3.9254 15.5902
5.76 2.4 15.5215 -4.05496 15.5215
5.76 2.56 15.5493 -3.92128 15.5493
5.76 2.72 15.5843 -3.57121 15.5843
5.76 2.88 15.3561 -3.13889 15.3561
5.76 3.04 14.2706 -2.87021 14.2706
5.76 3.2 11.195 -3.07241 11.195
5.76 3.36 5.10525 -3.2798 5.10525
5.76 3.52 -1.35025 -0.396018 -1.35025
5.76 3.68 -3.45064 6.40619 -3.45064
5.76 3.84 -3.04525 12.0568 -3.04525
5.76 4 -2.83427 14.7506 -2.83427
5.76 4.16 -3.02542 15.6934 -3.02542
5.76 4.32 -3.29581 15.9294 -3.29581
5.76 4.48 -3.44537 15.9408 -3.44537
5.76 4.64 -3.38825 15.8919 -3.38825
5.76 4.8 -3.17316 15.6781 -3.17316
5.76 4.96 -2.98773 14.8629 -2.98773
5.76 5.12 -3.18499 12.4254 -3.18499
5.76 5.28 -3.77727 6.91892 -3.77727
5.76 5.44 -2.21172 -0.390578 -2.21172
5.76 5.6 4.28698 -3.77534 4.28698
5.76 5.76 10.9564 -3.39486 10.9564
5.76 5.92 14.4194 -2.86794 14.4194
5.76 6.08 15.7049 -2.81947 15.7049
5.76 6.24 16.0535 -2.90383 16.0535
5.76 6.4 15.9583 -2.92583 15.9583
5.76 6.56 15.3206 -2.92256 15.3206
5.76 6.72 13.3503 -3.1942 13.3503
5.76 6.88 8.4712 -4.02887 8.4712
5.76 7.04 0.740398 -3.59067 0.740398
5.76 7.2 -3.99087 2.22115 -3.99087
5.76 7.36 -3.76496 9.76944 -3.76496
5.76 7.52 0.981313 17.9019 0.981313
5.76 7.68 1.61699 19.8223 1.61699
5.76 7.84 -28.9221 -10.2205 -28.9221
5.92 0 -7.4489 12.1335 -7.4489
5.92 0.16 -7.96392 11.5662 -7.96392
5.92 0.32 -4.35788 14.9625 -4.35788
5.92 0.48 -3.52409 15.3589 -3.52409
5.92 0.64 -2.95254 15.0917 -2.95254
5.92 0.8 -2.6667 13.7206 -2.6667
5.92 0.96 -2.8481 10.1444 -2.8481
5.92 1.12 -2.57691 3.90056 -2.57691
5.92 1.28 1.18003 -1.63906 1.18003
5.92 1.44 7.78965 -3.05141 7.78965
5.92 1.6 12.6675 -2.7546 12.6675
5.92 1.76 14.8889 -2.75972 14.8889
5.92 1.92 15.6032 -3.12538 15.6032
5.92 2.08 15.6881 -3.57801 15.6881
5.92 2.24 15.5901 -3.92536 15.5901
5.92 2.4 15.5232 -4.05237 15.5232
5.92 2.56 15.552 -3.91633 15.552
5.92 2.72 15.5858 -3.56487 15.5858
5.92 2.88 15.3521 -3.13313 15.3521
5.92 3.04 14.2515 -2.8685 14.2515
5.92 3.2 11.1445 -3.07732 11.1445
5.92 3.36 5.02359 -3.2731 5.02359
5.92 3.52 -1.40327 -0.335093 -1.40327
5.92 3.68 -3.45322 6.48481 -3.45322
5.92 3.84 -3.04078 12.1019 -3.04078
5.92 4 -2.83535 14.7679 -2.83535
5.92 4.16 -3.02859 15.6983 -3.02859
5.92 4.32 -3.29771 15.9303 -3.29771
5.92 4.48 -3.44436 15.9411 -3.44436
5.92 4.64 -3.3842 15.8916 -3.3842
5.92 4.8 -3.16766 15.6738 -3.16766
5.92 4.96 -2.98472 14.8451 -2.98472
5.92 5.12 -3.18983 12.375 -3.18983
5.92 5.28 -3.77908 6.82285 -3.77908
5.92 5.44 -2.15367 -0.473534 -2.15367
5.92 5.6 4.39089 -3.78533 4.39089
5.92 5.76 11.0242 -3.38554 11.0242
5.92 5.92 14.4471 -2.86633 14.4471
5.92 6.08 15.7138 -2.8223 15.7138
5.92 6.24 16.0558 -2.90665 16.0558
5.92 6.4 15.9585 -2.92686 15.9585
5.92 6.56 15.3187 -2.92199 15.3187
5.92 6.72 13.343 -3.19349 13.343
5.92 6.88 8.45427 -4.0278 8.45427
5.92 7.04 0.72269 -3.57902 0.72269
5.92 7.2 -3.99285 2.24452 -3.99285
5.92 7.36 -3.76218 9.78441 -3.76218
5.92 7.52 0.981138 17.9064 0.981138
5.92 7.68 1.61509 19.8225 1.61509
5.92 7.84 -28.9247 -10.2219 -28.9247
6.08 0 -7.4489 12.1336 -7.4489
6.08 0.16 -7.95902 11.5714 -7.95902
6.08 0.32 -4.35372 14.9673 -4.35372
6.08 0.48 -3.52021 15.364 -3.52021
6.08 0.64 -2.94905 15.0974 -2.94905
6.08 0.8 -2.66372 13.7277 -2.66372
6.08 0.96 -2.84651 10.1536 -2.84651
6.08 1.12 -2.58052 3.90846 -2.58052
6.08 1.28 1.16931 -1.63922 1.16931
6.08 1.44 7.77964 -3.05655 7.77964
6.08 1.6 12.6618 -2.75937 12.6618
6.08 1.76 14.8858 -2.76328 14.8858
6.08 1.92 15.6015 -3.12763 15.6015
6.08 2.08 15.688 -3.57838 15.688
6.08 2.24 15.592 -3.92311 15.592
6.08 2.4 15.527 -4.04711 15.527
6.08 2.56 15.5568 -3.90842 15.5568
6.08 2.72 15.5891 -3.55558 15.5891
6.08 2.88 15.3483 -3.12488 15.3483
6.08 3.04 14.2295 -2.86543 14.2295
6.08 3.2 11.0855 -3.08238 11.0855
6.08 3.36 4.92818 -3.26453 4.92818
6.08 3.52 -1.46449 -0.263558 -1.46449
6.08 3.68 -3.45632 6.57552 -3.45632
6.08 3.84 -3.03615 12.1532 -3.03615
6.08 4 -2.83713 14.7873 -2.83713
6.08 4.16 -3.03273 15.7037 -3.03273
6.08 4.32 -3.30041 15.9312 -3.30041
6.08 4.48 -3.44382 15.9412 -3.44382
6.08 4.64 -3.38037 15.8909 -3.38037
6.08 4.8 -3.16246 15.6681 -3.16246
6.08 4.96 -2.98264 14.8236 -2.98264
6.08 5.12 -3.19676 12.3161 -3.19676
6.08 5.28 -3.78185 6.71246 -3.78185
6.08 5.44 -2.08715 -0.566834 -2.08715
6.08 5.6 4.50888 -3.79519 4.50888
6.08 5.76 11.1014 -3.37352 11.1014
6.08 5.92 14.4798 -2.86251 14.4798
6.08 6.08 15.7257 -2.82308 15.7257
6.08 6.24 16.0603 -2.90722 16.0603
6.08 6.4 15.9603 -2.92547 15.9603
6.08 6.56 15.3174 -2.91917 15.3174
6.08 6.72 13.3337 -3.19138 13.3337
6.08 6.88 8.43073 -4.02622 8.43073
6.08 7.04 0.696963 -3.5635 0.696963
6.08 7.2 -3.9969 2.27666 -3.9969
6.08 7.36 -3.75912 9.80543 -3.75912
6.08 7.52 0.98017 17.9129 0.98017
6.08 7.68 1.6117 19.8227 1.6117
6.08 7.84 -28.9275 -10.2224 -28.9275
6.24 0 -7.44283 12.1398 -7.44283
6.24 0.16 -7.95321 11.5776 -7.95321
6.24 0.32 -4.34827 14.9736 -4.34827
6.24 0.48 -3.51499 15.3704 -3.51499
6.24 0.64 -2.94416 15.104 -2.94416
6.24 0.8 -2.6597 13.7337 -2.6597
6.24 0.96 -2.84441 10.1573 -2.84441
6.24 1.12 -2.58104 3.90741 -2.58104
6.24 1.28 1.1685 -1.64401 1.1685
6.24 1.44 7.77961 -3.06159 7.77961
6.24 1.6 12.6607 -2.76445 12.6607
6.24 1.76 14.8835 -2.76848 14.8835
6.24 1.92 15.5988 -3.13221 15.5988
6.24 2.08 15.686 -3.58126 15.686
6.24 2.24 15.5918 -3.92322 15.5918
6.24 2.4 15.5288 -4.04386 15.5288
6.24 2.56 15.5597 -3.90205 15.5597
6.24 2.72 15.5902 -3.54745 15.5902
6.24 2.88 15.3416 -3.11765 15.3416
6.24 3.04 14.2019 -2.8637 14.2019
6.24 3.2 11.0152 -3.08912 11.0152
6.24 3.36 4.81761 -3.25343 4.81761
6.24 3.52 -1.5331 -0.178056 -1.5331
6.24 3.68 -3.45792 6.68244 -3.45792
6.24 3.84 -3.02947 12.2142 -3.02947
6.24 4 -2.83822 14.8113 -2.83822
6.24 4.16 -3.03702 15.711 -3.03702
6.24 4.32 -3.30351 15.9328 -3.30351
6.24 4.48 -3.44355 15.9416 -3.44355
6.24 4.64 -3.37647 15.8904 -3.37647
6.24 4.8 -3.15688 15.6623 -3.15688
6.24 4.96 -2.98028 14.8004 -2.98028
6.24 5.12 -3.20418 12.2513 -3.20418
6.24 5.28 -3.78385 6.59048 -3.78385
6.24 5.44 -2.01096 -0.668353 -2.01096
6.24 5.6 4.64027 -3.80482 4.64027
6.24 5.76 11.1858 -3.36071 11.1858
6.24 5.92 14.5145 -2.85949 14.5145
6.24 6.08 15.7373 -2.8254 15.7373
6.24 6.24 16.0635 -2.90941 16.0635
6.24 6.4 15.9603 -2.92552 15.9603
6.24 6.56 15.3133 -2.91769 15.3133
6.24 6.72 13.3187 -3.19095 13.3187
6.24 6.88 8.39662 -4.02599 8.39662
6.24 7.04 0.660529 -3.54285 0.660529
6.24 7.2 -4.00261 2.32199 -4.00261
6.24 7.36 -3.75421 9.83676 -3.75421
6.24 7.52 0.979993 17.9246 0.979993
6.24 7.68 1.60851 19.8258 1.60851
6.24 7.84 -28.9314 -10.2222 -28.9314
6.4 0 -7.43278 12.1499 -7.43278
6.4 0.16 -7.94699 11.5838 -7.94699
6.4 0.32 -4.34356 14.9783 -4.34356
6.4 0.48 -3.51088 15.3745 -3.51088
6.4 0.64 -2.94085 15.1065 -2.94085
6.4 0.8 -2.65813 13.7325 -2.65813
6.4 0.96 -2.8455 10.1482 -2.8455
6.4 1.12 -2.58087 3.88975 -2.58087
6.4 1.28 1.17805 -1.65816 1.17805
6.4 1.44 7.79118 -3.06818 7.79118
6.4 1.6 12.6658 -2.7701 12.6658
6.4 1.76 14.8832 -2.77477 14.8832
6.4 1.92 15.5965 -3.13797 15.5965
6.4 2.08 15.684 -3.58503 15.684
6.4 2.24 15.5915 -3.92376 15.5915
6.4 2.4 15.5307 -4.04055 15.5307
6.4 2.56 15.5626 -3.89531 15.5626
6.4 2.72 15.5908 -3.53892 15.5908
6.4 2.88 15.3327 -3.1105 15.3327
6.4 3.04 14.1685 -2.86324 14.1685
6.4 3.2 10.9328 -3.0985 10.9328
6.4 3.36 4.69006 -3.24166 4.69006
6.4 3.52 -1.61112 -0.0815148 -1.61112
6.4 3.68 -3.46072 6.80126 -3.46072
6.4 3.84 -3.02373 12.2805 -3.02373
6.4 4 -2.84142 14.8358 -2.84142
6.4 4.16 -3.04393 15.7167 -3.04393
6.4 4.32 -3.30925 15.932 -3.30925
6.4 4.48 -3.44568 15.9394 -3.44568
6.4 4.64 -3.37472 15.8869 -3.37472
6.4 4.8 -3.1534 15.6528 -3.1534
6.4 4.96 -2.98049 14.7713 -2.98049
6.4 5.12 -3.2152 12.1754 -3.2152
6.4 5.28 -3.78768 6.45186 -3.78768
6.4 5.44 -1.92631 -0.781319 -1.92631
6.4 5.6 4.7845 -3.81566 4.7845
6.4 5.76 11.2774 -3.34742 11.2774
6.4 5.92 14.5519 -2.85667 14.5519
6.4 6.08 15.7497 -2.82806 15.7497
6.4 6.24 16.0669 -2.91173 16.0669
6.4 6.4 15.9597 -2.92557 15.9597
6.4 6.56 15.3069 -2.91656 15.3069
6.4 6.72 13.2975 -3.19204 13.2975
6.4 6.88 8.34967 -4.02809 8.34967
6.4 7.04 0.61011 -3.51836 0.61011
6.4 7.2 -4.01252 2.37929 -4.01252
6.4 7.36 -3.74975 9.87608 -3.74975
6.4 7.52 0.977665 17.9378 0.977665
6.4 7.68 1.6018 19.8274 1.6018
6.4 7.84 -28.9367 -10.222 -28.9367
6.56 0 -7.41574 12.1665 -7.41574
6.56 0.16 -7.93821 11.592 -7.93821
6.56 0.32 -4.33357 14.9872 -4.33357
6.56 0.48 -3.50152 15.3818 -3.50152
6.56 0.64 -2.93328 15.1101 -2.93328
6.56 0.8 -2.65389 13.7279 -2.65389
6.56 0.96 -2.84528 10.1282 -2.84528
6.56 1.12 -2.57507 3.85678 -2.57507
6.56 1.28 1.20442 -1.67888 1.20442
6.56 1.44 7.82013 -3.07253 7.82013
6.56 1.6 12.6807 -2.77322 12.6807
6.56 1.76 14.8873 -2.78007 14.8873
6.56 1.92 15.5958 -3.14368 15.5958
6.56 2.08 15.6824 -3.58908 15.6824
6.56 2.24 15.5912 -3.9245 15.5912
6.56 2.4 15.5326 -4.03708 15.5326
6.56 2.56 15.5655 -3.88789 15.5655
6.56 2.72 15.5913 -3.52921 15.5913
6.56 2.88 15.3226 -3.10195 15.3226
6.56 3.04 14.1309 -2.86176 14.1309
6.56 3.2 10.8403 -3.10734 10.8403
6.56 3.36 4.54885 -3.22482 4.54885
6.56 3.52 -1.69381 0.0310834 -1.69381
6.56 3.68 -3.45974 6.93656 -3.45974
6.56 3.84 -3.01365 12.3567 -3.01365
6.56 4 -2.84093 14.8662 -2.84093
6.56 4.16 -3.04721 15.7266 -3.04721
6.56 4.32 -3.31105 15.935 -3.31105
6.56 4.48 -3.44352 15.9406 -3.44352
6.56 4.64 -3.36852 15.8866 -3.36852
6.56 4.8 -3.14572 15.6453 -3.14572
6.56 4.96 -2.97746 14.7414 -2.97746
6.56 5.12 -3.22456 12.093 -3.22456
6.56 5.28 -3.7884 6.3007 -3.7884
6.56 5.44 -1.82844 -0.90122 -1.82844
6.56 5.6 4.94481 -3.82388 4.94481
6.56 5.76 11.3782 -3.33103 11.3782
6.56 5.92 14.5932 -2.85226 14.5932
6.56 6.08 15.7637 -2.82982 15.7637
6.56 6.24 16.0709 -2.91323 16.0709
6.56 6.4 15.9591 -2.92462 15.9591
6.56 6.56 15.2989 -2.91445 15.2989
6.56 6.72 13.2707 -3.19287 13.2707
6.56 6.88 8.29015 -4.02986 8.29015
6.56 7.04 0.547144 -3.4851 0.547144
6.56 7.2 -4.02237 2.45548 -4.02237
6.56 7.36 -3.74005 9.9302 -3.74005
6.56 7.52 0.98053 17.9602 0.98053
6.56 7.68 1.60002 19.8358 1.60002
6.56 7.84 -28.942 -10.2204 -28.942
6.72 0 -7.38427 12.1975 -7.38427
6.72 0.16 -7.92936 11.5999 -7.92936
6.72 0.32 -4.32495 14.9941 -4.32495
6.72 0.48 -3.49392 15.386 -3.49392
6.72 0.64 -2.92784 15.1085 -2.92784
6.72 0.8 -2.65266 13.7138 -2.65266
6.72 0.96 -2.84862 10.0909 -2.84862
6.72 1.12 -2.56689 3.80212 -2.56689
6.72 1.28 1.24648 -1.71079 1.24648
6.72 1.44 7.86577 -3.0778 7.86577
6.72 1.6 12.7043 -2.77633 12.7043
6.72 1.76 14.8946 -2.78629 14.8946
6.72 1.92 15.5959 -3.15056 15.5959
6.72 2.08 15.6808 -3.59407 15.6808
6.72 2.24 15.5908 -3.92574 15.5908
6.72 2.4 15.5344 -4.03364 15.5344
6.72 2.56 15.5684 -3.88018 15.5684
6.72 2.72 15.5909 -3.51924 15.5909
6.72 2.88 15.31 -3.09367 15.31
6.72 3.04 14.087 -2.86185 14.087
6.72 3.2 10.7345 -3.11897 10.7345
6.72 3.36 4.39027 -3.20624 4.39027
6.72 3.52 -1.78461 0.156404 -1.78461
6.72 3.68 -3.45937 7.08392 -3.45937
6.72 3.84 -3.00473 12.4378 -3.00473
6.72 4 -2.84303 14.8967 -2.84303
6.72 4.16 -3.05372 15.7347 -3.05372
6.72 4.32 -3.31619 15.9353 -3.31619
6.72 4.48 -3.44451 15.939 -3.44451
6.72 4.64 -3.36523 15.883 -3.36523
6.72 4.8 -3.1409 15.6336 -3.1409
6.72 4.96 -2.9777 14.7049 -2.9777
6.72 5.12 -3.23801 11.9987 -3.23801
6.72 5.28 -3.7904 6.1324 -3.7904
6.72 5.44 -1.72048 -1.03123 -1.72048
6.72 5.6 5.11804 -3.8324 5.11804
6.72 5.76 11.4856 -3.31412 11.4856
6.72 5.92 14.637 -2.84804 14.637
6.72 6.08 15.7785 -2.83183 15.7785
6.72 6.24 16.0749 -2.91477 16.0749
6.72 6.4 15.9576 -2.92365 15.9576
6.72 6.56 15.2877 -2.91289 15.2877
6.72 6.72 13.2354 -3.1959 13.2354
6.72 6.88 8.21315 -4.03465 8.21315
6.72 7.04 0.466016 -3.44574 0.466016
6.72 7.2 -4.03685 2.54858 -4.03685
6.72 7.36 -3.73044 9.99561 -3.73044
6.72 7.52 0.981028 17.9855 0.981028
6.72 7.68 1.59449 19.8435 1.59449
6.72 7.84 -28.9489 -10.2183 -28.9489
6.88 0 -7.32627 12.2549 -7.32627
6.88 0.16 -7.92007 11.608 -7.92007
6.88 0.32 -4.31564 15.0007 -4.31564
6.88 0.48 -3.48593 15.3887 -3.48593
6.88 0.64 -2.92252 15.1032 -2.92252
6.88 0.8 -2.65268 13.6906 -2.65268
6.88 0.96 -2.85389 10.0359 -2.85389
6.88 1.12 -2.55363 3.72506 -2.55363
6.88 1.28 1.30841 -1.75273 1.30841
6.88 1.44 7.93148 -3.08195 7.93148
6.88 1.6 12.7387 -2.77788 12.7387
6.88 1.76 14.906 -2.79247 14.906
6.88 1.92 15.5972 -3.15815 15.5972
6.88 2.08 15.6792 -3.59987 15.6792
6.88 2.24 15.5901 -3.92752 15.5901
6.88 2.4 15.5358 -4.03033 15.5358
6.88 2.56 15.5707 -3.87222 15.5707
6.88 2.72 15.5896 -3.50879 15.5896
6.88 2.88 15.2949 -3.08512 15.2949
6.88 3.04 14.0367 -2.86253 14.0367
6.88 3.2 10.6157 -3.13186 10.6157
6.88 3.36 4.21595 -3.18345 4.21595
6.88 3.52 -1.88081 0.296875 -1.88081
6.88 3.68 -3.45747 7.24467 -3.45747
6.88 3.84 -2.99507 12.5249 -2.99507
6.88 4 -2.84567 14.9292 -2.84567
6.88 4.16 -3.06124 15.7429 -3.06124
6.88 4.32 -3.32233 15.9351 -3.32233
6.88 4.48 -3.44629 15.9367 -3.44629
6.88 4.64 -3.36254 15.8784 -3.36254
6.88 4.8 -3.13672 15.6197 -3.13672
6.88 4.96 -2.97919 14.6634 -2.97919
6.88 5.12 -3.25363 11.8938 -3.25363
6.88 5.28 -3.7914 5.94866 -3.7914
6.88 5.44 -1.60004 -1.16859 -1.60004
6.88 5.6 5.30508 -3.83916 5.30508
6.88 5.76 11.5998 -3.29555 11.5998
6.88 5.92 14.6832 -2.8433 14.6832
6.88 6.08 15.794 -2.83364 15.794
6.88 6.24 16.0788 -2.91604 16.0788
6.88 6.4 15.9549 -2.92237 15.9549
6.88 6.56 15.273 -2.91149 15.273
6.88 6.72 13.1906 -3.20057 13.1906
6.88 6.88 8.11722 -4.04135 8.11722
6.88 7.04 0.366408 -3.39718 0.366408
6.88 7.2 -4.05406 2.66283 -4.05406
6.88 7.36 -3.71858 10.0757 -3.71858
6.88 7.52 0.981709 18.0168 0.981709
6.88 7.68 1.58797 19.8533 1.58797
6.88 7.84 -28.9569 -10.2148 -28.9569
7.04 0 -7.2531 12.327 -7.2531
7.04 0.16 -7.90931 11.6168 -7.90931
7.04 0.32 -4.30416 15.0085 -4.30416
7.04 0.48 -3.47575 15.3916 -3.47575
7.04 0.64 -2.91568 15.095 -2.91568
7.04 0.8 -2.65274 13.6586 -2.65274
7.04 0.96 -2.86012 9.9617 -2.86012
7.04 1.12 -2.53347 3.62428 -2.53347
7.04 1.28 1.39287 -1.80444 1.39287
7.04 1.44 8.01882 -3.08447 8.01882
7.04 1.6 12.7842 -2.77774 12.7842
7.04 1.76 14.9218 -2.79864 14.9218
7.04 1.92 15.5997 -3.16649 15.5997
7.04 2.08 15.6776 -3.60651 15.6776
7.04 2.24 15.589 -3.92991 15.589
7.04 2.4 15.5368 -4.02727 15.5368
7.04 2.56 15.5725 -3.86413 15.5725
7.04 2.72 15.5872 -3.49802 15.5872
7.04 2.88 15.277 -3.07653 15.277
7.04 3.04 13.9797 -2.86408 13.9797
7.04 3.2 10.4835 -3.14604 10.4835
7.04 3.36 4.02632 -3.15542 4.02632
7.04 3.52 -1.98064 0.453731 -1.98064
7.04 3.68 -3.45262 7.41925 -3.45262
7.04 3.84 -2.98328 12.619 -2.98328
7.04 4 -2.8471 14.9651 -2.8471
7.04 4.16 -3.06776 15.7533 -3.06776
7.04 4.32 -3.32734 15.9367 -3.32734
7.04 4.48 -3.44671 15.9359 -3.44671
7.04 4.64 -3.35836 15.8748 -3.35836
7.04 4.8 -3.13128 15.6057 -3.13128
7.04 4.96 -2.98028 14.6186 -2.98028
7.04 5.12 -3.27002 11.7794 -3.27002
7.04 5.28 -3.78981 5.75081 -3.78981
7.04 5.44 -1.4659 -1.31127 -1.4659
7.04 5.6 5.50532 -3.84336 5.50532
7.04 5.76 11.7199 -3.27539 11.7199
7.04 5.92 14.7315 -2.83817 14.7315
7.04 6.08 15.81 -2.83531 15.81
7.04 6.24 16.0823 -2.91712 16.0823
7.04 6.4 15.9507 -2.92094 15.9507
7.04 6.56 15.2541 -2.91054 15.2541
7.04 6.72 13.1347 -3.2074 13.1347
7.04 6.88 7.9999 -4.05003 7.9999
7.04 7.04 0.247249 -3.33721 0.247249
7.04 7.2 -4.07263 2.80163 -4.07263
7.04 7.36 -3.7025 10.1732 -3.7025
7.04 7.52 0.984889 18.0567 0.984889
7.04 7.68 1.58283 19.8682 1.58283
7.04 7.84 -28.9642 -10.2082 -28.9642
7.2 0 -7.21349 12.3645 -7.21349
7.2 0.16 -7.89645 11.6264 -7.89645
7.2 0.32 -4.2908 15.0163 -4.2908
7.2 0.48 -3.46375 15.3932 -3.46375
7.2 0.64 -2.90772 15.0824 -2.90772
7.2 0.8 -2.65336 13.615 -2.65336
7.2 0.96 -2.86764 9.86509 -2.86764
7.2 1.12 -2.50529 3.4974 -2.50529
7.2 1.28 1.50159 -1.86604 1.50159
7.2 1.44 8.12793 -3.08531 8.12793
7.2 1.6 12.8401 -2.77631 12.8401
7.2 1.76 14.9409 -2.80538 14.9409
7.2 1.92 15.6024 -3.17625 15.6024
7.2 2.08 15.675 -3.61475 15.675
7.2 2.24 15.5864 -3.93379 15.5864
7.2 2.4 15.5362 -4.02533 15.5362
7.2 2.56 15.5725 -3.85678 15.5725
7.2 2.72 15.5825 -3.48778 15.5825
7.2 2.88 15.2549 -3.06873 15.2549
7.2 3.04 13.9143 -2.86729 13.9143
7.2 3.2 10.3362 -3.16199 10.3362
7.2 3.36 3.82139 -3.12174 3.82139
7.2 3.52 -2.08297 0.626536 -2.08297
7.2 3.68 -3.44483 7.60551 -3.44483
7.2 3.84 -2.96982 12.718 -2.96982
7.2 4 -2.84768 15.0029 -2.84768
7.2 4.16 -3.07355 15.7647 -3.07355
7.2 4.32 -3.33149 15.939 -3.33149
7.2 4.48 -3.44608 15.9355 -3.44608
7.2 4.64 -3.35306 15.8712 -3.35306
7.2 4.8 -3.12496 15.5902 -3.12496
7.2 4.96 -2.98144 14.569 -2.98144
7.2 5.12 -3.28762 11.6538 -3.28762
7.2 5.28 -3.78533 5.53811 -3.78533
7.2 5.44 -1.31796 -1.45845 -1.31796
7.2 5.6 5.71683 -3.8451 5.71683
7.2 5.76 11.8436 -3.25446 11.8436
7.2 5.92 14.7798 -2.8335 14.7798
7.2 6.08 15.8249 -2.8377 15.8249
7.2 6.24 16.084 -2.91893 16.084
7.2 6.4 15.9434 -2.92037 15.9434
7.2 6.56 15.2287 -2.91121 15.2287
7.2 6.72 13.065 -3.21769 13.065
7.2 6.88 7.85778 -4.06156 7.85778
7.2 7.04 0.107076 -3.26473 0.107076
7.2 7.2 -4.09222 2.96583 -4.09222
7.2 7.36 -3.68215 10.2877 -3.68215
7.2 7.52 0.990571 18.1047 0.990571
7.2 7.68 1.57917 19.8874 1.57917
7.2 7.84 -28.9709 -10.1991 -28.9709
7.36 0 -7.20295 12.371 -7.20295
7.36 0.16 -7.88311 11.6347 -7.88311
7.36 0.32 -4.27815 15.021 -4.27815
7.36 0.48 -3.45245 15.3902 -3.45245
7.36 0.64 -2.90095 15.0616 -2.90095
7.36 0.8 -2.65657 13.5557 -2.65657
7.36 0.96 -2.87759 9.7414 -2.87759
7.36 1.12 -2.46765 3.34226 -2.46765
7.36 1.28 1.63676 -1.93606 1.63676
7.36 1.44 8.25887 -3.0829 8.25887
7.36 1.6 12.9059 -2.77241 12.9059
7.36 1.76 14.9632 -2.81138 14.9632
7.36 1.92 15.6057 -3.18599 15.6057
7.36 2.08 15.6721 -3.62308 15.6721
7.36 2.24 15.5832 -3.93761 15.5832
7.36 2.4 15.5348 -4.02299 15.5348
7.36 2.56 15.5715 -3.84871 15.5715
7.36 2.72 15.5758 -3.47671 15.5758
7.36 2.88 15.2286 -3.0605 15.2286
7.36 3.04 13.8399 -2.87119 13.8399
7.36 3.2 10.1733 -3.1786 10.1733
7.36 3.36 3.60215 -3.0808 3.60215
7.36 3.52 -2.1862 0.814466 -2.1862
7.36 3.68 -3.43504 7.79941 -3.43504
7.36 3.84 -2.95682 12.8178 -2.95682
7.36 4 -2.84975 15.0392 -2.84975
7.36 4.16 -3.08116 15.7739 -3.08116
7.36 4.32 -3.33749 15.9388 -3.33749
7.36 4.48 -3.44722 15.9325 -3.44722
7.36 4.64 -3.34938 15.8644 -3.34938
7.36 4.8 -3.12044 15.57 -3.12044
7.36 4.96 -2.98518 14.511 -2.98518
7.36 5.12 -3.30839 11.5135 -3.30839
7.36 5.28 -3.77805 5.30898 -3.77805
7.36 5.44 -1.15556 -1.60846 -1.15556
7.36 5.6 5.93826 -3.84292 5.93826
7.36 5.76 11.9695 -3.23183 11.9695
7.36 5.92 14.8278 -2.82816 14.8278
7.36 6.08 15.8387 -2.83954 15.8387
7.36 6.24 16.0841 -2.92015 16.0841
7.36 6.4 15.933 -2.91943 15.933
7.36 6.56 15.1964 -2.91253 15.1964
7.36 6.72 12.9797 -3.23088 12.9797
7.36 6.88 7.68869 -4.07499 7.68869
7.36 7.04 -0.0540814 -3.17771 -0.0540814
7.36 7.2 -4.1125 3.15477 -4.1125
7.36 7.36 -3.65918 10.4159 -3.65918
7.36 7.52 0.996247 18.1571 0.996247
7.36 7.68 1.57437 19.9078 1.57437
7.36 7.84 -28.9782 -10.1893 -28.9782
7.52 0 -7.22667 12.3407 -7.22667
7.52 0.16 -7.86973 11.6403 -7.86973
7.52 0.32 -4.26637 15.0212 -4.26637
7.52 0.48 -3.44145 15.3812 -3.44145
7.52 0.64 -2.89491 15.0305 -2.89491
7.52 0.8 -2.66156 13.4776 -2.66156
7.52 0.96 -2.88767 9.58779 -2.88767
7.52 1.12 -2.41527 3.15999 -2.41527
7.52 1.28 1.80191 -2.01006 1.80191
7.52 1.44 8.40993 -3.07572 8.40993
7.52 1.6 12.9785 -2.76643 12.9785
7.52 1.76 14.9862 -2.81765 14.9862
7.52 1.92 15.6075 -3.19697 15.6075
7.52 2.08 15.6669 -3.63298 15.6669
7.52 2.24 15.5774 -3.94288 15.5774
7.52 2.4 15.5308 -4.02186 15.5308
7.52 2.56 15.5675 -3.84149 15.5675
7.52 2.72 15.565 -3.46631 15.565
7.52 2.88 15.1958 -3.05311 15.1958
7.52 3.04 13.7536 -2.87672 13.7536
7.52 3.2 9.99277 -3.1952 9.99277
7.52 3.36 3.37103 -3.02917 3.37103
7.52 3.52 -2.28528 1.01893 -2.28528
7.52 3.68 -3.42097 7.99809 -3.42097
7.52 3.84 -2.94345 12.9153 -2.94345
7.52 4 -2.85273 15.0722 -2.85273
7.52 4.16 -3.09011 15.7798 -3.09011
7.52 4.32 -3.34463 15.9357 -3.34463
7.52 4.48 -3.44957 15.9263 -3.44957
7.52 4.64 -3.34667 15.8538 -3.34667
7.52 4.8 -3.11703 15.5441 -3.11703
7.52 4.96 -2.99098 14.4428 -2.99098
7.52 5.12 -3.33115 11.3565 -3.33115
7.52 5.28 -3.76442 5.06412 -3.76442
7.52 5.44 -0.975894 -1.75708 -0.975894
7.52 5.6 6.16714 -3.83512 6.16714
7.52 5.76 12.0938 -3.20814 12.0938
7.52 5.92 14.8724 -2.82334 14.8724
7.52 6.08 15.849 -2.84221 15.849
7.52 6.24 16.0802 -2.92222 16.0802
7.52 6.4 15.9169 -2.91967 15.9169
7.52 6.56 15.1543 -2.91594 15.1543
7.52 6.72 12.875 -3.24811 12.875
7.52 6.88 7.48983 -4.08939 7.48983
7.52 7.04 -0.233742 -3.07202 -0.233742
7.52 7.2 -4.12949 3.36904 -4.12949
7.52 7.36 -3.63212 10.5555 -3.63212
7.52 7.52 1.00258 18.2119 1.00258
7.52 7.68 1.56867 19.928 1.56867
7.52 7.84 -28.9863 -10.181 -28.9863
7.68 0 13.5279 33.085 13.5279
7.68 0.16 16.0859 35.5847 16.0859
7.68 0.32 19.0386 38.3095 19.0386
7.68 0.48 19.7579 38.5528 19.7579
7.68 0.64 20.2375 38.113 20.2375
7.68 0.8 20.3928 36.437 20.3928
7.68 0.96 20.0865 32.3823 20.0865
7.68 1.12 20.5665 25.8612 20.5665
7.68 1.28 24.895 20.8143 24.895
7.68 1.44 31.5383 19.9007 31.5383
7.68 1.6 36.0902 20.2781 36.0902
7.68 1.76 38.1015 20.2693 38.1015
7.68 1.92 38.7473 19.9308 38.7473
7.68 2.08 38.8362 19.5323 38.8362
7.68 2.24 38.7706 19.2514 38.7706
7.68 2.4 38.7324 19.1861 38.7324
7.68 2.56 38.7585 19.3626 38.7585
7.68 2.72 38.7195 19.7129 38.7195
7.68 2.88 38.2802 20.0784 38.2802
7.68 3.04 36.7168 20.1804 36.7168
7.68 3.2 32.7813 19.7797 32.7813
7.68 3.36 26.0437 19.9523 26.0437
7.68 3.52 20.5207 24.1366 20.5207
7.68 3.68 19.5611 31.1578 19.5611
7.68 3.84 20.1051 36.0407 20.1051
7.68 4 20.2289 38.1845 20.2289
7.68 4.16 20.0249 38.9056 20.0249
7.68 4.32 19.7989 39.0802 19.7989
7.68 4.48 19.7076 39.0764 19.7076
7.68 4.64 19.8079 38.991 19.8079
7.68 4.8 20.0103 38.6358 20.0103
7.68 4.96 20.0804 37.4405 20.0804
7.68 5.12 19.6588 34.1927 19.6588
7.68 5.28 19.198 27.7417 19.198
7.68 5.44 22.1193 20.9967 22.1193
7.68 5.6 29.3448 19.1272 29.3448
7.68 5.76 35.2298 19.8347 35.2298
7.68 5.92 37.9762 20.2456 37.9762
7.68 6.08 38.9492 20.2484 38.9492
7.68 6.24 39.1804 20.1831 39.1804
7.68 6.4 38.9979 20.1821 38.9979
7.68 6.56 38.1787 20.1565 38.1787
7.68 6.72 35.7809 19.7641 35.7809
7.68 6.88 30.2264 18.8663 30.2264
7.68 7.04 22.4809 19.9679 22.4809
7.68 7.2 18.7913 26.5368 18.7913
7.68 7.36 19.3972 33.6976 19.3972
7.68 7.52 23.8936 41.1484 23.8936
7.68 7.68 23.0538 41.4391 23.0538
7.68 7.84 1.20922 20.0261 1.20922
7.84 0 -42.4021 -22.8851 -42.4021
7.84 0.16 -48.9496 -29.507 -48.9496
7.84 0.32 -44.2158 -25.0358 -44.2158
7.84 0.48 -43.2042 -24.5628 -43.2042
7.84 0.64 -42.5829 -24.9761 -42.5829
7.84 0.8 -42.301 -26.7401 -42.301
7.84 0.96 -42.3825 -30.9302 -42.3825
7.84 1.12 -41.3599 -37.2508 -41.3599
7.84 1.28 -36.5911 -41.6972 -36.5911
7.84 1.44 -30.3039 -42.4709 -30.3039
7.84 1.6 -26.293 -42.3097 -26.293
7.84 1.76 -24.6198 -42.5218 -24.6198
7.84 1.92 -24.1675 -43.004 -24.1675
7.84 2.08 -24.1955 -43.4979 -24.1955
7.84 2.24 -24.3235 -43.8257 -24.3235
7.84 2.4 -24.3757 -43.8851 -24.3757
7.84 2.56 -24.3335 -43.6586 -24.3335
7.84 2.72 -24.3465 -43.2235 -24.3465
7.84 2.88 -24.7927 -42.756 -24.7927
7.84 3.04 -26.4532 -42.5419 -26.4532
7.84 3.2 -30.5712 -42.752 -30.5712
7.84 3.36 -37.1682 -42.0354 -37.1682
7.84 3.52 -42.0351 -37.311 -42.0351
7.84 3.68 -42.7993 -30.6254 -42.7993
7.84 3.84 -42.4671 -26.312 -42.4671
7.84 4 -42.5334 -24.5059 -42.5334
7.84 4.16 -42.8571 -23.9606 -42.8571
7.84 4.32 -43.1474 -23.8809 -43.1474
7.84 4.48 -43.244 -23.9203 -43.244
7.84 4.64 -43.1092 -24.0185 -43.1092
7.84 4.8 -42.8381 -24.3926 -42.8381
7.84 4.96 -42.6859 -25.6792 -42.6859
7.84 5.12 -42.982 -29.1381 -42.982
7.84 5.28 -43.0202 -35.6348 -43.0202
7.84 5.44 -39.3871 -41.7504 -39.3871
7.84 5.6 -32.2824 -43.2161 -32.2824
7.84 5.76 -27.0016 -42.6728 -27.0016
7.84 5.92 -24.6376 -42.4507 -24.6376
7.84 6.08 -23.8451 -42.5488 -23.8451
7.84 6.24 -23.7012 -42.6492 -23.7012
7.84 6.4 -23.9372 -42.6348 -23.9372
7.84 6.56 -24.8461 -42.6203 -24.8461
7.84 6.72 -27.4526 -42.9544 -27.4526
7.84 6.88 -33.2265 -43.6093 -33.2265
7.84 7.04 -40.5689 -41.78 -40.5689
7.84 7.2 -43.6006 -34.9471 -43.6006
7.84 7.36 -43.023 -28.3484 -43.023
7.84 7.52 -38.2938 -20.9281 -38.2938
7.84 7.68 -35.2071 -16.8162 -35.2071
7.84 7.84 -80.892 -62.0543 -80.892
