0 0 0.987931 0.010921 0.00181122
0 0.16 0.986554 0.0124149 0.00172464
0 0.32 0.981197 0.0180707 0.00151844
0 0.48 0.969878 0.0297728 0.00124815
0 0.64 0.947783 0.0522953 0.000967644
0 0.8 0.903536 0.0969439 0.000710956
0 0.96 0.812694 0.188148 0.000486763
0 1.12 0.64175 0.359429 0.000291464
0 1.28 0.408419 0.593055 0.000139529
0 1.44 0.21619 0.785538 5.46003e-05
0 1.6 0.108615 0.893379 2.00399e-05
0 1.76 0.05627 0.946036 7.72268e-06
0 1.92 0.0306945 0.971963 3.28602e-06
0 2.08 0.0179551 0.985051 1.5727e-06
0 2.24 0.0122042 0.991094 8.89699e-07
0 2.4 0.011212 0.992255 6.87156e-07
0 2.56 0.0146464 0.988829 8.32458e-07
0 2.72 0.0238453 0.979512 1.46343e-06
0 2.88 0.0429008 0.960267 3.20016e-06
0 3.04 0.0821091 0.92085 8.04372e-06
0 3.2 0.165142 0.837603 2.19488e-05
0 3.36 0.329544 0.672854 5.872e-05
0 3.52 0.569634 0.432129 0.000131911
0 3.68 0.776594 0.224663 0.000227633
0 3.84 0.892118 0.108918 0.000324535
0 4 0.946323 0.0545691 0.000417259
0 4.16 0.971187 0.0295551 0.000500663
0 4.32 0.98204 0.0185224 0.000563112
0 4.48 0.984784 0.0155779 0.000591372
0 4.64 0.980789 0.0193612 0.000578356
0 4.8 0.968094 0.0318736 0.000527403
0 4.96 0.939422 0.0604495 0.000449398
0 5.12 0.875755 0.124159 0.000354733
0 5.28 0.739028 0.261111 0.000247697
0 5.44 0.506338 0.494111 0.000137863
0 5.6 0.269464 0.731346 5.82074e-05
0 5.76 0.127525 0.873662 2.13021e-05
0 5.92 0.0623166 0.939116 8.00258e-06
0 6.08 0.0349416 0.966601 3.53037e-06
0 6.24 0.0259582 0.975604 2.13768e-06
0 6.4 0.0294175 0.972101 2.15455e-06
0 6.56 0.0479911 0.953415 3.70734e-06
0 6.72 0.0958058 0.905416 8.90205e-06
0 6.88 0.207547 0.793383 2.40534e-05
0 7.04 0.423485 0.576923 5.99198e-05
0 7.2 0.681947 0.317886 0.000113794
0 7.36 0.851183 0.148416 0.000162269
0 7.52 0.928089 0.0714545 0.000195697
0 7.68 0.957376 0.0421331 0.000214612
0 7.84 0.968793 0.0307003 0.000224149
0.16 0 0.987908 0.0109468 0.00181266
0.16 0.16 0.9865 0.0124563 0.0017259
0.16 0.32 0.981082 0.0181398 0.0015192
0.16 0.48 0.969692 0.0298906 0.00124849
0.16 0.64 0.947504 0.0524981 0.000967687
0.16 0.8 0.903097 0.0972909 0.000710789
0.16 0.96 0.812037 0.188696 0.000486462
0.16 1.12 0.640996 0.360054 0.00029116
0.16 1.28 0.407929 0.593406 0.000139369
0.16 1.44 0.216002 0.785608 5.45493e-05
0.16 1.6 0.108555 0.893342 2.00261e-05
0.16 1.76 0.0562494 0.945972 7.71885e-06
0.16 1.92 0.0306852 0.971893 3.28481e-06
0.16 2.08 0.0179491 0.984978 1.57218e-06
0.16 2.24 0.012199 0.991024 8.89347e-07
0.16 2.4 0.0112065 0.992189 6.86793e-07
0.16 2.56 0.0146393 0.988765 8.31914e-07
0.16 2.72 0.0238333 0.97945 1.46228e-06
0.16 2.88 0.0428742 0.960218 3.19694e-06
0.16 3.04 0.0820361 0.920843 8.03332e-06
0.16 3.2 0.164919 0.837726 2.19123e-05
0.16 3.36 0.328939 0.673346 5.86016e-05
0.16 3.52 0.568641 0.43302 0.000131673
0.16 3.68 0.775765 0.225412 0.000227396
0.16 3.84 0.891627 0.109346 0.000324382
0.16 4 0.946051 0.0547919 0.000417184
0.16 4.16 0.971028 0.0296742 0.000500643
0.16 4.32 0.981928 0.0185936 0.000563124
0.16 4.48 0.98469 0.0156346 0.000591403
0.16 4.64 0.980674 0.0194291 0.000578378
0.16 4.8 0.96793 0.0319826 0.000527394
0.16 4.96 0.939165 0.0606447 0.00044934
0.16 5.12 0.875337 0.124501 0.000354609
0.16 5.28 0.738463 0.261574 0.000247534
0.16 5.44 0.505946 0.494384 0.000137765
0.16 5.6 0.269366 0.731326 5.81842e-05
0.16 5.76 0.127524 0.873562 2.12989e-05
0.16 5.92 0.0623231 0.939021 8.00178e-06
0.16 6.08 0.0349423 0.966519 3.52962e-06
0.16 6.24 0.0259534 0.975531 2.13665e-06
0.16 6.4 0.0294071 0.972036 2.15281e-06
0.16 6.56 0.0479679 0.953358 3.70343e-06
0.16 6.72 0.0957357 0.905396 8.89057e-06
0.16 6.88 0.207298 0.793526 2.40132e-05
0.16 7.04 0.422797 0.5775 5.97987e-05
0.16 7.2 0.681077 0.318655 0.000113608
0.16 7.36 0.850586 0.148924 0.000162097
0.16 7.52 0.92773 0.0717321 0.000195538
0.16 7.68 0.957102 0.0423413 0.00021443
0.16 7.84 0.968644 0.0308175 0.000224047
0.32 0 0.988084 0.0107677 0.00181758
0.32 0.16 0.986701 0.0122363 0.00173094
0.32 0.32 0.981374 0.0178065 0.00152464
0.32 0.48 0.970147 0.0293411 0.00125392
0.32 0.64 0.948353 0.0515542 0.000972787
0.32 0.8 0.904647 0.0956221 0.000715366
0.32 0.96 0.814772 0.185835 0.000490525
0.32 1.12 0.644825 0.356078 0.000294453
0.32 1.28 0.411095 0.590068 0.000141272
0.32 1.44 0.217383 0.784059 5.5248e-05
0.32 1.6 0.108893 0.892814 2.02156e-05
0.32 1.76 0.0562448 0.945754 7.76112e-06
0.32 1.92 0.0306014 0.971726 3.29082e-06
0.32 2.08 0.0178479 0.984809 1.56963e-06
0.32 2.24 0.0120729 0.990874 8.83771e-07
0.32 2.4 0.0110177 0.992117 6.77455e-07
0.32 2.56 0.014322 0.98883 8.14387e-07
0.32 2.72 0.0232741 0.979775 1.42534e-06
0.32 2.88 0.0418575 0.961032 3.1106e-06
0.32 3.04 0.0801294 0.922599 7.81444e-06
0.32 3.2 0.161372 0.841145 2.13557e-05
0.32 3.36 0.323376 0.678809 5.74139e-05
0.32 3.52 0.563227 0.438371 0.000130019
0.32 3.68 0.772884 0.228246 0.000225858
0.32 3.84 0.890555 0.110372 0.000322984
0.32 4 0.945718 0.0550959 0.000415814
0.32 4.16 0.970956 0.0297255 0.000499354
0.32 4.32 0.981959 0.0185296 0.000562149
0.32 4.48 0.984841 0.0154651 0.000591012
0.32 4.64 0.980964 0.0190949 0.000578681
0.32 4.8 0.968509 0.0313447 0.000528362
0.32 4.96 0.940339 0.059408 0.000450846
0.32 5.12 0.877671 0.122092 0.000356547
0.32 5.28 0.742523 0.257395 0.00024974
0.32 5.44 0.510608 0.489574 0.000139607
0.32 5.6 0.272046 0.728455 5.90546e-05
0.32 5.76 0.128405 0.872466 2.15644e-05
0.32 5.92 0.0624738 0.938633 8.06342e-06
0.32 6.08 0.0348339 0.966376 3.53464e-06
0.32 6.24 0.0256757 0.975552 2.1212e-06
0.32 6.4 0.028871 0.972334 2.11537e-06
0.32 6.56 0.0469075 0.954195 3.61381e-06
0.32 6.72 0.0935696 0.90736 8.65974e-06
0.32 6.88 0.203127 0.797525 2.34502e-05
0.32 7.04 0.416975 0.583179 5.87932e-05
0.32 7.2 0.676878 0.322726 0.00011257
0.32 7.36 0.848854 0.150527 0.000161275
0.32 7.52 0.927124 0.072181 0.000194825
0.32 7.68 0.956863 0.0423973 0.000213763
0.32 7.84 0.968522 0.0308477 0.000223288
0.48 0 0.988149 0.0106411 0.00182416
0.48 0.16 0.986784 0.0120866 0.00173741
0.48 0.32 0.98152 0.017584 0.00153087
0.48 0.48 0.970409 0.0289746 0.00125961
0.48 0.64 0.948877 0.0509158 0.000977752
0.48 0.8 0.905685 0.0944602 0.000719573
0.48 0.96 0.816738 0.183741 0.000494089
0.48 1.12 0.647832 0.352925 0.00029731
0.48 1.28 0.413909 0.587074 0.000142999
0.48 1.44 0.218881 0.782351 5.59441e-05
0.48 1.6 0.109465 0.891999 2.04352e-05
0.48 1.76 0.0564286 0.945285 7.82493e-06
0.48 1.92 0.0306436 0.97136 3.30892e-06
0.48 2.08 0.0178295 0.984472 1.57377e-06
0.48 2.24 0.0120089 0.990573 8.82381e-07
0.48 2.4 0.0108918 0.991885 6.71686e-07
0.48 2.56 0.0140921 0.988718 8.01555e-07
0.48 2.72 0.0228578 0.979878 1.39683e-06
0.48 2.88 0.0410851 0.961537 3.04176e-06
0.48 3.04 0.078635 0.923882 7.63407e-06
0.48 3.2 0.158455 0.843897 2.08776e-05
0.48 3.36 0.318471 0.683603 5.63305e-05
0.48 3.52 0.557977 0.443564 0.000128385
0.48 3.68 0.769749 0.23135 0.00022424
0.48 3.84 0.889204 0.111701 0.000321502
0.48 4 0.94519 0.0556095 0.000414392
0.48 4.16 0.970764 0.0299082 0.000498064
0.48 4.32 0.981919 0.0185548 0.000561202
0.48 4.48 0.984917 0.0153746 0.000590638
0.48 4.64 0.98117 0.0188618 0.000578977
0.48 4.8 0.968944 0.0308698 0.000529268
0.48 4.96 0.941241 0.058454 0.000452216
0.48 5.12 0.879538 0.120151 0.000358271
0.48 5.28 0.74601 0.253793 0.000251719
0.48 5.44 0.515044 0.484978 0.000141353
0.48 5.6 0.274992 0.725291 5.99611e-05
0.48 5.76 0.129636 0.870971 2.18782e-05
0.48 5.92 0.0628784 0.937932 8.15368e-06
0.48 6.08 0.0348977 0.965994 3.55528e-06
0.48 6.24 0.0255418 0.975361 2.11642e-06
0.48 6.4 0.0285095 0.972382 2.08954e-06
0.48 6.56 0.0461302 0.954682 3.54427e-06
0.48 6.72 0.0919101 0.908768 8.47163e-06
0.48 6.88 0.199766 0.800682 2.29678e-05
0.48 7.04 0.411912 0.588095 5.78592e-05
0.48 7.2 0.67284 0.326652 0.000111488
0.48 7.36 0.846943 0.152321 0.000160314
0.48 7.52 0.926307 0.0728537 0.000193919
0.48 7.68 0.956406 0.0426783 0.000212849
0.48 7.84 0.968171 0.0310095 0.000222342
0.64 0 0.988143 0.0105547 0.00183169
0.64 0.16 0.986791 0.0119845 0.00174468
0.64 0.32 0.98157 0.0174325 0.00153756
0.64 0.48 0.970547 0.0287231 0.00126543
0.64 0.64 0.949208 0.0504694 0.000982598
0.64 0.8 0.90641 0.0936229 0.000723503
0.64 0.96 0.818203 0.182164 0.00049728
0.64 1.12 0.650217 0.350413 0.000299807
0.64 1.28 0.41631 0.584501 0.000144529
0.64 1.44 0.220284 0.780731 5.65876e-05
0.64 1.6 0.110079 0.89113 2.06517e-05
0.64 1.76 0.0566765 0.944746 7.89395e-06
0.64 1.92 0.030738 0.97094 3.33145e-06
0.64 2.08 0.0178502 0.984097 1.58085e-06
0.64 2.24 0.0119777 0.990235 8.83078e-07
0.64 2.4 0.0108026 0.991609 6.67923e-07
0.64 2.56 0.0139152 0.988546 7.91567e-07
0.64 2.72 0.0225285 0.979891 1.37356e-06
0.64 2.88 0.040462 0.961888 2.98407e-06
0.64 3.04 0.0773975 0.924897 7.47884e-06
0.64 3.2 0.155953 0.846227 2.04535e-05
0.64 3.36 0.314072 0.687892 5.53315e-05
0.64 3.52 0.553006 0.448489 0.000126804
0.64 3.68 0.766611 0.234475 0.000222614
0.64 3.84 0.88777 0.113129 0.000320002
0.64 4 0.944583 0.0562078 0.000412969
0.64 4.16 0.970509 0.0301507 0.000496794
0.64 4.32 0.98183 0.0186249 0.000560287
0.64 4.48 0.984942 0.0153274 0.000590285
0.64 4.64 0.981317 0.0186861 0.000579271
0.64 4.8 0.96929 0.0304882 0.000530134
0.64 4.96 0.941989 0.0576616 0.000453498
0.64 5.12 0.881144 0.118481 0.000359859
0.64 5.28 0.749153 0.250554 0.000253545
0.64 5.44 0.519278 0.480592 0.000143014
0.64 5.6 0.278008 0.722054 6.08655e-05
0.64 5.76 0.131014 0.869325 2.22096e-05
0.64 5.92 0.0634032 0.937108 8.25694e-06
0.64 6.08 0.0350523 0.965521 3.58406e-06
0.64 6.24 0.0254919 0.975086 2.1179e-06
0.64 6.4 0.0282565 0.972319 2.07115e-06
0.64 6.56 0.0455344 0.954984 3.4882e-06
0.64 6.72 0.0905866 0.909834 8.31326e-06
0.64 6.88 0.196987 0.803256 2.25462e-05
0.64 7.04 0.407533 0.59234 5.69994e-05
0.64 7.2 0.669162 0.330248 0.000110416
0.64 7.36 0.845112 0.154077 0.000159291
0.64 7.52 0.925491 0.0735796 0.000192908
0.64 7.68 0.95594 0.0430305 0.00021181
0.64 7.84 0.96779 0.0312311 0.000221279
0.8 0 0.988133 0.0105007 0.0018397
0.8 0.16 0.986791 0.0119182 0.00175235
0.8 0.32 0.981604 0.0173315 0.00154446
0.8 0.48 0.970651 0.0285519 0.00127128
0.8 0.64 0.949457 0.0501579 0.000987311
0.8 0.8 0.906959 0.0930189 0.000727195
0.8 0.96 0.819329 0.180982 0.000500164
0.8 1.12 0.652104 0.348443 0.000301991
0.8 1.28 0.418294 0.582376 0.000145861
0.8 1.44 0.221508 0.779304 5.71589e-05
0.8 1.6 0.110653 0.890306 2.08506e-05
0.8 1.76 0.05693 0.944205 7.96037e-06
0.8 1.92 0.0308481 0.970508 3.35451e-06
0.8 2.08 0.0178874 0.983712 1.58888e-06
0.8 2.24 0.0119642 0.989886 8.84742e-07
0.8 2.4 0.0107361 0.991312 6.65326e-07
0.8 2.56 0.0137734 0.988341 7.83432e-07
0.8 2.72 0.0222578 0.979846 1.3539e-06
0.8 2.88 0.0399412 0.962136 2.93429e-06
0.8 3.04 0.0763429 0.925729 7.34237e-06
0.8 3.2 0.153771 0.848242 2.0073e-05
0.8 3.36 0.310124 0.691746 5.44123e-05
0.8 3.52 0.548393 0.453087 0.000125303
0.8 3.68 0.763618 0.237498 0.00022103
0.8 3.84 0.886383 0.114559 0.000318532
0.8 4 0.944004 0.0568307 0.000411588
0.8 4.16 0.97028 0.0304177 0.000495581
0.8 4.32 0.981767 0.0187177 0.000559434
0.8 4.48 0.984989 0.0153057 0.000589982
0.8 4.64 0.981478 0.0185469 0.000579587
0.8 4.8 0.969628 0.0301665 0.000530986
0.8 4.96 0.942684 0.0569753 0.000454727
0.8 5.12 0.882618 0.116997 0.000361355
0.8 5.28 0.752072 0.247589 0.000255258
0.8 5.44 0.523328 0.476427 0.000144597
0.8 5.6 0.281005 0.718857 6.17521e-05
0.8 5.76 0.132444 0.867637 2.25443e-05
0.8 5.92 0.0639838 0.936236 8.36551e-06
0.8 6.08 0.035256 0.965007 3.61701e-06
0.8 6.24 0.025494 0.974768 2.12318e-06
0.8 6.4 0.0280771 0.972187 2.05788e-06
0.8 6.56 0.0450678 0.95516 3.44213e-06
0.8 6.72 0.0895157 0.910651 8.17838e-06
0.8 6.88 0.194683 0.805367 2.21777e-05
0.8 7.04 0.403803 0.595963 5.62204e-05
0.8 7.2 0.665945 0.333435 0.000109393
0.8 7.36 0.843493 0.155693 0.000158262
0.8 7.52 0.924781 0.0742792 0.000191862
0.8 7.68 0.955548 0.0433897 0.000210723
0.8 7.84 0.967485 0.0314675 0.000220168
0.96 0 0.988157 0.0104738 0.00184781
0.96 0.16 0.98682 0.0118791 0.0017601
0.96 0.32 0.981636 0.0172676 0.00155134
0.96 0.48 0.970717 0.028439 0.001277
0.96 0.64 0.949608 0.0499448 0.000991829
0.96 0.8 0.907304 0.0925905 0.000730639
0.96 0.96 0.82009 0.180111 0.000502759
0.96 1.12 0.653467 0.346934 0.000303886
0.96 1.28 0.419803 0.580672 0.000146996
0.96 1.44 0.222477 0.778089 5.76488e-05
0.96 1.6 0.111126 0.889542 2.10242e-05
0.96 1.76 0.0571481 0.943656 8.01993e-06
0.96 1.92 0.0309481 0.970043 3.37592e-06
0.96 2.08 0.0179248 0.983281 1.59669e-06
0.96 2.24 0.0119568 0.989482 8.86682e-07
0.96 2.4 0.0106817 0.990953 6.63363e-07
0.96 2.56 0.0136527 0.988064 7.76529e-07
0.96 2.72 0.0220241 0.979713 1.33681e-06
0.96 2.88 0.0394865 0.962267 2.89045e-06
0.96 3.04 0.0754121 0.926384 7.22079e-06
0.96 3.2 0.151819 0.849972 1.97298e-05
0.96 3.36 0.306527 0.695185 5.35695e-05
0.96 3.52 0.544077 0.457312 0.000123894
0.96 3.68 0.760731 0.240347 0.000219514
0.96 3.84 0.885006 0.115936 0.000317117
0.96 4 0.943419 0.0574439 0.000410268
0.96 4.16 0.970057 0.0306885 0.00049444
0.96 4.32 0.981724 0.0188198 0.000558654
0.96 4.48 0.985057 0.0152985 0.000589738
0.96 4.64 0.981647 0.0184312 0.000579934
0.96 4.8 0.969944 0.0298859 0.000531834
0.96 4.96 0.943299 0.0563638 0.000455915
0.96 5.12 0.883925 0.115652 0.000362776
0.96 5.28 0.754722 0.244846 0.000256873
0.96 5.44 0.527118 0.472475 0.000146103
0.96 5.6 0.283889 0.715736 6.26101e-05
0.96 5.76 0.133851 0.865934 2.28738e-05
0.96 5.92 0.0645721 0.935316 8.47466e-06
0.96 6.08 0.0354778 0.964433 3.65164e-06
0.96 6.24 0.0255238 0.974377 2.13064e-06
0.96 6.4 0.0279441 0.971963 2.04819e-06
0.96 6.56 0.0446898 0.9552 3.40377e-06
0.96 6.72 0.0886285 0.911237 8.06294e-06
0.96 6.88 0.192748 0.807059 2.18567e-05
0.96 7.04 0.400615 0.598991 5.55245e-05
0.96 7.2 0.663128 0.336175 0.000108439
0.96 7.36 0.842046 0.157115 0.000157265
0.96 7.52 0.924135 0.0749107 0.000190829
0.96 7.68 0.955191 0.0437231 0.000209646
0.96 7.84 0.967277 0.0316925 0.000219062
1.12 0 0.988237 0.0104692 0.00185574
1.12 0.16 0.986917 0.0118609 0.00176765
1.12 0.32 0.981755 0.0172312 0.00155799
1.12 0.48 0.970855 0.0283694 0.00128248
1.12 0.64 0.949791 0.0498063 0.000996086
1.12 0.8 0.90761 0.0922992 0.000733819
1.12 0.96 0.820682 0.179496 0.000505083
1.12 1.12 0.654494 0.345827 0.000305518
1.12 1.28 0.420952 0.57937 0.00014795
1.12 1.44 0.223232 0.777104 5.80587e-05
1.12 1.6 0.111506 0.888866 2.1171e-05
1.12 1.76 0.0573304 0.943122 8.07116e-06
1.12 1.92 0.0310354 0.969556 3.39475e-06
1.12 2.08 0.0179598 0.98281 1.60376e-06
1.12 2.24 0.0119532 0.989027 8.88562e-07
1.12 2.4 0.0106372 0.990535 6.61761e-07
1.12 2.56 0.0135506 0.98772 7.70537e-07
1.12 2.72 0.0218236 0.979504 1.32178e-06
1.12 2.88 0.0390931 0.962301 2.8516e-06
1.12 3.04 0.0746005 0.926899 7.11236e-06
1.12 3.2 0.150102 0.851462 1.94214e-05
1.12 3.36 0.303327 0.698243 5.28032e-05
1.12 3.52 0.540184 0.461157 0.000122589
1.12 3.68 0.758119 0.242986 0.000218084
1.12 3.84 0.883797 0.117229 0.000315773
1.12 4 0.942962 0.0580276 0.000409019
1.12 4.16 0.96995 0.0309509 0.000493373
1.12 4.32 0.981793 0.0189229 0.000557943
1.12 4.48 0.985234 0.0152991 0.000589543
1.12 4.64 0.981915 0.0183313 0.000580303
1.12 4.8 0.970339 0.029635 0.000532672
1.12 4.96 0.94396 0.0558095 0.000457063
1.12 5.12 0.885212 0.114419 0.00036413
1.12 5.28 0.757251 0.2423 0.000258401
1.12 5.44 0.530738 0.468745 0.000147535
1.12 5.6 0.286678 0.712728 6.3436e-05
1.12 5.76 0.135231 0.864253 2.31944e-05
1.12 5.92 0.0651597 0.934372 8.58221e-06
1.12 6.08 0.0357104 0.963811 3.6867e-06
1.12 6.24 0.0255746 0.973921 2.13947e-06
1.12 6.4 0.0278503 0.971656 2.04125e-06
1.12 6.56 0.0443902 0.955124 3.37192e-06
1.12 6.72 0.0879099 0.91163 7.96483e-06
1.12 6.88 0.191169 0.80839 2.15803e-05
1.12 7.04 0.397995 0.601473 5.49131e-05
1.12 7.2 0.660814 0.338469 0.000107572
1.12 7.36 0.840904 0.158323 0.000156324
1.12 7.52 0.9237 0.0754549 0.000189834
1.12 7.68 0.955028 0.0440149 0.000208602
1.12 7.84 0.967208 0.0318922 0.000217989
1.28 0 0.98837 0.0104797 0.00186325
1.28 0.16 0.987067 0.0118575 0.00177482
1.28 0.32 0.981919 0.0172153 0.0015643
1.28 0.48 0.97103 0.0283332 0.00128763
1.28 0.64 0.949991 0.0497272 0.00100005
1.28 0.8 0.907882 0.0921209 0.000736735
1.28 0.96 0.821132 0.179097 0.000507155
1.28 1.12 0.655232 0.345077 0.000306913
1.28 1.28 0.421777 0.578441 0.000148735
1.28 1.44 0.223786 0.776348 5.83925e-05
1.28 1.6 0.111795 0.888294 2.12912e-05
1.28 1.76 0.0574743 0.942625 8.11374e-06
1.28 1.92 0.0311072 0.969073 3.41069e-06
1.28 2.08 0.01799 0.982323 1.60986e-06
1.28 2.24 0.0119511 0.988543 8.90222e-07
1.28 2.4 0.0106 0.990081 6.60377e-07
1.28 2.56 0.0134635 0.987334 7.65273e-07
1.28 2.72 0.0216512 0.979244 1.3085e-06
1.28 2.88 0.0387528 0.962267 2.81714e-06
1.28 3.04 0.0738938 0.927303 7.01581e-06
1.28 3.2 0.148596 0.852748 1.91454e-05
1.28 3.36 0.300495 0.700955 5.21115e-05
1.28 3.52 0.536698 0.464627 0.000121394
1.28 3.68 0.755779 0.245403 0.000216756
1.28 3.84 0.88274 0.118426 0.000314517
1.28 4 0.9426 0.0585729 0.000407856
1.28 4.16 0.969914 0.0311988 0.00049239
1.28 4.32 0.981921 0.0190228 0.000557306
1.28 4.48 0.985463 0.0153036 0.000589403
1.28 4.64 0.982229 0.0182433 0.000580697
1.28 4.8 0.970769 0.0294086 0.000533504
1.28 4.96 0.944632 0.0553046 0.000458177
1.28 5.12 0.88646 0.113287 0.000365429
1.28 5.28 0.75965 0.239942 0.000259853
1.28 5.44 0.53417 0.465245 0.000148896
1.28 5.6 0.289347 0.709861 6.42267e-05
1.28 5.76 0.136563 0.86262 2.35036e-05
1.28 5.92 0.0657342 0.933427 8.68681e-06
1.28 6.08 0.0359452 0.963163 3.72146e-06
1.28 6.24 0.0256393 0.973423 2.14914e-06
1.28 6.4 0.0277868 0.971288 2.03655e-06
1.28 6.56 0.0441548 0.954957 3.34573e-06
1.28 6.72 0.0873332 0.911861 7.88227e-06
1.28 6.88 0.189895 0.809409 2.13454e-05
1.28 7.04 0.395877 0.603467 5.4385e-05
1.28 7.2 0.65895 0.340346 0.0001068
1.28 7.36 0.840024 0.159321 0.000155459
1.28 7.52 0.923429 0.0759088 0.000188904
1.28 7.68 0.955002 0.0442606 0.000207619
1.28 7.84 0.967261 0.0320612 0.000216975
1.44 0 0.98854 0.0104954 0.00187017
1.44 0.16 0.987251 0.0118627 0.00178139
1.44 0.32 0.982111 0.017213 0.00157005
1.44 0.48 0.971235 0.0283202 0.00129232
1.44 0.64 0.950215 0.0496914 0.00100364
1.44 0.8 0.90815 0.0920287 0.000739342
1.44 0.96 0.8215 0.178871 0.000508966
1.44 1.12 0.655761 0.34462 0.00030808
1.44 1.28 0.422344 0.577839 0.000149365
1.44 1.44 0.224174 0.775818 5.86558e-05
1.44 1.6 0.112004 0.887854 2.13864e-05
1.44 1.76 0.0575839 0.942214 8.14798e-06
1.44 1.92 0.0311646 0.968654 3.42376e-06
1.44 2.08 0.0180152 0.981889 1.61494e-06
1.44 2.24 0.0119498 0.988105 8.91599e-07
1.44 2.4 0.0105691 0.989665 6.59136e-07
1.44 2.56 0.0133899 0.986978 7.60626e-07
1.44 2.72 0.0215045 0.979003 1.29676e-06
1.44 2.88 0.0384615 0.962229 2.78664e-06
1.44 3.04 0.0732861 0.927651 6.93018e-06
1.44 3.2 0.147294 0.853874 1.88997e-05
1.44 3.36 0.29803 0.703347 5.1491e-05
1.44 3.52 0.533643 0.467724 0.000120307
1.44 3.68 0.753742 0.247582 0.000215527
1.44 3.84 0.881855 0.119513 0.00031334
1.44 4 0.942336 0.0590705 0.00040676
1.44 4.16 0.969938 0.0314263 0.000491464
1.44 4.32 0.982089 0.019115 0.000556707
1.44 4.48 0.985719 0.0153084 0.000589274
1.44 4.64 0.982566 0.0181628 0.000581073
1.44 4.8 0.97122 0.0292002 0.000534295
1.44 4.96 0.945316 0.0548389 0.000459232
1.44 5.12 0.887685 0.112241 0.000366656
1.44 5.28 0.761948 0.237754 0.00026122
1.44 5.44 0.537439 0.461969 0.000150181
1.44 5.6 0.291903 0.707156 6.49788e-05
1.44 5.76 0.137847 0.861076 2.37995e-05
1.44 5.92 0.066293 0.932536 8.78759e-06
1.44 6.08 0.0361798 0.962551 3.75546e-06
1.44 6.24 0.0257148 0.972946 2.15934e-06
1.44 6.4 0.0277497 0.970925 2.03371e-06
1.44 6.56 0.0439769 0.954762 3.32452e-06
1.44 6.72 0.0868855 0.911989 7.81371e-06
1.44 6.88 0.188904 0.810171 2.11485e-05
1.44 7.04 0.394231 0.60502 5.39352e-05
1.44 7.2 0.657523 0.341826 0.000106121
1.44 7.36 0.839402 0.160112 0.000154673
1.44 7.52 0.923302 0.0762682 0.000188042
1.44 7.68 0.955075 0.0444551 0.000206702
1.44 7.84 0.967395 0.0321969 0.00021603
1.6 0 0.988722 0.0105111 0.00187634
1.6 0.16 0.987448 0.0118726 0.00178727
1.6 0.32 0.982326 0.0172205 0.0015752
1.6 0.48 0.97146 0.0283257 0.0012965
1.6 0.64 0.950447 0.0496913 0.00100682
1.6 0.8 0.90839 0.0920081 0.000741638
1.6 0.96 0.821766 0.178789 0.00051052
1.6 1.12 0.65608 0.344408 0.000309034
1.6 1.28 0.42267 0.577497 0.000149851
1.6 1.44 0.224405 0.775443 5.88536e-05
1.6 1.6 0.112139 0.887474 2.14581e-05
1.6 1.76 0.0576608 0.94181 8.17424e-06
1.6 1.92 0.0312076 0.968215 3.43399e-06
1.6 2.08 0.0180349 0.981418 1.61897e-06
1.6 2.24 0.0119485 0.987619 8.92646e-07
1.6 2.4 0.010543 0.989193 6.57972e-07
1.6 2.56 0.0133276 0.986562 7.5649e-07
1.6 2.72 0.0213796 0.978695 1.28637e-06
1.6 2.88 0.0382126 0.962109 2.75964e-06
1.6 3.04 0.0727636 0.927884 6.85429e-06
1.6 3.2 0.146167 0.854803 1.86814e-05
1.6 3.36 0.295883 0.705416 5.09363e-05
1.6 3.52 0.530964 0.470457 0.000119323
1.6 3.68 0.751959 0.24953 0.000214397
1.6 3.84 0.881103 0.120491 0.000312246
1.6 4 0.942143 0.0595213 0.000405737
1.6 4.16 0.970003 0.0316335 0.000490597
1.6 4.32 0.982283 0.0191995 0.000556149
1.6 4.48 0.985996 0.015313 0.000589158
1.6 4.64 0.982917 0.0180894 0.000581434
1.6 4.8 0.971678 0.0290096 0.000535045
1.6 4.96 0.94599 0.054412 0.00046023
1.6 5.12 0.888858 0.111279 0.000367811
1.6 5.28 0.76411 0.235731 0.000262503
1.6 5.44 0.540508 0.458908 0.000151386
1.6 5.6 0.294318 0.704584 6.56885e-05
1.6 5.76 0.139067 0.859569 2.40799e-05
1.6 5.92 0.0668285 0.931632 8.88358e-06
1.6 6.08 0.0364093 0.961901 3.78823e-06
1.6 6.24 0.0257969 0.972418 2.16974e-06
1.6 6.4 0.0277333 0.970495 2.03235e-06
1.6 6.56 0.0438462 0.954473 3.30759e-06
1.6 6.72 0.0865443 0.91197 7.75742e-06
1.6 6.88 0.188143 0.810672 2.09853e-05
1.6 7.04 0.392973 0.606174 5.35573e-05
1.6 7.2 0.656456 0.34296 0.000105535
1.6 7.36 0.83898 0.160722 0.000153973
1.6 7.52 0.923276 0.0765458 0.000187263
1.6 7.68 0.955203 0.0446053 0.000205867
1.6 7.84 0.967564 0.0323023 0.000215163
1.76 0 0.988886 0.0105258 0.00188167
1.76 0.16 0.987619 0.0118845 0.00179233
1.76 0.32 0.982503 0.0172322 0.00157961
1.76 0.48 0.971645 0.0283404 0.00130008
1.76 0.64 0.950632 0.0497112 0.00100955
1.76 0.8 0.908562 0.0920326 0.000743584
1.76 0.96 0.821916 0.178806 0.000511809
1.76 1.12 0.656207 0.344375 0.000309784
1.76 1.28 0.422786 0.577353 0.000150208
1.76 1.44 0.224503 0.775184 5.89935e-05
1.76 1.6 0.11221 0.88713 2.1509e-05
1.76 1.76 0.0577086 0.941398 8.19337e-06
1.76 1.92 0.0312376 0.967739 3.44166e-06
1.76 2.08 0.0180493 0.980888 1.62203e-06
1.76 2.24 0.0119468 0.987058 8.9337e-07
1.76 2.4 0.0105209 0.988638 6.56859e-07
1.76 2.56 0.0132749 0.98606 7.52801e-07
1.76 2.72 0.0212738 0.978301 1.27718e-06
1.76 2.88 0.0380006 0.961896 2.73581e-06
1.76 3.04 0.0723165 0.927994 6.78729e-06
1.76 3.2 0.145198 0.855538 1.84882e-05
1.76 3.36 0.294021 0.70717 5.04422e-05
1.76 3.52 0.528622 0.472829 0.000118434
1.76 3.68 0.750386 0.251238 0.000213355
1.76 3.84 0.880431 0.121353 0.000311218
1.76 4 0.94196 0.0599182 0.00040476
1.76 4.16 0.970045 0.0318155 0.000489759
1.76 4.32 0.982437 0.0192727 0.000555593
1.76 4.48 0.986222 0.0153144 0.000589013
1.76 4.64 0.983213 0.0180192 0.000581735
1.76 4.8 0.972077 0.028831 0.000535717
1.76 4.96 0.946596 0.0540145 0.000461141
1.76 5.12 0.88993 0.110386 0.000368873
1.76 5.28 0.766104 0.233852 0.000263687
1.76 5.44 0.543359 0.456045 0.000152507
1.76 5.6 0.296579 0.702138 6.63529e-05
1.76 5.76 0.140217 0.858097 2.43438e-05
1.76 5.92 0.0673365 0.930713 8.9743e-06
1.76 6.08 0.0366308 0.961213 3.81951e-06
1.76 6.24 0.0258828 0.971836 2.18014e-06
1.76 6.4 0.0277332 0.969996 2.03221e-06
1.76 6.56 0.0437543 0.954093 3.29436e-06
1.76 6.72 0.0862919 0.91181 7.71193e-06
1.76 6.88 0.187577 0.810935 2.08519e-05
1.76 7.04 0.392038 0.606972 5.32433e-05
1.76 7.2 0.655675 0.343778 0.000105032
1.76 7.36 0.838689 0.161163 0.000153354
1.76 7.52 0.923276 0.0767422 0.000186557
1.76 7.68 0.955313 0.0447104 0.000205103
1.76 7.84 0.967722 0.0323813 0.000214375
1.92 0 0.988997 0.0105405 0.00188612
1.92 0.16 0.987738 0.011899 0.00179657
1.92 0.32 0.982637 0.0172517 0.00158335
1.92 0.48 0.971786 0.0283713 0.00130312
1.92 0.64 0.950767 0.0497649 0.00101185
1.92 0.8 0.908669 0.0921323 0.000745215
1.92 0.96 0.82196 0.178995 0.00051286
1.92 1.12 0.656167 0.344702 0.000310355
1.92 1.28 0.422721 0.577799 0.00015045
1.92 1.44 0.224482 0.775696 5.90819e-05
1.92 1.6 0.112222 0.887712 2.15412e-05
1.92 1.76 0.0577286 0.942064 8.20588e-06
1.92 1.92 0.0312542 0.968493 3.44686e-06
1.92 2.08 0.0180577 0.981719 1.62411e-06
1.92 2.24 0.0119436 0.987948 8.93742e-07
1.92 2.4 0.0105013 0.98956 6.55744e-07
1.92 2.56 0.0132296 0.986991 7.49461e-07
1.92 2.72 0.021183 0.979229 1.26899e-06
1.92 2.88 0.0378186 0.962843 2.71468e-06
1.92 3.04 0.0719315 0.929054 6.72799e-06
1.92 3.2 0.14436 0.856948 1.83172e-05
1.92 3.36 0.292405 0.709241 5.00031e-05
1.92 3.52 0.526572 0.475212 0.000117635
1.92 3.68 0.748995 0.252877 0.000212404
1.92 3.84 0.879826 0.122166 0.000310264
1.92 4 0.941778 0.0602908 0.000403843
1.92 4.16 0.970055 0.0319865 0.000488962
1.92 4.32 0.982542 0.0193429 0.000555053
1.92 4.48 0.986391 0.0153191 0.000588853
1.92 4.64 0.983446 0.0179605 0.000581992
1.92 4.8 0.97241 0.0286782 0.000536322
1.92 4.96 0.947125 0.0536755 0.000461974
1.92 5.12 0.890894 0.109633 0.000369849
1.92 5.28 0.767919 0.232297 0.000264778
1.92 5.44 0.545975 0.453788 0.000153542
1.92 5.6 0.29867 0.700536 6.6969e-05
1.92 5.76 0.141285 0.857631 2.45892e-05
1.92 5.92 0.06781 0.930927 9.05886e-06
1.92 6.08 0.0368396 0.961752 3.84886e-06
1.92 6.24 0.0259681 0.972529 2.19022e-06
1.92 6.4 0.0277439 0.970762 2.03291e-06
1.92 6.56 0.0436915 0.954897 3.28411e-06
1.92 6.72 0.0861082 0.912669 7.67543e-06
1.92 6.88 0.187163 0.811925 2.07441e-05
1.92 7.04 0.391359 0.608092 5.29863e-05
1.92 7.2 0.65512 0.34464 0.000104609
1.92 7.36 0.838498 0.161589 0.000152817
1.92 7.52 0.923297 0.0769312 0.000185939
1.92 7.68 0.955408 0.0448117 0.000204432
1.92 7.84 0.967831 0.0324454 0.000213668
2.08 0 0.989028 0.0105547 0.00188968
2.08 0.16 0.987776 0.011914 0.00179997
2.08 0.32 0.982685 0.017273 0.00158632
2.08 0.48 0.971837 0.0284066 0.00130553
2.08 0.64 0.950807 0.0498287 0.00101367
2.08 0.8 0.908672 0.0922548 0.000746495
2.08 0.96 0.821878 0.179233 0.000513658
2.08 1.12 0.655966 0.345112 0.000310747
2.08 1.28 0.422496 0.578316 0.000150587
2.08 1.44 0.224358 0.776208 5.91247e-05
2.08 1.6 0.112182 0.888229 2.15568e-05
2.08 1.76 0.0577235 0.942627 8.21253e-06
2.08 1.92 0.0312584 0.969118 3.44987e-06
2.08 2.08 0.0180603 0.982402 1.62532e-06
2.08 2.24 0.0119387 0.988675 8.93789e-07
2.08 2.4 0.0104834 0.990314 6.54615e-07
2.08 2.56 0.01319 0.987753 7.46417e-07
2.08 2.72 0.0211045 0.979991 1.26167e-06
2.08 2.88 0.0376611 0.963623 2.69589e-06
2.08 3.04 0.0715979 0.929933 6.67537e-06
2.08 3.2 0.143632 0.85813 1.81653e-05
2.08 3.36 0.290993 0.711005 4.96111e-05
2.08 3.52 0.524764 0.477268 0.000116913
2.08 3.68 0.747736 0.254301 0.000211523
2.08 3.84 0.879235 0.122876 0.000309357
2.08 4 0.941545 0.0606162 0.000402951
2.08 4.16 0.969979 0.0321357 0.000488165
2.08 4.32 0.982544 0.0194035 0.00055448
2.08 4.48 0.986446 0.0153214 0.000588624
2.08 4.64 0.983562 0.0179052 0.000582149
2.08 4.8 0.972622 0.0285371 0.00053681
2.08 4.96 0.947527 0.0533639 0.000462686
2.08 5.12 0.891705 0.108942 0.000370707
2.08 5.28 0.769522 0.230865 0.000265753
2.08 5.44 0.548336 0.451691 0.000154479
2.08 5.6 0.300577 0.69901 6.75323e-05
2.08 5.76 0.142263 0.857137 2.48145e-05
2.08 5.92 0.068245 0.931056 9.13668e-06
2.08 6.08 0.037033 0.962181 3.87602e-06
2.08 6.24 0.0260502 0.973099 2.1998e-06
2.08 6.4 0.0277614 0.971394 2.03418e-06
2.08 6.56 0.0436502 0.955555 3.27626e-06
2.08 6.72 0.0859768 0.913355 7.64629e-06
2.08 6.88 0.186865 0.812686 2.06571e-05
2.08 7.04 0.390872 0.608922 5.27753e-05
2.08 7.2 0.654718 0.345263 0.000104249
2.08 7.36 0.838342 0.161891 0.000152345
2.08 7.52 0.923277 0.0770614 0.000185384
2.08 7.68 0.955428 0.0448796 0.000203823
2.08 7.84 0.967851 0.0324897 0.000213026
2.24 0 0.988967 0.0105678 0.0018924
2.24 0.16 0.98771 0.0119283 0.00180254
2.24 0.32 0.982607 0.0172935 0.00158855
2.24 0.48 0.971749 0.0284411 0.00130732
2.24 0.64 0.950706 0.0498927 0.00101501
2.24 0.8 0.908539 0.0923815 0.000747424
2.24 0.96 0.821664 0.179486 0.000514216
2.24 1.12 0.655632 0.345551 0.000310986
2.24 1.28 0.422158 0.578852 0.000150641
2.24 1.44 0.224166 0.776693 5.91328e-05
2.24 1.6 0.112107 0.888678 2.15601e-05
2.24 1.76 0.0577017 0.943092 8.21487e-06
2.24 1.92 0.0312543 0.969619 3.45125e-06
2.24 2.08 0.018059 0.982941 1.62589e-06
2.24 2.24 0.0119329 0.989243 8.93607e-07
2.24 2.4 0.0104674 0.990901 6.5351e-07
2.24 2.56 0.013156 0.988349 7.43673e-07
2.24 2.72 0.0210373 0.980594 1.25518e-06
2.24 2.88 0.0375263 0.964248 2.67931e-06
2.24 3.04 0.0713117 0.930646 6.62901e-06
2.24 3.2 0.143005 0.859104 1.80313e-05
2.24 3.36 0.289768 0.712481 4.92629e-05
2.24 3.52 0.523166 0.479009 0.00011626
2.24 3.68 0.746573 0.255514 0.000210703
2.24 3.84 0.878618 0.12348 0.000308486
2.24 4 0.941212 0.0608923 0.000402066
2.24 4.16 0.969767 0.0322615 0.000487343
2.24 4.32 0.98239 0.0194531 0.000553847
2.24 4.48 0.986337 0.01532 0.000588297
2.24 4.64 0.983509 0.0178517 0.000582178
2.24 4.8 0.972665 0.0284043 0.000537153
2.24 4.96 0.947756 0.0530732 0.000463255
2.24 5.12 0.89233 0.1083 0.000371431
2.24 5.28 0.7709 0.229538 0.000266608
2.24 5.44 0.550446 0.449734 0.00015532
2.24 5.6 0.302307 0.697552 6.8044e-05
2.24 5.76 0.143157 0.856616 2.50204e-05
2.24 5.92 0.0686438 0.931106 9.20803e-06
2.24 6.08 0.0372119 0.962503 3.90107e-06
2.24 6.24 0.0261289 0.973549 2.20886e-06
2.24 6.4 0.0277845 0.971899 2.03593e-06
2.24 6.56 0.0436273 0.956075 3.27049e-06
2.24 6.72 0.0858896 0.913882 7.62357e-06
2.24 6.88 0.186663 0.813241 2.05881e-05
2.24 7.04 0.390538 0.60949 5.26038e-05
2.24 7.2 0.654418 0.345669 0.000103943
2.24 7.36 0.838167 0.162077 0.000151926
2.24 7.52 0.923156 0.0771358 0.000184877
2.24 7.68 0.955315 0.0449159 0.000203262
2.24 7.84 0.967744 0.0325139 0.000212438
2.4 0 0.988852 0.0105793 0.00189445
2.4 0.16 0.987589 0.0119415 0.00180448
2.4 0.32 0.982475 0.0173134 0.00159022
2.4 0.48 0.971604 0.0284757 0.00130865
2.4 0.64 0.950548 0.0499579 0.001016
2.4 0.8 0.908349 0.0925125 0.000748102
2.4 0.96 0.821391 0.179751 0.000514602
2.4 1.12 0.655233 0.346009 0.000311115
2.4 1.28 0.421757 0.579391 0.000150637
2.4 1.44 0.223934 0.77714 5.91166e-05
2.4 1.6 0.112012 0.889052 2.15547e-05
2.4 1.76 0.057669 0.943454 8.2141e-06
2.4 1.92 0.0312444 0.969995 3.45144e-06
2.4 2.08 0.0180549 0.983336 1.62597e-06
2.4 2.24 0.0119266 0.989653 8.93263e-07
2.4 2.4 0.0104531 0.991323 6.52448e-07
2.4 2.56 0.0131267 0.988782 7.41211e-07
2.4 2.72 0.0209798 0.98104 1.24945e-06
2.4 2.88 0.0374113 0.964723 2.66475e-06
2.4 3.04 0.0710671 0.931205 6.58834e-06
2.4 3.2 0.142467 0.859895 1.79136e-05
2.4 3.36 0.288711 0.713715 4.89556e-05
2.4 3.52 0.521773 0.480491 0.000115676
2.4 3.68 0.745534 0.256555 0.000209956
2.4 3.84 0.878032 0.123999 0.000307674
2.4 4 0.940858 0.0611298 0.000401225
2.4 4.16 0.969508 0.0323693 0.000486545
2.4 4.32 0.982175 0.0194949 0.00055321
2.4 4.48 0.986159 0.0153168 0.000587932
2.4 4.64 0.983383 0.017802 0.000582136
2.4 4.8 0.972628 0.0282828 0.000537405
2.4 4.96 0.947896 0.0528083 0.000463722
2.4 5.12 0.892841 0.107716 0.000372053
2.4 5.28 0.772107 0.228329 0.00026736
2.4 5.44 0.552337 0.447935 0.000156072
2.4 5.6 0.303873 0.696176 6.85064e-05
2.4 5.76 0.143968 0.856076 2.52073e-05
2.4 5.92 0.0690071 0.931078 9.27296e-06
2.4 6.08 0.037376 0.962718 3.92397e-06
2.4 6.24 0.0262033 0.973876 2.21733e-06
2.4 6.4 0.0278112 0.972274 2.038e-06
2.4 6.56 0.0436184 0.956462 3.26645e-06
2.4 6.72 0.0858374 0.914265 7.60625e-06
2.4 6.88 0.186539 0.813626 2.05345e-05
2.4 7.04 0.390331 0.609861 5.24673e-05
2.4 7.2 0.654221 0.345917 0.000103689
2.4 7.36 0.83802 0.162183 0.000151564
2.4 7.52 0.923014 0.077174 0.000184433
2.4 7.68 0.95516 0.0449325 0.000202767
2.4 7.84 0.967578 0.0325238 0.000211915
2.56 0 0.988711 0.0105888 0.00189599
2.56 0.16 0.987443 0.0119528 0.00180594
2.56 0.32 0.982315 0.017331 0.00159147
2.56 0.48 0.971427 0.0285067 0.00130963
2.56 0.64 0.95035 0.0500175 0.00101672
2.56 0.8 0.908116 0.0926342 0.000748578
2.56 0.96 0.821075 0.179999 0.000514851
2.56 1.12 0.654794 0.346441 0.000311161
2.56 1.28 0.421326 0.579887 0.000150592
2.56 1.44 0.223682 0.777523 5.90847e-05
2.56 1.6 0.111906 0.889342 2.15437e-05
2.56 1.76 0.0576302 0.943715 8.21129e-06
2.56 1.92 0.0312309 0.970257 3.45083e-06
2.56 2.08 0.018049 0.983603 1.62572e-06
2.56 2.24 0.01192 0.989927 8.92818e-07
2.56 2.4 0.0104403 0.991605 6.51444e-07
2.56 2.56 0.0131013 0.989076 7.39012e-07
2.56 2.72 0.0209306 0.98135 1.2444e-06
2.56 2.88 0.037313 0.965064 2.65199e-06
2.56 3.04 0.0708577 0.931625 6.55276e-06
2.56 3.2 0.142005 0.86052 1.78105e-05
2.56 3.36 0.287798 0.714728 4.86852e-05
2.56 3.52 0.520555 0.481731 0.000115157
2.56 3.68 0.744602 0.257433 0.000209278
2.56 3.84 0.877478 0.124438 0.000306924
2.56 4 0.940497 0.06133 0.000400438
2.56 4.16 0.969227 0.0324598 0.000485789
2.56 4.32 0.981934 0.0195291 0.000552592
2.56 4.48 0.98595 0.0153118 0.000587556
2.56 4.64 0.983219 0.0177553 0.00058205
2.56 4.8 0.972543 0.0281709 0.000537584
2.56 4.96 0.94797 0.0525656 0.0004641
2.56 5.12 0.89325 0.107182 0.000372579
2.56 5.28 0.773152 0.227223 0.000268015
2.56 5.44 0.554016 0.446278 0.000156739
2.56 5.6 0.305278 0.694877 6.89205e-05
2.56 5.76 0.1447 0.85552 2.53754e-05
2.56 5.92 0.0693353 0.930978 9.3315e-06
2.56 6.08 0.0375249 0.962834 3.94471e-06
2.56 6.24 0.0262725 0.97409 2.22514e-06
2.56 6.4 0.0278396 0.97253 2.04025e-06
2.56 6.56 0.0436199 0.956728 3.26377e-06
2.56 6.72 0.0858115 0.914522 7.59333e-06
2.56 6.88 0.186473 0.813865 2.04936e-05
2.56 7.04 0.390219 0.610065 5.23602e-05
2.56 7.2 0.654099 0.346033 0.000103481
2.56 7.36 0.837893 0.162221 0.000151256
2.56 7.52 0.922859 0.0771817 0.000184048
2.56 7.68 0.95498 0.0449331 0.000202335
2.56 7.84 0.967383 0.0325228 0.000211458
2.72 0 0.988573 0.0105955 0.00189718
2.72 0.16 0.987297 0.0119617 0.00180706
2.72 0.32 0.982156 0.0173456 0.00159242
2.72 0.48 0.971251 0.0285338 0.00131038
2.72 0.64 0.950159 0.0500711 0.00101726
2.72 0.8 0.907893 0.0927462 0.000748935
2.72 0.96 0.820771 0.180232 0.000515023
2.72 1.12 0.654365 0.346846 0.000311165
2.72 1.28 0.420899 0.580346 0.000150527
2.72 1.44 0.223429 0.777861 5.90447e-05
2.72 1.6 0.111796 0.889576 2.15295e-05
2.72 1.76 0.0575875 0.943907 8.20714e-06
2.72 1.92 0.0312145 0.970435 3.44962e-06
2.72 2.08 0.0180412 0.983776 1.6252e-06
2.72 2.24 0.0119127 0.990098 8.92275e-07
2.72 2.4 0.0104282 0.99178 6.50475e-07
2.72 2.56 0.0130785 0.989262 7.37014e-07
2.72 2.72 0.0208871 0.981556 1.2399e-06
2.72 2.88 0.0372267 0.965306 2.64071e-06
2.72 3.04 0.0706752 0.931944 6.52148e-06
2.72 3.2 0.141605 0.861023 1.77202e-05
2.72 3.36 0.287006 0.715572 4.8448e-05
2.72 3.52 0.519497 0.482782 0.000114699
2.72 3.68 0.743788 0.25818 0.000208675
2.72 3.84 0.876987 0.124812 0.000306251
2.72 4 0.940168 0.0614996 0.000399725
2.72 4.16 0.96896 0.0325357 0.000485097
2.72 4.32 0.981697 0.0195568 0.000552016
2.72 4.48 0.985741 0.0153054 0.000587191
2.72 4.64 0.983049 0.0177118 0.000581941
2.72 4.8 0.972446 0.0280689 0.000537714
2.72 4.96 0.948017 0.0523458 0.000464413
2.72 5.12 0.893599 0.1067 0.000373028
2.72 5.28 0.774068 0.226226 0.000268584
2.72 5.44 0.5555 0.444777 0.000157325
2.72 5.6 0.306526 0.693679 6.92868e-05
2.72 5.76 0.145349 0.854976 2.55243e-05
2.72 5.92 0.069626 0.930834 9.38332e-06
2.72 6.08 0.0376569 0.962875 3.96305e-06
2.72 6.24 0.0263343 0.974216 2.23212e-06
2.72 6.4 0.0278667 0.972691 2.04244e-06
2.72 6.56 0.0436262 0.956897 3.26197e-06
2.72 6.72 0.0858011 0.91468 7.58366e-06
2.72 6.88 0.186445 0.813995 2.04625e-05
2.72 7.04 0.390172 0.610147 5.22771e-05
2.72 7.2 0.654039 0.346055 0.000103312
2.72 7.36 0.837799 0.16221 0.000151
2.72 7.52 0.92272 0.0771668 0.000183723
2.72 7.68 0.954809 0.0449208 0.000201968
2.72 7.84 0.967197 0.0325136 0.000211069
2.88 0 0.988478 0.010599 0.00189821
2.88 0.16 0.987195 0.0119681 0.00180803
2.88 0.32 0.982043 0.0173581 0.00159325
2.88 0.48 0.971129 0.0285582 0.00131103
2.88 0.64 0.950025 0.0501208 0.00101774
2.88 0.8 0.907729 0.0928507 0.000749251
2.88 0.96 0.820527 0.180449 0.000515173
2.88 1.12 0.653996 0.347222 0.000311162
2.88 1.28 0.420518 0.580765 0.000150463
2.88 1.44 0.2232 0.778157 5.90059e-05
2.88 1.6 0.111696 0.889769 2.15157e-05
2.88 1.76 0.0575483 0.944056 8.20303e-06
2.88 1.92 0.0311993 0.970567 3.44838e-06
2.88 2.08 0.0180341 0.983899 1.62468e-06
2.88 2.24 0.0119063 0.990217 8.91771e-07
2.88 2.4 0.0104177 0.9919 6.49616e-07
2.88 2.56 0.0130589 0.989392 7.35272e-07
2.88 2.72 0.0208498 0.981707 1.23599e-06
2.88 2.88 0.0371529 0.96549 2.63094e-06
2.88 3.04 0.070519 0.932199 6.49441e-06
2.88 3.2 0.141261 0.861441 1.7642e-05
2.88 3.36 0.286328 0.716295 4.82426e-05
2.88 3.52 0.518595 0.483695 0.000114303
2.88 3.68 0.743108 0.258834 0.000208154
2.88 3.84 0.876595 0.125139 0.00030567
2.88 4 0.939919 0.0616482 0.00039911
2.88 4.16 0.968766 0.0326022 0.000484499
2.88 4.32 0.981529 0.019581 0.00055152
2.88 4.48 0.985595 0.0152998 0.000586877
2.88 4.64 0.982938 0.0176739 0.00058185
2.88 4.8 0.972398 0.0279798 0.000537831
2.88 4.96 0.948096 0.0521537 0.00046469
2.88 5.12 0.89394 0.106279 0.000373424
2.88 5.28 0.7749 0.225351 0.000269084
2.88 5.44 0.556824 0.443451 0.000157841
2.88 5.6 0.307635 0.692605 6.96097e-05
2.88 5.76 0.145927 0.85447 2.56558e-05
2.88 5.92 0.0698848 0.930677 9.4291e-06
2.88 6.08 0.0377748 0.96288 3.97931e-06
2.88 6.24 0.0263908 0.974294 2.23839e-06
2.88 6.4 0.0278938 0.972801 2.04463e-06
2.88 6.56 0.0436382 0.957012 3.26105e-06
2.88 6.72 0.0858062 0.914781 7.57698e-06
2.88 6.88 0.186451 0.814064 2.04404e-05
2.88 7.04 0.390189 0.610164 5.2216e-05
2.88 7.2 0.654051 0.34603 0.000103183
2.88 7.36 0.837772 0.16218 0.000150798
2.88 7.52 0.922646 0.0771444 0.000183464
2.88 7.68 0.954702 0.044905 0.000201673
2.88 7.84 0.967075 0.0325016 0.000210756
3.04 0 0.988442 0.010598 0.00189919
3.04 0.16 0.987154 0.0119715 0.00180895
3.04 0.32 0.981995 0.0173678 0.00159405
3.04 0.48 0.971078 0.0285793 0.00131167
3.04 0.64 0.949966 0.0501647 0.00101822
3.04 0.8 0.907642 0.0929435 0.000749571
3.04 0.96 0.820365 0.180641 0.000515335
3.04 1.12 0.653714 0.347555 0.000311178
3.04 1.28 0.420211 0.581138 0.000150416
3.04 1.44 0.223015 0.778425 5.89757e-05
3.04 1.6 0.111615 0.889946 2.1505e-05
3.04 1.76 0.0575173 0.944191 8.19988e-06
3.04 1.92 0.0311875 0.970681 3.44747e-06
3.04 2.08 0.0180285 0.984 1.62429e-06
3.04 2.24 0.011901 0.990309 8.91362e-07
3.04 2.4 0.0104089 0.991993 6.4889e-07
3.04 2.56 0.0130423 0.989495 7.33783e-07
3.04 2.72 0.0208181 0.98183 1.23264e-06
3.04 2.88 0.0370901 0.965648 2.62257e-06
3.04 3.04 0.070386 0.932423 6.47124e-06
3.04 3.2 0.140969 0.861813 1.75751e-05
3.04 3.36 0.285751 0.716934 4.8067e-05
3.04 3.52 0.517837 0.484502 0.000113965
3.04 3.68 0.742558 0.259413 0.000207715
3.04 3.84 0.876307 0.125429 0.000305185
3.04 4 0.939763 0.0617802 0.000398601
3.04 4.16 0.968663 0.0326615 0.00048401
3.04 4.32 0.981452 0.019603 0.000551118
3.04 4.48 0.985539 0.0152958 0.000586632
3.04 4.64 0.982912 0.0176419 0.000581795
3.04 4.8 0.972424 0.0279039 0.00053795
3.04 4.96 0.948226 0.0519893 0.000464942
3.04 5.12 0.894289 0.105917 0.000373773
3.04 5.28 0.775665 0.224598 0.00026952
3.04 5.44 0.558002 0.442305 0.000158289
3.04 5.6 0.308616 0.691674 6.9891e-05
3.04 5.76 0.146438 0.85403 2.57705e-05
3.04 5.92 0.0701136 0.930538 9.46904e-06
3.04 6.08 0.0378794 0.962879 3.99352e-06
3.04 6.24 0.0264418 0.974354 2.24396e-06
3.04 6.4 0.0279204 0.972886 2.04677e-06
3.04 6.56 0.0436545 0.957103 3.26082e-06
3.04 6.72 0.0858235 0.914859 7.57278e-06
3.04 6.88 0.186485 0.814106 2.04256e-05
3.04 7.04 0.390255 0.610152 5.21737e-05
3.04 7.2 0.654131 0.345986 0.000103089
3.04 7.36 0.837819 0.162142 0.000150647
3.04 7.52 0.922652 0.0771207 0.000183266
3.04 7.68 0.954679 0.0448892 0.000201447
3.04 7.84 0.967036 0.0324898 0.000210514
3.2 0 0.988459 0.0105903 0.00190019
3.2 0.16 0.987172 0.0119709 0.00180992
3.2 0.32 0.982025 0.0173742 0.00159491
3.2 0.48 0.971104 0.0285959 0.00131236
3.2 0.64 0.949972 0.0501999 0.00101873
3.2 0.8 0.907608 0.0930171 0.000749907
3.2 0.96 0.820257 0.180791 0.000515511
3.2 1.12 0.653504 0.347812 0.000311217
3.2 1.28 0.419981 0.581424 0.000150392
3.2 1.44 0.222876 0.778633 5.89572e-05
3.2 1.6 0.111556 0.89009 2.14985e-05
3.2 1.76 0.0574956 0.944307 8.19814e-06
3.2 1.92 0.0311797 0.970785 3.44704e-06
3.2 2.08 0.0180249 0.984094 1.6241e-06
3.2 2.24 0.0118971 0.990398 8.91078e-07
3.2 2.4 0.0104016 0.992081 6.48303e-07
3.2 2.56 0.013028 0.989591 7.32528e-07
3.2 2.72 0.0207906 0.981942 1.22979e-06
3.2 2.88 0.0370356 0.965789 2.61543e-06
3.2 3.04 0.0702706 0.932621 6.45145e-06
3.2 3.2 0.140715 0.862137 1.75179e-05
3.2 3.36 0.285252 0.71749 4.79173e-05
3.2 3.52 0.517188 0.485205 0.000113679
3.2 3.68 0.742099 0.259919 0.000207347
3.2 3.84 0.876094 0.125684 0.000304787
3.2 4 0.939685 0.0618973 0.000398193
3.2 4.16 0.968649 0.0327147 0.000483627
3.2 4.32 0.981471 0.0196234 0.000550817
3.2 4.48 0.985582 0.0152937 0.000586462
3.2 4.64 0.982976 0.0176161 0.000581778
3.2 4.8 0.972523 0.027841 0.000538071
3.2 4.96 0.948399 0.0518515 0.000465165
3.2 5.12 0.89463 0.105611 0.000374068
3.2 5.28 0.776343 0.223957 0.000269885
3.2 5.44 0.559023 0.441324 0.000158666
3.2 5.6 0.309464 0.690874 7.01289e-05
3.2 5.76 0.146879 0.853652 2.58677e-05
3.2 5.92 0.0703114 0.930421 9.50293e-06
3.2 6.08 0.0379701 0.962881 4.00559e-06
3.2 6.24 0.0264867 0.974408 2.24874e-06
3.2 6.4 0.0279452 0.972962 2.04874e-06
3.2 6.56 0.0436725 0.957182 3.26102e-06
3.2 6.72 0.0858474 0.914922 7.57037e-06
3.2 6.88 0.186533 0.81413 2.04163e-05
3.2 7.04 0.390348 0.61012 5.21455e-05
3.2 7.2 0.654247 0.345931 0.000103023
3.2 7.36 0.837914 0.162103 0.000150538
3.2 7.52 0.922726 0.077099 0.000183124
3.2 7.68 0.954732 0.0448756 0.000201283
3.2 7.84 0.967059 0.0324791 0.000210335
3.36 0 0.988502 0.0105742 0.00190123
3.36 0.16 0.987209 0.0119657 0.0018109
3.36 0.32 0.982066 0.0173762 0.00159578
3.36 0.48 0.97114 0.0286059 0.00131306
3.36 0.64 0.949989 0.0502231 0.00101924
3.36 0.8 0.907592 0.0930659 0.000750247
3.36 0.96 0.820185 0.180889 0.000515701
3.36 1.12 0.653362 0.347976 0.000311283
3.36 1.28 0.419826 0.581599 0.000150395
3.36 1.44 0.222785 0.778753 5.89521e-05
3.36 1.6 0.111519 0.89017 2.14967e-05
3.36 1.76 0.0574826 0.944372 8.19796e-06
3.36 1.92 0.0311755 0.970845 3.44714e-06
3.36 2.08 0.0180229 0.984151 1.62412e-06
3.36 2.24 0.0118941 0.990453 8.9092e-07
3.36 2.4 0.0103952 0.992138 6.47842e-07
3.36 2.56 0.0130153 0.989653 7.31475e-07
3.36 2.72 0.0207659 0.982014 1.22736e-06
3.36 2.88 0.0369863 0.965883 2.60931e-06
3.36 3.04 0.0701663 0.932762 6.43448e-06
3.36 3.2 0.140488 0.862392 1.7469e-05
3.36 3.36 0.284806 0.717956 4.77896e-05
3.36 3.52 0.516612 0.485809 0.000113437
3.36 3.68 0.741691 0.260358 0.00020704
3.36 3.84 0.875906 0.125906 0.00030446
3.36 4 0.939622 0.0619992 0.00039786
3.36 4.16 0.968646 0.0327611 0.000483314
3.36 4.32 0.981501 0.0196416 0.000550565
3.36 4.48 0.985631 0.0152928 0.000586311
3.36 4.64 0.983043 0.0175954 0.000581746
3.36 4.8 0.972617 0.0277896 0.000538147
3.36 4.96 0.948549 0.0517378 0.000465324
3.36 5.12 0.894914 0.105357 0.000374286
3.36 5.28 0.776901 0.223421 0.000270165
3.36 5.44 0.559865 0.440498 0.000158965
3.36 5.6 0.310166 0.690189 7.03203e-05
3.36 5.76 0.147245 0.853314 2.59463e-05
3.36 5.92 0.070475 0.930299 9.53027e-06
3.36 6.08 0.0380451 0.962858 4.01532e-06
3.36 6.24 0.026524 0.97443 2.25261e-06
3.36 6.4 0.0279664 0.973002 2.05039e-06
3.36 6.56 0.043689 0.957222 3.26137e-06
3.36 6.72 0.0858708 0.914947 7.56897e-06
3.36 6.88 0.18658 0.814122 2.04103e-05
3.36 7.04 0.390437 0.610067 5.21261e-05
3.36 7.2 0.654356 0.345868 0.000102975
3.36 7.36 0.838 0.162063 0.000150458
3.36 7.52 0.922793 0.0770785 0.000183018
3.36 7.68 0.954785 0.0448634 0.000201161
3.36 7.84 0.967086 0.0324695 0.000210199
3.52 0 0.988538 0.0105524 0.00190229
3.52 0.16 0.987216 0.0119565 0.00181186
3.52 0.32 0.982046 0.0173726 0.00159657
3.52 0.48 0.97111 0.0286066 0.00131369
3.52 0.64 0.949956 0.0502294 0.00101971
3.52 0.8 0.907554 0.0930817 0.000750571
3.52 0.96 0.820136 0.180922 0.000515904
3.52 1.12 0.653297 0.34803 0.000311386
3.52 1.28 0.419765 0.58165 0.000150433
3.52 1.44 0.222753 0.778776 5.89645e-05
3.52 1.6 0.111508 0.890176 2.15012e-05
3.52 1.76 0.0574803 0.944372 8.1998e-06
3.52 1.92 0.0311757 0.970842 3.44793e-06
3.52 2.08 0.0180227 0.984145 1.62441e-06
3.52 2.24 0.011892 0.990445 8.909e-07
3.52 2.4 0.0103897 0.99213 6.47505e-07
3.52 2.56 0.0130036 0.98965 7.3061e-07
3.52 2.72 0.0207431 0.982023 1.22532e-06
3.52 2.88 0.0369411 0.965914 2.60415e-06
3.52 3.04 0.0700717 0.932842 6.42023e-06
3.52 3.2 0.140284 0.862579 1.74281e-05
3.52 3.36 0.284409 0.718336 4.76833e-05
3.52 3.52 0.516097 0.486317 0.000113237
3.52 3.68 0.741308 0.260727 0.000206788
3.52 3.84 0.875698 0.12609 0.000304189
3.52 4 0.939506 0.0620822 0.000397573
3.52 4.16 0.968571 0.0327981 0.000483026
3.52 4.32 0.981444 0.0196556 0.000550307
3.52 4.48 0.985586 0.0152913 0.000586117
3.52 4.64 0.983014 0.017578 0.000581637
3.52 4.8 0.972616 0.0277469 0.000538124
3.52 4.96 0.948604 0.0516439 0.000465378
3.52 5.12 0.895089 0.105148 0.0003744
3.52 5.28 0.777314 0.222981 0.000270347
3.52 5.44 0.560523 0.439817 0.000159181
3.52 5.6 0.31072 0.689613 7.04641e-05
3.52 5.76 0.147534 0.853009 2.60057e-05
3.52 5.92 0.0706038 0.930161 9.55092e-06
3.52 6.08 0.0381038 0.962796 4.02262e-06
3.52 6.24 0.0265533 0.974402 2.2555e-06
3.52 6.4 0.0279832 0.972988 2.05164e-06
3.52 6.56 0.0437024 0.95721 3.2617e-06
3.52 6.72 0.0858902 0.914926 7.56815e-06
3.52 6.88 0.186619 0.814076 2.04064e-05
3.52 7.04 0.390505 0.609989 5.21124e-05
3.52 7.2 0.654423 0.345792 0.000102938
3.52 7.36 0.83802 0.162016 0.000150391
3.52 7.52 0.922772 0.0770541 0.000182926
3.52 7.68 0.954747 0.0448488 0.000201055
3.52 7.84 0.967064 0.0324599 0.000210092
3.68 0 0.98857 0.0105323 0.00190341
3.68 0.16 0.987233 0.011946 0.00181288
3.68 0.32 0.982051 0.0173659 0.00159744
3.68 0.48 0.971111 0.0286009 0.00131438
3.68 0.64 0.949956 0.0502222 0.00102023
3.68 0.8 0.907557 0.0930686 0.000750937
3.68 0.96 0.820152 0.180893 0.000516151
3.68 1.12 0.653334 0.347973 0.00031154
3.68 1.28 0.419813 0.581569 0.000150513
3.68 1.44 0.222788 0.778694 5.89971e-05
3.68 1.6 0.111527 0.890098 2.1513e-05
3.68 1.76 0.0574907 0.944295 8.20402e-06
3.68 1.92 0.031181 0.970761 3.44953e-06
3.68 2.08 0.0180248 0.98406 1.62502e-06
3.68 2.24 0.0118911 0.990357 8.91041e-07
3.68 2.4 0.0103849 0.992042 6.47302e-07
3.68 2.56 0.012993 0.989568 7.29941e-07
3.68 2.72 0.0207222 0.981954 1.22366e-06
3.68 2.88 0.0368999 0.965872 2.59998e-06
3.68 3.04 0.0699866 0.932852 6.40871e-06
3.68 3.2 0.140103 0.862697 1.73952e-05
3.68 3.36 0.284061 0.718637 4.75987e-05
3.68 3.52 0.515646 0.486742 0.000113081
3.68 3.68 0.740981 0.261039 0.000206601
3.68 3.84 0.875529 0.126246 0.000303994
3.68 4 0.939421 0.0621523 0.000397369
3.68 4.16 0.968522 0.0328292 0.000482816
3.68 4.32 0.981412 0.0196677 0.000550107
3.68 4.48 0.985564 0.0152913 0.000585949
3.68 4.64 0.983004 0.0175659 0.000581517
3.68 4.8 0.972626 0.0277162 0.000538059
3.68 4.96 0.948654 0.051575 0.000465364
3.68 5.12 0.895225 0.104992 0.000374436
3.68 5.28 0.777621 0.22265 0.000270444
3.68 5.44 0.561008 0.439298 0.000159317
3.68 5.6 0.311129 0.689154 7.05598e-05
3.68 5.76 0.147746 0.852734 2.60457e-05
3.68 5.92 0.0706972 0.929998 9.56472e-06
3.68 6.08 0.0381459 0.962681 4.02744e-06
3.68 6.24 0.0265741 0.974309 2.25739e-06
3.68 6.4 0.0279952 0.972906 2.05245e-06
3.68 6.56 0.043712 0.957134 3.26194e-06
3.68 6.72 0.085904 0.914852 7.56768e-06
3.68 6.88 0.186647 0.813999 2.0404e-05
3.68 7.04 0.390555 0.609907 5.21039e-05
3.68 7.2 0.654472 0.345727 0.000102914
3.68 7.36 0.838039 0.16198 0.000150348
3.68 7.52 0.922767 0.0770366 0.000182867
3.68 7.68 0.954732 0.0448389 0.000200988
3.68 7.84 0.967048 0.0324529 0.00021002
3.84 0 0.988591 0.0105164 0.00190455
3.84 0.16 0.987244 0.0119355 0.00181394
3.84 0.32 0.982055 0.017356 0.00159834
3.84 0.48 0.971115 0.0285878 0.0013151
3.84 0.64 0.94997 0.0501997 0.00102077
3.84 0.8 0.907592 0.093023 0.000751334
3.84 0.96 0.820231 0.180797 0.000516439
3.84 1.12 0.653479 0.347796 0.000311745
3.84 1.28 0.419975 0.581348 0.000150636
3.84 1.44 0.222893 0.778502 5.90506e-05
3.84 1.6 0.111579 0.889942 2.15322e-05
3.84 1.76 0.0575148 0.944156 8.21072e-06
3.84 1.92 0.0311923 0.970628 3.45199e-06
3.84 2.08 0.0180296 0.983928 1.62598e-06
3.84 2.24 0.0118916 0.990227 8.91363e-07
3.84 2.4 0.0103814 0.991915 6.47251e-07
3.84 2.56 0.0129839 0.989446 7.29484e-07
3.84 2.72 0.0207036 0.981841 1.22243e-06
3.84 2.88 0.0368631 0.965782 2.5968e-06
3.84 3.04 0.069911 0.932808 6.39993e-06
3.84 3.2 0.139944 0.862752 1.73703e-05
3.84 3.36 0.283761 0.718859 4.75358e-05
3.84 3.52 0.515262 0.48708 0.000112971
3.84 3.68 0.740705 0.261291 0.000206478
3.84 3.84 0.875387 0.126371 0.000303874
3.84 4 0.939348 0.0622072 0.00039724
3.84 4.16 0.968476 0.0328531 0.00048267
3.84 4.32 0.981376 0.0196772 0.000549948
3.84 4.48 0.985534 0.0152921 0.000585786
3.84 4.64 0.982982 0.0175587 0.000581366
3.84 4.8 0.97262 0.0276967 0.000537931
3.84 4.96 0.948675 0.0515302 0.00046527
3.84 5.12 0.895304 0.10489 0.000374384
3.84 5.28 0.777812 0.22243 0.000270448
3.84 5.44 0.561313 0.438943 0.000159369
3.84 5.6 0.311385 0.688819 7.0605e-05
3.84 5.76 0.147877 0.852502 2.60652e-05
3.84 5.92 0.0707541 0.929829 9.57137e-06
3.84 6.08 0.0381711 0.96254 4.02967e-06
3.84 6.24 0.0265864 0.974182 2.25822e-06
3.84 6.4 0.0280022 0.972787 2.0528e-06
3.84 6.56 0.0437174 0.95702 3.26201e-06
3.84 6.72 0.085911 0.914745 7.56738e-06
3.84 6.88 0.18666 0.813902 2.04027e-05
3.84 7.04 0.390578 0.609826 5.20993e-05
3.84 7.2 0.654492 0.345675 0.000102901
3.84 7.36 0.838041 0.161954 0.000150325
3.84 7.52 0.922754 0.0770249 0.000182836
3.84 7.68 0.954713 0.0448325 0.000200951
3.84 7.84 0.967027 0.0324485 0.000209982
4 0 0.988601 0.0105035 0.00190569
4 0.16 0.987249 0.0119245 0.001815
4 0.32 0.982053 0.0173429 0.00159925
4 0.48 0.971119 0.0285671 0.00131582
4 0.64 0.949995 0.0501612 0.00102132
4 0.8 0.907662 0.092944 0.000751753
4 0.96 0.820389 0.180633 0.000516767
4 1.12 0.65376 0.347506 0.00031201
4 1.28 0.420285 0.581015 0.000150811
4 1.44 0.223093 0.778261 5.91303e-05
4 1.6 0.111677 0.889791 2.15611e-05
4 1.76 0.0575598 0.94405 8.22078e-06
4 1.92 0.0312135 0.970544 3.45569e-06
4 2.08 0.0180394 0.983854 1.62745e-06
4 2.24 0.0118952 0.990159 8.9196e-07
4 2.4 0.0103803 0.991851 6.47421e-07
4 2.56 0.0129778 0.989385 7.29325e-07
4 2.72 0.0206899 0.981787 1.22177e-06
4 2.88 0.0368353 0.965742 2.59496e-06
4 3.04 0.0698538 0.932801 6.39472e-06
4 3.2 0.139824 0.862817 1.73554e-05
4 3.36 0.283537 0.719045 4.74992e-05
4 3.52 0.514978 0.487344 0.000112912
4 3.68 0.740504 0.261481 0.000206425
4 3.84 0.875282 0.126462 0.000303832
4 4 0.939287 0.0622456 0.000397188
4 4.16 0.96843 0.0328691 0.00048259
4 4.32 0.981334 0.0196836 0.000549828
4 4.48 0.985494 0.0152936 0.000585628
4 4.64 0.982947 0.0175565 0.00058118
4 4.8 0.972594 0.0276889 0.000537738
4 4.96 0.948668 0.0515107 0.000465091
4 5.12 0.89533 0.104843 0.000374242
4 5.28 0.777897 0.222328 0.000270361
4 5.44 0.561455 0.438779 0.00015934
4 5.6 0.311504 0.688663 7.06023e-05
4 5.76 0.147938 0.852391 2.60658e-05
4 5.92 0.0707802 0.929746 9.57149e-06
4 6.08 0.0381828 0.962472 4.0296e-06
4 6.24 0.0265928 0.974121 2.25818e-06
4 6.4 0.0280071 0.97273 2.05285e-06
4 6.56 0.0437229 0.956963 3.26222e-06
4 6.72 0.085919 0.914689 7.56791e-06
4 6.88 0.186673 0.813851 2.04039e-05
4 7.04 0.390596 0.609784 5.21014e-05
4 7.2 0.654504 0.34565 0.000102902
4 7.36 0.838035 0.161942 0.000150323
4 7.52 0.922732 0.0770198 0.000182831
4 7.68 0.954683 0.0448298 0.000200944
4 7.84 0.967002 0.0324468 0.000209977
4.16 0 0.988598 0.0104913 0.00190676
4.16 0.16 0.987241 0.0119122 0.00181601
4.16 0.32 0.982044 0.0173257 0.00160011
4.16 0.48 0.97112 0.0285377 0.00131652
4.16 0.64 0.950025 0.050105 0.00102186
4.16 0.8 0.907755 0.0928284 0.000752166
4.16 0.96 0.820609 0.180393 0.000517114
4.16 1.12 0.654161 0.347087 0.00031232
4.16 1.28 0.420736 0.580546 0.000151032
4.16 1.44 0.223386 0.777949 5.92347e-05
4.16 1.6 0.111821 0.889629 2.15995e-05
4.16 1.76 0.0576262 0.943969 8.23414e-06
4.16 1.92 0.0312449 0.9705 3.4606e-06
4.16 2.08 0.0180545 0.98383 1.62943e-06
4.16 2.24 0.0119018 0.990144 8.92831e-07
4.16 2.4 0.0103818 0.991841 6.4782e-07
4.16 2.56 0.0129752 0.989378 7.29481e-07
4.16 2.72 0.020682 0.981783 1.22172e-06
4.16 2.88 0.0368181 0.965743 2.59456e-06
4.16 3.04 0.0698175 0.932818 6.39335e-06
4.16 3.2 0.139748 0.862872 1.73513e-05
4.16 3.36 0.283394 0.719166 4.74903e-05
4.16 3.52 0.514797 0.487506 0.000112907
4.16 3.68 0.740373 0.261591 0.000206443
4.16 3.84 0.875206 0.126511 0.000303867
4.16 4 0.939235 0.0622635 0.000397212
4.16 4.16 0.96838 0.0328752 0.000482573
4.16 4.32 0.981281 0.0196859 0.000549746
4.16 4.48 0.985437 0.0152952 0.000585468
4.16 4.64 0.982891 0.0175587 0.000580953
4.16 4.8 0.972542 0.0276924 0.000537472
4.16 4.96 0.948621 0.0515163 0.000464822
4.16 5.12 0.895288 0.104853 0.000374
4.16 5.28 0.777853 0.222345 0.000270172
4.16 5.44 0.56141 0.438802 0.000159221
4.16 5.6 0.311472 0.688675 7.05477e-05
4.16 5.76 0.147922 0.852389 2.6046e-05
4.16 5.92 0.0707733 0.92974 9.56468e-06
4.16 6.08 0.0381801 0.962466 4.02712e-06
4.16 6.24 0.0265927 0.974117 2.25722e-06
4.16 6.4 0.0280096 0.972724 2.0526e-06
4.16 6.56 0.0437282 0.956952 3.26257e-06
4.16 6.72 0.0859276 0.914671 7.5693e-06
4.16 6.88 0.186683 0.813827 2.04076e-05
4.16 7.04 0.390601 0.609764 5.21093e-05
4.16 7.2 0.654494 0.345642 0.000102917
4.16 7.36 0.838012 0.161941 0.000150344
4.16 7.52 0.922697 0.0770196 0.000182854
4.16 7.68 0.954643 0.0448298 0.000200967
4.16 7.84 0.966966 0.0324471 0.000210005
4.32 0 0.988598 0.0104786 0.00190773
4.32 0.16 0.987244 0.0118982 0.00181692
4.32 0.32 0.982057 0.0173047 0.0016009
4.32 0.48 0.971155 0.0285007 0.00131715
4.32 0.64 0.950102 0.0500334 0.00102236
4.32 0.8 0.907917 0.0926807 0.000752568
4.32 0.96 0.820938 0.180089 0.000517478
4.32 1.12 0.654722 0.34656 0.000312674
4.32 1.28 0.421348 0.579975 0.000151298
4.32 1.44 0.22378 0.7776 5.93613e-05
4.32 1.6 0.112013 0.889484 2.16459e-05
4.32 1.76 0.0577146 0.943929 8.25019e-06
4.32 1.92 0.0312865 0.97051 3.46645e-06
4.32 2.08 0.0180747 0.983863 1.63179e-06
4.32 2.24 0.0119117 0.990189 8.93913e-07
4.32 2.4 0.0103863 0.991891 6.48414e-07
4.32 2.56 0.0129765 0.989431 7.29932e-07
4.32 2.72 0.0206806 0.981835 1.22227e-06
4.32 2.88 0.0368132 0.965796 2.59561e-06
4.32 3.04 0.0698064 0.932874 6.39592e-06
4.32 3.2 0.139726 0.862936 1.73587e-05
4.32 3.36 0.283359 0.719239 4.75117e-05
4.32 3.52 0.514765 0.487571 0.000112961
4.32 3.68 0.740365 0.261623 0.000206542
4.32 3.84 0.875212 0.126517 0.000303991
4.32 4 0.939235 0.0622609 0.000397325
4.32 4.16 0.968367 0.0328714 0.000482633
4.32 4.32 0.981255 0.0196843 0.000549713
4.32 4.48 0.985403 0.0152975 0.000585319
4.32 4.64 0.982853 0.0175666 0.000580696
4.32 4.8 0.972503 0.0277095 0.000537142
4.32 4.96 0.948577 0.0515514 0.000464468
4.32 5.12 0.895217 0.104928 0.000373665
4.32 5.28 0.777714 0.222503 0.000269884
4.32 5.44 0.561192 0.43905 0.000159011
4.32 5.6 0.311289 0.688896 7.04381e-05
4.32 5.76 0.147828 0.852528 2.60039e-05
4.32 5.92 0.0707316 0.929831 9.55007e-06
4.32 6.08 0.0381619 0.962537 4.02185e-06
4.32 6.24 0.0265858 0.974178 2.25517e-06
4.32 6.4 0.0280096 0.972778 2.05191e-06
4.32 6.56 0.0437338 0.956998 3.26293e-06
4.32 6.72 0.0859382 0.914707 7.57139e-06
4.32 6.88 0.186696 0.813855 2.04138e-05
4.32 7.04 0.390608 0.60979 5.21249e-05
4.32 7.2 0.654494 0.345666 0.000102949
4.32 7.36 0.83801 0.161956 0.000150394
4.32 7.52 0.922693 0.0770281 0.000182918
4.32 7.68 0.954633 0.0448346 0.000201039
4.32 7.84 0.966954 0.0324505 0.000210081
4.48 0 0.988615 0.0104651 0.00190853
4.48 0.16 0.987273 0.0118825 0.00181768
4.48 0.32 0.982116 0.0172803 0.00160158
4.48 0.48 0.971244 0.0284567 0.00131771
4.48 0.64 0.950242 0.0499475 0.0010228
4.48 0.8 0.908157 0.0925031 0.000752942
4.48 0.96 0.821372 0.179722 0.000517844
4.48 1.12 0.655424 0.345926 0.000313057
4.48 1.28 0.422098 0.579287 0.000151596
4.48 1.44 0.224257 0.777175 5.95051e-05
4.48 1.6 0.112243 0.889296 2.16984e-05
4.48 1.76 0.0578187 0.94386 8.26814e-06
4.48 1.92 0.0313348 0.970493 3.47292e-06
4.48 2.08 0.0180981 0.98387 1.63439e-06
4.48 2.24 0.0119235 0.990207 8.95137e-07
4.48 2.4 0.0103929 0.991913 6.49168e-07
4.48 2.56 0.0129808 0.989454 7.30663e-07
4.48 2.72 0.0206848 0.981858 1.22343e-06
4.48 2.88 0.0368192 0.965818 2.59814e-06
4.48 3.04 0.0698188 0.932894 6.40264e-06
4.48 3.2 0.139757 0.862945 1.73781e-05
4.48 3.36 0.283431 0.719216 4.75659e-05
4.48 3.52 0.514887 0.487507 0.000113081
4.48 3.68 0.740492 0.261558 0.000206731
4.48 3.84 0.875312 0.126474 0.000304216
4.48 4 0.939309 0.0622352 0.000397543
4.48 4.16 0.968418 0.0328571 0.00048279
4.48 4.32 0.981287 0.0196787 0.000549753
4.48 4.48 0.985421 0.0153007 0.000585206
4.48 4.64 0.982863 0.0175809 0.00058043
4.48 4.8 0.972504 0.0277418 0.000536766
4.48 4.96 0.948554 0.0516195 0.000464043
4.48 5.12 0.895124 0.105076 0.000373241
4.48 5.28 0.777465 0.222811 0.000269495
4.48 5.44 0.560769 0.439529 0.000158702
4.48 5.6 0.310924 0.689311 7.02675e-05
4.48 5.76 0.147636 0.85276 2.59367e-05
4.48 5.92 0.0706456 0.92995 9.52664e-06
4.48 6.08 0.0381232 0.962604 4.01338e-06
4.48 6.24 0.0265688 0.974223 2.25183e-06
4.48 6.4 0.0280042 0.97281 2.05067e-06
4.48 6.56 0.0437359 0.957023 3.26317e-06
4.48 6.72 0.0859446 0.914731 7.574e-06
4.48 6.88 0.186702 0.813886 2.04223e-05
4.48 7.04 0.390606 0.609838 5.21487e-05
4.48 7.2 0.654498 0.345717 0.000103002
4.48 7.36 0.838036 0.161989 0.00015048
4.48 7.52 0.922737 0.0770459 0.000183032
4.48 7.68 0.95468 0.0448452 0.00020117
4.48 7.84 0.966976 0.0324574 0.000210213
4.64 0 0.988659 0.010451 0.00190908
4.64 0.16 0.987322 0.0118651 0.00181819
4.64 0.32 0.982181 0.0172522 0.00160202
4.64 0.48 0.971343 0.0284055 0.00131808
4.64 0.64 0.9504 0.0498471 0.00102311
4.64 0.8 0.908429 0.0922953 0.000753223
4.64 0.96 0.821867 0.179293 0.000518165
4.64 1.12 0.656227 0.345183 0.00031344
4.64 1.28 0.422959 0.578478 0.000151913
4.64 1.44 0.224805 0.776671 5.96608e-05
4.64 1.6 0.112506 0.88907 2.17554e-05
4.64 1.76 0.0579372 0.943775 8.28754e-06
4.64 1.92 0.0313896 0.970471 3.47985e-06
4.64 2.08 0.0181247 0.983876 1.63718e-06
4.64 2.24 0.0119376 0.990226 8.96492e-07
4.64 2.4 0.010402 0.991938 6.50096e-07
4.64 2.56 0.0129893 0.989478 7.31718e-07
4.64 2.72 0.0206962 0.981877 1.22529e-06
4.64 2.88 0.036839 0.965827 2.60242e-06
4.64 3.04 0.0698597 0.932882 6.41416e-06
4.64 3.2 0.139849 0.862886 1.74114e-05
4.64 3.36 0.283625 0.719062 4.76561e-05
4.64 3.52 0.51517 0.487273 0.000113271
4.64 3.68 0.740737 0.26137 0.000207009
4.64 3.84 0.875478 0.126369 0.000304537
4.64 4 0.939419 0.0621806 0.000397858
4.64 4.16 0.968493 0.0328295 0.000483034
4.64 4.32 0.981337 0.0196681 0.000549853
4.64 4.48 0.985453 0.0153046 0.000585111
4.64 4.64 0.98288 0.017602 0.000580138
4.64 4.8 0.972502 0.02779 0.000536325
4.64 4.96 0.948507 0.051722 0.000463526
4.64 5.12 0.894962 0.105299 0.000372711
4.64 5.28 0.777058 0.223277 0.00026899
4.64 5.44 0.5601 0.44025 0.000158284
4.64 5.6 0.310352 0.689926 7.00311e-05
4.64 5.76 0.147337 0.853094 2.58432e-05
4.64 5.92 0.0705119 0.930113 9.49405e-06
4.64 6.08 0.038063 0.962691 4.00166e-06
4.64 6.24 0.0265416 0.974275 2.24722e-06
4.64 6.4 0.0279941 0.972844 2.04898e-06
4.64 6.56 0.0437356 0.957046 3.26354e-06
4.64 6.72 0.0859487 0.914751 7.57771e-06
4.64 6.88 0.186701 0.813916 2.04344e-05
4.64 7.04 0.390589 0.609892 5.21822e-05
4.64 7.2 0.654483 0.34578 0.000103076
4.64 7.36 0.838051 0.162032 0.000150602
4.64 7.52 0.922775 0.0770693 0.00018319
4.64 7.68 0.954726 0.0448593 0.00020135
4.64 7.84 0.967027 0.0324676 0.000210405
4.8 0 0.988735 0.010437 0.00190925
4.8 0.16 0.987404 0.0118468 0.00181834
4.8 0.32 0.982279 0.0172216 0.00160215
4.8 0.48 0.971477 0.0283487 0.0013182
4.8 0.64 0.9506 0.0497352 0.00102323
4.8 0.8 0.908756 0.0920635 0.000753381
4.8 0.96 0.82244 0.178815 0.00051842
4.8 1.12 0.657146 0.344357 0.000313809
4.8 1.28 0.423938 0.577584 0.000152242
4.8 1.44 0.225424 0.776124 5.98255e-05
4.8 1.6 0.112802 0.888835 2.18157e-05
4.8 1.76 0.0580698 0.943698 8.30792e-06
4.8 1.92 0.0314505 0.970464 3.48708e-06
4.8 2.08 0.0181544 0.983902 1.64008e-06
4.8 2.24 0.011954 0.990267 8.97951e-07
4.8 2.4 0.0104141 0.991982 6.51205e-07
4.8 2.56 0.0130029 0.989519 7.33143e-07
4.8 2.72 0.020717 0.981908 1.22798e-06
4.8 2.88 0.036877 0.96584 2.60877e-06
4.8 3.04 0.0699383 0.932858 6.43144e-06
4.8 3.2 0.140023 0.862773 1.74612e-05
4.8 3.36 0.28398 0.718779 4.77897e-05
4.8 3.52 0.51567 0.486854 0.000113543
4.8 3.68 0.741153 0.261044 0.000207392
4.8 3.84 0.875747 0.126193 0.000304971
4.8 4 0.9396 0.0620943 0.000398287
4.8 4.16 0.968625 0.0327878 0.000483382
4.8 4.32 0.981438 0.0196524 0.000550033
4.8 4.48 0.985532 0.0153095 0.000585055
4.8 4.64 0.982938 0.0176308 0.000579836
4.8 4.8 0.972527 0.0278567 0.000535832
4.8 4.96 0.948462 0.051864 0.000462929
4.8 5.12 0.894751 0.105609 0.000372082
4.8 5.28 0.776507 0.223923 0.00026837
4.8 5.44 0.559187 0.441249 0.000157757
4.8 5.6 0.309571 0.690782 6.97279e-05
4.8 5.76 0.146928 0.853566 2.57226e-05
4.8 5.92 0.0703296 0.930349 9.45209e-06
4.8 6.08 0.0379811 0.962821 3.98664e-06
4.8 6.24 0.0265047 0.974358 2.24138e-06
4.8 6.4 0.0279803 0.972901 2.04692e-06
4.8 6.56 0.0437359 0.957089 3.2643e-06
4.8 6.72 0.0859572 0.91479 7.5833e-06
4.8 6.88 0.186709 0.813965 2.04524e-05
4.8 7.04 0.390588 0.609964 5.22315e-05
4.8 7.2 0.654489 0.345857 0.000103183
4.8 7.36 0.838091 0.162084 0.000150771
4.8 7.52 0.922845 0.0770989 0.000183408
4.8 7.68 0.954809 0.0448776 0.000201597
4.8 7.84 0.967116 0.0324808 0.000210668
4.96 0 0.988831 0.0104243 0.00190887
4.96 0.16 0.987502 0.0118282 0.00181797
4.96 0.32 0.982384 0.0171886 0.00160181
4.96 0.48 0.971611 0.0282864 0.00131792
4.96 0.64 0.950797 0.0496117 0.00102304
4.96 0.8 0.909087 0.0918075 0.000753324
4.96 0.96 0.823042 0.178288 0.000518544
4.96 1.12 0.65813 0.343449 0.000314123
4.96 1.28 0.424996 0.576603 0.00015256
4.96 1.44 0.226096 0.775527 5.999e-05
4.96 1.6 0.113123 0.888585 2.18762e-05
4.96 1.76 0.0582126 0.943625 8.32822e-06
4.96 1.92 0.0315159 0.970475 3.49419e-06
4.96 2.08 0.0181865 0.983953 1.64294e-06
4.96 2.24 0.0119727 0.990336 8.99457e-07
4.96 2.4 0.0104296 0.992056 6.52484e-07
4.96 2.56 0.0130224 0.989586 7.34966e-07
4.96 2.72 0.0207488 0.981957 1.2316e-06
4.96 2.88 0.0369363 0.965854 2.61745e-06
4.96 3.04 0.0700606 0.932805 6.45513e-06
4.96 3.2 0.140291 0.862578 1.75295e-05
4.96 3.36 0.284514 0.718321 4.79707e-05
4.96 3.52 0.516404 0.4862 0.000113903
4.96 3.68 0.741733 0.260545 0.00020788
4.96 3.84 0.876095 0.12593 0.00030551
4.96 4 0.939815 0.061968 0.000398817
4.96 4.16 0.968776 0.0327281 0.000483819
4.96 4.32 0.981554 0.0196296 0.000550273
4.96 4.48 0.985621 0.0153148 0.000585015
4.96 4.64 0.982997 0.0176672 0.000579501
4.96 4.8 0.972539 0.0279418 0.000535263
4.96 4.96 0.948377 0.0520462 0.000462226
4.96 5.12 0.894446 0.106008 0.00037133
4.96 5.28 0.775764 0.224755 0.00026762
4.96 5.44 0.557986 0.442536 0.000157107
4.96 5.6 0.308556 0.69188 6.93518e-05
4.96 5.76 0.1464 0.854171 2.55729e-05
4.96 5.92 0.070094 0.930654 9.40009e-06
4.96 6.08 0.0378755 0.962994 3.9681e-06
4.96 6.24 0.0264573 0.974471 2.23424e-06
4.96 6.4 0.0279632 0.972982 2.04455e-06
4.96 6.56 0.0437378 0.957149 3.26565e-06
4.96 6.72 0.085973 0.914838 7.59136e-06
4.96 6.88 0.186733 0.814012 2.04779e-05
4.96 7.04 0.390607 0.610023 5.22995e-05
4.96 7.2 0.654506 0.345923 0.000103324
4.96 7.36 0.83813 0.162132 0.000150991
4.96 7.52 0.922906 0.0771275 0.000183687
4.96 7.68 0.954886 0.0448958 0.000201913
4.96 7.84 0.967214 0.0324947 0.000211006
5.12 0 0.988953 0.0104152 0.0019078
5.12 0.16 0.987633 0.0118106 0.00181695
5.12 0.32 0.98253 0.017155 0.00160092
5.12 0.48 0.971788 0.0282215 0.0013172
5.12 0.64 0.951036 0.0494824 0.00102252
5.12 0.8 0.90946 0.0915393 0.000753027
5.12 0.96 0.82369 0.177737 0.000518514
5.12 1.12 0.659169 0.342501 0.000314355
5.12 1.28 0.426107 0.575581 0.000152847
5.12 1.44 0.226798 0.774912 6.01446e-05
5.12 1.6 0.113456 0.888341 2.19334e-05
5.12 1.76 0.0583601 0.943575 8.34719e-06
5.12 1.92 0.0315829 0.970517 3.50074e-06
5.12 2.08 0.0182197 0.984043 1.64557e-06
5.12 2.24 0.0119929 0.990448 9.0093e-07
5.12 2.4 0.0104484 0.992172 6.53909e-07
5.12 2.56 0.0130484 0.989689 7.37208e-07
5.12 2.72 0.020793 0.982032 1.23623e-06
5.12 2.88 0.0370197 0.965878 2.6287e-06
5.12 3.04 0.0702328 0.932729 6.48595e-06
5.12 3.2 0.140665 0.862294 1.76182e-05
5.12 3.36 0.285255 0.717669 4.82047e-05
5.12 3.52 0.51741 0.485286 0.000114361
5.12 3.68 0.742521 0.259858 0.000208488
5.12 3.84 0.876566 0.125574 0.000306173
5.12 4 0.940111 0.0617995 0.000399471
5.12 4.16 0.968993 0.0326495 0.00048437
5.12 4.32 0.981727 0.0195997 0.000550598
5.12 4.48 0.985762 0.0153208 0.000585016
5.12 4.64 0.983099 0.0177125 0.000579155
5.12 4.8 0.972579 0.0280484 0.000534637
5.12 4.96 0.948288 0.0522751 0.000461435
5.12 5.12 0.894074 0.10651 0.000370468
5.12 5.28 0.774836 0.225801 0.000266739
5.12 5.44 0.556482 0.444148 0.00015633
5.12 5.6 0.307286 0.693254 6.88986e-05
5.12 5.76 0.14574 0.854933 2.53924e-05
5.12 5.92 0.0698004 0.931049 9.33744e-06
5.12 6.08 0.0377443 0.963228 3.94584e-06
5.12 6.24 0.0263989 0.974633 2.22577e-06
5.12 6.4 0.0279431 0.973103 2.04193e-06
5.12 6.56 0.0437433 0.95724 3.26783e-06
5.12 6.72 0.0860004 0.914903 7.60265e-06
5.12 6.88 0.186781 0.814057 2.0513e-05
5.12 7.04 0.390667 0.610062 5.2392e-05
5.12 7.2 0.654567 0.345969 0.000103511
5.12 7.36 0.838208 0.162173 0.000151276
5.12 7.52 0.923008 0.0771544 0.000184047
5.12 7.68 0.955004 0.0449139 0.000202318
5.12 7.84 0.967344 0.0325084 0.000211437
5.28 0 0.989093 0.0104119 0.00190585
5.28 0.16 0.987787 0.0117947 0.00181511
5.28 0.32 0.982707 0.0171216 0.00159932
5.28 0.48 0.972 0.0281558 0.00131592
5.28 0.64 0.951314 0.0493512 0.00102158
5.28 0.8 0.909874 0.091268 0.000752434
5.28 0.96 0.824381 0.177182 0.00051829
5.28 1.12 0.660248 0.34155 0.000314478
5.28 1.28 0.427244 0.574564 0.000153084
5.28 1.44 0.227512 0.774314 6.02804e-05
5.28 1.6 0.113791 0.888118 2.19835e-05
5.28 1.76 0.0585063 0.943545 8.36347e-06
5.28 1.92 0.0316483 0.970577 3.50617e-06
5.28 2.08 0.018252 0.984146 1.64773e-06
5.28 2.24 0.0120139 0.99057 9.02262e-07
5.28 2.4 0.0104702 0.992295 6.5544e-07
5.28 2.56 0.0130814 0.989799 7.3988e-07
5.28 2.72 0.0208511 0.982109 1.24196e-06
5.28 2.88 0.0371308 0.965891 2.64282e-06
5.28 3.04 0.0704628 0.932617 6.52485e-06
5.28 3.2 0.141164 0.86191 1.77303e-05
5.28 3.36 0.286241 0.716803 4.84992e-05
5.28 3.52 0.51874 0.484081 0.00011493
5.28 3.68 0.743556 0.25896 0.000209229
5.28 3.84 0.877181 0.125112 0.000306968
5.28 4 0.940494 0.0615831 0.000400252
5.28 4.16 0.969268 0.0325494 0.000485033
5.28 4.32 0.981946 0.0195615 0.000551003
5.28 4.48 0.985939 0.0153272 0.000585048
5.28 4.64 0.98323 0.0177671 0.000578787
5.28 4.8 0.972633 0.028178 0.000533945
5.28 4.96 0.948188 0.0525543 0.000460547
5.28 5.12 0.89363 0.107123 0.00036949
5.28 5.28 0.773711 0.227081 0.000265725
5.28 5.44 0.554655 0.446116 0.000155422
5.28 5.6 0.305747 0.694927 6.83655e-05
5.28 5.76 0.14494 0.85586 2.51797e-05
5.28 5.92 0.0694447 0.931527 9.26365e-06
5.28 6.08 0.0375855 0.96351 3.91969e-06
5.28 6.24 0.0263288 0.974825 2.21592e-06
5.28 6.4 0.0279205 0.973245 2.03913e-06
5.28 6.56 0.0437544 0.957344 3.27115e-06
5.28 6.72 0.0860461 0.914973 7.61816e-06
5.28 6.88 0.186872 0.814086 2.05609e-05
5.28 7.04 0.390799 0.610057 5.25161e-05
5.28 7.2 0.654701 0.345973 0.000103755
5.28 7.36 0.83834 0.162193 0.000151637
5.28 7.52 0.923154 0.0771734 0.000184499
5.28 7.68 0.955163 0.0449284 0.000202825
5.28 7.84 0.967502 0.0325193 0.000211972
5.44 0 0.989222 0.0104131 0.00190279
5.44 0.16 0.987931 0.01178 0.00181221
5.44 0.32 0.982871 0.0170881 0.0015968
5.44 0.48 0.972197 0.0280896 0.0013139
5.44 0.64 0.951578 0.0492197 0.00102008
5.44 0.8 0.910276 0.090999 0.000751441
5.44 0.96 0.825056 0.176637 0.000517799
5.44 1.12 0.661301 0.340623 0.000314438
5.44 1.28 0.42835 0.573579 0.00015324
5.44 1.44 0.2282 0.773738 6.03835e-05
5.44 1.6 0.11411 0.887899 2.20218e-05
5.44 1.76 0.0586419 0.943501 8.37527e-06
5.44 1.92 0.0317072 0.970607 3.50979e-06
5.44 2.08 0.0182808 0.984207 1.64912e-06
5.44 2.24 0.0120342 0.990641 9.03321e-07
5.44 2.4 0.0104947 0.992362 6.5702e-07
5.44 2.56 0.0131215 0.98985 7.42975e-07
5.44 2.72 0.0209239 0.982128 1.24886e-06
5.44 2.88 0.0372718 0.965842 2.66003e-06
5.44 3.04 0.0707566 0.93242 6.57258e-06
5.44 3.2 0.141803 0.861377 1.78681e-05
5.44 3.36 0.287494 0.715664 4.88594e-05
5.44 3.52 0.52041 0.482528 0.000115616
5.44 3.68 0.744829 0.257815 0.000210102
5.44 3.84 0.877905 0.124525 0.000307886
5.44 4 0.940913 0.0613097 0.000401142
5.44 4.16 0.969545 0.0324232 0.000485781
5.44 4.32 0.982149 0.0195124 0.000551453
5.44 4.48 0.98609 0.0153328 0.000585074
5.44 4.64 0.983325 0.0178303 0.000578359
5.44 4.8 0.97264 0.0283301 0.000533151
5.44 4.96 0.948015 0.0528845 0.000459531
5.44 5.12 0.893054 0.107851 0.000368371
5.44 5.28 0.772332 0.228603 0.000264557
5.44 5.44 0.552457 0.448447 0.00015437
5.44 5.6 0.303911 0.696888 6.7747e-05
5.44 5.76 0.143988 0.856925 2.49329e-05
5.44 5.92 0.0690205 0.932051 9.17806e-06
5.44 6.08 0.0373959 0.963791 3.8894e-06
5.44 6.24 0.0262456 0.974994 2.20464e-06
5.44 6.4 0.0278953 0.973353 2.03621e-06
5.44 6.56 0.0437731 0.957411 3.2759e-06
5.44 6.72 0.0861151 0.914995 7.63882e-06
5.44 6.88 0.187016 0.814043 2.06242e-05
5.44 7.04 0.391022 0.609946 5.26777e-05
5.44 7.2 0.654909 0.345883 0.000104061
5.44 7.36 0.8385 0.162165 0.00015208
5.44 7.52 0.923297 0.0771713 0.000185046
5.44 7.68 0.955305 0.0449315 0.000203433
5.44 7.84 0.967648 0.0325227 0.000212615
5.6 0 0.989329 0.0104123 0.00189845
5.6 0.16 0.988061 0.0117648 0.00180811
5.6 0.32 0.983032 0.0170553 0.00159325
5.6 0.48 0.972396 0.0280259 0.00131104
5.6 0.64 0.951842 0.0490951 0.00101795
5.6 0.8 0.910669 0.0907472 0.000750001
5.6 0.96 0.825699 0.176132 0.000516999
5.6 1.12 0.66228 0.339773 0.000314196
5.6 1.28 0.429364 0.57268 0.000153285
5.6 1.44 0.228821 0.773211 6.04392e-05
5.6 1.6 0.114391 0.887691 2.20426e-05
5.6 1.76 0.0587572 0.943442 8.38072e-06
5.6 1.92 0.031755 0.970608 3.51093e-06
5.6 2.08 0.0183041 0.98423 1.6495e-06
5.6 2.24 0.0120531 0.990667 9.04005e-07
5.6 2.4 0.0105217 0.992381 6.58621e-07
5.6 2.56 0.0131693 0.989849 7.46522e-07
5.6 2.72 0.0210132 0.982088 1.25702e-06
5.6 2.88 0.0374462 0.965722 2.68065e-06
5.6 3.04 0.071121 0.932119 6.63001e-06
5.6 3.2 0.142594 0.860667 1.80339e-05
5.6 3.36 0.289043 0.714215 4.92913e-05
5.6 3.52 0.522454 0.480592 0.000116428
5.6 3.68 0.74637 0.256401 0.000211116
5.6 3.84 0.878763 0.123806 0.000308936
5.6 4 0.941389 0.0609758 0.000402149
5.6 4.16 0.96984 0.0322694 0.000486621
5.6 4.32 0.982348 0.0194522 0.000551956
5.6 4.48 0.986227 0.0153376 0.000585097
5.6 4.64 0.983397 0.0179031 0.000577875
5.6 4.8 0.97261 0.0285076 0.000532258
5.6 4.96 0.94778 0.0532715 0.00045839
5.6 5.12 0.892348 0.108708 0.000367113
5.6 5.28 0.770685 0.230392 0.000263233
5.6 5.44 0.54986 0.451171 0.000153168
5.6 5.6 0.301756 0.699152 6.70393e-05
5.6 5.76 0.142873 0.858128 2.46508e-05
5.6 5.92 0.0685241 0.932618 9.08032e-06
5.6 6.08 0.0371745 0.964071 3.85491e-06
5.6 6.24 0.0261497 0.975142 2.19196e-06
5.6 6.4 0.0278692 0.973429 2.03334e-06
5.6 6.56 0.0438032 0.957433 3.28255e-06
5.6 6.72 0.0862167 0.914955 7.66593e-06
5.6 6.88 0.187236 0.813902 2.07067e-05
5.6 7.04 0.391373 0.609692 5.28852e-05
5.6 7.2 0.655232 0.345668 0.000104444
5.6 7.36 0.838718 0.162074 0.000152619
5.6 7.52 0.923466 0.0771411 0.000185703
5.6 7.68 0.955458 0.0449197 0.000204162
5.6 7.84 0.967784 0.0325153 0.000213379
5.76 0 0.9894 0.0104053 0.00189264
5.76 0.16 0.988146 0.0117479 0.0018026
5.76 0.32 0.983133 0.0170231 0.00158845
5.76 0.48 0.972529 0.0279659 0.00130718
5.76 0.64 0.952036 0.0489808 0.00101506
5.76 0.8 0.910979 0.0905217 0.000748004
5.76 0.96 0.826224 0.17569 0.000515806
5.76 1.12 0.663089 0.339037 0.000313688
5.76 1.28 0.430196 0.571909 0.000153177
5.76 1.44 0.22932 0.772754 6.04293e-05
5.76 1.6 0.114608 0.887499 2.20397e-05
5.76 1.76 0.0588404 0.943371 8.37767e-06
5.76 1.92 0.0317862 0.970583 3.50883e-06
5.76 2.08 0.0183192 0.984219 1.64856e-06
5.76 2.24 0.0120694 0.990654 9.04197e-07
5.76 2.4 0.0105511 0.992356 6.60208e-07
5.76 2.56 0.0132257 0.989797 7.5054e-07
5.76 2.72 0.0211205 0.981988 1.26655e-06
5.76 2.88 0.0376572 0.965521 2.70496e-06
5.76 3.04 0.0715624 0.931697 6.6979e-06
5.76 3.2 0.14355 0.859741 1.82299e-05
5.76 3.36 0.290905 0.712398 4.97988e-05
5.76 3.52 0.524882 0.478213 0.00011737
5.76 3.68 0.748151 0.254683 0.000212266
5.76 3.84 0.879704 0.122936 0.0003101
5.76 4 0.941862 0.0605732 0.000403249
5.76 4.16 0.970088 0.032084 0.000487523
5.76 4.32 0.982478 0.0193788 0.000552472
5.76 4.48 0.986279 0.0153408 0.000585078
5.76 4.64 0.983375 0.017985 0.000577294
5.76 4.8 0.972476 0.0287101 0.00053123
5.76 4.96 0.947412 0.0537162 0.000457093
5.76 5.12 0.891443 0.109696 0.000365688
5.76 5.28 0.768701 0.232455 0.000261732
5.76 5.44 0.546808 0.454292 0.000151802
5.76 5.6 0.299255 0.701711 6.62376e-05
5.76 5.76 0.141585 0.85946 2.43321e-05
5.76 5.92 0.0679513 0.93322 8.97006e-06
5.76 6.08 0.0369199 0.964346 3.81614e-06
5.76 6.24 0.0260412 0.975265 2.17793e-06
5.76 6.4 0.0278441 0.973467 2.0307e-06
5.76 6.56 0.0438492 0.957402 3.29156e-06
5.76 6.72 0.0863616 0.914831 7.70088e-06
5.76 6.88 0.187554 0.813617 2.0812e-05
5.76 7.04 0.391884 0.609224 5.31457e-05
5.76 7.2 0.655677 0.345266 0.000104909
5.76 7.36 0.838966 0.161884 0.000153256
5.76 7.52 0.923602 0.0770661 0.00018647
5.76 7.68 0.955555 0.0448834 0.000205009
5.76 7.84 0.96787 0.0324912 0.000214269
5.92 0 0.989433 0.0103938 0.00188523
5.92 0.16 0.988187 0.0117305 0.00179557
5.92 0.32 0.983185 0.0169936 0.00158231
5.92 0.48 0.9726 0.0279135 0.00130222
5.92 0.64 0.95215 0.0488844 0.00101133
5.92 0.8 0.911181 0.0903378 0.000745393
5.92 0.96 0.826589 0.175341 0.000514171
5.92 1.12 0.663664 0.338478 0.000312873
5.92 1.28 0.430779 0.57134 0.000152888
5.92 1.44 0.229655 0.772425 6.03398e-05
5.92 1.6 0.114741 0.88736 2.20078e-05
5.92 1.76 0.058882 0.943314 8.36438e-06
5.92 1.92 0.0317965 0.970552 3.50288e-06
5.92 2.08 0.0183242 0.984191 1.64608e-06
5.92 2.24 0.0120824 0.990619 9.0381e-07
5.92 2.4 0.0105831 0.992302 6.61765e-07
5.92 2.56 0.0132915 0.98971 7.55077e-07
5.92 2.72 0.0212483 0.98184 1.27759e-06
5.92 2.88 0.0379098 0.965252 2.73336e-06
5.92 3.04 0.0720914 0.931158 6.77747e-06
5.92 3.2 0.144695 0.858596 1.84595e-05
5.92 3.36 0.293121 0.71019 5.03899e-05
5.92 3.52 0.527739 0.47536 0.000118451
5.92 3.68 0.7502 0.252641 0.000213558
5.92 3.84 0.880739 0.121907 0.000311383
5.92 4 0.942338 0.0600979 0.000404444
5.92 4.16 0.970301 0.0318655 0.000488491
5.92 4.32 0.982555 0.0192917 0.000553012
5.92 4.48 0.986266 0.0153424 0.000585027
5.92 4.64 0.983275 0.0180769 0.000576626
5.92 4.8 0.972245 0.0289398 0.000530074
5.92 4.96 0.946913 0.0542227 0.000455647
5.92 5.12 0.89033 0.110824 0.000364098
5.92 5.28 0.766364 0.234811 0.00026005
5.92 5.44 0.543286 0.457832 0.000150271
5.92 5.6 0.296403 0.704583 6.53427e-05
5.92 5.76 0.140123 0.860934 2.39773e-05
5.92 5.92 0.0673029 0.933871 8.84761e-06
5.92 6.08 0.0366331 0.964629 3.77327e-06
5.92 6.24 0.0259219 0.975376 2.16273e-06
5.92 6.4 0.0278234 0.973478 2.02859e-06
5.92 6.56 0.0439188 0.957324 3.30366e-06
5.92 6.72 0.086567 0.914622 7.74568e-06
5.92 6.88 0.188007 0.813166 2.09455e-05
5.92 7.04 0.392619 0.608493 5.3471e-05
5.92 7.2 0.656312 0.344629 0.000105473
5.92 7.36 0.839278 0.161568 0.000154007
5.92 7.52 0.923729 0.0769333 0.00018736
5.92 7.68 0.955613 0.0448155 0.000205986
5.92 7.84 0.967905 0.0324451 0.000215294
6.08 0 0.989446 0.0103818 0.00187617
6.08 0.16 0.98821 0.0117152 0.00178698
6.08 0.32 0.983227 0.0169703 0.00157484
6.08 0.48 0.972653 0.0278746 0.00129619
6.08 0.64 0.952224 0.0488169 0.00100677
6.08 0.8 0.911302 0.0902182 0.000742168
6.08 0.96 0.826796 0.175134 0.000512083
6.08 1.12 0.663961 0.338175 0.000311721
6.08 1.28 0.431044 0.571061 0.000152387
6.08 1.44 0.229775 0.772275 6.01552e-05
6.08 1.6 0.114762 0.887288 2.19411e-05
6.08 1.76 0.0588694 0.943261 8.33877e-06
6.08 1.92 0.0317797 0.970491 3.49231e-06
6.08 2.08 0.018316 0.984115 1.64174e-06
6.08 2.24 0.0120908 0.990522 9.02716e-07
6.08 2.4 0.0106172 0.992178 6.63246e-07
6.08 2.56 0.0133673 0.989548 7.60143e-07
6.08 2.72 0.0213981 0.98161 1.29026e-06
6.08 2.88 0.0382075 0.964883 2.7662e-06
6.08 3.04 0.0727158 0.930475 6.86974e-06
6.08 3.2 0.146046 0.857205 1.87256e-05
6.08 3.36 0.295725 0.707562 5.10717e-05
6.08 3.52 0.531069 0.472014 0.000119683
6.08 3.68 0.752562 0.250268 0.000215006
6.08 3.84 0.88192 0.120717 0.000312804
6.08 4 0.942873 0.0595501 0.000405758
6.08 4.16 0.970534 0.0316142 0.000489554
6.08 4.32 0.982633 0.0191915 0.000553608
6.08 4.48 0.986244 0.0153435 0.000584978
6.08 4.64 0.983152 0.0181805 0.000575904
6.08 4.8 0.971971 0.0291997 0.000528822
6.08 4.96 0.946331 0.0547976 0.000454077
6.08 5.12 0.889045 0.112108 0.000362362
6.08 5.28 0.763688 0.237487 0.000258198
6.08 5.44 0.539289 0.461821 0.000148578
6.08 5.6 0.293197 0.707772 6.43556e-05
6.08 5.76 0.138487 0.862537 2.35872e-05
6.08 5.92 0.0665779 0.934548 8.71316e-06
6.08 6.08 0.036314 0.964889 3.72639e-06
6.08 6.24 0.0257929 0.975441 2.14646e-06
6.08 6.4 0.0278099 0.973426 2.02723e-06
6.08 6.56 0.0440184 0.957163 3.31946e-06
6.08 6.72 0.0868489 0.914288 7.80217e-06
6.08 6.88 0.188633 0.812503 2.11126e-05
6.08 7.04 0.393651 0.607438 5.38732e-05
6.08 7.2 0.657219 0.343704 0.000106151
6.08 7.36 0.839728 0.161101 0.000154889
6.08 7.52 0.923914 0.0767314 0.000188393
6.08 7.68 0.955697 0.0447099 0.000207114
6.08 7.84 0.967929 0.0323724 0.000216471
6.24 0 0.989458 0.0103725 0.00186549
6.24 0.16 0.988218 0.011705 0.00177685
6.24 0.32 0.983224 0.0169567 0.00156602
6.24 0.48 0.972638 0.0278548 0.00128905
6.24 0.64 0.952199 0.0487883 0.00100136
6.24 0.8 0.911271 0.0901817 0.000738302
6.24 0.96 0.82675 0.175104 0.000509507
6.24 1.12 0.663869 0.338196 0.000310198
6.24 1.28 0.430889 0.571156 0.000151647
6.24 1.44 0.22962 0.77238 5.9862e-05
6.24 1.6 0.114648 0.887353 2.18349e-05
6.24 1.76 0.0587923 0.943283 8.2994e-06
6.24 1.92 0.0317317 0.970479 3.47667e-06
6.24 2.08 0.018293 0.984073 1.63541e-06
6.24 2.24 0.0120942 0.99045 9.00886e-07
6.24 2.4 0.0106542 0.992073 6.64678e-07
6.24 2.56 0.0134548 0.989395 7.65829e-07
6.24 2.72 0.021573 0.981374 1.30477e-06
6.24 2.88 0.0385557 0.964479 2.804e-06
6.24 3.04 0.0734458 0.929694 6.97611e-06
6.24 3.2 0.14762 0.855584 1.90319e-05
6.24 3.36 0.298738 0.704499 5.1852e-05
6.24 3.52 0.534873 0.468146 0.000121074
6.24 3.68 0.755211 0.24755 0.000216614
6.24 3.84 0.883208 0.119361 0.000314363
6.24 4 0.943428 0.0589281 0.000407197
6.24 4.16 0.970754 0.0313302 0.000490723
6.24 4.32 0.982686 0.0190788 0.000554275
6.24 4.48 0.986184 0.015345 0.00058495
6.24 4.64 0.982977 0.0182972 0.000575149
6.24 4.8 0.971617 0.0294923 0.000527488
6.24 4.96 0.945618 0.0554454 0.000452393
6.24 5.12 0.887531 0.113554 0.000360483
6.24 5.28 0.760611 0.240496 0.000256176
6.24 5.44 0.53478 0.466271 0.000146724
6.24 5.6 0.289628 0.711297 6.32804e-05
6.24 5.76 0.136678 0.864308 2.31638e-05
6.24 5.92 0.0657793 0.935306 8.56769e-06
6.24 6.08 0.0359655 0.965193 3.67597e-06
6.24 6.24 0.0256574 0.975529 2.12948e-06
6.24 6.4 0.0278086 0.973379 2.02708e-06
6.24 6.56 0.0441575 0.956977 3.33993e-06
6.24 6.72 0.0872265 0.913865 7.87289e-06
6.24 6.88 0.189471 0.811619 2.13201e-05
6.24 7.04 0.395035 0.605999 5.43656e-05
6.24 7.2 0.658429 0.342427 0.000106959
6.24 7.36 0.84031 0.160447 0.000155913
6.24 7.52 0.924126 0.076444 0.000189576
6.24 7.68 0.95577 0.0445579 0.000208399
6.24 7.84 0.967964 0.0322677 0.00021781
6.4 0 0.989488 0.0103689 0.00185325
6.4 0.16 0.988247 0.0117029 0.00176525
6.4 0.32 0.983245 0.0169575 0.00155591
6.4 0.48 0.972634 0.0278622 0.00128087
6.4 0.64 0.952154 0.0488141 0.000995144
6.4 0.8 0.911157 0.0902598 0.000733823
6.4 0.96 0.826492 0.175317 0.000506451
6.4 1.12 0.66337 0.33865 0.000308284
6.4 1.28 0.430259 0.571751 0.000150645
6.4 1.44 0.229146 0.772824 5.94471e-05
6.4 1.6 0.114373 0.887596 2.16843e-05
6.4 1.76 0.0586397 0.943398 8.2446e-06
6.4 1.92 0.0316471 0.970517 3.4554e-06
6.4 2.08 0.0182529 0.984058 1.62688e-06
6.4 2.24 0.0120917 0.990393 8.98238e-07
6.4 2.4 0.0106941 0.991973 6.66045e-07
6.4 2.56 0.0135547 0.989238 7.72172e-07
6.4 2.72 0.021775 0.981121 1.32124e-06
6.4 2.88 0.0389592 0.964033 2.84714e-06
6.4 3.04 0.074292 0.928816 7.09772e-06
6.4 3.2 0.149442 0.853738 1.93817e-05
6.4 3.36 0.302208 0.701002 5.27375e-05
6.4 3.52 0.539216 0.463768 0.000122632
6.4 3.68 0.758222 0.244502 0.000218392
6.4 3.84 0.884687 0.117848 0.000316073
6.4 4 0.944092 0.0582369 0.000408773
6.4 4.16 0.97105 0.0310158 0.000492012
6.4 4.32 0.982799 0.0189551 0.000555028
6.4 4.48 0.986173 0.0153484 0.00058496
6.4 4.64 0.982836 0.018429 0.000574378
6.4 4.8 0.971272 0.0298214 0.000526093
6.4 4.96 0.944864 0.0561743 0.000450614
6.4 5.12 0.885869 0.115183 0.000358478
6.4 5.28 0.757196 0.243874 0.000253994
6.4 5.44 0.529794 0.471221 0.000144717
6.4 5.6 0.28572 0.715179 6.21214e-05
6.4 5.76 0.134707 0.866256 2.27093e-05
6.4 5.92 0.064912 0.936144 8.41194e-06
6.4 6.08 0.0355904 0.965534 3.62234e-06
6.4 6.24 0.0255185 0.97563 2.112e-06
6.4 6.4 0.0278247 0.973325 2.02848e-06
6.4 6.56 0.0443469 0.956753 3.36585e-06
6.4 6.72 0.0877258 0.913336 7.96009e-06
6.4 6.88 0.190582 0.810482 2.15742e-05
6.4 7.04 0.396885 0.604121 5.49609e-05
6.4 7.2 0.660073 0.340748 0.00010791
6.4 7.36 0.84114 0.15958 0.000157088
6.4 7.52 0.924476 0.0760601 0.000190916
6.4 7.68 0.955943 0.0443538 0.000209849
6.4 7.84 0.968059 0.0321265 0.000219316
6.56 0 0.989524 0.0103731 0.00183953
6.56 0.16 0.988263 0.0117114 0.00175223
6.56 0.32 0.983215 0.0169757 0.00154453
6.56 0.48 0.972556 0.0279021 0.00127164
6.56 0.64 0.952008 0.0489047 0.000988106
6.56 0.8 0.910877 0.0904741 0.000728715
6.56 0.96 0.825925 0.175815 0.000502886
6.56 1.12 0.662344 0.339611 0.00030594
6.56 1.28 0.429039 0.572913 0.000149342
6.56 1.44 0.228287 0.773633 5.88917e-05
6.56 1.6 0.113908 0.888013 2.14819e-05
6.56 1.76 0.0583982 0.943588 8.17163e-06
6.56 1.92 0.0315204 0.970588 3.42739e-06
6.56 2.08 0.0181932 0.984058 1.61568e-06
6.56 2.24 0.0120826 0.990339 8.9455e-07
6.56 2.4 0.010737 0.991866 6.67221e-07
6.56 2.56 0.0136679 0.989063 7.79075e-07
6.56 2.72 0.0220059 0.980832 1.33957e-06
6.56 2.88 0.039421 0.963517 2.89553e-06
6.56 3.04 0.0752602 0.927798 7.23457e-06
6.56 3.2 0.151522 0.851612 1.97754e-05
6.56 3.36 0.306142 0.697019 5.37286e-05
6.56 3.52 0.544075 0.458852 0.000124354
6.56 3.68 0.761546 0.241119 0.000220326
6.56 3.84 0.886296 0.116177 0.000317915
6.56 4 0.944793 0.0574754 0.000410463
6.56 4.16 0.971341 0.0306705 0.000493389
6.56 4.32 0.982885 0.0188202 0.000555831
6.56 4.48 0.986121 0.0153535 0.000584969
6.56 4.64 0.98264 0.0185761 0.000573556
6.56 4.8 0.970852 0.0301876 0.000524609
6.56 4.96 0.943993 0.0569862 0.000448719
6.56 5.12 0.883991 0.116998 0.000356329
6.56 5.28 0.753381 0.247625 0.000251637
6.56 5.44 0.524298 0.476656 0.000142547
6.56 5.6 0.281468 0.71938 6.08773e-05
6.56 5.76 0.132577 0.86834 2.22234e-05
6.56 5.92 0.0639787 0.937031 8.24573e-06
6.56 6.08 0.0351912 0.965884 3.56535e-06
6.56 6.24 0.0253791 0.975718 2.09398e-06
6.56 6.4 0.0278628 0.973235 2.03148e-06
6.56 6.56 0.0445959 0.956453 3.39759e-06
6.56 6.72 0.0883668 0.912647 8.06512e-06
6.56 6.88 0.192009 0.809009 2.18788e-05
6.56 7.04 0.39926 0.601695 5.56658e-05
6.56 7.2 0.66218 0.338583 0.000109007
6.56 7.36 0.842193 0.158457 0.000158405
6.56 7.52 0.924898 0.0755582 0.000192396
6.56 7.68 0.956133 0.0440851 0.000211441
6.56 7.84 0.968195 0.031942 0.000220973
6.72 0 0.989589 0.010387 0.00182458
6.72 0.16 0.988311 0.011734 0.00173805
6.72 0.32 0.983225 0.0170178 0.00153213
6.72 0.48 0.972506 0.0279854 0.00126157
6.72 0.64 0.951849 0.0490792 0.000980403
6.72 0.8 0.91049 0.0908601 0.000723068
6.72 0.96 0.825062 0.176667 0.000498854
6.72 1.12 0.66075 0.341189 0.000303171
6.72 1.28 0.427169 0.574767 0.000147734
6.72 1.44 0.227002 0.774902 5.81927e-05
6.72 1.6 0.113234 0.888666 2.12273e-05
6.72 1.76 0.05806 0.943896 8.08074e-06
6.72 1.92 0.0313481 0.970718 3.39294e-06
6.72 2.08 0.0181127 0.984086 1.602e-06
6.72 2.24 0.0120667 0.990295 8.8997e-07
6.72 2.4 0.0107834 0.991757 6.68349e-07
6.72 2.56 0.0137959 0.988876 7.86738e-07
6.72 2.72 0.0222682 0.980519 1.36014e-06
6.72 2.88 0.0399462 0.962953 2.94997e-06
6.72 3.04 0.0763609 0.926671 7.38865e-06
6.72 3.2 0.153881 0.849238 2.02177e-05
6.72 3.36 0.310575 0.692575 5.48339e-05
6.72 3.52 0.549491 0.453428 0.000126247
6.72 3.68 0.765234 0.237428 0.000222426
6.72 3.84 0.888111 0.114366 0.000319906
6.72 4 0.945628 0.0566537 0.000412293
6.72 4.16 0.971736 0.0303001 0.000494896
6.72 4.32 0.983062 0.0186777 0.000556735
6.72 4.48 0.986149 0.0153635 0.000585035
6.72 4.64 0.982508 0.0187422 0.000572742
6.72 4.8 0.970469 0.0305966 0.000523088
6.72 4.96 0.943101 0.0578916 0.00044675
6.72 5.12 0.881969 0.119021 0.000354067
6.72 5.28 0.749211 0.251784 0.000249126
6.72 5.44 0.518324 0.482609 0.000140231
6.72 5.6 0.276903 0.723925 5.95594e-05
6.72 5.76 0.130305 0.870586 2.17115e-05
6.72 5.92 0.0629876 0.937986 8.07123e-06
6.72 6.08 0.0347728 0.966257 3.506e-06
6.72 6.24 0.0252437 0.975804 2.07603e-06
6.72 6.4 0.0279294 0.973119 2.03676e-06
6.72 6.56 0.0449165 0.956089 3.43641e-06
6.72 6.72 0.089177 0.911805 8.19111e-06
6.72 6.88 0.193813 0.807185 2.22416e-05
6.72 7.04 0.402268 0.598676 5.64937e-05
6.72 7.2 0.664868 0.335891 0.000110259
6.72 7.36 0.843587 0.15706 0.00015987
6.72 7.52 0.92552 0.0749326 0.000194019
6.72 7.68 0.95647 0.0437497 0.000213178
6.72 7.84 0.968437 0.0317109 0.000222772
6.88 0 0.989669 0.0104122 0.00180867
6.88 0.16 0.988371 0.0117744 0.00172295
6.88 0.32 0.983244 0.0170892 0.00151893
6.88 0.48 0.972447 0.0281209 0.00125081
6.88 0.64 0.951634 0.0493526 0.000972119
6.88 0.8 0.909943 0.0914456 0.000716925
6.88 0.96 0.823826 0.177923 0.000494359
6.88 1.12 0.658486 0.343461 0.00029996
6.88 1.28 0.424561 0.57738 0.000145803
6.88 1.44 0.225248 0.77666 5.73435e-05
6.88 1.6 0.112333 0.889564 2.09187e-05
6.88 1.76 0.0576191 0.944322 7.97152e-06
6.88 1.92 0.0311287 0.970908 3.35199e-06
6.88 2.08 0.0180115 0.984144 1.58589e-06
6.88 2.24 0.0120448 0.990264 8.8455e-07
6.88 2.4 0.0108348 0.991651 6.69494e-07
6.88 2.56 0.0139405 0.988682 7.95258e-07
6.88 2.72 0.022565 0.980183 1.38314e-06
6.88 2.88 0.0405398 0.962334 3.01089e-06
6.88 3.04 0.0776028 0.925419 7.56095e-06
6.88 3.2 0.156533 0.846588 2.07107e-05
6.88 3.36 0.315517 0.687642 5.60551e-05
6.88 3.52 0.555443 0.447495 0.000128305
6.88 3.68 0.769245 0.233446 0.000224675
6.88 3.84 0.890092 0.112426 0.000322026
6.88 4 0.946561 0.0557775 0.000414245
6.88 4.16 0.972201 0.0299076 0.000496511
6.88 4.32 0.983293 0.0185299 0.00055772
6.88 4.48 0.986218 0.0153803 0.000585139
6.88 4.64 0.982403 0.0189292 0.000571919
6.88 4.8 0.970086 0.0310512 0.000521517
6.88 4.96 0.942152 0.0588954 0.000444698
6.88 5.12 0.879766 0.121258 0.000351684
6.88 5.28 0.744652 0.256357 0.000246454
6.88 5.44 0.511866 0.489063 0.000137772
6.88 5.6 0.272041 0.728777 5.81737e-05
6.88 5.76 0.127906 0.872968 2.11768e-05
6.88 5.92 0.0619481 0.938995 7.88987e-06
6.88 6.08 0.0343414 0.966648 3.44493e-06
6.88 6.24 0.0251179 0.975883 2.05857e-06
6.88 6.4 0.0280316 0.97297 2.04478e-06
6.88 6.56 0.0453216 0.955644 3.4832e-06
6.88 6.72 0.090183 0.910773 8.34029e-06
6.88 6.88 0.196046 0.804942 2.26678e-05
6.88 7.04 0.405979 0.59497 5.74503e-05
6.88 7.2 0.668178 0.332608 0.000111661
6.88 7.36 0.845324 0.155359 0.000161463
6.88 7.52 0.926329 0.0741705 0.000195755
6.88 7.68 0.956932 0.0433409 0.000215025
6.88 7.84 0.968772 0.0314294 0.000224678
7.04 0 0.989732 0.0104533 0.00179219
7.04 0.16 0.988402 0.0118379 0.00170729
7.04 0.32 0.983215 0.017197 0.00150516
7.04 0.48 0.972313 0.0283188 0.00123952
7.04 0.64 0.951291 0.0497422 0.000963352
7.04 0.8 0.909156 0.0922614 0.000710333
7.04 0.96 0.822126 0.179639 0.000489414
7.04 1.12 0.655451 0.346506 0.000296297
7.04 1.28 0.421144 0.580808 0.000143542
7.04 1.44 0.222995 0.778928 5.6343e-05
7.04 1.6 0.111199 0.890711 2.05566e-05
7.04 1.76 0.0570751 0.944869 7.84447e-06
7.04 1.92 0.0308635 0.971161 3.30486e-06
7.04 2.08 0.0178912 0.984237 1.56754e-06
7.04 2.24 0.0120189 0.990253 8.78436e-07
7.04 2.4 0.0108934 0.991553 6.70787e-07
7.04 2.56 0.0141048 0.988483 8.048e-07
7.04 2.72 0.0229007 0.979824 1.40882e-06
7.04 2.88 0.0412088 0.961656 3.07884e-06
7.04 3.04 0.0789974 0.924029 7.75274e-06
7.04 3.2 0.159496 0.843642 2.12567e-05
7.04 3.36 0.320974 0.6822 5.73928e-05
7.04 3.52 0.561893 0.441064 0.000130516
7.04 3.68 0.773518 0.229195 0.000227051
7.04 3.84 0.892174 0.110373 0.000324246
7.04 4 0.947523 0.0548553 0.000416282
7.04 4.16 0.972663 0.0294982 0.000498196
7.04 4.32 0.983503 0.0183801 0.000558747
7.04 4.48 0.986254 0.0154064 0.000585245
7.04 4.64 0.982251 0.0191399 0.000571055
7.04 4.8 0.969632 0.031555 0.000519869
7.04 4.96 0.941081 0.0600036 0.000442541
7.04 5.12 0.877324 0.123721 0.000349161
7.04 5.28 0.739662 0.261353 0.000243611
7.04 5.44 0.504928 0.495994 0.000135172
7.04 5.6 0.266914 0.733899 5.67282e-05
7.04 5.76 0.125404 0.87546 2.0624e-05
7.04 5.92 0.0608737 0.940048 7.70357e-06
7.04 6.08 0.0339059 0.96705 3.38304e-06
7.04 6.24 0.0250093 0.975952 2.04215e-06
7.04 6.4 0.0281787 0.972784 2.05613e-06
7.04 6.56 0.0458265 0.955108 3.539e-06
7.04 6.72 0.0914148 0.909522 8.515e-06
7.04 6.88 0.198766 0.802216 2.31618e-05
7.04 7.04 0.410462 0.59049 5.85375e-05
7.04 7.2 0.672128 0.328679 0.000113198
7.04 7.36 0.847375 0.153333 0.000163148
7.04 7.52 0.927266 0.0732635 0.000197555
7.04 7.68 0.957455 0.042855 0.000216927
7.04 7.84 0.969148 0.0310963 0.000226636
7.2 0 0.989759 0.0105228 0.00177569
7.2 0.16 0.988392 0.0119343 0.00169157
7.2 0.32 0.983126 0.0173522 0.00149125
7.2 0.48 0.972084 0.0285952 0.001228
7.2 0.64 0.950793 0.0502734 0.000954287
7.2 0.8 0.908087 0.093351 0.00070339
7.2 0.96 0.819893 0.181886 0.000484055
7.2 1.12 0.651563 0.350409 0.000292187
7.2 1.28 0.416875 0.585101 0.000140955
7.2 1.44 0.220243 0.781713 5.5197e-05
7.2 1.6 0.109841 0.892103 2.01447e-05
7.2 1.76 0.0564367 0.945531 7.70152e-06
7.2 1.92 0.0305589 0.971474 3.25251e-06
7.2 2.08 0.0177567 0.984365 1.54746e-06
7.2 2.24 0.0119927 0.990264 8.71933e-07
7.2 2.4 0.010963 0.991467 6.72472e-07
7.2 2.56 0.0142936 0.988282 8.15649e-07
7.2 2.72 0.0232825 0.97944 1.43765e-06
7.2 2.88 0.0419642 0.960912 3.15473e-06
7.2 3.04 0.0805626 0.922488 7.96586e-06
7.2 3.2 0.162792 0.840377 2.18588e-05
7.2 3.36 0.326959 0.676241 5.88474e-05
7.2 3.52 0.568803 0.434174 0.000132868
7.2 3.68 0.778003 0.224726 0.000229532
7.2 3.84 0.894325 0.108239 0.000326548
7.2 4 0.948494 0.053906 0.000418395
7.2 4.16 0.973106 0.0290828 0.000499946
7.2 4.32 0.983681 0.0182356 0.000559815
7.2 4.48 0.986246 0.0154479 0.000585356
7.2 4.64 0.98204 0.0193808 0.000570156
7.2 4.8 0.969094 0.0321174 0.00051815
7.2 4.96 0.939871 0.0612314 0.000440279
7.2 5.12 0.874622 0.126434 0.000346498
7.2 5.28 0.734225 0.266793 0.000240597
7.2 5.44 0.497534 0.503388 0.000132441
7.2 5.6 0.26157 0.73925 5.52345e-05
7.2 5.76 0.122833 0.878037 2.00593e-05
7.2 5.92 0.0597853 0.941131 7.51516e-06
7.2 6.08 0.0334797 0.967461 3.32167e-06
7.2 6.24 0.0249288 0.976012 2.02762e-06
7.2 6.4 0.0283834 0.97256 2.07166e-06
7.2 6.56 0.046451 0.954469 3.60519e-06
7.2 6.72 0.0929091 0.908025 8.71799e-06
7.2 6.88 0.202039 0.79895 2.37283e-05
7.2 7.04 0.415785 0.585176 5.97548e-05
7.2 7.2 0.676734 0.324088 0.000114848
7.2 7.36 0.849734 0.150988 0.000164884
7.2 7.52 0.928324 0.0722201 0.00019937
7.2 7.68 0.958028 0.0422987 0.000218828
7.2 7.84 0.969556 0.0307184 0.000228589
7.36 0 0.98974 0.0106368 0.00175986
7.36 0.16 0.988343 0.0120758 0.00167646
7.36 0.32 0.982995 0.0175701 0.00147777
7.36 0.48 0.971778 0.028973 0.00121665
7.36 0.64 0.95014 0.0509828 0.000945176
7.36 0.8 0.906707 0.0947734 0.000696222
7.36 0.96 0.81706 0.184752 0.000478322
7.36 1.12 0.646743 0.355257 0.000287633
7.36 1.28 0.411737 0.590268 0.000138053
7.36 1.44 0.217021 0.784966 5.39193e-05
7.36 1.6 0.108289 0.89368 1.96909e-05
7.36 1.76 0.0557241 0.946256 7.5462e-06
7.36 1.92 0.0302279 0.971803 3.19656e-06
7.36 2.08 0.0176166 0.984489 1.52646e-06
7.36 2.24 0.0119728 0.99026 8.6552e-07
7.36 2.4 0.0110498 0.991355 6.74926e-07
7.36 2.56 0.0145145 0.988041 8.28248e-07
7.36 2.72 0.0237211 0.978989 1.47037e-06
7.36 2.88 0.0428236 0.960053 3.23997e-06
7.36 3.04 0.0823257 0.920739 8.20308e-06
7.36 3.2 0.166458 0.836736 2.25212e-05
7.36 3.36 0.333483 0.669743 6.04183e-05
7.36 3.52 0.576121 0.426883 0.000135342
7.36 3.68 0.782645 0.220118 0.000232094
7.36 3.84 0.896523 0.106078 0.000328919
7.36 4 0.949481 0.0529605 0.000420586
7.36 4.16 0.973559 0.0286799 0.000501783
7.36 4.32 0.983862 0.0181086 0.000560961
7.36 4.48 0.986234 0.0155151 0.000585518
7.36 4.64 0.981807 0.0196639 0.000569265
7.36 4.8 0.968501 0.0327557 0.000516393
7.36 4.96 0.938536 0.0626066 0.00043793
7.36 5.12 0.871651 0.129438 0.000343699
7.36 5.28 0.728325 0.272716 0.000237409
7.36 5.44 0.489717 0.511217 0.000129588
7.36 5.6 0.256076 0.744753 5.37075e-05
7.36 5.76 0.120242 0.880626 1.94912e-05
7.36 5.92 0.0587125 0.94219 7.32855e-06
7.36 6.08 0.0330818 0.967834 3.26272e-06
7.36 6.24 0.0248917 0.97602 2.01618e-06
7.36 6.4 0.0286627 0.972252 2.09255e-06
7.36 6.56 0.0472213 0.953676 3.68358e-06
7.36 6.72 0.0947116 0.906212 8.9526e-06
7.36 6.88 0.205934 0.795059 2.43715e-05
7.36 7.04 0.422004 0.578974 6.10959e-05
7.36 7.2 0.681993 0.318863 0.000116579
7.36 7.36 0.852395 0.148368 0.00016662
7.36 7.52 0.92952 0.07107 0.000201143
7.36 7.68 0.958684 0.0416908 0.000220676
7.36 7.84 0.970013 0.0303133 0.000230477
7.52 0 0.989648 0.0108077 0.00174551
7.52 0.16 0.988224 0.0122758 0.00166271
7.52 0.32 0.982779 0.0178697 0.0014653
7.52 0.48 0.971338 0.0294826 0.00120586
7.52 0.64 0.949256 0.0519199 0.000936222
7.52 0.8 0.904907 0.0966073 0.000688906
7.52 0.96 0.813484 0.188346 0.000472214
7.52 1.12 0.640875 0.361131 0.000282619
7.52 1.28 0.405746 0.596259 0.000134855
7.52 1.44 0.213413 0.78858 5.2536e-05
7.52 1.6 0.106609 0.895366 1.92094e-05
7.52 1.76 0.0549791 0.947003 7.3849e-06
7.52 1.92 0.0298954 0.972131 3.13987e-06
7.52 2.08 0.0174861 0.984607 1.50595e-06
7.52 2.24 0.0119698 0.990245 8.59999e-07
7.52 2.4 0.0111635 0.991224 6.78774e-07
7.52 2.56 0.0147801 0.987761 8.43359e-07
7.52 2.72 0.0242365 0.978462 1.50827e-06
7.52 2.88 0.0438191 0.959051 3.33711e-06
7.52 3.04 0.084338 0.918727 8.46941e-06
7.52 3.2 0.170561 0.832636 2.32513e-05
7.52 3.36 0.340574 0.662651 6.21043e-05
7.52 3.52 0.58375 0.419257 0.000137904
7.52 3.68 0.7873 0.215478 0.000234684
7.52 3.84 0.898659 0.103966 0.000331317
7.52 4 0.950411 0.0520629 0.000422832
7.52 4.16 0.973967 0.0283151 0.000503697
7.52 4.32 0.984002 0.0180158 0.000562183
7.52 4.48 0.986176 0.0156223 0.000585733
7.52 4.64 0.981508 0.0200062 0.000568385
7.52 4.8 0.967798 0.033496 0.000514595
7.52 4.96 0.937003 0.0641724 0.000435482
7.52 5.12 0.868317 0.132798 0.000340737
7.52 5.28 0.721876 0.279174 0.000234022
7.52 5.44 0.481503 0.519426 0.000126622
7.52 5.6 0.250534 0.750288 5.21688e-05
7.52 5.76 0.117712 0.883142 1.89333e-05
7.52 5.92 0.0577039 0.943179 7.14994e-06
7.52 6.08 0.0327426 0.968149 3.20921e-06
7.52 6.24 0.0249218 0.975963 2.00976e-06
7.52 6.4 0.0290437 0.971846 2.12074e-06
7.52 6.56 0.0481782 0.952695 3.77717e-06
7.52 6.72 0.0968912 0.904014 9.2241e-06
7.52 6.88 0.210549 0.790435 2.50971e-05
7.52 7.04 0.429157 0.571826 6.25477e-05
7.52 7.2 0.68781 0.31307 0.000118334
7.52 7.36 0.855249 0.145557 0.000168277
7.52 7.52 0.930776 0.0698678 0.000202788
7.52 7.68 0.959377 0.041057 0.000222396
7.52 7.84 0.970482 0.0299178 0.000232218
7.68 0 0.989442 0.0110493 0.00173359
7.68 0.16 0.987974 0.0125491 0.00165115
7.68 0.32 0.982393 0.0182768 0.0014545
7.68 0.48 0.970664 0.030169 0.001196
7.68 0.64 0.948028 0.0531606 0.000927592
7.68 0.8 0.902539 0.0989747 0.000681472
7.68 0.96 0.808988 0.192836 0.000465691
7.68 1.12 0.633842 0.368145 0.000277116
7.68 1.28 0.399008 0.602966 0.000131405
7.68 1.44 0.209603 0.792366 5.10979e-05
7.68 1.6 0.104929 0.897022 1.8725e-05
7.68 1.76 0.0542732 0.947686 7.22789e-06
7.68 1.92 0.0296015 0.972406 3.0869e-06
7.68 2.08 0.0173886 0.984687 1.48803e-06
7.68 2.24 0.0119994 0.990193 8.56547e-07
7.68 2.4 0.011319 0.991046 6.84945e-07
7.68 2.56 0.0151102 0.98741 8.62161e-07
7.68 2.72 0.0248611 0.977818 1.55353e-06
7.68 2.88 0.0450066 0.957841 3.45056e-06
7.68 3.04 0.0866929 0.916353 8.77393e-06
7.68 3.2 0.175234 0.827945 2.40643e-05
7.68 3.36 0.348317 0.65488 6.39129e-05
7.68 3.52 0.59159 0.411414 0.00014051
7.68 3.68 0.791764 0.211 0.000237228
7.68 3.84 0.900575 0.102028 0.000333681
7.68 4 0.951176 0.0512831 0.000425095
7.68 4.16 0.974239 0.0280273 0.000505661
7.68 4.32 0.984019 0.017982 0.000563464
7.68 4.48 0.985997 0.015791 0.000585986
7.68 4.64 0.981067 0.020435 0.000567499
7.68 4.8 0.9669 0.0343826 0.000512734
7.68 4.96 0.935159 0.0660042 0.000432911
7.68 5.12 0.864479 0.136633 0.000337563
7.68 5.28 0.714752 0.286285 0.000230392
7.68 5.44 0.472949 0.527952 0.000123554
7.68 5.6 0.245134 0.755654 5.06582e-05
7.68 5.76 0.115384 0.885444 1.8408e-05
7.68 5.92 0.0568357 0.944017 6.98893e-06
7.68 6.08 0.0325072 0.968356 3.16559e-06
7.68 6.24 0.0250544 0.975799 2.01116e-06
7.68 6.4 0.0295672 0.971292 2.15918e-06
7.68 6.56 0.0493856 0.951459 3.89072e-06
7.68 6.72 0.0995593 0.901319 9.54147e-06
7.68 6.88 0.216038 0.784926 2.59161e-05
7.68 7.04 0.437296 0.563668 6.40963e-05
7.68 7.2 0.694018 0.306879 0.000120035
7.68 7.36 0.858093 0.142729 0.000169745
7.68 7.52 0.931946 0.0687238 0.000204183
7.68 7.68 0.960078 0.0403997 0.000223937
7.68 7.84 0.970847 0.0296199 0.000233697
7.84 0 0.988346 0.0120813 0.00171807
7.84 0.16 0.986517 0.0139517 0.00163223
7.84 0.32 0.980068 0.0205305 0.00142852
7.84 0.48 0.966833 0.0339931 0.00116621
7.84 0.64 0.941292 0.0598725 0.000897462
7.84 0.8 0.890437 0.111075 0.000653025
7.84 0.96 0.787859 0.213944 0.000439433
7.84 1.12 0.604131 0.397812 0.000255104
7.84 1.28 0.373301 0.628618 0.000118139
7.84 1.44 0.196323 0.805551 4.57643e-05
7.84 1.6 0.0998002 0.902072 1.70244e-05
7.84 1.76 0.0525251 0.949379 6.72374e-06
7.84 1.92 0.0291023 0.972856 2.93852e-06
7.84 2.08 0.0174277 0.984607 1.44977e-06
7.84 2.24 0.0124322 0.989723 8.62564e-07
7.84 2.4 0.0122613 0.990049 7.26034e-07
7.84 2.56 0.0168863 0.985583 9.59129e-07
7.84 2.72 0.0281052 0.974528 1.77282e-06
7.84 2.88 0.0509795 0.951815 3.9785e-06
7.84 3.04 0.097923 0.905028 1.01261e-05
7.84 3.2 0.195795 0.807288 2.74622e-05
7.84 3.36 0.378964 0.624123 7.08824e-05
7.84 3.52 0.61933 0.383544 0.000149884
7.84 3.68 0.806197 0.196487 0.000246384
7.84 3.84 0.906041 0.0965057 0.000342679
7.84 4 0.952902 0.0494784 0.000434264
7.84 4.16 0.974526 0.0276496 0.000514199
7.84 4.32 0.983579 0.0183536 0.00056971
7.84 4.48 0.984773 0.0169139 0.000588296
7.84 4.64 0.978693 0.0227392 0.000565182
7.84 4.8 0.962354 0.038872 0.000506141
7.84 4.96 0.926263 0.0748315 0.000422892
7.84 5.12 0.847176 0.15385 0.000324786
7.84 5.28 0.685755 0.31521 0.000216073
7.84 5.44 0.441851 0.558962 0.000112176
7.84 5.6 0.227173 0.773567 4.53058e-05
7.84 5.76 0.108451 0.892333 1.66277e-05
7.84 5.92 0.0547637 0.946053 6.48324e-06
7.84 6.08 0.0324328 0.968391 3.05561e-06
7.84 6.24 0.026286 0.974528 2.05635e-06
7.84 6.4 0.0325237 0.968274 2.35501e-06
7.84 6.56 0.055599 0.94519 4.41735e-06
7.84 6.72 0.11244 0.888392 1.0941e-05
7.84 6.88 0.240465 0.760447 2.92921e-05
7.84 7.04 0.469857 0.531053 6.98566e-05
7.84 7.2 0.716722 0.284125 0.00012574
7.84 7.36 0.867446 0.133343 0.000174089
7.84 7.52 0.934719 0.0659331 0.000207601
7.84 7.68 0.96025 0.0402396 0.000226739
7.84 7.84 0.971336 0.0290362 0.000238081
