0 0 -7.1086 12.4136 -7.1086
0 0.16 -7.55666 11.8943 -7.55666
0 0.32 -3.91499 15.2682 -3.91499
0 0.48 -3.11595 15.501 -3.11595
0 0.64 -2.67634 14.8099 -2.67634
0 0.8 -2.65483 12.5009 -2.65483
0 0.96 -2.94718 7.41429 -2.94718
0 1.12 -1.38703 0.669833 -1.38703
0 1.28 4.36286 -2.91936 4.36286
0 1.44 10.5732 -3.03326 10.5732
0 1.6 14.048 -2.76798 14.048
0 1.76 15.397 -2.94175 15.397
0 1.92 15.7573 -3.31582 15.7573
0 2.08 15.7706 -3.64216 15.7706
0 2.24 15.7368 -3.77524 15.7368
0 2.4 15.7492 -3.66238 15.7492
0 2.56 15.7265 -3.34321 15.7265
0 2.72 15.3655 -2.96028 15.3655
0 2.88 13.9762 -2.78206 13.9762
0 3.04 10.2867 -3.0948 10.2867
0 3.2 3.64087 -3.00085 3.64087
0 3.36 -2.20164 0.893057 -2.20164
0 3.52 -3.44898 7.84266 -3.44898
0 3.68 -2.94981 12.8479 -2.94981
0 3.84 -2.81101 15.0892 -2.81101
0 4 -3.01122 15.8499 -3.01122
0 4.16 -3.23609 16.0393 -3.23609
0 4.32 -3.30546 16.0633 -3.30546
0 4.48 -3.17146 16.0167 -3.17146
0 4.64 -2.91151 15.7291 -2.91151
0 4.8 -2.75557 14.6464 -2.75557
0 4.96 -3.06503 11.5745 -3.06503
0 5.12 -3.48198 5.28969 -3.48198
0 5.28 -0.789116 -1.57151 -0.789116
0 5.44 6.12809 -3.78414 6.12809
0 5.6 11.9572 -3.2529 11.9572
0 5.76 14.7545 -2.89833 14.7545
0 5.92 15.7681 -2.94039 15.7681
0 6.08 16.0521 -3.04474 16.0521
0 6.24 16.0277 -3.03504 16.0277
0 6.4 15.659 -2.92372 15.659
0 6.56 14.4076 -2.92636 14.4076
0 6.72 10.9935 -3.41691 10.9935
0 6.88 4.26389 -3.84456 4.26389
0 7.04 -2.40805 -0.506114 -2.40805
0 7.2 -3.93608 6.95064 -3.93608
0 7.36 -3.12481 12.6511 -3.12481
0 7.52 1.12046 19.0234 1.12046
0 7.68 1.41992 20.1501 1.41992
0 7.84 -28.9203 -9.85859 -28.9203
0.16 0 -12.4532 7.06787 -12.4532
0.16 0.16 -13.9052 5.5438 -13.9052
0.16 0.32 -10.1338 9.04599 -10.1338
0.16 0.48 -9.30871 9.30239 -9.30871
0.16 0.64 -8.84593 8.63016 -8.84593
0.16 0.8 -8.79655 6.34161 -8.79655
0.16 0.96 -9.05458 1.28049 -9.05458
0.16 1.12 -7.45251 -5.421 -7.45251
0.16 1.28 -1.68087 -8.97563 -1.68087
0.16 1.44 4.52218 -9.08823 4.52218
0.16 1.6 7.98013 -8.83683 7.98013
0.16 1.76 9.31171 -9.02728 9.31171
0.16 1.92 9.65698 -9.41618 9.65698
0.16 2.08 9.65976 -9.75292 9.65976
0.16 2.24 9.62194 -9.8901 9.62194
0.16 2.4 9.63646 -9.77511 9.63646
0.16 2.56 9.62236 -9.44739 9.62236
0.16 2.72 9.27523 -9.0509 9.27523
0.16 2.88 7.9039 -8.85598 7.9039
0.16 3.04 4.23214 -9.15588 4.23214
0.16 3.2 -2.40578 -9.0678 -2.40578
0.16 3.36 -8.27012 -5.20972 -8.27012
0.16 3.52 -9.55899 1.70459 -9.55899
0.16 3.68 -9.09035 6.69129 -9.09035
0.16 3.84 -8.97401 8.91778 -8.97401
0.16 4 -9.19119 9.66531 -9.19119
0.16 4.16 -9.42701 9.84541 -9.42701
0.16 4.32 -9.49965 9.86657 -9.49965
0.16 4.48 -9.36153 9.82337 -9.36153
0.16 4.64 -9.08979 9.54552 -9.08979
0.16 4.8 -8.91523 8.47724 -8.91523
0.16 4.96 -9.19928 5.42353 -9.19928
0.16 5.12 -9.5829 -0.834334 -9.5829
0.16 5.28 -6.85196 -7.65051 -6.85196
0.16 5.44 0.0776051 -9.83948 0.0776051
0.16 5.6 5.89916 -9.31168 5.89916
0.16 5.76 8.68392 -8.96885 8.68392
0.16 5.92 9.68628 -9.02212 9.68628
0.16 6.08 9.96339 -9.13343 9.96339
0.16 6.24 9.93808 -9.12469 9.93808
0.16 6.4 9.57535 -9.00748 9.57535
0.16 6.56 8.33522 -8.99946 8.33522
0.16 6.72 4.93379 -9.48016 4.93379
0.16 6.88 -1.79085 -9.91342 -1.79085
0.16 7.04 -8.48068 -6.60842 -8.48068
0.16 7.2 -10.0477 0.812692 -10.0477
0.16 7.36 -9.27456 6.48613 -9.27456
0.16 7.52 -4.92955 12.9651 -4.92955
0.16 7.68 -4.10356 14.6203 -4.10356
0.16 7.84 -37.2804 -18.2224 -37.2804
0.32 0 -6.83478 12.6941 -6.83478
0.32 0.16 -7.57084 11.888 -7.57084
0.32 0.32 -3.96948 15.2253 -3.96948
0.32 0.48 -3.19848 15.4378 -3.19848
0.32 0.64 -2.75978 14.7609 -2.75978
0.32 0.8 -2.7314 12.4871 -2.7314
0.32 0.96 -3.03272 7.43497 -3.03272
0.32 1.12 -1.51424 0.673087 -1.51424
0.32 1.28 4.24705 -2.94968 4.24705
0.32 1.44 10.5312 -3.04535 10.5312
0.32 1.6 14.0489 -2.7616 14.0489
0.32 1.76 15.4121 -2.92817 15.4121
0.32 1.92 15.777 -3.29926 15.777
0.32 2.08 15.7912 -3.62529 15.7912
0.32 2.24 15.7603 -3.75832 15.7603
0.32 2.4 15.7753 -3.6476 15.7753
0.32 2.56 15.7582 -3.33204 15.7582
0.32 2.72 15.4125 -2.95161 15.4125
0.32 2.88 14.0595 -2.77293 14.0595
0.32 3.04 10.4295 -3.09511 10.4295
0.32 3.2 3.78746 -3.0871 3.78746
0.32 3.36 -2.19475 0.665935 -2.19475
0.32 3.52 -3.53254 7.6296 -3.53254
0.32 3.68 -3.0335 12.7128 -3.0335
0.32 3.84 -2.88893 14.9929 -2.88893
0.32 4 -3.08674 15.7686 -3.08674
0.32 4.16 -3.31286 15.9623 -3.31286
0.32 4.32 -3.38281 15.9905 -3.38281
0.32 4.48 -3.2507 15.948 -3.2507
0.32 4.64 -2.99031 15.6712 -2.99031
0.32 4.8 -2.83097 14.612 -2.83097
0.32 4.96 -3.13098 11.5889 -3.13098
0.32 5.12 -3.56872 5.34125 -3.56872
0.32 5.28 -0.933771 -1.56311 -0.933771
0.32 5.44 6.01902 -3.80903 6.01902
0.32 5.6 11.9297 -3.25376 11.9297
0.32 5.76 14.7633 -2.88536 14.7633
0.32 5.92 15.7892 -2.92274 15.7892
0.32 6.08 16.0785 -3.02649 16.0785
0.32 6.24 16.0592 -3.01888 16.0592
0.32 6.4 15.7037 -2.90856 15.7037
0.32 6.56 14.4834 -2.91003 14.4834
0.32 6.72 11.1277 -3.40334 11.1277
0.32 6.88 4.41813 -3.9029 4.41813
0.32 7.04 -2.38477 -0.717759 -2.38477
0.32 7.2 -4.01849 6.73496 -4.01849
0.32 7.36 -3.21624 12.5088 -3.21624
0.32 7.52 1.08962 18.9758 1.08962
0.32 7.68 1.49869 20.2231 1.49869
0.32 7.84 -29.1358 -10.0771 -29.1358
0.48 0 -6.88399 12.6503 -6.88399
0.48 0.16 -7.61117 11.8541 -7.61117
0.48 0.32 -4.03082 15.1737 -4.03082
0.48 0.48 -3.26007 15.3928 -3.26007
0.48 0.64 -2.81791 14.7328 -2.81791
0.48 0.8 -2.78353 12.4909 -2.78353
0.48 0.96 -3.09338 7.47245 -3.09338
0.48 1.12 -1.62646 0.687697 -1.62646
0.48 1.28 4.10555 -2.99917 4.10555
0.48 1.44 10.4258 -3.10966 10.4258
0.48 1.6 13.9781 -2.81789 13.9781
0.48 1.76 15.356 -2.97971 15.356
0.48 1.92 15.7251 -3.35043 15.7251
0.48 2.08 15.7394 -3.67858 15.7394
0.48 2.24 15.7081 -3.81441 15.7081
0.48 2.4 15.7236 -3.7071 15.7236
0.48 2.56 15.7115 -3.39345 15.7115
0.48 2.72 15.3804 -3.01164 15.3804
0.48 2.88 14.0624 -2.82524 14.0624
0.48 3.04 10.4925 -3.14091 10.4925
0.48 3.2 3.88055 -3.17576 3.88055
0.48 3.36 -2.1904 0.482052 -2.1904
0.48 3.52 -3.60148 7.4523 -3.60148
0.48 3.68 -3.10034 12.6007 -3.10034
0.48 3.84 -2.94499 14.9198 -2.94499
0.48 4 -3.13925 15.7103 -3.13925
0.48 4.16 -3.36638 15.9084 -3.36638
0.48 4.32 -3.43862 15.9385 -3.43862
0.48 4.48 -3.30907 15.899 -3.30907
0.48 4.64 -3.04897 15.6313 -3.04897
0.48 4.8 -2.88523 14.5951 -2.88523
0.48 4.96 -3.17753 11.6175 -3.17753
0.48 5.12 -3.63654 5.40739 -3.63654
0.48 5.28 -1.07987 -1.55282 -1.07987
0.48 5.44 5.85886 -3.87294 5.85886
0.48 5.6 11.8234 -3.32103 11.8234
0.48 5.76 14.6937 -2.94217 14.6937
0.48 5.92 15.7336 -2.97595 15.7336
0.48 6.08 16.0278 -3.08069 16.0278
0.48 6.24 16.0127 -3.07522 16.0127
0.48 6.4 15.6683 -2.96473 15.6683
0.48 6.56 14.4758 -2.96074 14.4758
0.48 6.72 11.1744 -3.44579 11.1744
0.48 6.88 4.50498 -3.9768 4.50498
0.48 7.04 -2.3752 -0.890053 -2.3752
0.48 7.2 -4.09038 6.55656 -4.09038
0.48 7.36 -3.28633 12.3963 -3.28633
0.48 7.52 1.02733 18.8982 1.02733
0.48 7.68 1.43273 20.151 1.43273
0.48 7.84 -29.1552 -10.0998 -29.1552
0.64 0 -6.89344 12.6442 -6.89344
0.64 0.16 -7.61607 11.8533 -7.61607
0.64 0.32 -4.03651 15.1744 -4.03651
0.64 0.48 -3.26501 15.399 -3.26501
0.64 0.64 -2.81995 14.7515 -2.81995
0.64 0.8 -2.78065 12.5339 -2.78065
0.64 0.96 -3.09514 7.54456 -3.09514
0.64 1.12 -1.66816 0.747703 -1.66816
0.64 1.28 4.03508 -2.98984 4.03508
0.64 1.44 10.3806 -3.11538 10.3806
0.64 1.6 13.9613 -2.81838 13.9613
0.64 1.76 15.3527 -2.97655 15.3527
0.64 1.92 15.7265 -3.34698 15.7265
0.64 2.08 15.7412 -3.67711 15.7412
0.64 2.24 15.7094 -3.81585 15.7094
0.64 2.4 15.725 -3.7117 15.725
0.64 2.56 15.7166 -3.39986 15.7166
0.64 2.72 15.3975 -3.01673 15.3975
0.64 2.88 14.1087 -2.82339 14.1087
0.64 3.04 10.5922 -3.13154 10.5922
0.64 3.2 4.01384 -3.20028 4.01384
0.64 3.36 -2.12953 0.370075 -2.12953
0.64 3.52 -3.61001 7.33797 -3.61001
0.64 3.68 -3.10982 12.5437 -3.10982
0.64 3.84 -2.94466 14.9005 -2.94466
0.64 4 -3.13538 15.7063 -3.13538
0.64 4.16 -3.36326 15.9093 -3.36326
0.64 4.32 -3.43795 15.941 -3.43795
0.64 4.48 -3.31093 15.9037 -3.31093
0.64 4.64 -3.05148 15.643 -3.05148
0.64 4.8 -2.88411 14.6258 -2.88411
0.64 4.96 -3.16932 11.6874 -3.16932
0.64 5.12 -3.64395 5.51546 -3.64395
0.64 5.28 -1.15807 -1.48747 -1.15807
0.64 5.44 5.75998 -3.87662 5.75998
0.64 5.6 11.7704 -3.33163 11.7704
0.64 5.76 14.6752 -2.9444 14.6752
0.64 5.92 15.7294 -2.97513 15.7294
0.64 6.08 16.0288 -3.08069 16.0288
0.64 6.24 16.0176 -3.07698 16.0176
0.64 6.4 15.6818 -2.9666 15.6818
0.64 6.56 14.5113 -2.95809 14.5113
0.64 6.72 11.2552 -3.43537 11.2552
0.64 6.88 4.62432 -3.98916 4.62432
0.64 7.04 -2.31452 -0.986171 -2.31452
0.64 7.2 -4.10115 6.44845 -4.10115
0.64 7.36 -3.29779 12.343 -3.29779
0.64 7.52 1.02682 18.8808 1.02682
0.64 7.68 1.43609 20.146 1.43609
0.64 7.84 -29.149 -10.099 -29.149
0.8 0 -6.89932 12.6403 -6.89932
0.8 0.16 -7.62122 11.8506 -7.62122
0.8 0.32 -4.04164 15.1733 -4.04164
0.8 0.48 -3.26937 15.402 -3.26937
0.8 0.64 -2.82162 14.764 -2.82162
0.8 0.8 -2.7777 12.5655 -2.7777
0.8 0.96 -3.09415 7.60073 -3.09415
0.8 1.12 -1.69738 0.798051 -1.69738
0.8 1.28 3.98034 -2.97882 3.98034
0.8 1.44 10.3436 -3.11781 10.3436
0.8 1.6 13.9471 -2.81722 13.9471
0.8 1.76 15.35 -2.97257 15.35
0.8 1.92 15.728 -3.34281 15.728
0.8 2.08 15.7435 -3.67459 15.7435
0.8 2.24 15.7111 -3.81604 15.7111
0.8 2.4 15.7265 -3.71478 15.7265
0.8 2.56 15.7208 -3.40475 15.7208
0.8 2.72 15.4113 -3.02068 15.4113
0.8 2.88 14.1471 -2.82136 14.1471
0.8 3.04 10.6776 -3.1221 10.6776
0.8 3.2 4.13268 -3.2181 4.13268
0.8 3.36 -2.0705 0.273906 -2.0705
0.8 3.52 -3.61474 7.23474 -3.61474
0.8 3.68 -3.11734 12.4903 -3.11734
0.8 3.84 -2.94393 14.8813 -2.94393
0.8 4 -3.13168 15.7014 -3.13168
0.8 4.16 -3.36045 15.9092 -3.36045
0.8 4.32 -3.43758 15.9422 -3.43758
0.8 4.48 -3.31283 15.9067 -3.31283
0.8 4.64 -3.05385 15.652 -3.05385
0.8 4.8 -2.88304 14.6513 -2.88304
0.8 4.96 -3.16118 11.748 -3.16118
0.8 5.12 -3.64759 5.6132 -3.64759
0.8 5.28 -1.22552 -1.42384 -1.22552
0.8 5.44 5.669 -3.8768 5.669
0.8 5.6 11.7193 -3.34023 11.7193
0.8 5.76 14.6564 -2.94572 14.6564
0.8 5.92 15.7246 -2.97355 15.7246
0.8 6.08 16.0291 -3.07981 16.0291
0.8 6.24 16.0211 -3.07782 16.0211
0.8 6.4 15.6918 -2.96796 15.6918
0.8 6.56 14.5387 -2.95607 14.5387
0.8 6.72 11.3195 -3.42659 11.3195
0.8 6.88 4.72312 -3.99717 4.72312
0.8 7.04 -2.26053 -1.06348 -2.26053
0.8 7.2 -4.10782 6.35749 -4.10782
0.8 7.36 -3.30661 12.2966 -3.30661
0.8 7.52 1.02715 18.865 1.02715
0.8 7.68 1.4404 20.1418 1.4404
0.8 7.84 -29.1439 -10.0996 -29.1439
0.96 0 -6.90335 12.6369 -6.90335
0.96 0.16 -7.6257 11.8474 -7.6257
0.96 0.32 -4.04589 15.1714 -4.04589
0.96 0.48 -3.27271 15.4033 -3.27271
0.96 0.64 -2.82284 14.7722 -2.82284
0.96 0.8 -2.77533 12.5878 -2.77533
0.96 0.96 -3.09255 7.64211 -3.09255
0.96 1.12 -1.71772 0.837195 -1.71772
0.96 1.28 3.93958 -2.96854 3.93958
0.96 1.44 10.3151 -3.11836 10.3151
0.96 1.6 13.9359 -2.81534 13.9359
0.96 1.76 15.3479 -2.96866 15.3479
0.96 1.92 15.7293 -3.33895 15.7293
0.96 2.08 15.7453 -3.67229 15.7453
0.96 2.24 15.7122 -3.81622 15.7122
0.96 2.4 15.7273 -3.71755 15.7273
0.96 2.56 15.7236 -3.40916 15.7236
0.96 2.72 15.4222 -3.02431 15.4222
0.96 2.88 14.179 -2.81976 14.179
0.96 3.04 10.7504 -3.11354 10.7504
0.96 3.2 4.23695 -3.23173 4.23695
0.96 3.36 -2.01599 0.191243 -2.01599
0.96 3.52 -3.61729 7.14306 -3.61729
0.96 3.68 -3.12317 12.4419 -3.12317
0.96 3.84 -2.94244 14.8638 -2.94244
0.96 4 -3.12749 15.6972 -3.12749
0.96 4.16 -3.35709 15.9093 -3.35709
0.96 4.32 -3.43651 15.9436 -3.43651
0.96 4.48 -3.31392 15.9095 -3.31392
0.96 4.64 -3.05552 15.6598 -3.05552
0.96 4.8 -2.88181 14.6732 -2.88181
0.96 4.96 -3.15353 11.8009 -3.15353
0.96 5.12 -3.64946 5.70075 -3.64946
0.96 5.28 -1.2846 -1.36439 -1.2846
0.96 5.44 5.58597 -3.87551 5.58597
0.96 5.6 11.6711 -3.34772 11.6711
0.96 5.76 14.638 -2.94678 14.638
0.96 5.92 15.7193 -2.9719 15.7193
0.96 6.08 16.0286 -3.07882 16.0286
0.96 6.24 16.0231 -3.07856 16.0231
0.96 6.4 15.6988 -2.96943 15.6988
0.96 6.56 14.5593 -2.95503 14.5593
0.96 6.72 11.3699 -3.41991 11.3699
0.96 6.88 4.80275 -4.00294 4.80275
0.96 7.04 -2.21513 -1.12514 -2.21513
0.96 7.2 -4.11198 6.28321 -4.11198
0.96 7.36 -3.31282 12.2584 -3.31282
0.96 7.52 1.02859 18.8523 1.02859
0.96 7.68 1.44507 20.1388 1.44507
0.96 7.84 -29.1385 -10.0995 -29.1385
1.12 0 -6.92562 12.6146 -6.92562
1.12 0.16 -7.62917 11.8446 -7.62917
1.12 0.32 -4.0496 15.1692 -4.0496
1.12 0.48 -3.27588 15.4032 -3.27588
1.12 0.64 -2.82455 14.7767 -2.82455
1.12 0.8 -2.77443 12.6021 -2.77443
1.12 0.96 -3.09171 7.67029 -3.09171
1.12 1.12 -1.73177 0.865173 -1.73177
1.12 1.28 3.91055 -2.96041 3.91055
1.12 1.44 10.2943 -3.11816 10.2943
1.12 1.6 13.9275 -2.81349 13.9275
1.12 1.76 15.3461 -2.96544 15.3461
1.12 1.92 15.73 -3.33597 15.73
1.12 2.08 15.7461 -3.67083 15.7461
1.12 2.24 15.7123 -3.81702 15.7123
1.12 2.4 15.727 -3.7207 15.727
1.12 2.56 15.7249 -3.41377 15.7249
1.12 2.72 15.4301 -3.02832 15.4301
1.12 2.88 14.2046 -2.8193 14.2046
1.12 3.04 10.8111 -3.10685 10.8111
1.12 3.2 4.32612 -3.24311 4.32612
1.12 3.36 -1.968 0.1203 -1.968
1.12 3.52 -3.6192 7.06277 -3.6192
1.12 3.68 -3.12836 12.399 -3.12836
1.12 3.84 -2.94118 14.8483 -2.94118
1.12 4 -3.1237 15.6936 -3.1237
1.12 4.16 -3.35401 15.9097 -3.35401
1.12 4.32 -3.43553 15.945 -3.43553
1.12 4.48 -3.31502 15.912 -3.31502
1.12 4.64 -3.05733 15.6664 -3.05733
1.12 4.8 -2.88122 14.6919 -2.88122
1.12 4.96 -3.14721 11.847 -3.14721
1.12 5.12 -3.65098 5.7785 -3.65098
1.12 5.28 -1.33722 -1.31037 -1.33722
1.12 5.44 5.51021 -3.87415 5.51021
1.12 5.6 11.6262 -3.35491 11.6262
1.12 5.76 14.6201 -2.94815 14.6201
1.12 5.92 15.7136 -2.97072 15.7136
1.12 6.08 16.0272 -3.07822 16.0272
1.12 6.24 16.0237 -3.07962 16.0237
1.12 6.4 15.7032 -2.97136 15.7032
1.12 6.56 14.5741 -2.95527 14.5741
1.12 6.72 11.4078 -3.41578 11.4078
1.12 6.88 4.86416 -4.00805 4.86416
1.12 7.04 -2.17942 -1.1737 -2.17942
1.12 7.2 -4.11513 6.2244 -4.11513
1.12 7.36 -3.31753 12.2283 -3.31753
1.12 7.52 1.03004 18.8427 1.03004
1.12 7.68 1.44933 20.1372 1.44933
1.12 7.84 -29.1337 -10.0988 -29.1337
1.28 0 -6.97772 12.5619 -6.97772
1.28 0.16 -7.63151 11.8422 -7.63151
1.28 0.32 -4.05269 15.1667 -4.05269
1.28 0.48 -3.27875 15.4017 -3.27875
1.28 0.64 -2.82651 14.7781 -2.82651
1.28 0.8 -2.77449 12.6097 -2.77449
1.28 0.96 -3.09107 7.68753 -3.09107
1.28 1.12 -1.73958 0.883924 -1.73958
1.28 1.28 3.89331 -2.9533 3.89331
1.28 1.44 10.282 -3.1161 10.282
1.28 1.6 13.9232 -2.81054 13.9232
1.28 1.76 15.3461 -2.96184 15.3461
1.28 1.92 15.7312 -3.33296 15.7312
1.28 2.08 15.7471 -3.6694 15.7471
1.28 2.24 15.7123 -3.81772 15.7123
1.28 2.4 15.7265 -3.72348 15.7265
1.28 2.56 15.7258 -3.41775 15.7258
1.28 2.72 15.4366 -3.03168 15.4366
1.28 2.88 14.2261 -2.81868 14.2261
1.28 3.04 10.8626 -3.10059 10.8626
1.28 3.2 4.40263 -3.25148 4.40263
1.28 3.36 -1.92562 0.0609965 -1.92562
1.28 3.52 -3.62005 6.99403 -3.62005
1.28 3.68 -3.13259 12.3617 -3.13259
1.28 3.84 -2.94 14.8345 -2.94
1.28 4 -3.12035 15.6902 -3.12035
1.28 4.16 -3.35136 15.9098 -3.35136
1.28 4.32 -3.43481 15.9459 -3.43481
1.28 4.48 -3.31629 15.9136 -3.31629
1.28 4.64 -3.05931 15.6715 -3.05931
1.28 4.8 -2.88112 14.7077 -2.88112
1.28 4.96 -3.14188 11.8871 -3.14188
1.28 5.12 -3.65186 5.84737 -3.65186
1.28 5.28 -1.38295 -1.26115 -1.38295
1.28 5.44 5.44307 -3.8718 5.44307
1.28 5.6 11.5861 -3.36058 11.5861
1.28 5.76 14.6043 -2.94874 14.6043
1.28 5.92 15.7087 -2.96908 15.7087
1.28 6.08 16.0261 -3.07714 16.0261
1.28 6.24 16.0242 -3.08008 16.0242
1.28 6.4 15.7064 -2.97274 15.7064
1.28 6.56 14.5851 -2.95548 14.5851
1.28 6.72 11.4363 -3.41266 11.4363
1.28 6.88 4.91078 -4.01165 4.91078
1.28 7.04 -2.15187 -1.21014 -2.15187
1.28 7.2 -4.11712 6.17988 -4.11712
1.28 7.36 -3.32066 12.2056 -3.32066
1.28 7.52 1.03179 18.8358 1.03179
1.28 7.68 1.45322 20.1363 1.45322
1.28 7.84 -29.1296 -10.0979 -29.1296
1.44 0 -7.02488 12.5141 -7.02488
1.44 0.16 -7.63283 11.8406 -7.63283
1.44 0.32 -4.0542 15.1652 -4.0542
1.44 0.48 -3.27982 15.4011 -3.27982
1.44 0.64 -2.82683 14.779 -2.82683
1.44 0.8 -2.77346 12.6141 -2.77346
1.44 0.96 -3.08915 7.69747 -3.08915
1.44 1.12 -1.74162 0.895563 -1.74162
1.44 1.28 3.88579 -2.94748 3.88579
1.44 1.44 10.2763 -3.11342 10.2763
1.44 1.6 13.9213 -2.80782 13.9213
1.44 1.76 15.3463 -2.95907 15.3463
1.44 1.92 15.7319 -3.33095 15.7319
1.44 2.08 15.7473 -3.66884 15.7473
1.44 2.24 15.7116 -3.81906 15.7116
1.44 2.4 15.7251 -3.72667 15.7251
1.44 2.56 15.7254 -3.42205 15.7254
1.44 2.72 15.4409 -3.03547 15.4409
1.44 2.88 14.243 -2.81902 14.243
1.44 3.04 10.9048 -3.0957 10.9048
1.44 3.2 4.46685 -3.2577 4.46685
1.44 3.36 -1.88846 0.0129408 -1.88846
1.44 3.52 -3.61885 6.93785 -3.61885
1.44 3.68 -3.13432 12.3319 -3.13432
1.44 3.84 -2.93726 14.8244 -2.93726
1.44 4 -3.1159 15.6888 -3.1159
1.44 4.16 -3.34768 15.9112 -3.34768
1.44 4.32 -3.43293 15.9479 -3.43293
1.44 4.48 -3.31619 15.9162 -3.31619
1.44 4.64 -3.05981 15.6772 -3.05981
1.44 4.8 -2.87971 14.7228 -2.87971
1.44 4.96 -3.13579 11.9236 -3.13579
1.44 5.12 -3.65113 5.90944 -3.65113
1.44 5.28 -1.42212 -1.21624 -1.42212
1.44 5.44 5.38365 -3.86912 5.38365
1.44 5.6 11.55 -3.36577 11.55
1.44 5.76 14.5896 -2.94965 14.5896
1.44 5.92 15.7036 -2.96808 15.7036
1.44 6.08 16.0244 -3.0766 16.0244
1.44 6.24 16.0237 -3.08092 16.0237
1.44 6.4 15.7077 -2.97455 15.7077
1.44 6.56 14.592 -2.95657 14.592
1.44 6.72 11.4561 -3.41117 11.4561
1.44 6.88 4.94412 -4.01442 4.94412
1.44 7.04 -2.13137 -1.23563 -2.13137
1.44 7.2 -4.11711 6.14938 -4.11711
1.44 7.36 -3.32089 12.1914 -3.32089
1.44 7.52 1.03543 18.8333 1.03543
1.44 7.68 1.4583 20.1381 1.4583
1.44 7.84 -29.1249 -10.0957 -29.1249
1.6 0 -7.0496 12.4887 -7.0496
1.6 0.16 -7.63454 11.8385 -7.63454
1.6 0.32 -4.05641 15.1626 -4.05641
1.6 0.48 -3.2819 15.3986 -3.2819
1.6 0.64 -2.82852 14.777 -2.82852
1.6 0.8 -2.77444 12.6131 -2.77444
1.6 0.96 -3.08902 7.6985 -3.08902
1.6 1.12 -1.74124 0.898778 -1.74124
1.6 1.28 3.88496 -2.9445 3.88496
1.6 1.44 10.2755 -3.11115 10.2755
1.6 1.6 13.9215 -2.80567 13.9215
1.6 1.76 15.3471 -2.95716 15.3471
1.6 1.92 15.7325 -3.32978 15.7325
1.6 2.08 15.7472 -3.66896 15.7472
1.6 2.24 15.7105 -3.82084 15.7105
1.6 2.4 15.7234 -3.73008 15.7234
1.6 2.56 15.7244 -3.42648 15.7244
1.6 2.72 15.4435 -3.03957 15.4435
1.6 2.88 14.2557 -2.82039 14.2557
1.6 3.04 10.9381 -3.09278 10.9381
1.6 3.2 4.51861 -3.26362 4.51861
1.6 3.36 -1.85846 -0.0273079 -1.85846
1.6 3.52 -3.6186 6.89046 -3.6186
1.6 3.68 -3.1366 12.3061 -3.1366
1.6 3.84 -2.9358 14.8151 -2.9358
1.6 4 -3.11305 15.6868 -3.11305
1.6 4.16 -3.34553 15.9114 -3.34553
1.6 4.32 -3.43243 15.9485 -3.43243
1.6 4.48 -3.31736 15.9172 -3.31736
1.6 4.64 -3.06162 15.6808 -3.06162
1.6 4.8 -2.87996 14.7345 -2.87996
1.6 4.96 -3.13193 11.9539 -3.13193
1.6 5.12 -3.65167 5.96243 -3.65167
1.6 5.28 -1.45727 -1.17767 -1.45727
1.6 5.44 5.3306 -3.86748 5.3306
1.6 5.6 11.5174 -3.37099 11.5174
1.6 5.76 14.5761 -2.95095 14.5761
1.6 5.92 15.6987 -2.96754 15.6987
1.6 6.08 16.0226 -3.0764 16.0226
1.6 6.24 16.0227 -3.08195 16.0227
1.6 6.4 15.7078 -2.97661 15.7078
1.6 6.56 14.5957 -2.9585 14.5957
1.6 6.72 11.4682 -3.41159 11.4682
1.6 6.88 4.96515 -4.01776 4.96515
1.6 7.04 -2.11887 -1.25387 -2.11887
1.6 7.2 -4.1179 6.12836 -4.1179
1.6 7.36 -3.32148 12.1817 -3.32148
1.6 7.52 1.03744 18.8314 1.03744
1.6 7.68 1.46148 20.1391 1.46148
1.6 7.84 -29.1212 -10.0935 -29.1212
1.76 0 -7.05939 12.4783 -7.05939
1.76 0.16 -7.63617 11.8363 -7.63617
1.76 0.32 -4.05806 15.1604 -4.05806
1.76 0.48 -3.28354 15.3961 -3.28354
1.76 0.64 -2.83011 14.7739 -2.83011
1.76 0.8 -2.77585 12.6089 -2.77585
1.76 0.96 -3.08919 7.69356 -3.08919
1.76 1.12 -1.73775 0.896315 -1.73775
1.76 1.28 3.89079 -2.94266 3.89079
1.76 1.44 10.2799 -3.10811 10.2799
1.76 1.6 13.9243 -2.803 13.9243
1.76 1.76 15.3491 -2.955 15.3491
1.76 1.92 15.734 -3.32834 15.734
1.76 2.08 15.7478 -3.6686 15.7478
1.76 2.24 15.7102 -3.8219 15.7102
1.76 2.4 15.7224 -3.73254 15.7224
1.76 2.56 15.7238 -3.42988 15.7238
1.76 2.72 15.4457 -3.0428 15.4457
1.76 2.88 14.266 -2.82143 14.266
1.76 3.04 10.9651 -3.09027 10.9651
1.76 3.2 4.56066 -3.26799 4.56066
1.76 3.36 -1.83367 -0.0593432 -1.83367
1.76 3.52 -3.61801 6.85231 -3.61801
1.76 3.68 -3.13816 12.2854 -3.13816
1.76 3.84 -2.93432 14.8078 -2.93432
1.76 4 -3.11046 15.6854 -3.11046
1.76 4.16 -3.34359 15.9119 -3.34359
1.76 4.32 -3.43198 15.9491 -3.43198
1.76 4.48 -3.31843 15.9181 -3.31843
1.76 4.64 -3.06335 15.6838 -3.06335
1.76 4.8 -2.88038 14.7445 -2.88038
1.76 4.96 -3.12874 11.9801 -3.12874
1.76 5.12 -3.65205 6.00846 -3.65205
1.76 5.28 -1.48736 -1.14366 -1.48736
1.76 5.44 5.28489 -3.86545 5.28489
1.76 5.6 11.4895 -3.37499 11.4895
1.76 5.76 14.5649 -2.95147 14.5649
1.76 5.92 15.6952 -2.96638 15.6952
1.76 6.08 16.0217 -3.07548 16.0217
1.76 6.24 16.0225 -3.08212 16.0225
1.76 6.4 15.708 -2.97782 15.708
1.76 6.56 14.5979 -2.95995 14.5979
1.76 6.72 11.4753 -3.41231 11.4753
1.76 6.88 4.97739 -4.02021 4.97739
1.76 7.04 -2.11173 -1.26481 -2.11173
1.76 7.2 -4.11818 6.11649 -4.11818
1.76 7.36 -3.3212 12.1769 -3.3212
1.76 7.52 1.03957 18.8314 1.03957
1.76 7.68 1.46443 20.141 1.46443
1.76 7.84 -29.1182 -10.0912 -29.1182
1.92 0 -7.06276 12.4744 -7.06276
1.92 0.16 -7.63799 11.8339 -7.63799
1.92 0.32 -4.05989 15.1576 -4.05989
1.92 0.48 -3.28541 15.3928 -3.28541
1.92 0.64 -2.83208 14.7693 -2.83208
1.92 0.8 -2.77789 12.6018 -2.77789
1.92 0.96 -3.08977 7.68383 -3.08977
1.92 1.12 -1.73202 0.889325 -1.73202
1.92 1.28 3.90155 -2.94188 3.90155
1.92 1.44 10.2881 -3.10463 10.2881
1.92 1.6 13.9289 -2.80012 13.9289
1.92 1.76 15.3516 -2.95296 15.3516
1.92 1.92 15.7353 -3.32716 15.7353
1.92 2.08 15.7482 -3.66848 15.7482
1.92 2.24 15.7096 -3.823 15.7096
1.92 2.4 15.7213 -3.73481 15.7213
1.92 2.56 15.723 -3.43286 15.723
1.92 2.72 15.4472 -3.04557 15.4472
1.92 2.88 14.2739 -2.82239 14.2739
1.92 3.04 10.9862 -3.08833 10.9862
1.92 3.2 4.59381 -3.27133 4.59381
1.92 3.36 -1.81394 -0.0845712 -1.81394
1.92 3.52 -3.61756 6.82185 -3.61756
1.92 3.68 -3.13963 12.2685 -3.13963
1.92 3.84 -2.93357 14.8014 -2.93357
1.92 4 -3.10905 15.6834 -3.10905
1.92 4.16 -3.34292 15.9112 -3.34292
1.92 4.32 -3.43269 15.9485 -3.43269
1.92 4.48 -3.32047 15.9177 -3.32047
1.92 4.64 -3.06588 15.6853 -3.06588
1.92 4.8 -2.88164 14.7521 -2.88164
1.92 4.96 -3.12667 12.0019 -3.12667
1.92 5.12 -3.65273 6.04774 -3.65273
1.92 5.28 -1.51334 -1.11426 -1.51334
1.92 5.44 5.24544 -3.86346 5.24544
1.92 5.6 11.4656 -3.37814 11.4656
1.92 5.76 14.5554 -2.95157 14.5554
1.92 5.92 15.6923 -2.96503 15.6923
1.92 6.08 16.0209 -3.07436 16.0209
1.92 6.24 16.0221 -3.08195 16.0221
1.92 6.4 15.7078 -2.97863 15.7078
1.92 6.56 14.5983 -2.96125 14.5983
1.92 6.72 11.4778 -3.41352 11.4778
1.92 6.88 4.98201 -4.02235 4.98201
1.92 7.04 -2.10951 -1.27036 -2.10951
1.92 7.2 -4.11872 6.1113 -4.11872
1.92 7.36 -3.32105 12.1751 -3.32105
1.92 7.52 1.04064 18.8317 1.04064
1.92 7.68 1.46581 20.1419 1.46581
1.92 7.84 -29.1167 -10.0899 -29.1167
2.08 0 -7.06323 12.4733 -7.06323
2.08 0.16 -7.63901 11.8322 -7.63901
2.08 0.32 -4.06097 15.1555 -4.06097
2.08 0.48 -3.28644 15.39 -3.28644
2.08 0.64 -2.83333 14.7648 -2.83333
2.08 0.8 -2.77964 12.5936 -2.77964
2.08 0.96 -3.09033 7.67096 -3.09033
2.08 1.12 -1.72488 0.878831 -1.72488
2.08 1.28 3.91531 -2.9425 3.91531
2.08 1.44 10.2984 -3.10158 10.2984
2.08 1.6 13.9341 -2.79776 13.9341
2.08 1.76 15.3541 -2.95156 15.3541
2.08 1.92 15.7363 -3.32661 15.7363
2.08 2.08 15.7481 -3.66887 15.7481
2.08 2.24 15.7086 -3.82444 15.7086
2.08 2.4 15.7197 -3.73723 15.7197
2.08 2.56 15.7216 -3.43587 15.7216
2.08 2.72 15.4476 -3.04842 15.4476
2.08 2.88 14.2792 -2.82385 14.2792
2.08 3.04 11.0017 -3.08753 11.0017
2.08 3.2 4.61887 -3.27433 4.61887
2.08 3.36 -1.79866 -0.104061 -1.79866
2.08 3.52 -3.6168 6.79854 -3.6168
2.08 3.68 -3.14017 12.2558 -3.14017
2.08 3.84 -2.93229 14.7969 -2.93229
2.08 4 -3.10731 15.6825 -3.10731
2.08 4.16 -3.34189 15.9111 -3.34189
2.08 4.32 -3.43291 15.9484 -3.43291
2.08 4.48 -3.32184 15.9177 -3.32184
2.08 4.64 -3.0677 15.687 -3.0677
2.08 4.8 -2.88243 14.759 -2.88243
2.08 4.96 -3.1247 12.0208 -3.1247
2.08 5.12 -3.65326 6.08144 -3.65326
2.08 5.28 -1.53581 -1.08917 -1.53581
2.08 5.44 5.21109 -3.8621 5.21109
2.08 5.6 11.4445 -3.3812 11.4445
2.08 5.76 14.5469 -2.95186 14.5469
2.08 5.92 15.6896 -2.96397 15.6896
2.08 6.08 16.02 -3.07346 16.02
2.08 6.24 16.0214 -3.0819 16.0214
2.08 6.4 15.7068 -2.97952 15.7068
2.08 6.56 14.5971 -2.96289 14.5971
2.08 6.72 11.4765 -3.41562 11.4765
2.08 6.88 4.98036 -4.02459 4.98036
2.08 7.04 -2.11102 -1.27162 -2.11102
2.08 7.2 -4.11885 6.11197 -4.11885
2.08 7.36 -3.32003 12.1768 -3.32003
2.08 7.52 1.04212 18.8335 1.04212
2.08 7.68 1.46741 20.1437 1.46741
2.08 7.84 -29.1149 -10.088 -29.1149
2.24 0 -7.06274 12.4734 -7.06274
2.24 0.16 -7.63894 11.8318 -7.63894
2.24 0.32 -4.06038 15.1553 -4.06038
2.24 0.48 -3.28575 15.3891 -3.28575
2.24 0.64 -2.83295 14.7618 -2.83295
2.24 0.8 -2.78001 12.5861 -2.78001
2.24 0.96 -3.08967 7.65752 -3.08967
2.24 1.12 -1.71571 0.867376 -1.71571
2.24 1.28 3.93194 -2.943 3.93194
2.24 1.44 10.3108 -3.09804 10.3108
2.24 1.6 13.9405 -2.7951 13.9405
2.24 1.76 15.3571 -2.95001 15.3571
2.24 1.92 15.7376 -3.3259 15.7376
2.24 2.08 15.7482 -3.66901 15.7482
2.24 2.24 15.7079 -3.82549 15.7079
2.24 2.4 15.7184 -3.73909 15.7184
2.24 2.56 15.7205 -3.43821 15.7205
2.24 2.72 15.4478 -3.05062 15.4478
2.24 2.88 14.2832 -2.82491 14.2832
2.24 3.04 11.0134 -3.08666 11.0134
2.24 3.2 4.63826 -3.27579 4.63826
2.24 3.36 -1.78585 -0.117232 -1.78585
2.24 3.52 -3.61442 6.78288 -3.61442
2.24 3.68 -3.1386 12.2483 -3.1386
2.24 3.84 -2.92933 14.7958 -2.92933
2.24 4 -3.10404 15.684 -3.10404
2.24 4.16 -3.3393 15.9134 -3.3393
2.24 4.32 -3.43143 15.9505 -3.43143
2.24 4.48 -3.32142 15.9198 -3.32142
2.24 4.64 -3.06773 15.6903 -3.06773
2.24 4.8 -2.88162 14.7667 -2.88162
2.24 4.96 -3.12159 12.0387 -3.12159
2.24 5.12 -3.65242 6.11177 -3.65242
2.24 5.28 -1.5541 -1.06654 -1.5541
2.24 5.44 5.18213 -3.86026 5.18213
2.24 5.6 11.4267 -3.38337 11.4267
2.24 5.76 14.54 -2.95165 14.54
2.24 5.92 15.6876 -2.96254 15.6876
2.24 6.08 16.0196 -3.07213 16.0196
2.24 6.24 16.0211 -3.0813 16.0211
2.24 6.4 15.7059 -2.97982 15.7059
2.24 6.56 14.5952 -2.96405 14.5952
2.24 6.72 11.4729 -3.41749 11.4729
2.24 6.88 4.97498 -4.02571 4.97498
2.24 7.04 -2.11408 -1.26814 -2.11408
2.24 7.2 -4.11726 6.11874 -4.11726
2.24 7.36 -3.31697 12.1828 -3.31697
2.24 7.52 1.04532 18.8383 1.04532
2.24 7.68 1.47061 20.148 1.47061
2.24 7.84 -29.1128 -10.0851 -29.1128
2.4 0 -7.0624 12.4735 -7.0624
2.4 0.16 -7.63873 11.8317 -7.63873
2.4 0.32 -4.06017 15.1548 -4.06017
2.4 0.48 -3.28568 15.3875 -3.28568
2.4 0.64 -2.83333 14.7578 -2.83333
2.4 0.8 -2.78119 12.5772 -2.78119
2.4 0.96 -3.08966 7.64234 -3.08966
2.4 1.12 -1.70638 0.854315 -1.70638
2.4 1.28 3.94943 -2.94423 3.94943
2.4 1.44 10.3236 -3.09492 10.3236
2.4 1.6 13.9467 -2.79293 13.9467
2.4 1.76 15.3599 -2.94888 15.3599
2.4 1.92 15.7387 -3.32544 15.7387
2.4 2.08 15.7483 -3.66917 15.7483
2.4 2.24 15.7073 -3.82637 15.7073
2.4 2.4 15.7173 -3.74069 15.7173
2.4 2.56 15.7192 -3.44034 15.7192
2.4 2.72 15.4473 -3.0528 15.4473
2.4 2.88 14.2853 -2.82632 14.2853
2.4 3.04 11.0214 -3.08653 11.0214
2.4 3.2 4.65215 -3.27707 4.65215
2.4 3.36 -1.77644 -0.126932 -1.77644
2.4 3.52 -3.61262 6.77127 -3.61262
2.4 3.68 -3.13746 12.2427 -3.13746
2.4 3.84 -2.92722 14.7948 -2.92722
2.4 4 -3.1018 15.6851 -3.1018
2.4 4.16 -3.3377 15.9148 -3.3377
2.4 4.32 -3.43082 15.9518 -3.43082
2.4 4.48 -3.32172 15.9211 -3.32172
2.4 4.64 -3.06842 15.6926 -3.06842
2.4 4.8 -2.8816 14.7726 -2.8816
2.4 4.96 -3.11953 12.0534 -3.11953
2.4 5.12 -3.6521 6.13724 -3.6521
2.4 5.28 -1.56992 -1.04743 -1.56992
2.4 5.44 5.15713 -3.85885 5.15713
2.4 5.6 11.4112 -3.38543 11.4112
2.4 5.76 14.5338 -2.95162 14.5338
2.4 5.92 15.6858 -2.96134 15.6858
2.4 6.08 16.0192 -3.07091 16.0192
2.4 6.24 16.0207 -3.0807 16.0207
2.4 6.4 15.7047 -2.98014 15.7047
2.4 6.56 14.5924 -2.96538 14.5924
2.4 6.72 11.4672 -3.41975 11.4672
2.4 6.88 4.96634 -4.02681 4.96634
2.4 7.04 -2.11933 -1.26267 -2.11933
2.4 7.2 -4.1162 6.12776 -4.1162
2.4 7.36 -3.31461 12.1893 -3.31461
2.4 7.52 1.04728 18.8425 1.04728
2.4 7.68 1.47236 20.1512 1.47236
2.4 7.84 -29.1116 -10.0827 -29.1116
2.56 0 -7.06156 12.4742 -7.06156
2.56 0.16 -7.6386 11.8315 -7.6386
2.56 0.32 -4.0604 15.1538 -4.0604
2.56 0.48 -3.28613 15.3853 -3.28613
2.56 0.64 -2.8343 14.7532 -2.8343
2.56 0.8 -2.78309 12.5675 -2.78309
2.56 0.96 -3.09049 7.62589 -3.09049
2.56 1.12 -1.69768 0.839842 -1.69768
2.56 1.28 3.96668 -2.94645 3.96668
2.56 1.44 10.3362 -3.09248 10.3362
2.56 1.6 13.9526 -2.79135 13.9526
2.56 1.76 15.3622 -2.94828 15.3622
2.56 1.92 15.7394 -3.32537 15.7394
2.56 2.08 15.7481 -3.66956 15.7481
2.56 2.24 15.7064 -3.82732 15.7064
2.56 2.4 15.7158 -3.74228 15.7158
2.56 2.56 15.7176 -3.44244 15.7176
2.56 2.72 15.4461 -3.05504 15.4461
2.56 2.88 14.2861 -2.82806 14.2861
2.56 3.04 11.0264 -3.08716 11.0264
2.56 3.2 4.66165 -3.2787 4.66165
2.56 3.36 -1.77006 -0.134677 -1.77006
2.56 3.52 -3.6117 6.76221 -3.6117
2.56 3.68 -3.13693 12.2382 -3.13693
2.56 3.84 -2.92595 14.7939 -2.92595
2.56 4 -3.10053 15.6855 -3.10053
2.56 4.16 -3.33706 15.9156 -3.33706
2.56 4.32 -3.43106 15.9523 -3.43106
2.56 4.48 -3.32272 15.9216 -3.32272
2.56 4.64 -3.06971 15.694 -3.06971
2.56 4.8 -2.88228 14.7771 -2.88228
2.56 4.96 -3.11852 12.0651 -3.11852
2.56 5.12 -3.6526 6.15802 -3.6526
2.56 5.28 -1.58402 -1.03198 -1.58402
2.56 5.44 5.13533 -3.85825 5.13533
2.56 5.6 11.3975 -3.38761 11.3975
2.56 5.76 14.5281 -2.95189 14.5281
2.56 5.92 15.6839 -2.9605 15.6839
2.56 6.08 16.0185 -3.06997 16.0185
2.56 6.24 16.0199 -3.08028 16.0199
2.56 6.4 15.703 -2.98059 15.703
2.56 6.56 14.5889 -2.96691 14.5889
2.56 6.72 11.4601 -3.42241 11.4601
2.56 6.88 4.95548 -4.02828 4.95548
2.56 7.04 -2.12634 -1.25665 -2.12634
2.56 7.2 -4.11599 6.13749 -4.11599
2.56 7.36 -3.31305 12.1958 -3.31305
2.56 7.52 1.04812 18.846 1.04812
2.56 7.68 1.47263 20.1532 1.47263
2.56 7.84 -29.1109 -10.0808 -29.1109
2.72 0 -7.05784 12.4778 -7.05784
2.72 0.16 -7.63864 11.8312 -7.63864
2.72 0.32 -4.06029 15.1531 -4.06029
2.72 0.48 -3.28633 15.3834 -3.28633
2.72 0.64 -2.83514 14.7487 -2.83514
2.72 0.8 -2.78482 12.558 -2.78482
2.72 0.96 -3.09099 7.60984 -3.09099
2.72 1.12 -1.68841 0.825994 -1.68841
2.72 1.28 3.98486 -2.94786 3.98486
2.72 1.44 10.35 -3.08911 10.35
2.72 1.6 13.9597 -2.78888 13.9597
2.72 1.76 15.3655 -2.94695 15.3655
2.72 1.92 15.7408 -3.32473 15.7408
2.72 2.08 15.7486 -3.66947 15.7486
2.72 2.24 15.7061 -3.82776 15.7061
2.72 2.4 15.7152 -3.7432 15.7152
2.72 2.56 15.7169 -3.44364 15.7169
2.72 2.72 15.446 -3.05617 15.446
2.72 2.88 14.2876 -2.8286 14.2876
2.72 3.04 11.0313 -3.08672 11.0313
2.72 3.2 4.66993 -3.27905 4.66993
2.72 3.36 -1.7644 -0.139957 -1.7644
2.72 3.52 -3.61051 6.75558 -3.61051
2.72 3.68 -3.13621 12.2349 -3.13621
2.72 3.84 -2.92474 14.7932 -2.92474
2.72 4 -3.09936 15.6859 -3.09936
2.72 4.16 -3.33641 15.9162 -3.33641
2.72 4.32 -3.43117 15.9527 -3.43117
2.72 4.48 -3.32351 15.922 -3.32351
2.72 4.64 -3.0708 15.695 -3.0708
2.72 4.8 -2.88286 14.7807 -2.88286
2.72 4.96 -3.1176 12.0749 -3.1176
2.72 5.12 -3.65272 6.17569 -3.65272
2.72 5.28 -1.59519 -1.01844 -1.59519
2.72 5.44 5.118 -3.8569 5.118
2.72 5.6 11.3871 -3.38852 11.3871
2.72 5.76 14.5244 -2.95127 14.5244
2.72 5.92 15.6831 -2.95907 15.6831
2.72 6.08 16.0187 -3.06853 16.0187
2.72 6.24 16.02 -3.07928 16.02
2.72 6.4 15.7023 -2.98025 15.7023
2.72 6.56 14.5864 -2.96743 14.5864
2.72 6.72 11.4539 -3.42396 11.4539
2.72 6.88 4.94525 -4.02862 4.94525
2.72 7.04 -2.13286 -1.24946 -2.13286
2.72 7.2 -4.1154 6.14795 -4.1154
2.72 7.36 -3.31139 12.2024 -3.31139
2.72 7.52 1.04925 18.8496 1.04925
2.72 7.68 1.47331 20.1554 1.47331
2.72 7.84 -29.111 -10.0797 -29.111
2.88 0 -7.045 12.4906 -7.045
2.88 0.16 -7.63936 11.8301 -7.63936
2.88 0.32 -4.0613 15.1513 -4.0613
2.88 0.48 -3.2876 15.3804 -3.2876
2.88 0.64 -2.83684 14.7435 -2.83684
2.88 0.8 -2.78722 12.5482 -2.78722
2.88 0.96 -3.09206 7.59416 -3.09206
2.88 1.12 -1.68011 0.812648 -1.68011
2.88 1.28 4.00172 -2.94944 4.00172
2.88 1.44 10.363 -3.08613 10.363
2.88 1.6 13.9665 -2.78666 13.9665
2.88 1.76 15.3689 -2.94572 15.3689
2.88 1.92 15.7426 -3.32411 15.7426
2.88 2.08 15.7494 -3.66934 15.7494
2.88 2.24 15.7063 -3.8281 15.7063
2.88 2.4 15.715 -3.74393 15.715
2.88 2.56 15.7166 -3.44458 15.7166
2.88 2.72 15.4463 -3.05705 15.4463
2.88 2.88 14.2891 -2.82904 14.2891
2.88 3.04 11.0354 -3.08643 11.0354
2.88 3.2 4.6764 -3.27943 4.6764
2.88 3.36 -1.76018 -0.144382 -1.76018
2.88 3.52 -3.61009 6.7497 -3.61009
2.88 3.68 -3.13642 12.2312 -3.13642
2.88 3.84 -2.9247 14.7915 -2.9247
2.88 4 -3.09947 15.685 -3.09947
2.88 4.16 -3.33702 15.9153 -3.33702
2.88 4.32 -3.43243 15.9517 -3.43243
2.88 4.48 -3.32535 15.9209 -3.32535
2.88 4.64 -3.07287 15.6946 -3.07287
2.88 4.8 -2.8844 14.7826 -2.8844
2.88 4.96 -3.1177 12.0824 -3.1177
2.88 5.12 -3.65344 6.1901 -3.65344
2.88 5.28 -1.60506 -1.00719 -1.60506
2.88 5.44 5.10309 -3.85592 5.10309
2.88 5.6 11.3783 -3.38937 11.3783
2.88 5.76 14.5214 -2.95069 14.5214
2.88 5.92 15.6829 -2.95771 15.6829
2.88 6.08 16.0194 -3.06711 16.0194
2.88 6.24 16.0205 -3.07821 16.0205
2.88 6.4 15.702 -2.97981 15.702
2.88 6.56 14.5842 -2.96786 14.5842
2.88 6.72 11.448 -3.42549 11.448
2.88 6.88 4.93497 -4.02905 4.93497
2.88 7.04 -2.13967 -1.2426 -2.13967
2.88 7.2 -4.11544 6.15762 -4.11544
2.88 7.36 -3.3107 12.2079 -3.3107
2.88 7.52 1.04887 18.8514 1.04887
2.88 7.68 1.47239 20.1558 1.47239
2.88 7.84 -29.1114 -10.0791 -29.1114
3.04 0 -7.01243 12.5233 -7.01243
3.04 0.16 -7.64005 11.8293 -7.64005
3.04 0.32 -4.06102 15.1509 -4.06102
3.04 0.48 -3.28718 15.3794 -3.28718
3.04 0.64 -2.83666 14.7406 -2.83666
3.04 0.8 -2.78768 12.5414 -2.78768
3.04 0.96 -3.09157 7.58188 -3.09157
3.04 1.12 -1.67176 0.801921 -1.67176
3.04 1.28 4.01725 -2.95029 4.01725
3.04 1.44 10.3748 -3.08331 10.3748
3.04 1.6 13.9729 -2.78466 13.9729
3.04 1.76 15.3721 -2.94463 15.3721
3.04 1.92 15.7443 -3.32352 15.7443
3.04 2.08 15.7503 -3.66915 15.7503
3.04 2.24 15.7067 -3.82831 15.7067
3.04 2.4 15.7151 -3.74446 15.7151
3.04 2.56 15.7167 -3.4453 15.7167
3.04 2.72 15.4467 -3.05772 15.4467
3.04 2.88 14.2907 -2.82933 14.2907
3.04 3.04 11.0392 -3.08597 11.0392
3.04 3.2 4.68255 -3.27922 4.68255
3.04 3.36 -1.75559 -0.147083 -1.75559
3.04 3.52 -3.60834 6.74621 -3.60834
3.04 3.68 -3.13501 12.2298 -3.13501
3.04 3.84 -2.92307 14.7917 -2.92307
3.04 4 -3.09804 15.6858 -3.09804
3.04 4.16 -3.33604 15.9161 -3.33604
3.04 4.32 -3.43201 15.9524 -3.43201
3.04 4.48 -3.32538 15.9216 -3.32538
3.04 4.64 -3.07303 15.6959 -3.07303
3.04 4.8 -2.88403 14.786 -2.88403
3.04 4.96 -3.11608 12.0906 -3.11608
3.04 5.12 -3.65265 6.20417 -3.65265
3.04 5.28 -1.61271 -0.996418 -1.61271
3.04 5.44 5.09064 -3.85462 5.09064
3.04 5.6 11.371 -3.38998 11.371
3.04 5.76 14.5191 -2.95015 14.5191
3.04 5.92 15.6829 -2.95647 15.6829
3.04 6.08 16.0201 -3.06581 16.0201
3.04 6.24 16.0212 -3.07719 16.0212
3.04 6.4 15.7019 -2.97933 15.7019
3.04 6.56 14.5825 -2.96816 14.5825
3.04 6.72 11.4427 -3.42669 11.4427
3.04 6.88 4.9259 -4.0289 4.9259
3.04 7.04 -2.14506 -1.23509 -2.14506
3.04 7.2 -4.11402 6.16824 -4.11402
3.04 7.36 -3.30835 12.2148 -3.30835
3.04 7.52 1.05042 18.8551 1.05042
3.04 7.68 1.47344 20.158 1.47344
3.04 7.84 -29.111 -10.0778 -29.111
3.2 0 -6.9589 12.5773 -6.9589
3.2 0.16 -7.64121 11.8281 -7.64121
3.2 0.32 -4.06109 15.1505 -4.06109
3.2 0.48 -3.28695 15.3786 -3.28695
3.2 0.64 -2.83681 14.7381 -2.83681
3.2 0.8 -2.78865 12.5353 -2.78865
3.2 0.96 -3.09195 7.57111 -3.09195
3.2 1.12 -1.66574 0.792338 -1.66574
3.2 1.28 4.0292 -2.95173 4.0292
3.2 1.44 10.3837 -3.08173 10.3837
3.2 1.6 13.9772 -2.78376 13.9772
3.2 1.76 15.3738 -2.94451 15.3738
3.2 1.92 15.7448 -3.32387 15.7448
3.2 2.08 15.75 -3.66988 15.75
3.2 2.24 15.7059 -3.82938 15.7059
3.2 2.4 15.7141 -3.7458 15.7141
3.2 2.56 15.7158 -3.44679 15.7158
3.2 2.72 15.4462 -3.05913 15.4462
3.2 2.88 14.2912 -2.83038 14.2912
3.2 3.04 11.0418 -3.08634 11.0418
3.2 3.2 4.68734 -3.27989 4.68734
3.2 3.36 -1.75232 -0.150571 -1.75232
3.2 3.52 -3.60765 6.74212 -3.60765
3.2 3.68 -3.13438 12.228 -3.13438
3.2 3.84 -2.92197 14.7916 -2.92197
3.2 4 -3.09698 15.6863 -3.09698
3.2 4.16 -3.33527 15.9168 -3.33527
3.2 4.32 -3.43169 15.9529 -3.43169
3.2 4.48 -3.32543 15.9222 -3.32543
3.2 4.64 -3.07326 15.697 -3.07326
3.2 4.8 -2.8839 14.789 -2.8839
3.2 4.96 -3.11504 12.0976 -3.11504
3.2 5.12 -3.65263 6.21613 -3.65263
3.2 5.28 -1.62038 -0.987549 -1.62038
3.2 5.44 5.07858 -3.85427 5.07858
3.2 5.6 11.3634 -3.3914 11.3634
3.2 5.76 14.516 -2.95059 14.516
3.2 5.92 15.6819 -2.9563 15.6819
3.2 6.08 16.0197 -3.06558 16.0197
3.2 6.24 16.0207 -3.07719 16.0207
3.2 6.4 15.7008 -2.97977 15.7008
3.2 6.56 14.5799 -2.96927 14.5799
3.2 6.72 11.4371 -3.42856 11.4371
3.2 6.88 4.91696 -4.02954 4.91696
3.2 7.04 -2.15067 -1.22921 -2.15067
3.2 7.2 -4.11345 6.17701 -4.11345
3.2 7.36 -3.30666 12.2205 -3.30666
3.2 7.52 1.05144 18.8581 1.05144
3.2 7.68 1.47368 20.1594 1.47368
3.2 7.84 -29.1101 -10.0763 -29.1101
3.36 0 -6.91952 12.6174 -6.91952
3.36 0.16 -7.6422 11.8272 -7.6422
3.36 0.32 -4.06076 15.1504 -4.06076
3.36 0.48 -3.28651 15.3781 -3.28651
3.36 0.64 -2.83662 14.7364 -2.83662
3.36 0.8 -2.78901 12.5309 -2.78901
3.36 0.96 -3.0919 7.56342 -3.0919
3.36 1.12 -1.66116 0.785503 -1.66116
3.36 1.28 4.038 -2.95263 4.038
3.36 1.44 10.3905 -3.08025 10.3905
3.36 1.6 13.9809 -2.78251 13.9809
3.36 1.76 15.3759 -2.94361 15.3759
3.36 1.92 15.7462 -3.32315 15.7462
3.36 2.08 15.751 -3.66933 15.751
3.36 2.24 15.7066 -3.82908 15.7066
3.36 2.4 15.7146 -3.74576 15.7146
3.36 2.56 15.7161 -3.44701 15.7161
3.36 2.72 15.4468 -3.05943 15.4468
3.36 2.88 14.2925 -2.8306 14.2925
3.36 3.04 11.045 -3.0862 11.045
3.36 3.2 4.6924 -3.28041 4.6924
3.36 3.36 -1.74891 -0.154097 -1.74891
3.36 3.52 -3.60683 6.73796 -3.60683
3.36 3.68 -3.13365 12.226 -3.13365
3.36 3.84 -2.92079 14.7914 -2.92079
3.36 4 -3.09585 15.6867 -3.09585
3.36 4.16 -3.3344 15.9173 -3.3344
3.36 4.32 -3.4312 15.9533 -3.4312
3.36 4.48 -3.32522 15.9227 -3.32522
3.36 4.64 -3.07312 15.6981 -3.07312
3.36 4.8 -2.88337 14.7918 -2.88337
3.36 4.96 -3.11361 12.1043 -3.11361
3.36 5.12 -3.6522 6.22739 -3.6522
3.36 5.28 -1.62725 -0.979201 -1.62725
3.36 5.44 5.0676 -3.85378 5.0676
3.36 5.6 11.3568 -3.39231 11.3568
3.36 5.76 14.5138 -2.95031 14.5138
3.36 5.92 15.6818 -2.95529 15.6818
3.36 6.08 16.0204 -3.0644 16.0204
3.36 6.24 16.0214 -3.07616 16.0214
3.36 6.4 15.7009 -2.97919 15.7009
3.36 6.56 14.5785 -2.96942 14.5785
3.36 6.72 11.4329 -3.42959 11.4329
3.36 6.88 4.90977 -4.02982 4.90977
3.36 7.04 -2.1551 -1.22414 -2.1551
3.36 7.2 -4.11267 6.18445 -4.11267
3.36 7.36 -3.30504 12.2253 -3.30504
3.36 7.52 1.05276 18.8608 1.05276
3.36 7.68 1.47493 20.1614 1.47493
3.36 7.84 -29.1103 -10.0759 -29.1103
3.52 0 -6.91453 12.6231 -6.91453
3.52 0.16 -7.64282 11.8267 -7.64282
3.52 0.32 -4.06167 15.1494 -4.06167
3.52 0.48 -3.28763 15.3765 -3.28763
3.52 0.64 -2.838 14.734 -2.838
3.52 0.8 -2.79076 12.5269 -2.79076
3.52 0.96 -3.09321 7.55742 -3.09321
3.52 1.12 -1.65917 0.780498 -1.65917
3.52 1.28 4.04318 -2.95342 4.04318
3.52 1.44 10.3948 -3.07923 10.3948
3.52 1.6 13.9835 -2.78153 13.9835
3.52 1.76 15.3776 -2.94283 15.3776
3.52 1.92 15.7474 -3.32251 15.7474
3.52 2.08 15.752 -3.66882 15.752
3.52 2.24 15.7074 -3.82877 15.7074
3.52 2.4 15.7151 -3.74571 15.7151
3.52 2.56 15.7166 -3.4472 15.7166
3.52 2.72 15.4476 -3.05966 15.4476
3.52 2.88 14.2943 -2.83067 14.2943
3.52 3.04 11.0489 -3.08592 11.0489
3.52 3.2 4.69807 -3.2813 4.69807
3.52 3.36 -1.746 -0.159225 -1.746
3.52 3.52 -3.60759 6.73161 -3.60759
3.52 3.68 -3.13476 12.2221 -3.13476
3.52 3.84 -2.92136 14.7895 -2.92136
3.52 4 -3.09627 15.6856 -3.09627
3.52 4.16 -3.33496 15.9165 -3.33496
3.52 4.32 -3.43203 15.9526 -3.43203
3.52 4.48 -3.32629 15.9221 -3.32629
3.52 4.64 -3.07427 15.698 -3.07427
3.52 4.8 -2.88426 14.7931 -2.88426
3.52 4.96 -3.11376 12.1091 -3.11376
3.52 5.12 -3.65305 6.2365 -3.65305
3.52 5.28 -1.63429 -0.972311 -1.63429
3.52 5.44 5.05723 -3.85369 5.05723
3.52 5.6 11.3507 -3.3933 11.3507
3.52 5.76 14.5118 -2.9502 14.5118
3.52 5.92 15.6817 -2.95457 15.6817
3.52 6.08 16.0209 -3.06353 16.0209
3.52 6.24 16.0221 -3.07539 16.0221
3.52 6.4 15.7011 -2.97879 15.7011
3.52 6.56 14.5777 -2.96953 14.5777
3.52 6.72 11.43 -3.4304 11.43
3.52 6.88 4.90443 -4.03037 4.90443
3.52 7.04 -2.15898 -1.22133 -2.15898
3.52 7.2 -4.11328 6.1886 -4.11328
3.52 7.36 -3.30521 12.2275 -3.30521
3.52 7.52 1.05212 18.8612 1.05212
3.52 7.68 1.47411 20.1612 1.47411
3.52 7.84 -29.1106 -10.0758 -29.1106
3.68 0 -6.91846 12.6195 -6.91846
3.68 0.16 -7.64361 11.826 -7.64361
3.68 0.32 -4.06295 15.148 -4.06295
3.68 0.48 -3.28899 15.3748 -3.28899
3.68 0.64 -2.83931 14.7321 -2.83931
3.68 0.8 -2.79187 12.5247 -2.79187
3.68 0.96 -3.09372 7.55518 -3.09372
3.68 1.12 -1.65817 0.779233 -1.65817
3.68 1.28 4.04544 -2.95289 4.04544
3.68 1.44 10.3969 -3.07793 10.3969
3.68 1.6 13.9852 -2.78009 13.9852
3.68 1.76 15.3792 -2.94133 15.3792
3.68 1.92 15.749 -3.32096 15.749
3.68 2.08 15.7536 -3.66725 15.7536
3.68 2.24 15.7089 -3.82734 15.7089
3.68 2.4 15.7165 -3.74458 15.7165
3.68 2.56 15.7179 -3.4464 15.7179
3.68 2.72 15.4492 -3.05902 15.4492
3.68 2.88 14.297 -2.82992 14.297
3.68 3.04 11.0541 -3.08482 11.0541
3.68 3.2 4.70544 -3.28167 4.70544
3.68 3.36 -1.74195 -0.16479 -1.74195
3.68 3.52 -3.60813 6.72432 -3.60813
3.68 3.68 -3.13602 12.2174 -3.13602
3.68 3.84 -2.92225 14.7869 -2.92225
3.68 4 -3.09708 15.6839 -3.09708
3.68 4.16 -3.33592 15.915 -3.33592
3.68 4.32 -3.43321 15.9512 -3.43321
3.68 4.48 -3.32759 15.9209 -3.32759
3.68 4.64 -3.07548 15.6975 -3.07548
3.68 4.8 -2.88501 14.7941 -2.88501
3.68 4.96 -3.11358 12.1135 -3.11358
3.68 5.12 -3.65326 6.24524 -3.65326
3.68 5.28 -1.64011 -0.965346 -1.64011
3.68 5.44 5.04821 -3.85296 5.04821
3.68 5.6 11.3455 -3.39364 11.3455
3.68 5.76 14.5102 -2.94952 14.5102
3.68 5.92 15.6819 -2.95328 15.6819
3.68 6.08 16.0219 -3.06204 16.0219
3.68 6.24 16.0232 -3.07397 16.0232
3.68 6.4 15.7019 -2.9777 15.7019
3.68 6.56 14.5778 -2.96887 14.5778
3.68 6.72 11.4289 -3.43026 11.4289
3.68 6.88 4.90203 -4.03026 4.90203
3.68 7.04 -2.16079 -1.21975 -2.16079
3.68 7.2 -4.11365 6.19055 -4.11365
3.68 7.36 -3.30559 12.2281 -3.30559
3.68 7.52 1.05132 18.8608 1.05132
3.68 7.68 1.47307 20.1602 1.47307
3.68 7.84 -29.111 -10.0762 -29.111
3.84 0 -6.91884 12.6193 -6.91884
3.84 0.16 -7.64414 11.8256 -7.64414
3.84 0.32 -4.06306 15.1479 -4.06306
3.84 0.48 -3.2888 15.375 -3.2888
3.84 0.64 -2.83885 14.7328 -2.83885
3.84 0.8 -2.79104 12.5264 -2.79104
3.84 0.96 -3.09273 7.55822 -3.09273
3.84 1.12 -1.6583 0.782449 -1.6583
3.84 1.28 4.04407 -2.95124 4.04407
3.84 1.44 10.3961 -3.07704 10.3961
3.84 1.6 13.9853 -2.7792 13.9853
3.84 1.76 15.3797 -2.94043 15.3797
3.84 1.92 15.7497 -3.32014 15.7497
3.84 2.08 15.7543 -3.66654 15.7543
3.84 2.24 15.7096 -3.82681 15.7096
3.84 2.4 15.7171 -3.74429 15.7171
3.84 2.56 15.7186 -3.44628 15.7186
3.84 2.72 15.4505 -3.0588 15.4505
3.84 2.88 14.2999 -2.82923 14.2999
3.84 3.04 11.0602 -3.08341 11.0602
3.84 3.2 4.71439 -3.2816 4.71439
3.84 3.36 -1.73648 -0.170193 -1.73648
3.84 3.52 -3.60752 6.71743 -3.60752
3.84 3.68 -3.13599 12.2136 -3.13599
3.84 3.84 -2.92171 14.7856 -2.92171
3.84 4 -3.09638 15.6837 -3.09638
3.84 4.16 -3.33532 15.9151 -3.33532
3.84 4.32 -3.43275 15.9515 -3.43275
3.84 4.48 -3.32715 15.9215 -3.32715
3.84 4.64 -3.07486 15.6987 -3.07486
3.84 4.8 -2.88395 14.7968 -2.88395
3.84 4.96 -3.11174 12.1194 -3.11174
3.84 5.12 -3.65209 6.2549 -3.65209
3.84 5.28 -1.64479 -0.957896 -1.64479
3.84 5.44 5.03994 -3.85202 5.03994
3.84 5.6 11.3403 -3.3942 11.3403
3.84 5.76 14.5083 -2.94947 14.5083
3.84 5.92 15.6815 -2.95286 15.6815
3.84 6.08 16.0221 -3.06153 16.0221
3.84 6.24 16.0235 -3.07351 16.0235
3.84 6.4 15.7022 -2.97735 15.7022
3.84 6.56 14.5781 -2.96858 14.5781
3.84 6.72 11.4292 -3.42995 11.4292
3.84 6.88 4.90234 -4.0298 4.90234
3.84 7.04 -2.16023 -1.21893 -2.16023
3.84 7.2 -4.11276 6.1916 -4.11276
3.84 7.36 -3.30462 12.2291 -3.30462
3.84 7.52 1.05233 18.8617 1.05233
3.84 7.68 1.47403 20.161 1.47403
3.84 7.84 -29.1106 -10.076 -29.1106
4 0 -6.91711 12.6212 -6.91711
4 0.16 -7.64456 11.8253 -7.64456
4 0.32 -4.06286 15.1484 -4.06286
4 0.48 -3.28815 15.3764 -3.28815
4 0.64 -2.8379 14.7351 -2.8379
4 0.8 -2.78974 12.5307 -2.78974
4 0.96 -3.09182 7.56523 -3.09182
4 1.12 -1.66111 0.788942 -1.66111
4 1.28 4.03774 -2.94947 4.03774
4 1.44 10.3914 -3.07722 10.3914
4 1.6 13.9832 -2.77918 13.9832
4 1.76 15.379 -2.94018 15.379
4 1.92 15.7495 -3.31983 15.7495
4 2.08 15.7544 -3.66628 15.7544
4 2.24 15.7097 -3.82671 15.7097
4 2.4 15.7172 -3.74442 15.7172
4 2.56 15.7188 -3.44658 15.7188
4 2.72 15.4515 -3.05901 15.4515
4 2.88 14.3027 -2.82889 14.3027
4 3.04 11.0666 -3.08233 11.0666
4 3.2 4.72379 -3.28209 4.72379
4 3.36 -1.73097 -0.176703 -1.73097
4 3.52 -3.60725 6.70961 -3.60725
4 3.68 -3.13601 12.2097 -3.13601
4 3.84 -2.92085 14.7847 -2.92085
4 4 -3.09508 15.6842 -3.09508
4 4.16 -3.33394 15.9162 -3.33394
4 4.32 -3.43139 15.9528 -3.43139
4 4.48 -3.32576 15.9231 -3.32576
4 4.64 -3.07337 15.7009 -3.07337
4 4.8 -2.88222 14.8002 -2.88222
4 4.96 -3.10962 12.1254 -3.10962
4 5.12 -3.65097 6.26405 -3.65097
4 5.28 -1.64946 -0.951174 -1.64946
4 5.44 5.03173 -3.85161 5.03173
4 5.6 11.3349 -3.39534 11.3349
4 5.76 14.5057 -2.95014 14.5057
4 5.92 15.6803 -2.95323 15.6803
4 6.08 16.0215 -3.06182 16.0215
4 6.24 16.0231 -3.07381 16.0231
4 6.4 15.702 -2.97764 15.702
4 6.56 14.5783 -2.96873 14.5783
4 6.72 11.4305 -3.42978 11.4305
4 6.88 4.90478 -4.0297 4.90478
4 7.04 -2.15832 -1.22008 -2.15832
4 7.2 -4.11189 6.19042 -4.11189
4 7.36 -3.30346 12.2293 -3.30346
4 7.52 1.05395 18.8629 1.05395
4 7.68 1.47573 20.1624 1.47573
4 7.84 -29.1092 -10.0749 -29.1092
4.16 0 -6.91642 12.6221 -6.91642
4.16 0.16 -7.64615 11.824 -7.64615
4.16 0.32 -4.06488 15.1469 -4.06488
4.16 0.48 -3.28998 15.3756 -3.28998
4.16 0.64 -2.83907 14.7362 -2.83907
4.16 0.8 -2.78986 12.5356 -2.78986
4.16 0.96 -3.09203 7.57518 -3.09203
4.16 1.12 -1.66708 0.798467 -1.66708
4.16 1.28 4.02617 -2.94752 4.02617
4.16 1.44 10.3829 -3.0782 10.3829
4.16 1.6 13.9794 -2.77947 13.9794
4.16 1.76 15.3778 -2.93974 15.3778
4.16 1.92 15.7495 -3.31904 15.7495
4.16 2.08 15.7549 -3.66537 15.7549
4.16 2.24 15.7104 -3.82588 15.7104
4.16 2.4 15.7179 -3.74382 15.7179
4.16 2.56 15.7197 -3.44622 15.7197
4.16 2.72 15.4529 -3.05871 15.4529
4.16 2.88 14.3059 -2.82829 14.3059
4.16 3.04 11.0732 -3.08129 11.0732
4.16 3.2 4.73321 -3.28319 4.73321
4.16 3.36 -1.72621 -0.184776 -1.72621
4.16 3.52 -3.60866 6.69958 -3.60866
4.16 3.68 -3.13825 12.2033 -3.13825
4.16 3.84 -2.92252 14.7812 -2.92252
4.16 4 -3.09652 15.6819 -3.09652
4.16 4.16 -3.33536 15.9143 -3.33536
4.16 4.32 -3.43279 15.9512 -3.43279
4.16 4.48 -3.32699 15.922 -3.32699
4.16 4.64 -3.07427 15.7005 -3.07427
4.16 4.8 -2.8826 14.8013 -2.8826
4.16 4.96 -3.10927 12.1291 -3.10927
4.16 5.12 -3.65109 6.27112 -3.65109
4.16 5.28 -1.65444 -0.945815 -1.65444
4.16 5.44 5.02375 -3.85169 5.02375
4.16 5.6 11.3297 -3.39659 11.3297
4.16 5.76 14.5033 -2.95078 14.5033
4.16 5.92 15.6793 -2.95344 15.6793
4.16 6.08 16.0211 -3.06186 16.0211
4.16 6.24 16.0231 -3.0738 16.0231
4.16 6.4 15.7023 -2.97761 15.7023
4.16 6.56 14.5794 -2.96857 14.5794
4.16 6.72 11.4332 -3.42934 11.4332
4.16 6.88 4.90929 -4.03004 4.90929
4.16 7.04 -2.15576 -1.22405 -2.15576
4.16 7.2 -4.11271 6.18507 -4.11271
4.16 7.36 -3.30485 12.2257 -3.30485
4.16 7.52 1.05256 18.8605 1.05256
4.16 7.68 1.47441 20.1605 1.47441
4.16 7.84 -29.1093 -10.0755 -29.1093
4.32 0 -6.91777 12.621 -6.91777
4.32 0.16 -7.64755 11.8229 -7.64755
4.32 0.32 -4.06555 15.1468 -4.06555
4.32 0.48 -3.29046 15.3765 -3.29046
4.32 0.64 -2.83907 14.7393 -2.83907
4.32 0.8 -2.78887 12.5435 -2.78887
4.32 0.96 -3.09185 7.58971 -3.09185
4.32 1.12 -1.67583 0.811502 -1.67583
4.32 1.28 4.00902 -2.9458 4.00902
4.32 1.44 10.37 -3.08075 10.37
4.32 1.6 13.9732 -2.78097 13.9732
4.32 1.76 15.3753 -2.94015 15.3753
4.32 1.92 15.7487 -3.31896 15.7487
4.32 2.08 15.7549 -3.66513 15.7549
4.32 2.24 15.7106 -3.82568 15.7106
4.32 2.4 15.7182 -3.74377 15.7182
4.32 2.56 15.7202 -3.44635 15.7202
4.32 2.72 15.454 -3.05889 15.454
4.32 2.88 14.3086 -2.82827 14.3086
4.32 3.04 11.0793 -3.08101 11.0793
4.32 3.2 4.74211 -3.28512 4.74211
4.32 3.36 -1.72174 -0.193388 -1.72174
4.32 3.52 -3.60989 6.68964 -3.60989
4.32 3.68 -3.13985 12.1976 -3.13985
4.32 3.84 -2.92325 14.7786 -2.92325
4.32 4 -3.09674 15.6807 -3.09674
4.32 4.16 -3.33534 15.9138 -3.33534
4.32 4.32 -3.43259 15.9511 -3.43259
4.32 4.48 -3.32657 15.9223 -3.32657
4.32 4.64 -3.07362 15.7014 -3.07362
4.32 4.8 -2.88165 14.8032 -2.88165
4.32 4.96 -3.10798 12.1331 -3.10798
4.32 5.12 -3.65078 6.27752 -3.65078
4.32 5.28 -1.65907 -0.941635 -1.65907
4.32 5.44 5.01605 -3.85272 5.01605
4.32 5.6 11.3242 -3.39877 11.3242
4.32 5.76 14.5004 -2.95239 14.5004
4.32 5.92 15.6777 -2.95462 15.6777
4.32 6.08 16.0201 -3.06285 16.0201
4.32 6.24 16.0225 -3.07468 16.0225
4.32 6.4 15.7022 -2.97837 15.7022
4.32 6.56 14.5804 -2.96906 14.5804
4.32 6.72 11.4367 -3.42937 11.4367
4.32 6.88 4.91575 -4.03102 4.91575
4.32 7.04 -2.1517 -1.22997 -2.1517
4.32 7.2 -4.1131 6.17773 -4.1131
4.32 7.36 -3.30554 12.2216 -3.30554
4.32 7.52 1.05284 18.859 1.05284
4.32 7.68 1.47529 20.1603 1.47529
4.32 7.84 -29.1097 -10.0767 -29.1097
4.48 0 -6.92068 12.6184 -6.92068
4.48 0.16 -7.64877 11.8221 -7.64877
4.48 0.32 -4.0665 15.1467 -4.0665
4.48 0.48 -3.29098 15.3778 -3.29098
4.48 0.64 -2.83871 14.7438 -2.83871
4.48 0.8 -2.78695 12.5544 -2.78695
4.48 0.96 -3.09044 7.60933 -3.09044
4.48 1.12 -1.68508 0.829887 -1.68508
4.48 1.28 3.9894 -2.94147 3.9894
4.48 1.44 10.3555 -3.08216 10.3555
4.48 1.6 13.9665 -2.78159 13.9665
4.48 1.76 15.3729 -2.93978 15.3729
4.48 1.92 15.7482 -3.31819 15.7482
4.48 2.08 15.7552 -3.66424 15.7552
4.48 2.24 15.7114 -3.82478 15.7114
4.48 2.4 15.7193 -3.74294 15.7193
4.48 2.56 15.7216 -3.44557 15.7216
4.48 2.72 15.4562 -3.05798 15.4562
4.48 2.88 14.3127 -2.82687 14.3127
4.48 3.04 11.087 -3.07899 11.087
4.48 3.2 4.75275 -3.28518 4.75275
4.48 3.36 -1.71595 -0.200507 -1.71595
4.48 3.52 -3.61045 6.68053 -3.61045
4.48 3.68 -3.14128 12.1921 -3.14128
4.48 3.84 -2.92403 14.7761 -2.92403
4.48 4 -3.09708 15.6796 -3.09708
4.48 4.16 -3.3354 15.9132 -3.3354
4.48 4.32 -3.43235 15.951 -3.43235
4.48 4.48 -3.326 15.9226 -3.326
4.48 4.64 -3.07269 15.7024 -3.07269
4.48 4.8 -2.88035 14.8051 -2.88035
4.48 4.96 -3.10628 12.1366 -3.10628
4.48 5.12 -3.64947 6.28304 -3.64947
4.48 5.28 -1.661 -0.937312 -1.661
4.48 5.44 5.01186 -3.85215 5.01186
4.48 5.6 11.3213 -3.39944 11.3213
4.48 5.76 14.4988 -2.95307 14.4988
4.48 5.92 15.6768 -2.95527 15.6768
4.48 6.08 16.0195 -3.06345 16.0195
4.48 6.24 16.0224 -3.07512 16.0224
4.48 6.4 15.7029 -2.97845 15.7029
4.48 6.56 14.583 -2.96841 14.583
4.48 6.72 11.4432 -3.4276 11.4432
4.48 6.88 4.92656 -4.03031 4.92656
4.48 7.04 -2.14459 -1.2365 -2.14459
4.48 7.2 -4.11288 6.16839 -4.11288
4.48 7.36 -3.30619 12.2163 -3.30619
4.48 7.52 1.053 18.8569 1.053
4.48 7.68 1.47574 20.1594 1.47574
4.48 7.84 -29.1092 -10.0772 -29.1092
4.64 0 -6.92414 12.6152 -6.92414
4.64 0.16 -7.64957 11.8218 -7.64957
4.64 0.32 -4.06719 15.1471 -4.06719
4.64 0.48 -3.29116 15.3799 -3.29116
4.64 0.64 -2.83802 14.7494 -2.83802
4.64 0.8 -2.78478 12.5674 -2.78478
4.64 0.96 -3.08942 7.63242 -3.08942
4.64 1.12 -1.69734 0.851098 -1.69734
4.64 1.28 3.96452 -2.93732 3.96452
4.64 1.44 10.3369 -3.08477 10.3369
4.64 1.6 13.9577 -2.78298 13.9577
4.64 1.76 15.3696 -2.93976 15.3696
4.64 1.92 15.7473 -3.31751 15.7473
4.64 2.08 15.7555 -3.66325 15.7555
4.64 2.24 15.7123 -3.82366 15.7123
4.64 2.4 15.7205 -3.74182 15.7205
4.64 2.56 15.723 -3.4445 15.723
4.64 2.72 15.4582 -3.05689 15.4582
4.64 2.88 14.3163 -2.82551 14.3163
4.64 3.04 11.0937 -3.07737 11.0937
4.64 3.2 4.7617 -3.2858 4.7617
4.64 3.36 -1.71163 -0.207707 -1.71163
4.64 3.52 -3.61172 6.67173 -3.61172
4.64 3.68 -3.14296 12.187 -3.14296
4.64 3.84 -2.92481 14.7738 -2.92481
4.64 4 -3.09719 15.6787 -3.09719
4.64 4.16 -3.33504 15.9131 -3.33504
4.64 4.32 -3.43154 15.9514 -3.43154
4.64 4.48 -3.32476 15.9235 -3.32476
4.64 4.64 -3.07114 15.7037 -3.07114
4.64 4.8 -2.87871 14.8067 -2.87871
4.64 4.96 -3.10477 12.1388 -3.10477
4.64 5.12 -3.64861 6.28576 -3.64861
4.64 5.28 -1.66211 -0.935435 -1.66211
4.64 5.44 5.00939 -3.85229 5.00939
4.64 5.6 11.3192 -3.40033 11.3192
4.64 5.76 14.4974 -2.95406 14.4974
4.64 5.92 15.6757 -2.95625 15.6757
4.64 6.08 16.0188 -3.06433 16.0188
4.64 6.24 16.0222 -3.07575 16.0222
4.64 6.4 15.7037 -2.97863 15.7037
4.64 6.56 14.586 -2.96775 14.586
4.64 6.72 11.4509 -3.42571 11.4509
4.64 6.88 4.93934 -4.02994 4.93934
4.64 7.04 -2.13643 -1.24525 -2.13643
4.64 7.2 -4.11311 6.15625 -4.11311
4.64 7.36 -3.3072 12.2094 -3.3072
4.64 7.52 1.05318 18.8543 1.05318
4.64 7.68 1.47629 20.1582 1.47629
4.64 7.84 -29.1081 -10.0775 -29.1081
4.8 0 -6.92609 12.6137 -6.92609
4.8 0.16 -7.65021 11.8219 -7.65021
4.8 0.32 -4.06764 15.1481 -4.06764
4.8 0.48 -3.29116 15.3828 -3.29116
4.8 0.64 -2.83705 14.7564 -2.83705
4.8 0.8 -2.78209 12.5828 -2.78209
4.8 0.96 -3.0881 7.65956 -3.0881
4.8 1.12 -1.71179 0.875715 -1.71179
4.8 1.28 3.93487 -2.9331 3.93487
4.8 1.44 10.3144 -3.08871 10.3144
4.8 1.6 13.9466 -2.78555 13.9466
4.8 1.76 15.3648 -2.94063 15.3648
4.8 1.92 15.7455 -3.31754 15.7455
4.8 2.08 15.7551 -3.66285 15.7551
4.8 2.24 15.7126 -3.82302 15.7126
4.8 2.4 15.7212 -3.74108 15.7212
4.8 2.56 15.724 -3.44375 15.724
4.8 2.72 15.4596 -3.05615 15.4596
4.8 2.88 14.3188 -2.82464 14.3188
4.8 3.04 11.0984 -3.07642 11.0984
4.8 3.2 4.76809 -3.2867 4.76809
4.8 3.36 -1.70881 -0.213524 -1.70881
4.8 3.52 -3.6131 6.66492 -3.6131
4.8 3.68 -3.14462 12.183 -3.14462
4.8 3.84 -2.92568 14.7721 -2.92568
4.8 4 -3.09734 15.6783 -3.09734
4.8 4.16 -3.33455 15.9134 -3.33455
4.8 4.32 -3.43043 15.9523 -3.43043
4.8 4.48 -3.3231 15.9249 -3.3231
4.8 4.64 -3.06917 15.7053 -3.06917
4.8 4.8 -2.87677 14.8082 -2.87677
4.8 4.96 -3.1032 12.1396 -3.1032
4.8 5.12 -3.64755 6.28584 -3.64755
4.8 5.28 -1.66148 -0.935874 -1.66148
4.8 5.44 5.00936 -3.8531 5.00936
4.8 5.6 11.3184 -3.40165 11.3184
4.8 5.76 14.4959 -2.95578 14.4959
4.8 5.92 15.6741 -2.95808 15.6741
4.8 6.08 16.0174 -3.06602 16.0174
4.8 6.24 16.0213 -3.07712 16.0213
4.8 6.4 15.704 -2.97942 15.704
4.8 6.56 14.5888 -2.96754 14.5888
4.8 6.72 11.4591 -3.42404 11.4591
4.8 6.88 4.95367 -4.02982 4.95367
4.8 7.04 -2.12705 -1.25531 -2.12705
4.8 7.2 -4.11328 6.1424 -4.11328
4.8 7.36 -3.3084 12.2016 -3.3084
4.8 7.52 1.05334 18.8514 1.05334
4.8 7.68 1.4771 20.1573 1.4771
4.8 7.84 -29.1071 -10.0779 -29.1071
4.96 0 -6.92473 12.6156 -6.92473
4.96 0.16 -7.6519 11.821 -7.6519
4.96 0.32 -4.06937 15.1479 -4.06937
4.96 0.48 -3.29263 15.3844 -3.29263
4.96 0.64 -2.83735 14.7626 -2.83735
4.96 0.8 -2.78014 12.5989 -2.78014
4.96 0.96 -3.0872 7.68915 -3.0872
4.96 1.12 -1.72788 0.903131 -1.72788
4.96 1.28 3.9023 -2.92794 3.9023
4.96 1.44 10.29 -3.09243 10.29
4.96 1.6 13.935 -2.78764 13.935
4.96 1.76 15.3602 -2.94083 15.3602
4.96 1.92 15.7441 -3.31679 15.7441
4.96 2.08 15.7553 -3.6616 15.7553
4.96 2.24 15.7137 -3.82142 15.7137
4.96 2.4 15.7228 -3.73923 15.7228
4.96 2.56 15.7259 -3.44177 15.7259
4.96 2.72 15.4619 -3.05412 15.4619
4.96 2.88 14.3218 -2.8226 14.3218
4.96 3.04 11.1024 -3.07467 11.1024
4.96 3.2 4.77225 -3.28671 4.77225
4.96 3.36 -1.70775 -0.217208 -1.70775
4.96 3.52 -3.61527 6.65999 -3.61527
4.96 3.68 -3.14751 12.1791 -3.14751
4.96 3.84 -2.92843 14.7691 -2.92843
4.96 4 -3.09971 15.6758 -3.09971
4.96 4.16 -3.33634 15.9115 -3.33634
4.96 4.32 -3.43148 15.9509 -3.43148
4.96 4.48 -3.32341 15.924 -3.32341
4.96 4.64 -3.06895 15.7046 -3.06895
4.96 4.8 -2.8764 14.807 -2.8764
4.96 4.96 -3.10308 12.1369 -3.10308
4.96 5.12 -3.6471 6.28121 -3.6471
4.96 5.28 -1.65827 -0.939403 -1.65827
4.96 5.44 5.01396 -3.8536 5.01396
4.96 5.6 11.3208 -3.40182 11.3208
4.96 5.76 14.4964 -2.95659 14.4964
4.96 5.92 15.6737 -2.95915 15.6737
4.96 6.08 16.017 -3.06696 16.017
4.96 6.24 16.0214 -3.07764 16.0214
4.96 6.4 15.7054 -2.97921 15.7054
4.96 6.56 14.5931 -2.96619 14.5931
4.96 6.72 11.4693 -3.42117 11.4693
4.96 6.88 4.97029 -4.02899 4.97029
4.96 7.04 -2.11657 -1.26652 -2.11657
4.96 7.2 -4.11431 6.12593 -4.11431
4.96 7.36 -3.31145 12.1909 -3.31145
4.96 7.52 1.05125 18.8456 1.05125
4.96 7.68 1.47576 20.1537 1.47576
4.96 7.84 -29.1083 -10.0804 -29.1083
5.12 0 -6.9258 12.6149 -6.9258
5.12 0.16 -7.65305 11.8209 -7.65305
5.12 0.32 -4.07027 15.1489 -4.07027
5.12 0.48 -3.29317 15.3876 -3.29317
5.12 0.64 -2.83672 14.7706 -2.83672
5.12 0.8 -2.77735 12.6173 -2.77735
5.12 0.96 -3.08591 7.72175 -3.08591
5.12 1.12 -1.74534 0.932862 -1.74534
5.12 1.28 3.86667 -2.92278 3.86667
5.12 1.44 10.2632 -3.09709 10.2632
5.12 1.6 13.9221 -2.79049 13.9221
5.12 1.76 15.3551 -2.94153 15.3551
5.12 1.92 15.7426 -3.31635 15.7426
5.12 2.08 15.7555 -3.6605 15.7555
5.12 2.24 15.7149 -3.81981 15.7149
5.12 2.4 15.7246 -3.73723 15.7246
5.12 2.56 15.7281 -3.43955 15.7281
5.12 2.72 15.4641 -3.05194 15.4641
5.12 2.88 14.3236 -2.82067 14.3236
5.12 3.04 11.1035 -3.07345 11.1035
5.12 3.2 4.77203 -3.28656 4.77203
5.12 3.36 -1.70927 -0.217675 -1.70927
5.12 3.52 -3.61727 6.65942 -3.61727
5.12 3.68 -3.14973 12.1782 -3.14973
5.12 3.84 -2.9307 14.7678 -2.9307
5.12 4 -3.10162 15.6745 -3.10162
5.12 4.16 -3.33755 15.9106 -3.33755
5.12 4.32 -3.43176 15.9506 -3.43176
5.12 4.48 -3.32278 15.9243 -3.32278
5.12 4.64 -3.06773 15.7047 -3.06773
5.12 4.8 -2.87523 14.8059 -2.87523
5.12 4.96 -3.1027 12.1324 -3.1027
5.12 5.12 -3.64634 6.27223 -3.64634
5.12 5.28 -1.65193 -0.946601 -1.65193
5.12 5.44 5.02335 -3.85459 5.02335
5.12 5.6 11.3262 -3.40185 11.3262
5.12 5.76 14.498 -2.9576 14.498
5.12 5.92 15.6738 -2.96052 15.6738
5.12 6.08 16.0168 -3.06813 16.0168
5.12 6.24 16.0217 -3.07829 16.0217
5.12 6.4 15.7071 -2.97903 15.7071
5.12 6.56 14.5976 -2.96483 14.5976
5.12 6.72 11.4799 -3.41822 11.4799
5.12 6.88 4.98778 -4.02804 4.98778
5.12 7.04 -2.10527 -1.278 -2.10527
5.12 7.2 -4.115 6.10913 -4.115
5.12 7.36 -3.31411 12.1804 -3.31411
5.12 7.52 1.04968 18.8404 1.04968
5.12 7.68 1.47489 20.1509 1.47489
5.12 7.84 -29.1092 -10.0827 -29.1092
5.28 0 -6.95739 12.5836 -6.95739
5.28 0.16 -7.653 11.8218 -7.653
5.28 0.32 -4.07079 15.1502 -4.07079
5.28 0.48 -3.29312 15.3913 -3.29312
5.28 0.64 -2.83536 14.7796 -2.83536
5.28 0.8 -2.77381 12.6371 -2.77381
5.28 0.96 -3.0842 7.75614 -3.0842
5.28 1.12 -1.76342 0.964057 -1.76342
5.28 1.28 3.8294 -2.91746 3.8294
5.28 1.44 10.2349 -3.10226 10.2349
5.28 1.6 13.9082 -2.79391 13.9082
5.28 1.76 15.3492 -2.94274 15.3492
5.28 1.92 15.7405 -3.31632 15.7405
5.28 2.08 15.7553 -3.65965 15.7553
5.28 2.24 15.7159 -3.81825 15.7159
5.28 2.4 15.7263 -3.7351 15.7263
5.28 2.56 15.73 -3.43705 15.73
5.28 2.72 15.4657 -3.04948 15.4657
5.28 2.88 14.3241 -2.81866 14.3241
5.28 3.04 11.1013 -3.07248 11.1013
5.28 3.2 4.76653 -3.28574 4.76653
5.28 3.36 -1.7139 -0.213904 -1.7139
5.28 3.52 -3.61911 6.66406 -3.61911
5.28 3.68 -3.15135 12.1802 -3.15135
5.28 3.84 -2.93281 14.7676 -2.93281
5.28 4 -3.10363 15.6735 -3.10363
5.28 4.16 -3.33889 15.9096 -3.33889
5.28 4.32 -3.43202 15.9502 -3.43202
5.28 4.48 -3.32188 15.9243 -3.32188
5.28 4.64 -3.06604 15.7045 -3.06604
5.28 4.8 -2.87367 14.8036 -2.87367
5.28 4.96 -3.10247 12.1246 -3.10247
5.28 5.12 -3.64543 6.25728 -3.64543
5.28 5.28 -1.64163 -0.958386 -1.64163
5.28 5.44 5.03893 -3.85586 5.03893
5.28 5.6 11.3354 -3.40134 11.3354
5.28 5.76 14.501 -2.95862 14.501
5.28 5.92 15.6742 -2.96216 15.6742
5.28 6.08 16.0165 -3.06954 16.0165
5.28 6.24 16.0219 -3.07904 16.0219
5.28 6.4 15.7087 -2.97878 15.7087
5.28 6.56 14.6022 -2.96324 14.6022
5.28 6.72 11.4907 -3.41492 11.4907
5.28 6.88 5.00556 -4.02666 5.00556
5.28 7.04 -2.09367 -1.28925 -2.09367
5.28 7.2 -4.11555 6.09218 -4.11555
5.28 7.36 -3.31662 12.1698 -3.31662
5.28 7.52 1.04806 18.835 1.04806
5.28 7.68 1.47346 20.1472 1.47346
5.28 7.84 -29.1099 -10.085 -29.1099
5.44 0 -7.0124 12.5291 -7.0124
5.44 0.16 -7.65134 11.8247 -7.65134
5.44 0.32 -4.06989 15.1534 -4.06989
5.44 0.48 -3.29189 15.3967 -3.29189
5.44 0.64 -2.83304 14.7901 -2.83304
5.44 0.8 -2.76946 12.6582 -2.76946
5.44 0.96 -3.08187 7.79171 -3.08187
5.44 1.12 -1.78123 0.996034 -1.78123
5.44 1.28 3.792 -2.91197 3.792
5.44 1.44 10.2065 -3.10751 10.2065
5.44 1.6 13.8943 -2.79745 13.8943
5.44 1.76 15.3433 -2.94403 15.3433
5.44 1.92 15.7383 -3.31633 15.7383
5.44 2.08 15.7551 -3.65871 15.7551
5.44 2.24 15.717 -3.81637 15.717
5.44 2.4 15.7282 -3.73241 15.7282
5.44 2.56 15.7322 -3.43382 15.7322
5.44 2.72 15.4671 -3.04625 15.4671
5.44 2.88 14.3231 -2.81618 14.3231
5.44 3.04 11.095 -3.07155 11.095
5.44 3.2 4.75458 -3.2838 4.75458
5.44 3.36 -1.72215 -0.204274 -1.72215
5.44 3.52 -3.62033 6.67597 -3.62033
5.44 3.68 -3.15185 12.1869 -3.15185
5.44 3.84 -2.9342 14.77 -2.9342
5.44 4 -3.10491 15.6743 -3.10491
5.44 4.16 -3.33931 15.9103 -3.33931
5.44 4.32 -3.43108 15.9513 -3.43108
5.44 4.48 -3.31964 15.9258 -3.31964
5.44 4.64 -3.06303 15.7054 -3.06303
5.44 4.8 -2.87115 14.8011 -2.87115
5.44 4.96 -3.10198 12.1138 -3.10198
5.44 5.12 -3.64384 6.23601 -3.64384
5.44 5.28 -1.62618 -0.97503 -1.62618
5.44 5.44 5.06217 -3.85709 5.06217
5.44 5.6 11.3494 -3.39977 11.3494
5.44 5.76 14.5063 -2.95911 14.5063
5.44 5.92 15.6755 -2.96359 15.6755
5.44 6.08 16.0168 -3.07072 16.0168
5.44 6.24 16.0225 -3.07938 16.0225
5.44 6.4 15.7107 -2.97798 15.7107
5.44 6.56 14.6071 -2.96099 14.6071
5.44 6.72 11.5014 -3.41094 11.5014
5.44 6.88 5.02291 -4.02435 5.02291
5.44 7.04 -2.08191 -1.29871 -2.08191
5.44 7.2 -4.11532 6.07717 -4.11532
5.44 7.36 -3.3184 12.1607 -3.3184
5.44 7.52 1.04718 18.8308 1.04718
5.44 7.68 1.47291 20.145 1.47291
5.44 7.84 -29.1105 -10.0868 -29.1105
5.6 0 -7.05003 12.4922 -7.05003
5.6 0.16 -7.64988 11.8275 -7.64988
5.6 0.32 -4.0697 15.1559 -4.0697
5.6 0.48 -3.29166 15.401 -3.29166
5.6 0.64 -2.83178 14.7993 -2.83178
5.6 0.8 -2.76612 12.6779 -2.76612
5.6 0.96 -3.08032 7.8254 -3.08032
5.6 1.12 -1.79893 1.02625 -1.79893
5.6 1.28 3.75567 -2.90726 3.75567
5.6 1.44 10.1791 -3.11303 10.1791
5.6 1.6 13.8809 -2.80114 13.8809
5.6 1.76 15.3379 -2.94535 15.3379
5.6 1.92 15.7366 -3.3162 15.7366
5.6 2.08 15.7555 -3.65735 15.7555
5.6 2.24 15.7188 -3.81381 15.7188
5.6 2.4 15.7309 -3.7288 15.7309
5.6 2.56 15.7349 -3.42956 15.7349
5.6 2.72 15.4685 -3.04212 15.4685
5.6 2.88 14.3204 -2.81335 14.3204
5.6 3.04 11.0836 -3.0711 11.0836
5.6 3.2 4.73425 -3.28121 4.73425
5.6 3.36 -1.73576 -0.188793 -1.73576
5.6 3.52 -3.62234 6.69478 -3.62234
5.6 3.68 -3.15296 12.1968 -3.15296
5.6 3.84 -2.937 14.7727 -2.937
5.6 4 -3.10797 15.6741 -3.10797
5.6 4.16 -3.34145 15.9094 -3.34145
5.6 4.32 -3.43167 15.9509 -3.43167
5.6 4.48 -3.31869 15.9256 -3.31869
5.6 4.64 -3.0612 15.7041 -3.0612
5.6 4.8 -2.86997 14.7953 -2.86997
5.6 4.96 -3.10327 12.097 -3.10327
5.6 5.12 -3.64308 6.20536 -3.64308
5.6 5.28 -1.60562 -0.998582 -1.60562
5.6 5.44 5.09405 -3.85881 5.09405
5.6 5.6 11.3692 -3.39716 11.3692
5.6 5.76 14.5143 -2.95901 14.5143
5.6 5.92 15.6782 -2.96465 15.6782
5.6 6.08 16.0181 -3.07143 16.0181
5.6 6.24 16.024 -3.07908 16.024
5.6 6.4 15.7134 -2.97643 15.7134
5.6 6.56 14.6122 -2.95806 14.6122
5.6 6.72 11.5112 -3.40659 11.5112
5.6 6.88 5.03809 -4.02164 5.03809
5.6 7.04 -2.07184 -1.30657 -2.07184
5.6 7.2 -4.11586 6.0635 -4.11586
5.6 7.36 -3.32149 12.1511 -3.32149
5.6 7.52 1.04429 18.825 1.04429
5.6 7.68 1.47011 20.1407 1.47011
5.6 7.84 -29.1122 -10.0894 -29.1122
5.76 0 -7.0647 12.4785 -7.0647
5.76 0.16 -7.64763 11.831 -7.64763
5.76 0.32 -4.06728 15.1603 -4.06728
5.76 0.48 -3.28931 15.4071 -3.28931
5.76 0.64 -2.82876 14.8096 -2.82876
5.76 0.8 -2.76165 12.6974 -2.76165
5.76 0.96 -3.07824 7.85691 -3.07824
5.76 1.12 -1.81532 1.05343 -1.81532
5.76 1.28 3.72162 -2.90429 3.72162
5.76 1.44 10.1527 -3.11989 10.1527
5.76 1.6 13.8671 -2.80661 13.8671
5.76 1.76 15.331 -2.94878 15.331
5.76 1.92 15.7331 -3.31819 15.7331
5.76 2.08 15.7541 -3.65794 15.7541
5.76 2.24 15.7189 -3.81291 15.7189
5.76 2.4 15.732 -3.72655 15.732
5.76 2.56 15.736 -3.42646 15.736
5.76 2.72 15.4676 -3.0391 15.4676
5.76 2.88 14.3137 -2.81195 14.3137
5.76 3.04 11.0645 -3.07253 11.0645
5.76 3.2 4.70326 -3.27835 4.70326
5.76 3.36 -1.75521 -0.165727 -1.75521
5.76 3.52 -3.62358 6.72345 -3.62358
5.76 3.68 -3.15217 12.2129 -3.15217
5.76 3.84 -2.93828 14.7788 -2.93828
5.76 4 -3.10964 15.6759 -3.10964
5.76 4.16 -3.34204 15.9103 -3.34204
5.76 4.32 -3.43042 15.952 -3.43042
5.76 4.48 -3.3157 15.9269 -3.3157
5.76 4.64 -3.05738 15.7037 -3.05738
5.76 4.8 -2.86731 14.7887 -2.86731
5.76 4.96 -3.1042 12.0757 -3.1042
5.76 5.12 -3.64184 6.16537 -3.64184
5.76 5.28 -1.57899 -1.0297 -1.57899
5.76 5.44 5.13485 -3.86182 5.13485
5.76 5.6 11.3937 -3.39488 11.3937
5.76 5.76 14.5233 -2.96017 14.5233
5.76 5.92 15.6803 -2.96743 15.6803
5.76 6.08 16.018 -3.07387 16.018
5.76 6.24 16.0241 -3.0803 16.0241
5.76 6.4 15.7144 -2.97619 15.7144
5.76 6.56 14.615 -2.95636 14.615
5.76 6.72 11.5175 -3.40348 11.5175
5.76 6.88 5.04851 -4.01918 5.04851
5.76 7.04 -2.06422 -1.31116 -2.06422
5.76 7.2 -4.11551 6.05446 -4.11551
5.76 7.36 -3.32319 12.1445 -3.32319
5.76 7.52 1.0429 18.8212 1.0429
5.76 7.68 1.4692 20.1384 1.4692
5.76 7.84 -29.1141 -10.0923 -29.1141
5.92 0 -7.06704 12.477 -7.06704
5.92 0.16 -7.645 11.8348 -7.645
5.92 0.32 -4.06533 15.164 -4.06533
5.92 0.48 -3.28733 15.4123 -3.28733
5.92 0.64 -2.82615 14.8185 -2.82615
5.92 0.8 -2.75791 12.7139 -2.75791
5.92 0.96 -3.0767 7.88308 -3.0767
5.92 1.12 -1.82921 1.07557 -1.82921
5.92 1.28 3.69333 -2.90236 3.69333
5.92 1.44 10.1309 -3.12606 10.1309
5.92 1.6 13.8555 -2.81159 13.8555
5.92 1.76 15.3252 -2.95195 15.3252
5.92 1.92 15.7302 -3.31987 15.7302
5.92 2.08 15.7533 -3.658 15.7533
5.92 2.24 15.7197 -3.81115 15.7197
5.92 2.4 15.7338 -3.72313 15.7338
5.92 2.56 15.7376 -3.42202 15.7376
5.92 2.72 15.4664 -3.03485 15.4664
5.92 2.88 14.3044 -2.80989 14.3044
5.92 3.04 11.0385 -3.07419 11.0385
5.92 3.2 4.66128 -3.27385 4.66128
5.92 3.36 -1.78117 -0.133891 -1.78117
5.92 3.52 -3.62513 6.76204 -3.62513
5.92 3.68 -3.15132 12.2339 -3.15132
5.92 3.84 -2.94043 14.786 -2.94043
5.92 4 -3.11268 15.6772 -3.11268
5.92 4.16 -3.34399 15.9099 -3.34399
5.92 4.32 -3.43034 15.9517 -3.43034
5.92 4.48 -3.31357 15.9266 -3.31357
5.92 4.64 -3.05427 15.7012 -3.05427
5.92 4.8 -2.86563 14.7784 -2.86563
5.92 4.96 -3.10682 12.047 -3.10682
5.92 5.12 -3.64104 6.11354 -3.64104
5.92 5.28 -1.54493 -1.06904 -1.54493
5.92 5.44 5.18733 -3.86469 5.18733
5.92 5.6 11.4257 -3.39082 11.4257
5.92 5.76 14.5358 -2.96033 14.5358
5.92 5.92 15.684 -2.96957 15.684
5.92 6.08 16.0191 -3.0756 16.0191
5.92 6.24 16.0249 -3.08059 16.0249
5.92 6.4 15.7159 -2.97487 15.7159
5.92 6.56 14.6173 -2.95374 14.6173
5.92 6.72 11.5209 -3.39993 11.5209
5.92 6.88 5.05355 -4.01569 5.05355
5.92 7.04 -2.06019 -1.31116 -2.06019
5.92 7.2 -4.1155 6.05047 -4.1155
5.92 7.36 -3.32535 12.1398 -3.32535
5.92 7.52 1.03992 18.8167 1.03992
5.92 7.68 1.46586 20.1341 1.46586
5.92 7.84 -29.1163 -10.0951 -29.1163
6.08 0 -7.06412 12.4807 -7.06412
6.08 0.16 -7.64131 11.8394 -7.64131
6.08 0.32 -4.06154 15.1693 -4.06154
6.08 0.48 -3.28363 15.4186 -3.28363
6.08 0.64 -2.8224 14.8272 -2.8224
6.08 0.8 -2.75393 12.7276 -2.75393
6.08 0.96 -3.07525 7.90252 -3.07525
6.08 1.12 -1.83984 1.0903 -1.83984
6.08 1.28 3.67214 -2.90314 3.67214
6.08 1.44 10.1142 -3.13286 10.1142
6.08 1.6 13.8458 -2.81763 13.8458
6.08 1.76 15.3193 -2.95661 15.3193
6.08 1.92 15.7266 -3.3231 15.7266
6.08 2.08 15.7514 -3.65941 15.7514
6.08 2.24 15.7196 -3.81041 15.7196
6.08 2.4 15.7348 -3.72035 15.7348
6.08 2.56 15.7381 -3.41796 15.7381
6.08 2.72 15.4632 -3.03103 15.4632
6.08 2.88 14.2906 -2.80891 14.2906
6.08 3.04 11.0029 -3.07779 11.0029
6.08 3.2 4.60568 -3.26857 4.60568
6.08 3.36 -1.81454 -0.091951 -1.81454
6.08 3.52 -3.62606 6.8131 -3.62606
6.08 3.68 -3.14887 12.2624 -3.14887
6.08 3.84 -2.94174 14.7968 -2.94174
6.08 4 -3.11513 15.6803 -3.11513
6.08 4.16 -3.34523 15.9107 -3.34523
6.08 4.32 -3.42923 15.9525 -3.42923
6.08 4.48 -3.3102 15.9271 -3.3102
6.08 4.64 -3.04996 15.6988 -3.04996
6.08 4.8 -2.8633 14.7662 -2.8633
6.08 4.96 -3.10996 12.0117 -3.10996
6.08 5.12 -3.63998 6.0495 -3.63998
6.08 5.28 -1.50288 -1.11761 -1.50288
6.08 5.44 5.25148 -3.86862 5.25148
6.08 5.6 11.4645 -3.38644 11.4645
6.08 5.76 14.5506 -2.96111 14.5506
6.08 5.92 15.688 -2.97274 15.688
6.08 6.08 16.0197 -3.0783 16.0197
6.08 6.24 16.025 -3.0816 16.025
6.08 6.4 15.7161 -2.97414 15.7161
6.08 6.56 14.617 -2.9519 14.617
6.08 6.72 11.5188 -3.39772 11.5188
6.08 6.88 5.04986 -4.01223 5.04986
6.08 7.04 -2.06132 -1.30487 -2.06132
6.08 7.2 -4.11482 6.05501 -4.11482
6.08 7.36 -3.32618 12.1402 -3.32618
6.08 7.52 1.0379 18.815 1.0379
6.08 7.68 1.4633 20.1316 1.4633
6.08 7.84 -29.1192 -10.098 -29.1192
6.24 0 -7.05781 12.4877 -7.05781
6.24 0.16 -7.63661 11.8449 -7.63661
6.24 0.32 -4.05708 15.1749 -4.05708
6.24 0.48 -3.27953 15.4245 -3.27953
6.24 0.64 -2.81865 14.8341 -2.81865
6.24 0.8 -2.75082 12.7361 -2.75082
6.24 0.96 -3.07469 7.91189 -3.07469
6.24 1.12 -1.846 1.09492 -1.846
6.24 1.28 3.66155 -2.90662 3.66155
6.24 1.44 10.106 -3.13879 10.106
6.24 1.6 13.8406 -2.82291 13.8406
6.24 1.76 15.3159 -2.96079 15.3159
6.24 1.92 15.7247 -3.32571 15.7247
6.24 2.08 15.7513 -3.65981 15.7513
6.24 2.24 15.7213 -3.80821 15.7213
6.24 2.4 15.7375 -3.71576 15.7375
6.24 2.56 15.7399 -3.41198 15.7399
6.24 2.72 15.4599 -3.0256 15.4599
6.24 2.88 14.2737 -2.8073 14.2737
6.24 3.04 10.9582 -3.08215 10.9582
6.24 3.2 4.53579 -3.26157 4.53579
6.24 3.36 -1.85597 -0.038877 -1.85597
6.24 3.52 -3.627 6.87691 -3.627
6.24 3.68 -3.14581 12.2977 -3.14581
6.24 3.84 -2.94341 14.8101 -2.94341
6.24 4 -3.11833 15.684 -3.11833
6.24 4.16 -3.34715 15.9115 -3.34715
6.24 4.32 -3.42854 15.953 -3.42854
6.24 4.48 -3.30694 15.9271 -3.30694
6.24 4.64 -3.04573 15.6951 -3.04573
6.24 4.8 -2.86157 14.7503 -2.86157
6.24 4.96 -3.1148 11.9678 -3.1148
6.24 5.12 -3.63915 5.97115 -3.63915
6.24 5.28 -1.45151 -1.17603 -1.45151
6.24 5.44 5.32966 -3.87251 5.32966
6.24 5.6 11.5122 -3.38 11.5122
6.24 5.76 14.57 -2.96049 14.57
6.24 5.92 15.6947 -2.97477 15.6947
6.24 6.08 16.0222 -3.07969 16.0222
6.24 6.24 16.0267 -3.08107 16.0267
6.24 6.4 15.7173 -2.97181 15.7173
6.24 6.56 14.6157 -2.94898 14.6157
6.24 6.72 11.5112 -3.39553 11.5112
6.24 6.88 5.03605 -4.00784 5.03605
6.24 7.04 -2.069 -1.29057 -2.069
6.24 7.2 -4.11405 6.0696 -4.11405
6.24 7.36 -3.32662 12.1457 -3.32662
6.24 7.52 1.03505 18.8146 1.03505
6.24 7.68 1.45963 20.1292 1.45963
6.24 7.84 -29.1229 -10.1008 -29.1229
6.4 0 -7.04696 12.499 -7.04696
6.4 0.16 -7.63063 11.8512 -7.63063
6.4 0.32 -4.05179 15.1807 -4.05179
6.4 0.48 -3.27461 15.43 -3.27461
6.4 0.64 -2.8145 14.8387 -2.8145
6.4 0.8 -2.74837 12.7381 -2.74837
6.4 0.96 -3.07465 7.90875 -3.07465
6.4 1.12 -1.84587 1.08719 -1.84587
6.4 1.28 3.66452 -2.91318 3.66452
6.4 1.44 10.1078 -3.14394 10.1078
6.4 1.6 13.8394 -2.8284 13.8394
6.4 1.76 15.313 -2.96618 15.313
6.4 1.92 15.7217 -3.32985 15.7217
6.4 2.08 15.7496 -3.66162 15.7496
6.4 2.24 15.7214 -3.80704 15.7214
6.4 2.4 15.7388 -3.71177 15.7388
6.4 2.56 15.7401 -3.40624 15.7401
6.4 2.72 15.454 -3.02035 15.454
6.4 2.88 14.2513 -2.80635 14.2513
6.4 3.04 10.9023 -3.08785 10.9023
6.4 3.2 4.45029 -3.25228 4.45029
6.4 3.36 -1.90532 0.0270952 -1.90532
6.4 3.52 -3.62723 6.95496 -3.62723
6.4 3.68 -3.14156 12.3407 -3.14156
6.4 3.84 -2.94502 14.8263 -2.94502
6.4 4 -3.12196 15.6885 -3.12196
6.4 4.16 -3.34944 15.9123 -3.34944
6.4 4.32 -3.42795 15.9533 -3.42795
6.4 4.48 -3.30352 15.9266 -3.30352
6.4 4.64 -3.04129 15.69 -3.04129
6.4 4.8 -2.86019 14.7307 -2.86019
6.4 4.96 -3.12112 11.9146 -3.12112
6.4 5.12 -3.63798 5.87749 -3.63798
6.4 5.28 -1.38948 -1.24455 -1.38948
6.4 5.44 5.42252 -3.87632 5.42252
6.4 5.6 11.5682 -3.37223 11.5682
6.4 5.76 14.5921 -2.95994 14.5921
6.4 5.92 15.7015 -2.97753 15.7015
6.4 6.08 16.0239 -3.08184 16.0239
6.4 6.24 16.0271 -3.08104 16.0271
6.4 6.4 15.7164 -2.9698 15.7164
6.4 6.56 14.6104 -2.94656 14.6104
6.4 6.72 11.4953 -3.3945 11.4953
6.4 6.88 5.00903 -4.00256 5.00903
6.4 7.04 -2.08466 -1.26607 -2.08466
6.4 7.2 -4.11269 6.09705 -4.11269
6.4 7.36 -3.32589 12.1581 -3.32589
6.4 7.52 1.0317 18.8163 1.0317
6.4 7.68 1.45444 20.1267 1.45444
6.4 7.84 -29.127 -10.103 -29.127
6.56 0 -7.02737 12.5186 -7.02737
6.56 0.16 -7.62383 11.8579 -7.62383
6.56 0.32 -4.04483 15.1871 -4.04483
6.56 0.48 -3.26838 15.435 -3.26838
6.56 0.64 -2.80985 14.8403 -2.80985
6.56 0.8 -2.74669 12.7321 -2.74669
6.56 0.96 -3.07515 7.89037 -3.07515
6.56 1.12 -1.83782 1.0646 -1.83782
6.56 1.28 3.68463 -2.923 3.68463
6.56 1.44 10.1232 -3.14708 10.1232
6.56 1.6 13.8452 -2.83239 13.8452
6.56 1.76 15.3135 -2.97083 15.3135
6.56 1.92 15.7208 -3.3334 15.7208
6.56 2.08 15.7494 -3.66258 15.7494
6.56 2.24 15.7229 -3.80462 15.7229
6.56 2.4 15.7414 -3.7061 15.7414
6.56 2.56 15.7412 -3.39861 15.7412
6.56 2.72 15.4477 -3.01341 15.4477
6.56 2.88 14.225 -2.8047 14.225
6.56 3.04 10.8355 -3.09417 10.8355
6.56 3.2 4.34856 -3.23995 4.34856
6.56 3.36 -1.9626 0.107423 -1.9626
6.56 3.52 -3.62631 7.04842 -3.62631
6.56 3.68 -3.13585 12.3917 -3.13585
6.56 3.84 -2.94645 14.8455 -2.94645
6.56 4 -3.12595 15.6937 -3.12595
6.56 4.16 -3.35206 15.9131 -3.35206
6.56 4.32 -3.42739 15.9532 -3.42739
6.56 4.48 -3.29983 15.9254 -3.29983
6.56 4.64 -3.03656 15.6832 -3.03656
6.56 4.8 -2.85904 14.7068 -2.85904
6.56 4.96 -3.12879 11.8515 -3.12879
6.56 5.12 -3.63596 5.76766 -3.63596
6.56 5.28 -1.31532 -1.32314 -1.31532
6.56 5.44 5.53181 -3.87926 5.53181
6.56 5.6 11.6344 -3.36186 11.6344
6.56 5.76 14.6192 -2.95773 14.6192
6.56 5.92 15.7112 -2.97897 15.7112
6.56 6.08 16.0276 -3.08252 16.0276
6.56 6.24 16.0289 -3.07929 16.0289
6.56 6.4 15.7159 -2.9661 15.7159
6.56 6.56 14.6026 -2.94317 14.6026
6.56 6.72 11.4706 -3.39398 11.4706
6.56 6.88 4.9666 -3.99583 4.9666
6.56 7.04 -2.10962 -1.22889 -2.10962
6.56 7.2 -4.11032 6.14035 -4.11032
6.56 7.36 -3.32353 12.1789 -3.32353
6.56 7.52 1.02871 18.8213 1.02871
6.56 7.68 1.44928 20.1258 1.44928
6.56 7.84 -29.133 -10.1062 -29.133
6.72 0 -6.98794 12.5577 -6.98794
6.72 0.16 -7.61655 11.8644 -7.61655
6.72 0.32 -4.0377 15.1926 -4.0377
6.72 0.48 -3.26235 15.4377 -3.26235
6.72 0.64 -2.80619 14.8367 -2.80619
6.72 0.8 -2.74743 12.7149 -2.74743
6.72 0.96 -3.07762 7.85237 -3.07762
6.72 1.12 -1.82161 1.02321 -1.82161
6.72 1.28 3.72331 -2.93792 3.72331
6.72 1.44 10.1523 -3.14955 10.1523
6.72 1.6 13.8569 -2.83652 13.8569
6.72 1.76 15.3156 -2.97657 15.3156
6.72 1.92 15.7198 -3.33821 15.7198
6.72 2.08 15.7487 -3.66459 15.7487
6.72 2.24 15.7237 -3.80283 15.7237
6.72 2.4 15.7433 -3.70066 15.7433
6.72 2.56 15.741 -3.391 15.741
6.72 2.72 15.4386 -3.00675 15.4386
6.72 2.88 14.1918 -2.80439 14.1918
6.72 3.04 10.7545 -3.10305 10.7545
6.72 3.2 4.22782 -3.22568 4.22782
6.72 3.36 -2.02924 0.201796 -2.02924
6.72 3.52 -3.62545 7.1564 -3.62545
6.72 3.68 -3.13 12.4497 -3.13
6.72 3.84 -2.94902 14.8665 -2.94902
6.72 4 -3.13163 15.6985 -3.13163
6.72 4.16 -3.35634 15.9124 -3.35634
6.72 4.32 -3.42821 15.9514 -3.42821
6.72 4.48 -3.29721 15.9222 -3.29721
6.72 4.64 -3.03288 15.6734 -3.03288
6.72 4.8 -2.85959 14.6769 -2.85959
6.72 4.96 -3.13938 11.776 -3.13938
6.72 5.12 -3.63424 5.63913 -3.63424
6.72 5.28 -1.2294 -1.41331 -1.2294
6.72 5.44 5.65647 -3.88259 5.65647
6.72 5.6 11.7088 -3.35063 11.7088
6.72 5.76 14.6493 -2.95573 14.6493
6.72 5.92 15.7214 -2.98098 15.7214
6.72 6.08 16.031 -3.08361 16.031
6.72 6.24 16.0298 -3.07774 16.0298
6.72 6.4 15.7131 -2.96266 15.7131
6.72 6.56 14.5892 -2.94094 14.5892
6.72 6.72 11.4331 -3.39623 11.4331
6.72 6.88 4.90395 -3.98918 4.90395
6.72 7.04 -2.147 -1.17833 -2.147
6.72 7.2 -4.10821 6.20063 -4.10821
6.72 7.36 -3.3207 12.2082 -3.3207
6.72 7.52 1.02429 18.8283 1.02429
6.72 7.68 1.44185 20.1244 1.44185
6.72 7.84 -29.1406 -10.1095 -29.1406
6.88 0 -6.92153 12.6233 -6.92153
6.88 0.16 -7.60798 11.8714 -7.60798
6.88 0.32 -4.0282 15.1993 -4.0282
6.88 0.48 -3.254 15.4404 -3.254
6.88 0.64 -2.80115 14.8297 -2.80115
6.88 0.8 -2.74858 12.6871 -2.74858
6.88 0.96 -3.08003 7.7939 -3.08003
6.88 1.12 -1.79374 0.962514 -1.79374
6.88 1.28 3.78492 -2.9566 3.78492
6.88 1.44 10.1983 -3.14965 10.1983
6.88 1.6 13.8764 -2.83948 13.8764
6.88 1.76 15.3207 -2.98242 15.3207
6.88 1.92 15.7196 -3.34358 15.7196
6.88 2.08 15.748 -3.66708 15.748
6.88 2.24 15.7244 -3.80117 15.7244
6.88 2.4 15.7449 -3.6949 15.7449
6.88 2.56 15.7402 -3.38277 15.7402
6.88 2.72 15.4272 -2.99957 15.4272
6.88 2.88 14.1524 -2.80447 14.1524
6.88 3.04 10.6596 -3.11327 10.6596
6.88 3.2 4.08882 -3.20727 4.08882
6.88 3.36 -2.10305 0.313251 -2.10305
6.88 3.52 -3.62218 7.28157 -3.62218
6.88 3.68 -3.12149 12.5172 -3.12149
6.88 3.84 -2.95001 14.8921 -2.95001
6.88 4 -3.13611 15.7058 -3.13611
6.88 4.16 -3.35927 15.9137 -3.35927
6.88 4.32 -3.42737 15.9511 -3.42737
6.88 4.48 -3.2927 15.9202 -3.2927
6.88 4.64 -3.02745 15.6634 -3.02745
6.88 4.8 -2.85932 14.6434 -2.85932
6.88 4.96 -3.15067 11.6898 -3.15067
6.88 5.12 -3.63042 5.49313 -3.63042
6.88 5.28 -1.12893 -1.51307 -1.12893
6.88 5.44 5.79822 -3.88455 5.79822
6.88 5.6 11.7925 -3.33735 11.7925
6.88 5.76 14.683 -2.95306 14.683
6.88 5.92 15.7329 -2.98283 15.7329
6.88 6.08 16.0347 -3.0845 16.0347
6.88 6.24 16.0303 -3.07575 16.0303
6.88 6.4 15.7085 -2.95883 15.7085
6.88 6.56 14.5701 -2.93918 14.5701
6.88 6.72 11.3817 -3.40055 11.3817
6.88 6.88 4.81947 -3.98092 4.81947
6.88 7.04 -2.19633 -1.11007 -2.19633
6.88 7.2 -4.10377 6.28288 -4.10377
6.88 7.36 -3.3143 12.2503 -3.3143
6.88 7.52 1.02186 18.8415 1.02186
6.88 7.68 1.4355 20.1265 1.4355
6.88 7.84 -29.148 -10.1111 -29.148
7.04 0 -6.86065 12.6824 -6.86065
7.04 0.16 -7.59793 11.8787 -7.59793
7.04 0.32 -4.01762 15.2051 -4.01762
7.04 0.48 -3.24482 15.4407 -3.24482
7.04 0.64 -2.79612 14.8167 -2.79612
7.04 0.8 -2.7514 12.6454 -2.7514
7.04 0.96 -3.08292 7.711 -3.08292
7.04 1.12 -1.75247 0.880168 -1.75247
7.04 1.28 3.87211 -2.97904 3.87211
7.04 1.44 10.2626 -3.14712 10.2626
7.04 1.6 13.9041 -2.84134 13.9041
7.04 1.76 15.3284 -2.98866 15.3284
7.04 1.92 15.7198 -3.34992 15.7198
7.04 2.08 15.7467 -3.67057 15.7467
7.04 2.24 15.7243 -3.80019 15.7243
7.04 2.4 15.7455 -3.68937 15.7455
7.04 2.56 15.7378 -3.37442 15.7378
7.04 2.72 15.4127 -2.99234 15.4127
7.04 2.88 14.1056 -2.80545 14.1056
7.04 3.04 10.5495 -3.12513 10.5495
7.04 3.2 3.93093 -3.18423 3.93093
7.04 3.36 -2.18366 0.442192 -2.18366
7.04 3.52 -3.61688 7.42276 -3.61688
7.04 3.68 -3.11143 12.5924 -3.11143
7.04 3.84 -2.95074 14.9204 -2.95074
7.04 4 -3.14075 15.7138 -3.14075
7.04 4.16 -3.36225 15.9149 -3.36225
7.04 4.32 -3.42632 15.9506 -3.42632
7.04 4.48 -3.28778 15.9173 -3.28778
7.04 4.64 -3.02176 15.6512 -3.02176
7.04 4.8 -2.85968 14.604 -2.85968
7.04 4.96 -3.16389 11.5903 -3.16389
7.04 5.12 -3.62463 5.3279 -3.62463
7.04 5.28 -1.01313 -1.6223 -1.01313
7.04 5.44 5.95687 -3.885 5.95687
7.04 5.6 11.8848 -3.32231 11.8848
7.04 5.76 14.7197 -2.95005 14.7197
7.04 5.92 15.745 -2.98491 15.745
7.04 6.08 16.038 -3.08559 16.038
7.04 6.24 16.0296 -3.07377 16.0296
7.04 6.4 15.701 -2.95514 15.701
7.04 6.56 14.5438 -2.93859 14.5438
7.04 6.72 11.3137 -3.40779 11.3137
7.04 6.88 4.70992 -3.97105 4.70992
7.04 7.04 -2.25898 -1.02234 -2.25898
7.04 7.2 -4.09733 6.38823 -4.09733
7.04 7.36 -3.30508 12.3047 -3.30508
7.04 7.52 1.02022 18.8597 1.02022
7.04 7.68 1.42912 20.1308 1.42912
7.04 7.84 -29.1554 -10.1113 -29.1554
7.2 0 -6.83893 12.7008 -6.83893
7.2 0.16 -7.58648 11.8857 -7.58648
7.2 0.32 -4.00771 15.2079 -4.00771
7.2 0.48 -3.23701 15.4357 -3.23701
7.2 0.64 -2.79348 14.794 -2.79348
7.2 0.8 -2.75836 12.5851 -2.75836
7.2 0.96 -3.08804 7.59853 -3.08804
7.2 1.12 -1.69738 0.773219 -1.69738
7.2 1.28 3.98535 -3.00598 3.98535
7.2 1.44 10.344 -3.14287 10.344
7.2 1.6 13.9382 -2.84334 13.9382
7.2 1.76 15.3373 -2.99648 15.3373
7.2 1.92 15.7189 -3.35828 15.7189
7.2 2.08 15.7436 -3.67597 15.7436
7.2 2.24 15.7221 -3.80076 15.7221
7.2 2.4 15.7438 -3.68497 15.7438
7.2 2.56 15.7325 -3.36698 15.7325
7.2 2.72 15.3931 -2.98633 15.3931
7.2 2.88 14.0488 -2.80877 14.0488
7.2 3.04 10.4212 -3.13998 10.4212
7.2 3.2 3.75209 -3.15701 3.75209
7.2 3.36 -2.27181 0.587691 -2.27181
7.2 3.52 -3.61127 7.57712 -3.61127
7.2 3.68 -3.10217 12.6719 -3.10217
7.2 3.84 -2.95361 14.9484 -2.95361
7.2 4 -3.14784 15.7198 -3.14784
7.2 4.16 -3.36752 15.9137 -3.36752
7.2 4.32 -3.42726 15.9473 -3.42726
7.2 4.48 -3.28471 15.9109 -3.28471
7.2 4.64 -3.01815 15.6338 -3.01815
7.2 4.8 -2.8631 14.5554 -2.8631
7.2 4.96 -3.18131 11.4741 -3.18131
7.2 5.12 -3.61796 5.14093 -3.61796
7.2 5.28 -0.882441 -1.74134 -0.882441
7.2 5.44 6.13033 -3.88461 6.13033
7.2 5.6 11.9831 -3.30673 11.9831
7.2 5.76 14.7573 -2.94793 14.7573
7.2 5.92 15.756 -2.98834 15.756
7.2 6.08 16.0393 -3.08796 16.0393
7.2 6.24 16.026 -3.07291 16.026
7.2 6.4 15.6885 -2.95285 15.6885
7.2 6.56 14.5073 -2.94062 14.5073
7.2 6.72 11.225 -3.41961 11.225
7.2 6.88 4.57093 -3.96026 4.57093
7.2 7.04 -2.33701 -0.914283 -2.33701
7.2 7.2 -4.09031 6.51615 -4.09031
7.2 7.36 -3.29502 12.3696 -3.29502
7.2 7.52 1.0167 18.8801 1.0167
7.2 7.68 1.41963 20.1341 1.41963
7.2 7.84 -29.1639 -10.1111 -29.1639
7.36 0 -6.82989 12.7044 -6.82989
7.36 0.16 -7.57331 11.8922 -7.57331
7.36 0.32 -3.99426 15.2112 -3.99426
7.36 0.48 -3.22569 15.4291 -3.22569
7.36 0.64 -2.78846 14.7646 -2.78846
7.36 0.8 -2.76478 12.5082 -2.76478
7.36 0.96 -3.09004 7.45822 -3.09004
7.36 1.12 -1.6221 0.645461 -1.6221
7.36 1.28 4.12856 -3.03317 4.12856
7.36 1.44 10.4439 -3.13431 10.4439
7.36 1.6 13.9796 -2.84354 13.9796
7.36 1.76 15.3484 -3.00404 15.3484
7.36 1.92 15.7185 -3.36678 15.7185
7.36 2.08 15.7405 -3.68133 15.7405
7.36 2.24 15.7197 -3.80077 15.7197
7.36 2.4 15.7417 -3.67968 15.7417
7.36 2.56 15.7257 -3.35858 15.7257
7.36 2.72 15.3694 -2.9798 15.3694
7.36 2.88 13.9824 -2.81267 13.9824
7.36 3.04 10.2747 -3.15552 10.2747
7.36 3.2 3.55488 -3.12112 3.55488
7.36 3.36 -2.36184 0.754696 -2.36184
7.36 3.52 -3.60002 7.74796 -3.60002
7.36 3.68 -3.08871 12.7592 -3.08871
7.36 3.84 -2.95361 14.9801 -2.95361
7.36 4 -3.15244 15.728 -3.15244
7.36 4.16 -3.37026 15.9141 -3.37026
7.36 4.32 -3.42531 15.9454 -3.42531
7.36 4.48 -3.27859 15.9054 -3.27859
7.36 4.64 -3.01178 15.6153 -3.01178
7.36 4.8 -2.86478 14.5013 -2.86478
7.36 4.96 -3.19809 11.3441 -3.19809
7.36 5.12 -3.60484 4.9362 -3.60484
7.36 5.28 -0.732307 -1.86471 -0.732307
7.36 5.44 6.31959 -3.87995 6.31959
7.36 5.6 12.0876 -3.28868 12.0876
7.36 5.76 14.7966 -2.94488 14.7966
7.36 5.92 15.7671 -2.99125 15.7671
7.36 6.08 16.0399 -3.08977 16.0399
7.36 6.24 16.0206 -3.07162 16.0206
7.36 6.4 15.6717 -2.95053 15.6717
7.36 6.56 14.4605 -2.94407 14.4605
7.36 6.72 11.1143 -3.4345 11.1143
7.36 6.88 4.40235 -3.94467 4.40235
7.36 7.04 -2.42622 -0.779457 -2.42622
7.36 7.2 -4.07744 6.67162 -4.07744
7.36 7.36 -3.27915 12.449 -3.27915
7.36 7.52 1.01757 18.9081 1.01757
7.36 7.68 1.41423 20.1429 1.41423
7.36 7.84 -29.1724 -10.1102 -29.1724
7.52 0 -6.85127 12.6753 -6.85127
7.52 0.16 -7.55986 11.8967 -7.55986
7.52 0.32 -3.98174 15.2101 -3.98174
7.52 0.48 -3.21514 15.4159 -3.21514
7.52 0.64 -2.78563 14.7221 -2.78563
7.52 0.8 -2.77477 12.407 -2.77477
7.52 0.96 -3.09078 7.28321 -3.09078
7.52 1.12 -1.52514 0.495676 -1.52514
7.52 1.28 4.3002 -3.06005 4.3002
7.52 1.44 10.5584 -3.12238 10.5584
7.52 1.6 14.025 -2.84332 14.025
7.52 1.76 15.3589 -3.01307 15.3589
7.52 1.92 15.7158 -3.37742 15.7158
7.52 2.08 15.7348 -3.68857 15.7348
7.52 2.24 15.7149 -3.80219 15.7149
7.52 2.4 15.7369 -3.67528 15.7369
7.52 2.56 15.7149 -3.35085 15.7149
7.52 2.72 15.3385 -2.97448 15.3385
7.52 2.88 13.9024 -2.8189 13.9024
7.52 3.04 10.1059 -3.17289 10.1059
7.52 3.2 3.33791 -3.07584 3.33791
7.52 3.36 -2.45328 0.941174 -2.45328
7.52 3.52 -3.58589 7.92854 -3.58589
7.52 3.68 -3.07526 12.8476 -3.07526
7.52 3.84 -2.95504 15.01 -2.95504
7.52 4 -3.15855 15.7342 -3.15855
7.52 4.16 -3.37448 15.9123 -3.37448
7.52 4.32 -3.42439 15.9414 -3.42439
7.52 4.48 -3.27335 15.8967 -3.27335
7.52 4.64 -3.00649 15.5914 -3.00649
7.52 4.8 -2.86906 14.4357 -2.86906
7.52 4.96 -3.21794 11.1938 -3.21794
7.52 5.12 -3.58647 4.70948 -3.58647
7.52 5.28 -0.563278 -1.9919 -0.563278
7.52 5.44 6.52022 -3.87164 6.52022
7.52 5.6 12.1933 -3.27025 12.1933
7.52 5.76 14.8336 -2.9431 14.8336
7.52 5.92 15.7753 -2.9956 15.7753
7.52 6.08 16.037 -3.09305 16.037
7.52 6.24 16.0103 -3.07199 16.0103
7.52 6.4 15.647 -2.95043 15.647
7.52 6.56 14.3985 -2.95152 14.3985
7.52 6.72 10.9757 -3.45468 10.9757
7.52 6.88 4.20007 -3.92405 4.20007
7.52 7.04 -2.52665 -0.617552 -2.52665
7.52 7.2 -4.06076 6.84986 -4.06076
7.52 7.36 -3.26142 12.537 -3.26142
7.52 7.52 1.01784 18.9379 1.01784
7.52 7.68 1.40658 20.1509 1.40658
7.52 7.84 -29.1811 -10.1094 -29.1811
7.68 0 13.8913 33.4072 13.8913
7.68 0.16 16.3675 35.812 16.3675
7.68 0.32 19.2981 38.4715 19.2981
7.68 0.48 19.956 38.5551 19.956
7.68 0.64 20.315 37.7627 20.315
7.68 0.8 20.2434 35.3074 20.2434
7.68 0.96 19.867 30.0235 19.867
7.68 1.12 21.4951 23.2231 21.4951
7.68 1.28 27.4195 19.8387 27.4195
7.68 1.44 33.681 19.8926 33.681
7.68 1.6 37.1346 20.2212 37.1346
7.68 1.76 38.4807 20.0904 38.4807
7.68 1.92 38.8636 19.7635 38.8636
7.68 2.08 38.9055 19.4818 38.9055
7.68 2.24 38.8973 19.3849 38.8973
7.68 2.4 38.9131 19.5124 38.9131
7.68 2.56 38.8588 19.8158 38.8588
7.68 2.72 38.4174 20.1485 38.4174
7.68 2.88 36.8658 20.2331 36.8658
7.68 3.04 32.9 19.7988 32.9
7.68 3.2 26.0182 19.9 26.0182
7.68 3.36 20.3587 24.0475 20.3587
7.68 3.52 19.4006 31.0806 19.4006
7.68 3.68 19.9776 35.9714 19.9776
7.68 3.84 20.1323 38.1254 20.1323
7.68 4 19.9614 38.8641 19.9614
7.68 4.16 19.771 39.0582 19.771
7.68 4.32 19.7327 39.0914 19.7327
7.68 4.48 19.8775 39.0303 19.8775
7.68 4.64 20.1149 38.6772 20.1149
7.68 4.8 20.1936 37.4247 20.1936
7.68 4.96 19.7655 34.0242 19.7655
7.68 5.12 19.3745 27.3927 19.3745
7.68 5.28 22.5254 20.78 22.5254
7.68 5.44 29.6825 19.0978 29.6825
7.68 5.6 35.3237 19.7773 35.3237
7.68 5.76 37.941 20.1328 37.941
7.68 5.92 38.8864 20.106 38.8864
7.68 6.08 39.1551 20.0276 39.1551
7.68 6.24 39.1198 20.0517 39.1198
7.68 6.4 38.7182 20.1531 38.7182
7.68 6.56 37.3828 20.102 37.3828
7.68 6.72 33.8103 19.5266 33.8103
7.68 6.88 26.8985 19.0423 26.8985
7.68 7.04 20.2708 22.4791 20.2708
7.68 7.2 18.9246 30.0087 18.9246
7.68 7.36 19.7847 35.6547 19.7847
7.68 7.52 23.9233 41.8718 23.9233
7.68 7.68 22.9095 41.6705 22.9095
7.68 7.84 1.05745 20.1362 1.05745
7.84 0 -42.0029 -22.5324 -42.0029
7.84 0.16 -48.6025 -29.2204 -48.6025
7.84 0.32 -43.9029 -24.8315 -43.9029
7.84 0.48 -42.9533 -24.5322 -42.9533
7.84 0.64 -42.4596 -25.3345 -42.4596
7.84 0.8 -42.3964 -27.9257 -42.3964
7.84 0.96 -42.4542 -33.2961 -42.4542
7.84 1.12 -40.1917 -39.6675 -40.1917
7.84 1.28 -34.1328 -42.5418 -34.1328
7.84 1.44 -28.4066 -42.5602 -28.4066
7.84 1.6 -25.4159 -42.4597 -25.4159
7.84 1.76 -24.3287 -42.7603 -24.3287
7.84 1.92 -24.0918 -43.1985 -24.0918
7.84 2.08 -24.1271 -43.5386 -24.1271
7.84 2.24 -24.1666 -43.6453 -24.1666
7.84 2.4 -24.1454 -43.4801 -24.1454
7.84 2.56 -24.1796 -43.0999 -24.1796
7.84 2.72 -24.6303 -42.6705 -24.6303
7.84 2.88 -26.2845 -42.4814 -26.2845
7.84 3.04 -30.4432 -42.7367 -30.4432
7.84 3.2 -37.197 -42.1067 -37.197
7.84 3.36 -42.2001 -37.4272 -42.2001
7.84 3.52 -42.9706 -30.7332 -42.9706
7.84 3.68 -42.6072 -26.4036 -42.6072
7.84 3.84 -42.6416 -24.581 -42.6416
7.84 4 -42.9288 -24.0132 -42.9288
7.84 4.16 -43.1725 -23.9015 -43.1725
7.84 4.32 -43.2126 -23.9011 -43.2126
7.84 4.48 -43.0242 -23.9673 -43.0242
7.84 4.64 -42.7145 -24.3382 -42.7145
7.84 4.8 -42.5498 -25.6834 -42.5498
7.84 4.96 -42.8509 -29.2994 -42.8509
7.84 5.12 -42.8032 -35.9441 -42.8032
7.84 5.28 -38.9908 -41.921 -38.9908
7.84 5.44 -32.0106 -43.2562 -32.0106
7.84 5.6 -26.9588 -42.7581 -26.9588
7.84 5.76 -24.7059 -42.5912 -24.7059
7.84 5.92 -23.9376 -42.7251 -23.9376
7.84 6.08 -23.7521 -42.8447 -23.7521
7.84 6.24 -23.8252 -42.8078 -23.8252
7.84 6.4 -24.2676 -42.6578 -24.2676
7.84 6.56 -25.7169 -42.6436 -25.7169
7.84 6.72 -29.5255 -43.1058 -29.5255
7.84 6.88 -36.45 -43.1384 -36.45
7.84 7.04 -42.41 -39.0237 -42.41
7.84 7.2 -43.4288 -31.7112 -43.4288
7.84 7.36 -42.7451 -26.6435 -42.7451
7.84 7.52 -38.3498 -20.338 -38.3498
7.84 7.68 -35.411 -16.6546 -35.411
7.84 7.84 -81.1603 -62.0719 -81.1603
