0 0 0.988317 0.0119367 0.00133012
0 0.16 0.986606 0.0137129 0.00126864
0 0.32 0.980092 0.0203795 0.00112167
0 0.48 0.966205 0.0344707 0.000927686
0 0.64 0.93834 0.0625767 0.000723552
0 0.8 0.880733 0.120443 0.000531433
0 0.96 0.761893 0.23949 0.000355666
0 1.12 0.555074 0.446288 0.00019909
0 1.28 0.320903 0.680286 8.72017e-05
0 1.44 0.161505 0.839676 3.26039e-05
0 1.6 0.0804483 0.92081 1.20266e-05
0 1.76 0.0419708 0.959306 4.79666e-06
0 1.92 0.0234026 0.977808 2.15648e-06
0 2.08 0.0147801 0.986312 1.14534e-06
0 2.24 0.012192 0.988763 8.16452e-07
0 2.4 0.0145872 0.98628 9.14477e-07
0 2.56 0.0229547 0.977898 1.54538e-06
0 2.72 0.0412017 0.959701 3.35119e-06
0 2.88 0.0796038 0.921389 8.46105e-06
0 3.04 0.162271 0.838848 2.32684e-05
0 3.2 0.327948 0.67314 6.25841e-05
0 3.36 0.570435 0.430195 0.000140253
0 3.52 0.777962 0.22241 0.000239744
0 3.68 0.893102 0.107343 0.000337705
0 3.84 0.946919 0.0535803 0.000428228
0 4 0.971459 0.0289962 0.000505708
0 4.16 0.981967 0.0183321 0.000558753
0 4.32 0.984245 0.015773 0.000575813
0 4.48 0.979625 0.0200529 0.000552631
0 4.64 0.966002 0.0333751 0.000495097
0 4.8 0.93562 0.0636006 0.0004151
0 4.96 0.868265 0.131008 0.000322482
0 5.12 0.724711 0.274674 0.000220743
0 5.28 0.48771 0.511408 0.000119762
0 5.44 0.257186 0.741744 4.97645e-05
0 5.6 0.122139 0.877046 1.8201e-05
0 5.76 0.0597533 0.939707 6.86373e-06
0 5.92 0.0327875 0.966833 3.00751e-06
0 6.08 0.0227881 0.976904 1.75843e-06
0 6.24 0.0234338 0.976265 1.65317e-06
0 6.4 0.0351981 0.964425 2.62633e-06
0 6.56 0.0660146 0.933436 5.94204e-06
0 6.72 0.138278 0.860942 1.59114e-05
0 6.88 0.294389 0.704582 4.303e-05
0 7.04 0.543741 0.454945 9.75798e-05
0 7.2 0.769195 0.229439 0.000163908
0 7.36 0.892357 0.106343 0.00021926
0 7.52 0.945942 0.0527679 0.000259194
0 7.68 0.966756 0.0319415 0.000283001
0 7.84 0.975067 0.023595 0.000295313
0.16 0 0.988286 0.0119652 0.00133105
0.16 0.16 0.986558 0.0137595 0.00126945
0.16 0.32 0.979999 0.0204615 0.00112212
0.16 0.48 0.966046 0.0346151 0.000927844
0.16 0.64 0.938076 0.0628315 0.000723501
0.16 0.8 0.880282 0.120883 0.000531224
0.16 0.96 0.761222 0.240151 0.00035537
0.16 1.12 0.554426 0.446923 0.000198851
0.16 1.28 0.320578 0.680592 8.70991e-05
0.16 1.44 0.161399 0.839754 3.25727e-05
0.16 1.6 0.0804182 0.920807 1.20177e-05
0.16 1.76 0.0419615 0.95928 4.79397e-06
0.16 1.92 0.0233983 0.977775 2.15551e-06
0.16 2.08 0.0147768 0.986273 1.14484e-06
0.16 2.24 0.0121888 0.988712 8.16043e-07
0.16 2.4 0.0145839 0.986226 9.13964e-07
0.16 2.56 0.02295 0.977851 1.54438e-06
0.16 2.72 0.0411895 0.959674 3.34842e-06
0.16 2.88 0.0795596 0.921403 8.45176e-06
0.16 3.04 0.162107 0.838987 2.32344e-05
0.16 3.2 0.327445 0.673625 6.24682e-05
0.16 3.36 0.569571 0.431054 0.00014001
0.16 3.52 0.777244 0.223127 0.000239484
0.16 3.68 0.892692 0.107756 0.000337484
0.16 3.84 0.946712 0.0537971 0.000428105
0.16 4 0.971351 0.0291134 0.000505653
0.16 4.16 0.981908 0.0184044 0.000558738
0.16 4.32 0.98419 0.0158338 0.000575805
0.16 4.48 0.979549 0.0201301 0.00055261
0.16 4.64 0.965873 0.0335027 0.000495044
0.16 4.8 0.935388 0.0638321 0.000414998
0.16 4.96 0.867842 0.131417 0.000322317
0.16 5.12 0.724119 0.275241 0.00022055
0.16 5.28 0.487281 0.511797 0.000119641
0.16 5.44 0.257049 0.741826 4.97259e-05
0.16 5.6 0.122111 0.877002 1.81908e-05
0.16 5.76 0.0597436 0.93964 6.86056e-06
0.16 5.92 0.0327849 0.966763 3.00613e-06
0.16 6.08 0.0227855 0.976836 1.75745e-06
0.16 6.24 0.0234305 0.976204 1.65203e-06
0.16 6.4 0.0351924 0.964368 2.62421e-06
0.16 6.56 0.0659945 0.933394 5.93636e-06
0.16 6.72 0.138187 0.860958 1.58919e-05
0.16 6.88 0.294035 0.704853 4.29586e-05
0.16 7.04 0.542997 0.455598 9.74098e-05
0.16 7.2 0.768536 0.230076 0.000163713
0.16 7.36 0.891982 0.10672 0.000219092
0.16 7.52 0.945737 0.052974 0.000259031
0.16 7.68 0.966599 0.0320983 0.000282805
0.16 7.84 0.97499 0.023686 0.000295221
0.32 0 0.98844 0.011771 0.00133434
0.32 0.16 0.986815 0.0135189 0.00127288
0.32 0.32 0.980359 0.0200905 0.00112589
0.32 0.48 0.966654 0.0339881 0.000931719
0.32 0.64 0.939186 0.061723 0.000727257
0.32 0.8 0.88228 0.118889 0.000534735
0.32 0.96 0.764542 0.236855 0.00035857
0.32 1.12 0.558353 0.443033 0.000201275
0.32 1.28 0.323065 0.678141 8.82731e-05
0.32 1.44 0.162259 0.838923 3.29444e-05
0.32 1.6 0.0805747 0.920683 1.21096e-05
0.32 1.76 0.0419183 0.959361 4.81175e-06
0.32 1.92 0.0233081 0.977908 2.15541e-06
0.32 2.08 0.0146597 0.986435 1.1396e-06
0.32 2.24 0.0120158 0.988909 8.06596e-07
0.32 2.4 0.0142946 0.986522 8.9627e-07
0.32 2.56 0.0224374 0.978376 1.50717e-06
0.32 2.72 0.0402477 0.960649 3.26105e-06
0.32 2.88 0.0777715 0.923242 8.22876e-06
0.32 3.04 0.158747 0.842391 2.26646e-05
0.32 3.2 0.322174 0.678939 6.12557e-05
0.32 3.36 0.564532 0.436139 0.000138341
0.32 3.52 0.774654 0.225747 0.000237924
0.32 3.68 0.8918 0.108676 0.000335889
0.32 3.84 0.946491 0.0540551 0.000426702
0.32 4 0.971343 0.0291432 0.00050444
0.32 4.16 0.982033 0.0183293 0.000557913
0.32 4.32 0.984406 0.0156567 0.000575559
0.32 4.48 0.979921 0.0197901 0.000553022
0.32 4.64 0.966542 0.0328603 0.000496041
0.32 4.8 0.93666 0.0625953 0.000416446
0.32 4.96 0.870237 0.129034 0.000324098
0.32 5.12 0.728121 0.271241 0.000222506
0.32 5.28 0.491554 0.50751 0.000121174
0.32 5.44 0.25933 0.739485 5.04104e-05
0.32 5.6 0.122806 0.876205 1.83919e-05
0.32 5.76 0.0598074 0.939473 6.90558e-06
0.32 5.92 0.032683 0.96681 3.00891e-06
0.32 6.08 0.0225697 0.977002 1.74559e-06
0.32 6.24 0.0230393 0.976554 1.6254e-06
0.32 6.4 0.0344533 0.96507 2.56399e-06
0.32 6.56 0.0645325 0.934818 5.78508e-06
0.32 6.72 0.135283 0.863773 1.55021e-05
0.32 6.88 0.289104 0.709668 4.21014e-05
0.32 7.04 0.537868 0.460437 9.62013e-05
0.32 7.2 0.765871 0.232715 0.000162657
0.32 7.36 0.891127 0.107608 0.000218213
0.32 7.52 0.945549 0.053186 0.000258207
0.32 7.68 0.966633 0.0320839 0.000282012
0.32 7.84 0.975029 0.0236665 0.000294278
0.48 0 0.988529 0.0116353 0.00133876
0.48 0.16 0.986933 0.0133565 0.00127724
0.48 0.32 0.980561 0.0198447 0.00113015
0.48 0.48 0.967034 0.033573 0.000935711
0.48 0.64 0.939917 0.0609767 0.000730838
0.48 0.8 0.883673 0.117499 0.000537888
0.48 0.96 0.76701 0.234421 0.000361331
0.48 1.12 0.561563 0.439884 0.000203386
0.48 1.28 0.325409 0.675864 8.93653e-05
0.48 1.44 0.163308 0.837942 3.3333e-05
0.48 1.6 0.0809447 0.920384 1.22256e-05
0.48 1.76 0.0420289 0.959322 4.84454e-06
0.48 1.92 0.0233192 0.977966 2.16373e-06
0.48 2.08 0.0146146 0.986544 1.1395e-06
0.48 2.24 0.0119102 0.98906 8.01351e-07
0.48 2.4 0.0140942 0.986761 8.83874e-07
0.48 2.56 0.0220682 0.978791 1.47933e-06
0.48 2.72 0.0395545 0.961404 3.19346e-06
0.48 2.88 0.0764151 0.924669 8.05055e-06
0.48 3.04 0.156076 0.84513 2.21903e-05
0.48 3.2 0.317681 0.683499 6.01827e-05
0.48 3.36 0.559801 0.440932 0.000136738
0.48 3.52 0.771901 0.22854 0.000236328
0.48 3.68 0.890658 0.109848 0.000334386
0.48 3.84 0.94608 0.0544971 0.000425306
0.48 4 0.971224 0.0292924 0.000503241
0.48 4.16 0.982057 0.0183386 0.000557101
0.48 4.32 0.984524 0.0155599 0.000575302
0.48 4.48 0.980168 0.0195587 0.000553377
0.48 4.64 0.967017 0.0323985 0.000496918
0.48 4.8 0.937594 0.0616769 0.0004177
0.48 4.96 0.87209 0.127189 0.000325622
0.48 5.12 0.731445 0.267926 0.0002242
0.48 5.28 0.495502 0.503565 0.000122585
0.48 5.44 0.261794 0.736998 5.11033e-05
0.48 5.6 0.123799 0.875167 1.86254e-05
0.48 5.76 0.0601225 0.939114 6.97188e-06
0.48 5.92 0.0327361 0.966725 3.0239e-06
0.48 6.08 0.0224769 0.97707 1.74224e-06
0.48 6.24 0.0227893 0.976784 1.60793e-06
0.48 6.4 0.0339349 0.965564 2.51928e-06
0.48 6.56 0.0634646 0.93585 5.66749e-06
0.48 6.72 0.133074 0.865917 1.51869e-05
0.48 6.88 0.285118 0.713569 4.13662e-05
0.48 7.04 0.533337 0.464881 9.50607e-05
0.48 7.2 0.763221 0.235363 0.000161537
0.48 7.36 0.890086 0.108671 0.000217191
0.48 7.52 0.945171 0.0535675 0.000257184
0.48 7.68 0.966471 0.0322355 0.000280958
0.48 7.84 0.974931 0.0237487 0.000293172
0.64 0 0.988541 0.0115439 0.00134375
0.64 0.16 0.986964 0.0132471 0.00128208
0.64 0.32 0.980655 0.019679 0.00113465
0.64 0.48 0.967255 0.0332903 0.000939703
0.64 0.64 0.94039 0.0604572 0.00073424
0.64 0.8 0.884651 0.116498 0.000540742
0.64 0.96 0.768858 0.232581 0.000363731
0.64 1.12 0.564135 0.437351 0.000205202
0.64 1.28 0.327444 0.673885 9.03315e-05
0.64 1.44 0.164321 0.836996 3.36952e-05
0.64 1.6 0.0813628 0.920044 1.23421e-05
0.64 1.76 0.0421929 0.959242 4.88133e-06
0.64 1.92 0.0233724 0.977997 2.17523e-06
0.64 2.08 0.0146047 0.986634 1.14177e-06
0.64 2.24 0.0118422 0.989198 7.98368e-07
0.64 2.4 0.0139467 0.986974 8.74637e-07
0.64 2.56 0.021786 0.97914 1.45733e-06
0.64 2.72 0.0390131 0.962017 3.13849e-06
0.64 2.88 0.0753283 0.925823 7.90177e-06
0.64 3.04 0.153861 0.847402 2.17821e-05
0.64 3.2 0.31378 0.68745 5.92219e-05
0.64 3.36 0.555451 0.445322 0.00013523
0.64 3.52 0.769201 0.231257 0.000234772
0.64 3.68 0.88944 0.111069 0.000332934
0.64 3.84 0.945578 0.0550007 0.000423947
0.64 4 0.971027 0.0294906 0.00050207
0.64 4.16 0.982008 0.0183885 0.000556299
0.64 4.32 0.984571 0.0155067 0.000575028
0.64 4.48 0.980325 0.0193899 0.00055367
0.64 4.64 0.967359 0.032042 0.000497686
0.64 4.8 0.938312 0.0609456 0.000418797
0.64 4.96 0.873601 0.125667 0.000326952
0.64 5.12 0.734306 0.265064 0.000225691
0.64 5.28 0.499125 0.499942 0.00012387
0.64 5.44 0.264232 0.734545 5.17673e-05
0.64 5.6 0.124888 0.87406 1.88631e-05
0.64 5.76 0.060537 0.938692 7.04552e-06
0.64 5.92 0.0328645 0.966602 3.04442e-06
0.64 6.08 0.0224524 0.977106 1.7435e-06
0.64 6.24 0.0226247 0.976957 1.59609e-06
0.64 6.4 0.0335548 0.965939 2.48469e-06
0.64 6.56 0.0626505 0.936638 5.57256e-06
0.64 6.72 0.131335 0.867607 1.49242e-05
0.64 6.88 0.281852 0.716778 4.07274e-05
0.64 7.04 0.529424 0.468751 9.40044e-05
0.64 7.2 0.760783 0.237791 0.000160413
0.64 7.36 0.889033 0.109716 0.000216095
0.64 7.52 0.944724 0.0539867 0.000256047
0.64 7.68 0.966223 0.0324372 0.000279764
0.64 7.84 0.974744 0.0238736 0.000291939
0.8 0 0.9885 0.0114881 0.00134892
0.8 0.16 0.986939 0.0131765 0.00128706
0.8 0.32 0.980677 0.0195691 0.00113917
0.8 0.48 0.967366 0.0330985 0.000943586
0.8 0.64 0.940681 0.0600948 0.00073743
0.8 0.8 0.885318 0.115775 0.000543316
0.8 0.96 0.770211 0.231199 0.000365809
0.8 1.12 0.566127 0.435358 0.00020674
0.8 1.28 0.329109 0.67224 9.11575e-05
0.8 1.44 0.165201 0.836151 3.40135e-05
0.8 1.6 0.0817541 0.9197 1.24487e-05
0.8 1.76 0.042362 0.959127 4.9168e-06
0.8 1.92 0.0234387 0.977983 2.18726e-06
0.8 2.08 0.0146108 0.986674 1.14494e-06
0.8 2.24 0.0117958 0.989284 7.96616e-07
0.8 2.4 0.0138331 0.987123 8.67421e-07
0.8 2.56 0.0215617 0.9794 1.43932e-06
0.8 2.72 0.0385751 0.962491 3.0925e-06
0.8 2.88 0.0744325 0.926752 7.77494e-06
0.8 3.04 0.151991 0.849297 2.14269e-05
0.8 3.2 0.310388 0.690862 5.83637e-05
0.8 3.36 0.551524 0.449257 0.000133835
0.8 3.52 0.766661 0.233782 0.000233292
0.8 3.68 0.888237 0.112247 0.00033154
0.8 3.84 0.945046 0.0555071 0.000422639
0.8 4 0.970794 0.0297031 0.00050094
0.8 4.16 0.981918 0.0184567 0.000555518
0.8 4.32 0.984574 0.0154784 0.000574741
0.8 4.48 0.980422 0.0192605 0.000553908
0.8 4.64 0.967609 0.0317535 0.000498356
0.8 4.8 0.93888 0.0603381 0.000419759
0.8 4.96 0.874862 0.12437 0.000328118
0.8 5.12 0.736798 0.262545 0.000227008
0.8 5.28 0.502421 0.49663 0.000125034
0.8 5.44 0.266552 0.732204 5.23877e-05
0.8 5.6 0.125978 0.872953 1.90927e-05
0.8 5.76 0.0609826 0.938237 7.11982e-06
0.8 5.92 0.0330272 0.966442 3.06703e-06
0.8 6.08 0.0224668 0.977099 1.74726e-06
0.8 6.24 0.0225155 0.977069 1.58792e-06
0.8 6.4 0.0332702 0.966212 2.45732e-06
0.8 6.56 0.062019 0.937238 5.49474e-06
0.8 6.72 0.129954 0.868938 1.47037e-05
0.8 6.88 0.27919 0.719383 4.0175e-05
0.8 7.04 0.526124 0.472002 9.30465e-05
0.8 7.2 0.758642 0.239896 0.000159327
0.8 7.36 0.888058 0.110654 0.000214981
0.8 7.52 0.944278 0.0543831 0.000254862
0.8 7.68 0.965954 0.0326405 0.000278509
0.8 7.84 0.974534 0.0240069 0.000290645
0.96 0 0.98841 0.0114614 0.001354
0.96 0.16 0.986865 0.013135 0.00129192
0.96 0.32 0.980637 0.0194991 0.00114353
0.96 0.48 0.967389 0.0329714 0.000947252
0.96 0.64 0.940835 0.0598468 0.000740372
0.96 0.8 0.885754 0.115264 0.000545619
0.96 0.96 0.77117 0.230191 0.000367601
0.96 1.12 0.567609 0.433853 0.000208026
0.96 1.28 0.330399 0.670947 9.18439e-05
0.96 1.44 0.16591 0.83545 3.42813e-05
0.96 1.6 0.0820843 0.919389 1.25405e-05
0.96 1.76 0.0425127 0.959002 4.94837e-06
0.96 1.92 0.0235027 0.977944 2.19845e-06
0.96 2.08 0.0146226 0.986682 1.14823e-06
0.96 2.24 0.0117623 0.989329 7.95509e-07
0.96 2.4 0.0137429 0.987221 8.61573e-07
0.96 2.56 0.0213791 0.979588 1.42425e-06
0.96 2.72 0.0382139 0.962858 3.05344e-06
0.96 2.88 0.0736839 0.927502 7.66593e-06
0.96 3.04 0.150405 0.85088 2.11176e-05
0.96 3.2 0.307454 0.69379 5.76029e-05
0.96 3.36 0.548042 0.452725 0.000132567
0.96 3.52 0.764345 0.23606 0.000231909
0.96 3.68 0.8871 0.113331 0.000330219
0.96 3.84 0.94451 0.0559844 0.000421389
0.96 4 0.970531 0.0299098 0.00049985
0.96 4.16 0.981783 0.0185297 0.000554752
0.96 4.32 0.984523 0.0154634 0.000574433
0.96 4.48 0.980455 0.0191561 0.000554085
0.96 4.64 0.967777 0.0315112 0.000498932
0.96 4.8 0.939328 0.0598186 0.000420602
0.96 4.96 0.875929 0.123242 0.000329145
0.96 5.12 0.738987 0.260315 0.000228177
0.96 5.28 0.505401 0.493624 0.000126084
0.96 5.44 0.268707 0.730023 5.29589e-05
0.96 5.6 0.127018 0.871895 1.93084e-05
0.96 5.76 0.0614242 0.937782 7.19133e-06
0.96 5.92 0.0332012 0.966262 3.08984e-06
0.96 6.08 0.0225028 0.977062 1.75231e-06
0.96 6.24 0.022444 0.977135 1.58227e-06
0.96 6.4 0.0330555 0.966409 2.43545e-06
0.96 6.56 0.0615278 0.937694 5.43073e-06
0.96 6.72 0.128862 0.869978 1.45192e-05
0.96 6.88 0.277052 0.72146 3.97031e-05
0.96 7.04 0.523414 0.474649 9.21965e-05
0.96 7.2 0.756833 0.241644 0.000158309
0.96 7.36 0.887195 0.111448 0.000213889
0.96 7.52 0.943852 0.0547262 0.000253677
0.96 7.68 0.965676 0.0328217 0.000277245
0.96 7.84 0.974305 0.0241289 0.000289339
1.12 0 0.98829 0.0114577 0.00135879
1.12 0.16 0.986759 0.013115 0.0012965
1.12 0.32 0.98056 0.0194584 0.0011476
1.12 0.48 0.967361 0.0328923 0.00095064
1.12 0.64 0.940904 0.0596864 0.000743047
1.12 0.8 0.886025 0.114923 0.000547663
1.12 0.96 0.771819 0.229497 0.000369134
1.12 1.12 0.568653 0.432786 0.000209083
1.12 1.28 0.331336 0.669999 9.23983e-05
1.12 1.44 0.166442 0.834915 3.44986e-05
1.12 1.6 0.0823413 0.919137 1.26161e-05
1.12 1.76 0.042635 0.958892 4.97497e-06
1.12 1.92 0.0235573 0.977904 2.20814e-06
1.12 2.08 0.0146346 0.986682 1.15123e-06
1.12 2.24 0.0117366 0.989363 7.94726e-07
1.12 2.4 0.0136697 0.987298 8.56718e-07
1.12 2.56 0.0212289 0.97974 1.41151e-06
1.12 2.72 0.037914 0.963156 3.02013e-06
1.12 2.88 0.0730574 0.928122 7.57229e-06
1.12 3.04 0.149065 0.85221 2.08496e-05
1.12 3.2 0.304944 0.696289 5.69357e-05
1.12 3.36 0.545012 0.455737 0.000131432
1.12 3.52 0.762295 0.23807 0.000230643
1.12 3.68 0.886071 0.114301 0.000328988
1.12 3.84 0.944007 0.0564168 0.000420214
1.12 4 0.970267 0.0301004 0.000498818
1.12 4.16 0.981627 0.0186001 0.000554014
1.12 4.32 0.98444 0.015455 0.000574116
1.12 4.48 0.980449 0.0190687 0.000554216
1.12 4.64 0.967893 0.031303 0.000499431
1.12 4.8 0.939697 0.0593676 0.000421348
1.12 4.96 0.876852 0.122254 0.000330058
1.12 5.12 0.74092 0.258338 0.000229219
1.12 5.28 0.508081 0.49092 0.00012703
1.12 5.44 0.27068 0.728031 5.34802e-05
1.12 5.6 0.127987 0.870918 1.95077e-05
1.12 5.76 0.0618441 0.937354 7.25842e-06
1.12 5.92 0.0333743 0.966088 3.11189e-06
1.12 6.08 0.0225505 0.977017 1.75795e-06
1.12 6.24 0.0223992 0.97718 1.57844e-06
1.12 6.4 0.0328949 0.966559 2.41802e-06
1.12 6.56 0.0611498 0.938045 5.37846e-06
1.12 6.72 0.128014 0.870783 1.43668e-05
1.12 6.88 0.275376 0.723081 3.9307e-05
1.12 7.04 0.521262 0.476737 9.14596e-05
1.12 7.2 0.755366 0.243036 0.000157383
1.12 7.36 0.886469 0.112085 0.000212857
1.12 7.52 0.943468 0.0550045 0.000252534
1.12 7.68 0.965411 0.0329706 0.000276017
1.12 7.84 0.974079 0.0242308 0.000288069
1.28 0 0.988158 0.011467 0.00136319
1.28 0.16 0.986636 0.0131094 0.0013007
1.28 0.32 0.98046 0.0194388 0.0011513
1.28 0.48 0.967297 0.0328494 0.00095369
1.28 0.64 0.940906 0.0595941 0.000745424
1.28 0.8 0.88616 0.114718 0.000549437
1.28 0.96 0.772201 0.229063 0.000370415
1.28 1.12 0.569305 0.432093 0.000209924
1.28 1.28 0.331945 0.669354 9.28257e-05
1.28 1.44 0.166801 0.834528 3.46652e-05
1.28 1.6 0.0825222 0.918941 1.26747e-05
1.28 1.76 0.042725 0.958799 4.99594e-06
1.28 1.92 0.023599 0.977868 2.21593e-06
1.28 2.08 0.0146439 0.986683 1.15366e-06
1.28 2.24 0.0117156 0.989394 7.94029e-07
1.28 2.4 0.0136096 0.987365 8.52566e-07
1.28 2.56 0.0211048 0.979864 1.4006e-06
1.28 2.72 0.0376651 0.963398 2.99155e-06
1.28 2.88 0.0725345 0.928627 7.49173e-06
1.28 3.04 0.147939 0.853309 2.06182e-05
1.28 3.2 0.302816 0.698387 5.63539e-05
1.28 3.36 0.542409 0.458306 0.000130426
1.28 3.52 0.760507 0.239806 0.000229495
1.28 3.68 0.885157 0.115147 0.000327853
1.28 3.84 0.943546 0.0567975 0.000419118
1.28 4 0.970009 0.0302702 0.000497848
1.28 4.16 0.981462 0.0186643 0.000553311
1.28 4.32 0.98434 0.0154497 0.000573799
1.28 4.48 0.980418 0.0189938 0.000554311
1.28 4.64 0.967972 0.0311222 0.000499864
1.28 4.8 0.94 0.0589733 0.000422006
1.28 4.96 0.877646 0.121386 0.000330866
1.28 5.12 0.742614 0.256589 0.000230144
1.28 5.28 0.510465 0.488499 0.000127874
1.28 5.44 0.272458 0.726222 5.39496e-05
1.28 5.6 0.12887 0.870016 1.96884e-05
1.28 5.76 0.062232 0.936955 7.3198e-06
1.28 5.92 0.0335392 0.965921 3.13243e-06
1.28 6.08 0.0226036 0.976967 1.76367e-06
1.28 6.24 0.0223736 0.977206 1.57589e-06
1.28 6.4 0.0327769 0.966666 2.40414e-06
1.28 6.56 0.0608643 0.938302 5.33602e-06
1.28 6.72 0.12737 0.871379 1.42422e-05
1.28 6.88 0.274097 0.724294 3.89794e-05
1.28 7.04 0.519604 0.478314 9.08323e-05
1.28 7.2 0.754214 0.244093 0.000156557
1.28 7.36 0.885872 0.112569 0.000211903
1.28 7.52 0.943122 0.0552168 0.000251463
1.28 7.68 0.96516 0.0330848 0.000274865
1.28 7.84 0.973862 0.0243096 0.000286871
1.44 0 0.988025 0.0114796 0.00136713
1.44 0.16 0.986506 0.0131123 0.00130445
1.44 0.32 0.980341 0.019434 0.00115458
1.44 0.48 0.967195 0.0328333 0.000956371
1.44 0.64 0.940841 0.0595539 0.000747491
1.44 0.8 0.886168 0.11462 0.000550948
1.44 0.96 0.772349 0.228842 0.000371464
1.44 1.12 0.569621 0.431718 0.000210572
1.44 1.28 0.332271 0.668985 9.3142e-05
1.44 1.44 0.167009 0.834296 3.47877e-05
1.44 1.6 0.0826346 0.918825 1.27183e-05
1.44 1.76 0.0427848 0.958752 5.01189e-06
1.44 1.92 0.0236279 0.977864 2.22197e-06
1.44 2.08 0.0146497 0.986708 1.15555e-06
1.44 2.24 0.0116978 0.989445 7.93382e-07
1.44 2.4 0.0135602 0.987445 8.49035e-07
1.44 2.56 0.021003 0.979992 1.39136e-06
1.44 2.72 0.0374607 0.963619 2.96736e-06
1.44 2.88 0.0721038 0.92906 7.42342e-06
1.44 3.04 0.147006 0.854226 2.04211e-05
1.44 3.2 0.30104 0.700133 5.58542e-05
1.44 3.36 0.540208 0.460459 0.000129546
1.44 3.52 0.758968 0.241274 0.000228468
1.44 3.68 0.884348 0.115867 0.000326816
1.44 3.84 0.943118 0.0571238 0.000418107
1.44 4 0.96975 0.0304169 0.000496947
1.44 4.16 0.981286 0.0187202 0.000552652
1.44 4.32 0.984221 0.0154452 0.000573491
1.44 4.48 0.980359 0.0189284 0.000554379
1.44 4.64 0.96801 0.0309636 0.00050024
1.44 4.8 0.940235 0.0586269 0.000422586
1.44 4.96 0.878314 0.120622 0.000331582
1.44 5.12 0.744085 0.255044 0.000230963
1.44 5.28 0.512569 0.486347 0.000128626
1.44 5.44 0.274046 0.724605 5.43712e-05
1.44 5.6 0.129666 0.869212 1.98518e-05
1.44 5.76 0.0625851 0.936609 7.37573e-06
1.44 5.92 0.0336928 0.965787 3.15145e-06
1.44 6.08 0.0226587 0.976936 1.76937e-06
1.44 6.24 0.0223629 0.977239 1.57443e-06
1.44 6.4 0.0326942 0.96676 2.39343e-06
1.44 6.56 0.060657 0.938501 5.30254e-06
1.44 6.72 0.126901 0.871815 1.41432e-05
1.44 6.88 0.273165 0.725166 3.87158e-05
1.44 7.04 0.518384 0.479443 9.03115e-05
1.44 7.2 0.753341 0.244848 0.000155837
1.44 7.36 0.885386 0.112914 0.000211041
1.44 7.52 0.942806 0.0553665 0.000250479
1.44 7.68 0.964914 0.0331652 0.000273799
1.44 7.84 0.973647 0.0243654 0.000285764
1.6 0 0.987915 0.0114927 0.00137058
1.6 0.16 0.986402 0.0131206 0.00130774
1.6 0.32 0.980249 0.0194405 0.00115747
1.6 0.48 0.967114 0.0328392 0.000958728
1.6 0.64 0.940774 0.0595579 0.000749294
1.6 0.8 0.886125 0.114615 0.000552243
1.6 0.96 0.772349 0.228807 0.000372323
1.6 1.12 0.569686 0.43163 0.000211062
1.6 1.28 0.332369 0.668876 9.33641e-05
1.6 1.44 0.167089 0.83422 3.48718e-05
1.6 1.6 0.0826875 0.918792 1.27486e-05
1.6 1.76 0.0428173 0.958753 5.02324e-06
1.6 1.92 0.0236446 0.977889 2.22635e-06
1.6 2.08 0.0146516 0.986754 1.15688e-06
1.6 2.24 0.0116822 0.98951 7.92734e-07
1.6 2.4 0.0135197 0.987535 8.46018e-07
1.6 2.56 0.0209203 0.980121 1.38358e-06
1.6 2.72 0.0372948 0.963825 2.94704e-06
1.6 2.88 0.0717543 0.929439 7.36614e-06
1.6 3.04 0.146248 0.855 2.02557e-05
1.6 3.2 0.299591 0.701584 5.54323e-05
1.6 3.36 0.538403 0.462252 0.000128794
1.6 3.52 0.757705 0.242504 0.000227571
1.6 3.68 0.883691 0.116474 0.0003259
1.6 3.84 0.942778 0.0574008 0.000417209
1.6 4 0.969551 0.0305423 0.000496148
1.6 4.16 0.981157 0.0187685 0.000552074
1.6 4.32 0.984141 0.0154415 0.000573232
1.6 4.48 0.980332 0.0188718 0.00055446
1.6 4.64 0.968068 0.0308262 0.000500598
1.6 4.8 0.940464 0.0583266 0.000423125
1.6 4.96 0.87892 0.119959 0.000332235
1.6 5.12 0.74539 0.2537 0.000231701
1.6 5.28 0.51443 0.484468 0.000129299
1.6 5.44 0.275456 0.723193 5.47487e-05
1.6 5.6 0.130375 0.868516 1.99986e-05
1.6 5.76 0.062902 0.93632 7.42621e-06
1.6 5.92 0.0338331 0.965683 3.16884e-06
1.6 6.08 0.0227133 0.97692 1.7749e-06
1.6 6.24 0.022363 0.977276 1.57383e-06
1.6 6.4 0.0326398 0.966843 2.38543e-06
1.6 6.56 0.060515 0.938659 5.27686e-06
1.6 6.72 0.12658 0.872132 1.40669e-05
1.6 6.88 0.272533 0.72577 3.85106e-05
1.6 7.04 0.517561 0.480209 8.98935e-05
1.6 7.2 0.752752 0.245354 0.000155231
1.6 7.36 0.885053 0.113142 0.000210292
1.6 7.52 0.942584 0.0554646 0.000249611
1.6 7.68 0.964734 0.0332175 0.000272852
1.6 7.84 0.973477 0.0244016 0.000284775
1.76 0 0.987831 0.0115063 0.00137356
1.76 0.16 0.986321 0.0131327 0.00131058
1.76 0.32 0.980173 0.0194552 0.00115996
1.76 0.48 0.967042 0.0328614 0.000960755
1.76 0.64 0.940699 0.0595957 0.000750836
1.76 0.8 0.886033 0.114682 0.000553331
1.76 0.96 0.772223 0.22892 0.000373007
1.76 1.12 0.569539 0.431769 0.00021141
1.76 1.28 0.332275 0.668968 9.35039e-05
1.76 1.44 0.16706 0.834257 3.49223e-05
1.76 1.6 0.0826886 0.91881 1.27671e-05
1.76 1.76 0.0428255 0.958773 5.03048e-06
1.76 1.92 0.0236501 0.977918 2.22922e-06
1.76 2.08 0.0146494 0.986794 1.15767e-06
1.76 2.24 0.0116679 0.989563 7.92053e-07
1.76 2.4 0.0134861 0.987608 8.43427e-07
1.76 2.56 0.0208533 0.980226 1.37704e-06
1.76 2.72 0.0371614 0.963993 2.93011e-06
1.76 2.88 0.0714738 0.929748 7.31851e-06
1.76 3.04 0.14564 0.855627 2.01181e-05
1.76 3.2 0.298424 0.702762 5.50798e-05
1.76 3.36 0.536944 0.463713 0.000128156
1.76 3.52 0.756684 0.243513 0.000226797
1.76 3.68 0.883165 0.116975 0.000325097
1.76 3.84 0.942512 0.0576314 0.00041642
1.76 4 0.969401 0.0306475 0.00049545
1.76 4.16 0.981065 0.018809 0.000551576
1.76 4.32 0.984089 0.0154379 0.000573023
1.76 4.48 0.980327 0.0188228 0.000554556
1.76 4.64 0.968136 0.0307075 0.000500941
1.76 4.8 0.94068 0.0580671 0.000423626
1.76 4.96 0.879458 0.119386 0.000332831
1.76 5.12 0.746532 0.252537 0.000232363
1.76 5.28 0.516056 0.482833 0.000129898
1.76 5.44 0.276692 0.721956 5.50842e-05
1.76 5.6 0.130998 0.867902 2.01293e-05
1.76 5.76 0.0631817 0.936059 7.47129e-06
1.76 5.92 0.0339587 0.965581 3.18453e-06
1.76 6.08 0.0227653 0.976893 1.78013e-06
1.76 6.24 0.0223708 0.977291 1.57388e-06
1.76 6.4 0.0326077 0.966894 2.37968e-06
1.76 6.56 0.060425 0.938759 5.25783e-06
1.76 6.72 0.126379 0.87233 1.40101e-05
1.76 6.88 0.272144 0.726138 3.83562e-05
1.76 7.04 0.517063 0.480667 8.95677e-05
1.76 7.2 0.752395 0.24565 0.000154734
1.76 7.36 0.884845 0.113271 0.000209655
1.76 7.52 0.942438 0.0555188 0.000248861
1.76 7.68 0.964607 0.0332458 0.000272028
1.76 7.84 0.973354 0.0244212 0.000283915
1.92 0 0.987758 0.0115207 0.00137608
1.92 0.16 0.98625 0.0131475 0.00131297
1.92 0.32 0.980104 0.0194758 0.00116205
1.92 0.48 0.966968 0.0328958 0.000962457
1.92 0.64 0.940608 0.0596588 0.000752121
1.92 0.8 0.885893 0.114804 0.000554218
1.92 0.96 0.771988 0.229145 0.000373529
1.92 1.12 0.569223 0.432083 0.000211634
1.92 1.28 0.332028 0.669217 9.35733e-05
1.92 1.44 0.166944 0.834382 3.49441e-05
1.92 1.6 0.0826481 0.918868 1.27755e-05
1.92 1.76 0.042814 0.958811 5.03415e-06
1.92 1.92 0.0236465 0.977955 2.23077e-06
1.92 2.08 0.0146441 0.986835 1.15801e-06
1.92 2.24 0.0116549 0.989614 7.9134e-07
1.92 2.4 0.0134588 0.987672 8.41201e-07
1.92 2.56 0.0207999 0.980315 1.37158e-06
1.92 2.72 0.0370559 0.96413 2.91607e-06
1.92 2.88 0.0712526 0.929995 7.27917e-06
1.92 3.04 0.14516 0.856127 2.00045e-05
1.92 3.2 0.297502 0.703699 5.47879e-05
1.92 3.36 0.535785 0.464881 0.000127621
1.92 3.52 0.755868 0.244324 0.000226133
1.92 3.68 0.882744 0.117382 0.000324398
1.92 3.84 0.942302 0.05782 0.00041573
1.92 4 0.969287 0.0307342 0.000494844
1.92 4.16 0.981 0.0188424 0.000551153
1.92 4.32 0.984059 0.0154342 0.00057286
1.92 4.48 0.980334 0.0187804 0.000554665
1.92 4.64 0.968204 0.0306052 0.000501268
1.92 4.8 0.940871 0.0578439 0.000424087
1.92 4.96 0.879925 0.118893 0.00033337
1.92 5.12 0.747517 0.251534 0.000232953
1.92 5.28 0.517462 0.48142 0.000130426
1.92 5.44 0.277764 0.720881 5.53794e-05
1.92 5.6 0.13154 0.867363 2.02443e-05
1.92 5.76 0.0634261 0.935824 7.51108e-06
1.92 5.92 0.0340698 0.965482 3.1985e-06
1.92 6.08 0.022814 0.976856 1.785e-06
1.92 6.24 0.022384 0.977289 1.57441e-06
1.92 6.4 0.0325932 0.966918 2.37578e-06
1.92 6.56 0.0603771 0.938813 5.2443e-06
1.92 6.72 0.126275 0.872434 1.39697e-05
1.92 6.88 0.271953 0.726317 3.82448e-05
1.92 7.04 0.516826 0.480874 8.93223e-05
1.92 7.2 0.752223 0.245775 0.000154335
1.92 7.36 0.884735 0.113322 0.000209125
1.92 7.52 0.942351 0.0555379 0.000248232
1.92 7.68 0.964527 0.033255 0.000271338
1.92 7.84 0.973269 0.0244273 0.000283188
2.08 0 0.987658 0.0115354 0.00137813
2.08 0.16 0.98615 0.0131636 0.00131492
2.08 0.32 0.98 0.0194997 0.00116376
2.08 0.48 0.966852 0.0329372 0.000963835
2.08 0.64 0.940464 0.0597377 0.000753153
2.08 0.8 0.885683 0.114962 0.000554915
2.08 0.96 0.771652 0.229447 0.000373909
2.08 1.12 0.568771 0.432521 0.000211757
2.08 1.28 0.331666 0.669584 9.35877e-05
2.08 1.44 0.166764 0.834581 3.49441e-05
2.08 1.6 0.0825762 0.918966 1.27763e-05
2.08 1.76 0.0427875 0.95887 5.0351e-06
2.08 1.92 0.0236357 0.978003 2.2313e-06
2.08 2.08 0.0146362 0.986883 1.15799e-06
2.08 2.24 0.0116429 0.989667 7.90628e-07
2.08 2.4 0.0134366 0.987735 8.39317e-07
2.08 2.56 0.0207581 0.980395 1.3671e-06
2.08 2.72 0.0369742 0.964248 2.90464e-06
2.08 2.88 0.0710818 0.930197 7.24725e-06
2.08 3.04 0.144789 0.856523 1.99124e-05
2.08 3.2 0.296785 0.704431 5.45494e-05
2.08 3.36 0.53487 0.46579 0.000127175
2.08 3.52 0.755202 0.244958 0.000225565
2.08 3.68 0.882375 0.117701 0.000323786
2.08 3.84 0.942091 0.0579691 0.000415119
2.08 4 0.969149 0.0308031 0.000494305
2.08 4.16 0.9809 0.0188684 0.000550777
2.08 4.32 0.983988 0.0154295 0.000572716
2.08 4.48 0.980295 0.0187428 0.000554764
2.08 4.64 0.968217 0.030516 0.000501559
2.08 4.8 0.940993 0.0576504 0.000424498
2.08 4.96 0.880289 0.118468 0.000333848
2.08 5.12 0.748338 0.25067 0.000233473
2.08 5.28 0.518661 0.480202 0.00013089
2.08 5.44 0.278687 0.719956 5.5639e-05
2.08 5.6 0.132009 0.866901 2.03456e-05
2.08 5.76 0.0636382 0.935621 7.54624e-06
2.08 5.92 0.0341675 0.965393 3.21098e-06
2.08 6.08 0.022859 0.976818 1.78954e-06
2.08 6.24 0.0224012 0.977278 1.57537e-06
2.08 6.4 0.0325926 0.966927 2.37348e-06
2.08 6.56 0.0603623 0.938837 5.23551e-06
2.08 6.72 0.126247 0.872468 1.39431e-05
2.08 6.88 0.271913 0.726349 3.81699e-05
2.08 7.04 0.516783 0.480881 8.91449e-05
2.08 7.2 0.752169 0.245761 0.000154022
2.08 7.36 0.884663 0.113306 0.000208688
2.08 7.52 0.942265 0.0555272 0.000247704
2.08 7.68 0.964434 0.0332476 0.000270754
2.08 7.84 0.973171 0.0244219 0.000282574
2.24 0 0.987514 0.0115496 0.00137976
2.24 0.16 0.986002 0.01318 0.00131647
2.24 0.32 0.979839 0.0195248 0.00116511
2.24 0.48 0.966675 0.0329821 0.000964915
2.24 0.64 0.940252 0.059825 0.000753954
2.24 0.8 0.885398 0.11514 0.00055544
2.24 0.96 0.771223 0.229795 0.000374163
2.24 1.12 0.568212 0.433032 0.000211796
2.24 1.28 0.331218 0.670019 9.35587e-05
2.24 1.44 0.166535 0.834818 3.49271e-05
2.24 1.6 0.082481 0.919082 1.27711e-05
2.24 1.76 0.0427494 0.958934 5.03392e-06
2.24 1.92 0.0236193 0.978048 2.23103e-06
2.24 2.08 0.0146263 0.986923 1.15769e-06
2.24 2.24 0.0116319 0.989707 7.89921e-07
2.24 2.4 0.0134186 0.987782 8.37723e-07
2.24 2.56 0.0207255 0.980457 1.36343e-06
2.24 2.72 0.0369115 0.964338 2.89539e-06
2.24 2.88 0.0709514 0.93035 7.22154e-06
2.24 3.04 0.144505 0.856819 1.98381e-05
2.24 3.2 0.29623 0.704976 5.43555e-05
2.24 3.36 0.534142 0.46647 0.000126805
2.24 3.52 0.754636 0.245436 0.000225076
2.24 3.68 0.882015 0.117943 0.000323245
2.24 3.84 0.941843 0.0580827 0.000414571
2.24 4 0.968954 0.0308555 0.000493817
2.24 4.16 0.980735 0.0188874 0.000550432
2.24 4.32 0.983845 0.0154234 0.000572576
2.24 4.48 0.980179 0.0187087 0.000554839
2.24 4.64 0.968148 0.0304374 0.000501806
2.24 4.8 0.941022 0.0574816 0.000424852
2.24 4.96 0.880534 0.118098 0.000334263
2.24 5.12 0.748991 0.249923 0.000233925
2.24 5.28 0.519662 0.479147 0.000131293
2.24 5.44 0.279469 0.719151 5.58653e-05
2.24 5.6 0.132409 0.866496 2.04342e-05
2.24 5.76 0.06382 0.935438 7.57709e-06
2.24 5.92 0.0342522 0.965304 3.22204e-06
2.24 6.08 0.0228998 0.97677 1.79373e-06
2.24 6.24 0.0224204 0.977253 1.57661e-06
2.24 6.4 0.0326016 0.966915 2.37243e-06
2.24 6.56 0.0603714 0.938828 5.23049e-06
2.24 6.72 0.126273 0.872437 1.39276e-05
2.24 6.88 0.27198 0.726255 3.81239e-05
2.24 7.04 0.516866 0.480725 8.90224e-05
2.24 7.2 0.752176 0.245636 0.000153778
2.24 7.36 0.884584 0.113238 0.00020833
2.24 7.52 0.942141 0.0554925 0.000247262
2.24 7.68 0.964294 0.0332269 0.000270264
2.24 7.84 0.973039 0.0244073 0.000282062
2.4 0 0.987343 0.0115628 0.00138107
2.4 0.16 0.98583 0.0131957 0.00131772
2.4 0.32 0.979662 0.0195498 0.0011662
2.4 0.48 0.966485 0.0330278 0.000965796
2.4 0.64 0.940028 0.0599158 0.000754603
2.4 0.8 0.885091 0.115329 0.000555853
2.4 0.96 0.770756 0.230168 0.000374335
2.4 1.12 0.567598 0.433587 0.00021178
2.4 1.28 0.330721 0.670494 9.35013e-05
2.4 1.44 0.166279 0.835079 3.48988e-05
2.4 1.6 0.0823715 0.919207 1.27619e-05
2.4 1.76 0.042704 0.958998 5.03127e-06
2.4 1.92 0.0235992 0.978086 2.2302e-06
2.4 2.08 0.014615 0.986949 1.1572e-06
2.4 2.24 0.0116215 0.989732 7.89233e-07
2.4 2.4 0.0134039 0.987813 8.3638e-07
2.4 2.56 0.0207003 0.980501 1.36046e-06
2.4 2.72 0.0368641 0.964405 2.88799e-06
2.4 2.88 0.0708534 0.930466 7.20107e-06
2.4 3.04 0.144291 0.857039 1.97789e-05
2.4 3.2 0.295808 0.705379 5.42001e-05
2.4 3.36 0.533576 0.466973 0.000126503
2.4 3.52 0.754173 0.24579 0.000224668
2.4 3.68 0.881698 0.118123 0.000322786
2.4 3.84 0.941605 0.058168 0.000414106
2.4 4 0.968754 0.0308949 0.000493407
2.4 4.16 0.980557 0.0189008 0.00055015
2.4 4.32 0.983685 0.0154164 0.000572476
2.4 4.48 0.980042 0.0186781 0.000554927
2.4 4.64 0.968051 0.0303685 0.000502043
2.4 4.8 0.94101 0.0573349 0.000425179
2.4 4.96 0.880711 0.117779 0.000334638
2.4 5.12 0.749521 0.24928 0.000234326
2.4 5.28 0.5205 0.478242 0.000131647
2.4 5.44 0.280132 0.71846 5.60631e-05
2.4 5.6 0.132749 0.866147 2.05116e-05
2.4 5.76 0.0639752 0.935276 7.60415e-06
2.4 5.92 0.0343252 0.965219 3.23183e-06
2.4 6.08 0.0229363 0.976717 1.79759e-06
2.4 6.24 0.0224405 0.977216 1.57806e-06
2.4 6.4 0.0326174 0.966889 2.37236e-06
2.4 6.56 0.0603975 0.938799 5.22845e-06
2.4 6.72 0.126337 0.872366 1.39209e-05
2.4 6.88 0.272123 0.72608 3.81014e-05
2.4 7.04 0.517047 0.480464 8.89468e-05
2.4 7.2 0.752245 0.245438 0.0001536
2.4 7.36 0.884533 0.113137 0.000208052
2.4 7.52 0.94203 0.0554427 0.000246913
2.4 7.68 0.964163 0.0331982 0.000269875
2.4 7.84 0.972907 0.0243873 0.000281654
2.56 0 0.987159 0.0115744 0.00138216
2.56 0.16 0.985648 0.0132106 0.00131876
2.56 0.32 0.979482 0.0195747 0.00116712
2.56 0.48 0.966294 0.0330745 0.00096654
2.56 0.64 0.939804 0.0600098 0.000755151
2.56 0.8 0.884782 0.115526 0.000556193
2.56 0.96 0.770278 0.230558 0.000374457
2.56 1.12 0.566964 0.434169 0.000211731
2.56 1.28 0.330204 0.670995 9.34273e-05
2.56 1.44 0.166009 0.835355 3.48639e-05
2.56 1.6 0.0822541 0.919339 1.27502e-05
2.56 1.76 0.0426541 0.959062 5.02768e-06
2.56 1.92 0.0235767 0.978118 2.22899e-06
2.56 2.08 0.0146029 0.986967 1.15658e-06
2.56 2.24 0.0116118 0.989746 7.88579e-07
2.56 2.4 0.0133917 0.987831 8.35247e-07
2.56 2.56 0.0206805 0.98053 1.35804e-06
2.56 2.72 0.0368276 0.964454 2.88207e-06
2.56 2.88 0.0707789 0.930553 7.18478e-06
2.56 3.04 0.144129 0.857206 1.9732e-05
2.56 3.2 0.295485 0.705683 5.40764e-05
2.56 3.36 0.533134 0.467353 0.00012626
2.56 3.52 0.753796 0.24606 0.000224334
2.56 3.68 0.881421 0.118263 0.000322409
2.56 3.84 0.941384 0.0582349 0.000413726
2.56 4 0.968561 0.030926 0.000493081
2.56 4.16 0.980381 0.0189112 0.00054994
2.56 4.32 0.983524 0.0154101 0.000572426
2.56 4.48 0.979899 0.018652 0.00055504
2.56 4.64 0.967941 0.0303101 0.000502281
2.56 4.8 0.940973 0.057211 0.00042549
2.56 4.96 0.880836 0.11751 0.000334983
2.56 5.12 0.749952 0.248739 0.000234686
2.56 5.28 0.5212 0.477478 0.000131959
2.56 5.44 0.280689 0.717877 5.62358e-05
2.56 5.6 0.133036 0.865851 2.05791e-05
2.56 5.76 0.0641064 0.935136 7.62777e-06
2.56 5.92 0.0343875 0.965141 3.24044e-06
2.56 6.08 0.0229685 0.976662 1.80109e-06
2.56 6.24 0.0224603 0.977174 1.57961e-06
2.56 6.4 0.0326369 0.966855 2.37299e-06
2.56 6.56 0.0604336 0.938756 5.22858e-06
2.56 6.72 0.126425 0.872271 1.39206e-05
2.56 6.88 0.272312 0.725862 3.80967e-05
2.56 7.04 0.517287 0.48015 8.89089e-05
2.56 7.2 0.752356 0.245207 0.000153479
2.56 7.36 0.884505 0.11302 0.000207848
2.56 7.52 0.941937 0.0553871 0.000246651
2.56 7.68 0.964049 0.0331665 0.000269582
2.56 7.84 0.972781 0.024365 0.000281343
2.72 0 0.986966 0.0115835 0.0013831
2.72 0.16 0.985455 0.0132238 0.00131966
2.72 0.32 0.979285 0.0195982 0.00116791
2.72 0.48 0.966088 0.0331201 0.000967184
2.72 0.64 0.939564 0.0601023 0.000755625
2.72 0.8 0.884456 0.11572 0.00055648
2.72 0.96 0.769784 0.230942 0.000374543
2.72 1.12 0.566316 0.434738 0.000211662
2.72 1.28 0.329676 0.671476 9.3344e-05
2.72 1.44 0.165731 0.835605 3.48252e-05
2.72 1.6 0.0821319 0.919442 1.2737e-05
2.72 1.76 0.0426013 0.959099 5.02351e-06
2.72 1.92 0.0235526 0.978126 2.22755e-06
2.72 2.08 0.0145902 0.986962 1.1559e-06
2.72 2.24 0.0116024 0.989737 7.87958e-07
2.72 2.4 0.0133808 0.987823 8.34272e-07
2.72 2.56 0.0206637 0.980528 1.35603e-06
2.72 2.72 0.0367973 0.964465 2.8772e-06
2.72 2.88 0.0707174 0.93059 7.17148e-06
2.72 3.04 0.143995 0.857306 1.96938e-05
2.72 3.2 0.295218 0.705895 5.39759e-05
2.72 3.36 0.532759 0.467636 0.000126061
2.72 3.52 0.753456 0.246267 0.00022406
2.72 3.68 0.881151 0.118372 0.000322101
2.72 3.84 0.941156 0.0582883 0.00041342
2.72 4 0.968353 0.0309512 0.000492826
2.72 4.16 0.980187 0.0189197 0.000549789
2.72 4.32 0.983342 0.0154046 0.000572415
2.72 4.48 0.979732 0.0186298 0.000555169
2.72 4.64 0.967801 0.0302608 0.000502515
2.72 4.8 0.940895 0.0571063 0.000425781
2.72 4.96 0.880897 0.117283 0.000335297
2.72 5.12 0.750276 0.248279 0.000235005
2.72 5.28 0.521761 0.476824 0.000132229
2.72 5.44 0.281144 0.717366 5.63848e-05
2.72 5.6 0.133271 0.865577 2.06372e-05
2.72 5.76 0.0642144 0.934992 7.64812e-06
2.72 5.92 0.0344391 0.965049 3.24791e-06
2.72 6.08 0.0229958 0.976589 1.8042e-06
2.72 6.24 0.0224783 0.977112 1.58114e-06
2.72 6.4 0.0326567 0.966797 2.37401e-06
2.72 6.56 0.060472 0.938684 5.23001e-06
2.72 6.72 0.126517 0.872141 1.39243e-05
2.72 6.88 0.272509 0.725608 3.81032e-05
2.72 7.04 0.517532 0.479805 8.88963e-05
2.72 7.2 0.752461 0.244961 0.000153401
2.72 7.36 0.884463 0.112899 0.0002077
2.72 7.52 0.941824 0.0553298 0.000246457
2.72 7.68 0.963914 0.0331341 0.000269363
2.72 7.84 0.972642 0.0243422 0.000281112
2.88 0 0.986756 0.0115879 0.00138395
2.88 0.16 0.985247 0.013234 0.00132048
2.88 0.32 0.979074 0.0196192 0.00116863
2.88 0.48 0.96586 0.0331623 0.000967771
2.88 0.64 0.939299 0.060189 0.000756053
2.88 0.8 0.884107 0.115902 0.000556737
2.88 0.96 0.76928 0.231301 0.000374614
2.88 1.12 0.565676 0.43527 0.000211591
2.88 1.28 0.329162 0.671922 9.32623e-05
2.88 1.44 0.16546 0.835833 3.47873e-05
2.88 1.6 0.0820118 0.91953 1.2724e-05
2.88 1.76 0.0425487 0.959123 5.01932e-06
2.88 1.92 0.0235283 0.978122 2.22609e-06
2.88 2.08 0.0145773 0.986947 1.15521e-06
2.88 2.24 0.0115932 0.989717 7.87388e-07
2.88 2.4 0.0133708 0.987804 8.33434e-07
2.88 2.56 0.0206487 0.980512 1.35435e-06
2.88 2.72 0.0367705 0.964457 2.87316e-06
2.88 2.88 0.0706631 0.930604 7.1605e-06
2.88 3.04 0.143878 0.857371 1.96624e-05
2.88 3.2 0.294981 0.706055 5.38936e-05
2.88 3.36 0.532416 0.467858 0.000125898
2.88 3.52 0.753124 0.246433 0.000223837
2.88 3.68 0.880867 0.118461 0.000321851
2.88 3.84 0.940903 0.0583327 0.000413177
2.88 4 0.968119 0.0309726 0.000492632
2.88 4.16 0.979965 0.018927 0.000549689
2.88 4.32 0.98313 0.0154001 0.000572437
2.88 4.48 0.979531 0.0186113 0.000555309
2.88 4.64 0.967622 0.0302191 0.000502741
2.88 4.8 0.940767 0.0570176 0.00042605
2.88 4.96 0.880888 0.117089 0.00033558
2.88 5.12 0.750499 0.247886 0.000235287
2.88 5.28 0.522205 0.476261 0.000132465
2.88 5.44 0.281514 0.71692 5.6514e-05
2.88 5.6 0.133464 0.865332 2.06875e-05
2.88 5.76 0.0643029 0.934857 7.66571e-06
2.88 5.92 0.0344815 0.964955 3.25438e-06
2.88 6.08 0.0230186 0.976512 1.80695e-06
2.88 6.24 0.0224939 0.977042 1.58261e-06
2.88 6.4 0.0326749 0.96673 2.37524e-06
2.88 6.56 0.0605086 0.938603 5.23224e-06
2.88 6.72 0.126606 0.872004 1.39305e-05
2.88 6.88 0.272695 0.725349 3.81168e-05
2.88 7.04 0.517755 0.47946 8.89009e-05
2.88 7.2 0.752532 0.244717 0.000153354
2.88 7.36 0.884386 0.11278 0.000207597
2.88 7.52 0.941683 0.0552748 0.000246318
2.88 7.68 0.96375 0.0331032 0.000269205
2.88 7.84 0.972464 0.0243204 0.000280942
3.04 0 0.986517 0.011585 0.00138474
3.04 0.16 0.985002 0.0132396 0.00132122
3.04 0.32 0.978802 0.0196355 0.00116928
3.04 0.48 0.965557 0.0331976 0.000968285
3.04 0.64 0.938953 0.0602631 0.000756426
3.04 0.8 0.883691 0.116059 0.000556962
3.04 0.96 0.768745 0.231615 0.000374676
3.04 1.12 0.565052 0.435735 0.000211528
3.04 1.28 0.328678 0.672314 9.31908e-05
3.04 1.44 0.165208 0.836036 3.47542e-05
3.04 1.6 0.0818997 0.919611 1.27127e-05
3.04 1.76 0.0424992 0.959147 5.01565e-06
3.04 1.92 0.0235051 0.97812 2.2248e-06
3.04 2.08 0.0145649 0.986932 1.15462e-06
3.04 2.24 0.0115844 0.989698 7.86899e-07
3.04 2.4 0.0133612 0.987784 8.32724e-07
3.04 2.56 0.0206343 0.980495 1.35294e-06
3.04 2.72 0.0367448 0.964448 2.86978e-06
3.04 2.88 0.0706113 0.930614 7.15131e-06
3.04 3.04 0.143765 0.857424 1.96361e-05
3.04 3.2 0.29475 0.706184 5.38246e-05
3.04 3.36 0.532063 0.468039 0.000125761
3.04 3.52 0.752746 0.246569 0.000223647
3.04 3.68 0.88051 0.118534 0.000321638
3.04 3.84 0.940566 0.0583689 0.000412969
3.04 4 0.967798 0.03099 0.000492465
3.04 4.16 0.979658 0.0189327 0.000549601
3.04 4.32 0.982831 0.0153959 0.000572451
3.04 4.48 0.979239 0.0185947 0.000555423
3.04 4.64 0.967346 0.0301821 0.000502927
3.04 4.8 0.940533 0.0569386 0.000426274
3.04 4.96 0.880765 0.116917 0.000335817
3.04 5.12 0.750601 0.247536 0.000235527
3.04 5.28 0.522533 0.475762 0.000132669
3.04 5.44 0.28181 0.716527 5.66262e-05
3.04 5.6 0.133621 0.865117 2.07313e-05
3.04 5.76 0.0643753 0.934738 7.68105e-06
3.04 5.92 0.0345162 0.964873 3.26005e-06
3.04 6.08 0.0230372 0.976442 1.80939e-06
3.04 6.24 0.0225069 0.976978 1.58398e-06
3.04 6.4 0.0326905 0.966668 2.37654e-06
3.04 6.56 0.0605403 0.938529 5.23484e-06
3.04 6.72 0.126682 0.871875 1.39378e-05
3.04 6.88 0.27285 0.725101 3.81334e-05
3.04 7.04 0.517916 0.47913 8.89137e-05
3.04 7.2 0.752521 0.244483 0.000153324
3.04 7.36 0.884216 0.112666 0.000207518
3.04 7.52 0.941447 0.0552219 0.000246207
3.04 7.68 0.963492 0.0330736 0.00026908
3.04 7.84 0.972204 0.0242997 0.00028081
3.2 0 0.98627 0.011573 0.00138552
3.2 0.16 0.984738 0.0132401 0.00132195
3.2 0.32 0.978495 0.0196469 0.0011699
3.2 0.48 0.965204 0.0332256 0.000968786
3.2 0.64 0.938555 0.060324 0.000756795
3.2 0.8 0.883237 0.11619 0.000557197
3.2 0.96 0.768208 0.231877 0.00037476
3.2 1.12 0.564471 0.436129 0.000211496
3.2 1.28 0.328243 0.672653 9.31405e-05
3.2 1.44 0.164984 0.836221 3.47301e-05
3.2 1.6 0.0818003 0.919695 1.27044e-05
3.2 1.76 0.0424549 0.959181 5.01302e-06
3.2 1.92 0.023484 0.978129 2.2239e-06
3.2 2.08 0.0145533 0.986929 1.15419e-06
3.2 2.24 0.0115757 0.989689 7.8652e-07
3.2 2.4 0.0133515 0.987775 8.32142e-07
3.2 2.56 0.0206196 0.980491 1.35175e-06
3.2 2.72 0.0367182 0.964454 2.86692e-06
3.2 2.88 0.0705575 0.930641 7.14353e-06
3.2 3.04 0.143648 0.857493 1.96139e-05
3.2 3.2 0.294509 0.706323 5.37669e-05
3.2 3.36 0.531687 0.468219 0.000125648
3.2 3.52 0.752325 0.246699 0.000223493
3.2 3.68 0.880097 0.118603 0.000321468
3.2 3.84 0.940168 0.0584024 0.000412804
3.2 4 0.96742 0.0310058 0.000492335
3.2 4.16 0.979298 0.018938 0.000549536
3.2 4.32 0.982481 0.0153923 0.000572471
3.2 4.48 0.978892 0.0185802 0.000555524
3.2 4.64 0.967006 0.0301496 0.000503088
3.2 4.8 0.940226 0.0568689 0.000426466
3.2 4.96 0.88056 0.116765 0.000336022
3.2 5.12 0.750611 0.247229 0.000235737
3.2 5.28 0.522773 0.475326 0.000132849
3.2 5.44 0.282047 0.716189 5.67259e-05
3.2 5.6 0.133749 0.86494 2.07702e-05
3.2 5.76 0.0644344 0.934647 7.69468e-06
3.2 5.92 0.0345443 0.964812 3.26508e-06
3.2 6.08 0.0230521 0.976391 1.81158e-06
3.2 6.24 0.0225169 0.976932 1.58525e-06
3.2 6.4 0.0327022 0.966626 2.37785e-06
3.2 6.56 0.0605642 0.938478 5.23753e-06
3.2 6.72 0.12674 0.871777 1.39454e-05
3.2 6.88 0.272964 0.724897 3.81511e-05
3.2 7.04 0.518012 0.478847 8.89316e-05
3.2 7.2 0.752436 0.244281 0.000153307
3.2 7.36 0.883975 0.112567 0.00020746
3.2 7.52 0.941149 0.0551757 0.000246125
3.2 7.68 0.963175 0.0330478 0.000268986
3.2 7.84 0.971884 0.0242817 0.000280708
3.36 0 0.98605 0.0115552 0.00138635
3.36 0.16 0.984484 0.013237 0.00132272
3.36 0.32 0.978174 0.0196539 0.00117056
3.36 0.48 0.964819 0.0332463 0.000969311
3.36 0.64 0.938112 0.0603705 0.000757186
3.36 0.8 0.88274 0.116291 0.000557458
3.36 0.96 0.767658 0.232078 0.000374879
3.36 1.12 0.563926 0.43643 0.000211503
3.36 1.28 0.327856 0.672914 9.31166e-05
3.36 1.44 0.164786 0.836363 3.47168e-05
3.36 1.6 0.0817108 0.919751 1.26997e-05
3.36 1.76 0.0424137 0.95919 5.01158e-06
3.36 1.92 0.0234636 0.978111 2.22341e-06
3.36 2.08 0.0145414 0.986895 1.15393e-06
3.36 2.24 0.0115662 0.989649 7.86231e-07
3.36 2.4 0.0133401 0.987737 8.31637e-07
3.36 2.56 0.0206016 0.980463 1.35069e-06
3.36 2.72 0.0366856 0.964444 2.86433e-06
3.36 2.88 0.0704925 0.930662 7.13651e-06
3.36 3.04 0.143509 0.857567 1.9594e-05
3.36 3.2 0.294229 0.706476 5.37163e-05
3.36 3.36 0.53125 0.468414 0.000125552
3.36 3.52 0.751835 0.246838 0.000223369
3.36 3.68 0.879621 0.118674 0.000321337
3.36 3.84 0.939723 0.0584368 0.000412682
3.36 4 0.967008 0.0310221 0.000492244
3.36 4.16 0.97892 0.0189438 0.0005495
3.36 4.32 0.982119 0.0153898 0.000572503
3.36 4.48 0.978527 0.018568 0.000555621
3.36 4.64 0.966632 0.0301213 0.000503231
3.36 4.8 0.939864 0.0568076 0.000426633
3.36 4.96 0.880276 0.11663 0.000336199
3.36 5.12 0.750525 0.246955 0.000235919
3.36 5.28 0.522919 0.474935 0.000133008
3.36 5.44 0.282222 0.715885 5.68143e-05
3.36 5.6 0.133845 0.86477 2.08046e-05
3.36 5.76 0.0644774 0.93455 7.70663e-06
3.36 5.92 0.0345637 0.964738 3.26945e-06
3.36 6.08 0.0230612 0.976322 1.81346e-06
3.36 6.24 0.0225215 0.976867 1.58633e-06
3.36 6.4 0.0327062 0.966569 2.37893e-06
3.36 6.56 0.0605733 0.938421 5.23979e-06
3.36 6.72 0.126766 0.871692 1.39518e-05
3.36 6.88 0.273014 0.724734 3.81666e-05
3.36 7.04 0.51801 0.478623 8.89489e-05
3.36 7.2 0.75226 0.244121 0.000153298
3.36 7.36 0.883664 0.112489 0.00020742
3.36 7.52 0.940793 0.0551395 0.000246064
3.36 7.68 0.96281 0.0330276 0.000268915
3.36 7.84 0.97155 0.0242678 0.000280636
3.52 0 0.98589 0.0115392 0.00138724
3.52 0.16 0.984282 0.0132327 0.00132355
3.52 0.32 0.977889 0.0196577 0.00117129
3.52 0.48 0.964445 0.0332602 0.000969905
3.52 0.64 0.937652 0.0604024 0.000757635
3.52 0.8 0.882208 0.116359 0.000557766
3.52 0.96 0.767087 0.232211 0.000375048
3.52 1.12 0.5634 0.436625 0.000211559
3.52 1.28 0.327499 0.67308 9.31229e-05
3.52 1.44 0.164603 0.836447 3.47159e-05
3.52 1.6 0.0816249 0.919775 1.26994e-05
3.52 1.76 0.0423723 0.959178 5.01159e-06
3.52 1.92 0.0234419 0.978076 2.22345e-06
3.52 2.08 0.014528 0.986845 1.15389e-06
3.52 2.24 0.0115545 0.989593 7.86052e-07
3.52 2.4 0.0133253 0.987685 8.3121e-07
3.52 2.56 0.0205777 0.980425 1.34971e-06
3.52 2.72 0.0366421 0.964428 2.8619e-06
3.52 2.88 0.0704063 0.930682 7.12986e-06
3.52 3.04 0.143329 0.857651 1.95752e-05
3.52 3.2 0.293874 0.706654 5.36693e-05
3.52 3.36 0.530714 0.468642 0.000125469
3.52 3.52 0.751258 0.247 0.000223276
3.52 3.68 0.879095 0.118757 0.000321252
3.52 3.84 0.939267 0.0584757 0.000412612
3.52 4 0.966615 0.0310404 0.000492204
3.52 4.16 0.978585 0.0189509 0.000549504
3.52 4.32 0.981807 0.0153889 0.000572561
3.52 4.48 0.978203 0.0185583 0.000555727
3.52 4.64 0.966276 0.0300976 0.000503368
3.52 4.8 0.939485 0.0567548 0.000426784
3.52 4.96 0.879934 0.116512 0.000336356
3.52 5.12 0.750342 0.246711 0.00023608
3.52 5.28 0.522959 0.474584 0.000133148
3.52 5.44 0.282322 0.715606 5.68922e-05
3.52 5.6 0.133901 0.864605 2.08348e-05
3.52 5.76 0.0645 0.934452 7.71706e-06
3.52 5.92 0.0345718 0.964659 3.27322e-06
3.52 6.08 0.0230627 0.976247 1.81505e-06
3.52 6.24 0.0225186 0.976797 1.58719e-06
3.52 6.4 0.0326988 0.966508 2.37972e-06
3.52 6.56 0.0605606 0.938366 5.24132e-06
3.52 6.72 0.126746 0.871626 1.39562e-05
3.52 6.88 0.272973 0.724621 3.81774e-05
3.52 7.04 0.517885 0.478473 8.89616e-05
3.52 7.2 0.751986 0.244016 0.000153294
3.52 7.36 0.883302 0.112438 0.000207396
3.52 7.52 0.940413 0.0551167 0.000246027
3.52 7.68 0.962445 0.0330149 0.000268872
3.52 7.84 0.97125 0.0242589 0.000280588
3.68 0 0.985849 0.011528 0.00138818
3.68 0.16 0.984185 0.0132282 0.00132444
3.68 0.32 0.97765 0.0196578 0.00117207
3.68 0.48 0.964072 0.0332651 0.000970537
3.68 0.64 0.937144 0.0604146 0.000758112
3.68 0.8 0.881586 0.116383 0.0005581
3.68 0.96 0.766423 0.232255 0.000375253
3.68 1.12 0.562828 0.436683 0.000211658
3.68 1.28 0.327132 0.673118 9.316e-05
3.68 1.44 0.16441 0.83645 3.47283e-05
3.68 1.6 0.0815287 0.919751 1.27036e-05
3.68 1.76 0.0423225 0.959133 5.0132e-06
3.68 1.92 0.023414 0.978015 2.22409e-06
3.68 2.08 0.0145098 0.986772 1.1541e-06
3.68 2.24 0.0115382 0.989516 7.85996e-07
3.68 2.4 0.0133041 0.987615 8.30862e-07
3.68 2.56 0.020543 0.98037 1.3488e-06
3.68 2.72 0.0365791 0.964398 2.85955e-06
3.68 2.88 0.0702838 0.930693 7.12331e-06
3.68 3.04 0.14308 0.857731 1.95566e-05
3.68 3.2 0.293398 0.706842 5.3623e-05
3.68 3.36 0.530012 0.468891 0.000125392
3.68 3.52 0.75053 0.247177 0.000223199
3.68 3.68 0.878477 0.118846 0.000321192
3.68 3.84 0.938783 0.0585171 0.000412573
3.68 4 0.966247 0.0310596 0.00049219
3.68 4.16 0.978306 0.0189587 0.000549526
3.68 4.32 0.981562 0.0153888 0.00057262
3.68 4.48 0.977934 0.0185501 0.000555817
3.68 4.64 0.965938 0.0300764 0.000503476
3.68 4.8 0.939068 0.0567064 0.0004269
3.68 4.96 0.879488 0.116402 0.000336476
3.68 5.12 0.750003 0.246482 0.000236208
3.68 5.28 0.522842 0.474249 0.000133265
3.68 5.44 0.282315 0.715332 5.69588e-05
3.68 5.6 0.133898 0.864434 2.08608e-05
3.68 5.76 0.0644915 0.934342 7.72601e-06
3.68 5.92 0.0345623 0.964568 3.27642e-06
3.68 6.08 0.023052 0.976161 1.81634e-06
3.68 6.24 0.0225034 0.976716 1.58782e-06
3.68 6.4 0.0326735 0.966437 2.38014e-06
3.68 6.56 0.0605146 0.938307 5.24189e-06
3.68 6.72 0.126658 0.871569 1.39577e-05
3.68 6.88 0.272804 0.72455 3.81808e-05
3.68 7.04 0.517581 0.478389 8.89633e-05
3.68 7.2 0.751565 0.243959 0.000153284
3.68 7.36 0.882861 0.112412 0.000207373
3.68 7.52 0.939974 0.055105 0.000245997
3.68 7.68 0.962026 0.0330089 0.000268838
3.68 7.84 0.971072 0.0242546 0.000280549
3.84 0 0.986028 0.0115197 0.00138915
3.84 0.16 0.984408 0.0132228 0.00132535
3.84 0.32 0.977999 0.0196533 0.00117285
3.84 0.48 0.964534 0.0332593 0.000971162
3.84 0.64 0.937721 0.0604037 0.000758584
3.84 0.8 0.88226 0.116359 0.00055844
3.84 0.96 0.767129 0.232201 0.000375487
3.84 1.12 0.563441 0.436594 0.000211804
3.84 1.28 0.327534 0.673033 9.32305e-05
3.84 1.44 0.164624 0.836394 3.47553e-05
3.84 1.6 0.0816358 0.919713 1.27132e-05
3.84 1.76 0.0423776 0.959102 5.01667e-06
3.84 1.92 0.0234435 0.977984 2.22544e-06
3.84 2.08 0.0145261 0.986738 1.15462e-06
3.84 2.24 0.011548 0.989483 7.86103e-07
3.84 2.4 0.0133114 0.987588 8.30625e-07
3.84 2.56 0.0205508 0.980357 1.348e-06
3.84 2.72 0.0365897 0.964405 2.85733e-06
3.84 2.88 0.0702988 0.930733 7.11692e-06
3.84 3.04 0.143102 0.857836 1.95381e-05
3.84 3.2 0.293446 0.707057 5.35773e-05
3.84 3.36 0.530184 0.469165 0.000125319
3.84 3.52 0.7509 0.247368 0.000223132
3.84 3.68 0.878936 0.118941 0.000321146
3.84 3.84 0.939221 0.0585596 0.000412543
3.84 4 0.966624 0.0310787 0.000492177
3.84 4.16 0.978638 0.0189663 0.000549532
3.84 4.32 0.981879 0.0153889 0.000572646
3.84 4.48 0.978278 0.0185426 0.000555858
3.84 4.64 0.966353 0.0300566 0.000503526
3.84 4.8 0.939591 0.0566608 0.000426956
3.84 4.96 0.880141 0.116297 0.000336543
3.84 5.12 0.750767 0.246265 0.000236294
3.84 5.28 0.523577 0.473933 0.000133356
3.84 5.44 0.282799 0.71508 5.70141e-05
3.84 5.6 0.13414 0.864292 2.08829e-05
3.84 5.76 0.0646049 0.934265 7.73363e-06
3.84 5.92 0.0346189 0.964516 3.27912e-06
3.84 6.08 0.0230851 0.976118 1.81739e-06
3.84 6.24 0.0225299 0.976679 1.58825e-06
3.84 6.4 0.0327061 0.966407 2.38021e-06
3.84 6.56 0.0605707 0.938286 5.24147e-06
3.84 6.72 0.126771 0.871554 1.39561e-05
3.84 6.88 0.273034 0.724538 3.81758e-05
3.84 7.04 0.517978 0.478379 8.89508e-05
3.84 7.2 0.75207 0.243951 0.000153261
3.84 7.36 0.883372 0.112408 0.00020734
3.84 7.52 0.940479 0.0551036 0.000245958
3.84 7.68 0.962512 0.0330083 0.000268795
3.84 7.84 0.971327 0.0242546 0.000280507
4 0 0.986327 0.011512 0.00139015
4 0.16 0.984729 0.0132158 0.00132629
4 0.32 0.978385 0.0196438 0.00117365
4 0.48 0.964995 0.0332428 0.0009718
4 0.64 0.93826 0.0603703 0.000759071
4 0.8 0.882872 0.116286 0.000558807
4 0.96 0.76779 0.232052 0.000375766
4 1.12 0.564065 0.436366 0.000212004
4 1.28 0.327968 0.672839 9.33394e-05
4 1.44 0.16485 0.836296 3.47988e-05
4 1.6 0.0817437 0.91968 1.27285e-05
4 1.76 0.0424299 0.959099 5.02215e-06
4 1.92 0.0234698 0.977991 2.22755e-06
4 2.08 0.0145394 0.986748 1.15547e-06
4 2.24 0.0115543 0.989496 7.8638e-07
4 2.4 0.0133135 0.987609 8.30508e-07
4 2.56 0.0205496 0.980392 1.34733e-06
4 2.72 0.0365839 0.964458 2.85531e-06
4 2.88 0.0702829 0.930817 7.11095e-06
4 3.04 0.143065 0.857987 1.95207e-05
4 3.2 0.293393 0.707318 5.35346e-05
4 3.36 0.53022 0.469479 0.000125255
4 3.52 0.751145 0.24758 0.000223084
4 3.68 0.879317 0.119043 0.000321124
4 3.84 0.93963 0.0586042 0.000412536
4 4 0.967013 0.0310983 0.000492177
4 4.16 0.979006 0.0189741 0.000549536
4 4.32 0.98224 0.0153896 0.000572653
4 4.48 0.978657 0.0185363 0.000555863
4 4.64 0.966776 0.0300392 0.00050353
4 4.8 0.940079 0.05662 0.000426964
4 4.96 0.880708 0.116203 0.000336567
4 5.12 0.751405 0.246069 0.000236347
4 5.28 0.524186 0.473654 0.000133426
4 5.44 0.283196 0.714871 5.70591e-05
4 5.6 0.134333 0.864197 2.09011e-05
4 5.76 0.0646923 0.934235 7.73993e-06
4 5.92 0.0346606 0.964513 3.2813e-06
4 6.08 0.0231077 0.976125 1.81819e-06
4 6.24 0.0225456 0.976692 1.58846e-06
4 6.4 0.0327225 0.966427 2.37991e-06
4 6.56 0.0605961 0.938315 5.24008e-06
4 6.72 0.126821 0.871599 1.39515e-05
4 6.88 0.273143 0.724609 3.81632e-05
4 7.04 0.51821 0.478461 8.89263e-05
4 7.2 0.752439 0.244005 0.000153229
4 7.36 0.883807 0.112433 0.000207304
4 7.52 0.94093 0.0551148 0.000245918
4 7.68 0.962947 0.0330146 0.000268753
4 7.84 0.97169 0.0242593 0.000280465
4.16 0 0.986688 0.0115036 0.00139118
4.16 0.16 0.985106 0.0132067 0.00132726
4.16 0.32 0.978802 0.01963 0.0011745
4.16 0.48 0.96546 0.033217 0.000972484
4.16 0.64 0.938777 0.0603166 0.000759599
4.16 0.8 0.883451 0.116169 0.000559214
4.16 0.96 0.768448 0.231811 0.000376097
4.16 1.12 0.564746 0.436003 0.000212263
4.16 1.28 0.328471 0.672537 9.34878e-05
4.16 1.44 0.165115 0.836155 3.48588e-05
4.16 1.6 0.0818664 0.919643 1.27495e-05
4.16 1.76 0.0424871 0.959108 5.02957e-06
4.16 1.92 0.0234973 0.978017 2.23037e-06
4.16 2.08 0.0145525 0.986779 1.15661e-06
4.16 2.24 0.0115594 0.989532 7.86812e-07
4.16 2.4 0.0133131 0.987656 8.30506e-07
4.16 2.56 0.0205433 0.980454 1.3468e-06
4.16 2.72 0.0365682 0.964541 2.85355e-06
4.16 2.88 0.0702482 0.930938 7.1056e-06
4.16 3.04 0.142991 0.858179 1.9505e-05
4.16 3.2 0.293272 0.707626 5.34975e-05
4.16 3.36 0.530162 0.469834 0.000125206
4.16 3.52 0.751302 0.247816 0.000223067
4.16 3.68 0.87964 0.119155 0.000321146
4.16 3.84 0.940021 0.0586532 0.000412579
4.16 4 0.967421 0.0311198 0.000492226
4.16 4.16 0.979415 0.0189832 0.000549578
4.16 4.32 0.98265 0.0153918 0.000572679
4.16 4.48 0.979076 0.0185327 0.000555869
4.16 4.64 0.967213 0.0300267 0.000503519
4.16 4.8 0.940544 0.0565884 0.000426947
4.16 4.96 0.881209 0.116128 0.000336561
4.16 5.12 0.751945 0.245908 0.000236371
4.16 5.28 0.524693 0.473427 0.000133473
4.16 5.44 0.283524 0.714716 5.70926e-05
4.16 5.6 0.134489 0.864146 2.09149e-05
4.16 5.76 0.064761 0.934242 7.7446e-06
4.16 5.92 0.0346919 0.964542 3.28284e-06
4.16 6.08 0.0231229 0.976164 1.81865e-06
4.16 6.24 0.0225536 0.976737 1.58841e-06
4.16 6.4 0.032727 0.966481 2.37922e-06
4.16 6.56 0.0605978 0.938384 5.23769e-06
4.16 6.72 0.126819 0.871702 1.3944e-05
4.16 6.88 0.27315 0.724769 3.81435e-05
4.16 7.04 0.518296 0.47865 8.88927e-05
4.16 7.2 0.75269 0.244132 0.000153197
4.16 7.36 0.884176 0.112493 0.000207279
4.16 7.52 0.941347 0.0551428 0.000245897
4.16 7.68 0.963366 0.0330306 0.000268733
4.16 7.84 0.972087 0.0242704 0.000280443
4.32 0 0.987051 0.0114936 0.00139217
4.32 0.16 0.985468 0.0131947 0.00132819
4.32 0.32 0.979167 0.0196102 0.00117529
4.32 0.48 0.965854 0.0331793 0.000973126
4.32 0.64 0.93922 0.0602389 0.000760102
4.32 0.8 0.883975 0.116001 0.00055962
4.32 0.96 0.769108 0.231469 0.000376455
4.32 1.12 0.56551 0.43549 0.000212571
4.32 1.28 0.329068 0.672116 9.36724e-05
4.32 1.44 0.165434 0.835963 3.49346e-05
4.32 1.6 0.0820131 0.919597 1.2776e-05
4.32 1.76 0.0425545 0.959128 5.03884e-06
4.32 1.92 0.0235293 0.978064 2.23387e-06
4.32 2.08 0.0145674 0.986837 1.15805e-06
4.32 2.24 0.011565 0.989598 7.87403e-07
4.32 2.4 0.013312 0.987731 8.30637e-07
4.32 2.56 0.0205351 0.980543 1.34645e-06
4.32 2.72 0.0365484 0.964652 2.85216e-06
4.32 2.88 0.0702046 0.931086 7.10118e-06
4.32 3.04 0.142898 0.858399 1.9492e-05
4.32 3.2 0.293113 0.707958 5.34678e-05
4.32 3.36 0.530035 0.470204 0.000125174
4.32 3.52 0.751369 0.248057 0.000223077
4.32 3.68 0.879872 0.119267 0.0003212
4.32 3.84 0.94033 0.0587009 0.000412652
4.32 4 0.967758 0.0311402 0.000492292
4.32 4.16 0.979762 0.0189919 0.00054962
4.32 4.32 0.983002 0.0153946 0.000572683
4.32 4.48 0.979433 0.0185309 0.000555834
4.32 4.64 0.967577 0.030018 0.000503455
4.32 4.8 0.94092 0.0565646 0.000426873
4.32 4.96 0.881606 0.116068 0.000336503
4.32 5.12 0.75237 0.245782 0.000236352
4.32 5.28 0.525098 0.473254 0.00013349
4.32 5.44 0.283789 0.714613 5.71113e-05
4.32 5.6 0.134615 0.864139 2.0923e-05
4.32 5.76 0.064815 0.934286 7.74726e-06
4.32 5.92 0.0347154 0.964608 3.2836e-06
4.32 6.08 0.023133 0.976238 1.81875e-06
4.32 6.24 0.0225564 0.976817 1.58809e-06
4.32 6.4 0.0327229 0.966569 2.37814e-06
4.32 6.56 0.0605815 0.938493 5.23434e-06
4.32 6.72 0.126775 0.871857 1.39338e-05
4.32 6.88 0.273065 0.725008 3.81168e-05
4.32 7.04 0.518241 0.478931 8.88492e-05
4.32 7.2 0.752802 0.24432 0.00015316
4.32 7.36 0.884428 0.112583 0.000207257
4.32 7.52 0.941647 0.0551839 0.000245882
4.32 7.68 0.963665 0.0330536 0.000268721
4.32 7.84 0.972438 0.0242871 0.000280437
4.48 0 0.98738 0.0114818 0.00139304
4.48 0.16 0.985802 0.0131796 0.001329
4.48 0.32 0.979518 0.0195845 0.00117599
4.48 0.48 0.966226 0.0331299 0.00097369
4.48 0.64 0.939634 0.0601367 0.00076055
4.48 0.8 0.884483 0.115781 0.000559998
4.48 0.96 0.7698 0.231022 0.000376819
4.48 1.12 0.566366 0.434813 0.00021291
4.48 1.28 0.329759 0.671541 9.38847e-05
4.48 1.44 0.165805 0.835674 3.50228e-05
4.48 1.6 0.0821835 0.9195 1.28069e-05
4.48 1.76 0.0426323 0.959122 5.04961e-06
4.48 1.92 0.0235659 0.978099 2.23791e-06
4.48 2.08 0.0145845 0.98689 1.15972e-06
4.48 2.24 0.0115715 0.98966 7.88133e-07
4.48 2.4 0.013311 0.987802 8.30903e-07
4.48 2.56 0.0205261 0.980626 1.34631e-06
4.48 2.72 0.0365263 0.964752 2.85123e-06
4.48 2.88 0.070156 0.931216 7.09792e-06
4.48 3.04 0.142795 0.858594 1.94822e-05
4.48 3.2 0.292933 0.708261 5.34464e-05
4.48 3.36 0.529877 0.470548 0.000125161
4.48 3.52 0.751398 0.248282 0.000223116
4.48 3.68 0.880066 0.119371 0.000321289
4.48 3.84 0.940608 0.058744 0.000412758
4.48 4 0.968074 0.0311581 0.000492383
4.48 4.16 0.980094 0.0189996 0.000549667
4.48 4.32 0.983342 0.0153978 0.00057267
4.48 4.48 0.979773 0.0185313 0.00055576
4.48 4.64 0.967915 0.0300142 0.000503337
4.48 4.8 0.941254 0.0565509 0.000426741
4.48 4.96 0.881938 0.116031 0.000336387
4.48 5.12 0.752704 0.245696 0.000236278
4.48 5.28 0.525398 0.473132 0.000133467
4.48 5.44 0.283977 0.714541 5.71088e-05
4.48 5.6 0.134702 0.86414 2.09231e-05
4.48 5.76 0.0648512 0.93433 7.74714e-06
4.48 5.92 0.0347298 0.964675 3.28333e-06
4.48 6.08 0.0231373 0.976316 1.81837e-06
4.48 6.24 0.0225537 0.976901 1.58746e-06
4.48 6.4 0.0327104 0.966659 2.37666e-06
4.48 6.56 0.0605475 0.938601 5.23004e-06
4.48 6.72 0.126691 0.872022 1.39206e-05
4.48 6.88 0.272895 0.725288 3.80828e-05
4.48 7.04 0.518067 0.479286 8.87959e-05
4.48 7.2 0.752816 0.244564 0.000153122
4.48 7.36 0.884621 0.1127 0.000207244
4.48 7.52 0.941939 0.055238 0.000245883
4.48 7.68 0.964009 0.0330841 0.000268729
4.48 7.84 0.972759 0.0243087 0.00028045
4.64 0 0.987653 0.0114685 0.00139371
4.64 0.16 0.986079 0.0131616 0.00132963
4.64 0.32 0.979807 0.0195532 0.00117653
4.64 0.48 0.966537 0.0330692 0.000974132
4.64 0.64 0.939999 0.0600114 0.000760912
4.64 0.8 0.884974 0.115512 0.00056033
4.64 0.96 0.770537 0.230478 0.00037718
4.64 1.12 0.567334 0.433991 0.000213278
4.64 1.28 0.33056 0.670841 9.41233e-05
4.64 1.44 0.166238 0.835318 3.5123e-05
4.64 1.6 0.0823819 0.919372 1.28419e-05
4.64 1.76 0.0427224 0.959102 5.0617e-06
4.64 1.92 0.0236081 0.978125 2.24242e-06
4.64 2.08 0.0146043 0.986937 1.16158e-06
4.64 2.24 0.0115795 0.989716 7.88997e-07
4.64 2.4 0.0133114 0.987867 8.31334e-07
4.64 2.56 0.0205188 0.980703 1.34648e-06
4.64 2.72 0.0365069 0.964845 2.85101e-06
4.64 2.88 0.0701121 0.931337 7.09662e-06
4.64 3.04 0.142701 0.858774 1.9478e-05
4.64 3.2 0.292769 0.708536 5.34402e-05
4.64 3.36 0.529728 0.470857 0.000125178
4.64 3.52 0.751409 0.24848 0.000223199
4.64 3.68 0.880217 0.119459 0.000321427
4.64 3.84 0.940828 0.0587788 0.00041291
4.64 4 0.968325 0.0311718 0.000492506
4.64 4.16 0.980359 0.0190055 0.000549726
4.64 4.32 0.983611 0.0154014 0.000572641
4.64 4.48 0.980042 0.0185344 0.000555647
4.64 4.64 0.968179 0.0300167 0.000503165
4.64 4.8 0.941511 0.056551 0.000426548
4.64 4.96 0.882186 0.116023 0.000336211
4.64 5.12 0.752935 0.245672 0.000236151
4.64 5.28 0.525585 0.473098 0.0001334
4.64 5.44 0.284086 0.714537 5.70832e-05
4.64 5.6 0.13475 0.864174 2.09142e-05
4.64 5.76 0.0648696 0.93439 7.74382e-06
4.64 5.92 0.0347355 0.96475 3.28185e-06
4.64 6.08 0.0231365 0.9764 1.81747e-06
4.64 6.24 0.0225467 0.976989 1.58654e-06
4.64 6.4 0.0326918 0.966754 2.37489e-06
4.64 6.56 0.0605005 0.938719 5.22514e-06
4.64 6.72 0.126575 0.87221 1.39058e-05
4.64 6.88 0.272655 0.725624 3.8045e-05
4.64 7.04 0.517783 0.479719 8.87404e-05
4.64 7.2 0.752725 0.244865 0.000153093
4.64 7.36 0.884724 0.112845 0.000207252
4.64 7.52 0.942142 0.0553048 0.000245913
4.64 7.68 0.964256 0.0331217 0.000268771
4.64 7.84 0.973009 0.0243352 0.000280498
4.8 0 0.987882 0.0114553 0.00139413
4.8 0.16 0.986314 0.0131417 0.00133002
4.8 0.32 0.980055 0.0195171 0.00117687
4.8 0.48 0.966812 0.0329985 0.000974413
4.8 0.64 0.940339 0.0598653 0.000761156
4.8 0.8 0.885467 0.115199 0.000560588
4.8 0.96 0.771325 0.229845 0.000377515
4.8 1.12 0.568413 0.433036 0.000213659
4.8 1.28 0.331466 0.670026 9.43811e-05
4.8 1.44 0.166729 0.8349 3.52322e-05
4.8 1.6 0.0826068 0.919216 1.28799e-05
4.8 1.76 0.042824 0.959069 5.07475e-06
4.8 1.92 0.0236556 0.978144 2.24724e-06
4.8 2.08 0.0146268 0.986978 1.1636e-06
4.8 2.24 0.0115895 0.989769 7.89986e-07
4.8 2.4 0.0133139 0.987928 8.3196e-07
4.8 2.56 0.0205148 0.980773 1.34706e-06
4.8 2.72 0.0364934 0.96493 2.8518e-06
4.8 2.88 0.0700801 0.931445 7.09809e-06
4.8 3.04 0.142633 0.858927 1.94819e-05
4.8 3.2 0.29265 0.708759 5.34551e-05
4.8 3.36 0.529629 0.471096 0.000125236
4.8 3.52 0.75144 0.248627 0.000223336
4.8 3.68 0.880359 0.119522 0.000321626
4.8 3.84 0.941026 0.0588013 0.000413124
4.8 4 0.968546 0.0311796 0.000492682
4.8 4.16 0.980589 0.0190093 0.000549816
4.8 4.32 0.983844 0.0154056 0.000572617
4.8 4.48 0.980271 0.0185411 0.00055551
4.8 4.64 0.968399 0.0300278 0.000502948
4.8 4.8 0.941715 0.0565691 0.000426298
4.8 4.96 0.88236 0.116054 0.000335974
4.8 5.12 0.753056 0.245725 0.000235961
4.8 5.28 0.525641 0.473176 0.000133282
4.8 5.44 0.284101 0.714621 5.70297e-05
4.8 5.6 0.134751 0.864257 2.08943e-05
4.8 5.76 0.0648665 0.934472 7.73667e-06
4.8 5.92 0.0347308 0.964835 3.27896e-06
4.8 6.08 0.02313 0.976489 1.81598e-06
4.8 6.24 0.0225357 0.977081 1.58532e-06
4.8 6.4 0.0326683 0.966853 2.37296e-06
4.8 6.56 0.0604435 0.938846 5.22003e-06
4.8 6.72 0.126434 0.872421 1.38905e-05
4.8 6.88 0.272357 0.726008 3.80067e-05
4.8 7.04 0.517411 0.480219 8.86889e-05
4.8 7.2 0.752551 0.245214 0.000153083
4.8 7.36 0.884762 0.113014 0.000207295
4.8 7.52 0.942289 0.0553833 0.000245991
4.8 7.68 0.964444 0.0331659 0.000268866
4.8 7.84 0.973213 0.0243665 0.000280603
4.96 0 0.98809 0.0114447 0.00139422
4.96 0.16 0.986533 0.0131213 0.00133011
4.96 0.32 0.980294 0.0194776 0.00117695
4.96 0.48 0.967085 0.03292 0.00097449
4.96 0.64 0.940686 0.0597024 0.000761248
4.96 0.8 0.885981 0.11485 0.000560745
4.96 0.96 0.772169 0.229137 0.000377799
4.96 1.12 0.569586 0.431962 0.000214032
4.96 1.28 0.332458 0.669098 9.46456e-05
4.96 1.44 0.167267 0.834406 3.53454e-05
4.96 1.6 0.0828513 0.919008 1.29192e-05
4.96 1.76 0.0429337 0.958993 5.08808e-06
4.96 1.92 0.0237065 0.978126 2.25212e-06
4.96 2.08 0.0146511 0.986984 1.16564e-06
4.96 2.24 0.0116012 0.989786 7.91061e-07
4.96 2.4 0.0133189 0.987953 8.32788e-07
4.96 2.56 0.020515 0.980805 1.3481e-06
4.96 2.72 0.036488 0.964971 2.85379e-06
4.96 2.88 0.0700649 0.931502 7.10294e-06
4.96 3.04 0.1426 0.859011 1.94956e-05
4.96 3.2 0.292603 0.708882 5.34962e-05
4.96 3.36 0.529618 0.471223 0.000125345
4.96 3.52 0.751529 0.2487 0.00022354
4.96 3.68 0.88053 0.119548 0.000321902
4.96 3.84 0.941242 0.0588076 0.000413419
4.96 4 0.968787 0.0311801 0.000492934
4.96 4.16 0.980835 0.0190106 0.000549965
4.96 4.32 0.984089 0.0154109 0.000572624
4.96 4.48 0.980507 0.0185531 0.000555371
4.96 4.64 0.968616 0.0300505 0.0005027
4.96 4.8 0.941897 0.0566115 0.000425998
4.96 4.96 0.882477 0.116136 0.000335673
4.96 5.12 0.753062 0.24588 0.000235702
4.96 5.28 0.525538 0.473393 0.000133102
4.96 5.44 0.283994 0.714802 5.69414e-05
4.96 5.6 0.134689 0.864374 2.08608e-05
4.96 5.76 0.0648346 0.934549 7.72466e-06
4.96 5.92 0.0347122 0.964898 3.27428e-06
4.96 6.08 0.0231161 0.976549 1.81376e-06
4.96 6.24 0.0225199 0.977142 1.58379e-06
4.96 6.4 0.0326399 0.966922 2.37092e-06
4.96 6.56 0.0603776 0.938948 5.21503e-06
4.96 6.72 0.126272 0.872623 1.38758e-05
4.96 6.88 0.272013 0.726411 3.79709e-05
4.96 7.04 0.516969 0.480765 8.86487e-05
4.96 7.2 0.752321 0.245603 0.000153104
4.96 7.36 0.884772 0.113205 0.000207392
4.96 7.52 0.942423 0.0554731 0.000246139
4.96 7.68 0.964625 0.0332169 0.00026904
4.96 7.84 0.973411 0.0244026 0.000280792
5.12 0 0.988258 0.0114388 0.00139384
5.12 0.16 0.986711 0.0131007 0.00132975
5.12 0.32 0.980489 0.0194347 0.00117664
5.12 0.48 0.967317 0.0328336 0.000974243
5.12 0.64 0.941 0.0595233 0.000761095
5.12 0.8 0.886482 0.114468 0.000560732
5.12 0.96 0.773037 0.228366 0.000377987
5.12 1.12 0.570824 0.430792 0.000214371
5.12 1.28 0.333514 0.668083 9.4904e-05
5.12 1.44 0.167839 0.833858 3.54577e-05
5.12 1.6 0.0831099 0.918765 1.2958e-05
5.12 1.76 0.0430487 0.958891 5.10108e-06
5.12 1.92 0.0237596 0.978084 2.25681e-06
5.12 2.08 0.014677 0.986968 1.16764e-06
5.12 2.24 0.0116148 0.989781 7.92202e-07
5.12 2.4 0.0133273 0.987953 8.33856e-07
5.12 2.56 0.0205216 0.98081 1.34975e-06
5.12 2.72 0.0364949 0.96498 2.85734e-06
5.12 2.88 0.0700752 0.931512 7.11222e-06
5.12 3.04 0.142623 0.85902 1.95223e-05
5.12 3.2 0.292659 0.708876 5.35704e-05
5.12 3.36 0.529732 0.471193 0.000125513
5.12 3.52 0.75169 0.248662 0.000223817
5.12 3.68 0.880715 0.119519 0.00032225
5.12 3.84 0.941442 0.0587881 0.000413781
5.12 4 0.969001 0.0311687 0.000493241
5.12 4.16 0.981045 0.0190071 0.000550144
5.12 4.32 0.984293 0.0154162 0.000572625
5.12 4.48 0.980698 0.0185699 0.000555192
5.12 4.64 0.96878 0.0300851 0.000502387
5.12 4.8 0.94201 0.0566801 0.000425618
5.12 4.96 0.882494 0.116276 0.000335287
5.12 5.12 0.752913 0.246153 0.000235355
5.12 5.28 0.525235 0.473778 0.000132848
5.12 5.44 0.283738 0.71511 5.68119e-05
5.12 5.6 0.134553 0.864551 2.08111e-05
5.12 5.76 0.0647685 0.93464 7.70699e-06
5.12 5.92 0.0346776 0.964954 3.26755e-06
5.12 6.08 0.0230942 0.976593 1.81073e-06
5.12 6.24 0.0224997 0.977184 1.58199e-06
5.12 6.4 0.0326083 0.966972 2.36898e-06
5.12 6.56 0.0603071 0.939035 5.21074e-06
5.12 6.72 0.126099 0.872816 1.38633e-05
5.12 6.88 0.271642 0.72682 3.7942e-05
5.12 7.04 0.516477 0.481329 8.86273e-05
5.12 7.2 0.752032 0.246008 0.000153163
5.12 7.36 0.884723 0.113405 0.000207545
5.12 7.52 0.942501 0.0555676 0.000246358
5.12 7.68 0.964754 0.0332707 0.000269295
5.12 7.84 0.973562 0.0244408 0.000281067
5.28 0 0.988376 0.011436 0.00139285
5.28 0.16 0.986836 0.0130793 0.00132881
5.28 0.32 0.980635 0.0193886 0.00117582
5.28 0.48 0.9675 0.0327409 0.000973578
5.28 0.64 0.94127 0.0593322 0.000760622
5.28 0.8 0.886954 0.114062 0.000560493
5.28 0.96 0.773902 0.227552 0.000378038
5.28 1.12 0.572088 0.429559 0.000214646
5.28 1.28 0.334601 0.667009 9.51399e-05
5.28 1.44 0.168427 0.83327 3.55627e-05
5.28 1.6 0.0833742 0.918497 1.29942e-05
5.28 1.76 0.0431652 0.95877 5.11301e-06
5.28 1.92 0.0238132 0.978024 2.26105e-06
5.28 2.08 0.0147036 0.986935 1.16947e-06
5.28 2.24 0.0116305 0.989759 7.93387e-07
5.28 2.4 0.01334 0.987934 8.35204e-07
5.28 2.56 0.0205366 0.98079 1.35215e-06
5.28 2.72 0.0365183 0.964954 2.86284e-06
5.28 2.88 0.0701197 0.931468 7.12698e-06
5.28 3.04 0.142719 0.858931 1.95647e-05
5.28 3.2 0.292854 0.708702 5.36849e-05
5.28 3.36 0.530012 0.470958 0.000125754
5.28 3.52 0.751945 0.248483 0.000224175
5.28 3.68 0.880918 0.119418 0.000322673
5.28 3.84 0.941619 0.0587355 0.00041421
5.28 4 0.969175 0.0311421 0.000493597
5.28 4.16 0.981207 0.0189974 0.000550343
5.28 4.32 0.984444 0.0154213 0.000572609
5.28 4.48 0.980828 0.0185922 0.000554958
5.28 4.64 0.968873 0.0301338 0.00050199
5.28 4.8 0.942037 0.0567799 0.00042514
5.28 4.96 0.882391 0.116486 0.000334799
5.28 5.12 0.752574 0.24657 0.000234907
5.28 5.28 0.524693 0.474369 0.000132506
5.28 5.44 0.283303 0.71557 5.66339e-05
5.28 5.6 0.134326 0.864796 2.07425e-05
5.28 5.76 0.0646619 0.934751 7.68277e-06
5.28 5.92 0.0346242 0.965009 3.25849e-06
5.28 6.08 0.0230634 0.976625 1.80685e-06
5.28 6.24 0.0224757 0.977208 1.57997e-06
5.28 6.4 0.0325757 0.967003 2.36739e-06
5.28 6.56 0.0602371 0.939101 5.20786e-06
5.28 6.72 0.125926 0.872987 1.38551e-05
5.28 6.88 0.271263 0.727206 3.79251e-05
5.28 7.04 0.515962 0.48188 8.86341e-05
5.28 7.2 0.7517 0.246409 0.000153271
5.28 7.36 0.884616 0.113604 0.000207767
5.28 7.52 0.942513 0.055662 0.000246661
5.28 7.68 0.964823 0.0333248 0.000269646
5.28 7.84 0.973649 0.0244791 0.000281441
5.44 0 0.988438 0.0114287 0.00139112
5.44 0.16 0.986906 0.0130551 0.00132717
5.44 0.32 0.98073 0.0193396 0.00117438
5.44 0.48 0.967637 0.032644 0.000972411
5.44 0.64 0.9415 0.0591349 0.000759767
5.44 0.8 0.887392 0.113647 0.000559979
5.44 0.96 0.774742 0.226724 0.000377912
5.44 1.12 0.573337 0.428308 0.000214824
5.44 1.28 0.335679 0.665915 9.53353e-05
5.44 1.44 0.169008 0.832666 3.5653e-05
5.44 1.6 0.083633 0.918213 1.30251e-05
5.44 1.76 0.0432779 0.958632 5.12293e-06
5.44 1.92 0.0238646 0.977949 2.26448e-06
5.44 2.08 0.0147298 0.986885 1.17101e-06
5.44 2.24 0.011648 0.989718 7.94575e-07
5.44 2.4 0.0133578 0.987894 8.36864e-07
5.44 2.56 0.020562 0.980743 1.35542e-06
5.44 2.72 0.0365624 0.964889 2.87067e-06
5.44 2.88 0.0702074 0.931359 7.14837e-06
5.44 3.04 0.142907 0.858723 1.96264e-05
5.44 3.2 0.293226 0.708319 5.38477e-05
5.44 3.36 0.530506 0.47047 0.000126079
5.44 3.52 0.75233 0.248127 0.000224627
5.44 3.68 0.881155 0.11923 0.000323182
5.44 3.84 0.941779 0.0586421 0.000414711
5.44 4 0.969302 0.0310965 0.000494002
5.44 4.16 0.981311 0.0189798 0.000550557
5.44 4.32 0.984529 0.0154256 0.000572564
5.44 4.48 0.980887 0.0186206 0.000554657
5.44 4.64 0.968888 0.0301989 0.000501498
5.44 4.8 0.941969 0.0569165 0.000424553
5.44 4.96 0.882151 0.116779 0.000334198
5.44 5.12 0.752018 0.247158 0.000234343
5.44 5.28 0.523868 0.475203 0.000132064
5.44 5.44 0.282658 0.71621 5.64e-05
5.44 5.6 0.133993 0.865118 2.06521e-05
5.44 5.76 0.0645077 0.934886 7.65102e-06
5.44 5.92 0.0345491 0.965063 3.24677e-06
5.44 6.08 0.0230228 0.976644 1.80202e-06
5.44 6.24 0.0224483 0.977215 1.57779e-06
5.44 6.4 0.0325444 0.967011 2.36641e-06
5.44 6.56 0.0601734 0.939139 5.20718e-06
5.44 6.72 0.125766 0.87312 1.38535e-05
5.44 6.88 0.270908 0.727541 3.79265e-05
5.44 7.04 0.515462 0.482377 8.86808e-05
5.44 7.2 0.751351 0.246777 0.000153444
5.44 7.36 0.884465 0.113789 0.000208074
5.44 7.52 0.942462 0.0557501 0.000247064
5.44 7.68 0.964826 0.0333753 0.000270106
5.44 7.84 0.973676 0.0245149 0.000281932
5.6 0 0.98847 0.0114135 0.00138855
5.6 0.16 0.986952 0.0130277 0.00132473
5.6 0.32 0.980809 0.0192893 0.00117225
5.6 0.48 0.967764 0.0325477 0.000970693
5.6 0.64 0.94172 0.0589414 0.000758493
5.6 0.8 0.887812 0.113244 0.000559162
5.6 0.96 0.775545 0.225924 0.000377578
5.6 1.12 0.574531 0.427105 0.000214877
5.6 1.28 0.336707 0.664867 9.54715e-05
5.6 1.44 0.169559 0.83209 3.57207e-05
5.6 1.6 0.0838746 0.917944 1.30479e-05
5.6 1.76 0.0433813 0.958501 5.12985e-06
5.6 1.92 0.0239113 0.977875 2.26673e-06
5.6 2.08 0.0147547 0.986832 1.1721e-06
5.6 2.24 0.0116674 0.98967 7.9573e-07
5.6 2.4 0.0133816 0.987843 8.38877e-07
5.6 2.56 0.0206001 0.980679 1.35973e-06
5.6 2.72 0.0366322 0.964795 2.88132e-06
5.6 2.88 0.0703494 0.931193 7.17776e-06
5.6 3.04 0.143213 0.858395 1.97111e-05
5.6 3.2 0.293821 0.707706 5.40695e-05
5.6 3.36 0.531279 0.469693 0.000126507
5.6 3.52 0.752901 0.247571 0.000225192
5.6 3.68 0.881476 0.118942 0.000323797
5.6 3.84 0.941966 0.0585034 0.000415305
5.6 4 0.969426 0.0310304 0.00049448
5.6 4.16 0.981402 0.0189541 0.000550809
5.6 4.32 0.984593 0.01543 0.000572514
5.6 4.48 0.980918 0.0186573 0.000554305
5.6 4.64 0.968864 0.0302846 0.000500923
5.6 4.8 0.941838 0.0570992 0.000423865
5.6 4.96 0.881794 0.117176 0.000333484
5.6 5.12 0.751237 0.247959 0.000233657
5.6 5.28 0.522732 0.476339 0.000131512
5.6 5.44 0.281776 0.717081 5.61042e-05
5.6 5.6 0.133541 0.865551 2.05375e-05
5.6 5.76 0.0642998 0.93507 7.61091e-06
5.6 5.92 0.0344499 0.965136 3.23214e-06
5.6 6.08 0.022972 0.97667 1.7962e-06
5.6 6.24 0.0224188 0.977219 1.57556e-06
5.6 6.4 0.032518 0.967011 2.36637e-06
5.6 6.56 0.0601243 0.93916 5.20974e-06
5.6 6.72 0.12564 0.873217 1.38617e-05
5.6 6.88 0.270616 0.727808 3.79544e-05
5.6 7.04 0.515039 0.482789 8.87834e-05
5.6 7.2 0.751046 0.247089 0.000153702
5.6 7.36 0.884325 0.113949 0.00020849
5.6 7.52 0.942407 0.0558278 0.000247596
5.6 7.68 0.964817 0.0334203 0.000270706
5.6 7.84 0.973678 0.0245466 0.000282568
5.76 0 0.988483 0.0113926 0.00138502
5.76 0.16 0.986973 0.0129984 0.00132137
5.76 0.32 0.98085 0.0192395 0.00116931
5.76 0.48 0.96785 0.0324554 0.000968314
5.76 0.64 0.941896 0.0587594 0.000756716
5.76 0.8 0.888176 0.112871 0.00055798
5.76 0.96 0.776264 0.225193 0.00037699
5.76 1.12 0.575608 0.426017 0.000214769
5.76 1.28 0.337631 0.663937 9.55275e-05
5.76 1.44 0.170049 0.8316 3.57574e-05
5.76 1.6 0.0840864 0.917737 1.30599e-05
5.76 1.76 0.0434698 0.958422 5.13284e-06
5.76 1.92 0.0239507 0.977846 2.26747e-06
5.76 2.08 0.0147772 0.98682 1.17265e-06
5.76 2.24 0.0116888 0.989659 7.96838e-07
5.76 2.4 0.0134128 0.987823 8.41316e-07
5.76 2.56 0.0206542 0.980638 1.36531e-06
5.76 2.72 0.0367342 0.964706 2.89535e-06
5.76 2.88 0.0705586 0.930994 7.21675e-06
5.76 3.04 0.143663 0.857949 1.98235e-05
5.76 3.2 0.294689 0.706834 5.43607e-05
5.76 3.36 0.532385 0.468578 0.000127052
5.76 3.52 0.753687 0.246778 0.000225882
5.76 3.68 0.881878 0.118536 0.000324518
5.76 3.84 0.94216 0.0583108 0.000415987
5.76 4 0.969522 0.0309398 0.000495018
5.76 4.16 0.981447 0.0189186 0.000551079
5.76 4.32 0.9846 0.0154341 0.000572432
5.76 4.48 0.980884 0.0187029 0.000553875
5.76 4.64 0.968765 0.0303934 0.000500239
5.76 4.8 0.941611 0.0573337 0.000423054
5.76 4.96 0.881285 0.117689 0.000332641
5.76 5.12 0.750194 0.249002 0.000232836
5.76 5.28 0.521244 0.477826 0.00013084
5.76 5.44 0.280631 0.718232 5.57407e-05
5.76 5.6 0.132958 0.866144 2.03968e-05
5.76 5.76 0.0640343 0.935347 7.56186e-06
5.76 5.92 0.0343254 0.965273 3.21447e-06
5.76 6.08 0.0229115 0.976744 1.78943e-06
5.76 6.24 0.0223895 0.977263 1.57345e-06
5.76 6.4 0.0325016 0.96704 2.36775e-06
5.76 6.56 0.0601014 0.939191 5.21681e-06
5.76 6.72 0.125572 0.873285 1.38832e-05
5.76 6.88 0.270437 0.72798 3.80181e-05
5.76 7.04 0.514754 0.483062 8.89575e-05
5.76 7.2 0.750817 0.247305 0.00015406
5.76 7.36 0.884195 0.114064 0.000209026
5.76 7.52 0.942328 0.0558851 0.000248265
5.76 7.68 0.964764 0.0334537 0.000271453
5.76 7.84 0.973649 0.0245706 0.000283361
5.92 0 0.988498 0.01137 0.00138045
5.92 0.16 0.986996 0.0129701 0.00131703
5.92 0.32 0.980895 0.0191942 0.00116552
5.92 0.48 0.967931 0.0323737 0.000965246
5.92 0.64 0.942049 0.0586015 0.000754408
5.92 0.8 0.888485 0.112553 0.000556406
5.92 0.96 0.776865 0.224581 0.000376113
5.92 1.12 0.576494 0.425121 0.000214462
5.92 1.28 0.338381 0.663183 9.54782e-05
5.92 1.44 0.170438 0.831212 3.57523e-05
5.92 1.6 0.0842483 0.917582 1.30571e-05
5.92 1.76 0.0435338 0.958366 5.13052e-06
5.92 1.92 0.0239783 0.977826 2.26618e-06
5.92 2.08 0.0147953 0.986808 1.17243e-06
5.92 2.24 0.0117116 0.989642 7.97824e-07
5.92 2.4 0.0134518 0.987792 8.44192e-07
5.92 2.56 0.0207258 0.980577 1.37228e-06
5.92 2.72 0.0368723 0.964581 2.91318e-06
5.92 2.88 0.070844 0.93072 7.26658e-06
5.92 3.04 0.144277 0.857339 1.99673e-05
5.92 3.2 0.295869 0.705649 5.47307e-05
5.92 3.36 0.533878 0.467075 0.000127732
5.92 3.52 0.754738 0.245719 0.000226714
5.92 3.68 0.882408 0.118 0.000325368
5.92 3.84 0.942407 0.0580597 0.000416781
5.92 4 0.969639 0.0308229 0.000495642
5.92 4.16 0.981496 0.018873 0.000551395
5.92 4.32 0.984601 0.0154386 0.000572345
5.92 4.48 0.980833 0.0187595 0.000553391
5.92 4.64 0.968633 0.0305297 0.000499463
5.92 4.8 0.94132 0.0576294 0.000422129
5.92 4.96 0.880638 0.11834 0.000331669
5.92 5.12 0.748871 0.250326 0.000231871
5.92 5.28 0.519362 0.479708 0.000130034
5.92 5.44 0.279189 0.719681 5.53023e-05
5.92 5.6 0.132226 0.866888 2.02269e-05
5.92 5.76 0.0637029 0.935692 7.50288e-06
5.92 5.92 0.0341723 0.965441 3.1934e-06
5.92 6.08 0.0228404 0.976832 1.78161e-06
5.92 6.24 0.0223612 0.977309 1.57153e-06
5.92 6.4 0.0324989 0.967059 2.3709e-06
5.92 6.56 0.0601135 0.939191 5.2295e-06
5.92 6.72 0.125585 0.873279 1.39214e-05
5.92 6.88 0.270417 0.727997 3.81264e-05
5.92 7.04 0.514678 0.483132 8.92201e-05
5.92 7.2 0.750731 0.247383 0.00015454
5.92 7.36 0.884132 0.114115 0.000209707
5.92 7.52 0.942283 0.0559143 0.000249098
5.92 7.68 0.96473 0.0334721 0.00027238
5.92 7.84 0.973615 0.0245834 0.000284335
6.08 0 0.988525 0.0113491 0.00137479
6.08 0.16 0.987024 0.0129456 0.00131165
6.08 0.32 0.98093 0.0191566 0.0011608
6.08 0.48 0.96799 0.0323082 0.000961423
6.08 0.64 0.942161 0.0584792 0.000751519
6.08 0.8 0.88871 0.112315 0.000554397
6.08 0.96 0.777294 0.224141 0.000374908
6.08 1.12 0.577112 0.424501 0.000213921
6.08 1.28 0.338884 0.662686 9.53002e-05
6.08 1.44 0.170684 0.830979 3.56954e-05
6.08 1.6 0.0843412 0.917505 1.30359e-05
6.08 1.76 0.0435646 0.95835 5.12168e-06
6.08 1.92 0.02399 0.977824 2.26241e-06
6.08 2.08 0.0148072 0.986801 1.17129e-06
6.08 2.24 0.0117353 0.989621 7.98642e-07
6.08 2.4 0.0134994 0.98775 8.47547e-07
6.08 2.56 0.0208174 0.980497 1.38081e-06
6.08 2.72 0.0370517 0.964418 2.93531e-06
6.08 2.88 0.0712172 0.930366 7.32878e-06
6.08 3.04 0.145082 0.856551 2.01468e-05
6.08 3.2 0.29741 0.704114 5.51902e-05
6.08 3.36 0.535812 0.465135 0.00012856
6.08 3.52 0.756086 0.244362 0.000227702
6.08 3.68 0.883077 0.117318 0.000326353
6.08 3.84 0.942709 0.0577426 0.000417688
6.08 4 0.969771 0.0306766 0.000496352
6.08 4.16 0.981541 0.018816 0.000551754
6.08 4.32 0.984586 0.0154435 0.000572246
6.08 4.48 0.980755 0.0188283 0.000552842
6.08 4.64 0.968458 0.0306962 0.000498585
6.08 4.8 0.940949 0.0579928 0.00042108
6.08 4.96 0.879831 0.119143 0.000330558
6.08 5.12 0.747234 0.251963 0.000230751
6.08 5.28 0.517046 0.482028 0.000129086
6.08 5.44 0.277424 0.721463 5.4784e-05
6.08 5.6 0.131334 0.867803 2.00262e-05
6.08 5.76 0.0633009 0.936116 7.43337e-06
6.08 5.92 0.0339887 0.965645 3.16878e-06
6.08 6.08 0.0227587 0.976933 1.77277e-06
6.08 6.24 0.0223361 0.977354 1.56998e-06
6.08 6.4 0.032515 0.967064 2.37628e-06
6.08 6.56 0.060173 0.939153 5.24918e-06
6.08 6.72 0.125706 0.873175 1.39805e-05
6.08 6.88 0.270618 0.727806 3.82899e-05
6.08 7.04 0.51489 0.482921 8.95892e-05
6.08 7.2 0.750837 0.247267 0.000155159
6.08 7.36 0.884152 0.114075 0.000210546
6.08 7.52 0.942265 0.0559026 0.000250106
6.08 7.68 0.964703 0.0334678 0.000273493
6.08 7.84 0.973591 0.0245808 0.000285506
6.24 0 0.988571 0.0113329 0.001368
6.24 0.16 0.98707 0.0129278 0.0013052
6.24 0.32 0.980978 0.0191313 0.00115516
6.24 0.48 0.968046 0.032267 0.000956839
6.24 0.64 0.94224 0.0584079 0.000748037
6.24 0.8 0.88884 0.112189 0.000551935
6.24 0.96 0.777504 0.223933 0.000373348
6.24 1.12 0.577369 0.424248 0.000213109
6.24 1.28 0.339055 0.66252 9.49677e-05
6.24 1.44 0.170739 0.830924 3.55754e-05
6.24 1.6 0.0843412 0.917496 1.29925e-05
6.24 1.76 0.0435509 0.958341 5.1049e-06
6.24 1.92 0.0239802 0.977798 2.25564e-06
6.24 2.08 0.0148103 0.986751 1.16899e-06
6.24 2.24 0.0117591 0.989546 7.99214e-07
6.24 2.4 0.0135559 0.987646 8.51389e-07
6.24 2.56 0.0209304 0.980346 1.39103e-06
6.24 2.72 0.0372762 0.964169 2.96217e-06
6.24 2.88 0.0716872 0.929884 7.40462e-06
6.24 3.04 0.146097 0.855534 2.03659e-05
6.24 3.2 0.299351 0.702173 5.57484e-05
6.24 3.36 0.538237 0.46271 0.000129553
6.24 3.52 0.757772 0.242681 0.000228862
6.24 3.68 0.88392 0.11648 0.000327489
6.24 3.84 0.9431 0.0573559 0.000418728
6.24 4 0.969955 0.0304996 0.000497167
6.24 4.16 0.981618 0.0187476 0.000552175
6.24 4.32 0.98459 0.0154496 0.000572153
6.24 4.48 0.980682 0.0189112 0.000552244
6.24 4.64 0.968266 0.0308973 0.000497615
6.24 4.8 0.940518 0.058433 0.000419912
6.24 4.96 0.878867 0.120117 0.000329307
6.24 5.12 0.745256 0.253948 0.000229467
6.24 5.28 0.514252 0.484824 0.000127985
6.24 5.44 0.275306 0.723585 5.418e-05
6.24 5.6 0.130266 0.868869 1.97925e-05
6.24 5.76 0.0628213 0.936583 7.35257e-06
6.24 5.92 0.033772 0.965839 3.14035e-06
6.24 6.08 0.0226662 0.976999 1.76285e-06
6.24 6.24 0.0223158 0.977349 1.5689e-06
6.24 6.4 0.0325548 0.967004 2.38431e-06
6.24 6.56 0.0602915 0.93902 5.27711e-06
6.24 6.72 0.125964 0.87291 1.40642e-05
6.24 6.88 0.271097 0.727326 3.85189e-05
6.24 7.04 0.515472 0.482342 9.00825e-05
6.24 7.2 0.751206 0.246902 0.000155935
6.24 7.36 0.88431 0.113919 0.000211561
6.24 7.52 0.942325 0.0558392 0.000251307
6.24 7.68 0.964727 0.0334352 0.000274812
6.24 7.84 0.973608 0.0245581 0.000286889
6.4 0 0.988642 0.0113236 0.00136009
6.4 0.16 0.987139 0.0129197 0.00129769
6.4 0.32 0.981042 0.0191228 0.0011486
6.4 0.48 0.968097 0.0322581 0.000951496
6.4 0.64 0.942274 0.0584032 0.000743958
6.4 0.8 0.888841 0.112207 0.000549005
6.4 0.96 0.777427 0.224023 0.000371404
6.4 1.12 0.577163 0.424457 0.000211992
6.4 1.28 0.338804 0.662764 9.44564e-05
6.4 1.44 0.170555 0.831089 3.53821e-05
6.4 1.6 0.084228 0.917577 1.29234e-05
6.4 1.76 0.0434842 0.958359 5.07911e-06
6.4 1.92 0.0239456 0.977766 2.24551e-06
6.4 2.08 0.0148035 0.986677 1.16545e-06
6.4 2.24 0.0117832 0.989436 7.99534e-07
6.4 2.4 0.0136227 0.987497 8.55797e-07
6.4 2.56 0.0210682 0.980138 1.40316e-06
6.4 2.72 0.0375522 0.963838 2.99433e-06
6.4 2.88 0.0722664 0.929265 7.49574e-06
6.4 3.04 0.147347 0.854257 2.0629e-05
6.4 3.2 0.301732 0.699774 5.64149e-05
6.4 3.36 0.54119 0.459752 0.000130722
6.4 3.52 0.759815 0.240652 0.0002302
6.4 3.68 0.884949 0.115476 0.000328784
6.4 3.84 0.943592 0.0568959 0.000419907
6.4 4 0.970202 0.0302906 0.000498095
6.4 4.16 0.981741 0.0186677 0.000552665
6.4 4.32 0.984626 0.0154578 0.000572072
6.4 4.48 0.980625 0.0190102 0.000551601
6.4 4.64 0.968064 0.031137 0.000496555
6.4 4.8 0.940026 0.0589585 0.000418623
6.4 4.96 0.877729 0.121282 0.00032791
6.4 5.12 0.742904 0.256314 0.00022801
6.4 5.28 0.510941 0.488129 0.000126721
6.4 5.44 0.272812 0.726063 5.34866e-05
6.4 5.6 0.129016 0.87009 1.95247e-05
6.4 5.76 0.0622623 0.937098 7.26032e-06
6.4 5.92 0.0335224 0.966033 3.10815e-06
6.4 6.08 0.0225644 0.977039 1.75198e-06
6.4 6.24 0.022304 0.9773 1.56854e-06
6.4 6.4 0.0326258 0.966879 2.39559e-06
6.4 6.56 0.060485 0.938782 5.31493e-06
6.4 6.72 0.126394 0.872447 1.41771e-05
6.4 6.88 0.271924 0.726481 3.88244e-05
6.4 7.04 0.516516 0.481301 9.07172e-05
6.4 7.2 0.751902 0.246226 0.000156883
6.4 7.36 0.884639 0.113618 0.00021276
6.4 7.52 0.942486 0.0557116 0.000252709
6.4 7.68 0.964823 0.0333675 0.000276344
6.4 7.84 0.973688 0.0245109 0.000288491
6.56 0 0.988749 0.0113234 0.00135114
6.56 0.16 0.98724 0.0129243 0.00128918
6.56 0.32 0.981119 0.0191362 0.00114113
6.56 0.48 0.968139 0.0322905 0.000945409
6.56 0.64 0.942254 0.0584825 0.000739286
6.56 0.8 0.888689 0.112405 0.000545601
6.56 0.96 0.777001 0.22448 0.000369055
6.56 1.12 0.576395 0.425238 0.000210537
6.56 1.28 0.338039 0.663521 9.37422e-05
6.56 1.44 0.17008 0.831538 3.51049e-05
6.56 1.6 0.0839769 0.91778 1.28247e-05
6.56 1.76 0.0433532 0.95842 5.04294e-06
6.56 1.92 0.023881 0.97774 2.23151e-06
6.56 2.08 0.0147845 0.98659 1.16045e-06
6.56 2.24 0.011807 0.989298 7.99529e-07
6.56 2.4 0.0137004 0.98731 8.60769e-07
6.56 2.56 0.0212323 0.979879 1.4173e-06
6.56 2.72 0.0378832 0.96343 3.03212e-06
6.56 2.88 0.0729632 0.928512 7.60319e-06
6.56 3.04 0.148853 0.852715 2.09394e-05
6.56 3.2 0.304592 0.696895 5.71973e-05
6.56 3.36 0.544711 0.456234 0.000132075
6.56 3.52 0.762243 0.23826 0.000231723
6.56 3.68 0.886182 0.1143 0.000330238
6.56 3.84 0.944199 0.0563608 0.000421226
6.56 4 0.970528 0.0300494 0.000499136
6.56 4.16 0.981925 0.0185769 0.000553225
6.56 4.32 0.984709 0.0154693 0.000572004
6.56 4.48 0.980598 0.0191276 0.00055091
6.56 4.64 0.967864 0.0314196 0.0004954
6.56 4.8 0.939477 0.0595783 0.000417208
6.56 4.96 0.87641 0.122657 0.000326357
6.56 5.12 0.740149 0.259099 0.000226368
6.56 5.28 0.507078 0.491989 0.000125287
6.56 5.44 0.269923 0.728928 5.27001e-05
6.56 5.6 0.127573 0.87149 1.92215e-05
6.56 5.76 0.0616201 0.937675 7.1561e-06
6.56 5.92 0.0332387 0.966235 3.07198e-06
6.56 6.08 0.0224541 0.97706 1.74012e-06
6.56 6.24 0.0223032 0.977213 1.56901e-06
6.56 6.4 0.0327339 0.966693 2.4105e-06
6.56 6.56 0.0607677 0.938438 5.36389e-06
6.56 6.72 0.12703 0.871768 1.43232e-05
6.56 6.88 0.273172 0.725216 3.92168e-05
6.56 7.04 0.51812 0.479714 9.15086e-05
6.56 7.2 0.752998 0.245178 0.000158013
6.56 7.36 0.885186 0.113144 0.000214144
6.56 7.52 0.942788 0.0555065 0.000254309
6.56 7.68 0.965044 0.0332576 0.000278091
6.56 7.84 0.973873 0.0244346 0.000290312
6.72 0 0.988878 0.0113338 0.00134125
6.72 0.16 0.98736 0.0129451 0.00127978
6.72 0.32 0.981205 0.0191771 0.00113289
6.72 0.48 0.968167 0.0323745 0.000938664
6.72 0.64 0.942168 0.0586655 0.00073408
6.72 0.8 0.888354 0.112822 0.000541753
6.72 0.96 0.776164 0.22538 0.000366301
6.72 1.12 0.574971 0.426698 0.000208728
6.72 1.28 0.336688 0.664876 9.28118e-05
6.72 1.44 0.169278 0.832311 3.47385e-05
6.72 1.6 0.0835742 0.918122 1.2695e-05
6.72 1.76 0.0431529 0.958529 4.99605e-06
6.72 1.92 0.0237846 0.977716 2.21359e-06
6.72 2.08 0.0147534 0.986481 1.15404e-06
6.72 2.24 0.0118315 0.989127 7.99284e-07
6.72 2.4 0.0137912 0.987079 8.66471e-07
6.72 2.56 0.021427 0.979562 1.43379e-06
6.72 2.72 0.0382774 0.962938 3.07639e-06
6.72 2.88 0.0737941 0.927612 7.72921e-06
6.72 3.04 0.150645 0.850885 2.13028e-05
6.72 3.2 0.307979 0.6935 5.81074e-05
6.72 3.36 0.548839 0.452132 0.000133626
6.72 3.52 0.765071 0.235501 0.000233439
6.72 3.68 0.887625 0.112954 0.000331859
6.72 3.84 0.944922 0.0557514 0.000422691
6.72 4 0.97093 0.0297768 0.000500298
6.72 4.16 0.982164 0.0184762 0.000553862
6.72 4.32 0.984833 0.0154858 0.000571953
6.72 4.48 0.980593 0.0192661 0.000550177
6.72 4.64 0.967656 0.0317499 0.000494155
6.72 4.8 0.938861 0.0603022 0.000415669
6.72 4.96 0.874893 0.124261 0.00032465
6.72 5.12 0.736966 0.262337 0.000224537
6.72 5.28 0.502647 0.496431 0.00012368
6.72 5.44 0.266643 0.732187 5.18226e-05
6.72 5.6 0.125945 0.873064 1.88846e-05
6.72 5.76 0.0608996 0.93831 7.04071e-06
6.72 5.92 0.0329248 0.966438 3.03228e-06
6.72 6.08 0.0223393 0.977051 1.7276e-06
6.72 6.24 0.0223193 0.977076 1.57073e-06
6.72 6.4 0.0328898 0.966431 2.42988e-06
6.72 6.56 0.0611611 0.937963 5.4261e-06
6.72 6.72 0.12792 0.870831 1.45082e-05
6.72 6.88 0.274929 0.72345 3.97087e-05
6.72 7.04 0.520388 0.477487 9.24731e-05
6.72 7.2 0.754561 0.2437 0.00015933
6.72 7.36 0.885979 0.112471 0.00021571
6.72 7.52 0.943229 0.0552124 0.000256096
6.72 7.68 0.96536 0.0330991 0.000280029
6.72 7.84 0.974141 0.0243244 0.00029233
6.88 0 0.988998 0.0113567 0.00133058
6.88 0.16 0.987461 0.0129861 0.00126963
6.88 0.32 0.981248 0.0192519 0.00112395
6.88 0.48 0.96812 0.0325203 0.000931323
6.88 0.64 0.941949 0.0589705 0.000728371
6.88 0.8 0.887757 0.113494 0.000537467
6.88 0.96 0.774812 0.226789 0.000363128
6.88 1.12 0.572773 0.428924 0.00020654
6.88 1.28 0.334668 0.666888 9.16499e-05
6.88 1.44 0.168111 0.833431 3.42776e-05
6.88 1.6 0.0830051 0.918606 1.25327e-05
6.88 1.76 0.042878 0.958682 4.93807e-06
6.88 1.92 0.0236552 0.977694 2.19172e-06
6.88 2.08 0.0147104 0.986353 1.14625e-06
6.88 2.24 0.0118581 0.988923 7.98887e-07
6.88 2.4 0.0138974 0.986803 8.7305e-07
6.88 2.56 0.0216563 0.979182 1.45293e-06
6.88 2.72 0.0387419 0.96235 3.12781e-06
6.88 2.88 0.0747717 0.926544 7.87547e-06
6.88 3.04 0.152748 0.848729 2.17232e-05
6.88 3.2 0.311919 0.689539 5.91513e-05
6.88 3.36 0.553574 0.447414 0.000135376
6.88 3.52 0.768267 0.232366 0.000235338
6.88 3.68 0.889228 0.111434 0.000333626
6.88 3.84 0.945702 0.0550678 0.000424277
6.88 4 0.971342 0.0294735 0.000501548
6.88 4.16 0.98239 0.0183666 0.000554538
6.88 4.32 0.984928 0.0155083 0.000571882
6.88 4.48 0.980543 0.0194275 0.000549367
6.88 4.64 0.967377 0.0321315 0.000492791
6.88 4.8 0.938117 0.0611376 0.000413981
6.88 4.96 0.873119 0.126111 0.000322768
6.88 5.12 0.733298 0.266051 0.000222503
6.88 5.28 0.497615 0.501462 0.000121894
6.88 5.44 0.262967 0.735823 5.08543e-05
6.88 5.6 0.124136 0.874795 1.8515e-05
6.88 5.76 0.0601051 0.938989 6.91481e-06
6.88 5.92 0.0325847 0.966635 2.98941e-06
6.88 6.08 0.0222242 0.97701 1.71471e-06
6.88 6.24 0.022358 0.976883 1.57406e-06
6.88 6.4 0.0331033 0.966081 2.45443e-06
6.88 6.56 0.0616851 0.937333 5.50333e-06
6.88 6.72 0.129103 0.869579 1.47366e-05
6.88 6.88 0.27727 0.721087 4.03095e-05
6.88 7.04 0.523397 0.474511 9.36173e-05
6.88 7.2 0.75661 0.241727 0.000160825
6.88 7.36 0.886987 0.111567 0.000217429
6.88 7.52 0.943758 0.0548154 0.000258026
6.88 7.68 0.965712 0.0328843 0.000282113
6.88 7.84 0.974437 0.0241758 0.000294497
7.04 0 0.989093 0.0113999 0.00131942
7.04 0.16 0.987528 0.0130548 0.001259
7.04 0.32 0.981247 0.0193701 0.00111456
7.04 0.48 0.967999 0.0327428 0.000923556
7.04 0.64 0.941585 0.0594236 0.000722267
7.04 0.8 0.886862 0.114468 0.000532795
7.04 0.96 0.772874 0.22879 0.000359548
7.04 1.12 0.569709 0.432023 0.000203963
7.04 1.28 0.331918 0.669637 9.02499e-05
7.04 1.44 0.166558 0.834946 3.37207e-05
7.04 1.6 0.0822639 0.919273 1.23381e-05
7.04 1.76 0.0425282 0.958925 4.86933e-06
7.04 1.92 0.0234941 0.977722 2.16613e-06
7.04 2.08 0.0146574 0.986256 1.13728e-06
7.04 2.24 0.0118892 0.988738 7.98515e-07
7.04 2.4 0.0140227 0.986532 8.8074e-07
7.04 2.56 0.0219257 0.978785 1.47513e-06
7.04 2.72 0.0392859 0.961703 3.18726e-06
7.04 2.88 0.0759129 0.925329 8.04409e-06
7.04 3.04 0.155189 0.846247 2.22054e-05
7.04 3.2 0.316448 0.684998 6.0336e-05
7.04 3.36 0.558928 0.442085 0.000137324
7.04 3.52 0.771825 0.228872 0.000237414
7.04 3.68 0.89099 0.109757 0.000335537
7.04 3.84 0.946543 0.0543187 0.000425984
7.04 4 0.971767 0.0291451 0.000502892
7.04 4.16 0.982608 0.0182523 0.000555264
7.04 4.32 0.984999 0.0155411 0.000571802
7.04 4.48 0.980454 0.019617 0.000548491
7.04 4.64 0.967032 0.0325725 0.000491315
7.04 4.8 0.937245 0.0620989 0.00041215
7.04 4.96 0.871075 0.128233 0.000320708
7.04 5.12 0.72912 0.270281 0.000220259
7.04 5.28 0.491973 0.507109 0.000119929
7.04 5.44 0.258912 0.739848 4.97994e-05
7.04 5.6 0.122161 0.876701 1.81155e-05
7.04 5.76 0.0592469 0.939747 6.77968e-06
7.04 5.92 0.0322254 0.966869 2.94405e-06
7.04 6.08 0.0221152 0.976982 1.7019e-06
7.04 6.24 0.0224273 0.976679 1.57951e-06
7.04 6.4 0.0333869 0.965681 2.48503e-06
7.04 6.56 0.0623637 0.936566 5.5976e-06
7.04 6.72 0.13063 0.868 1.50135e-05
7.04 6.88 0.28028 0.718067 4.10285e-05
7.04 7.04 0.527233 0.470716 9.49463e-05
7.04 7.2 0.759195 0.239221 0.000162484
7.04 7.36 0.888236 0.11042 0.000219272
7.04 7.52 0.944386 0.0543114 0.000260065
7.04 7.68 0.96611 0.0326122 0.000284302
7.04 7.84 0.974756 0.0239881 0.000296767
7.2 0 0.989132 0.0114788 0.00130813
7.2 0.16 0.98754 0.0131619 0.00124823
7.2 0.32 0.981193 0.0195443 0.00110501
7.2 0.48 0.967797 0.033061 0.000915579
7.2 0.64 0.941062 0.0600563 0.000715903
7.2 0.8 0.885633 0.115799 0.000527803
7.2 0.96 0.77028 0.231469 0.000355579
7.2 1.12 0.565704 0.436075 0.000200998
7.2 1.28 0.32841 0.673142 8.86149e-05
7.2 1.44 0.164619 0.836837 3.30718e-05
7.2 1.6 0.0813576 0.920088 1.21133e-05
7.2 1.76 0.0421101 0.959213 4.79099e-06
7.2 1.92 0.0233062 0.977749 2.13744e-06
7.2 2.08 0.0145986 0.986135 1.12749e-06
7.2 2.24 0.011929 0.988513 7.98461e-07
7.2 2.4 0.0141723 0.986207 8.89892e-07
7.2 2.56 0.0222433 0.978314 1.50097e-06
7.2 2.72 0.0399227 0.960942 3.25599e-06
7.2 2.88 0.077241 0.923914 8.23789e-06
7.2 3.04 0.158007 0.843381 2.27553e-05
7.2 3.2 0.321607 0.679832 6.16687e-05
7.2 3.36 0.564904 0.436149 0.000139471
7.2 3.52 0.775731 0.225053 0.000239658
7.2 3.68 0.892905 0.107946 0.000337586
7.2 3.84 0.947448 0.0535196 0.000427814
7.2 4 0.972211 0.0288011 0.000504338
7.2 4.16 0.982827 0.0181399 0.000556053
7.2 4.32 0.985055 0.0155901 0.000571731
7.2 4.48 0.980333 0.019842 0.000547566
7.2 4.64 0.966625 0.0330843 0.000489742
7.2 4.8 0.936243 0.0632058 0.000410181
7.2 4.96 0.868747 0.13066 0.00031847
7.2 5.12 0.724407 0.275061 0.000217801
7.2 5.28 0.485729 0.513363 0.000117789
7.2 5.44 0.254512 0.744211 4.86658e-05
7.2 5.6 0.120048 0.878724 1.76907e-05
7.2 5.76 0.058342 0.940529 6.63752e-06
7.2 5.92 0.0318584 0.967085 2.89725e-06
7.2 6.08 0.0220215 0.976913 1.68987e-06
7.2 6.24 0.0225376 0.976411 1.58776e-06
7.2 6.4 0.0337567 0.965174 2.52283e-06
7.2 6.56 0.0632262 0.935598 5.71142e-06
7.2 6.72 0.132557 0.866007 1.53443e-05
7.2 6.88 0.284051 0.714284 4.18745e-05
7.2 7.04 0.531975 0.466024 9.64589e-05
7.2 7.2 0.762349 0.236161 0.000164285
7.2 7.36 0.889743 0.10903 0.000221201
7.2 7.52 0.945128 0.0537042 0.000262165
7.2 7.68 0.966577 0.0322863 0.000286547
7.2 7.84 0.975105 0.0237651 0.000299082
7.36 0 0.989079 0.0116069 0.00129716
7.36 0.16 0.987448 0.013319 0.00123773
7.36 0.32 0.980995 0.0197887 0.00109557
7.36 0.48 0.9674 0.033496 0.000907559
7.36 0.64 0.940253 0.0609029 0.000709361
7.36 0.8 0.883924 0.117543 0.000522511
7.36 0.96 0.766871 0.234896 0.000351206
7.36 1.12 0.560643 0.441114 0.000197632
7.36 1.28 0.324127 0.677348 8.67514e-05
7.36 1.44 0.162314 0.839012 3.2339e-05
7.36 1.6 0.0803068 0.920961 1.1863e-05
7.36 1.76 0.0416377 0.959463 4.70516e-06
7.36 1.92 0.0231009 0.977694 2.10667e-06
7.36 2.08 0.0145407 0.985907 1.11746e-06
7.36 2.24 0.0119835 0.988165 7.99162e-07
7.36 2.4 0.0143535 0.985744 9.01007e-07
7.36 2.56 0.0226199 0.977683 1.5313e-06
7.36 2.72 0.0406704 0.959978 3.33567e-06
7.36 2.88 0.078786 0.922198 8.46043e-06
7.36 3.04 0.161245 0.840022 2.33792e-05
7.36 3.2 0.327419 0.673946 6.31523e-05
7.36 3.36 0.571436 0.429593 0.000141795
7.36 3.52 0.779862 0.22094 0.000242028
7.36 3.68 0.894848 0.106031 0.000339721
7.36 3.84 0.948304 0.0526899 0.000429719
7.36 4 0.972577 0.0284537 0.000505845
7.36 4.16 0.982949 0.0180382 0.000556868
7.36 4.32 0.984998 0.0156632 0.000571631
7.36 4.48 0.980079 0.0201119 0.000546554
7.36 4.64 0.96605 0.0336805 0.000488032
7.36 4.8 0.934997 0.0644799 0.000408036
7.36 4.96 0.866011 0.133422 0.000316015
7.36 5.12 0.719057 0.280411 0.0002151
7.36 5.28 0.478868 0.520166 0.000115471
7.36 5.44 0.249811 0.748801 4.74628e-05
7.36 5.6 0.117836 0.880764 1.72471e-05
7.36 5.76 0.0574149 0.941243 6.49138e-06
7.36 5.92 0.0314994 0.9672 2.85052e-06
7.36 6.08 0.0219558 0.976722 1.67955e-06
7.36 6.24 0.0227026 0.975998 1.59976e-06
7.36 6.4 0.0342329 0.964475 2.5693e-06
7.36 6.56 0.0643078 0.934331 5.84777e-06
7.36 6.72 0.134946 0.863477 1.5735e-05
7.36 6.88 0.288661 0.709588 4.28525e-05
7.36 7.04 0.537635 0.460341 9.81368e-05
7.36 7.2 0.766 0.232535 0.00016617
7.36 7.36 0.891408 0.107406 0.000223133
7.36 7.52 0.945875 0.0530033 0.000264228
7.36 7.68 0.967004 0.0319132 0.000288746
7.36 7.84 0.97543 0.0235167 0.000301355
7.52 0 0.988928 0.011796 0.00128712
7.52 0.16 0.987266 0.0135404 0.00122808
7.52 0.32 0.980686 0.0201253 0.00108674
7.52 0.48 0.96683 0.0340845 0.000899841
7.52 0.64 0.939154 0.0620248 0.000702842
7.52 0.8 0.881684 0.119798 0.000517009
7.52 0.96 0.762554 0.239202 0.000346445
7.52 1.12 0.554479 0.447205 0.000193873
7.52 1.28 0.31913 0.682196 8.4686e-05
7.52 1.44 0.159723 0.84138 3.15419e-05
7.52 1.6 0.0791641 0.921818 1.15962e-05
7.52 1.76 0.0411422 0.959623 4.61587e-06
7.52 1.92 0.022897 0.977523 2.07572e-06
7.52 2.08 0.0144962 0.98555 1.10822e-06
7.52 2.24 0.0120636 0.987673 8.01371e-07
7.52 2.4 0.0145793 0.985117 9.14953e-07
7.52 2.56 0.0230753 0.976857 1.56757e-06
7.52 2.72 0.041562 0.95876 3.42928e-06
7.52 2.88 0.0806033 0.920111 8.718e-06
7.52 3.04 0.164985 0.836079 2.40886e-05
7.52 3.2 0.333948 0.667283 6.47964e-05
7.52 3.36 0.578485 0.422482 0.00014428
7.52 3.52 0.784149 0.216646 0.000244497
7.52 3.68 0.896791 0.104092 0.000341923
7.52 3.84 0.949121 0.0518744 0.000431716
7.52 4 0.972893 0.028129 0.00050745
7.52 4.16 0.983013 0.0179644 0.000557757
7.52 4.32 0.98487 0.0157756 0.000571556
7.52 4.48 0.979729 0.0204457 0.000545503
7.52 4.64 0.965329 0.0343912 0.000486221
7.52 4.8 0.933508 0.0659727 0.000405731
7.52 4.96 0.862835 0.136601 0.000313339
7.52 5.12 0.713025 0.286411 0.000212144
7.52 5.28 0.47143 0.527495 0.000112985
7.52 5.44 0.244913 0.753517 4.62106e-05
7.52 5.6 0.115604 0.88274 1.67967e-05
7.52 5.76 0.0565096 0.941835 6.34672e-06
7.52 5.92 0.0311763 0.967175 2.80646e-06
7.52 6.08 0.021939 0.976375 1.67256e-06
7.52 6.24 0.0229443 0.975402 1.61708e-06
7.52 6.4 0.0348474 0.963536 2.62687e-06
7.52 6.56 0.065664 0.932697 6.01148e-06
7.52 6.72 0.137893 0.860309 1.61946e-05
7.52 6.88 0.294225 0.703874 4.39707e-05
7.52 7.04 0.54424 0.453653 9.99591e-05
7.52 7.2 0.770107 0.228421 0.000168083
7.52 7.36 0.893218 0.105617 0.000224993
7.52 7.52 0.946659 0.0522503 0.000266179
7.52 7.68 0.967446 0.0315128 0.000290843
7.52 7.84 0.975725 0.0232695 0.000303496
7.68 0 0.988653 0.0120616 0.0012787
7.68 0.16 0.987011 0.0138434 0.00121993
7.68 0.32 0.980238 0.0205846 0.00107907
7.68 0.48 0.966038 0.0348798 0.000892752
7.68 0.64 0.937669 0.0635123 0.000696491
7.68 0.8 0.878764 0.122707 0.000511334
7.68 0.96 0.757139 0.244559 0.000341259
7.68 1.12 0.547143 0.454386 0.000189715
7.68 1.28 0.313567 0.687491 8.24661e-05
7.68 1.44 0.157002 0.843729 3.07151e-05
7.68 1.6 0.0780261 0.922499 1.13284e-05
7.68 1.76 0.0406766 0.959569 4.52952e-06
7.68 1.92 0.0227243 0.977132 2.04746e-06
7.68 2.08 0.0144841 0.984979 1.10131e-06
7.68 2.24 0.0121853 0.986973 8.06213e-07
7.68 2.4 0.0148699 0.984259 9.33065e-07
7.68 2.56 0.0236417 0.975752 1.61215e-06
7.68 2.72 0.0426531 0.957172 3.54169e-06
7.68 2.88 0.0827883 0.917505 9.02103e-06
7.68 3.04 0.169367 0.831368 2.49022e-05
7.68 3.2 0.341299 0.659707 6.66177e-05
7.68 3.36 0.585937 0.414906 0.000146892
7.68 3.52 0.788392 0.212353 0.000247014
7.68 3.68 0.898603 0.102251 0.000344113
7.68 3.84 0.949823 0.0511428 0.000433805
7.68 4 0.973133 0.027866 0.000509175
7.68 4.16 0.983002 0.0179438 0.000558752
7.68 4.32 0.984664 0.0159501 0.000571543
7.68 4.48 0.979269 0.0208733 0.000544444
7.68 4.64 0.964427 0.0352651 0.000484323
7.68 4.8 0.931698 0.0677683 0.000403257
7.68 4.96 0.859089 0.14033 0.000310408
7.68 5.12 0.706169 0.293189 0.000208893
7.68 5.28 0.463455 0.535275 0.000110342
7.68 5.44 0.239993 0.758121 4.49439e-05
7.68 5.6 0.113486 0.884465 1.6359e-05
7.68 5.76 0.0556903 0.942167 6.21198e-06
7.68 5.92 0.0309318 0.966908 2.76896e-06
7.68 6.08 0.0220018 0.975775 1.67125e-06
7.68 6.24 0.0232953 0.974511 1.64203e-06
7.68 6.4 0.0356491 0.962221 2.69928e-06
7.68 6.56 0.0673791 0.930533 6.21001e-06
7.68 6.72 0.141536 0.856306 1.67375e-05
7.68 6.88 0.300898 0.696978 4.52413e-05
7.68 7.04 0.551744 0.445929 0.000101889
7.68 7.2 0.774481 0.223994 0.000169928
7.68 7.36 0.895024 0.103793 0.000226661
7.68 7.52 0.947412 0.0515257 0.000267884
7.68 7.68 0.967878 0.0310874 0.000292784
7.68 7.84 0.975919 0.0230906 0.000305378
7.84 0 0.987538 0.013192 0.00126771
7.84 0.16 0.985357 0.0153942 0.00120642
7.84 0.32 0.977672 0.0231323 0.00106041
7.84 0.48 0.961623 0.0393217 0.000870967
7.84 0.64 0.92965 0.0715488 0.000673857
7.84 0.8 0.864032 0.137474 0.00048907
7.84 0.96 0.732259 0.26944 0.000320163
7.84 1.12 0.51695 0.484549 0.000173159
7.84 1.28 0.292656 0.708407 7.39302e-05
7.84 1.44 0.147752 0.853036 2.76565e-05
7.84 1.6 0.0747169 0.925872 1.03998e-05
7.84 1.76 0.0396324 0.960663 4.2602e-06
7.84 1.92 0.0225503 0.977345 1.97482e-06
7.84 2.08 0.0147944 0.984705 1.09716e-06
7.84 2.24 0.0130089 0.986237 8.4428e-07
7.84 2.4 0.016489 0.982783 1.02961e-06
7.84 2.56 0.0266563 0.972893 1.83341e-06
7.84 2.72 0.0482795 0.951675 4.07779e-06
7.84 2.88 0.0935055 0.906873 1.04036e-05
7.84 3.04 0.189267 0.811534 2.84029e-05
7.84 3.2 0.371358 0.629655 7.38336e-05
7.84 3.36 0.613376 0.387447 0.000156559
7.84 3.52 0.802687 0.198076 0.000256321
7.84 3.68 0.904007 0.0968582 0.000353383
7.84 3.84 0.95154 0.049411 0.000442725
7.84 4 0.973441 0.0275346 0.00051704
7.84 4.16 0.982505 0.0183518 0.000563991
7.84 4.32 0.9834 0.0171129 0.000572785
7.84 4.48 0.976814 0.0232283 0.000541263
7.84 4.64 0.959789 0.039828 0.000477312
7.84 4.8 0.922687 0.0767102 0.000393356
7.84 4.96 0.841717 0.157684 0.000298274
7.84 5.12 0.677436 0.321884 0.000195705
7.84 5.28 0.433547 0.565163 0.000100233
7.84 5.44 0.223085 0.775151 4.02972e-05
7.84 5.6 0.106991 0.891149 1.48239e-05
7.84 5.76 0.0537568 0.944328 5.77414e-06
7.84 5.92 0.0307324 0.967272 2.66951e-06
7.84 6.08 0.0228544 0.9751 1.69861e-06
7.84 6.24 0.0254042 0.972574 1.7773e-06
7.84 6.4 0.0399736 0.958046 3.05093e-06
7.84 6.56 0.0761478 0.92187 7.13219e-06
7.84 6.72 0.158973 0.839015 1.91299e-05
7.84 6.88 0.329958 0.668073 5.04088e-05
7.84 7.04 0.581277 0.416925 0.000108988
7.84 7.2 0.790439 0.20814 0.000176166
7.84 7.36 0.900838 0.0979778 0.000231769
7.84 7.52 0.948971 0.049942 0.000272285
7.84 7.68 0.967752 0.0312159 0.000296556
7.84 7.84 0.976151 0.0228577 0.000311325
