0 0 -0.732947 28.6999 -0.732947
0 0.2 -3.22583 26.2084 -3.22583
0 0.4 1.36999 30.8224 1.36999
0 0.6 2.23 31.694 2.23
0 0.8 2.24063 31.7113 2.24063
0 1 2.23873 31.713 2.23873
0 1.2 2.23667 31.7125 2.23667
0 1.4 2.23808 31.7146 2.23808
0 1.6 2.23684 31.7141 2.23684
0 1.8 2.23806 31.7153 2.23806
0 2 2.23666 31.7141 2.23666
0 2.2 2.23705 31.7145 2.23705
0 2.4 2.23645 31.7143 2.23645
0 2.6 2.23592 31.7134 2.23592
0 2.8 2.2333 31.7113 2.2333
0 3 2.22994 31.7081 2.22994
0 3.2 2.22278 31.7014 2.22278
0 3.4 2.21414 31.6925 2.21414
0 3.6 2.20235 31.6793 2.20235
0 3.8 2.19245 31.6674 2.19245
0 4 2.18224 31.6544 2.18224
0 4.2 2.17138 31.6399 2.17138
0 4.4 2.16549 31.631 2.16549
0 4.6 2.16001 31.6234 2.16001
0 4.8 2.15983 31.6225 2.15983
0 5 2.15986 31.6237 2.15986
0 5.2 2.16543 31.6319 2.16543
0 5.4 2.17314 31.6425 2.17314
0 5.6 2.18235 31.6544 2.18235
0 5.8 2.193 31.668 2.193
0 6 2.20455 31.6813 2.20455
0 6.2 2.21597 31.6942 2.21597
0 6.4 2.22316 31.7018 2.22316
0 6.6 2.22721 31.7054 2.22721
0 6.8 2.23145 31.7094 2.23145
0 7 2.23219 31.71 2.23219
0 7.2 2.23198 31.7092 2.23198
0 7.4 2.23172 31.7089 2.23172
0 7.6 2.23176 31.7086 2.23176
0 7.8 2.23241 31.7093 2.23241
0 8 2.23228 31.7085 2.23228
0 8.2 2.2339 31.7085 2.2339
0 8.4 2.23989 31.7107 2.23989
0 8.6 2.25242 31.7156 2.25242
0 8.8 2.27348 31.7212 2.27348
0 9 2.31027 31.7274 2.31027
0 9.2 2.37363 31.7306 2.37363
0 9.4 5.74011 34.9747 5.74011
0 9.6 13.3643 42.3467 13.3643
0 9.8 -46.1255 -17.9669 -46.1255
0.12 0 -16.5328 12.8938 -16.5328
0.12 0.2 -20.0572 9.37028 -20.0572
0.12 0.4 -16.4625 12.9825 -16.4625
0.12 0.6 -15.8034 13.6528 -15.8034
0.12 0.8 -15.7993 13.664 -15.7993
0.12 1 -15.8022 13.6643 -15.8022
0.12 1.2 -15.8029 13.6653 -15.8029
0.12 1.4 -15.8021 13.667 -15.8021
0.12 1.6 -15.8037 13.666 -15.8037
0.12 1.8 -15.8015 13.6684 -15.8015
0.12 2 -15.8036 13.6664 -15.8036
0.12 2.2 -15.8021 13.6679 -15.8021
0.12 2.4 -15.8034 13.667 -15.8034
0.12 2.6 -15.8034 13.6667 -15.8034
0.12 2.8 -15.8072 13.6633 -15.8072
0.12 3 -15.8104 13.6602 -15.8104
0.12 3.2 -15.8185 13.6523 -15.8185
0.12 3.4 -15.828 13.6424 -15.828
0.12 3.6 -15.8394 13.629 -15.8394
0.12 3.8 -15.8503 13.6154 -15.8503
0.12 4 -15.8604 13.6014 -15.8604
0.12 4.2 -15.8706 13.5864 -15.8706
0.12 4.4 -15.8765 13.5767 -15.8765
0.12 4.6 -15.8822 13.5681 -15.8822
0.12 4.8 -15.8815 13.5681 -15.8815
0.12 5 -15.8814 13.5695 -15.8814
0.12 5.2 -15.8765 13.5778 -15.8765
0.12 5.4 -15.8692 13.589 -15.8692
0.12 5.6 -15.8592 13.6027 -15.8592
0.12 5.8 -15.8493 13.6165 -15.8493
0.12 6 -15.8359 13.6325 -15.8359
0.12 6.2 -15.8252 13.6452 -15.8252
0.12 6.4 -15.8166 13.6545 -15.8166
0.12 6.6 -15.8111 13.6596 -15.8111
0.12 6.8 -15.8064 13.6642 -15.8064
0.12 7 -15.8055 13.6649 -15.8055
0.12 7.2 -15.8046 13.6652 -15.8046
0.12 7.4 -15.8051 13.6647 -15.8051
0.12 7.6 -15.8046 13.6647 -15.8046
0.12 7.8 -15.8046 13.6649 -15.8046
0.12 8 -15.8044 13.6642 -15.8044
0.12 8.2 -15.8023 13.6647 -15.8023
0.12 8.4 -15.7963 13.6669 -15.7963
0.12 8.6 -15.7833 13.6721 -15.7833
0.12 8.8 -15.7608 13.6791 -15.7608
0.12 9 -15.7235 13.6852 -15.7235
0.12 9.2 -15.6746 13.6731 -15.6746
0.12 9.4 -12.4789 16.7453 -12.4789
0.12 9.6 -4.14894 24.8173 -4.14894
0.12 9.8 -67.6401 -39.5185 -67.6401
0.24 0 -7.27134 22.1575 -7.27134
0.24 0.2 -6.51708 22.9127 -6.51708
0.24 0.4 -3.81628 25.631 -3.81628
0.24 0.6 -3.2453 26.2127 -3.2453
0.24 0.8 -3.2501 26.2155 -3.2501
0.24 1 -3.24597 26.2216 -3.24597
0.24 1.2 -3.24577 26.2241 -3.24577
0.24 1.4 -3.25039 26.22 -3.25039
0.24 1.6 -3.24673 26.2248 -3.24673
0.24 1.8 -3.24726 26.2247 -3.24726
0.24 2 -3.25 26.2214 -3.25
0.24 2.2 -3.24598 26.2258 -3.24598
0.24 2.4 -3.24956 26.2228 -3.24956
0.24 2.6 -3.24795 26.2243 -3.24795
0.24 2.8 -3.25463 26.2171 -3.25463
0.24 3 -3.25816 26.214 -3.25816
0.24 3.2 -3.26886 26.2023 -3.26886
0.24 3.4 -3.27773 26.1922 -3.27773
0.24 3.6 -3.28721 26.1792 -3.28721
0.24 3.8 -3.29751 26.1633 -3.29751
0.24 4 -3.31035 26.1429 -3.31035
0.24 4.2 -3.31464 26.13 -3.31464
0.24 4.4 -3.32022 26.1178 -3.32022
0.24 4.6 -3.3237 26.1081 -3.3237
0.24 4.8 -3.32271 26.1085 -3.32271
0.24 5 -3.32068 26.1128 -3.32068
0.24 5.2 -3.32079 26.1184 -3.32079
0.24 5.4 -3.31553 26.1307 -3.31553
0.24 5.6 -3.30639 26.148 -3.30639
0.24 5.8 -3.2965 26.1645 -3.2965
0.24 6 -3.28354 26.1835 -3.28354
0.24 6.2 -3.27529 26.1946 -3.27529
0.24 6.4 -3.26326 26.2089 -3.26326
0.24 6.6 -3.25954 26.2123 -3.25954
0.24 6.8 -3.25084 26.2213 -3.25084
0.24 7 -3.25176 26.2201 -3.25176
0.24 7.2 -3.24746 26.2243 -3.24746
0.24 7.4 -3.24923 26.2225 -3.24923
0.24 7.6 -3.2471 26.2241 -3.2471
0.24 7.8 -3.24868 26.2226 -3.24868
0.24 8 -3.2465 26.2237 -3.2465
0.24 8.2 -3.24501 26.2235 -3.24501
0.24 8.4 -3.23874 26.2258 -3.23874
0.24 8.6 -3.227 26.2299 -3.227
0.24 8.8 -3.20662 26.2353 -3.20662
0.24 9 -3.16857 26.2417 -3.16857
0.24 9.2 -3.11377 26.2358 -3.11377
0.24 9.4 0.0106418 29.2371 0.0106418
0.24 9.6 7.17824 36.1475 7.17824
0.24 9.8 -51.7532 -23.6116 -51.7532
0.36 0 -9.78948 19.6363 -9.78948
0.36 0.2 -9.77011 19.6565 -9.77011
0.36 0.4 -7.2564 22.1876 -7.2564
0.36 0.6 -6.68956 22.7646 -6.68956
0.36 0.8 -6.69056 22.7718 -6.69056
0.36 1 -6.68779 22.7759 -6.68779
0.36 1.2 -6.68634 22.7796 -6.68634
0.36 1.4 -6.69075 22.7759 -6.69075
0.36 1.6 -6.68845 22.7794 -6.68845
0.36 1.8 -6.68744 22.781 -6.68744
0.36 2 -6.69149 22.7763 -6.69149
0.36 2.2 -6.68702 22.7811 -6.68702
0.36 2.4 -6.69257 22.7762 -6.69257
0.36 2.6 -6.69105 22.7776 -6.69105
0.36 2.8 -6.70067 22.7672 -6.70067
0.36 3 -6.70478 22.763 -6.70478
0.36 3.2 -6.71816 22.7471 -6.71816
0.36 3.4 -6.72852 22.733 -6.72852
0.36 3.6 -6.73745 22.7163 -6.73745
0.36 3.8 -6.74692 22.6955 -6.74692
0.36 4 -6.75599 22.6716 -6.75599
0.36 4.2 -6.7552 22.6556 -6.7552
0.36 4.4 -6.75529 22.6418 -6.75529
0.36 4.6 -6.75575 22.63 -6.75575
0.36 4.8 -6.75263 22.6313 -6.75263
0.36 5 -6.75282 22.6356 -6.75282
0.36 5.2 -6.75784 22.6421 -6.75784
0.36 5.4 -6.758 22.6567 -6.758
0.36 5.6 -6.75286 22.6779 -6.75286
0.36 5.8 -6.74734 22.697 -6.74734
0.36 6 -6.73392 22.7219 -6.73392
0.36 6.2 -6.72658 22.736 -6.72658
0.36 6.4 -6.71257 22.7543 -6.71257
0.36 6.6 -6.70587 22.7617 -6.70587
0.36 6.8 -6.69559 22.7729 -6.69559
0.36 7 -6.69553 22.7728 -6.69553
0.36 7.2 -6.68942 22.7788 -6.68942
0.36 7.4 -6.69076 22.7774 -6.69076
0.36 7.6 -6.68814 22.7795 -6.68814
0.36 7.8 -6.69034 22.7774 -6.69034
0.36 8 -6.68839 22.778 -6.68839
0.36 8.2 -6.68649 22.7782 -6.68649
0.36 8.4 -6.68041 22.7802 -6.68041
0.36 8.6 -6.66867 22.7843 -6.66867
0.36 8.8 -6.6472 22.7907 -6.6472
0.36 9 -6.61001 22.7958 -6.61001
0.36 9.2 -6.55143 22.7933 -6.55143
0.36 9.4 -3.42989 25.7914 -3.42989
0.36 9.6 3.79478 32.7571 3.79478
0.36 9.8 -55.7018 -27.5701 -55.7018
0.48 0 -10.2901 19.1324 -10.2901
0.48 0.2 -10.4016 19.0218 -10.4016
0.48 0.4 -7.9186 21.5222 -7.9186
0.48 0.6 -7.35274 22.0979 -7.35274
0.48 0.8 -7.35105 22.1079 -7.35105
0.48 1 -7.34937 22.1108 -7.34937
0.48 1.2 -7.34823 22.114 -7.34823
0.48 1.4 -7.35173 22.1112 -7.35173
0.48 1.6 -7.35001 22.1143 -7.35001
0.48 1.8 -7.3485 22.1164 -7.3485
0.48 2 -7.35322 22.111 -7.35322
0.48 2.2 -7.34948 22.1152 -7.34948
0.48 2.4 -7.35644 22.109 -7.35644
0.48 2.6 -7.35599 22.1092 -7.35599
0.48 2.8 -7.36801 22.0959 -7.36801
0.48 3 -7.37361 22.0889 -7.37361
0.48 3.2 -7.3893 22.068 -7.3893
0.48 3.4 -7.40025 22.0485 -7.40025
0.48 3.6 -7.40756 22.0257 -7.40756
0.48 3.8 -7.41162 21.9995 -7.41162
0.48 4 -7.41138 21.9712 -7.41138
0.48 4.2 -7.39918 21.9514 -7.39918
0.48 4.4 -7.38731 21.9357 -7.38731
0.48 4.6 -7.37978 21.9225 -7.37978
0.48 4.8 -7.37397 21.9237 -7.37397
0.48 5 -7.37852 21.9282 -7.37852
0.48 5.2 -7.39298 21.9363 -7.39298
0.48 5.4 -7.40467 21.9539 -7.40467
0.48 5.6 -7.4107 21.9789 -7.4107
0.48 5.8 -7.4137 22.0026 -7.4137
0.48 6 -7.40454 22.0332 -7.40454
0.48 6.2 -7.39812 22.0533 -7.39812
0.48 6.4 -7.3833 22.0766 -7.3833
0.48 6.6 -7.37443 22.0882 -7.37443
0.48 6.8 -7.36185 22.1028 -7.36185
0.48 7 -7.36005 22.1049 -7.36005
0.48 7.2 -7.35245 22.1124 -7.35245
0.48 7.4 -7.35279 22.112 -7.35279
0.48 7.6 -7.3496 22.1145 -7.3496
0.48 7.8 -7.35163 22.1127 -7.35163
0.48 8 -7.34996 22.113 -7.34996
0.48 8.2 -7.34816 22.1129 -7.34816
0.48 8.4 -7.342 22.1149 -7.342
0.48 8.6 -7.33011 22.1191 -7.33011
0.48 8.8 -7.30834 22.1256 -7.30834
0.48 9 -7.27184 22.1299 -7.27184
0.48 9.2 -7.2129 22.1275 -7.2129
0.48 9.4 -4.091 25.125 -4.091
0.48 9.6 3.14328 32.0987 3.14328
0.48 9.8 -56.4943 -28.3747 -56.4943
0.6 0 -10.3807 19.0389 -10.3807
0.6 0.2 -10.5179 18.9027 -10.5179
0.6 0.4 -8.03877 21.3992 -8.03877
0.6 0.6 -7.47308 21.9745 -7.47308
0.6 0.8 -7.46988 21.986 -7.46988
0.6 1 -7.46859 21.9885 -7.46859
0.6 1.2 -7.46781 21.9913 -7.46781
0.6 1.4 -7.47075 21.989 -7.47075
0.6 1.6 -7.46919 21.992 -7.46919
0.6 1.8 -7.46784 21.994 -7.46784
0.6 2 -7.47316 21.9881 -7.47316
0.6 2.2 -7.47026 21.9915 -7.47026
0.6 2.4 -7.47837 21.9841 -7.47837
0.6 2.6 -7.47977 21.982 -7.47977
0.6 2.8 -7.49391 21.9658 -7.49391
0.6 3 -7.50167 21.9542 -7.50167
0.6 3.2 -7.51885 21.9271 -7.51885
0.6 3.4 -7.52847 21.9005 -7.52847
0.6 3.6 -7.52985 21.8701 -7.52985
0.6 3.8 -7.52077 21.8376 -7.52077
0.6 4 -7.50096 21.8041 -7.50096
0.6 4.2 -7.46604 21.7797 -7.46604
0.6 4.4 -7.43255 21.7602 -7.43255
0.6 4.6 -7.41001 21.7446 -7.41001
0.6 4.8 -7.39987 21.7451 -7.39987
0.6 5 -7.41186 21.7508 -7.41186
0.6 5.2 -7.44344 21.7619 -7.44344
0.6 5.4 -7.47722 21.7838 -7.47722
0.6 5.6 -7.50562 21.8135 -7.50562
0.6 5.8 -7.52648 21.8429 -7.52648
0.6 6 -7.52872 21.8798 -7.52872
0.6 6.2 -7.52671 21.9077 -7.52671
0.6 6.4 -7.51277 21.9373 -7.51277
0.6 6.6 -7.50247 21.9542 -7.50247
0.6 6.8 -7.48735 21.9733 -7.48735
0.6 7 -7.48322 21.9785 -7.48322
0.6 7.2 -7.4739 21.988 -7.4739
0.6 7.4 -7.47304 21.9888 -7.47304
0.6 7.6 -7.46898 21.9921 -7.46898
0.6 7.8 -7.47062 21.9907 -7.47062
0.6 8 -7.46895 21.9909 -7.46895
0.6 8.2 -7.46751 21.9903 -7.46751
0.6 8.4 -7.46127 21.9924 -7.46127
0.6 8.6 -7.44913 21.9967 -7.44913
0.6 8.8 -7.42744 22.003 -7.42744
0.6 9 -7.39091 22.0072 -7.39091
0.6 9.2 -7.33189 22.0047 -7.33189
0.6 9.4 -4.20959 25.0019 -4.20959
0.6 9.6 3.02582 31.9752 3.02582
0.6 9.8 -56.6363 -28.5275 -56.6363
0.72 0 -10.3939 19.0233 -10.3939
0.72 0.2 -10.5359 18.8823 -10.5359
0.72 0.4 -8.05673 21.3791 -8.05673
0.72 0.6 -7.49093 21.9545 -7.49093
0.72 0.8 -7.48719 21.9663 -7.48719
0.72 1 -7.48577 21.969 -7.48577
0.72 1.2 -7.48502 21.9718 -7.48502
0.72 1.4 -7.48786 21.9695 -7.48786
0.72 1.6 -7.4864 21.9725 -7.4864
0.72 1.8 -7.48535 21.9742 -7.48535
0.72 2 -7.49132 21.9677 -7.49132
0.72 2.2 -7.48932 21.9703 -7.48932
0.72 2.4 -7.49891 21.9613 -7.49891
0.72 2.6 -7.50241 21.9564 -7.50241
0.72 2.8 -7.51869 21.9362 -7.51869
0.72 3 -7.52853 21.9185 -7.52853
0.72 3.2 -7.54519 21.884 -7.54519
0.72 3.4 -7.54919 21.8488 -7.54919
0.72 3.6 -7.53614 21.8099 -7.53614
0.72 3.8 -7.50129 21.7694 -7.50129
0.72 4 -7.44606 21.7276 -7.44606
0.72 4.2 -7.37186 21.6933 -7.37186
0.72 4.4 -7.30332 21.6628 -7.30332
0.72 4.6 -7.25715 21.6387 -7.25715
0.72 4.8 -7.24047 21.6364 -7.24047
0.72 5 -7.2635 21.6471 -7.2635
0.72 5.2 -7.32227 21.6677 -7.32227
0.72 5.4 -7.39294 21.7007 -7.39294
0.72 5.6 -7.46047 21.7398 -7.46047
0.72 5.8 -7.5143 21.7776 -7.5143
0.72 6 -7.53962 21.8221 -7.53962
0.72 6.2 -7.54941 21.8587 -7.54941
0.72 6.4 -7.53984 21.8962 -7.53984
0.72 6.6 -7.52931 21.9199 -7.52931
0.72 6.8 -7.51182 21.9446 -7.51182
0.72 7 -7.50512 21.9539 -7.50512
0.72 7.2 -7.49377 21.9659 -7.49377
0.72 7.4 -7.49152 21.9682 -7.49152
0.72 7.6 -7.48657 21.9723 -7.48657
0.72 7.8 -7.48779 21.9713 -7.48779
0.72 8 -7.48603 21.9715 -7.48603
0.72 8.2 -7.48478 21.9707 -7.48478
0.72 8.4 -7.47856 21.9727 -7.47856
0.72 8.6 -7.46633 21.9771 -7.46633
0.72 8.8 -7.44467 21.9834 -7.44467
0.72 9 -7.40787 21.9877 -7.40787
0.72 9.2 -7.34868 21.9852 -7.34868
0.72 9.4 -4.22598 24.9822 -4.22598
0.72 9.6 3.00961 31.9546 3.00961
0.72 9.8 -56.6562 -28.5563 -56.6562
0.84 0 -10.3928 19.0226 -10.3928
0.84 0.2 -10.5364 18.8801 -10.5364
0.84 0.4 -8.0585 21.3754 -8.0585
0.84 0.6 -7.49307 21.9504 -7.49307
0.84 0.8 -7.4893 21.9621 -7.4893
0.84 1 -7.48759 21.9651 -7.48759
0.84 1.2 -7.48674 21.968 -7.48674
0.84 1.4 -7.48967 21.9656 -7.48967
0.84 1.6 -7.48826 21.9686 -7.48826
0.84 1.8 -7.48753 21.97 -7.48753
0.84 2 -7.4942 21.9629 -7.4942
0.84 2.2 -7.49331 21.9642 -7.49331
0.84 2.4 -7.50464 21.9532 -7.50464
0.84 2.6 -7.51032 21.9449 -7.51032
0.84 2.8 -7.52862 21.9198 -7.52862
0.84 3 -7.53927 21.8948 -7.53927
0.84 3.2 -7.55163 21.8517 -7.55163
0.84 3.4 -7.54193 21.807 -7.54193
0.84 3.6 -7.50057 21.7579 -7.50057
0.84 3.8 -7.42109 21.7044 -7.42109
0.84 4 -7.30915 21.6425 -7.30915
0.84 4.2 -7.1765 21.5781 -7.1765
0.84 4.4 -7.05969 21.5109 -7.05969
0.84 4.6 -6.9832 21.4572 -6.9832
0.84 4.8 -6.95862 21.4449 -6.95862
0.84 5 -6.99523 21.4722 -6.99523
0.84 5.2 -7.08952 21.526 -7.08952
0.84 5.4 -7.21217 21.5949 -7.21217
0.84 5.6 -7.33901 21.6615 -7.33901
0.84 5.8 -7.44679 21.7174 -7.44679
0.84 6 -7.51292 21.7733 -7.51292
0.84 6.2 -7.54673 21.8198 -7.54673
0.84 6.4 -7.54813 21.8664 -7.54813
0.84 6.6 -7.54015 21.8983 -7.54015
0.84 6.8 -7.52133 21.9296 -7.52133
0.84 7 -7.51222 21.9436 -7.51222
0.84 7.2 -7.49869 21.9587 -7.49869
0.84 7.4 -7.49485 21.9628 -7.49485
0.84 7.6 -7.48901 21.9678 -7.48901
0.84 7.8 -7.48975 21.9672 -7.48975
0.84 8 -7.48788 21.9676 -7.48788
0.84 8.2 -7.48663 21.9668 -7.48663
0.84 8.4 -7.48043 21.9688 -7.48043
0.84 8.6 -7.46815 21.9732 -7.46815
0.84 8.8 -7.44644 21.9795 -7.44644
0.84 9 -7.40945 21.984 -7.40945
0.84 9.2 -7.35014 21.9813 -7.35014
0.84 9.4 -4.22745 24.9778 -4.22745
0.84 9.6 3.00766 31.9486 3.00766
0.84 9.8 -56.6559 -28.5631 -56.6559
0.96 0 -10.3893 19.0247 -10.3893
0.96 0.2 -10.5335 18.8816 -10.5335
0.96 0.4 -8.05554 21.377 -8.05554
0.96 0.6 -7.49033 21.9519 -7.49033
0.96 0.8 -7.48662 21.9636 -7.48662
0.96 1 -7.48468 21.9668 -7.48468
0.96 1.2 -7.48372 21.9698 -7.48372
0.96 1.4 -7.48671 21.9674 -7.48671
0.96 1.6 -7.48533 21.9703 -7.48533
0.96 1.8 -7.48496 21.9714 -7.48496
0.96 2 -7.49246 21.9634 -7.49246
0.96 2.2 -7.49292 21.9632 -7.49292
0.96 2.4 -7.50615 21.9496 -7.50615
0.96 2.6 -7.51403 21.9372 -7.51403
0.96 2.8 -7.53388 21.906 -7.53388
0.96 3 -7.54293 21.8725 -7.54293
0.96 3.2 -7.54495 21.8193 -7.54495
0.96 3.4 -7.50947 21.7629 -7.50947
0.96 3.6 -7.42087 21.6978 -7.42087
0.96 3.8 -7.2736 21.6138 -7.2736
0.96 4 -7.08413 21.4937 -7.08413
0.96 4.2 -6.88215 21.3357 -6.88215
0.96 4.4 -6.71777 21.1544 -6.71777
0.96 4.6 -6.61699 21.0078 -6.61699
0.96 4.8 -6.58742 20.9652 -6.58742
0.96 5 -6.63352 21.0425 -6.63352
0.96 5.2 -6.75779 21.1995 -6.75779
0.96 5.4 -6.93443 21.3802 -6.93443
0.96 5.6 -7.13461 21.5316 -7.13461
0.96 5.8 -7.31834 21.6378 -7.31834
0.96 6 -7.44768 21.7187 -7.44768
0.96 6.2 -7.52256 21.7798 -7.52256
0.96 6.4 -7.54519 21.8372 -7.54519
0.96 6.6 -7.54458 21.8787 -7.54458
0.96 6.8 -7.52636 21.9176 -7.52636
0.96 7 -7.51529 21.9372 -7.51529
0.96 7.2 -7.49951 21.956 -7.49951
0.96 7.4 -7.49388 21.9624 -7.49388
0.96 7.6 -7.48702 21.9685 -7.48702
0.96 7.8 -7.48715 21.9686 -7.48715
0.96 8 -7.48503 21.9691 -7.48503
0.96 8.2 -7.48365 21.9686 -7.48365
0.96 8.4 -7.47741 21.9706 -7.47741
0.96 8.6 -7.46506 21.9751 -7.46506
0.96 8.8 -7.44333 21.9814 -7.44333
0.96 9 -7.40629 21.9858 -7.40629
0.96 9.2 -7.34692 21.983 -7.34692
0.96 9.4 -4.22408 24.9793 -4.22408
0.96 9.6 3.01143 31.9496 3.01143
0.96 9.8 -56.6518 -28.5645 -56.6518
1.08 0 -10.3856 19.0272 -10.3856
1.08 0.2 -10.5303 18.8836 -10.5303
1.08 0.4 -8.05238 21.379 -8.05238
1.08 0.6 -7.48732 21.9537 -7.48732
1.08 0.8 -7.48365 21.9654 -7.48365
1.08 1 -7.48159 21.9687 -7.48159
1.08 1.2 -7.48052 21.9718 -7.48052
1.08 1.4 -7.4835 21.9695 -7.4835
1.08 1.6 -7.48218 21.9723 -7.48218
1.08 1.8 -7.48223 21.973 -7.48223
1.08 2 -7.49071 21.9639 -7.49071
1.08 2.2 -7.49267 21.9619 -7.49267
1.08 2.4 -7.50784 21.9453 -7.50784
1.08 2.6 -7.51774 21.928 -7.51774
1.08 2.8 -7.53785 21.8896 -7.53785
1.08 3 -7.54119 21.8465 -7.54119
1.08 3.2 -7.52364 21.7817 -7.52364
1.08 3.4 -7.44578 21.7087 -7.44578
1.08 3.6 -7.28711 21.6102 -7.28711
1.08 3.8 -7.05085 21.4473 -7.05085
1.08 4 -6.77847 21.1648 -6.77847
1.08 4.2 -6.52847 20.7438 -6.52847
1.08 4.4 -6.35764 20.2467 -6.35764
1.08 4.6 -6.27026 19.846 -6.27026
1.08 4.8 -6.24805 19.7225 -6.24805
1.08 5 -6.28347 19.9337 -6.28347
1.08 5.2 -6.39654 20.3739 -6.39654
1.08 5.4 -6.58968 20.8655 -6.58968
1.08 5.6 -6.84935 21.255 -6.84935
1.08 5.8 -7.11974 21.4992 -7.11974
1.08 6 -7.33479 21.6433 -7.33479
1.08 6.2 -7.47217 21.7317 -7.47217
1.08 6.4 -7.53062 21.8034 -7.53062
1.08 6.6 -7.54501 21.8558 -7.54501
1.08 6.8 -7.53061 21.9033 -7.53061
1.08 7 -7.51861 21.9294 -7.51861
1.08 7.2 -7.50074 21.9525 -7.50074
1.08 7.4 -7.4932 21.9617 -7.4932
1.08 7.6 -7.48512 21.9692 -7.48512
1.08 7.8 -7.48449 21.97 -7.48449
1.08 8 -7.48197 21.971 -7.48197
1.08 8.2 -7.48033 21.9708 -7.48033
1.08 8.4 -7.47399 21.9729 -7.47399
1.08 8.6 -7.46162 21.9775 -7.46162
1.08 8.8 -7.44 21.9836 -7.44
1.08 9 -7.40301 21.9879 -7.40301
1.08 9.2 -7.3436 21.985 -7.3436
1.08 9.4 -4.22071 24.981 -4.22071
1.08 9.6 3.01494 31.9507 3.01494
1.08 9.8 -56.6476 -28.5648 -56.6476
1.2 0 -10.3823 19.0296 -10.3823
1.2 0.2 -10.5271 18.8858 -10.5271
1.2 0.4 -8.04904 21.3814 -8.04904
1.2 0.6 -7.48384 21.9564 -7.48384
1.2 0.8 -7.48018 21.968 -7.48018
1.2 1 -7.47809 21.9714 -7.47809
1.2 1.2 -7.47693 21.9747 -7.47693
1.2 1.4 -7.47985 21.9723 -7.47985
1.2 1.6 -7.47867 21.975 -7.47867
1.2 1.8 -7.47924 21.9751 -7.47924
1.2 2 -7.4888 21.9648 -7.4888
1.2 2.2 -7.49239 21.9606 -7.49239
1.2 2.4 -7.50952 21.9404 -7.50952
1.2 2.6 -7.52095 21.9175 -7.52095
1.2 2.8 -7.53919 21.8709 -7.53919
1.2 3 -7.53099 21.8168 -7.53099
1.2 3.2 -7.48154 21.7372 -7.48154
1.2 3.4 -7.34184 21.6349 -7.34184
1.2 3.6 -7.09265 21.4587 -7.09265
1.2 3.8 -6.76458 21.0965 -6.76458
1.2 4 -6.45039 20.398 -6.45039
1.2 4.2 -6.24371 19.315 -6.24371
1.2 4.4 -6.17043 18.052 -6.17043
1.2 4.6 -6.16501 17.0593 -6.16501
1.2 4.8 -6.16789 16.7536 -6.16789
1.2 5 -6.16121 17.2689 -6.16121
1.2 5.2 -6.18177 18.3752 -6.18177
1.2 5.4 -6.28604 19.6292 -6.28604
1.2 5.6 -6.52608 20.6217 -6.52608
1.2 5.8 -6.85581 21.2182 -6.85581
1.2 6 -7.16625 21.5207 -7.16625
1.2 6.2 -7.38734 21.6693 -7.38734
1.2 6.4 -7.49929 21.7641 -7.49929
1.2 6.6 -7.53895 21.8298 -7.53895
1.2 6.8 -7.533 21.8871 -7.533
1.2 7 -7.52165 21.9205 -7.52165
1.2 7.2 -7.50205 21.9487 -7.50205
1.2 7.4 -7.49252 21.961 -7.49252
1.2 7.6 -7.48304 21.9703 -7.48304
1.2 7.8 -7.4815 21.9721 -7.4815
1.2 8 -7.47843 21.9737 -7.47843
1.2 8.2 -7.47646 21.9738 -7.47646
1.2 8.4 -7.46998 21.9762 -7.46998
1.2 8.6 -7.45764 21.9807 -7.45764
1.2 8.8 -7.43619 21.9867 -7.43619
1.2 9 -7.39932 21.9908 -7.39932
1.2 9.2 -7.33979 21.9879 -7.33979
1.2 9.4 -4.21675 24.9837 -4.21675
1.2 9.6 3.0188 31.9528 3.0188
1.2 9.8 -56.6435 -28.5642 -56.6435
1.32 0 -10.3796 19.0314 -10.3796
1.32 0.2 -10.5245 18.8875 -10.5245
1.32 0.4 -8.04596 21.3836 -8.04596
1.32 0.6 -7.48062 21.9587 -7.48062
1.32 0.8 -7.477 21.9703 -7.477
1.32 1 -7.47497 21.9736 -7.47497
1.32 1.2 -7.47373 21.977 -7.47373
1.32 1.4 -7.47663 21.9747 -7.47663
1.32 1.6 -7.47567 21.9771 -7.47567
1.32 1.8 -7.47688 21.9764 -7.47688
1.32 2 -7.48759 21.9648 -7.48759
1.32 2.2 -7.4929 21.9581 -7.4929
1.32 2.4 -7.51193 21.9338 -7.51193
1.32 2.6 -7.52404 21.9044 -7.52404
1.32 2.8 -7.5374 21.8487 -7.5374
1.32 3 -7.50999 21.7819 -7.50999
1.32 3.2 -7.41407 21.6808 -7.41407
1.32 3.4 -7.19378 21.5203 -7.19378
1.32 3.6 -6.84753 21.1677 -6.84753
1.32 3.8 -6.47009 20.3399 -6.47009
1.32 4 -6.23536 18.6832 -6.23536
1.32 4.2 -6.21317 16.1666 -6.21317
1.32 4.4 -6.26397 13.4196 -6.26397
1.32 4.6 -6.24868 11.4185 -6.24868
1.32 4.8 -6.22749 10.8287 -6.22749
1.32 5 -6.25297 11.8248 -6.25297
1.32 5.2 -6.25264 14.103 -6.25264
1.32 5.4 -6.20243 16.8851 -6.20243
1.32 5.6 -6.27605 19.212 -6.27605
1.32 5.8 -6.56555 20.6246 -6.56555
1.32 6 -6.94649 21.2955 -6.94649
1.32 6.2 -7.26353 21.5775 -7.26353
1.32 6.4 -7.44724 21.7157 -7.44724
1.32 6.6 -7.52468 21.7993 -7.52468
1.32 6.8 -7.5333 21.8677 -7.5333
1.32 7 -7.52489 21.9094 -7.52489
1.32 7.2 -7.50414 21.9433 -7.50414
1.32 7.4 -7.49263 21.9592 -7.49263
1.32 7.6 -7.4816 21.9706 -7.4816
1.32 7.8 -7.47903 21.9735 -7.47903
1.32 8 -7.47535 21.9758 -7.47535
1.32 8.2 -7.47297 21.9763 -7.47297
1.32 8.4 -7.46632 21.9789 -7.46632
1.32 8.6 -7.45403 21.9835 -7.45403
1.32 8.8 -7.43279 21.9893 -7.43279
1.32 9 -7.39605 21.9932 -7.39605
1.32 9.2 -7.33642 21.9903 -7.33642
1.32 9.4 -4.21322 24.9861 -4.21322
1.32 9.6 3.02236 31.9549 3.02236
1.32 9.8 -56.6402 -28.5635 -56.6402
1.44 0 -10.3776 19.0327 -10.3776
1.44 0.2 -10.5231 18.8881 -10.5231
1.44 0.4 -8.04462 21.3838 -8.04462
1.44 0.6 -7.4795 21.9585 -7.4795
1.44 0.8 -7.47603 21.97 -7.47603
1.44 1 -7.47408 21.9733 -7.47408
1.44 1.2 -7.47282 21.9767 -7.47282
1.44 1.4 -7.47574 21.9743 -7.47574
1.44 1.6 -7.47509 21.9764 -7.47509
1.44 1.8 -7.47701 21.975 -7.47701
1.44 2 -7.48896 21.9617 -7.48896
1.44 2.2 -7.49604 21.9522 -7.49604
1.44 2.4 -7.51672 21.9234 -7.51672
1.44 2.6 -7.52821 21.8869 -7.52821
1.44 2.8 -7.53264 21.8212 -7.53264
1.44 3 -7.47682 21.7394 -7.47682
1.44 3.2 -7.31933 21.6035 -7.31933
1.44 3.4 -7.00685 21.3272 -7.00685
1.44 3.6 -6.58861 20.6012 -6.58861
1.44 3.8 -6.27449 18.7877 -6.27449
1.44 4 -6.25801 15.2357 -6.25801
1.44 4.2 -6.21997 10.3798 -6.21997
1.44 4.4 -5.61619 5.95103 -5.61619
1.44 4.6 -4.71949 3.29284 -4.71949
1.44 4.8 -4.3776 2.59603 -4.3776
1.44 5 -4.92335 3.78865 -4.92335
1.44 5.2 -5.8217 6.96176 -5.8217
1.44 5.4 -6.26105 11.6869 -6.26105
1.44 5.6 -6.23562 16.3438 -6.23562
1.44 5.8 -6.33308 19.4159 -6.33308
1.44 6 -6.70004 20.8692 -6.70004
1.44 6.2 -7.10285 21.4303 -7.10285
1.44 6.4 -7.37252 21.6521 -7.37252
1.44 6.6 -7.50136 21.7624 -7.50136
1.44 6.8 -7.53206 21.8435 -7.53206
1.44 7 -7.52966 21.8941 -7.52966
1.44 7.2 -7.50871 21.9342 -7.50871
1.44 7.4 -7.49534 21.9542 -7.49534
1.44 7.6 -7.48269 21.9679 -7.48269
1.44 7.8 -7.47902 21.9722 -7.47902
1.44 8 -7.47468 21.9751 -7.47468
1.44 8.2 -7.4719 21.9761 -7.4719
1.44 8.4 -7.46506 21.9789 -7.46506
1.44 8.6 -7.45275 21.9836 -7.45275
1.44 8.8 -7.43165 21.9893 -7.43165
1.44 9 -7.39505 21.993 -7.39505
1.44 9.2 -7.33539 21.99 -7.33539
1.44 9.4 -4.21216 24.9856 -4.21216
1.44 9.6 3.02334 31.9541 3.02334
1.44 9.8 -56.6385 -28.564 -56.6385
1.56 0 -10.376 19.0337 -10.376
1.56 0.2 -10.5223 18.8882 -10.5223
1.56 0.4 -8.04447 21.3829 -8.04447
1.56 0.6 -7.47978 21.957 -7.47978
1.56 0.8 -7.4765 21.9682 -7.4765
1.56 1 -7.47465 21.9715 -7.47465
1.56 1.2 -7.47341 21.9749 -7.47341
1.56 1.4 -7.4764 21.9725 -7.4764
1.56 1.6 -7.47609 21.9741 -7.47609
1.56 1.8 -7.47877 21.9718 -7.47877
1.56 2 -7.49201 21.9568 -7.49201
1.56 2.2 -7.50082 21.9443 -7.50082
1.56 2.4 -7.52273 21.9105 -7.52273
1.56 2.6 -7.53188 21.8666 -7.53188
1.56 2.8 -7.52265 21.7901 -7.52265
1.56 3 -7.42873 21.6887 -7.42873
1.56 3.2 -7.19752 21.494 -7.19752
1.56 3.4 -6.79787 20.9982 -6.79787
1.56 3.6 -6.38151 19.5488 -6.38151
1.56 3.8 -6.26924 15.908 -6.26924
1.56 4 -6.16211 9.50828 -6.16211
1.56 4.2 -4.49119 2.79964 -4.49119
1.56 4.4 -1.07725 -1.25384 -1.07725
1.56 4.6 1.91659 -2.79699 1.91659
1.56 4.8 2.83227 -3.09847 2.83227
1.56 5 1.30468 -2.56718 1.30468
1.56 5.2 -2.01119 -0.509467 -2.01119
1.56 5.4 -5.12865 4.35288 -5.12865
1.56 5.6 -6.25648 11.3686 -6.25648
1.56 5.8 -6.25665 17.1535 -6.25665
1.56 6 -6.47463 20.0897 -6.47463
1.56 6.2 -6.91531 21.1889 -6.91531
1.56 6.4 -7.274 21.5665 -7.274
1.56 6.6 -7.46633 21.7193 -7.46633
1.56 6.8 -7.52724 21.8161 -7.52724
1.56 7 -7.53452 21.8762 -7.53452
1.56 7.2 -7.51458 21.923 -7.51458
1.56 7.4 -7.49965 21.9474 -7.49965
1.56 7.6 -7.48537 21.9636 -7.48537
1.56 7.8 -7.48057 21.9692 -7.48057
1.56 8 -7.47555 21.9728 -7.47555
1.56 8.2 -7.4724 21.9742 -7.4724
1.56 8.4 -7.46535 21.9773 -7.46535
1.56 8.6 -7.45294 21.9822 -7.45294
1.56 8.8 -7.4319 21.9879 -7.4319
1.56 9 -7.39541 21.9915 -7.39541
1.56 9.2 -7.33581 21.9883 -7.33581
1.56 9.4 -4.21265 24.9836 -4.21265
1.56 9.6 3.02279 31.9517 3.02279
1.56 9.8 -56.6378 -28.5649 -56.6378
1.68 0 -10.3746 19.0347 -10.3746
1.68 0.2 -10.5215 18.8886 -10.5215
1.68 0.4 -8.04339 21.3834 -8.04339
1.68 0.6 -7.47892 21.9572 -7.47892
1.68 0.8 -7.4758 21.9683 -7.4758
1.68 1 -7.47403 21.9715 -7.47403
1.68 1.2 -7.47285 21.9749 -7.47285
1.68 1.4 -7.47597 21.9723 -7.47597
1.68 1.6 -7.47606 21.9736 -7.47606
1.68 1.8 -7.47952 21.9703 -7.47952
1.68 2 -7.49408 21.9536 -7.49408
1.68 2.2 -7.50455 21.9378 -7.50455
1.68 2.4 -7.52717 21.8987 -7.52717
1.68 2.6 -7.53213 21.8469 -7.53213
1.68 2.8 -7.50442 21.7588 -7.50442
1.68 3 -7.3638 21.6309 -7.3638
1.68 3.2 -7.05343 21.3387 -7.05343
1.68 3.4 -6.59642 20.4595 -6.59642
1.68 3.6 -6.29476 17.756 -6.29476
1.68 3.8 -6.27116 11.359 -6.27116
1.68 4 -4.37391 2.63848 -4.37391
1.68 4.2 1.54856 -2.66365 1.54856
1.68 4.4 8.00099 -3.8973 8.00099
1.68 4.6 11.808 -3.88546 11.808
1.68 4.8 12.7774 -3.83806 12.7774
1.68 5 11.1072 -3.92285 11.1072
1.68 5.2 6.52348 -3.81455 6.52348
1.68 5.4 -0.234864 -1.80718 -0.234864
1.68 5.6 -5.24398 4.78746 -5.24398
1.68 5.8 -6.29781 13.4447 -6.29781
1.68 6 -6.32991 18.7658 -6.32991
1.68 6.2 -6.72053 20.8046 -6.72053
1.68 6.4 -7.15369 21.4516 -7.15369
1.68 6.6 -7.41726 21.6723 -7.41726
1.68 6.8 -7.51591 21.7889 -7.51591
1.68 7 -7.53664 21.8592 -7.53664
1.68 7.2 -7.51906 21.9129 -7.51906
1.68 7.4 -7.50291 21.9419 -7.50291
1.68 7.6 -7.48703 21.9609 -7.48703
1.68 7.8 -7.48107 21.968 -7.48107
1.68 8 -7.47535 21.9724 -7.47535
1.68 8.2 -7.47186 21.9741 -7.47186
1.68 8.4 -7.46462 21.9774 -7.46462
1.68 8.6 -7.45204 21.9825 -7.45204
1.68 8.8 -7.43098 21.9883 -7.43098
1.68 9 -7.39455 21.9918 -7.39455
1.68 9.2 -7.33503 21.9884 -7.33503
1.68 9.4 -4.21178 24.9837 -4.21178
1.68 9.6 3.02399 31.952 3.02399
1.68 9.8 -56.6371 -28.5653 -56.6371
1.8 0 -10.3736 19.0355 -10.3736
1.8 0.2 -10.5207 18.8892 -10.5207
1.8 0.4 -8.04304 21.3834 -8.04304
1.8 0.6 -7.47881 21.957 -7.47881
1.8 0.8 -7.47581 21.968 -7.47581
1.8 1 -7.47411 21.9711 -7.47411
1.8 1.2 -7.47302 21.9744 -7.47302
1.8 1.4 -7.47631 21.9717 -7.47631
1.8 1.6 -7.47682 21.9726 -7.47682
1.8 1.8 -7.48106 21.9684 -7.48106
1.8 2 -7.49692 21.9497 -7.49692
1.8 2.2 -7.5089 21.9306 -7.5089
1.8 2.4 -7.53158 21.8862 -7.53158
1.8 2.6 -7.53044 21.8266 -7.53044
1.8 2.8 -7.47976 21.726 -7.47976
1.8 3 -7.28602 21.5625 -7.28602
1.8 3.2 -6.90005 21.1204 -6.90005
1.8 3.4 -6.43985 19.6343 -6.43985
1.8 3.6 -6.32306 15.0472 -6.32306
1.8 3.8 -5.47642 5.70151 -5.47642
1.8 4 0.820165 -2.29152 0.820165
1.8 4.2 10.2411 -3.9037 10.2411
1.8 4.4 16.3385 -3.50184 16.3385
1.8 4.6 18.9421 -3.29569 18.9421
1.8 4.8 19.5171 -3.26735 19.5171
1.8 5 18.5057 -3.32584 18.5057
1.8 5.2 15.1488 -3.6251 15.1488
1.8 5.4 7.9679 -3.90077 7.9679
1.8 5.6 -1.43148 -0.898473 -1.43148
1.8 5.8 -6.00404 8.43874 -6.00404
1.8 6 -6.29922 16.734 -6.29922
1.8 6.2 -6.54672 20.2255 -6.54672
1.8 6.4 -7.02086 21.2965 -7.02086
1.8 6.6 -7.35719 21.6189 -7.35719
1.8 6.8 -7.49971 21.7608 -7.49971
1.8 7 -7.53752 21.8416 -7.53752
1.8 7.2 -7.52377 21.9021 -7.52377
1.8 7.4 -7.50684 21.9359 -7.50684
1.8 7.6 -7.48946 21.9576 -7.48946
1.8 7.8 -7.48234 21.9663 -7.48234
1.8 8 -7.47593 21.9714 -7.47593
1.8 8.2 -7.4721 21.9735 -7.4721
1.8 8.4 -7.46472 21.9769 -7.46472
1.8 8.6 -7.45192 21.9823 -7.45192
1.8 8.8 -7.43077 21.9882 -7.43077
1.8 9 -7.39432 21.9917 -7.39432
1.8 9.2 -7.33486 21.9882 -7.33486
1.8 9.4 -4.21165 24.9834 -4.21165
1.8 9.6 3.024 31.9515 3.024
1.8 9.8 -56.6368 -28.5658 -56.6368
1.92 0 -10.3738 19.0352 -10.3738
1.92 0.2 -10.519 18.8908 -10.519
1.92 0.4 -8.04206 21.3846 -8.04206
1.92 0.6 -7.47765 21.9584 -7.47765
1.92 0.8 -7.47463 21.9695 -7.47463
1.92 1 -7.47297 21.9726 -7.47297
1.92 1.2 -7.47199 21.9758 -7.47199
1.92 1.4 -7.47552 21.9729 -7.47552
1.92 1.6 -7.47646 21.9733 -7.47646
1.92 1.8 -7.4815 21.9682 -7.4815
1.92 2 -7.49863 21.9476 -7.49863
1.92 2.2 -7.51196 21.9252 -7.51196
1.92 2.4 -7.5342 21.8756 -7.5342
1.92 2.6 -7.52537 21.8083 -7.52537
1.92 2.8 -7.44836 21.6943 -7.44836
1.92 3 -7.19847 21.4848 -7.19847
1.92 3.2 -6.74982 20.8318 -6.74982
1.92 3.4 -6.3499 18.4881 -6.3499
1.92 3.6 -6.28312 11.5464 -6.28312
1.92 3.8 -2.81108 0.62813 -2.81108
1.92 4 8.08897 -3.84439 8.08897
1.92 4.2 17.0873 -3.40156 17.0873
1.92 4.4 20.9144 -3.20249 20.9144
1.92 4.6 22.142 -3.38789 22.142
1.92 4.8 22.3708 -3.47342 22.3708
1.92 5 21.9594 -3.3325 21.9594
1.92 5.2 20.2675 -3.19517 20.2675
1.92 5.4 15.3039 -3.58951 15.3039
1.92 5.6 4.99715 -3.53396 4.99715
1.92 5.8 -4.50165 3.26253 -4.50165
1.92 6 -6.32011 14.0022 -6.32011
1.92 6.2 -6.41497 19.4272 -6.41497
1.92 6.4 -6.88431 21.0982 -6.88431
1.92 6.6 -7.28799 21.5613 -7.28799
1.92 6.8 -7.47796 21.7344 -7.47796
1.92 7 -7.53562 21.826 -7.53562
1.92 7.2 -7.5269 21.8932 -7.5269
1.92 7.4 -7.50954 21.9316 -7.50954
1.92 7.6 -7.49075 21.9561 -7.49075
1.92 7.8 -7.48246 21.9664 -7.48246
1.92 8 -7.47534 21.9724 -7.47534
1.92 8.2 -7.47119 21.9748 -7.47119
1.92 8.4 -7.46368 21.9783 -7.46368
1.92 8.6 -7.4507 21.9838 -7.4507
1.92 8.8 -7.42944 21.9898 -7.42944
1.92 9 -7.39294 21.9934 -7.39294
1.92 9.2 -7.33345 21.9899 -7.33345
1.92 9.4 -4.21018 24.9851 -4.21018
1.92 9.6 3.02516 31.9529 3.02516
1.92 9.8 -56.6358 -28.5651 -56.6358
2.04 0 -10.3768 19.0321 -10.3768
2.04 0.2 -10.5168 18.8931 -10.5168
2.04 0.4 -8.04091 21.3862 -8.04091
2.04 0.6 -7.47629 21.9603 -7.47629
2.04 0.8 -7.47325 21.9715 -7.47325
2.04 1 -7.47164 21.9747 -7.47164
2.04 1.2 -7.47077 21.9778 -7.47077
2.04 1.4 -7.47453 21.9747 -7.47453
2.04 1.6 -7.4759 21.9747 -7.4759
2.04 1.8 -7.4817 21.9687 -7.4817
2.04 2 -7.50004 21.9463 -7.50004
2.04 2.2 -7.51452 21.9207 -7.51452
2.04 2.4 -7.53581 21.8662 -7.53581
2.04 2.6 -7.51805 21.792 -7.51805
2.04 2.8 -7.41263 21.6646 -7.41263
2.04 3 -7.10698 21.4005 -7.10698
2.04 3.2 -6.61399 20.4812 -6.61399
2.04 3.4 -6.31836 17.0707 -6.31836
2.04 3.6 -5.84816 7.78392 -5.84816
2.04 3.8 1.66822 -2.42593 1.66822
2.04 4 14.2922 -3.65898 14.2922
2.04 4.2 20.7816 -3.18591 20.7816
2.04 4.4 22.6746 -3.60746 22.6746
2.04 4.6 23.0218 -4.14462 23.0218
2.04 4.8 23.0429 -4.31968 23.0429
2.04 5 22.9923 -4.02402 22.9923
2.04 5.2 22.4151 -3.45189 22.4151
2.04 5.4 19.6932 -3.20877 19.6932
2.04 5.6 11.3876 -3.8615 11.3876
2.04 5.8 -1.35357 -0.6228 -1.35357
2.04 6 -6.21477 10.8683 -6.21477
2.04 6.2 -6.33138 18.4381 -6.33138
2.04 6.4 -6.75333 20.8638 -6.75333
2.04 6.6 -7.21421 21.5015 -7.21421
2.04 6.8 -7.45258 21.7103 -7.45258
2.04 7 -7.53193 21.8121 -7.53193
2.04 7.2 -7.52921 21.8853 -7.52921
2.04 7.4 -7.51184 21.9281 -7.51184
2.04 7.6 -7.49181 21.9553 -7.49181
2.04 7.8 -7.48239 21.9671 -7.48239
2.04 8 -7.47457 21.9739 -7.47457
2.04 8.2 -7.4701 21.9767 -7.4701
2.04 8.4 -7.46249 21.9803 -7.46249
2.04 8.6 -7.44941 21.9858 -7.44941
2.04 8.8 -7.42806 21.9919 -7.42806
2.04 9 -7.39151 21.9954 -7.39151
2.04 9.2 -7.33201 21.992 -7.33201
2.04 9.4 -4.20862 24.9873 -4.20862
2.04 9.6 3.0265 31.955 3.0265
2.04 9.8 -56.6352 -28.5645 -56.6352
2.16 0 -10.3808 19.0278 -10.3808
2.16 0.2 -10.5145 18.8955 -10.5145
2.16 0.4 -8.0402 21.3871 -8.0402
2.16 0.6 -7.47554 21.9614 -7.47554
2.16 0.8 -7.4725 21.9726 -7.4725
2.16 1 -7.47095 21.9758 -7.47095
2.16 1.2 -7.47018 21.9789 -7.47018
2.16 1.4 -7.47413 21.9756 -7.47413
2.16 1.6 -7.4759 21.9753 -7.4759
2.16 1.8 -7.48241 21.9684 -7.48241
2.16 2 -7.50187 21.9443 -7.50187
2.16 2.2 -7.51732 21.9159 -7.51732
2.16 2.4 -7.53732 21.8572 -7.53732
2.16 2.6 -7.51007 21.7773 -7.51007
2.16 2.8 -7.37597 21.638 -7.37597
2.16 3 -7.01788 21.3161 -7.01788
2.16 3.2 -6.49814 20.0997 -6.49814
2.16 3.4 -6.30679 15.5356 -6.30679
2.16 3.6 -4.81312 4.4609 -4.81312
2.16 3.8 6.48028 -3.59521 6.48028
2.16 4 18.1823 -3.33881 18.1823
2.16 4.2 22.3321 -3.47281 22.3321
2.16 4.4 23.0144 -4.38976 23.0144
2.16 4.6 22.8413 -5.17954 22.8413
2.16 4.8 22.7377 -5.42074 22.7377
2.16 5 22.9026 -5.0123 22.9026
2.16 5.2 22.9837 -4.13032 22.9837
2.16 5.4 21.7481 -3.30853 21.7481
2.16 5.6 15.9013 -3.56436 15.9013
2.16 5.8 2.66746 -2.7102 2.66746
2.16 6 -5.79985 7.85372 -5.79985
2.16 6.2 -6.28221 17.3566 -6.28221
2.16 6.4 -6.63456 20.6142 -6.63456
2.16 6.6 -7.14127 21.4438 -7.14127
2.16 6.8 -7.42634 21.6889 -7.42634
2.16 7 -7.52782 21.7994 -7.52782
2.16 7.2 -7.53157 21.8776 -7.53157
2.16 7.4 -7.51448 21.9241 -7.51448
2.16 7.6 -7.49334 21.9538 -7.49334
2.16 7.8 -7.48287 21.9671 -7.48287
2.16 8 -7.4744 21.9746 -7.4744
2.16 8.2 -7.46962 21.9777 -7.46962
2.16 8.4 -7.46195 21.9813 -7.46195
2.16 8.6 -7.44882 21.9868 -7.44882
2.16 8.8 -7.42742 21.9929 -7.42742
2.16 9 -7.39084 21.9964 -7.39084
2.16 9.2 -7.33138 21.9929 -7.33138
2.16 9.4 -4.20789 24.9884 -4.20789
2.16 9.6 3.02712 31.9558 3.02712
2.16 9.8 -56.6353 -28.5647 -56.6353
2.28 0 -10.3701 19.038 -10.3701
2.28 0.2 -10.5117 18.8983 -10.5117
2.28 0.4 -8.03949 21.3881 -8.03949
2.28 0.6 -7.47486 21.9624 -7.47486
2.28 0.8 -7.47177 21.9737 -7.47177
2.28 1 -7.47025 21.9769 -7.47025
2.28 1.2 -7.46954 21.98 -7.46954
2.28 1.4 -7.47369 21.9766 -7.47369
2.28 1.6 -7.47578 21.976 -7.47578
2.28 1.8 -7.48297 21.9684 -7.48297
2.28 2 -7.50342 21.9429 -7.50342
2.28 2.2 -7.5197 21.912 -7.5197
2.28 2.4 -7.53834 21.8499 -7.53834
2.28 2.6 -7.50192 21.7659 -7.50192
2.28 2.8 -7.34076 21.6175 -7.34076
2.28 3 -6.93542 21.2432 -6.93542
2.28 3.2 -6.39935 19.741 -6.39935
2.28 3.4 -6.27 14.1104 -6.27
2.28 3.6 -3.35294 2.03102 -3.35294
2.28 3.8 10.268 -3.84277 10.268
2.28 4 20.2051 -3.30074 20.2051
2.28 4.2 22.7776 -4.00013 22.7776
2.28 4.4 22.7328 -5.27082 22.7328
2.28 4.6 22.2237 -6.26007 22.2237
2.28 4.8 22.0338 -6.55749 22.0338
2.28 5 22.3469 -6.05334 22.3469
2.28 5.2 22.8417 -4.93544 22.8417
2.28 5.4 22.5013 -3.70064 22.5013
2.28 5.6 18.4909 -3.3947 18.4909
2.28 5.8 6.28556 -3.54135 6.28556
2.28 6 -5.07785 5.43221 -5.07785
2.28 6.2 -6.2398 16.34 -6.2398
2.28 6.4 -6.52918 20.3852 -6.52918
2.28 6.6 -7.07308 21.3963 -7.07308
2.28 6.8 -7.40098 21.6728 -7.40098
2.28 7 -7.52341 21.7895 -7.52341
2.28 7.2 -7.53342 21.8714 -7.53342
2.28 7.4 -7.51672 21.921 -7.51672
2.28 7.6 -7.49461 21.9528 -7.49461
2.28 7.8 -7.48318 21.9673 -7.48318
2.28 8 -7.47413 21.9755 -7.47413
2.28 8.2 -7.46908 21.9788 -7.46908
2.28 8.4 -7.46136 21.9824 -7.46136
2.28 8.6 -7.44824 21.9879 -7.44824
2.28 8.8 -7.42682 21.9939 -7.42682
2.28 9 -7.39021 21.9974 -7.39021
2.28 9.2 -7.33077 21.9939 -7.33077
2.28 9.4 -4.20714 24.9895 -4.20714
2.28 9.6 3.02789 31.957 3.02789
2.28 9.8 -56.6354 -28.5648 -56.6354
2.4 0 -10.3634 19.0433 -10.3634
2.4 0.2 -10.5037 18.9062 -10.5037
2.4 0.4 -8.03923 21.3881 -8.03923
2.4 0.6 -7.47484 21.9621 -7.47484
2.4 0.8 -7.47171 21.9735 -7.47171
2.4 1 -7.47021 21.9766 -7.47021
2.4 1.2 -7.46952 21.9798 -7.46952
2.4 1.4 -7.47382 21.9763 -7.47382
2.4 1.6 -7.47621 21.9755 -7.47621
2.4 1.8 -7.484 21.9673 -7.484
2.4 2 -7.50538 21.9405 -7.50538
2.4 2.2 -7.52257 21.9076 -7.52257
2.4 2.4 -7.54028 21.8429 -7.54028
2.4 2.6 -7.49612 21.7565 -7.49612
2.4 2.8 -7.31161 21.6035 -7.31161
2.4 3 -6.8652 21.1926 -6.8652
2.4 3.2 -6.31259 19.4667 -6.31259
2.4 3.4 -6.1904 13.0222 -6.1904
2.4 3.6 -1.93613 0.547893 -1.93613
2.4 3.8 12.6319 -3.85098 12.6319
2.4 4 21.0816 -3.46191 21.0816
2.4 4.2 22.7154 -4.56242 22.7154
2.4 4.4 22.2187 -6.09824 22.2187
2.4 4.6 21.4662 -7.26237 21.4662
2.4 4.8 21.2081 -7.61252 21.2081
2.4 5 21.6379 -7.01809 21.6379
2.4 5.2 22.4207 -5.7004 22.4207
2.4 5.4 22.6178 -4.1705 22.6178
2.4 5.6 19.7401 -3.42941 19.7401
2.4 5.8 8.7634 -3.81564 8.7634
2.4 6 -4.282 3.82329 -4.282
2.4 6.2 -6.18195 15.5588 -6.18195
2.4 6.4 -6.43776 20.2159 -6.43776
2.4 6.6 -7.01534 21.3648 -7.01534
2.4 6.8 -7.38041 21.6614 -7.38041
2.4 7 -7.52085 21.7809 -7.52085
2.4 7.2 -7.536 21.8652 -7.536
2.4 7.4 -7.51941 21.9172 -7.51941
2.4 7.6 -7.4963 21.9508 -7.4963
2.4 7.8 -7.48401 21.9664 -7.48401
2.4 8 -7.47446 21.9751 -7.47446
2.4 8.2 -7.46916 21.9786 -7.46916
2.4 8.4 -7.4614 21.9821 -7.4614
2.4 8.6 -7.44829 21.9876 -7.44829
2.4 8.8 -7.42687 21.9935 -7.42687
2.4 9 -7.39026 21.9971 -7.39026
2.4 9.2 -7.33086 21.9935 -7.33086
2.4 9.4 -4.20723 24.989 -4.20723
2.4 9.6 3.0275 31.9561 3.0275
2.4 9.8 -56.6357 -28.5654 -56.6357
2.52 0 -10.4566 18.9484 -10.4566
2.52 0.2 -10.4852 18.9245 -10.4852
2.52 0.4 -8.03861 21.3887 -8.03861
2.52 0.6 -7.47437 21.9625 -7.47437
2.52 0.8 -7.47127 21.9738 -7.47127
2.52 1 -7.46965 21.9771 -7.46965
2.52 1.2 -7.46895 21.9803 -7.46895
2.52 1.4 -7.47335 21.9768 -7.47335
2.52 1.6 -7.47593 21.9759 -7.47593
2.52 1.8 -7.48424 21.9672 -7.48424
2.52 2 -7.50637 21.9396 -7.50637
2.52 2.2 -7.5244 21.9053 -7.5244
2.52 2.4 -7.54166 21.839 -7.54166
2.52 2.6 -7.49152 21.7525 -7.49152
2.52 2.8 -7.28829 21.6014 -7.28829
2.52 3 -6.80666 21.179 -6.80666
2.52 3.2 -6.2274 19.336 -6.2274
2.52 3.4 -6.0777 12.4387 -6.0777
2.52 3.6 -1.00623 -0.149748 -1.00623
2.52 3.8 13.727 -3.87116 13.727
2.52 4 21.3013 -3.68995 21.3013
2.52 4.2 22.4431 -5.048 22.4431
2.52 4.4 21.6636 -6.79036 21.6636
2.52 4.6 20.7246 -8.11281 20.7246
2.52 4.8 20.4095 -8.51314 20.4095
2.52 5 20.9365 -7.83217 20.9365
2.52 5.2 21.9305 -6.33832 21.9305
2.52 5.4 22.4419 -4.59251 22.4419
2.52 5.6 20.1484 -3.57527 20.1484
2.52 5.8 9.98608 -3.91748 9.98608
2.52 6 -3.70632 3.03426 -3.70632
2.52 6.2 -6.09518 15.1526 -6.09518
2.52 6.4 -6.35475 20.1455 -6.35475
2.52 6.6 -6.96802 21.3597 -6.96802
2.52 6.8 -7.36414 21.6593 -7.36414
2.52 7 -7.51882 21.7769 -7.51882
2.52 7.2 -7.53774 21.8618 -7.53774
2.52 7.4 -7.52103 21.9154 -7.52103
2.52 7.6 -7.497 21.9502 -7.497
2.52 7.8 -7.48402 21.9666 -7.48402
2.52 8 -7.47405 21.9756 -7.47405
2.52 8.2 -7.46859 21.9792 -7.46859
2.52 8.4 -7.46081 21.9827 -7.46081
2.52 8.6 -7.44774 21.9881 -7.44774
2.52 8.8 -7.42637 21.994 -7.42637
2.52 9 -7.38975 21.9975 -7.38975
2.52 9.2 -7.33042 21.9938 -7.33042
2.52 9.4 -4.20681 24.9893 -4.20681
2.52 9.6 3.02787 31.9564 3.02787
2.52 9.8 -56.6353 -28.5652 -56.6353
2.64 0 -10.496 18.9084 -10.496
2.64 0.2 -10.4712 18.9385 -10.4712
2.64 0.4 -8.03896 21.3882 -8.03896
2.64 0.6 -7.47519 21.9615 -7.47519
2.64 0.8 -7.47215 21.9727 -7.47215
2.64 1 -7.47036 21.9762 -7.47036
2.64 1.2 -7.4696 21.9795 -7.4696
2.64 1.4 -7.47403 21.976 -7.47403
2.64 1.6 -7.47674 21.9751 -7.47674
2.64 1.8 -7.48547 21.9661 -7.48547
2.64 2 -7.50828 21.938 -7.50828
2.64 2.2 -7.52721 21.9028 -7.52721
2.64 2.4 -7.54477 21.836 -7.54477
2.64 2.6 -7.49133 21.7514 -7.49133
2.64 2.8 -7.27534 21.6089 -7.27534
2.64 3 -6.76486 21.2047 -6.76486
2.64 3.2 -6.14371 19.376 -6.14371
2.64 3.4 -5.95633 12.4305 -5.95633
2.64 3.6 -0.785171 -0.217538 -0.785171
2.64 3.8 13.7889 -3.94993 13.7889
2.64 4 21.1165 -3.90712 21.1165
2.64 4.2 22.0992 -5.40569 22.0992
2.64 4.4 21.1649 -7.3042 21.1649
2.64 4.6 20.0888 -8.76498 20.0888
2.64 4.8 19.7278 -9.21096 19.7278
2.64 5 20.3329 -8.45059 20.3329
2.64 5.2 21.4736 -6.80625 21.4736
2.64 5.4 22.1333 -4.90913 22.1333
2.64 5.6 19.9985 -3.75622 19.9985
2.64 5.8 10.0821 -3.97377 10.0821
2.64 6 -3.53219 2.99816 -3.53219
2.64 6.2 -5.98296 15.185 -5.98296
2.64 6.4 -6.28278 20.1894 -6.28278
2.64 6.6 -6.93631 21.381 -6.93631
2.64 6.8 -7.35629 21.664 -7.35629
2.64 7 -7.52023 21.775 -7.52023
2.64 7.2 -7.5409 21.8589 -7.5409
2.64 7.4 -7.52353 21.9132 -7.52353
2.64 7.6 -7.4986 21.9489 -7.4986
2.64 7.8 -7.48504 21.9657 -7.48504
2.64 8 -7.47475 21.975 -7.47475
2.64 8.2 -7.46921 21.9786 -7.46921
2.64 8.4 -7.46143 21.982 -7.46143
2.64 8.6 -7.44839 21.9873 -7.44839
2.64 8.8 -7.42709 21.9931 -7.42709
2.64 9 -7.39052 21.9965 -7.39052
2.64 9.2 -7.33136 21.9927 -7.33136
2.64 9.4 -4.20797 24.9879 -4.20797
2.64 9.6 3.0266 31.9547 3.0266
2.64 9.8 -56.6354 -28.5654 -56.6354
2.76 0 -10.4881 18.9162 -10.4881
2.76 0.2 -10.4658 18.944 -10.4658
2.76 0.4 -8.03927 21.388 -8.03927
2.76 0.6 -7.47591 21.9609 -7.47591
2.76 0.8 -7.47288 21.9722 -7.47288
2.76 1 -7.47094 21.9758 -7.47094
2.76 1.2 -7.47007 21.9793 -7.47007
2.76 1.4 -7.47446 21.9759 -7.47446
2.76 1.6 -7.47725 21.975 -7.47725
2.76 1.8 -7.48626 21.966 -7.48626
2.76 2 -7.50963 21.9376 -7.50963
2.76 2.2 -7.5295 21.9022 -7.5295
2.76 2.4 -7.54809 21.8357 -7.54809
2.76 2.6 -7.49424 21.7549 -7.49424
2.76 2.8 -7.27208 21.6271 -7.27208
2.76 3 -6.74006 21.2696 -6.74006
2.76 3.2 -6.06269 19.5839 -6.06269
2.76 3.4 -5.83063 12.9846 -5.83063
2.76 3.6 -1.24549 0.301542 -1.24549
2.76 3.8 12.9743 -4.06185 12.9743
2.76 4 20.6257 -4.08513 20.6257
2.76 4.2 21.7375 -5.62109 21.7375
2.76 4.4 20.7668 -7.62469 20.7668
2.76 4.6 19.6068 -9.19759 19.6068
2.76 4.8 19.213 -9.68212 19.213
2.76 5 19.8732 -8.85407 19.8732
2.76 5.2 21.094 -7.09079 21.094
2.76 5.4 21.7513 -5.10453 21.7513
2.76 5.6 19.4052 -3.93873 19.4052
2.76 5.8 9.20018 -3.97378 9.20018
2.76 6 -3.75069 3.6758 -3.75069
2.76 6.2 -5.84785 15.6455 -5.84785
2.76 6.4 -6.22296 20.3448 -6.22296
2.76 6.6 -6.92022 21.4286 -6.92022
2.76 6.8 -7.35594 21.6764 -7.35594
2.76 7 -7.52369 21.7768 -7.52369
2.76 7.2 -7.54399 21.8584 -7.54399
2.76 7.4 -7.52547 21.9127 -7.52547
2.76 7.6 -7.49966 21.9487 -7.49966
2.76 7.8 -7.48564 21.9657 -7.48564
2.76 8 -7.47517 21.9751 -7.47517
2.76 8.2 -7.46961 21.9786 -7.46961
2.76 8.4 -7.46187 21.9819 -7.46187
2.76 8.6 -7.44887 21.9871 -7.44887
2.76 8.8 -7.42765 21.9927 -7.42765
2.76 9 -7.39116 21.9961 -7.39116
2.76 9.2 -7.33217 21.9921 -7.33217
2.76 9.4 -4.20896 24.987 -4.20896
2.76 9.6 3.02569 31.9538 3.02569
2.76 9.8 -56.6352 -28.5651 -56.6352
2.88 0 -10.4834 18.9211 -10.4834
2.88 0.2 -10.4647 18.9454 -10.4647
2.88 0.4 -8.0387 21.3889 -8.0387
2.88 0.6 -7.47549 21.9616 -7.47549
2.88 0.8 -7.47242 21.973 -7.47242
2.88 1 -7.47037 21.9769 -7.47037
2.88 1.2 -7.46938 21.9805 -7.46938
2.88 1.4 -7.4737 21.9773 -7.4737
2.88 1.6 -7.47651 21.9765 -7.47651
2.88 1.8 -7.48568 21.9675 -7.48568
2.88 2 -7.50949 21.9392 -7.50949
2.88 2.2 -7.53034 21.904 -7.53034
2.88 2.4 -7.55081 21.8387 -7.55081
2.88 2.6 -7.49969 21.7626 -7.49969
2.88 2.8 -7.27867 21.6533 -7.27867
2.88 3 -6.73473 21.3635 -6.73473
2.88 3.2 -5.99393 19.922 -5.99393
2.88 3.4 -5.69066 14.0082 -5.69066
2.88 3.6 -2.17082 1.45661 -2.17082
2.88 3.8 11.3637 -4.1428 11.3637
2.88 4 19.8296 -4.22931 19.8296
2.88 4.2 21.3592 -5.70601 21.3592
2.88 4.4 20.476 -7.76155 20.476
2.88 4.6 19.2907 -9.41612 19.2907
2.88 4.8 18.8796 -9.93042 18.8796
2.88 5 19.5677 -9.04955 19.5677
2.88 5.2 20.7954 -7.20321 20.7954
2.88 5.4 21.2938 -5.19141 21.2938
2.88 5.6 18.372 -4.12042 18.372
2.88 5.8 7.47213 -3.81934 7.47213
2.88 6 -4.19948 5.0497 -4.19948
2.88 6.2 -5.69768 16.4493 -5.69768
2.88 6.4 -6.18216 20.5846 -6.18216
2.88 6.6 -6.92124 21.4953 -6.92124
2.88 6.8 -7.36299 21.6951 -7.36299
2.88 7 -7.52855 21.7824 -7.52855
2.88 7.2 -7.54617 21.8607 -7.54617
2.88 7.4 -7.52593 21.9145 -7.52593
2.88 7.6 -7.49926 21.9504 -7.49926
2.88 7.8 -7.48489 21.9674 -7.48489
2.88 8 -7.47435 21.9766 -7.47435
2.88 8.2 -7.46885 21.98 -7.46885
2.88 8.4 -7.46117 21.9831 -7.46117
2.88 8.6 -7.44824 21.9882 -7.44824
2.88 8.8 -7.42711 21.9938 -7.42711
2.88 9 -7.39073 21.997 -7.39073
2.88 9.2 -7.33188 21.9928 -7.33188
2.88 9.4 -4.20874 24.9876 -4.20874
2.88 9.6 3.0264 31.9549 3.0264
2.88 9.8 -56.6346 -28.5643 -56.6346
3 0 -10.4896 18.9153 -10.4896
3 0.2 -10.4664 18.9441 -10.4664
3 0.4 -8.03839 21.3895 -8.03839
3 0.6 -7.47514 21.9623 -7.47514
3 0.8 -7.47207 21.9737 -7.47207
3 1 -7.46995 21.9776 -7.46995
3 1.2 -7.46887 21.9814 -7.46887
3 1.4 -7.4731 21.9784 -7.4731
3 1.6 -7.47586 21.9778 -7.47586
3 1.8 -7.48508 21.9691 -7.48508
3 2 -7.50919 21.9411 -7.50919
3 2.2 -7.53101 21.9065 -7.53101
3 2.4 -7.55411 21.8428 -7.55411
3 2.6 -7.50863 21.7719 -7.50863
3 2.8 -7.29594 21.6824 -7.29594
3 3 -6.75141 21.4708 -6.75141
3 3.2 -5.94997 20.3318 -5.94997
3 3.4 -5.52917 15.3456 -5.52917
3 3.6 -3.23433 3.30707 -3.23433
3 3.8 9.02864 -4.07054 9.02864
3 4 18.6672 -4.36251 18.6672
3 4.2 20.9314 -5.69002 20.9314
3 4.4 20.2732 -7.74263 20.2732
3 4.6 19.1268 -9.44717 19.1268
3 4.8 18.7149 -9.98202 18.7149
3 5 19.401 -9.06439 19.401
3 5.2 20.5554 -7.17253 20.5554
3 5.4 20.7185 -5.20126 20.7185
3 5.6 16.8376 -4.30802 16.8376
3 5.8 5.07653 -3.3235 5.07653
3 6 -4.65116 7.06426 -4.65116
3 6.2 -5.54714 17.4629 -5.54714
3 6.4 -6.16844 20.8688 -6.16844
3 6.6 -6.94096 21.57 -6.94096
3 6.8 -7.37822 21.7158 -7.37822
3 7 -7.53577 21.7894 -7.53577
3 7.2 -7.54859 21.8641 -7.54859
3 7.4 -7.52616 21.9168 -7.52616
3 7.6 -7.49868 21.9523 -7.49868
3 7.8 -7.48409 21.9691 -7.48409
3 8 -7.47358 21.978 -7.47358
3 8.2 -7.46819 21.9812 -7.46819
3 8.4 -7.4606 21.9842 -7.4606
3 8.6 -7.44776 21.9891 -7.44776
3 8.8 -7.42673 21.9946 -7.42673
3 9 -7.39044 21.9977 -7.39044
3 9.2 -7.33163 21.9934 -7.33163
3 9.4 -4.20853 24.9882 -4.20853
3 9.6 3.02683 31.9556 3.02683
3 9.8 -56.6343 -28.5638 -56.6343
3.12 0 -10.4902 18.9154 -10.4902
3.12 0.2 -10.4735 18.9372 -10.4735
3.12 0.4 -8.03807 21.3899 -8.03807
3.12 0.6 -7.47445 21.963 -7.47445
3.12 0.8 -7.47128 21.9745 -7.47128
3.12 1 -7.46918 21.9784 -7.46918
3.12 1.2 -7.46805 21.9823 -7.46805
3.12 1.4 -7.47219 21.9794 -7.47219
3.12 1.6 -7.47488 21.979 -7.47488
3.12 1.8 -7.48403 21.9707 -7.48403
3.12 2 -7.50831 21.9432 -7.50831
3.12 2.2 -7.53114 21.9096 -7.53114
3.12 2.4 -7.55749 21.8476 -7.55749
3.12 2.6 -7.5203 21.7815 -7.5203
3.12 2.8 -7.32274 21.7104 -7.32274
3.12 3 -6.79031 21.5765 -6.79031
3.12 3.2 -5.94192 20.7526 -5.94192
3.12 3.4 -5.36006 16.8063 -5.36006
3.12 3.6 -4.11433 5.81058 -4.11433
3.12 3.8 6.12919 -3.63521 6.12919
3.12 4 17.048 -4.50574 17.048
3.12 4.2 20.3975 -5.615 20.3975
3.12 4.4 20.1202 -7.60992 20.1202
3.12 4.6 19.0795 -9.33476 19.0795
3.12 4.8 18.6834 -9.88185 18.6834
3.12 5 19.3371 -8.94249 19.3371
3.12 5.2 20.3321 -7.04122 20.3321
3.12 5.4 19.9565 -5.17696 19.9565
3.12 5.6 14.7293 -4.48555 14.7293
3.12 5.8 2.32759 -2.22194 2.32759
3.12 6 -4.92542 9.55787 -4.92542
3.12 6.2 -5.41971 18.5368 -5.41971
3.12 6.4 -6.1876 21.1563 -6.1876
3.12 6.6 -6.97875 21.6426 -6.97875
3.12 6.8 -7.40057 21.7357 -7.40057
3.12 7 -7.54475 21.7968 -7.54475
3.12 7.2 -7.55088 21.8681 -7.55088
3.12 7.4 -7.52587 21.9195 -7.52587
3.12 7.6 -7.49763 21.9544 -7.49763
3.12 7.8 -7.48292 21.9707 -7.48292
3.12 8 -7.47254 21.9794 -7.47254
3.12 8.2 -7.46728 21.9823 -7.46728
3.12 8.4 -7.4598 21.9851 -7.4598
3.12 8.6 -7.44709 21.9899 -7.44709
3.12 8.8 -7.42613 21.9952 -7.42613
3.12 9 -7.38991 21.9983 -7.38991
3.12 9.2 -7.33106 21.994 -7.33106
3.12 9.4 -4.2079 24.9887 -4.2079
3.12 9.6 3.02733 31.956 3.02733
3.12 9.8 -56.6339 -28.5634 -56.6339
3.24 0 -10.4263 18.9805 -10.4263
3.24 0.2 -10.4897 18.9214 -10.4897
3.24 0.4 -8.03836 21.3899 -8.03836
3.24 0.6 -7.47423 21.9635 -7.47423
3.24 0.8 -7.47085 21.9752 -7.47085
3.24 1 -7.46881 21.9791 -7.46881
3.24 1.2 -7.46766 21.9831 -7.46766
3.24 1.4 -7.47171 21.9804 -7.47171
3.24 1.6 -7.47429 21.9802 -7.47429
3.24 1.8 -7.48323 21.9723 -7.48323
3.24 2 -7.50752 21.9456 -7.50752
3.24 2.2 -7.53121 21.9131 -7.53121
3.24 2.4 -7.56104 21.8531 -7.56104
3.24 2.6 -7.53387 21.791 -7.53387
3.24 2.8 -7.35681 21.7352 -7.35681
3.24 3 -6.84853 21.6701 -6.84853
3.24 3.2 -5.97438 21.137 -5.97438
3.24 3.4 -5.214 18.211 -5.214
3.24 3.6 -4.62104 8.75575 -4.62104
3.24 3.8 2.99945 -2.55143 2.99945
3.24 4 14.9021 -4.64469 14.9021
3.24 4.2 19.696 -5.52061 19.696
3.24 4.4 19.9785 -7.40366 19.9785
3.24 4.6 19.1123 -9.12192 19.1123
3.24 4.8 18.7478 -9.67429 18.7478
3.24 5 19.3395 -8.72639 19.3395
3.24 5.2 20.0829 -6.84993 20.0829
3.24 5.4 18.9347 -5.15604 18.9347
3.24 5.6 12.0369 -4.5696 12.0369
3.24 5.8 -0.306157 -0.268249 -0.306157
3.24 6 -4.96631 12.2557 -4.96631
3.24 6.2 -5.33869 19.5428 -5.33869
3.24 6.4 -6.24008 21.4163 -6.24008
3.24 6.6 -7.03157 21.7061 -7.03157
3.24 6.8 -7.42818 21.7535 -7.42818
3.24 7 -7.55492 21.8045 -7.55492
3.24 7.2 -7.55322 21.8728 -7.55322
3.24 7.4 -7.52557 21.9226 -7.52557
3.24 7.6 -7.49677 21.9566 -7.49677
3.24 7.8 -7.48209 21.9723 -7.48209
3.24 8 -7.47192 21.9806 -7.47192
3.24 8.2 -7.46684 21.9833 -7.46684
3.24 8.4 -7.45951 21.9859 -7.45951
3.24 8.6 -7.44693 21.9905 -7.44693
3.24 8.8 -7.426 21.9957 -7.426
3.24 9 -7.38985 21.9986 -7.38985
3.24 9.2 -7.33092 21.9943 -7.33092
3.24 9.4 -4.20768 24.9892 -4.20768
3.24 9.6 3.02715 31.956 3.02715
3.24 9.8 -56.6333 -28.5628 -56.6333
3.36 0 -10.3519 19.057 -10.3519
3.36 0.2 -10.506 18.9055 -10.506
3.36 0.4 -8.0387 21.3899 -8.0387
3.36 0.6 -7.47433 21.9637 -7.47433
3.36 0.8 -7.47086 21.9755 -7.47086
3.36 1 -7.46883 21.9794 -7.46883
3.36 1.2 -7.46768 21.9834 -7.46768
3.36 1.4 -7.47165 21.9809 -7.47165
3.36 1.6 -7.47405 21.981 -7.47405
3.36 1.8 -7.48267 21.9737 -7.48267
3.36 2 -7.50677 21.9479 -7.50677
3.36 2.2 -7.53106 21.9168 -7.53106
3.36 2.4 -7.5643 21.8588 -7.5643
3.36 2.6 -7.54798 21.8 -7.54798
3.36 2.8 -7.39512 21.7554 -7.39512
3.36 3 -6.9214 21.745 -6.9214
3.36 3.2 -6.04602 21.4553 -6.04602
3.36 3.4 -5.12379 19.4294 -5.12379
3.36 3.6 -4.75971 11.7975 -4.75971
3.36 3.8 0.121513 -0.586991 0.121513
3.36 4 12.2342 -4.70441 12.2342
3.36 4.2 18.7648 -5.44429 18.7648
3.36 4.4 19.8073 -7.16474 19.8073
3.36 4.6 19.1864 -8.85199 19.1864
3.36 4.8 18.8682 -9.40396 18.8682
3.36 5 19.3697 -8.45892 19.3697
3.36 5.2 19.764 -6.63994 19.764
3.36 5.4 17.5882 -5.16631 17.5882
3.36 5.6 8.88176 -4.3894 8.88176
3.36 5.8 -2.35876 2.56787 -2.35876
3.36 6 -4.84423 14.839 -4.84423
3.36 6.2 -5.31978 20.3958 -5.31978
3.36 6.4 -6.32224 21.6293 -6.32224
3.36 6.6 -7.09505 21.7565 -7.09505
3.36 6.8 -7.45851 21.7684 -7.45851
3.36 7 -7.56519 21.812 -7.56519
3.36 7.2 -7.55521 21.8777 -7.55521
3.36 7.4 -7.52513 21.9258 -7.52513
3.36 7.6 -7.49603 21.9585 -7.49603
3.36 7.8 -7.48156 21.9736 -7.48156
3.36 8 -7.47166 21.9815 -7.47166
3.36 8.2 -7.46681 21.9838 -7.46681
3.36 8.4 -7.45964 21.9863 -7.45964
3.36 8.6 -7.44717 21.9906 -7.44717
3.36 8.8 -7.42627 21.9958 -7.42627
3.36 9 -7.39016 21.9986 -7.39016
3.36 9.2 -7.33123 21.9943 -7.33123
3.36 9.4 -4.20792 24.9891 -4.20792
3.36 9.6 3.02701 31.9561 3.02701
3.36 9.8 -56.6333 -28.5626 -56.6333
3.48 0 -10.3733 19.0371 -10.3733
3.48 0.2 -10.5116 18.9003 -10.5116
3.48 0.4 -8.03932 21.3894 -8.03932
3.48 0.6 -7.47496 21.9633 -7.47496
3.48 0.8 -7.47157 21.975 -7.47157
3.48 1 -7.46951 21.9789 -7.46951
3.48 1.2 -7.46837 21.983 -7.46837
3.48 1.4 -7.47224 21.9806 -7.47224
3.48 1.6 -7.47441 21.981 -7.47441
3.48 1.8 -7.48264 21.9743 -7.48264
3.48 2 -7.50638 21.9495 -7.50638
3.48 2.2 -7.53104 21.9199 -7.53104
3.48 2.4 -7.5675 21.8639 -7.5675
3.48 2.6 -7.56221 21.8074 -7.56221
3.48 2.8 -7.43583 21.7694 -7.43583
3.48 3 -7.00478 21.7973 -7.00478
3.48 3.2 -6.15188 21.6944 -6.15188
3.48 3.4 -5.10934 20.3959 -5.10934
3.48 3.6 -4.67431 14.5845 -4.67431
3.48 3.8 -2.06446 2.23418 -2.06446
3.48 4 9.18382 -4.53447 9.18382
3.48 4.2 17.5619 -5.40995 17.5619
3.48 4.4 19.5748 -6.92689 19.5748
3.48 4.6 19.2702 -8.55996 19.2702
3.48 4.8 19.012 -9.10662 19.012
3.48 5 19.3972 -8.17473 19.3972
3.48 5.2 19.3417 -6.44487 19.3417
3.48 5.4 15.8897 -5.21045 15.8897
3.48 5.6 5.55399 -3.71465 5.55399
3.48 5.8 -3.60853 5.97745 -3.60853
3.48 6 -4.68196 17.0535 -4.68196
3.48 6.2 -5.36711 21.0581 -5.36711
3.48 6.4 -6.42889 21.7862 -6.42889
3.48 6.6 -7.16576 21.7908 -7.16576
3.48 6.8 -7.49021 21.779 -7.49021
3.48 7 -7.57539 21.8184 -7.57539
3.48 7.2 -7.55709 21.8821 -7.55709
3.48 7.4 -7.52486 21.9285 -7.52486
3.48 7.6 -7.4957 21.9599 -7.4957
3.48 7.8 -7.48161 21.9741 -7.48161
3.48 8 -7.47203 21.9815 -7.47203
3.48 8.2 -7.46741 21.9836 -7.46741
3.48 8.4 -7.46039 21.9859 -7.46039
3.48 8.6 -7.44804 21.9901 -7.44804
3.48 8.8 -7.42717 21.9951 -7.42717
3.48 9 -7.39107 21.9979 -7.39107
3.48 9.2 -7.33219 21.9934 -7.33219
3.48 9.4 -4.20897 24.9881 -4.20897
3.48 9.6 3.02613 31.9551 3.02613
3.48 9.8 -56.6337 -28.5628 -56.6337
3.6 0 -10.3768 19.0345 -10.3768
3.6 0.2 -10.5133 18.899 -10.5133
3.6 0.4 -8.03906 21.3902 -8.03906
3.6 0.6 -7.47463 21.9642 -7.47463
3.6 0.8 -7.47127 21.9759 -7.47127
3.6 1 -7.46921 21.9799 -7.46921
3.6 1.2 -7.46806 21.984 -7.46806
3.6 1.4 -7.47184 21.9817 -7.47184
3.6 1.6 -7.47377 21.9824 -7.47377
3.6 1.8 -7.48153 21.9763 -7.48153
3.6 2 -7.5048 21.9526 -7.5048
3.6 2.2 -7.52961 21.9245 -7.52961
3.6 2.4 -7.56894 21.8703 -7.56894
3.6 2.6 -7.57436 21.8151 -7.57436
3.6 2.8 -7.47522 21.7793 -7.47522
3.6 3 -7.09202 21.8295 -7.09202
3.6 3.2 -6.28104 21.858 -6.28104
3.6 3.4 -5.16847 21.1064 -5.16847
3.6 3.6 -4.52831 16.8866 -4.52831
3.6 3.8 -3.39342 5.55371 -3.39342
3.6 4 6.03599 -3.94576 6.03599
3.6 4.2 16.0897 -5.41566 16.0897
3.6 4.4 19.2676 -6.71009 19.2676
3.6 4.6 19.348 -8.26698 19.348
3.6 4.8 19.1619 -8.80387 19.1619
3.6 5 19.4079 -7.89465 19.4079
3.6 5.2 18.8059 -6.28311 18.8059
3.6 5.4 13.8842 -5.25254 13.8842
3.6 5.6 2.45955 -2.36345 2.45955
3.6 5.8 -4.15654 9.44844 -4.15654
3.6 6 -4.57119 18.783 -4.57119
3.6 6.2 -5.46996 21.5342 -5.46996
3.6 6.4 -6.55052 21.8903 -6.55052
3.6 6.6 -7.23804 21.8114 -7.23804
3.6 6.8 -7.5201 21.7872 -7.5201
3.6 7 -7.58351 21.8256 -7.58351
3.6 7.2 -7.55725 21.888 -7.55725
3.6 7.4 -7.52323 21.9326 -7.52323
3.6 7.6 -7.49422 21.9626 -7.49422
3.6 7.8 -7.48064 21.976 -7.48064
3.6 8 -7.47142 21.9829 -7.47142
3.6 8.2 -7.46702 21.9848 -7.46702
3.6 8.4 -7.46011 21.9869 -7.46011
3.6 8.6 -7.44787 21.9909 -7.44787
3.6 8.8 -7.42702 21.9959 -7.42702
3.6 9 -7.39094 21.9986 -7.39094
3.6 9.2 -7.33206 21.9941 -7.33206
3.6 9.4 -4.20884 24.9887 -4.20884
3.6 9.6 3.02639 31.9558 3.02639
3.6 9.8 -56.6334 -28.5621 -56.6334
3.72 0 -10.371 19.0408 -10.371
3.72 0.2 -10.5144 18.8983 -10.5144
3.72 0.4 -8.03811 21.3917 -8.03811
3.72 0.6 -7.47349 21.966 -7.47349
3.72 0.8 -7.47014 21.9777 -7.47014
3.72 1 -7.46811 21.9817 -7.46811
3.72 1.2 -7.46695 21.9858 -7.46695
3.72 1.4 -7.47064 21.9837 -7.47064
3.72 1.6 -7.47226 21.9848 -7.47226
3.72 1.8 -7.47952 21.9793 -7.47952
3.72 2 -7.50215 21.9566 -7.50215
3.72 2.2 -7.52679 21.9302 -7.52679
3.72 2.4 -7.56831 21.8778 -7.56831
3.72 2.6 -7.58334 21.8235 -7.58334
3.72 2.8 -7.51034 21.7869 -7.51034
3.72 3 -7.17651 21.8467 -7.17651
3.72 3.2 -6.42046 21.9596 -6.42046
3.72 3.4 -5.28356 21.5952 -5.28356
3.72 3.6 -4.42661 18.634 -4.42661
3.72 3.8 -4.01512 8.85715 -4.01512
3.72 4 3.13475 -2.8195 3.13475
3.72 4.2 14.4038 -5.43891 14.4038
3.72 4.4 18.8864 -6.52808 18.8864
3.72 4.6 19.4106 -7.98931 19.4106
3.72 4.8 19.3062 -8.51249 19.3062
3.72 5 19.3955 -7.63434 19.3955
3.72 5.2 18.167 -6.1643 18.167
3.72 5.4 11.6941 -5.23181 11.6941
3.72 5.6 -0.0450301 -0.355458 -0.0450301
3.72 5.8 -4.27809 12.5338 -4.27809
3.72 6 -4.5458 20.0378 -4.5458
3.72 6.2 -5.60955 21.8532 -5.60955
3.72 6.4 -6.67632 21.9516 -6.67632
3.72 6.6 -7.30653 21.8222 -7.30653
3.72 6.8 -7.54589 21.7945 -7.54589
3.72 7 -7.58877 21.8337 -7.58877
3.72 7.2 -7.55552 21.8951 -7.55552
3.72 7.4 -7.52031 21.9379 -7.52031
3.72 7.6 -7.49175 21.9664 -7.49175
3.72 7.8 -7.47881 21.9787 -7.47881
3.72 8 -7.47 21.9852 -7.47
3.72 8.2 -7.4658 21.9869 -7.4658
3.72 8.4 -7.459 21.9889 -7.459
3.72 8.6 -7.44683 21.9928 -7.44683
3.72 8.8 -7.42601 21.9976 -7.42601
3.72 9 -7.38993 22.0002 -7.38993
3.72 9.2 -7.33096 21.9958 -7.33096
3.72 9.4 -4.20763 24.9905 -4.20763
3.72 9.6 3.0276 31.9578 3.0276
3.72 9.8 -56.6327 -28.561 -56.6327
3.84 0 -10.3677 19.0445 -10.3677
3.84 0.2 -10.515 18.8981 -10.515
3.84 0.4 -8.03624 21.3941 -8.03624
3.84 0.6 -7.47128 21.9687 -7.47128
3.84 0.8 -7.46796 21.9804 -7.46796
3.84 1 -7.466 21.9843 -7.466
3.84 1.2 -7.46484 21.9885 -7.46484
3.84 1.4 -7.4684 21.9866 -7.4684
3.84 1.6 -7.46971 21.9879 -7.46971
3.84 1.8 -7.47642 21.9831 -7.47642
3.84 2 -7.4983 21.9615 -7.4983
3.84 2.2 -7.52245 21.9367 -7.52245
3.84 2.4 -7.5655 21.8863 -7.5655
3.84 2.6 -7.58874 21.8325 -7.58874
3.84 2.8 -7.53975 21.7928 -7.53975
3.84 3 -7.2542 21.8524 -7.2542
3.84 3.2 -6.56021 22.0126 -6.56021
3.84 3.4 -5.43426 21.9075 -5.43426
3.84 3.6 -4.40689 19.8724 -4.40689
3.84 3.8 -4.21538 11.7396 -4.21538
3.84 4 0.753836 -1.20513 0.753836
3.84 4.2 12.6173 -5.44018 12.6173
3.84 4.4 18.4519 -6.38318 18.4519
3.84 4.6 19.4599 -7.7338 19.4599
3.84 4.8 19.4433 -8.23993 19.4433
3.84 5 19.366 -7.39965 19.366
3.84 5.2 17.4626 -6.08464 17.4626
3.84 5.4 9.50128 -5.08693 9.50128
3.84 5.6 -1.81107 2.04123 -1.81107
3.84 5.8 -4.23169 15.0012 -4.23169
3.84 6 -4.6006 20.8929 -4.6006
3.84 6.2 -5.76869 22.0485 -5.76869
3.84 6.4 -6.79855 21.9798 -6.79855
3.84 6.6 -7.36808 21.8257 -7.36808
3.84 6.8 -7.56655 21.8012 -7.56655
3.84 7 -7.59085 21.8427 -7.59085
3.84 7.2 -7.55178 21.9032 -7.55178
3.84 7.4 -7.51593 21.9441 -7.51593
3.84 7.6 -7.48808 21.971 -7.48808
3.84 7.8 -7.47589 21.9823 -7.47589
3.84 8 -7.46753 21.9883 -7.46753
3.84 8.2 -7.4635 21.9899 -7.4635
3.84 8.4 -7.45678 21.9918 -7.45678
3.84 8.6 -7.44467 21.9955 -7.44467
3.84 8.8 -7.42389 22.0003 -7.42389
3.84 9 -7.3878 22.0029 -7.3878
3.84 9.2 -7.3287 21.9985 -7.3287
3.84 9.4 -4.20502 24.9937 -4.20502
3.84 9.6 3.03054 31.9613 3.03054
3.84 9.8 -56.6319 -28.5597 -56.6319
3.96 0 -10.3672 19.0453 -10.3672
3.96 0.2 -10.5157 18.8976 -10.5157
3.96 0.4 -8.03646 21.3941 -8.03646
3.96 0.6 -7.47157 21.9686 -7.47157
3.96 0.8 -7.46834 21.9801 -7.46834
3.96 1 -7.46647 21.984 -7.46647
3.96 1.2 -7.46533 21.9882 -7.46533
3.96 1.4 -7.46877 21.9864 -7.46877
3.96 1.6 -7.46976 21.9881 -7.46976
3.96 1.8 -7.47587 21.9838 -7.47587
3.96 2 -7.49683 21.9634 -7.49683
3.96 2.2 -7.52011 21.9405 -7.52011
3.96 2.4 -7.56375 21.8921 -7.56375
3.96 2.6 -7.59326 21.8391 -7.59326
3.96 2.8 -7.56475 21.7959 -7.56475
3.96 3 -7.32329 21.8493 -7.32329
3.96 3.2 -6.69214 22.0308 -6.69214
3.96 3.4 -5.5995 22.0905 -5.5995
3.96 3.6 -4.46003 20.7032 -4.46003
3.96 3.8 -4.23571 14.0208 -4.23571
3.96 4 -1.00083 0.673366 -1.00083
3.96 4.2 10.8755 -5.38571 10.8755
3.96 4.4 17.9981 -6.27273 17.9981
3.96 4.6 19.5011 -7.50545 19.5011
3.96 4.8 19.5732 -7.99249 19.5732
3.96 5 19.3302 -7.19394 19.3302
3.96 5.2 16.7479 -6.03481 16.7479
3.96 5.4 7.49065 -4.79642 7.49065
3.96 5.6 -2.91934 4.43955 -2.91934
3.96 5.8 -4.16938 16.8221 -4.16938
3.96 6 -4.71005 21.4444 -4.71005
3.96 6.2 -5.93115 22.1541 -5.93115
3.96 6.4 -6.91136 21.9842 -6.91136
3.96 6.6 -7.42202 21.8231 -7.42202
3.96 6.8 -7.58388 21.8054 -7.58388
3.96 7 -7.5927 21.8493 -7.5927
3.96 7.2 -7.54943 21.9087 -7.54943
3.96 7.4 -7.51369 21.9474 -7.51369
3.96 7.6 -7.48688 21.9725 -7.48688
3.96 7.8 -7.47558 21.9829 -7.47558
3.96 8 -7.4677 21.9884 -7.4677
3.96 8.2 -7.46385 21.9898 -7.46385
3.96 8.4 -7.45717 21.9916 -7.45717
3.96 8.6 -7.44512 21.9953 -7.44512
3.96 8.8 -7.42439 22 -7.42439
3.96 9 -7.3883 22.0025 -7.3883
3.96 9.2 -7.32906 21.9983 -7.32906
3.96 9.4 -4.20528 24.9936 -4.20528
3.96 9.6 3.03023 31.9614 3.03023
3.96 9.8 -56.6322 -28.5595 -56.6322
4.08 0 -10.3678 19.0448 -10.3678
4.08 0.2 -10.5165 18.8969 -10.5165
4.08 0.4 -8.03763 21.3927 -8.03763
4.08 0.6 -7.47292 21.9668 -7.47292
4.08 0.8 -7.46977 21.9782 -7.46977
4.08 1 -7.46801 21.982 -7.46801
4.08 1.2 -7.4669 21.9861 -7.4669
4.08 1.4 -7.47025 21.9844 -7.47025
4.08 1.6 -7.47096 21.9864 -7.47096
4.08 1.8 -7.47647 21.9827 -7.47647
4.08 2 -7.49645 21.9634 -7.49645
4.08 2.2 -7.51862 21.9423 -7.51862
4.08 2.4 -7.56224 21.8961 -7.56224
4.08 2.6 -7.59637 21.844 -7.59637
4.08 2.8 -7.58497 21.7968 -7.58497
4.08 3 -7.38272 21.8404 -7.38272
4.08 3.2 -6.81198 22.0246 -6.81198
4.08 3.4 -5.76562 22.1811 -5.76562
4.08 3.6 -4.56505 21.228 -4.56505
4.08 3.8 -4.22163 15.6903 -4.22163
4.08 4 -2.1915 2.5162 -2.1915
4.08 4.2 9.3172 -5.2683 9.3172
4.08 4.4 17.5693 -6.18952 17.5693
4.08 4.6 19.5443 -7.30537 19.5443
4.08 4.8 19.7003 -7.77276 19.7003
4.08 5 19.3036 -7.0166 19.3036
4.08 5.2 16.0875 -6.00323 16.0875
4.08 5.4 5.79616 -4.39914 5.79616
4.08 5.6 -3.56984 6.51631 -3.56984
4.08 5.8 -4.15432 18.0758 -4.15432
4.08 6 -4.85093 21.7747 -4.85093
4.08 6.2 -6.08724 22.1961 -6.08724
4.08 6.4 -7.01185 21.9724 -7.01185
4.08 6.6 -7.46763 21.8164 -7.46763
4.08 6.8 -7.59755 21.8077 -7.59755
4.08 7 -7.59374 21.8541 -7.59374
4.08 7.2 -7.54757 21.9122 -7.54757
4.08 7.4 -7.51244 21.9487 -7.51244
4.08 7.6 -7.48683 21.9722 -7.48683
4.08 7.8 -7.47646 21.9815 -7.47646
4.08 8 -7.46905 21.9866 -7.46905
4.08 8.2 -7.46536 21.9878 -7.46536
4.08 8.4 -7.45872 21.9897 -7.45872
4.08 8.6 -7.44672 21.9933 -7.44672
4.08 8.8 -7.42606 21.9979 -7.42606
4.08 9 -7.38995 22.0004 -7.38995
4.08 9.2 -7.33056 21.9963 -7.33056
4.08 9.4 -4.20681 24.9916 -4.20681
4.08 9.6 3.0285 31.9592 3.0285
4.08 9.8 -56.6329 -28.5596 -56.6329
4.2 0 -10.3688 19.0439 -10.3688
4.2 0.2 -10.5171 18.8963 -10.5171
4.2 0.4 -8.03878 21.3914 -8.03878
4.2 0.6 -7.47415 21.9653 -7.47415
4.2 0.8 -7.47109 21.9766 -7.47109
4.2 1 -7.46944 21.9802 -7.46944
4.2 1.2 -7.46838 21.9843 -7.46838
4.2 1.4 -7.47167 21.9827 -7.47167
4.2 1.6 -7.47213 21.9848 -7.47213
4.2 1.8 -7.4771 21.9816 -7.4771
4.2 2 -7.49614 21.9634 -7.49614
4.2 2.2 -7.5171 21.9439 -7.5171
4.2 2.4 -7.56029 21.8997 -7.56029
4.2 2.6 -7.59772 21.8484 -7.59772
4.2 2.8 -7.60018 21.7971 -7.60018
4.2 3 -7.43161 21.8288 -7.43161
4.2 3.2 -6.91615 22.0039 -6.91615
4.2 3.4 -5.92117 22.21 -5.92117
4.2 3.6 -4.69681 21.535 -4.69681
4.2 3.8 -4.23243 16.8289 -4.23243
4.2 4 -2.96043 4.08073 -2.96043
4.2 4.2 8.04257 -5.11082 8.04257
4.2 4.4 17.2088 -6.12526 17.2088
4.2 4.6 19.5972 -7.13477 19.5972
4.2 4.8 19.8258 -7.58403 19.8258
4.2 5 19.2992 -6.86679 19.2992
4.2 5.2 15.5408 -5.97976 15.5408
4.2 5.4 4.48255 -3.97539 4.48255
4.2 5.6 -3.95109 8.10997 -3.95109
4.2 5.8 -4.19251 18.8822 -4.19251
4.2 6 -5.0016 21.9513 -5.0016
4.2 6.2 -6.22881 22.1965 -6.22881
4.2 6.4 -7.09757 21.9514 -7.09757
4.2 6.6 -7.50437 21.8083 -7.50437
4.2 6.8 -7.60732 21.8095 -7.60732
4.2 7 -7.59352 21.8584 -7.59352
4.2 7.2 -7.54548 21.9153 -7.54548
4.2 7.4 -7.51123 21.9498 -7.51123
4.2 7.6 -7.48683 21.9718 -7.48683
4.2 7.8 -7.47734 21.9802 -7.47734
4.2 8 -7.47036 21.985 -7.47036
4.2 8.2 -7.4668 21.9861 -7.4668
4.2 8.4 -7.46019 21.988 -7.46019
4.2 8.6 -7.44826 21.9915 -7.44826
4.2 8.8 -7.42768 21.996 -7.42768
4.2 9 -7.39156 21.9985 -7.39156
4.2 9.2 -7.33201 21.9945 -7.33201
4.2 9.4 -4.20825 24.99 -4.20825
4.2 9.6 3.02687 31.9577 3.02687
4.2 9.8 -56.6336 -28.5592 -56.6336
4.32 0 -10.3698 19.043 -10.3698
4.32 0.2 -10.5178 18.8956 -10.5178
4.32 0.4 -8.03953 21.3905 -8.03953
4.32 0.6 -7.47489 21.9644 -7.47489
4.32 0.8 -7.47191 21.9755 -7.47191
4.32 1 -7.47037 21.979 -7.47037
4.32 1.2 -7.46935 21.983 -7.46935
4.32 1.4 -7.47258 21.9814 -7.47258
4.32 1.6 -7.47284 21.9837 -7.47284
4.32 1.8 -7.47729 21.9811 -7.47729
4.32 2 -7.4954 21.9638 -7.4954
4.32 2.2 -7.51509 21.9458 -7.51509
4.32 2.4 -7.55745 21.9035 -7.55745
4.32 2.6 -7.59686 21.8531 -7.59686
4.32 2.8 -7.60986 21.7984 -7.60986
4.32 3 -7.46882 21.8183 -7.46882
4.32 3.2 -7.0013 21.9781 -7.0013
4.32 3.4 -6.05682 22.2024 -6.05682
4.32 3.6 -4.83315 21.694 -4.83315
4.32 3.8 -4.27828 17.5461 -4.27828
4.32 4 -3.44698 5.24175 -3.44698
4.32 4.2 7.10522 -4.951 7.10522
4.32 4.4 16.9571 -6.06692 16.9571
4.32 4.6 19.6722 -6.98732 19.6722
4.32 4.8 19.9573 -7.42151 19.9573
4.32 5 19.3333 -6.7367 19.3333
4.32 5.2 15.1573 -5.95253 15.1573
4.32 5.4 3.55883 -3.60972 3.55883
4.32 5.6 -4.18888 9.19663 -4.18888
4.32 5.8 -4.26735 19.3572 -4.26735
4.32 6 -5.14453 22.027 -5.14453
4.32 6.2 -6.34901 22.1743 -6.34901
4.32 6.4 -7.16608 21.9285 -7.16608
4.32 6.6 -7.53135 21.8015 -7.53135
4.32 6.8 -7.61271 21.8123 -7.61271
4.32 7 -7.59161 21.863 -7.59161
4.32 7.2 -7.54271 21.9186 -7.54271
4.32 7.4 -7.50959 21.9513 -7.50959
4.32 7.6 -7.48642 21.9719 -7.48642
4.32 7.8 -7.47775 21.9795 -7.47775
4.32 8 -7.47118 21.9839 -7.47118
4.32 8.2 -7.46775 21.985 -7.46775
4.32 8.4 -7.46118 21.9868 -7.46118
4.32 8.6 -7.44932 21.9903 -7.44932
4.32 8.8 -7.42881 21.9947 -7.42881
4.32 9 -7.39268 21.9972 -7.39268
4.32 9.2 -7.33297 21.9934 -7.33297
4.32 9.4 -4.20913 24.9892 -4.20913
4.32 9.6 3.02597 31.9573 3.02597
4.32 9.8 -56.6344 -28.5584 -56.6344
4.44 0 -10.3707 19.0422 -10.3707
4.44 0.2 -10.5187 18.8949 -10.5187
4.44 0.4 -8.04018 21.3898 -8.04018
4.44 0.6 -7.47566 21.9635 -7.47566
4.44 0.8 -7.47277 21.9744 -7.47277
4.44 1 -7.4713 21.9778 -7.4713
4.44 1.2 -7.47031 21.9818 -7.47031
4.44 1.4 -7.47347 21.9802 -7.47347
4.44 1.6 -7.47351 21.9827 -7.47351
4.44 1.8 -7.47748 21.9804 -7.47748
4.44 2 -7.4947 21.964 -7.4947
4.44 2.2 -7.51309 21.9476 -7.51309
4.44 2.4 -7.55429 21.9071 -7.55429
4.44 2.6 -7.59447 21.8579 -7.59447
4.44 2.8 -7.61476 21.8008 -7.61476
4.44 3 -7.49478 21.8103 -7.49478
4.44 3.2 -7.06639 21.9527 -7.06639
4.44 3.4 -6.16729 22.1756 -6.16729
4.44 3.6 -4.95857 21.7546 -4.95857
4.44 3.8 -4.35058 17.9423 -4.35058
4.44 4 -3.75339 5.97339 -3.75339
4.44 4.2 6.51122 -4.82908 6.51122
4.44 4.4 16.8342 -6.00916 16.8342
4.44 4.6 19.7714 -6.86234 19.7714
4.44 4.8 20.094 -7.28578 20.094
4.44 5 19.4098 -6.6246 19.4098
4.44 5.2 14.9591 -5.91809 14.9591
4.44 5.4 2.996 -3.3665 2.996
4.44 5.6 -4.35308 9.82333 -4.35308
4.44 5.8 -4.35989 19.5925 -4.35989
4.44 6 -5.26838 22.0384 -5.26838
4.44 6.2 -6.44435 22.142 -6.44435
4.44 6.4 -7.21698 21.9076 -7.21698
4.44 6.6 -7.54918 21.7971 -7.54918
4.44 6.8 -7.61445 21.8157 -7.61445
4.44 7 -7.58861 21.8676 -7.58861
4.44 7.2 -7.53977 21.9216 -7.53977
4.44 7.4 -7.50801 21.9525 -7.50801
4.44 7.6 -7.48603 21.9718 -7.48603
4.44 7.8 -7.47813 21.9787 -7.47813
4.44 8 -7.47193 21.9828 -7.47193
4.44 8.2 -7.46863 21.9838 -7.46863
4.44 8.4 -7.46211 21.9857 -7.46211
4.44 8.6 -7.45032 21.9891 -7.45032
4.44 8.8 -7.42987 21.9934 -7.42987
4.44 9 -7.39372 21.996 -7.39372
4.44 9.2 -7.33392 21.9925 -7.33392
4.44 9.4 -4.21006 24.9885 -4.21006
4.44 9.6 3.02535 31.9573 3.02535
4.44 9.8 -56.6357 -28.5573 -56.6357
4.56 0 -10.3716 19.0416 -10.3716
4.56 0.2 -10.5196 18.8941 -10.5196
4.56 0.4 -8.04126 21.3888 -8.04126
4.56 0.6 -7.4769 21.9623 -7.4769
4.56 0.8 -7.47406 21.9731 -7.47406
4.56 1 -7.47263 21.9764 -7.47263
4.56 1.2 -7.47164 21.9803 -7.47164
4.56 1.4 -7.4747 21.9788 -7.4747
4.56 1.6 -7.47452 21.9815 -7.47452
4.56 1.8 -7.47805 21.9796 -7.47805
4.56 2 -7.49449 21.964 -7.49449
4.56 2.2 -7.5117 21.9488 -7.5117
4.56 2.4 -7.55166 21.9099 -7.55166
4.56 2.6 -7.59185 21.8619 -7.59185
4.56 2.8 -7.61696 21.8029 -7.61696
4.56 3 -7.51256 21.8034 -7.51256
4.56 3.2 -7.11492 21.9279 -7.11492
4.56 3.4 -6.2545 22.1367 -6.2545
4.56 3.6 -5.06846 21.7461 -5.06846
4.56 3.8 -4.44078 18.0939 -4.44078
4.56 4 -3.94244 6.30853 -3.94244
4.56 4.2 6.23945 -4.76789 6.23945
4.56 4.4 16.8447 -5.94734 16.8447
4.56 4.6 19.8953 -6.75702 19.8953
4.56 4.8 20.2355 -7.17464 20.2355
4.56 5 19.5286 -6.52734 19.5286
4.56 5.2 14.9478 -5.87356 14.9478
4.56 5.4 2.75224 -3.27231 2.75224
4.56 5.6 -4.47836 10.0598 -4.47836
4.56 5.8 -4.45984 19.6509 -4.45984
4.56 6 -5.37167 22.0057 -5.37167
4.56 6.2 -6.51773 22.1038 -6.51773
4.56 6.4 -7.25385 21.8882 -7.25385
4.56 6.6 -7.56069 21.7933 -7.56069
4.56 6.8 -7.61443 21.8187 -7.61443
4.56 7 -7.58573 21.8713 -7.58573
4.56 7.2 -7.53746 21.9239 -7.53746
4.56 7.4 -7.50706 21.9532 -7.50706
4.56 7.6 -7.48617 21.9714 -7.48617
4.56 7.8 -7.47893 21.9778 -7.47893
4.56 8 -7.47304 21.9816 -7.47304
4.56 8.2 -7.46988 21.9826 -7.46988
4.56 8.4 -7.46343 21.9844 -7.46343
4.56 8.6 -7.4517 21.9878 -7.4517
4.56 8.8 -7.43129 21.9921 -7.43129
4.56 9 -7.3951 21.9947 -7.3951
4.56 9.2 -7.33527 21.9914 -7.33527
4.56 9.4 -4.21151 24.9877 -4.21151
4.56 9.6 3.024 31.9573 3.024
4.56 9.8 -56.6374 -28.5556 -56.6374
4.68 0 -10.3725 19.0412 -10.3725
4.68 0.2 -10.5207 18.8936 -10.5207
4.68 0.4 -8.04272 21.388 -8.04272
4.68 0.6 -7.4784 21.9613 -7.4784
4.68 0.8 -7.47553 21.9721 -7.47553
4.68 1 -7.47407 21.9753 -7.47407
4.68 1.2 -7.47307 21.9793 -7.47307
4.68 1.4 -7.47604 21.9779 -7.47604
4.68 1.6 -7.47562 21.9807 -7.47562
4.68 1.8 -7.47877 21.9793 -7.47877
4.68 2 -7.49458 21.9642 -7.49458
4.68 2.2 -7.51078 21.95 -7.51078
4.68 2.4 -7.54956 21.9124 -7.54956
4.68 2.6 -7.58928 21.8654 -7.58928
4.68 2.8 -7.61729 21.8049 -7.61729
4.68 3 -7.52385 21.7976 -7.52385
4.68 3.2 -7.14939 21.9048 -7.14939
4.68 3.4 -6.3205 22.0915 -6.3205
4.68 3.6 -5.16062 21.6899 -5.16062
4.68 3.8 -4.53978 18.0613 -4.53978
4.68 4 -4.0451 6.3102 -4.0451
4.68 4.2 6.25311 -4.76837 6.25311
4.68 4.4 16.978 -5.87933 16.978
4.68 4.6 20.041 -6.66858 20.041
4.68 4.8 20.3804 -7.08511 20.3804
4.68 5 19.6845 -6.44248 19.6845
4.68 5.2 15.1052 -5.81747 15.1052
4.68 5.4 2.78406 -3.31681 2.78406
4.68 5.6 -4.57591 9.98215 -4.57591
4.68 5.8 -4.5596 19.5786 -4.5596
4.68 6 -5.45438 21.9436 -5.45438
4.68 6.2 -6.5717 22.0634 -6.5717
4.68 6.4 -7.2791 21.8706 -7.2791
4.68 6.6 -7.56736 21.7904 -7.56736
4.68 6.8 -7.61328 21.8215 -7.61328
4.68 7 -7.58311 21.8746 -7.58311
4.68 7.2 -7.53566 21.926 -7.53566
4.68 7.4 -7.5065 21.9539 -7.5065
4.68 7.6 -7.48655 21.9713 -7.48655
4.68 7.8 -7.47986 21.9772 -7.47986
4.68 8 -7.47425 21.9808 -7.47425
4.68 8.2 -7.47124 21.9816 -7.47124
4.68 8.4 -7.46488 21.9834 -7.46488
4.68 8.6 -7.4532 21.9868 -7.4532
4.68 8.8 -7.43279 21.9912 -7.43279
4.68 9 -7.39655 21.994 -7.39655
4.68 9.2 -7.33674 21.991 -7.33674
4.68 9.4 -4.21318 24.9875 -4.21318
4.68 9.6 3.02216 31.9578 3.02216
4.68 9.8 -56.6392 -28.5522 -56.6392
4.8 0 -10.3738 19.0409 -10.3738
4.8 0.2 -10.522 18.8932 -10.522
4.8 0.4 -8.04389 21.3877 -8.04389
4.8 0.6 -7.47952 21.9611 -7.47952
4.8 0.8 -7.47657 21.9719 -7.47657
4.8 1 -7.47505 21.9752 -7.47505
4.8 1.2 -7.47401 21.9791 -7.47401
4.8 1.4 -7.47691 21.9778 -7.47691
4.8 1.6 -7.47627 21.9808 -7.47627
4.8 1.8 -7.4791 21.9796 -7.4791
4.8 2 -7.49442 21.965 -7.49442
4.8 2.2 -7.50984 21.9516 -7.50984
4.8 2.4 -7.54762 21.9149 -7.54762
4.8 2.6 -7.58666 21.8686 -7.58666
4.8 2.8 -7.61623 21.8069 -7.61623
4.8 3 -7.53018 21.7928 -7.53018
4.8 3.2 -7.17254 21.8836 -7.17254
4.8 3.4 -6.36855 22.043 -6.36855
4.8 3.6 -5.23612 21.5997 -5.23612
4.8 3.8 -4.6421 17.889 -4.6421
4.8 4 -4.07637 6.04922 -4.07637
4.8 4.2 6.50192 -4.81762 6.50192
4.8 4.4 17.2062 -5.80873 17.2062
4.8 4.6 20.1969 -6.59882 20.1969
4.8 4.8 20.5202 -7.01849 20.5202
4.8 5 19.8621 -6.37257 19.8621
4.8 5.2 15.3936 -5.75323 15.3936
4.8 5.4 3.0437 -3.46771 3.0437
4.8 5.6 -4.6475 9.66148 -4.6475
4.8 5.8 -4.65596 19.4086 -4.65596
4.8 6 -5.51893 21.8611 -5.51893
4.8 6.2 -6.60965 22.0225 -6.60965
4.8 6.4 -7.29518 21.8549 -7.29518
4.8 6.6 -7.57037 21.7881 -7.57037
4.8 6.8 -7.61131 21.824 -7.61131
4.8 7 -7.58058 21.8776 -7.58058
4.8 7.2 -7.53399 21.9282 -7.53399
4.8 7.4 -7.50581 21.9552 -7.50581
4.8 7.6 -7.4866 21.9719 -7.4866
4.8 7.8 -7.48035 21.9774 -7.48035
4.8 8 -7.47499 21.9808 -7.47499
4.8 8.2 -7.47215 21.9815 -7.47215
4.8 8.4 -7.4659 21.9832 -7.4659
4.8 8.6 -7.45426 21.9867 -7.45426
4.8 8.8 -7.43383 21.9912 -7.43383
4.8 9 -7.39757 21.9942 -7.39757
4.8 9.2 -7.33789 21.9914 -7.33789
4.8 9.4 -4.21447 24.9884 -4.21447
4.8 9.6 3.02092 31.96 3.02092
4.8 9.8 -56.6416 -28.5474 -56.6416
4.92 0 -10.3759 19.0403 -10.3759
4.92 0.2 -10.5243 18.8925 -10.5243
4.92 0.4 -8.04601 21.387 -8.04601
4.92 0.6 -7.4817 21.9603 -7.4817
4.92 0.8 -7.47873 21.9711 -7.47873
4.92 1 -7.47712 21.9744 -7.47712
4.92 1.2 -7.47602 21.9784 -7.47602
4.92 1.4 -7.47885 21.9771 -7.47885
4.92 1.6 -7.47806 21.9803 -7.47806
4.92 1.8 -7.48065 21.9793 -7.48065
4.92 2 -7.49552 21.9651 -7.49552
4.92 2.2 -7.51026 21.9522 -7.51026
4.92 2.4 -7.54713 21.9164 -7.54713
4.92 2.6 -7.58519 21.8708 -7.58519
4.92 2.8 -7.61493 21.8082 -7.61493
4.92 3 -7.53293 21.7889 -7.53293
4.92 3.2 -7.18628 21.8652 -7.18628
4.92 3.4 -6.40082 21.9947 -6.40082
4.92 3.6 -5.29547 21.4879 -5.29547
4.92 3.8 -4.74175 17.6155 -4.74175
4.92 4 -4.03949 5.60084 -4.03949
4.92 4.2 6.934 -4.89089 6.934
4.92 4.4 17.5009 -5.73559 17.5009
4.92 4.6 20.3564 -6.54409 20.3564
4.92 4.8 20.6524 -6.97018 20.6524
4.92 5 20.0506 -6.31502 20.0506
4.92 5.2 15.773 -5.68089 15.773
4.92 5.4 3.48479 -3.67847 3.48479
4.92 5.6 -4.68742 9.16815 -4.68742
4.92 5.8 -4.74546 19.1692 -4.74546
4.92 6 -5.56679 21.767 -5.56679
4.92 6.2 -6.6338 21.9835 -6.6338
4.92 6.4 -7.30383 21.8416 -7.30383
4.92 6.6 -7.57101 21.7863 -7.57101
4.92 6.8 -7.6096 21.8258 -7.6096
4.92 7 -7.5793 21.8796 -7.5793
4.92 7.2 -7.53375 21.9294 -7.53375
4.92 7.4 -7.50644 21.9557 -7.50644
4.92 7.6 -7.48778 21.9719 -7.48778
4.92 7.8 -7.48186 21.9771 -7.48186
4.92 8 -7.47673 21.9803 -7.47673
4.92 8.2 -7.47405 21.9808 -7.47405
4.92 8.4 -7.46794 21.9825 -7.46794
4.92 8.6 -7.45643 21.986 -7.45643
4.92 8.8 -7.43602 21.9906 -7.43602
4.92 9 -7.39977 21.9938 -7.39977
4.92 9.2 -7.34032 21.9912 -7.34032
4.92 9.4 -4.21712 24.9888 -4.21712
4.92 9.6 3.01827 31.962 3.01827
4.92 9.8 -56.6457 -28.5416 -56.6457
5.04 0 -10.3798 19.0387 -10.3798
5.04 0.2 -10.5283 18.8907 -10.5283
5.04 0.4 -8.05 21.3853 -8.05
5.04 0.6 -7.48578 21.9584 -7.48578
5.04 0.8 -7.48279 21.9692 -7.48279
5.04 1 -7.4811 21.9726 -7.4811
5.04 1.2 -7.47991 21.9766 -7.47991
5.04 1.4 -7.48261 21.9754 -7.48261
5.04 1.6 -7.48176 21.9786 -7.48176
5.04 1.8 -7.48419 21.9778 -7.48419
5.04 2 -7.49867 21.964 -7.49867
5.04 2.2 -7.51278 21.9516 -7.51278
5.04 2.4 -7.54881 21.9163 -7.54881
5.04 2.6 -7.58575 21.8713 -7.58575
5.04 2.8 -7.61471 21.8085 -7.61471
5.04 3 -7.53434 21.785 -7.53434
5.04 3.2 -7.19428 21.8482 -7.19428
5.04 3.4 -6.4224 21.9465 -6.4224
5.04 3.6 -5.34358 21.3605 -5.34358
5.04 3.8 -4.83841 17.2696 -4.83841
5.04 4 -3.94162 5.03223 -3.94162
5.04 4.2 7.48665 -4.97062 7.48665
5.04 4.4 17.8252 -5.66746 17.8252
5.04 4.6 20.5065 -6.50699 20.5065
5.04 4.8 20.7687 -6.94147 20.7687
5.04 5 20.233 -6.27356 20.233
5.04 5.2 16.1953 -5.60855 16.1953
5.04 5.4 4.04975 -3.91072 4.04975
5.04 5.6 -4.6948 8.5638 -4.6948
5.04 5.8 -4.82984 18.8806 -4.82984
5.04 6 -5.60332 21.6646 -5.60332
5.04 6.2 -6.649 21.9457 -6.649
5.04 6.4 -7.30839 21.8294 -7.30839
5.04 6.6 -7.57124 21.784 -7.57124
5.04 6.8 -7.60932 21.8263 -7.60932
5.04 7 -7.58013 21.88 -7.58013
5.04 7.2 -7.53574 21.9291 -7.53574
5.04 7.4 -7.50921 21.9548 -7.50921
5.04 7.6 -7.49091 21.9707 -7.49091
5.04 7.8 -7.48518 21.9757 -7.48518
5.04 8 -7.4802 21.9788 -7.4802
5.04 8.2 -7.47764 21.9793 -7.47764
5.04 8.4 -7.47167 21.9808 -7.47167
5.04 8.6 -7.46038 21.9842 -7.46038
5.04 8.8 -7.44016 21.9889 -7.44016
5.04 9 -7.40399 21.9924 -7.40399
5.04 9.2 -7.34481 21.99 -7.34481
5.04 9.4 -4.22192 24.9883 -4.22192
5.04 9.6 3.0132 31.9636 3.0132
5.04 9.8 -56.6525 -28.5348 -56.6525
5.16 0 -10.3897 19.0321 -10.3897
5.16 0.2 -10.539 18.8834 -10.539
5.16 0.4 -8.06127 21.3772 -8.06127
5.16 0.6 -7.49712 21.9502 -7.49712
5.16 0.8 -7.49399 21.9611 -7.49399
5.16 1 -7.49238 21.9644 -7.49238
5.16 1.2 -7.49108 21.9685 -7.49108
5.16 1.4 -7.49351 21.9674 -7.49351
5.16 1.6 -7.4926 21.9708 -7.4926
5.16 1.8 -7.49491 21.9701 -7.49491
5.16 2 -7.50913 21.9564 -7.50913
5.16 2.2 -7.5227 21.9445 -7.5227
5.16 2.4 -7.55785 21.9098 -7.55785
5.16 2.6 -7.59356 21.8653 -7.59356
5.16 2.8 -7.62105 21.8025 -7.62105
5.16 3 -7.54046 21.7758 -7.54046
5.16 3.2 -7.2035 21.8277 -7.2035
5.16 3.4 -6.44087 21.8951 -6.44087
5.16 3.6 -5.38696 21.2209 -5.38696
5.16 3.8 -4.93285 16.8776 -4.93285
5.16 4 -3.79332 4.40496 -3.79332
5.16 4.2 8.09649 -5.04586 8.09649
5.16 4.4 18.1444 -5.61309 18.1444
5.16 4.6 20.6344 -6.4916 20.6344
5.16 4.8 20.86 -6.93542 20.86
5.16 5 20.3931 -6.25301 20.3931
5.16 5.2 16.6152 -5.54592 16.6152
5.16 5.4 4.67742 -4.1363 4.67742
5.16 5.6 -4.67196 7.90561 -4.67196
5.16 5.8 -4.91178 18.5613 -4.91178
5.16 6 -5.63551 21.5549 -5.63551
5.16 6.2 -6.66267 21.9049 -6.66267
5.16 6.4 -7.31558 21.8131 -7.31558
5.16 6.6 -7.57706 21.776 -7.57706
5.16 6.8 -7.61605 21.8203 -7.61605
5.16 7 -7.58843 21.8737 -7.58843
5.16 7.2 -7.54528 21.9222 -7.54528
5.16 7.4 -7.51947 21.9474 -7.51947
5.16 7.6 -7.50135 21.9632 -7.50135
5.16 7.8 -7.49572 21.9682 -7.49572
5.16 8 -7.49072 21.9712 -7.49072
5.16 8.2 -7.48829 21.9716 -7.48829
5.16 8.4 -7.48241 21.9731 -7.48241
5.16 8.6 -7.47131 21.9764 -7.47131
5.16 8.8 -7.45139 21.981 -7.45139
5.16 9 -7.41546 21.9846 -7.41546
5.16 9.2 -7.35658 21.9826 -7.35658
5.16 9.4 -4.23419 24.9818 -4.23419
5.16 9.6 3.00002 31.9591 3.00002
5.16 9.8 -56.667 -28.5311 -56.667
5.28 0 -10.4266 18.9997 -10.4266
5.28 0.2 -10.5796 18.8473 -10.5796
5.28 0.4 -8.10277 21.3403 -8.10277
5.28 0.6 -7.53873 21.9131 -7.53873
5.28 0.8 -7.53523 21.9244 -7.53523
5.28 1 -7.53393 21.9273 -7.53393
5.28 1.2 -7.53264 21.9314 -7.53264
5.28 1.4 -7.53466 21.9307 -7.53466
5.28 1.6 -7.53364 21.9342 -7.53364
5.28 1.8 -7.53578 21.9336 -7.53578
5.28 2 -7.54983 21.9201 -7.54983
5.28 2.2 -7.56307 21.9084 -7.56307
5.28 2.4 -7.5973 21.8742 -7.5973
5.28 2.6 -7.63179 21.8301 -7.63179
5.28 2.8 -7.65776 21.7672 -7.65776
5.28 3 -7.57586 21.738 -7.57586
5.28 3.2 -7.23994 21.7797 -7.23994
5.28 3.4 -6.48342 21.8173 -6.48342
5.28 3.6 -5.45217 21.0525 -5.45217
5.28 3.8 -5.04642 16.4451 -5.04642
5.28 4 -3.63024 3.75349 -3.63024
5.28 4.2 8.68645 -5.13147 8.68645
5.28 4.4 18.4129 -5.59794 18.4129
5.28 4.6 20.7127 -6.51881 20.7127
5.28 4.8 20.9023 -6.97207 20.9023
5.28 5 20.5012 -6.27474 20.5012
5.28 5.2 16.9788 -5.51992 16.9788
5.28 5.4 5.28955 -4.35798 5.28955
5.28 5.6 -4.6453 7.2257 -4.6453
5.28 5.8 -5.01407 18.2096 -5.01407
5.28 6 -5.69014 21.4189 -5.69014
5.28 6.2 -6.70141 21.8381 -6.70141
5.28 6.4 -7.35062 21.7691 -7.35062
5.28 6.6 -7.61244 21.7393 -7.61244
5.28 6.8 -7.65323 21.785 -7.65323
5.28 7 -7.62737 21.838 -7.62737
5.28 7.2 -7.58542 21.8859 -7.58542
5.28 7.4 -7.56024 21.9108 -7.56024
5.28 7.6 -7.54223 21.9267 -7.54223
5.28 7.8 -7.53668 21.9316 -7.53668
5.28 8 -7.53162 21.9348 -7.53162
5.28 8.2 -7.52935 21.935 -7.52935
5.28 8.4 -7.52347 21.9366 -7.52347
5.28 8.6 -7.51238 21.9401 -7.51238
5.28 8.8 -7.4927 21.9446 -7.4927
5.28 9 -7.45726 21.9482 -7.45726
5.28 9.2 -7.39886 21.9465 -7.39886
5.28 9.4 -4.27716 24.9468 -4.27716
5.28 9.6 2.95627 31.9271 2.95627
5.28 9.8 -56.714 -28.5541 -56.714
5.4 0 -10.592 18.8406 -10.592
5.4 0.2 -10.7617 18.6716 -10.7617
5.4 0.4 -8.28904 21.1605 -8.28904
5.4 0.6 -7.72521 21.733 -7.72521
5.4 0.8 -7.72137 21.7447 -7.72137
5.4 1 -7.72023 21.7473 -7.72023
5.4 1.2 -7.71891 21.7513 -7.71891
5.4 1.4 -7.72069 21.7509 -7.72069
5.4 1.6 -7.71967 21.7543 -7.71967
5.4 1.8 -7.72145 21.7541 -7.72145
5.4 2 -7.73518 21.7409 -7.73518
5.4 2.2 -7.74825 21.7291 -7.74825
5.4 2.4 -7.78189 21.6952 -7.78189
5.4 2.6 -7.81501 21.6517 -7.81501
5.4 2.8 -7.83975 21.5883 -7.83975
5.4 3 -7.75595 21.5572 -7.75595
5.4 3.2 -7.41985 21.59 -7.41985
5.4 3.4 -6.66714 21.6007 -6.66714
5.4 3.6 -5.65457 20.7506 -5.65457
5.4 3.8 -5.28937 15.8909 -5.28937
5.4 4 -3.5829 3.01526 -3.5829
5.4 4.2 9.09892 -5.33772 9.09892
5.4 4.4 18.503 -5.73585 18.503
5.4 4.6 20.6268 -6.69899 20.6268
5.4 4.8 20.7833 -7.16124 20.7833
5.4 5 20.4414 -6.44948 20.4414
5.4 5.2 17.1528 -5.64571 17.1528
5.4 5.4 5.7253 -4.67859 5.7253
5.4 5.6 -4.73504 6.46181 -4.73504
5.4 5.8 -5.24831 17.7362 -5.24831
5.4 6 -5.88341 21.149 -5.88341
5.4 6.2 -6.88209 21.6321 -6.88209
5.4 6.4 -7.52937 21.5834 -7.52937
5.4 6.6 -7.79221 21.5599 -7.79221
5.4 6.8 -7.83515 21.6067 -7.83515
5.4 7 -7.81116 21.6592 -7.81116
5.4 7.2 -7.77036 21.7066 -7.77036
5.4 7.4 -7.74572 21.7313 -7.74572
5.4 7.6 -7.72807 21.747 -7.72807
5.4 7.8 -7.72269 21.7518 -7.72269
5.4 8 -7.71781 21.7548 -7.71781
5.4 8.2 -7.71547 21.7551 -7.71547
5.4 8.4 -7.70965 21.7568 -7.70965
5.4 8.6 -7.6986 21.7604 -7.6986
5.4 8.8 -7.67894 21.7651 -7.67894
5.4 9 -7.64425 21.7685 -7.64425
5.4 9.2 -7.5862 21.7674 -7.5862
5.4 9.4 -4.46571 24.7686 -4.46571
5.4 9.6 2.76909 31.755 2.76909
5.4 9.8 -56.9141 -28.7233 -56.9141
5.52 0 -11.3775 18.0636 -11.3775
5.52 0.2 -11.6159 17.8259 -11.6159
5.52 0.4 -9.16322 20.2947 -9.16322
5.52 0.6 -8.60097 20.8656 -8.60097
5.52 0.8 -8.59798 20.8767 -8.59798
5.52 1 -8.59623 20.8797 -8.59623
5.52 1.2 -8.59395 20.8845 -8.59395
5.52 1.4 -8.59626 20.8837 -8.59626
5.52 1.6 -8.59542 20.8869 -8.59542
5.52 1.8 -8.59666 20.8872 -8.59666
5.52 2 -8.61026 20.8741 -8.61026
5.52 2.2 -8.62261 20.8628 -8.62261
5.52 2.4 -8.65623 20.8285 -8.65623
5.52 2.6 -8.68751 20.7861 -8.68751
5.52 2.8 -8.71115 20.7221 -8.71115
5.52 3 -8.62552 20.6897 -8.62552
5.52 3.2 -8.28789 20.7164 -8.28789
5.52 3.4 -7.53721 20.7057 -7.53721
5.52 3.6 -6.53644 19.7861 -6.53644
5.52 3.8 -6.19829 14.711 -6.19829
5.52 4 -4.21076 1.69429 -4.21076
5.52 4.2 8.76657 -6.20342 8.76657
5.52 4.4 17.873 -6.56458 17.873
5.52 4.6 19.8408 -7.56903 19.8408
5.52 4.8 19.9677 -8.03959 19.9677
5.52 5 19.6771 -7.3147 19.6771
5.52 5.2 16.5926 -6.4622 16.5926
5.52 5.4 5.41288 -5.63392 5.41288
5.52 5.6 -5.49064 5.11994 -5.49064
5.52 5.8 -6.15273 16.6286 -6.15273
5.52 6 -6.75922 20.2117 -6.75922
5.52 6.2 -7.75061 20.7456 -7.75061
5.52 6.4 -8.39768 20.7123 -8.39768
5.52 6.6 -8.66175 20.6937 -8.66175
5.52 6.8 -8.70662 20.7412 -8.70662
5.52 7 -8.68443 20.7931 -8.68443
5.52 7.2 -8.64463 20.8401 -8.64463
5.52 7.4 -8.62057 20.8645 -8.62057
5.52 7.6 -8.60358 20.8796 -8.60358
5.52 7.8 -8.59861 20.8841 -8.59861
5.52 8 -8.59398 20.8868 -8.59398
5.52 8.2 -8.59109 20.8877 -8.59109
5.52 8.4 -8.58567 20.8891 -8.58567
5.52 8.6 -8.57517 20.8924 -8.57517
5.52 8.8 -8.55517 20.8979 -8.55517
5.52 9 -8.52122 20.9009 -8.52122
5.52 9.2 -8.46282 20.9013 -8.46282
5.52 9.4 -5.34612 23.9014 -5.34612
5.52 9.6 1.91029 30.9152 1.91029
5.52 9.8 -57.8474 -29.6175 -57.8474
5.64 0 -15.234 14.2185 -15.234
5.64 0.2 -15.6969 13.7563 -15.6969
5.64 0.4 -13.3159 16.1534 -13.3159
5.64 0.6 -12.7647 16.7133 -12.7647
5.64 0.8 -12.7651 16.721 -12.7651
5.64 1 -12.7617 16.7254 -12.7617
5.64 1.2 -12.7578 16.732 -12.7578
5.64 1.4 -12.7617 16.7295 -12.7617
5.64 1.6 -12.7603 16.7332 -12.7603
5.64 1.8 -12.762 16.7333 -12.762
5.64 2 -12.7759 16.7196 -12.7759
5.64 2.2 -12.7871 16.7095 -12.7871
5.64 2.4 -12.8204 16.675 -12.8204
5.64 2.6 -12.8518 16.6321 -12.8518
5.64 2.8 -12.8756 16.5668 -12.8756
5.64 3 -12.7901 16.5326 -12.7901
5.64 3.2 -12.4514 16.5566 -12.4514
5.64 3.4 -11.7004 16.5349 -11.7004
5.64 3.6 -10.704 15.5729 -10.704
5.64 3.8 -10.3776 10.3427 -10.3776
5.64 4 -8.14599 -2.78119 -8.14599
5.64 4.2 5.07158 -10.3361 5.07158
5.64 4.4 13.925 -10.6893 13.925
5.64 4.6 15.752 -11.7382 15.752
5.64 4.8 15.8513 -12.2174 15.8513
5.64 5 15.6071 -11.4789 15.6071
5.64 5.2 12.7006 -10.5756 12.7006
5.64 5.4 1.73 -9.83305 1.73
5.64 5.6 -9.53389 0.630871 -9.53389
5.64 5.8 -10.3306 12.3166 -10.3306
5.64 6 -10.9225 16.018 -10.9225
5.64 6.2 -11.9133 16.5795 -11.9133
5.64 6.4 -12.5618 16.5532 -12.5618
5.64 6.6 -12.8265 16.5372 -12.8265
5.64 6.8 -12.8722 16.5853 -12.8722
5.64 7 -12.8499 16.638 -12.8499
5.64 7.2 -12.8096 16.6859 -12.8096
5.64 7.4 -12.7861 16.71 -12.7861
5.64 7.6 -12.7685 16.7259 -12.7685
5.64 7.8 -12.764 16.7298 -12.764
5.64 8 -12.7586 16.7333 -12.7586
5.64 8.2 -12.7559 16.7342 -12.7559
5.64 8.4 -12.7507 16.7354 -12.7507
5.64 8.6 -12.7402 16.7389 -12.7402
5.64 8.8 -12.7204 16.7448 -12.7204
5.64 9 -12.685 16.7498 -12.685
5.64 9.2 -12.6232 16.7549 -12.6232
5.64 9.4 -9.5194 19.7452 -9.5194
5.64 9.6 -2.08926 26.9397 -2.08926
5.64 9.8 -62.2994 -34.019 -62.2994
5.76 0 31.8884 61.3588 31.8884
5.76 0.2 38.2629 67.7343 38.2629
5.76 0.4 40.1712 69.6587 40.1712
5.76 0.6 40.6989 70.1956 40.6989
5.76 0.8 40.6812 70.1849 40.6812
5.76 1 40.6934 70.1982 40.6934
5.76 1.2 40.6939 70.2021 40.6939
5.76 1.4 40.6857 70.1945 40.6857
5.76 1.6 40.6953 70.2067 40.6953
5.76 1.8 40.6875 70.2005 40.6875
5.76 2 40.6763 70.1892 40.6763
5.76 2.2 40.665 70.1794 40.665
5.76 2.4 40.6337 70.1469 40.6337
5.76 2.6 40.6026 70.1042 40.6026
5.76 2.8 40.578 70.0376 40.578
5.76 3 40.6505 69.9911 40.6505
5.76 3.2 40.9457 69.9734 40.9457
5.76 3.4 41.5999 69.8571 41.5999
5.76 3.6 42.3964 68.6875 42.3964
5.76 3.8 42.3862 63.0434 42.3862
5.76 4 44.3999 49.4481 44.3999
5.76 4.2 57.9938 42.2772 57.9938
5.76 4.4 67.1129 42.3415 67.1129
5.76 4.6 69.0511 41.4781 69.0511
5.76 4.8 69.2092 41.074 69.2092
5.76 5 68.9071 41.7259 68.9071
5.76 5.2 65.8528 42.3862 65.8528
5.76 5.4 54.5948 42.6663 54.5948
5.76 5.6 42.9886 52.8894 42.9886
5.76 5.8 42.5437 65.1566 42.5437
5.76 6 42.2241 69.1838 42.2241
5.76 6.2 41.3919 69.9065 41.3919
5.76 6.4 40.8362 69.9703 40.8362
5.76 6.6 40.6108 69.9922 40.6108
5.76 6.8 40.5833 70.0578 40.5833
5.76 7 40.6074 70.1123 40.6074
5.76 7.2 40.6478 70.161 40.6478
5.76 7.4 40.6692 70.1829 40.6692
5.76 7.6 40.6866 70.1988 40.6866
5.76 7.8 40.691 70.2024 40.691
5.76 8 40.6979 70.2077 40.6979
5.76 8.2 40.6987 70.2067 40.6987
5.76 8.4 40.705 70.2091 40.705
5.76 8.6 40.7144 70.2118 40.7144
5.76 8.8 40.7294 70.2134 40.7294
5.76 9 40.7663 70.2211 40.7663
5.76 9.2 40.8209 70.221 40.8209
5.76 9.4 43.936 73.2254 43.936
5.76 9.6 48.6343 77.6958 48.6343
5.76 9.8 0.47157 28.8273 0.47157
5.88 0 -57.1433 -27.6789 -57.1433
5.88 0.2 -62.8646 -33.3993 -62.8646
5.88 0.4 -59.5731 -30.0936 -59.5731
5.88 0.6 -59.0293 -29.5405 -59.0293
5.88 0.8 -59.0218 -29.5269 -59.0218
5.88 1 -59.0258 -29.5274 -59.0258
5.88 1.2 -59.0258 -29.5256 -59.0258
5.88 1.4 -59.0215 -29.5199 -59.0215
5.88 1.6 -59.0249 -29.5217 -59.0249
5.88 1.8 -59.0255 -29.521 -59.0255
5.88 2 -59.0369 -29.531 -59.0369
5.88 2.2 -59.0551 -29.5488 -59.0551
5.88 2.4 -59.0867 -29.5822 -59.0867
5.88 2.6 -59.127 -29.6352 -59.127
5.88 2.8 -59.1516 -29.7021 -59.1516
5.88 3 -59.077 -29.7519 -59.077
5.88 3.2 -58.7442 -29.743 -58.7442
5.88 3.4 -57.9989 -29.7988 -57.9989
5.88 3.6 -57.0336 -30.8834 -57.0336
5.88 3.8 -56.7982 -36.5022 -56.7982
5.88 4 -54.2741 -49.804 -54.2741
5.88 4.2 -40.9099 -56.7565 -40.9099
5.88 4.4 -32.2801 -57.0282 -32.2801
5.88 4.6 -30.5323 -58.081 -30.5323
5.88 4.8 -30.4736 -58.5866 -30.4736
5.88 5 -30.6926 -57.8401 -30.6926
5.88 5.2 -33.5129 -56.9211 -33.5129
5.88 5.4 -44.3818 -56.3314 -44.3818
5.88 5.6 -55.8384 -46.2801 -55.8384
5.88 5.8 -56.7317 -34.3511 -56.7317
5.88 6 -57.2253 -30.3673 -57.2253
5.88 6.2 -58.1915 -29.7222 -58.1915
5.88 6.4 -58.843 -29.732 -58.843
5.88 6.6 -59.1067 -29.7386 -59.1067
5.88 6.8 -59.1509 -29.6862 -59.1509
5.88 7 -59.1197 -29.6228 -59.1197
5.88 7.2 -59.0798 -29.5751 -59.0798
5.88 7.4 -59.051 -29.5457 -59.051
5.88 7.6 -59.0347 -29.5307 -59.0347
5.88 7.8 -59.0261 -29.5228 -59.0261
5.88 8 -59.0236 -29.5214 -59.0236
5.88 8.2 -59.0208 -29.5205 -59.0208
5.88 8.4 -59.0156 -29.5188 -59.0156
5.88 8.6 -59.0033 -29.5137 -59.0033
5.88 8.8 -58.982 -29.5068 -58.982
5.88 9 -58.9477 -29.5011 -58.9477
5.88 9.2 -58.9138 -29.523 -58.9138
5.88 9.4 -55.995 -26.7163 -55.995
5.88 9.6 -45.4109 -16.3667 -45.4109
5.88 9.8 -114.335 -86.0659 -114.335
