0 0 0.0125393 0.00950604 0.976841
0 0.2 0.012529 0.00949201 0.976657
0 0.4 0.0124781 0.00921542 0.976394
0 0.6 0.0124042 0.0090238 0.976248
0 0.8 0.0123273 0.0089074 0.97601
0 1 0.0122699 0.00884328 0.975921
0 1.2 0.0122421 0.00880804 0.975834
0 1.4 0.0122596 0.00878949 0.975653
0 1.6 0.0123468 0.00877896 0.97554
0 1.8 0.0125437 0.00877214 0.975254
0 2 0.0129212 0.0087673 0.974861
0 2.2 0.0135839 0.00876085 0.974094
0 2.4 0.0146924 0.0087537 0.972899
0 2.6 0.0164643 0.00874534 0.970992
0 2.8 0.0191642 0.0087362 0.968205
0 3 0.0230833 0.00872778 0.964125
0 3.2 0.0284703 0.00872423 0.958753
0 3.4 0.0354514 0.0087293 0.951731
0 3.6 0.0439294 0.00874788 0.943227
0 3.8 0.0534977 0.00878228 0.933484
0 4 0.0634223 0.0088317 0.923714
0 4.2 0.0726998 0.00888917 0.914497
0 4.4 0.0802157 0.00894226 0.907015
0 4.6 0.0849818 0.00898023 0.902323
0 4.8 0.0863104 0.0089909 0.900986
0 5 0.0840253 0.00897311 0.90333
0 5.2 0.0784457 0.0089311 0.908881
0 5.4 0.0703491 0.00887543 0.917004
0 5.6 0.0607871 0.00881981 0.926513
0 5.8 0.0508635 0.00877321 0.936379
0 6 0.0415175 0.00874101 0.945638
0 6.2 0.033415 0.00872677 0.953729
0 6.4 0.0268644 0.00872405 0.960299
0 6.6 0.0218943 0.00873048 0.965382
0 6.8 0.0183336 0.00873911 0.969124
0 7 0.0159171 0.00874955 0.971707
0 7.2 0.0143581 0.0087583 0.973376
0 7.4 0.0134074 0.00876562 0.97436
0 7.6 0.012873 0.00877221 0.974982
0 7.8 0.0126235 0.00878047 0.975279
0 8 0.012589 0.00879481 0.975376
0 8.2 0.0127498 0.00882268 0.975257
0 8.4 0.0131356 0.00888165 0.974776
0 8.6 0.0138279 0.00900432 0.974
0 8.8 0.0149501 0.00925799 0.972644
0 9 0.016678 0.00976971 0.970511
0 9.2 0.0192433 0.0107805 0.967167
0 9.4 0.0229176 0.0128219 0.961809
0 9.6 0.0279766 0.0170291 0.953261
0 9.8 0.0382774 0.0307405 0.93082
0.12 0 0.0125524 0.00961275 0.976771
0.12 0.2 0.0125411 0.00959959 0.976647
0.12 0.4 0.0124973 0.00933501 0.976491
0.12 0.6 0.0124246 0.00914674 0.976361
0.12 0.8 0.0123478 0.00903043 0.976156
0.12 1 0.012292 0.00896577 0.976054
0.12 1.2 0.0122657 0.00892941 0.97595
0.12 1.4 0.0122871 0.00891139 0.975711
0.12 1.6 0.0123815 0.00890065 0.975656
0.12 1.8 0.0125925 0.00889366 0.975358
0.12 2 0.0129967 0.00888885 0.974948
0.12 2.2 0.0137049 0.00888144 0.974121
0.12 2.4 0.0148903 0.00887425 0.972858
0.12 2.6 0.0167896 0.00886655 0.970817
0.12 2.8 0.0196839 0.00885823 0.96785
0.12 3 0.0238935 0.00885145 0.963407
0.12 3.2 0.0296814 0.00885154 0.957718
0.12 3.4 0.0371846 0.00886298 0.950175
0.12 3.6 0.0462966 0.00889163 0.941021
0.12 3.8 0.0565789 0.00894064 0.930364
0.12 4 0.0672391 0.0090084 0.920059
0.12 4.2 0.0771955 0.00908555 0.910153
0.12 4.4 0.0852541 0.00915587 0.902125
0.12 4.6 0.0903657 0.00920674 0.897088
0.12 4.8 0.0917869 0.00922083 0.895642
0.12 5 0.0893392 0.00919696 0.898152
0.12 5.2 0.0833594 0.00914106 0.904051
0.12 5.4 0.0746743 0.00906605 0.912843
0.12 5.6 0.0644088 0.00899124 0.923056
0.12 5.8 0.0537489 0.00892676 0.933667
0.12 6 0.0436992 0.00887973 0.94362
0.12 6.2 0.0349947 0.00885834 0.952339
0.12 6.4 0.0279555 0.00884947 0.959315
0.12 6.6 0.0226164 0.00885354 0.964718
0.12 6.8 0.018794 0.00886016 0.96882
0.12 7 0.0162025 0.00887082 0.971586
0.12 7.2 0.0145309 0.0088794 0.973351
0.12 7.4 0.0135121 0.00888686 0.974329
0.12 7.6 0.0129398 0.00889358 0.97506
0.12 7.8 0.0126687 0.00890213 0.975394
0.12 8 0.0126225 0.0089167 0.975498
0.12 8.2 0.0127765 0.00894434 0.975383
0.12 8.4 0.0131576 0.00900474 0.974823
0.12 8.6 0.0138514 0.00912911 0.974129
0.12 8.8 0.0149754 0.00938608 0.972761
0.12 9 0.016704 0.00990458 0.970609
0.12 9.2 0.0192734 0.010929 0.967247
0.12 9.4 0.0229519 0.0129961 0.961879
0.12 9.6 0.0280375 0.0172921 0.953203
0.12 9.8 0.0384826 0.0313529 0.930103
0.24 0 0.0125938 0.00958105 0.976844
0.24 0.2 0.0125665 0.00954095 0.976972
0.24 0.4 0.012542 0.00928261 0.977043
0.24 0.6 0.0124712 0.00911095 0.976941
0.24 0.8 0.0123917 0.00899851 0.97681
0.24 1 0.0123436 0.0089345 0.976644
0.24 1.2 0.0123225 0.0088943 0.976514
0.24 1.4 0.0123569 0.00888078 0.975843
0.24 1.6 0.0124753 0.00886967 0.976177
0.24 1.8 0.0127327 0.00886269 0.975874
0.24 2 0.0132287 0.00885828 0.975394
0.24 2.2 0.0140884 0.00884605 0.974382
0.24 2.4 0.015525 0.0088389 0.972886
0.24 2.6 0.0178499 0.00883603 0.970408
0.24 2.8 0.0213821 0.00883115 0.966834
0.24 3 0.0265596 0.00883088 0.960968
0.24 3.2 0.0336729 0.00884424 0.954442
0.24 3.4 0.0428983 0.0088783 0.945188
0.24 3.6 0.0540962 0.00894248 0.933911
0.24 3.8 0.0667174 0.00904219 0.91963
0.24 4 0.07978 0.00917362 0.908172
0.24 4.2 0.091941 0.0093189 0.896048
0.24 4.4 0.101746 0.00944693 0.886245
0.24 4.6 0.107978 0.00954429 0.880083
0.24 4.8 0.109689 0.00957053 0.878277
0.24 5 0.106727 0.00952552 0.881337
0.24 5.2 0.0994567 0.00942136 0.888145
0.24 5.4 0.0888662 0.00927745 0.899309
0.24 5.6 0.0763131 0.00913797 0.911837
0.24 5.8 0.0632464 0.00900973 0.924866
0.24 6 0.0508722 0.00890729 0.937116
0.24 6.2 0.0401978 0.00886583 0.947875
0.24 6.4 0.03155 0.00883348 0.955975
0.24 6.6 0.0249915 0.00883061 0.962332
0.24 6.8 0.0203024 0.00882761 0.967946
0.24 7 0.0171307 0.00884019 0.971338
0.24 7.2 0.015083 0.00884782 0.973426
0.24 7.4 0.0138362 0.00885534 0.974154
0.24 7.6 0.0131429 0.00886211 0.975462
0.24 7.8 0.0127998 0.00887112 0.975918
0.24 8 0.0127152 0.00888573 0.976046
0.24 8.2 0.0128437 0.00890944 0.975954
0.24 8.4 0.0132023 0.00897372 0.974886
0.24 8.6 0.0139069 0.00909815 0.974712
0.24 8.8 0.0150402 0.00935463 0.973337
0.24 9 0.0167669 0.00987181 0.97114
0.24 9.2 0.0193533 0.0108941 0.967777
0.24 9.4 0.0230477 0.012959 0.962448
0.24 9.6 0.0281582 0.0172316 0.953717
0.24 9.8 0.0385579 0.0310234 0.930549
0.36 0 0.0126446 0.00963047 0.976919
0.36 0.2 0.0126157 0.00958753 0.977156
0.36 0.4 0.0125927 0.0093353 0.977445
0.36 0.6 0.012522 0.00917007 0.977393
0.36 0.8 0.012444 0.00905964 0.97728
0.36 1 0.0124018 0.00899635 0.977109
0.36 1.2 0.012391 0.00895541 0.976952
0.36 1.4 0.0124473 0.00894264 0.976177
0.36 1.6 0.0126084 0.0089313 0.976561
0.36 1.8 0.0129472 0.0089239 0.976172
0.36 2 0.0135948 0.00891944 0.97556
0.36 2.2 0.014721 0.00890603 0.974268
0.36 2.4 0.0166103 0.0088994 0.972346
0.36 2.6 0.0196752 0.00889938 0.969124
0.36 2.8 0.0243496 0.00890096 0.964448
0.36 3 0.0312104 0.00891436 0.956823
0.36 3.2 0.040651 0.00895508 0.948087
0.36 3.4 0.0528927 0.0090368 0.935819
0.36 3.6 0.0677276 0.00917621 0.920865
0.36 3.8 0.084399 0.00938292 0.902301
0.36 4 0.10158 0.00964865 0.886854
0.36 4.2 0.117492 0.00993982 0.87088
0.36 4.4 0.130254 0.0101992 0.858019
0.36 4.6 0.138345 0.0103883 0.849954
0.36 4.8 0.140552 0.0104405 0.847598
0.36 5 0.13672 0.0103506 0.851568
0.36 5.2 0.127285 0.0101423 0.860581
0.36 5.4 0.113477 0.00985849 0.875114
0.36 5.6 0.0970263 0.00957449 0.891616
0.36 5.8 0.0798204 0.00931783 0.908863
0.36 6 0.0634551 0.00911505 0.925114
0.36 6.2 0.0493105 0.00900875 0.939404
0.36 6.4 0.0378323 0.00893434 0.95023
0.36 6.6 0.029129 0.00890929 0.958655
0.36 6.8 0.0229153 0.00889415 0.965889
0.36 7 0.0187216 0.00890282 0.9703
0.36 7.2 0.0160216 0.00890863 0.973
0.36 7.4 0.0143783 0.00891595 0.974029
0.36 7.6 0.0134588 0.00892299 0.975645
0.36 7.8 0.0129888 0.00893259 0.976255
0.36 8 0.0128363 0.00894771 0.976458
0.36 8.2 0.0129293 0.00897116 0.976402
0.36 8.4 0.0132692 0.00903685 0.975259
0.36 8.6 0.0139704 0.00916246 0.975177
0.36 8.8 0.0151053 0.00942099 0.973778
0.36 9 0.0168353 0.00994242 0.971561
0.36 9.2 0.0194316 0.0109726 0.968182
0.36 9.4 0.0231368 0.0130514 0.962834
0.36 9.6 0.0282627 0.0173423 0.954043
0.36 9.8 0.0387527 0.0311859 0.930364
0.48 0 0.0126953 0.00968142 0.97697
0.48 0.2 0.0126659 0.00963828 0.977219
0.48 0.4 0.0126391 0.00938997 0.977448
0.48 0.6 0.0125682 0.00922843 0.977383
0.48 0.8 0.0124926 0.00911926 0.977244
0.48 1 0.0124581 0.00905669 0.977077
0.48 1.2 0.0124627 0.00901573 0.976905
0.48 1.4 0.0125504 0.00900296 0.976066
0.48 1.6 0.0127737 0.00899137 0.976417
0.48 1.8 0.0132313 0.00898351 0.975901
0.48 2 0.0140991 0.00897884 0.975083
0.48 2.2 0.0156156 0.00896519 0.973404
0.48 2.4 0.0181696 0.0089598 0.970837
0.48 2.6 0.0223191 0.00896438 0.966537
0.48 2.8 0.0286717 0.00897761 0.960213
0.48 3 0.0379981 0.00901626 0.95012
0.48 3.2 0.0508416 0.00910658 0.938019
0.48 3.4 0.0674725 0.0092753 0.921348
0.48 3.6 0.0875578 0.00955294 0.901078
0.48 3.8 0.110006 0.00995691 0.876621
0.48 4 0.132972 0.010472 0.855215
0.48 4.2 0.154068 0.0110366 0.833844
0.48 4.4 0.170844 0.0115447 0.816742
0.48 4.6 0.181429 0.0119059 0.806061
0.48 4.8 0.184296 0.0120073 0.802978
0.48 5 0.179308 0.0118324 0.808189
0.48 5.2 0.166959 0.0114271 0.820307
0.48 5.4 0.14876 0.0108813 0.839418
0.48 5.6 0.1269 0.0103263 0.861528
0.48 5.8 0.103853 0.0098323 0.884786
0.48 6 0.0817823 0.0094475 0.906826
0.48 6.2 0.0626104 0.00921881 0.92622
0.48 6.4 0.0470063 0.00906891 0.941168
0.48 6.6 0.0351639 0.0090024 0.952702
0.48 6.8 0.0267144 0.00896623 0.962163
0.48 7 0.0210207 0.00896606 0.968052
0.48 7.2 0.0173655 0.00896846 0.971676
0.48 7.4 0.015142 0.008975 0.973251
0.48 7.6 0.0138896 0.00898222 0.975215
0.48 7.8 0.0132336 0.00899239 0.976028
0.48 8 0.0129819 0.00900813 0.976345
0.48 8.2 0.013024 0.00903203 0.97635
0.48 8.4 0.0133388 0.0090986 0.975212
0.48 8.6 0.0140306 0.00922533 0.975148
0.48 8.8 0.0151637 0.00948599 0.973731
0.48 9 0.016897 0.0100117 0.971499
0.48 9.2 0.0195011 0.0110499 0.968093
0.48 9.4 0.0232164 0.0131432 0.962656
0.48 9.6 0.028362 0.01746 0.953717
0.48 9.8 0.0389515 0.0313894 0.929916
0.6 0 0.0127404 0.00972356 0.977014
0.6 0.2 0.0127113 0.00968019 0.977246
0.6 0.4 0.0126851 0.00943266 0.977404
0.6 0.6 0.0126157 0.00927287 0.977318
0.6 0.8 0.0125439 0.00916448 0.977146
0.6 1 0.0125193 0.00910243 0.976974
0.6 1.2 0.0125445 0.00906158 0.976787
0.6 1.4 0.0126742 0.00904868 0.975891
0.6 1.6 0.0129812 0.00903678 0.976164
0.6 1.8 0.0135993 0.00902851 0.975486
0.6 2 0.0147646 0.00902364 0.974381
0.6 2.2 0.0168105 0.00901033 0.97218
0.6 2.4 0.0202675 0.00900751 0.968722
0.6 2.6 0.0258918 0.00902027 0.962961
0.6 2.8 0.0345269 0.00905365 0.954372
0.6 3 0.0472008 0.00913594 0.94095
0.6 3.2 0.0646444 0.00931145 0.92425
0.6 3.4 0.0871603 0.00963074 0.901641
0.6 3.6 0.114192 0.0101498 0.874286
0.6 3.8 0.144135 0.0109018 0.842135
0.6 4 0.174423 0.0118624 0.812992
0.6 4.2 0.201895 0.0129207 0.784823
0.6 4.4 0.223464 0.0138825 0.762496
0.6 4.6 0.236969 0.0145592 0.748639
0.6 4.8 0.240592 0.0147516 0.744692
0.6 5 0.234272 0.0144204 0.751393
0.6 5.2 0.2185 0.0136538 0.7673
0.6 5.4 0.195013 0.0126315 0.792066
0.6 5.6 0.166449 0.0115886 0.821287
0.6 5.8 0.135955 0.010672 0.852329
0.6 6 0.106439 0.00996761 0.882019
0.6 6.2 0.0805868 0.00952503 0.908235
0.6 6.4 0.0594366 0.00924501 0.928787
0.6 6.6 0.0433448 0.00910697 0.944568
0.6 6.8 0.0318578 0.00903481 0.957033
0.6 7 0.0241239 0.00901873 0.964932
0.6 7.2 0.0191703 0.00901489 0.969826
0.6 7.4 0.0161598 0.0090196 0.972167
0.6 7.6 0.0144554 0.00902672 0.974583
0.6 7.8 0.0135476 0.00903736 0.975657
0.6 8 0.0131618 0.00905373 0.976124
0.6 8.2 0.0131352 0.00907819 0.976213
0.6 8.4 0.0134165 0.00914543 0.975107
0.6 8.6 0.0140941 0.00927303 0.975052
0.6 8.8 0.0152235 0.00953536 0.973628
0.6 9 0.0169596 0.0100644 0.971379
0.6 9.2 0.0195724 0.0111088 0.967942
0.6 9.4 0.0233026 0.0132138 0.962426
0.6 9.6 0.0284754 0.0175534 0.953376
0.6 9.8 0.0391342 0.0315641 0.929496
0.72 0 0.0127779 0.00975681 0.97706
0.72 0.2 0.0127494 0.00971329 0.977279
0.72 0.4 0.0127252 0.00946613 0.977404
0.72 0.6 0.0126584 0.00930714 0.977309
0.72 0.8 0.0125919 0.00919916 0.977118
0.72 1 0.0125798 0.00913738 0.976934
0.72 1.2 0.0126313 0.00909655 0.97672
0.72 1.4 0.0128153 0.00908349 0.975766
0.72 1.6 0.0132302 0.00907125 0.975927
0.72 1.8 0.0140559 0.00906262 0.975042
0.72 2 0.0156069 0.00905773 0.973559
0.72 2.2 0.0183409 0.00904559 0.970677
0.72 2.4 0.0229736 0.00904761 0.966053
0.72 2.6 0.0305194 0.00907436 0.958384
0.72 2.8 0.0421251 0.00914133 0.946832
0.72 3 0.0591423 0.00929596 0.929079
0.72 3.2 0.0825087 0.00961295 0.906404
0.72 3.4 0.1125 0.0101848 0.876176
0.72 3.6 0.148166 0.0111144 0.839886
0.72 3.8 0.187137 0.0124684 0.798281
0.72 4 0.225888 0.0142126 0.759893
0.72 4.2 0.260374 0.0161546 0.723888
0.72 4.4 0.286941 0.0179409 0.69574
0.72 4.6 0.303384 0.0191965 0.678434
0.72 4.8 0.307729 0.0195572 0.673565
0.72 5 0.300116 0.0189375 0.68186
0.72 5.2 0.280884 0.0175092 0.701911
0.72 5.4 0.251793 0.0156248 0.733028
0.72 5.6 0.21575 0.0137124 0.770526
0.72 5.8 0.176545 0.0120559 0.810932
0.72 6 0.137977 0.0108015 0.850105
0.72 6.2 0.103763 0.00999636 0.884968
0.72 6.4 0.0755385 0.00949865 0.91274
0.72 6.6 0.0539616 0.00924185 0.93404
0.72 6.8 0.0385295 0.00911022 0.950423
0.72 7 0.028139 0.00906742 0.96095
0.72 7.2 0.0214944 0.00905281 0.967511
0.72 7.4 0.0174599 0.00905399 0.97086
0.72 7.6 0.0151681 0.00906045 0.973863
0.72 7.8 0.013934 0.00907143 0.975271
0.72 8 0.0133745 0.00908837 0.975926
0.72 8.2 0.0132591 0.00911338 0.976118
0.72 8.4 0.0134968 0.00918117 0.975059
0.72 8.6 0.0141551 0.00930946 0.975018
0.72 8.8 0.0152782 0.00957308 0.973593
0.72 9 0.0170158 0.0101046 0.97133
0.72 9.2 0.0196368 0.011154 0.967863
0.72 9.4 0.0233826 0.0132689 0.962287
0.72 9.6 0.0285798 0.0176295 0.953153
0.72 9.8 0.039287 0.0317079 0.92916
0.84 0 0.0128074 0.00978228 0.97711
0.84 0.2 0.0127795 0.00973829 0.977334
0.84 0.4 0.0127579 0.0094897 0.977479
0.84 0.6 0.0126943 0.0093306 0.977402
0.84 0.8 0.0126346 0.00922279 0.977209
0.84 1 0.0126378 0.00916108 0.977009
0.84 1.2 0.0127222 0.00912018 0.976759
0.84 1.4 0.0129738 0.00910694 0.975736
0.84 1.6 0.0135238 0.00909434 0.975755
0.84 1.8 0.0146104 0.00908542 0.974608
0.84 2 0.016647 0.00908087 0.972645
0.84 2.2 0.020249 0.00907118 0.968901
0.84 2.4 0.0263662 0.00908152 0.962798
0.84 2.6 0.0363386 0.00913099 0.952711
0.84 2.8 0.0516864 0.00925175 0.937409
0.84 3 0.0741435 0.00952213 0.914194
0.84 3.2 0.104837 0.0100674 0.884046
0.84 3.4 0.143882 0.0110527 0.844446
0.84 3.6 0.189652 0.0126675 0.797448
0.84 3.8 0.238667 0.0150498 0.744939
0.84 4 0.286192 0.0181678 0.696347
0.84 4.2 0.327316 0.0217002 0.652135
0.84 4.4 0.358103 0.0250055 0.618183
0.84 4.6 0.376824 0.0273463 0.59757
0.84 4.8 0.381657 0.0280255 0.59184
0.84 5 0.37313 0.0268614 0.601634
0.84 5.2 0.351182 0.0241975 0.6257
0.84 5.4 0.317186 0.020734 0.663224
0.84 5.6 0.273878 0.0172676 0.709514
0.84 5.8 0.225448 0.0143227 0.760379
0.84 6 0.176652 0.0121351 0.810617
0.84 6.2 0.132545 0.0107282 0.855921
0.84 6.4 0.0956963 0.00987554 0.892616
0.84 6.6 0.0673064 0.00942759 0.920836
0.84 6.8 0.046924 0.00920105 0.942174
0.84 7 0.0331839 0.00911545 0.956037
0.84 7.2 0.024404 0.00908326 0.964716
0.84 7.4 0.0190772 0.00907827 0.969344
0.84 7.6 0.0160447 0.0090832 0.973091
0.84 7.8 0.0143998 0.00909424 0.974916
0.84 8 0.0136223 0.00911165 0.975801
0.84 8.2 0.0133951 0.00913712 0.976115
0.84 8.4 0.013578 0.00920535 0.975114
0.84 8.6 0.0142113 0.00933417 0.975095
0.84 8.8 0.0153249 0.00959871 0.973675
0.84 9 0.017062 0.010132 0.971401
0.84 9.2 0.0196893 0.011185 0.967912
0.84 9.4 0.0234486 0.013307 0.962291
0.84 9.6 0.0286673 0.0176832 0.953086
0.84 9.8 0.0394116 0.0318199 0.928919
0.96 0 0.0128291 0.00980153 0.977155
0.96 0.2 0.0128007 0.00975715 0.977398
0.96 0.4 0.0127781 0.00950731 0.977585
0.96 0.6 0.0127171 0.00934789 0.977543
0.96 0.8 0.0126654 0.00924008 0.97736
0.96 1 0.0126872 0.00917835 0.977143
0.96 1.2 0.0128115 0.00913731 0.976851
0.96 1.4 0.0131457 0.00912383 0.975742
0.96 1.6 0.0138607 0.00911088 0.975586
0.96 1.8 0.0152667 0.00910182 0.974117
0.96 2 0.0178993 0.00909821 0.971562
0.96 2.2 0.0225684 0.0090928 0.966757
0.96 2.4 0.0305117 0.00911641 0.95883
0.96 2.6 0.043466 0.0092011 0.945761
0.96 2.8 0.0633924 0.00940478 0.925843
0.96 3 0.0924434 0.00985451 0.895948
0.96 3.2 0.131855 0.0107582 0.856782
0.96 3.4 0.181325 0.0124061 0.80615
0.96 3.6 0.238129 0.0151481 0.747018
0.96 3.8 0.297226 0.0192799 0.682796
0.96 4 0.35246 0.0248279 0.62391
0.96 4.2 0.398269 0.0312878 0.572017
0.96 4.4 0.431045 0.0374899 0.533005
0.96 4.6 0.450391 0.0419526 0.509663
0.96 4.8 0.455185 0.0432639 0.503248
0.96 5 0.446625 0.0410247 0.514247
0.96 5.2 0.423851 0.035958 0.54168
0.96 5.4 0.387167 0.029509 0.58488
0.96 5.6 0.338356 0.0232113 0.639568
0.96 5.8 0.281471 0.0180117 0.701161
0.96 6 0.222129 0.0142513 0.763478
0.96 6.2 0.167031 0.0118619 0.82075
0.96 6.4 0.120149 0.010444 0.868025
0.96 6.6 0.0836044 0.00969705 0.904631
0.96 6.8 0.0572035 0.00932389 0.93205
0.96 7 0.0393593 0.00917239 0.950031
0.96 7.2 0.0279546 0.00911292 0.961328
0.96 7.4 0.0210387 0.00909797 0.967537
0.96 7.6 0.0170961 0.00910001 0.972198
0.96 7.8 0.0149473 0.00911067 0.974532
0.96 8 0.0139025 0.0091284 0.975691
0.96 8.2 0.0135387 0.00915423 0.976145
0.96 8.4 0.0136541 0.00922283 0.975211
0.96 8.6 0.014256 0.00935205 0.975223
0.96 8.8 0.0153562 0.00961731 0.973814
0.96 9 0.0170896 0.010152 0.971537
0.96 9.2 0.0197192 0.0112077 0.968032
0.96 9.4 0.0234857 0.0133353 0.962377
0.96 9.6 0.0287177 0.0177243 0.953097
0.96 9.8 0.039504 0.0319071 0.928738
1.08 0 0.0128443 0.00981605 0.977189
1.08 0.2 0.0128152 0.00977146 0.977461
1.08 0.4 0.0127906 0.00952086 0.977722
1.08 0.6 0.0127322 0.0093612 0.977728
1.08 0.8 0.0126899 0.00925337 0.977561
1.08 1 0.0127337 0.00919159 0.97733
1.08 1.2 0.0129054 0.00915036 0.976986
1.08 1.4 0.0133379 0.00913661 0.975774
1.08 1.6 0.0142501 0.00912334 0.975411
1.08 1.8 0.0160384 0.00911438 0.973555
1.08 2 0.0193859 0.00911255 0.970289
1.08 2.2 0.0253367 0.00911395 0.964207
1.08 2.4 0.0354731 0.00915754 0.954084
1.08 2.6 0.0520013 0.00929453 0.937429
1.08 2.8 0.0773786 0.00962151 0.911983
1.08 3 0.114174 0.0103407 0.874164
1.08 3.2 0.163551 0.011793 0.824515
1.08 3.4 0.224385 0.0144819 0.761494
1.08 3.6 0.292253 0.0190614 0.689432
1.08 3.8 0.36002 0.0261854 0.61361
1.08 4 0.419966 0.0361305 0.545353
1.08 4.2 0.466337 0.0481918 0.487118
1.08 4.4 0.496844 0.0601961 0.444269
1.08 4.6 0.513729 0.069036 0.418976
1.08 4.8 0.51754 0.0716724 0.41209
1.08 5 0.510539 0.0671929 0.42393
1.08 5.2 0.490462 0.0572005 0.453814
1.08 5.4 0.455426 0.0448348 0.501395
1.08 5.6 0.405016 0.033195 0.563196
1.08 5.8 0.342262 0.0239762 0.634776
1.08 6 0.273359 0.0175629 0.709326
1.08 6.2 0.206929 0.0135894 0.779552
1.08 6.4 0.148943 0.0112902 0.838836
1.08 6.6 0.102995 0.0100883 0.885255
1.08 6.8 0.0694945 0.00949567 0.919914
1.08 7 0.046753 0.00924637 0.942843
1.08 7.2 0.0322007 0.00914637 0.957294
1.08 7.4 0.0233768 0.00911631 0.965407
1.08 7.6 0.0183413 0.0091136 0.971164
1.08 7.8 0.0155884 0.00912323 0.974104
1.08 8 0.0142237 0.00914105 0.975583
1.08 8.2 0.0136967 0.00916715 0.976199
1.08 8.4 0.0137314 0.00923605 0.975343
1.08 8.6 0.0142953 0.00936562 0.975392
1.08 8.8 0.0153786 0.00963149 0.974001
1.08 9 0.0171056 0.0101673 0.971729
1.08 9.2 0.0197349 0.0112252 0.968216
1.08 9.4 0.023505 0.0133574 0.96254
1.08 9.6 0.0287474 0.0177565 0.953197
1.08 9.8 0.0395725 0.0319743 0.92861
1.2 0 0.0128547 0.00982723 0.977204
1.2 0.2 0.0128246 0.00978258 0.977513
1.2 0.4 0.0127976 0.00953164 0.977884
1.2 0.6 0.0127421 0.00937193 0.977945
1.2 0.8 0.0127107 0.00926416 0.977796
1.2 1 0.0127802 0.00920236 0.977549
1.2 1.2 0.0130069 0.00916095 0.977148
1.2 1.4 0.0135539 0.00914691 0.975815
1.2 1.6 0.0146963 0.00913342 0.975212
1.2 1.8 0.0169322 0.0091249 0.972905
1.2 2 0.0211178 0.00912594 0.968804
1.2 2.2 0.0285724 0.00913736 0.961223
1.2 2.4 0.0412801 0.00920963 0.948521
1.2 2.6 0.0619835 0.00942122 0.927662
1.2 2.8 0.0936684 0.00992522 0.895774
1.2 3 0.139254 0.0110371 0.848855
1.2 3.2 0.199522 0.0133078 0.787498
1.2 3.4 0.27193 0.0176042 0.711272
1.2 3.6 0.349586 0.0251677 0.626351
1.2 3.8 0.422642 0.0374879 0.54003
1.2 4 0.481668 0.0556605 0.464067
1.2 4.2 0.521315 0.0789051 0.40105
1.2 4.4 0.542117 0.102994 0.355381
1.2 4.6 0.551087 0.121127 0.328621
1.2 4.8 0.552281 0.1266 0.321371
1.2 5 0.549606 0.117351 0.333851
1.2 5.2 0.538412 0.096939 0.365573
1.2 5.4 0.512626 0.0723549 0.416363
1.2 5.6 0.467582 0.0502055 0.483634
1.2 5.8 0.404008 0.0336076 0.563619
1.2 6 0.328321 0.022674 0.649567
1.2 6.2 0.25135 0.0161669 0.732949
1.2 6.4 0.181793 0.0125211 0.805219
1.2 6.6 0.125438 0.0106454 0.862695
1.2 6.8 0.0838283 0.00973461 0.905713
1.2 7 0.0554016 0.00934532 0.934421
1.2 7.2 0.0371679 0.00918755 0.952576
1.2 7.4 0.0261069 0.00913572 0.962925
1.2 7.6 0.0197894 0.00912584 0.969965
1.2 7.8 0.0163287 0.00913364 0.97361
1.2 8 0.01459 0.00915128 0.975459
1.2 8.2 0.0138723 0.00917756 0.976259
1.2 8.4 0.0138129 0.00924669 0.975491
1.2 8.6 0.0143323 0.00937657 0.975585
1.2 8.8 0.0153953 0.00964298 0.97422
1.2 9 0.0171139 0.0101798 0.971958
1.2 9.2 0.0197406 0.0112394 0.968441
1.2 9.4 0.0235117 0.0133752 0.96276
1.2 9.6 0.028761 0.0177821 0.953384
1.2 9.8 0.0396222 0.0320256 0.928533
1.32 0 0.0128623 0.0098362 0.977191
1.32 0.2 0.012832 0.00979169 0.977535
1.32 0.4 0.0128051 0.00954091 0.978032
1.32 0.6 0.012754 0.00938147 0.978142
1.32 0.8 0.0127352 0.00927391 0.978004
1.32 1 0.0128337 0.00921217 0.977739
1.32 1.2 0.013123 0.00917061 0.977273
1.32 1.4 0.0138004 0.0091563 0.975804
1.32 1.6 0.0152057 0.00914269 0.974929
1.32 1.8 0.0179536 0.00913503 0.97211
1.32 2 0.0230993 0.00914028 0.967054
1.32 2.2 0.0322774 0.00916563 0.957755
1.32 2.4 0.0479277 0.00927722 0.942098
1.32 2.6 0.0733851 0.0095911 0.916439
1.32 2.8 0.11216 0.0103404 0.87726
1.32 3 0.167375 0.0120069 0.820244
1.32 3.2 0.238968 0.0154671 0.746367
1.32 3.4 0.322195 0.0222076 0.656842
1.32 3.6 0.406758 0.0346227 0.560045
1.32 3.8 0.47926 0.0561523 0.464992
1.32 4 0.528023 0.0901618 0.382938
1.32 4.2 0.548676 0.136006 0.315917
1.32 4.4 0.547316 0.184598 0.267542
1.32 4.6 0.53949 0.221103 0.239283
1.32 4.8 0.535521 0.232077 0.231652
1.32 5 0.541488 0.213602 0.244774
1.32 5.2 0.549319 0.172449 0.278352
1.32 5.4 0.54562 0.123002 0.332123
1.32 5.6 0.517637 0.079772 0.403852
1.32 5.8 0.461646 0.0492319 0.490503
1.32 6 0.384154 0.0304722 0.586228
1.32 6.2 0.298844 0.0199273 0.68208
1.32 6.4 0.218066 0.0142629 0.767674
1.32 6.6 0.1507 0.0114169 0.837114
1.32 6.8 0.10013 0.0100596 0.889465
1.32 7 0.0652849 0.00947703 0.924736
1.32 7.2 0.0428531 0.0092402 0.947128
1.32 7.4 0.0292315 0.0091585 0.960038
1.32 7.6 0.021445 0.00913854 0.968543
1.32 7.8 0.0171741 0.00914351 0.972991
1.32 8 0.0150078 0.00916068 0.97526
1.32 8.2 0.0140726 0.00918705 0.976268
1.32 8.4 0.0139062 0.00925639 0.975599
1.32 8.6 0.014375 0.00938655 0.975744
1.32 8.8 0.015415 0.00965345 0.974408
1.32 9 0.017124 0.0101911 0.972159
1.32 9.2 0.0197479 0.0112522 0.968642
1.32 9.4 0.0235206 0.0133909 0.962969
1.32 9.6 0.0287778 0.0178036 0.953605
1.32 9.8 0.0396628 0.0320653 0.928495
1.44 0 0.0128684 0.00984383 0.977137
1.44 0.2 0.0128386 0.00979973 0.977454
1.44 0.4 0.012814 0.00954975 0.977846
1.44 0.6 0.0127685 0.00939102 0.977932
1.44 0.8 0.0127639 0.00928388 0.97779
1.44 1 0.0128948 0.00922228 0.977502
1.44 1.2 0.0132536 0.00918059 0.976961
1.44 1.4 0.014076 0.00916606 0.975347
1.44 1.6 0.0157745 0.00915248 0.974174
1.44 1.8 0.0190941 0.00914616 0.970784
1.44 2 0.0253132 0.00915712 0.964663
1.44 2.2 0.0364181 0.00920083 0.953448
1.44 2.4 0.0553504 0.00936398 0.934498
1.44 2.6 0.086073 0.00981265 0.90351
1.44 2.8 0.13257 0.0108898 0.85634
1.44 3 0.197923 0.0133137 0.788537
1.44 3.2 0.28061 0.0184569 0.7019
1.44 3.4 0.372746 0.0288575 0.599795
1.44 3.6 0.459468 0.0491768 0.49282
1.44 3.8 0.522319 0.0872256 0.390772
1.44 4 0.545878 0.151432 0.303214
1.44 4.2 0.528589 0.239461 0.23192
1.44 4.4 0.488987 0.32903 0.1812
1.44 4.6 0.455768 0.392018 0.152517
1.44 4.8 0.444775 0.410154 0.14496
1.44 5 0.462675 0.379531 0.157964
1.44 5.2 0.500107 0.30739 0.192376
1.44 5.4 0.536139 0.214842 0.249032
1.44 5.6 0.543706 0.131635 0.325417
1.44 5.8 0.508684 0.0747224 0.417809
1.44 6 0.437159 0.042251 0.521466
1.44 6.2 0.347347 0.025287 0.62831
1.44 6.4 0.256704 0.0166534 0.726804
1.44 6.6 0.178278 0.0124503 0.80862
1.44 6.8 0.118168 0.0104876 0.871023
1.44 7 0.0762925 0.00964804 0.913516
1.44 7.2 0.0492008 0.00930732 0.940616
1.44 7.4 0.032722 0.00918648 0.956382
1.44 7.6 0.0232935 0.00915314 0.966521
1.44 7.8 0.0181174 0.00915421 0.971864
1.44 8 0.015474 0.00917056 0.9746
1.44 8.2 0.0142967 0.00919695 0.975838
1.44 8.4 0.0140114 0.00926648 0.97528
1.44 8.6 0.0144242 0.0093969 0.975479
1.44 8.8 0.0154387 0.00966426 0.974171
1.44 9 0.017137 0.0102027 0.971934
1.44 9.2 0.0197579 0.0112652 0.96841
1.44 9.4 0.0235329 0.0134065 0.962699
1.44 9.6 0.0287984 0.0178236 0.953272
1.44 9.8 0.0396975 0.0320973 0.928302
1.56 0 0.0128736 0.00985061 0.977059
1.56 0.2 0.0128438 0.00980719 0.977349
1.56 0.4 0.0128198 0.00955881 0.977654
1.56 0.6 0.0127803 0.00940123 0.97771
1.56 0.8 0.0127911 0.00929469 0.977556
1.56 1 0.012957 0.00923329 0.97724
1.56 1.2 0.0133911 0.00919152 0.976611
1.56 1.4 0.0143709 0.00917683 0.97485
1.56 1.6 0.0163877 0.00916341 0.973356
1.56 1.8 0.0203293 0.00915892 0.969347
1.56 2 0.0277169 0.00917717 0.962066
1.56 2.2 0.0409179 0.00924388 0.948761
1.56 2.4 0.0634078 0.00947168 0.926225
1.56 2.6 0.0997857 0.0100908 0.889475
1.56 2.8 0.154401 0.011589 0.833798
1.56 3 0.229957 0.0150108 0.754871
1.56 3.2 0.322743 0.0224656 0.65581
1.56 3.4 0.420675 0.0382512 0.542464
1.56 3.6 0.502753 0.0713666 0.427147
1.56 3.8 0.542574 0.138479 0.318911
1.56 4 0.519718 0.254985 0.225415
1.56 4.2 0.446065 0.40307 0.151529
1.56 4.4 0.365969 0.531236 0.103734
1.56 4.6 0.314971 0.607719 0.0797324
1.56 4.8 0.300552 0.627745 0.0738475
1.56 5 0.324711 0.593467 0.0840694
1.56 5.2 0.385108 0.502665 0.113703
1.56 5.4 0.467652 0.363932 0.168645
1.56 5.6 0.531695 0.219604 0.248928
1.56 5.8 0.537298 0.116059 0.347408
1.56 6 0.483074 0.0598218 0.457796
1.56 6.2 0.394333 0.0327327 0.57382
1.56 6.4 0.296249 0.0198242 0.68415
1.56 6.6 0.20738 0.013783 0.77824
1.56 6.8 0.137525 0.0110297 0.851109
1.56 7 0.0882026 0.00986188 0.901328
1.56 7.2 0.0560912 0.0093903 0.933529
1.56 7.4 0.0365127 0.00922047 0.952405
1.56 7.6 0.0252979 0.00917034 0.964324
1.56 7.8 0.0191374 0.00916636 0.97064
1.56 8 0.0159756 0.00918159 0.973884
1.56 8.2 0.0145354 0.00920792 0.975376
1.56 8.4 0.0141211 0.00927764 0.974937
1.56 8.6 0.0144731 0.00940831 0.975191
1.56 8.8 0.0154597 0.00967611 0.97391
1.56 9 0.0171458 0.0102154 0.971685
1.56 9.2 0.0197619 0.0112793 0.968156
1.56 9.4 0.023536 0.0134232 0.96242
1.56 9.6 0.0288043 0.0178438 0.952969
1.56 9.8 0.0397215 0.0321241 0.928146
1.68 0 0.0128786 0.00985677 0.976971
1.68 0.2 0.0128492 0.00981423 0.97724
1.68 0.4 0.0128268 0.00956828 0.977486
1.68 0.6 0.0127939 0.00941223 0.977515
1.68 0.8 0.0128212 0.00930638 0.977345
1.68 1 0.013024 0.00924523 0.976997
1.68 1.2 0.0135375 0.0092034 0.976272
1.68 1.4 0.0146838 0.0091886 0.974362
1.68 1.6 0.017038 0.00917549 0.972531
1.68 1.8 0.0216396 0.00917327 0.967866
1.68 2 0.0302678 0.00920025 0.959354
1.68 2.2 0.0456928 0.00929439 0.94383
1.68 2.4 0.0719423 0.00959959 0.917498
1.68 2.6 0.114233 0.0104248 0.874695
1.68 2.8 0.177128 0.0124412 0.810255
1.68 3 0.262544 0.0171257 0.72029
1.68 3.2 0.363805 0.0276477 0.609686
1.68 3.4 0.463478 0.0511565 0.486824
1.68 3.6 0.532097 0.104426 0.36463
1.68 3.8 0.531118 0.218844 0.250023
1.68 4 0.442731 0.406107 0.152359
1.68 4.2 0.32064 0.597442 0.0848301
1.68 4.4 0.230664 0.722304 0.0496584
1.68 4.6 0.1855 0.782927 0.0349425
1.68 4.8 0.174121 0.797244 0.0316438
1.68 5 0.193608 0.772283 0.0374646
1.68 5.2 0.249676 0.69739 0.0563722
1.68 5.4 0.350868 0.552135 0.0991398
1.68 5.6 0.472248 0.352545 0.176016
1.68 5.8 0.539803 0.18063 0.280085
1.68 6 0.51812 0.0854484 0.397014
1.68 6.2 0.437611 0.0427659 0.520528
1.68 6.4 0.335333 0.0238717 0.64115
1.68 6.6 0.237202 0.0154307 0.746885
1.68 6.8 0.157749 0.0116869 0.830261
1.68 7 0.100768 0.0101176 0.888486
1.68 7.2 0.0633904 0.00948847 0.926057
1.68 7.4 0.0405332 0.00926017 0.948227
1.68 7.6 0.0274233 0.00919002 0.962034
1.68 7.8 0.0202183 0.00917996 0.969384
1.68 8 0.016507 0.00919375 0.973167
1.68 8.2 0.0147889 0.00921998 0.974929
1.68 8.4 0.0142384 0.00928989 0.974618
1.68 8.6 0.0145264 0.00942082 0.974928
1.68 8.8 0.0154835 0.00968905 0.973672
1.68 9 0.0171568 0.0102291 0.971457
1.68 9.2 0.019768 0.0112946 0.967929
1.68 9.4 0.023541 0.0134411 0.962181
1.68 9.6 0.0288115 0.0178652 0.952735
1.68 9.8 0.0397416 0.0321473 0.928034
1.8 0 0.0128837 0.00986232 0.976881
1.8 0.2 0.0128551 0.00982067 0.977135
1.8 0.4 0.0128357 0.00957813 0.977347
1.8 0.6 0.0128102 0.00942379 0.977353
1.8 0.8 0.0128544 0.00931863 0.977165
1.8 1 0.0130952 0.00925771 0.976783
1.8 1.2 0.0136903 0.00921581 0.975963
1.8 1.4 0.0150078 0.00920095 0.973898
1.8 1.6 0.0177097 0.00918824 0.971722
1.8 1.8 0.0229923 0.00918864 0.966382
1.8 2 0.0329018 0.00922549 0.956599
1.8 2.2 0.0506216 0.00935065 0.938784
1.8 2.4 0.0807326 0.00974401 0.908547
1.8 2.6 0.129024 0.0108068 0.85958
1.8 2.8 0.200085 0.0134312 0.786407
1.8 3 0.29462 0.019641 0.685909
1.8 3.2 0.402249 0.0340647 0.565058
1.8 3.4 0.498976 0.068218 0.434475
1.8 3.6 0.543671 0.151364 0.306252
1.8 3.8 0.48386 0.331406 0.185684
1.8 4 0.334419 0.57693 0.0921194
1.8 4.2 0.205125 0.75725 0.0419784
1.8 4.4 0.135384 0.845869 0.0216924
1.8 4.6 0.105539 0.883432 0.0144048
1.8 4.8 0.0984686 0.891739 0.0128719
1.8 5 0.11075 0.877051 0.0156147
1.8 5.2 0.148977 0.829732 0.0252831
1.8 5.4 0.232772 0.719578 0.0514108
1.8 5.6 0.375613 0.514315 0.112813
1.8 5.8 0.511088 0.27302 0.216806
1.8 6 0.539068 0.12128 0.340306
1.8 6.2 0.475224 0.0557625 0.470073
1.8 6.4 0.372551 0.0288124 0.599232
1.8 6.6 0.266802 0.0173729 0.715541
1.8 6.8 0.178263 0.0124456 0.809086
1.8 7 0.113652 0.0104086 0.875343
1.8 7.2 0.0709096 0.00959883 0.9184
1.8 7.4 0.0446813 0.00930417 0.94396
1.8 7.6 0.0296163 0.00921143 0.959715
1.8 7.8 0.0213334 0.00919448 0.96813
1.8 8 0.0170558 0.0092066 0.97247
1.8 8.2 0.0150516 0.00923271 0.97451
1.8 8.4 0.0143614 0.00930284 0.974334
1.8 8.6 0.0145839 0.00943403 0.974699
1.8 8.8 0.0155111 0.00970268 0.973467
1.8 9 0.0171715 0.0102435 0.971262
1.8 9.2 0.019778 0.0113105 0.967736
1.8 9.4 0.0235506 0.0134602 0.96199
1.8 9.6 0.0288234 0.0178886 0.952564
1.8 9.8 0.0397596 0.0321681 0.927954
1.92 0 0.012889 0.00986723 0.976791
1.92 0.2 0.0128615 0.00982549 0.977033
1.92 0.4 0.0128463 0.00958481 0.977221
1.92 0.6 0.0128286 0.00943155 0.977203
1.92 0.8 0.0128897 0.00932692 0.976993
1.92 1 0.0131681 0.0092662 0.976575
1.92 1.2 0.0138445 0.00922427 0.97567
1.92 1.4 0.0153329 0.00920934 0.973444
1.92 1.6 0.0183821 0.00919708 0.970925
1.92 1.8 0.0243464 0.00920025 0.96491
1.92 2 0.0355395 0.00924755 0.953855
1.92 2.2 0.0555556 0.00940585 0.933748
1.92 2.4 0.0895124 0.00989415 0.899617
1.92 2.6 0.143704 0.011216 0.84457
1.92 2.8 0.222551 0.0145153 0.762989
1.92 3 0.325156 0.0224687 0.652815
1.92 3.2 0.436839 0.0415925 0.523257
1.92 3.4 0.525847 0.0895581 0.386593
1.92 3.6 0.536058 0.212775 0.252906
1.92 3.8 0.409471 0.463277 0.129924
1.92 4 0.233564 0.719756 0.0515666
1.92 4.2 0.128634 0.85574 0.0201167
1.92 4.4 0.0821023 0.911208 0.00963271
1.92 4.6 0.0635896 0.933716 0.00619909
1.92 4.8 0.0592926 0.938531 0.0055015
1.92 5 0.0668139 0.929951 0.00676182
1.92 5.2 0.0908734 0.901693 0.0114091
1.92 5.4 0.148943 0.829561 0.02548
1.92 5.6 0.27453 0.66304 0.0668058
1.92 5.8 0.454469 0.387345 0.160191
1.92 6 0.544408 0.167963 0.288557
1.92 6.2 0.505897 0.0717061 0.42372
1.92 6.4 0.40671 0.0345194 0.559685
1.92 6.6 0.295231 0.0195343 0.685198
1.92 6.8 0.198425 0.01327 0.78823
1.92 7 0.126459 0.0107176 0.862279
1.92 7.2 0.0784205 0.00971196 0.910763
1.92 7.4 0.0488314 0.00934618 0.939705
1.92 7.6 0.0318104 0.0092294 0.957408
1.92 7.8 0.0224488 0.00920514 0.966888
1.92 8 0.0176049 0.00921549 0.971784
1.92 8.2 0.0153153 0.00924146 0.974105
1.92 8.4 0.014486 0.00931182 0.974067
1.92 8.6 0.0146436 0.00944326 0.974487
1.92 8.8 0.0155413 0.00971224 0.973278
1.92 9 0.0171892 0.0102536 0.971081
1.92 9.2 0.0197916 0.0113215 0.96756
1.92 9.4 0.0235645 0.0134729 0.96182
1.92 9.6 0.0288398 0.0179037 0.952421
1.92 9.8 0.0397763 0.0321819 0.927887
2.04 0 0.0128942 0.00987206 0.976714
2.04 0.2 0.0128679 0.00982823 0.976948
2.04 0.4 0.0128577 0.00958595 0.977121
2.04 0.6 0.0128477 0.00943272 0.977081
2.04 0.8 0.0129251 0.00932844 0.97685
2.04 1 0.0132396 0.00926789 0.976396
2.04 1.2 0.0139941 0.00922594 0.975414
2.04 1.4 0.0156472 0.0092109 0.973028
2.04 1.6 0.0190319 0.00919905 0.970179
2.04 1.8 0.0256557 0.00920493 0.963511
2.04 2 0.0380917 0.00926249 0.951224
2.04 2.2 0.0603296 0.00945389 0.928898
2.04 2.4 0.0979903 0.010038 0.891012
2.04 2.6 0.157792 0.0116248 0.830166
2.04 2.8 0.243811 0.0156262 0.740762
2.04 3 0.353264 0.025445 0.622019
2.04 3.2 0.46682 0.0498527 0.485364
2.04 3.4 0.544026 0.114317 0.34405
2.04 3.6 0.512032 0.284498 0.205908
2.04 3.8 0.3291 0.587675 0.0872786
2.04 4 0.162281 0.813897 0.0287068
2.04 4.2 0.085191 0.908718 0.0101483
2.04 4.4 0.0540069 0.944052 0.00465679
2.04 4.6 0.0418123 0.958621 0.00293975
2.04 4.8 0.0389834 0.96169 0.0025961
2.04 5 0.0439578 0.956208 0.00322085
2.04 5.2 0.0598721 0.93824 0.00556991
2.04 5.4 0.0994212 0.890904 0.0131274
2.04 5.6 0.196348 0.76949 0.0388116
2.04 5.8 0.384373 0.504664 0.114095
2.04 6 0.53559 0.222995 0.24277
2.04 6.2 0.529335 0.0899015 0.382409
2.04 6.4 0.436983 0.0406837 0.523596
2.04 6.6 0.321638 0.021785 0.656806
2.04 6.8 0.217584 0.014107 0.768378
2.04 7 0.138768 0.0110226 0.849733
2.04 7.2 0.0856728 0.0098178 0.903408
2.04 7.4 0.0528438 0.00938058 0.935615
2.04 7.6 0.0339309 0.00923993 0.955203
2.04 7.8 0.0235258 0.00920845 0.965713
2.04 8 0.0181351 0.00921708 0.971147
2.04 8.2 0.0155702 0.00924295 0.97374
2.04 8.4 0.0146072 0.00931349 0.973842
2.04 8.6 0.0147025 0.00944514 0.974313
2.04 8.8 0.0155721 0.00971425 0.973127
2.04 9 0.0172082 0.0102557 0.970939
2.04 9.2 0.019807 0.0113235 0.967423
2.04 9.4 0.0235808 0.0134738 0.961691
2.04 9.6 0.0288594 0.0179018 0.952321
2.04 9.8 0.0397922 0.0321857 0.927846
2.16 0 0.0128989 0.00987874 0.97666
2.16 0.2 0.0128733 0.00983073 0.976899
2.16 0.4 0.0128655 0.00958824 0.97709
2.16 0.6 0.0128621 0.0094353 0.977043
2.16 0.8 0.0129544 0.00933128 0.976793
2.16 1 0.0133021 0.0092708 0.976306
2.16 1.2 0.0141288 0.00922876 0.975253
2.16 1.4 0.0159343 0.00921356 0.972714
2.16 1.6 0.0196305 0.00920199 0.96956
2.16 1.8 0.0268672 0.00921019 0.962286
2.16 2 0.0404599 0.009277 0.948849
2.16 2.2 0.0647644 0.00949897 0.924452
2.16 2.4 0.105855 0.0101729 0.883072
2.16 2.6 0.170787 0.0120116 0.816891
2.16 2.8 0.263165 0.0166908 0.720463
2.16 3 0.378193 0.0283551 0.594394
2.16 3.2 0.491871 0.0582174 0.452189
2.16 3.4 0.55474 0.140453 0.30753
2.16 3.6 0.478655 0.357739 0.166835
2.16 3.8 0.262266 0.683812 0.0587589
2.16 4 0.11879 0.869106 0.0169499
2.16 4.2 0.0614828 0.936988 0.00565812
2.16 4.4 0.0389258 0.961533 0.00252392
2.16 4.6 0.0300394 0.972053 0.0015606
2.16 4.8 0.0279703 0.97425 0.00136843
2.16 5 0.0316257 0.970326 0.00171929
2.16 5.2 0.0432241 0.957619 0.00304356
2.16 5.4 0.0719453 0.924024 0.00741631
2.16 5.6 0.145835 0.835239 0.0235778
2.16 5.8 0.319098 0.604037 0.0807846
2.16 6 0.517314 0.280396 0.204128
2.16 6.2 0.546193 0.108867 0.34683
2.16 6.4 0.462865 0.0468341 0.491809
2.16 6.6 0.345256 0.0239635 0.631215
2.16 6.8 0.235092 0.0149034 0.750208
2.16 7 0.150134 0.0113094 0.838172
2.16 7.2 0.0923978 0.00991656 0.896637
2.16 7.4 0.0565665 0.00941288 0.93188
2.16 7.6 0.0358951 0.00925038 0.953227
2.16 7.8 0.0245201 0.00921248 0.964697
2.16 8 0.0186218 0.00921967 0.970632
2.16 8.2 0.015802 0.00924559 0.973478
2.16 8.4 0.0147153 0.00931633 0.973717
2.16 8.6 0.0147532 0.00944823 0.974232
2.16 8.8 0.0155968 0.00971756 0.97307
2.16 9 0.0172216 0.0102593 0.970892
2.16 9.2 0.0198161 0.0113272 0.967381
2.16 9.4 0.0235887 0.0134775 0.96166
2.16 9.6 0.028867 0.0179053 0.952318
2.16 9.8 0.039803 0.032191 0.927855
2.28 0 0.0129027 0.00989085 0.976626
2.28 0.2 0.012878 0.00983335 0.976898
2.28 0.4 0.0128737 0.00959243 0.977178
2.28 0.6 0.0128763 0.00944017 0.977144
2.28 0.8 0.0129816 0.00933635 0.97688
2.28 1 0.0133584 0.00927583 0.976364
2.28 1.2 0.0142485 0.00923363 0.975248
2.28 1.4 0.0161886 0.00921815 0.972561
2.28 1.6 0.0201608 0.00920663 0.969147
2.28 1.8 0.0279424 0.0092165 0.961332
2.28 2 0.042566 0.00929069 0.946869
2.28 2.2 0.0687144 0.00953811 0.92062
2.28 2.4 0.112859 0.0102884 0.876127
2.28 2.6 0.182323 0.0123444 0.805234
2.28 2.8 0.280191 0.0176166 0.702735
2.28 3 0.39972 0.0309259 0.570623
2.28 3.2 0.512602 0.0658076 0.42427
2.28 3.4 0.560978 0.16479 0.27755
2.28 3.6 0.445626 0.421845 0.13677
2.28 3.8 0.216464 0.747519 0.0415137
2.28 4 0.0942289 0.900041 0.0110345
2.28 4.2 0.0486929 0.952521 0.00355922
2.28 4.4 0.0307214 0.971487 0.00154454
2.28 4.6 0.0235575 0.979898 0.00092609
2.28 4.8 0.0218892 0.981643 0.000802462
2.28 5 0.024856 0.978524 0.00102903
2.28 5.2 0.0342091 0.968513 0.00188076
2.28 5.4 0.0570772 0.942132 0.00471062
2.28 5.6 0.116417 0.872996 0.0156309
2.28 5.8 0.270457 0.674941 0.0592061
2.28 6 0.49698 0.332053 0.173582
2.28 6.2 0.558563 0.126362 0.317452
2.28 6.4 0.484647 0.0523392 0.464905
2.28 6.6 0.365768 0.0258687 0.609109
2.28 6.8 0.250529 0.0155905 0.73432
2.28 7 0.160226 0.0115545 0.828034
2.28 7.2 0.0983807 0.0100007 0.890739
2.28 7.4 0.0598762 0.00944116 0.928689
2.28 7.6 0.0376382 0.00926078 0.951604
2.28 7.8 0.0254007 0.00921787 0.963929
2.28 8 0.0190522 0.0092241 0.97031
2.28 8.2 0.0160071 0.00925027 0.973382
2.28 8.4 0.0148113 0.00932127 0.973738
2.28 8.6 0.0147992 0.00945349 0.974302
2.28 8.8 0.0156201 0.00972313 0.973161
2.28 9 0.0172351 0.0102652 0.970991
2.28 9.2 0.0198266 0.011334 0.967484
2.28 9.4 0.0235993 0.0134859 0.961779
2.28 9.6 0.0288798 0.0179162 0.952485
2.28 9.8 0.0398145 0.0321991 0.927934
2.4 0 0.0129051 0.00991359 0.976591
2.4 0.2 0.0128812 0.00983527 0.976881
2.4 0.4 0.0128808 0.00959532 0.977092
2.4 0.6 0.0128882 0.00944343 0.977041
2.4 0.8 0.0130041 0.00933964 0.976765
2.4 1 0.0134046 0.00927897 0.976224
2.4 1.2 0.014347 0.00923663 0.975057
2.4 1.4 0.0163988 0.00922067 0.972248
2.4 1.6 0.0206008 0.00920889 0.968616
2.4 1.8 0.0288387 0.00921955 0.960353
2.4 2 0.0443292 0.00929846 0.945032
2.4 2.2 0.0720337 0.00956379 0.91723
2.4 2.4 0.118759 0.0103699 0.870123
2.4 2.6 0.192043 0.0125881 0.795292
2.4 2.8 0.294482 0.0183083 0.687808
2.4 3 0.417639 0.0328732 0.550936
2.4 3.2 0.529638 0.071652 0.401696
2.4 3.4 0.565902 0.183731 0.254237
2.4 3.6 0.421089 0.468253 0.115643
2.4 3.8 0.189952 0.78416 0.0317316
2.4 4 0.0815231 0.916125 0.00803828
2.4 4.2 0.0421789 0.960567 0.00253084
2.4 4.4 0.0264786 0.976794 0.00106349
2.4 4.6 0.0201722 0.984122 0.00061107
2.4 4.8 0.0187115 0.985635 0.000520365
2.4 5 0.0213334 0.982927 0.000687316
2.4 5.2 0.0295843 0.974249 0.00131109
2.4 5.4 0.0495464 0.951436 0.00337965
2.4 5.6 0.101009 0.892832 0.0115252
2.4 5.8 0.240899 0.717701 0.0463614
2.4 6 0.481502 0.370445 0.151316
2.4 6.2 0.568618 0.139862 0.294341
2.4 6.4 0.502623 0.0565221 0.443018
2.4 6.6 0.382874 0.0272952 0.590729
2.4 6.8 0.263488 0.0160975 0.720913
2.4 7 0.168717 0.011731 0.819375
2.4 7.2 0.103409 0.0100586 0.885623
2.4 7.4 0.0626493 0.00945892 0.92584
2.4 7.6 0.0390927 0.00926636 0.950067
2.4 7.8 0.0261323 0.00922042 0.963105
2.4 8 0.0194081 0.00922635 0.969856
2.4 8.2 0.0161759 0.00925286 0.973116
2.4 8.4 0.0148899 0.00932426 0.973569
2.4 8.6 0.0148368 0.00945683 0.974179
2.4 8.8 0.0156393 0.0097268 0.973062
2.4 9 0.0172464 0.0102693 0.970904
2.4 9.2 0.0198356 0.0113388 0.967407
2.4 9.4 0.0236094 0.0134924 0.961695
2.4 9.6 0.0288946 0.017925 0.952368
2.4 9.8 0.0398249 0.0322053 0.927889
2.52 0 0.0129057 0.00993937 0.97659
2.52 0.2 0.0128805 0.00983549 0.976925
2.52 0.4 0.0128779 0.00959554 0.977175
2.52 0.6 0.0128873 0.00944354 0.977143
2.52 0.8 0.0130106 0.00933951 0.976867
2.52 1 0.0134286 0.00927853 0.976306
2.52 1.2 0.0144103 0.00923592 0.975099
2.52 1.4 0.0165464 0.00921941 0.9722
2.52 1.6 0.0209238 0.00920708 0.968397
2.52 1.8 0.029512 0.00921748 0.959786
2.52 2 0.045673 0.00929791 0.943796
2.52 2.2 0.0745883 0.00957173 0.914775
2.52 2.4 0.123331 0.0104077 0.865608
2.52 2.6 0.199605 0.0127172 0.787675
2.52 2.8 0.305613 0.0186944 0.676292
2.52 3 0.431613 0.0339754 0.535803
2.52 3.2 0.543217 0.0749578 0.384678
2.52 3.4 0.57177 0.194377 0.237643
2.52 3.6 0.409591 0.492699 0.102612
2.52 3.8 0.178656 0.800323 0.026637
2.52 4 0.0764916 0.922552 0.00656932
2.52 4.2 0.0396083 0.96363 0.00202738
2.52 4.4 0.0247497 0.978762 0.000822623
2.52 4.6 0.0187661 0.985608 0.00044966
2.52 4.8 0.0173935 0.987015 0.000374757
2.52 5 0.0198875 0.98449 0.000513349
2.52 5.2 0.0277458 0.976359 0.00102842
2.52 5.4 0.04665 0.954949 0.00273192
2.52 5.6 0.0949682 0.900778 0.00950264
2.52 5.8 0.228241 0.736969 0.0394887
2.52 6 0.475358 0.390854 0.136962
2.52 6.2 0.577799 0.147324 0.277566
2.52 6.4 0.516784 0.0588448 0.426427
2.52 6.6 0.396184 0.0280867 0.576598
2.52 6.8 0.27356 0.0163724 0.710603
2.52 7 0.175302 0.0118201 0.812782
2.52 7.2 0.107288 0.0100827 0.881817
2.52 7.4 0.0647719 0.00946267 0.923813
2.52 7.6 0.0401939 0.00926488 0.949064
2.52 7.8 0.026677 0.00921827 0.962655
2.52 8 0.0196659 0.00922464 0.969693
2.52 8.2 0.0162916 0.00925172 0.973098
2.52 8.4 0.0149377 0.00932355 0.973627
2.52 8.6 0.0148538 0.00945646 0.974274
2.52 8.8 0.015642 0.00972669 0.973177
2.52 9 0.0172424 0.0102695 0.971029
2.52 9.2 0.0198278 0.0113394 0.967539
2.52 9.4 0.0235978 0.0134942 0.96183
2.52 9.6 0.0288787 0.0179289 0.952484
2.52 9.8 0.0398211 0.0322077 0.927925
2.64 0 0.0129045 0.00995053 0.976635
2.64 0.2 0.012878 0.00983249 0.977032
2.64 0.4 0.0128736 0.00959009 0.977436
2.64 0.6 0.0128838 0.00943704 0.977469
2.64 0.8 0.0130115 0.00933247 0.977207
2.64 1 0.0134402 0.00927107 0.976635
2.64 1.2 0.0144467 0.00922805 0.975401
2.64 1.4 0.0166376 0.00921095 0.972442
2.64 1.6 0.0211305 0.00919775 0.968524
2.64 1.8 0.0299535 0.00920679 0.959679
2.64 2 0.0465714 0.00928524 0.94323
2.64 2.2 0.0763263 0.0095571 0.91336
2.64 2.4 0.126495 0.0103938 0.862738
2.64 2.6 0.204926 0.0127153 0.782584
2.64 2.8 0.313605 0.0187328 0.66839
2.64 3 0.441985 0.0341101 0.525308
2.64 3.2 0.554374 0.0752968 0.373052
2.64 3.4 0.580998 0.195246 0.227331
2.64 3.6 0.413694 0.494276 0.0963723
2.64 3.8 0.180119 0.799986 0.0245925
2.64 4 0.0772681 0.921443 0.00598146
2.64 4.2 0.0399577 0.962549 0.00181186
2.64 4.4 0.0248458 0.977804 0.000710679
2.64 4.6 0.0187584 0.984674 0.000369722
2.64 4.8 0.0173756 0.986085 0.000301288
2.64 5 0.0199225 0.983536 0.000428687
2.64 5.2 0.0279526 0.975314 0.000900893
2.64 5.4 0.047219 0.953718 0.00246409
2.64 5.6 0.0961638 0.899456 0.00871497
2.64 5.8 0.230652 0.736463 0.0367178
2.64 6 0.48161 0.391595 0.129567
2.64 6.2 0.588015 0.147706 0.266761
2.64 6.4 0.527913 0.0590238 0.415032
2.64 6.6 0.405919 0.0281579 0.566844
2.64 6.8 0.280722 0.0163845 0.703597
2.64 7 0.179895 0.011809 0.808446
2.64 7.2 0.109947 0.0100665 0.879459
2.64 7.4 0.0662013 0.00944784 0.9227
2.64 7.6 0.040922 0.00925244 0.948656
2.64 7.8 0.0270295 0.00920771 0.962623
2.64 8 0.0198281 0.00921528 0.969853
2.64 8.2 0.0163614 0.00924313 0.973357
2.64 8.4 0.0149639 0.0093154 0.97394
2.64 8.6 0.0148606 0.00944857 0.974611
2.64 8.8 0.0156399 0.00971892 0.973528
2.64 9 0.0172361 0.0102616 0.971387
2.64 9.2 0.0198188 0.0113312 0.967904
2.64 9.4 0.0235858 0.013485 0.962208
2.64 9.6 0.0288643 0.0179184 0.952862
2.64 9.8 0.0398161 0.0322019 0.928059
2.76 0 0.012902 0.00995153 0.976694
2.76 0.2 0.0128748 0.00982736 0.977167
2.76 0.4 0.0128691 0.00958191 0.977805
2.76 0.6 0.0128791 0.00942726 0.977926
2.76 0.8 0.013008 0.00932191 0.977685
2.76 1 0.0134406 0.00925999 0.977112
2.76 1.2 0.0144571 0.00921653 0.975866
2.76 1.4 0.0166716 0.00919878 0.97288
2.76 1.6 0.0212175 0.00918441 0.968908
2.76 1.8 0.0301544 0.00919102 0.959949
2.76 2 0.0470059 0.00926409 0.943264
2.76 2.2 0.0772136 0.00952378 0.912934
2.76 2.4 0.128196 0.0103325 0.861489
2.76 2.6 0.207945 0.0125873 0.780021
2.76 2.8 0.318438 0.0184327 0.664082
2.76 3 0.448864 0.0333048 0.519323
2.76 3.2 0.563418 0.0727752 0.366455
2.76 3.4 0.594022 0.186776 0.222555
2.76 3.6 0.433318 0.474675 0.095675
2.76 3.8 0.193289 0.785435 0.024789
2.76 4 0.0831388 0.914273 0.00599456
2.76 4.2 0.0427475 0.958425 0.00178102
2.76 4.4 0.0263652 0.974885 0.000677254
2.76 4.6 0.0197612 0.982227 0.000337558
2.76 4.8 0.0182708 0.983737 0.000269636
2.76 5 0.0210516 0.980975 0.000396928
2.76 5.2 0.0297969 0.97209 0.000869452
2.76 5.4 0.0507474 0.948885 0.0024452
2.76 5.6 0.103824 0.890463 0.00879098
2.76 5.8 0.247145 0.718582 0.0370429
2.76 6 0.50037 0.373991 0.127977
2.76 6.2 0.599651 0.141357 0.261294
2.76 6.4 0.536255 0.0571444 0.40854
2.76 6.6 0.412145 0.0275317 0.561374
2.76 6.8 0.284936 0.0161422 0.699884
2.76 7 0.182437 0.0117027 0.806359
2.76 7.2 0.11134 0.0100143 0.878517
2.76 7.4 0.0669097 0.00941844 0.922444
2.76 7.6 0.0412623 0.0092329 0.94877
2.76 7.8 0.0271833 0.0091925 0.962925
2.76 8 0.0198926 0.00920201 0.970248
2.76 8.2 0.0163849 0.00923083 0.9738
2.76 8.4 0.0149695 0.00930353 0.97441
2.76 8.6 0.0148586 0.00943693 0.975094
2.76 8.8 0.0156348 0.00970729 0.974019
2.76 9 0.0172295 0.0102497 0.971881
2.76 9.2 0.0198111 0.0113186 0.9684
2.76 9.4 0.0235766 0.0134706 0.962726
2.76 9.6 0.028854 0.0179023 0.953413
2.76 9.8 0.0398109 0.0321921 0.92825
2.88 0 0.0128987 0.00994755 0.97674
2.88 0.2 0.012871 0.0098211 0.977228
2.88 0.4 0.0128643 0.00957193 0.977891
2.88 0.6 0.012873 0.00941535 0.978038
2.88 0.8 0.0130002 0.00930913 0.977812
2.88 1 0.0134299 0.00924668 0.977247
2.88 1.2 0.0144417 0.00920276 0.976008
2.88 1.4 0.0166489 0.00918431 0.973031
2.88 1.6 0.0211856 0.00916854 0.969074
2.88 1.8 0.0301161 0.00917174 0.960128
2.88 2 0.0469786 0.00923625 0.94344
2.88 2.2 0.0772536 0.00947429 0.913057
2.88 2.4 0.128442 0.0102286 0.861441
2.88 2.6 0.208679 0.0123449 0.779587
2.88 2.8 0.320153 0.017829 0.662972
2.88 3 0.452317 0.0316821 0.517398
2.88 3.2 0.570259 0.0678821 0.364281
2.88 3.4 0.609821 0.170822 0.222318
2.88 3.6 0.466558 0.436899 0.0993916
2.88 3.8 0.218401 0.756797 0.0269156
2.88 4 0.094197 0.901264 0.00651312
2.88 4.2 0.0478369 0.951853 0.00189285
2.88 4.4 0.0290764 0.970821 0.000698702
2.88 4.6 0.0215023 0.979197 0.000336259
2.88 4.8 0.0197968 0.980935 0.000264355
2.88 5 0.0230121 0.977712 0.000400031
2.88 5.2 0.0330699 0.967443 0.000907334
2.88 5.4 0.0571561 0.940934 0.00262528
2.88 5.6 0.118184 0.873846 0.00961027
2.88 5.8 0.277768 0.68375 0.0400235
2.88 6 0.52955 0.341279 0.130952
2.88 6.2 0.612037 0.129634 0.260296
2.88 6.4 0.541803 0.0535452 0.406404
2.88 6.6 0.41493 0.0262957 0.559758
2.88 6.8 0.286243 0.0156716 0.699069
2.88 7 0.182945 0.0115103 0.806117
2.88 7.2 0.111475 0.00992984 0.878568
2.88 7.4 0.0669013 0.00937652 0.922602
2.88 7.6 0.0412175 0.00920775 0.948948
2.88 7.8 0.0271399 0.00917396 0.963093
2.88 8 0.0198601 0.00918608 0.970403
2.88 8.2 0.0163628 0.00921598 0.973948
2.88 8.4 0.0149546 0.00928914 0.974559
2.88 8.6 0.0148482 0.00942269 0.975246
2.88 8.8 0.0156268 0.00969296 0.974178
2.88 9 0.0172226 0.010235 0.972044
2.88 9.2 0.0198045 0.0113027 0.968561
2.88 9.4 0.0235696 0.0134523 0.962871
2.88 9.6 0.0288465 0.0178814 0.953514
2.88 9.8 0.0398051 0.0321795 0.928256
3 0 0.0128949 0.00994029 0.976784
3 0.2 0.012867 0.00981513 0.977225
3 0.4 0.0128592 0.00956355 0.977717
3 0.6 0.0128658 0.00940543 0.97783
3 0.8 0.0129886 0.0092984 0.977615
3 1 0.0134091 0.00923545 0.977068
3 1.2 0.0144022 0.00919111 0.975856
3 1.4 0.016573 0.009172 0.972924
3 1.6 0.0210418 0.00915469 0.969045
3 1.8 0.0298518 0.00915381 0.960234
3 2 0.0465146 0.00920748 0.943766
3 2.2 0.0764911 0.00941678 0.913716
3 2.4 0.127306 0.0100969 0.86255
3 2.6 0.20724 0.0120214 0.781187
3 2.8 0.318882 0.0170082 0.664899
3 3 0.452415 0.0294965 0.51928
3 3.2 0.574576 0.0614804 0.366097
3 3.4 0.626456 0.150388 0.225753
3 3.6 0.509717 0.386058 0.10653
3 3.8 0.256404 0.713652 0.030979
3 4 0.111133 0.882121 0.0075604
3 4.2 0.0553112 0.943061 0.00214158
3 4.4 0.0328522 0.965956 0.00076599
3 4.6 0.0237854 0.975927 0.000357684
3 4.8 0.021743 0.978013 0.000277688
3 5 0.0256205 0.97409 0.000429646
3 5.2 0.0376855 0.9617 0.00100581
3 5.4 0.0666615 0.929986 0.00300371
3 5.6 0.140213 0.849044 0.0112159
3 5.8 0.322786 0.632352 0.0455561
3 6 0.565354 0.298707 0.137362
3 6.2 0.623877 0.114717 0.263048
3 6.4 0.544416 0.0488341 0.408252
3 6.6 0.414385 0.0246362 0.561766
3 6.8 0.284776 0.0150384 0.701005
3 7 0.181523 0.0112582 0.807636
3 7.2 0.110419 0.00982555 0.879571
3 7.4 0.0662159 0.00932956 0.923166
3 7.6 0.0408095 0.00918267 0.9492
3 7.8 0.0269108 0.00915711 0.963147
3 8 0.0197368 0.00917227 0.970344
3 8.2 0.0162981 0.00920332 0.97383
3 8.4 0.0149209 0.00927692 0.974414
3 8.6 0.0148301 0.00941063 0.975096
3 8.8 0.0156164 0.00968085 0.97403
3 9 0.017216 0.0102225 0.971901
3 9.2 0.0197994 0.0112895 0.968412
3 9.4 0.0235648 0.0134375 0.962669
3 9.6 0.0288411 0.0178655 0.953195
3 9.8 0.0397986 0.0321691 0.928092
3.12 0 0.0128908 0.00992828 0.976859
3.12 0.2 0.012863 0.00980984 0.97727
3.12 0.4 0.0128542 0.00955711 0.977677
3.12 0.6 0.012858 0.00939791 0.977779
3.12 0.8 0.012974 0.00929024 0.977586
3.12 1 0.0133797 0.0092269 0.97707
3.12 1.2 0.0143418 0.00918221 0.975902
3.12 1.4 0.0164501 0.00916252 0.973046
3.12 1.6 0.0207982 0.00914366 0.969301
3.12 1.8 0.0293854 0.00913837 0.960728
3.12 2 0.0456583 0.00917979 0.944669
3.12 2.2 0.075005 0.00935585 0.915285
3.12 2.4 0.124919 0.00994886 0.865108
3.12 2.6 0.203814 0.0116481 0.785002
3.12 2.8 0.314843 0.0160568 0.669915
3.12 3 0.449282 0.0270034 0.524895
3.12 3.2 0.576007 0.0544185 0.371664
3.12 3.4 0.641762 0.128453 0.232234
3.12 3.6 0.557536 0.32845 0.116157
3.12 3.8 0.307979 0.655328 0.037131
3.12 4 0.135077 0.855658 0.00924596
3.12 4.2 0.0654242 0.931785 0.00254636
3.12 4.4 0.037638 0.960336 0.000878856
3.12 4.6 0.0264749 0.972529 0.000398549
3.12 4.8 0.0239603 0.975095 0.000306056
3.12 5 0.0287528 0.970215 0.000482861
3.12 5.2 0.0436408 0.954857 0.00116732
3.12 5.4 0.0797036 0.915583 0.00361481
3.12 5.6 0.171334 0.814568 0.0137636
3.12 5.8 0.381224 0.565579 0.0536028
3.12 6 0.603058 0.252065 0.146242
3.12 6.2 0.633752 0.0987226 0.269063
3.12 6.4 0.543948 0.0436074 0.413897
3.12 6.6 0.410687 0.0227393 0.567355
3.12 6.8 0.280756 0.014307 0.705775
3.12 7 0.178347 0.0109698 0.811126
3.12 7.2 0.108289 0.00971038 0.881843
3.12 7.4 0.0649225 0.00928118 0.924524
3.12 7.6 0.0400766 0.00915939 0.949962
3.12 7.8 0.0265163 0.009143 0.963552
3.12 8 0.0195328 0.0091614 0.97055
3.12 8.2 0.0161959 0.00919357 0.973933
3.12 8.4 0.014871 0.0092676 0.974466
3.12 8.6 0.0148058 0.00940147 0.975132
3.12 8.8 0.0156046 0.00967167 0.974061
3.12 9 0.0172101 0.0102131 0.971929
3.12 9.2 0.0197963 0.0112796 0.968426
3.12 9.4 0.0235627 0.0134268 0.962638
3.12 9.6 0.0288383 0.0178545 0.953084
3.12 9.8 0.0397916 0.032161 0.928004
3.24 0 0.0128864 0.00990648 0.976981
3.24 0.2 0.0128595 0.00980508 0.977389
3.24 0.4 0.0128501 0.00955231 0.977821
3.24 0.6 0.0128506 0.00939248 0.97796
3.24 0.8 0.0129578 0.00928434 0.977803
3.24 1 0.013344 0.00922075 0.977331
3.24 1.2 0.0142646 0.00917581 0.976224
3.24 1.4 0.0162885 0.00915565 0.973471
3.24 1.6 0.0204712 0.00913534 0.969904
3.24 1.8 0.0287485 0.0091256 0.961655
3.24 2 0.0444698 0.00915427 0.946164
3.24 2.2 0.0729029 0.00929509 0.917726
3.24 2.4 0.121458 0.00979517 0.868995
3.24 2.6 0.19866 0.0112544 0.790809
3.24 2.8 0.308331 0.0150557 0.677695
3.24 3 0.443112 0.0244309 0.533863
3.24 3.2 0.574294 0.0473986 0.380572
3.24 3.4 0.653934 0.10741 0.241189
3.24 3.6 0.604239 0.270697 0.127335
3.24 3.8 0.372015 0.582912 0.0454187
3.24 4 0.167328 0.820379 0.0117277
3.24 4.2 0.0785332 0.917555 0.003141
3.24 4.4 0.0434179 0.953895 0.00104093
3.24 4.6 0.0294773 0.969016 0.000457511
3.24 4.8 0.0263463 0.972208 0.000347563
3.24 5 0.0323223 0.966097 0.000558914
3.24 5.2 0.0509747 0.946788 0.00139958
3.24 5.4 0.0968543 0.897025 0.00451402
3.24 5.6 0.212932 0.768824 0.0174552
3.24 5.8 0.449222 0.487567 0.063853
3.24 6 0.638112 0.206689 0.156734
3.24 6.2 0.640506 0.0833294 0.277845
3.24 6.4 0.540335 0.0383665 0.422938
3.24 6.6 0.404088 0.0207738 0.57615
3.24 6.8 0.274483 0.0135382 0.713073
3.24 7 0.173655 0.0106675 0.816389
3.24 7.2 0.105241 0.00959216 0.885286
3.24 7.4 0.0631139 0.00923398 0.926655
3.24 7.6 0.0390697 0.00913862 0.95126
3.24 7.8 0.0259832 0.00913169 0.964359
3.24 8 0.0192618 0.00915331 0.971087
3.24 8.2 0.0160633 0.00918651 0.974329
3.24 8.4 0.0148085 0.0092609 0.974791
3.24 8.6 0.0147772 0.00939491 0.975429
3.24 8.8 0.0155924 0.00966513 0.974345
3.24 9 0.0172059 0.0102065 0.972205
3.24 9.2 0.019796 0.0112727 0.968687
3.24 9.4 0.0235642 0.0134195 0.962865
3.24 9.6 0.0288391 0.0178473 0.953248
3.24 9.8 0.0397845 0.0321546 0.928025
3.36 0 0.0128821 0.00987541 0.977152
3.36 0.2 0.012856 0.0098008 0.97757
3.36 0.4 0.0128471 0.00954865 0.978121
3.36 0.6 0.0128442 0.00938868 0.97834
3.36 0.8 0.012941 0.00928028 0.978235
3.36 1 0.013304 0.00921655 0.977815
3.36 1.2 0.0141749 0.0091714 0.976781
3.36 1.4 0.016097 0.00915099 0.974156
3.36 1.6 0.0200792 0.0091294 0.970799
3.36 1.8 0.0279779 0.00911546 0.962941
3.36 2 0.0430187 0.00913167 0.948145
3.36 2.2 0.07031 0.0092375 0.920876
3.36 2.4 0.117132 0.00964502 0.873961
3.36 2.6 0.192081 0.0108663 0.79824
3.36 2.8 0.299712 0.0140736 0.687771
3.36 3 0.4342 0.0219576 0.545683
3.36 3.2 0.569383 0.0409054 0.392378
3.36 3.4 0.661888 0.0887589 0.252201
3.36 3.6 0.645088 0.218194 0.139328
3.36 3.8 0.444151 0.50101 0.0555755
3.36 4 0.208873 0.775153 0.0151787
3.36 4.2 0.0950178 0.899926 0.0039706
3.36 4.4 0.0501871 0.946607 0.00125845
3.36 4.6 0.0327248 0.965447 0.000534316
3.36 4.8 0.0288313 0.969417 0.000401239
3.36 5 0.0362617 0.961792 0.000658247
3.36 5.2 0.0597294 0.937422 0.00171385
3.36 5.4 0.118686 0.873655 0.00577192
3.36 5.6 0.265562 0.711131 0.0224737
3.36 5.8 0.519746 0.405912 0.0756105
3.36 6 0.667213 0.166426 0.168246
3.36 6.2 0.643478 0.0695995 0.288986
3.36 6.4 0.53367 0.0334712 0.434908
3.36 6.6 0.394932 0.0188748 0.587643
3.36 6.8 0.26632 0.0127838 0.722451
3.36 7 0.167729 0.0103705 0.823088
3.36 7.2 0.10146 0.00947771 0.889674
3.36 7.4 0.060898 0.00919005 0.929412
3.36 7.6 0.0378478 0.00912077 0.952998
3.36 7.8 0.0253419 0.00912301 0.965503
3.36 8 0.0189391 0.00914761 0.971903
3.36 8.2 0.0159074 0.00918169 0.974974
3.36 8.4 0.0147369 0.00925636 0.975349
3.36 8.6 0.014746 0.00939047 0.97595
3.36 8.8 0.0155807 0.00966071 0.974846
3.36 9 0.0172038 0.010202 0.972694
3.36 9.2 0.0197988 0.0112681 0.969161
3.36 9.4 0.0235699 0.0134147 0.963319
3.36 9.6 0.0288443 0.0178422 0.953648
3.36 9.8 0.0397776 0.0321494 0.928146
3.48 0 0.0128773 0.00985499 0.977315
3.48 0.2 0.0128519 0.0097977 0.977766
3.48 0.4 0.0128446 0.00954606 0.978497
3.48 0.6 0.0128382 0.00938614 0.978814
3.48 0.8 0.0129236 0.00927766 0.978768
3.48 1 0.0132606 0.0092139 0.978405
3.48 1.2 0.0140759 0.00916866 0.977451
3.48 1.4 0.015884 0.00914814 0.974975
3.48 1.6 0.0196406 0.00912552 0.971849
3.48 1.8 0.027111 0.00910783 0.964431
3.48 2 0.0413781 0.00911253 0.950421
3.48 2.2 0.067359 0.00918557 0.924484
3.48 2.4 0.112161 0.00950603 0.879663
3.48 2.6 0.184414 0.0105041 0.806837
3.48 2.8 0.289401 0.0131617 0.699577
3.48 3 0.422927 0.0197048 0.559762
3.48 3.2 0.561419 0.035209 0.406593
3.48 3.4 0.665243 0.0731499 0.264954
3.48 3.6 0.67733 0.174057 0.151708
3.48 3.8 0.516875 0.41765 0.0669469
3.48 4 0.259643 0.719983 0.0197275
3.48 4.2 0.115126 0.878619 0.00508404
3.48 4.4 0.0579048 0.938532 0.0015384
3.48 4.6 0.0361502 0.961909 0.000628998
3.48 4.8 0.0313552 0.966807 0.000466403
3.48 5 0.0404933 0.957399 0.000781507
3.48 5.2 0.0698836 0.926784 0.00212218
3.48 5.4 0.145516 0.845112 0.00745997
3.48 5.6 0.327883 0.642823 0.0288814
3.48 5.8 0.584757 0.329347 0.0879785
3.48 6 0.688746 0.133175 0.180454
3.48 6.2 0.642493 0.0580123 0.302118
3.48 6.4 0.524196 0.0291348 0.449273
3.48 6.6 0.383634 0.0171374 0.601229
3.48 6.8 0.256671 0.0120834 0.733364
3.48 7 0.160874 0.0100943 0.830793
3.48 7.2 0.0971404 0.00937251 0.89469
3.48 7.4 0.0583881 0.00915104 0.932563
3.48 7.6 0.0364723 0.00910609 0.954995
3.48 7.8 0.0246238 0.00911673 0.966832
3.48 8 0.0185797 0.00914395 0.972864
3.48 8.2 0.0157348 0.00917866 0.975741
3.48 8.4 0.0146585 0.00925353 0.976017
3.48 8.6 0.0147124 0.00938769 0.976573
3.48 8.8 0.0155688 0.00965793 0.975445
3.48 9 0.0172025 0.0101992 0.973278
3.48 9.2 0.0198028 0.0112651 0.969731
3.48 9.4 0.0235779 0.0134115 0.963881
3.48 9.6 0.0288531 0.0178386 0.954181
3.48 9.8 0.0397699 0.0321447 0.928322
3.6 0 0.0128711 0.00984547 0.977424
3.6 0.2 0.0128459 0.00979565 0.977876
3.6 0.4 0.012838 0.00954426 0.978601
3.6 0.6 0.0128272 0.0093844 0.978961
3.6 0.8 0.0129004 0.00927595 0.978965
3.6 1 0.0132097 0.00921229 0.978659
3.6 1.2 0.0139661 0.00916712 0.97779
3.6 1.4 0.0156525 0.0091466 0.975467
3.6 1.6 0.0191682 0.00912322 0.972592
3.6 1.8 0.0261794 0.00910238 0.965648
3.6 2 0.0396127 0.00909697 0.952484
3.6 2.2 0.0641711 0.00914082 0.927993
3.6 2.4 0.106751 0.00938324 0.885464
3.6 2.6 0.175963 0.0101815 0.815858
3.6 2.8 0.277772 0.012353 0.712283
3.6 3 0.409622 0.0177399 0.575275
3.6 3.2 0.550521 0.0304073 0.422544
3.6 3.4 0.663879 0.0606101 0.279065
3.6 3.6 0.699922 0.139099 0.164249
3.6 3.8 0.58198 0.341342 0.078685
3.6 4 0.317636 0.656677 0.0253755
3.6 4.2 0.13871 0.853626 0.00651947
3.6 4.4 0.066415 0.929722 0.00188562
3.6 4.6 0.0396488 0.958415 0.00074096
3.6 4.8 0.0338346 0.964372 0.000542003
3.6 5 0.0448852 0.952954 0.000928317
3.6 5.2 0.0812418 0.914954 0.00263266
3.6 5.4 0.176996 0.811575 0.00962421
3.6 5.6 0.395697 0.567983 0.0365035
3.6 5.8 0.638201 0.264158 0.100198
3.6 6 0.702283 0.107127 0.193148
3.6 6.2 0.637509 0.0486171 0.316763
3.6 6.4 0.512115 0.0254487 0.465293
3.6 6.6 0.370559 0.015617 0.616063
3.6 6.8 0.245907 0.0114625 0.744998
3.6 7 0.15337 0.0098491 0.838793
3.6 7.2 0.0924623 0.00928012 0.899722
3.6 7.4 0.0556873 0.00911786 0.935566
3.6 7.6 0.0349966 0.00909451 0.956755
3.6 7.8 0.0238538 0.00911245 0.967877
3.6 8 0.0181928 0.00914181 0.973514
3.6 8.2 0.0155468 0.00917688 0.976181
3.6 8.4 0.01457 0.00925188 0.976342
3.6 8.6 0.0146713 0.00938602 0.976857
3.6 8.8 0.0155499 0.00965622 0.975703
3.6 9 0.0171939 0.0101973 0.973521
3.6 9.2 0.0197985 0.0112631 0.969959
3.6 9.4 0.0235751 0.013409 0.964071
3.6 9.6 0.0288483 0.0178354 0.954272
3.6 9.8 0.0397544 0.0321396 0.928339
3.72 0 0.0128632 0.00984114 0.977493
3.72 0.2 0.0128381 0.00979444 0.977965
3.72 0.4 0.0128304 0.00954318 0.978755
3.72 0.6 0.0128147 0.0093834 0.979164
3.72 0.8 0.0128753 0.00927512 0.979213
3.72 1 0.0131563 0.00921167 0.978961
3.72 1.2 0.0138525 0.00916669 0.978177
3.72 1.4 0.0154147 0.00914628 0.976002
3.72 1.6 0.0186835 0.00912242 0.973389
3.72 1.8 0.0252234 0.00909911 0.966926
3.72 2 0.0377978 0.00908527 0.954627
3.72 2.2 0.0608826 0.00910423 0.93162
3.72 2.4 0.101136 0.0092796 0.891462
3.72 2.6 0.167103 0.0099062 0.825235
3.72 2.8 0.265357 0.011664 0.725629
3.72 3 0.394929 0.0160877 0.591822
3.72 3.2 0.537363 0.0264864 0.439839
3.72 3.4 0.658588 0.0508266 0.294336
3.72 3.6 0.71389 0.112568 0.17698
3.72 3.8 0.634632 0.277627 0.0901812
3.72 4 0.379059 0.589221 0.0319606
3.72 4.2 0.165189 0.825541 0.00829203
3.72 4.4 0.0754926 0.920388 0.00230124
3.72 4.6 0.0431201 0.955039 0.000868801
3.72 4.8 0.0362006 0.962152 0.000626584
3.72 5 0.0492989 0.948576 0.00109697
3.72 5.2 0.0934772 0.902256 0.00324645
3.72 5.4 0.212036 0.77418 0.0122646
3.72 5.6 0.462896 0.493099 0.0449328
3.72 5.8 0.678321 0.212631 0.111953
3.72 6 0.708968 0.087448 0.206321
3.72 6.2 0.629273 0.04122 0.332639
3.72 6.4 0.498106 0.022419 0.482541
3.72 6.6 0.356334 0.0143363 0.631771
3.72 6.8 0.234517 0.0109345 0.757142
3.72 7 0.145549 0.00964081 0.847069
3.72 7.2 0.0876289 0.00920275 0.904906
3.72 7.4 0.0529112 0.00909119 0.938662
3.72 7.6 0.0334842 0.00908616 0.958584
3.72 7.8 0.0230656 0.00911011 0.968978
3.72 8 0.0177967 0.0091411 0.974214
3.72 8.2 0.0153535 0.00917633 0.976667
3.72 8.4 0.0144779 0.00925131 0.976706
3.72 8.6 0.0146272 0.00938537 0.977179
3.72 8.8 0.015528 0.00965548 0.975999
3.72 9 0.0171817 0.0101964 0.973801
3.72 9.2 0.0197901 0.0112618 0.970225
3.72 9.4 0.0235684 0.0134071 0.964326
3.72 9.6 0.0288421 0.0178324 0.954487
3.72 9.8 0.0397343 0.0321336 0.928401
3.84 0 0.0128531 0.0098394 0.977526
3.84 0.2 0.0128266 0.00979405 0.978034
3.84 0.4 0.0128136 0.00954293 0.978972
3.84 0.6 0.0127915 0.00938338 0.979438
3.84 0.8 0.0128392 0.0092754 0.979522
3.84 1 0.0130922 0.00921227 0.979319
3.84 1.2 0.0137289 0.0091676 0.978616
3.84 1.4 0.0151682 0.0091474 0.976583
3.84 1.6 0.0181921 0.00912333 0.974227
3.84 1.8 0.0242631 0.00909823 0.968237
3.84 2 0.0359798 0.00907768 0.956787
3.84 2.2 0.0575835 0.00907634 0.935243
3.84 2.4 0.0954742 0.00919636 0.897443
3.84 2.6 0.158077 0.00968102 0.83462
3.84 2.8 0.252472 0.0110988 0.739112
3.84 3 0.37917 0.014744 0.60879
3.84 3.2 0.522176 0.0233713 0.457885
3.84 3.4 0.649628 0.0433608 0.310392
3.84 3.6 0.72014 0.0930064 0.189864
3.84 3.8 0.673113 0.227992 0.101131
3.84 4 0.438339 0.523108 0.0391337
3.84 4.2 0.193148 0.795673 0.01037
3.84 4.4 0.0846923 0.9109 0.00277778
3.84 4.6 0.0463894 0.95189 0.00100909
3.84 4.8 0.0383338 0.9602 0.000717515
3.84 5 0.053501 0.944429 0.00128278
3.84 5.2 0.105943 0.889262 0.00395059
3.84 5.4 0.248388 0.735055 0.0153045
3.84 5.6 0.522655 0.424997 0.053608
3.84 5.8 0.705434 0.173989 0.123171
3.84 6 0.709526 0.0729406 0.219847
3.84 6.2 0.618005 0.0355311 0.349285
3.84 6.4 0.482438 0.020002 0.5004
3.84 6.6 0.341295 0.013295 0.647758
3.84 6.8 0.222803 0.0105028 0.769338
3.84 7 0.137631 0.00947155 0.855314
3.84 7.2 0.0827763 0.00914138 0.910059
3.84 7.4 0.0501356 0.00907145 0.941753
3.84 7.6 0.0319725 0.00908125 0.96043
3.84 7.8 0.0222745 0.00910991 0.970113
3.84 8 0.0173942 0.00914201 0.974957
3.84 8.2 0.0151513 0.00917724 0.977199
3.84 8.4 0.0143751 0.00925206 0.977121
3.84 8.6 0.0145709 0.00938597 0.977546
3.84 8.8 0.0154923 0.00965596 0.976339
3.84 9 0.0171534 0.0101967 0.974124
3.84 9.2 0.0197623 0.0112616 0.970538
3.84 9.4 0.0235363 0.0134061 0.964658
3.84 9.6 0.0288033 0.0178298 0.954865
3.84 9.8 0.039698 0.0321271 0.928537
3.96 0 0.0128409 0.00983912 0.977503
3.96 0.2 0.0128132 0.00979452 0.977996
3.96 0.4 0.0127963 0.00954392 0.978901
3.96 0.6 0.0127678 0.00938487 0.979353
3.96 0.8 0.0128031 0.00927734 0.979451
3.96 1 0.0130292 0.00921462 0.979289
3.96 1.2 0.0136091 0.00917033 0.97866
3.96 1.4 0.014931 0.00915045 0.976761
3.96 1.6 0.0177207 0.00912641 0.97465
3.96 1.8 0.0233429 0.00910012 0.969111
3.96 2 0.0342367 0.00907456 0.958474
3.96 2.2 0.0544141 0.00905735 0.938335
3.96 2.4 0.0900126 0.00913346 0.902813
3.96 2.6 0.149304 0.0095049 0.843325
3.96 2.8 0.239777 0.0106522 0.751932
3.96 3 0.363272 0.0136859 0.625301
3.96 3.2 0.506116 0.0209598 0.475852
3.96 3.4 0.638433 0.0377722 0.326632
3.96 3.6 0.720919 0.0788732 0.20269
3.96 3.8 0.699308 0.191165 0.111408
3.96 4 0.49068 0.463734 0.0464289
3.96 4.2 0.220823 0.765977 0.0126621
3.96 4.4 0.0935324 0.901817 0.00329629
3.96 4.6 0.0493128 0.94915 0.00115588
3.96 4.8 0.0401514 0.95863 0.000810787
3.96 5 0.0572883 0.940763 0.0014775
3.96 5.2 0.117924 0.876784 0.00471423
3.96 5.4 0.283497 0.697018 0.0185851
3.96 5.6 0.571023 0.368388 0.0619897
3.96 5.8 0.722274 0.146074 0.133809
3.96 6 0.70593 0.0624449 0.233396
3.96 6.2 0.605048 0.0312503 0.366013
3.96 6.4 0.466212 0.0181287 0.518007
3.96 6.6 0.326292 0.0124773 0.663163
3.96 6.8 0.21135 0.0101637 0.780821
3.96 7 0.129975 0.0093406 0.862875
3.96 7.2 0.0781145 0.00909602 0.914612
3.96 7.4 0.0474783 0.00905889 0.944325
3.96 7.6 0.0305273 0.00908016 0.961813
3.96 7.8 0.0215183 0.00911225 0.97082
3.96 8 0.0170087 0.00914502 0.97529
3.96 8.2 0.0149567 0.00918009 0.97733
3.96 8.4 0.0142749 0.00925465 0.977146
3.96 8.6 0.0145147 0.00938838 0.977521
3.96 8.8 0.0154552 0.00965822 0.976289
3.96 9 0.0171228 0.0101988 0.974058
3.96 9.2 0.0197311 0.0112632 0.970456
3.96 9.4 0.0235011 0.0134068 0.964568
3.96 9.6 0.0287637 0.0178287 0.954805
3.96 9.8 0.0396555 0.03212 0.928571
4.08 0 0.0128265 0.00983957 0.977431
4.08 0.2 0.0127971 0.00979555 0.977852
4.08 0.4 0.0127749 0.00954593 0.978526
4.08 0.6 0.01274 0.00938768 0.97889
4.08 0.8 0.0127636 0.00928074 0.978979
4.08 1 0.0129648 0.00921849 0.978847
4.08 1.2 0.0134919 0.00917463 0.978285
4.08 1.4 0.0147049 0.00915516 0.97651
4.08 1.6 0.0172774 0.00913133 0.974627
4.08 1.8 0.0224828 0.00910442 0.969507
4.08 2 0.0326111 0.00907537 0.959625
4.08 2.2 0.0514577 0.00904638 0.940797
4.08 2.4 0.0849044 0.00908911 0.907417
4.08 2.6 0.141048 0.00937358 0.851099
4.08 2.8 0.227686 0.010313 0.763705
4.08 3 0.347815 0.0128803 0.640834
4.08 3.2 0.489881 0.0191446 0.493154
4.08 3.4 0.625818 0.0336765 0.342573
4.08 3.6 0.7176 0.0688525 0.21525
4.08 3.8 0.715326 0.164841 0.121
4.08 4 0.532488 0.414797 0.0534243
4.08 4.2 0.245937 0.7387 0.015033
4.08 4.4 0.101333 0.893794 0.00382863
4.08 4.6 0.0516735 0.947024 0.00130165
4.08 4.8 0.041517 0.957568 0.000901674
4.08 5 0.0603736 0.937851 0.00167059
4.08 5.2 0.128464 0.865752 0.00549297
4.08 5.4 0.314442 0.662969 0.0219016
4.08 5.6 0.606439 0.324909 0.0697323
4.08 5.8 0.731023 0.126529 0.143853
4.08 6 0.699321 0.0550039 0.246667
4.08 6.2 0.591175 0.0281083 0.382294
4.08 6.4 0.450096 0.0167218 0.534789
4.08 6.6 0.311858 0.0118584 0.677504
4.08 6.8 0.200522 0.00990868 0.791251
4.08 7 0.122809 0.00924454 0.869536
4.08 7.2 0.0737719 0.0090652 0.918437
4.08 7.4 0.0450076 0.00905276 0.9463
4.08 7.6 0.0291827 0.00908239 0.962683
4.08 7.8 0.0208122 0.00911679 0.971062
4.08 8 0.0166459 0.0091498 0.975187
4.08 8.2 0.0147703 0.00918458 0.97704
4.08 8.4 0.0141755 0.00925883 0.976758
4.08 8.6 0.0144556 0.00939234 0.977089
4.08 8.8 0.015413 0.00966202 0.975837
4.08 9 0.0170853 0.0102023 0.973591
4.08 9.2 0.0196916 0.0112663 0.96997
4.08 9.4 0.023455 0.0134089 0.964042
4.08 9.6 0.02871 0.0178287 0.95426
4.08 9.8 0.0396002 0.032111 0.928451
4.2 0 0.0128097 0.00983997 0.977346
4.2 0.2 0.0127791 0.00979656 0.977708
4.2 0.4 0.0127529 0.00954836 0.978214
4.2 0.6 0.0127124 0.00939115 0.978495
4.2 0.8 0.0127254 0.0092849 0.978567
4.2 1 0.0129041 0.00922318 0.978459
4.2 1.2 0.0133837 0.00917977 0.977955
4.2 1.4 0.0144983 0.00916076 0.976289
4.2 1.6 0.0168747 0.0091373 0.974611
4.2 1.8 0.0217036 0.00911022 0.969867
4.2 2 0.0311399 0.009079 0.960665
4.2 2.2 0.0487811 0.00904182 0.94302
4.2 2.4 0.0802686 0.00906041 0.911585
4.2 2.6 0.133518 0.00928088 0.858171
4.2 2.8 0.216549 0.0100664 0.774507
4.2 3 0.333337 0.0122902 0.655273
4.2 3.2 0.474221 0.0178238 0.509515
4.2 3.4 0.612788 0.0307592 0.357906
4.2 3.6 0.711792 0.0619244 0.22738
4.2 3.8 0.723953 0.146708 0.129935
4.2 4 0.56306 0.377681 0.059837
4.2 4.2 0.266802 0.715875 0.0173307
4.2 4.4 0.107634 0.887441 0.00434195
4.2 4.6 0.0533795 0.945691 0.00143845
4.2 4.8 0.0423957 0.957124 0.000985508
4.2 5 0.062621 0.935926 0.00185089
4.2 5.2 0.136903 0.857013 0.00623633
4.2 5.4 0.339311 0.635255 0.0250465
4.2 5.6 0.630248 0.293845 0.0766899
4.2 5.8 0.734204 0.113318 0.153297
4.2 6 0.691066 0.0498791 0.259443
4.2 6.2 0.577296 0.0258773 0.397815
4.2 6.4 0.434773 0.0157046 0.550509
4.2 6.6 0.298467 0.0114095 0.690727
4.2 6.8 0.19062 0.00972599 0.800755
4.2 7 0.116307 0.00917841 0.87556
4.2 7.2 0.0698475 0.00904651 0.921881
4.2 7.4 0.0427786 0.00905165 0.948075
4.2 7.6 0.0279694 0.00908693 0.963465
4.2 7.8 0.0201741 0.00912264 0.971282
4.2 8 0.0163165 0.00915556 0.975098
4.2 8.2 0.0145996 0.00918993 0.976783
4.2 8.4 0.0140829 0.00926383 0.976416
4.2 8.6 0.0143988 0.00939711 0.976707
4.2 8.8 0.0153709 0.00966659 0.975439
4.2 9 0.0170466 0.0102066 0.973183
4.2 9.2 0.0196498 0.0112699 0.969547
4.2 9.4 0.023406 0.0134115 0.963604
4.2 9.6 0.0286525 0.0178283 0.953854
4.2 9.8 0.039533 0.0320975 0.928396
4.32 0 0.0127901 0.00983934 0.977275
4.32 0.2 0.0127586 0.00979668 0.977595
4.32 0.4 0.0127297 0.00955047 0.977998
4.32 0.6 0.0126846 0.00939453 0.97822
4.32 0.8 0.0126885 0.00928903 0.978276
4.32 1 0.0128474 0.00922783 0.978185
4.32 1.2 0.013285 0.00918486 0.977729
4.32 1.4 0.0143132 0.00916631 0.976157
4.32 1.6 0.0165171 0.00914331 0.974656
4.32 1.8 0.0210148 0.00911642 0.970241
4.32 2 0.0298422 0.00908411 0.961634
4.32 2.2 0.0464206 0.00904174 0.94503
4.32 2.4 0.0761742 0.00904398 0.915309
4.32 2.6 0.12684 0.0092198 0.86448
4.32 2.8 0.20659 0.00989687 0.784183
4.32 3 0.320203 0.0118787 0.668335
4.32 3.2 0.459661 0.0169059 0.524538
4.32 3.4 0.60004 0.028769 0.372218
4.32 3.6 0.704573 0.0573314 0.238798
4.32 3.8 0.727255 0.134835 0.13814
4.32 4 0.583108 0.351951 0.0654811
4.32 4.2 0.282154 0.698913 0.0194016
4.32 4.4 0.112041 0.883153 0.0048012
4.32 4.6 0.0543499 0.94519 0.00155816
4.32 4.8 0.0427542 0.957281 0.00105767
4.32 5 0.0639187 0.935064 0.00200715
4.32 5.2 0.142706 0.851126 0.00689197
4.32 5.4 0.356894 0.61529 0.0278262
4.32 5.6 0.644432 0.273402 0.082781
4.32 5.8 0.733577 0.104854 0.162019
4.32 6 0.682081 0.0465166 0.271394
4.32 6.2 0.564044 0.02437 0.412163
4.32 6.4 0.420712 0.0150062 0.564807
4.32 6.6 0.286432 0.0111013 0.702593
4.32 6.8 0.181827 0.00960307 0.809215
4.32 7 0.110573 0.0091365 0.880909
4.32 7.2 0.066397 0.00903711 0.924952
4.32 7.4 0.0408206 0.00905385 0.949681
4.32 7.6 0.0269025 0.00909252 0.964204
4.32 7.8 0.0196111 0.00912873 0.971531
4.32 8 0.0160241 0.00916131 0.975076
4.32 8.2 0.014446 0.0091952 0.976618
4.32 8.4 0.0139975 0.00926873 0.976177
4.32 8.6 0.0143443 0.00940175 0.976437
4.32 8.8 0.0153285 0.00967095 0.975157
4.32 9 0.0170062 0.0102105 0.972894
4.32 9.2 0.0196051 0.011273 0.969253
4.32 9.4 0.023353 0.0134131 0.963315
4.32 9.6 0.0285887 0.0178262 0.953622
4.32 9.8 0.0394499 0.0320764 0.928426
4.44 0 0.0127664 0.00983643 0.977224
4.44 0.2 0.0127345 0.00979461 0.977521
4.44 0.4 0.0127042 0.00955094 0.977863
4.44 0.6 0.0126556 0.00939638 0.978047
4.44 0.8 0.0126517 0.00929158 0.978092
4.44 1 0.0127936 0.00923086 0.978012
4.44 1.2 0.0131953 0.00918829 0.977593
4.44 1.4 0.0141492 0.00917017 0.976098
4.44 1.6 0.0162052 0.00914767 0.974746
4.44 1.8 0.0204192 0.00912122 0.97061
4.44 2 0.0287246 0.00908866 0.962512
4.44 2.2 0.044391 0.00904351 0.946799
4.44 2.4 0.072652 0.00903573 0.918553
4.44 2.6 0.121077 0.00918264 0.869958
4.44 2.8 0.197937 0.0097881 0.792609
4.44 3 0.308649 0.0116103 0.679804
4.44 3.2 0.446577 0.0163093 0.537901
4.44 3.4 0.588102 0.0275039 0.385148
4.44 3.6 0.696743 0.0545115 0.249221
4.44 3.8 0.726806 0.127725 0.145507
4.44 4 0.594127 0.336217 0.0702501
4.44 4.2 0.291444 0.688423 0.0211199
4.44 4.4 0.114367 0.881074 0.00517655
4.44 4.6 0.0545675 0.945484 0.00165424
4.44 4.8 0.0426002 0.957978 0.00111461
4.44 5 0.0642424 0.935234 0.00213044
4.44 5.2 0.145639 0.848295 0.00741673
4.44 5.4 0.366881 0.603484 0.0300919
4.44 5.6 0.651008 0.261611 0.0879555
4.44 5.8 0.730432 0.0999588 0.169868
4.44 6 0.673042 0.0444991 0.28222
4.44 6.2 0.551886 0.0234309 0.424994
4.44 6.4 0.408233 0.0145619 0.577403
4.44 6.6 0.275942 0.0109053 0.712927
4.44 6.8 0.174244 0.00952682 0.816534
4.44 7 0.105654 0.00911242 0.885532
4.44 7.2 0.063443 0.00903342 0.927619
4.44 7.4 0.0391439 0.00905694 0.951096
4.44 7.6 0.0259864 0.00909721 0.96488
4.44 7.8 0.019125 0.0091333 0.971789
4.44 8 0.0157687 0.00916535 0.975107
4.44 8.2 0.014309 0.00919872 0.976528
4.44 8.4 0.0139184 0.00927188 0.976029
4.44 8.6 0.0142911 0.00940457 0.976265
4.44 8.8 0.0152846 0.00967337 0.974978
4.44 9 0.0169624 0.0102122 0.972713
4.44 9.2 0.0195556 0.0112734 0.969075
4.44 9.4 0.0232934 0.0134115 0.963157
4.44 9.6 0.028515 0.0178195 0.953523
4.44 9.8 0.0393465 0.0320433 0.92853
4.56 0 0.0127374 0.00982962 0.977193
4.56 0.2 0.0127055 0.00978813 0.977479
4.56 0.4 0.0126749 0.00954525 0.977791
4.56 0.6 0.0126237 0.00939152 0.977952
4.56 0.8 0.0126135 0.00928728 0.977988
4.56 1 0.0127411 0.00922697 0.977915
4.56 1.2 0.0131127 0.00918474 0.977523
4.56 1.4 0.0140045 0.00916702 0.976087
4.56 1.6 0.0159369 0.00914501 0.974856
4.56 1.8 0.0199139 0.00911913 0.97095
4.56 2 0.0277837 0.00908693 0.963277
4.56 2.2 0.0426885 0.00904078 0.94831
4.56 2.4 0.0696999 0.0090277 0.921302
4.56 2.6 0.116239 0.00915755 0.87459
4.56 2.8 0.190631 0.00971919 0.799749
4.56 3 0.298793 0.0114434 0.689587
4.56 3.2 0.43521 0.0159468 0.549432
4.56 3.4 0.577363 0.0267684 0.396463
4.56 3.6 0.688918 0.0529803 0.258442
4.56 3.8 0.723807 0.124127 0.151934
4.56 4 0.597797 0.328588 0.0740926
4.56 4.2 0.294817 0.683941 0.0224048
4.56 4.4 0.114654 0.88083 0.00544861
4.56 4.6 0.054084 0.946263 0.00172273
4.56 4.8 0.0419832 0.958931 0.00115435
4.56 5 0.0636612 0.936089 0.0022156
4.56 5.2 0.145792 0.848077 0.00778407
4.56 5.4 0.369724 0.599095 0.0317554
4.56 5.6 0.651719 0.256525 0.0921847
4.56 5.8 0.725729 0.0976649 0.176722
4.56 6 0.664465 0.0434557 0.291711
4.56 6.2 0.541148 0.0229047 0.436104
4.56 6.4 0.397522 0.0143008 0.588164
4.56 6.6 0.267077 0.0107871 0.721667
4.56 6.8 0.16789 0.00947959 0.822691
4.56 7 0.101549 0.00909577 0.889418
4.56 7.2 0.0609799 0.0090281 0.92987
4.56 7.4 0.0377434 0.00905484 0.952304
4.56 7.6 0.0252174 0.00909538 0.965471
4.56 7.8 0.0187129 0.00913091 0.972033
4.56 8 0.0155481 0.00916233 0.975163
4.56 8.2 0.0141866 0.00919517 0.976487
4.56 8.4 0.0138437 0.00926788 0.975945
4.56 8.6 0.0142371 0.00940009 0.976165
4.56 8.8 0.0152371 0.00966812 0.974875
4.56 9 0.016913 0.0102055 0.972615
4.56 9.2 0.0194985 0.0112643 0.968989
4.56 9.4 0.023224 0.0133976 0.9631
4.56 9.6 0.0284279 0.0177956 0.953527
4.56 9.8 0.0392178 0.0319873 0.928698
4.68 0 0.0127016 0.00981724 0.977182
4.68 0.2 0.0126697 0.00977612 0.977462
4.68 0.4 0.0126395 0.00953473 0.977762
4.68 0.6 0.0125864 0.00938171 0.977908
4.68 0.8 0.0125709 0.00927787 0.977934
4.68 1 0.0126868 0.00921784 0.977862
4.68 1.2 0.0130339 0.0091759 0.977487
4.68 1.4 0.0138751 0.00915849 0.976094
4.68 1.6 0.0157069 0.00913695 0.974956
4.68 1.8 0.0194913 0.00911175 0.971236
4.68 2 0.027007 0.00908038 0.963909
4.68 2.2 0.0412926 0.00903471 0.949553
4.68 2.4 0.0672861 0.00902028 0.92356
4.68 2.6 0.112281 0.00914301 0.878393
4.68 2.8 0.184629 0.00968436 0.805625
4.68 3 0.290619 0.0113633 0.697688
4.68 3.2 0.425623 0.0157844 0.559076
4.68 3.4 0.568008 0.0264818 0.40605
4.68 3.6 0.681468 0.0525195 0.266335
4.68 3.8 0.71908 0.123398 0.157354
4.68 4 0.595641 0.327839 0.0769973
4.68 4.2 0.29296 0.685183 0.023227
4.68 4.4 0.113151 0.882437 0.00561123
4.68 4.6 0.0530084 0.947563 0.00176287
4.68 4.8 0.0409867 0.960169 0.00117677
4.68 5 0.0623211 0.937653 0.002262
4.68 5.2 0.143537 0.850403 0.00798776
4.68 5.4 0.366408 0.601541 0.0327922
4.68 5.6 0.647931 0.257016 0.0954617
4.68 5.8 0.720097 0.0975006 0.182503
4.68 6 0.656633 0.0432256 0.299758
4.68 6.2 0.531958 0.0227288 0.445412
4.68 6.4 0.388601 0.0141956 0.59707
4.68 6.6 0.259799 0.0107352 0.728836
4.68 6.8 0.162713 0.00945716 0.827718
4.68 7 0.0982142 0.00908573 0.892585
4.68 7.2 0.0589775 0.00902182 0.931706
4.68 7.4 0.0366002 0.00904879 0.95329
4.68 7.6 0.0245839 0.00908853 0.965956
4.68 7.8 0.0183676 0.00912317 0.972236
4.68 8 0.0153573 0.00915387 0.975215
4.68 8.2 0.0140748 0.00918619 0.976465
4.68 8.4 0.0137701 0.00925844 0.975893
4.68 8.6 0.0141792 0.00939006 0.976106
4.68 8.8 0.0151828 0.00965707 0.97482
4.68 9 0.0168545 0.0101926 0.972569
4.68 9.2 0.0194296 0.0112478 0.968963
4.68 9.4 0.0231395 0.0133749 0.963112
4.68 9.6 0.0283216 0.0177603 0.953603
4.68 9.8 0.0390582 0.0319057 0.928926
4.8 0 0.0126574 0.00979716 0.977194
4.8 0.2 0.012625 0.00975585 0.97747
4.8 0.4 0.0125923 0.00951433 0.977757
4.8 0.6 0.0125369 0.0093614 0.977891
4.8 0.8 0.0125171 0.00925777 0.977907
4.8 1 0.0126238 0.00919795 0.977831
4.8 1.2 0.0129513 0.00915623 0.977463
4.8 1.4 0.0137524 0.00913908 0.976099
4.8 1.6 0.0155046 0.00911798 0.975031
4.8 1.8 0.0191364 0.00909352 0.971455
4.8 2 0.0263718 0.00906331 0.964404
4.8 2.2 0.0401663 0.0090192 0.950535
4.8 2.4 0.0653495 0.00900639 0.925351
4.8 2.6 0.109106 0.00912957 0.881417
4.8 2.8 0.179787 0.00966858 0.810313
4.8 3 0.283948 0.0113425 0.704188
4.8 3.2 0.417623 0.0157682 0.566887
4.8 3.4 0.559872 0.026532 0.413907
4.8 3.6 0.674332 0.0528697 0.272863
4.8 3.8 0.712921 0.124863 0.161745
4.8 4 0.58876 0.332446 0.0789932
4.8 4.2 0.286827 0.690786 0.0236079
4.8 4.4 0.110219 0.885146 0.00567139
4.8 4.6 0.0514772 0.94889 0.00177697
4.8 4.8 0.039707 0.961251 0.00118355
4.8 5 0.0604045 0.939378 0.00227333
4.8 5.2 0.139393 0.854349 0.0080411
4.8 5.4 0.358118 0.609212 0.0332397
4.8 5.6 0.640492 0.26181 0.0978136
4.8 5.8 0.713669 0.0989557 0.187196
4.8 6 0.649421 0.0436071 0.306348
4.8 6.2 0.524118 0.0228122 0.452952
4.8 6.4 0.38126 0.0142021 0.6042
4.8 6.6 0.253924 0.0107266 0.734529
4.8 6.8 0.158576 0.00944654 0.83169
4.8 7 0.0955593 0.00907373 0.895082
4.8 7.2 0.0573803 0.00900787 0.933149
4.8 7.4 0.0356809 0.00903287 0.954059
4.8 7.6 0.0240654 0.009071 0.966326
4.8 7.8 0.0180753 0.00910451 0.972382
4.8 8 0.0151863 0.00913446 0.975244
4.8 8.2 0.0139655 0.00916626 0.976441
4.8 8.4 0.01369 0.00923801 0.975852
4.8 8.6 0.01411 0.00936887 0.976066
4.8 8.8 0.0151138 0.00963447 0.97479
4.8 9 0.0167781 0.0101672 0.972556
4.8 9.2 0.0193386 0.0112172 0.968978
4.8 9.4 0.0230258 0.0133339 0.963171
4.8 9.6 0.0281765 0.0176992 0.95373
4.8 9.8 0.0388578 0.0317844 0.929223
4.92 0 0.0126042 0.00976694 0.977231
4.92 0.2 0.0125712 0.00972498 0.977504
4.92 0.4 0.0125366 0.00948198 0.977783
4.92 0.6 0.0124793 0.00932869 0.977909
4.92 0.8 0.0124562 0.00922518 0.977915
4.92 1 0.0125558 0.00916551 0.977831
4.92 1.2 0.0128683 0.00912398 0.977462
4.92 1.4 0.0136387 0.00910704 0.976113
4.92 1.6 0.0153299 0.00908634 0.975094
4.92 1.8 0.0188452 0.00906265 0.971627
4.92 2 0.0258664 0.00903379 0.964785
4.92 2.2 0.0392857 0.00899199 0.951292
4.92 2.4 0.0638478 0.00898289 0.926733
4.92 2.6 0.10665 0.00911198 0.883751
4.92 2.8 0.176029 0.00966184 0.813933
4.92 3 0.278722 0.0113606 0.709231
4.92 3.2 0.411243 0.0158558 0.572999
4.92 3.4 0.553152 0.0268292 0.420127
4.92 3.6 0.667938 0.0538267 0.278071
4.92 3.8 0.706107 0.127998 0.165139
4.92 4 0.578599 0.341128 0.0801492
4.92 4.2 0.277762 0.699481 0.0236086
4.92 4.4 0.106361 0.888538 0.00564589
4.92 4.6 0.0496738 0.950155 0.00176955
4.92 4.8 0.0382719 0.962144 0.00117755
4.92 5 0.0581506 0.941117 0.00225625
4.92 5.2 0.134058 0.859294 0.00797159
4.92 5.4 0.346482 0.620556 0.0331839
4.92 5.6 0.630639 0.269857 0.099306
4.92 5.8 0.70709 0.10163 0.190841
4.92 6 0.643174 0.0444394 0.31155
4.92 6.2 0.517763 0.0230821 0.458843
4.92 6.4 0.375488 0.0142855 0.609709
4.92 6.6 0.249378 0.0107447 0.738894
4.92 6.8 0.1554 0.00943946 0.834725
4.92 7 0.0935237 0.00905534 0.896988
4.92 7.2 0.0561505 0.00898347 0.934252
4.92 7.4 0.034965 0.00900493 0.954645
4.92 7.6 0.0236524 0.00904092 0.966603
4.92 7.8 0.0178332 0.00907314 0.972486
4.92 8 0.0150357 0.00910231 0.975261
4.92 8.2 0.0138612 0.00913362 0.976422
4.92 8.4 0.0136071 0.00920479 0.975828
4.92 8.6 0.0140338 0.00933474 0.976052
4.92 8.8 0.0150352 0.00959852 0.974794
4.92 9 0.0166898 0.0101276 0.972584
4.92 9.2 0.0192327 0.0111702 0.969044
4.92 9.4 0.022893 0.0132719 0.963289
4.92 9.6 0.0280068 0.017608 0.953925
4.92 9.8 0.0386192 0.0316125 0.929616
5.04 0 0.0125415 0.00972363 0.977293
5.04 0.2 0.0125083 0.0096812 0.977566
5.04 0.4 0.0124724 0.00943777 0.977841
5.04 0.6 0.0124138 0.00928441 0.977962
5.04 0.8 0.0123883 0.00918108 0.977958
5.04 1 0.0124827 0.00912157 0.977863
5.04 1.2 0.0127842 0.00908021 0.977487
5.04 1.4 0.0135319 0.00906341 0.97614
5.04 1.6 0.0151785 0.00904309 0.975153
5.04 1.8 0.0186084 0.00902016 0.971763
5.04 2 0.0254726 0.00899277 0.965075
5.04 2.2 0.0386163 0.00895374 0.95186
5.04 2.4 0.0627209 0.00894975 0.927764
5.04 2.6 0.104814 0.00908858 0.885489
5.04 2.8 0.173213 0.00965867 0.816633
5.04 3 0.27477 0.011404 0.713008
5.04 3.2 0.406326 0.0160161 0.577618
5.04 3.4 0.547778 0.0273049 0.424884
5.04 3.6 0.662384 0.055233 0.282079
5.04 3.8 0.699072 0.132392 0.167626
5.04 4 0.566322 0.352825 0.0805803
5.04 4.2 0.26704 0.710302 0.0233181
5.04 4.4 0.102043 0.892615 0.00555767
5.04 4.6 0.0477627 0.951688 0.00174651
5.04 4.8 0.0367928 0.963226 0.00116243
5.04 5 0.0557723 0.943148 0.00221921
5.04 5.2 0.128177 0.865038 0.00781511
5.04 5.4 0.333012 0.634293 0.0327465
5.04 5.6 0.619315 0.280284 0.100051
5.04 5.8 0.700672 0.105205 0.193541
5.04 6 0.637923 0.0455976 0.31551
5.04 6.2 0.512781 0.0234833 0.463284
5.04 6.4 0.371112 0.0144209 0.613812
5.04 6.6 0.24599 0.0107785 0.742118
5.04 6.8 0.15305 0.00943189 0.836959
5.04 7 0.0920195 0.00902949 0.898395
5.04 7.2 0.0552354 0.00894885 0.93507
5.04 7.4 0.034423 0.00896575 0.955083
5.04 7.6 0.0233295 0.00899926 0.96681
5.04 7.8 0.0176337 0.00903008 0.972563
5.04 8 0.014902 0.00905847 0.975274
5.04 8.2 0.0137606 0.00908929 0.976413
5.04 8.4 0.013521 0.00915982 0.975821
5.04 8.6 0.0139509 0.00928873 0.976063
5.04 8.8 0.0149478 0.00955034 0.974832
5.04 9 0.0165906 0.0100749 0.972655
5.04 9.2 0.0191133 0.0111083 0.969161
5.04 9.4 0.0227428 0.0131912 0.963467
5.04 9.6 0.0278137 0.0174896 0.954196
5.04 9.8 0.0383411 0.0313808 0.930117
5.16 0 0.0124694 0.00966336 0.977383
5.16 0.2 0.0124361 0.00962072 0.977657
5.16 0.4 0.0123996 0.00937811 0.977935
5.16 0.6 0.0123402 0.0092252 0.978053
5.16 0.8 0.0123132 0.00912223 0.978039
5.16 1 0.012404 0.00906297 0.977935
5.16 1.2 0.0126979 0.00902179 0.977545
5.16 1.4 0.0134299 0.00900508 0.97619
5.16 1.6 0.0150454 0.00898511 0.97522
5.16 1.8 0.018416 0.00896293 0.97188
5.16 2 0.0251707 0.00893704 0.965298
5.16 2.2 0.0381216 0.00890105 0.952279
5.16 2.4 0.0619034 0.00890302 0.928513
5.16 2.6 0.103491 0.009054 0.886743
5.16 2.8 0.171176 0.00965038 0.818578
5.16 3 0.271877 0.0114561 0.715743
5.16 3.2 0.402641 0.0162156 0.580996
5.16 3.4 0.543569 0.0278876 0.428407
5.16 3.6 0.657631 0.056922 0.28506
5.16 3.8 0.692091 0.1376 0.169337
5.16 4 0.55294 0.366356 0.0804375
5.16 4.2 0.255775 0.722075 0.0228365
5.16 4.4 0.0976645 0.897046 0.00543111
5.16 4.6 0.045881 0.953465 0.00171402
5.16 4.8 0.0353611 0.964529 0.00114191
5.16 5 0.0534452 0.945401 0.00217077
5.16 5.2 0.122288 0.871086 0.00760878
5.16 5.4 0.319034 0.648985 0.0320636
5.16 5.6 0.60732 0.292117 0.1002
5.16 5.8 0.694579 0.109335 0.195441
5.16 6 0.633574 0.0469491 0.318423
5.16 6.2 0.508963 0.0239577 0.46652
5.16 6.4 0.367892 0.0145807 0.616759
5.16 6.6 0.243552 0.0108146 0.744413
5.16 6.8 0.151379 0.00941639 0.838546
5.16 7 0.0909505 0.0089914 0.8994
5.16 7.2 0.0545783 0.0089003 0.935664
5.16 7.4 0.0340238 0.00891205 0.95541
5.16 7.6 0.0230803 0.00894287 0.966972
5.16 7.8 0.0174685 0.00897227 0.972633
5.16 8 0.0147813 0.00899986 0.975298
5.16 8.2 0.0136619 0.00903017 0.976425
5.16 8.4 0.0134311 0.00909999 0.975841
5.16 8.6 0.0138613 0.00922768 0.976105
5.16 8.8 0.0148518 0.00948673 0.974907
5.16 9 0.0164813 0.0100059 0.972772
5.16 9.2 0.0189814 0.0110281 0.969331
5.16 9.4 0.0225763 0.0130876 0.963709
5.16 9.6 0.0275976 0.017337 0.954549
5.16 9.8 0.0380238 0.0310727 0.930735
5.28 0 0.0123883 0.00958129 0.977502
5.28 0.2 0.0123552 0.00953858 0.977783
5.28 0.4 0.0123184 0.0092979 0.978067
5.28 0.6 0.0122587 0.00914603 0.978184
5.28 0.8 0.0122309 0.00904366 0.978161
5.28 1 0.0123196 0.00898477 0.978048
5.28 1.2 0.0126086 0.00894384 0.977643
5.28 1.4 0.0133305 0.0089272 0.97627
5.28 1.6 0.014926 0.00890756 0.975307
5.28 1.8 0.0182581 0.00888609 0.971994
5.28 2 0.0249413 0.00886171 0.965481
5.28 2.2 0.0377647 0.0088289 0.952595
5.28 2.4 0.0613296 0.00883722 0.92905
5.28 2.6 0.10257 0.00900161 0.887626
5.28 2.8 0.16975 0.00962737 0.819947
5.28 3 0.269817 0.0115004 0.717675
5.28 3.2 0.399938 0.0164215 0.583412
5.28 3.4 0.540319 0.0285073 0.430964
5.28 3.6 0.653607 0.058727 0.287228
5.28 3.8 0.685411 0.143163 0.170444
5.28 4 0.539411 0.380534 0.0799022
5.28 4.2 0.244875 0.733747 0.0222617
5.28 4.4 0.0935299 0.901471 0.00528856
5.28 4.6 0.0441309 0.955359 0.00167759
5.28 4.8 0.0340433 0.965965 0.00111929
5.28 5 0.0512981 0.947713 0.0021185
5.28 5.2 0.116796 0.876963 0.00738587
5.28 5.4 0.305636 0.663361 0.0312684
5.28 5.6 0.595411 0.304366 0.099933
5.28 5.8 0.688949 0.113664 0.196722
5.28 6 0.630004 0.048362 0.320523
5.28 6.2 0.50608 0.0244484 0.468828
5.28 6.4 0.365579 0.0147382 0.618825
5.28 6.6 0.241852 0.0108389 0.746002
5.28 6.8 0.150233 0.00938451 0.839644
5.28 7 0.0902197 0.00893489 0.900106
5.28 7.2 0.0541226 0.00883251 0.936096
5.28 7.4 0.033736 0.00883883 0.955665
5.28 7.6 0.0228886 0.00886693 0.967116
5.28 7.8 0.0173298 0.00889491 0.972716
5.28 8 0.0146701 0.00892169 0.975352
5.28 8.2 0.0135637 0.00895147 0.976474
5.28 8.4 0.0133373 0.00902047 0.9759
5.28 8.6 0.0137653 0.0091467 0.976187
5.28 8.8 0.0147479 0.00940271 0.975022
5.28 9 0.0163628 0.00991542 0.972935
5.28 9.2 0.0188387 0.0109241 0.969556
5.28 9.4 0.0223957 0.0129544 0.964015
5.28 9.6 0.0273609 0.0171409 0.954979
5.28 9.8 0.0376707 0.0306697 0.931479
5.4 0 0.0122993 0.00947181 0.977661
5.4 0.2 0.0122666 0.00942876 0.97796
5.4 0.4 0.0122299 0.00919088 0.978265
5.4 0.6 0.0121702 0.00904058 0.978388
5.4 0.8 0.0121422 0.00893918 0.978368
5.4 1 0.0122299 0.00888079 0.978241
5.4 1.2 0.0125162 0.00884014 0.977814
5.4 1.4 0.0132323 0.00882365 0.976421
5.4 1.6 0.0148162 0.00880436 0.975462
5.4 1.8 0.0181255 0.00878357 0.972161
5.4 2 0.0247653 0.00876065 0.965686
5.4 2.2 0.0375094 0.00873102 0.952882
5.4 2.4 0.0609351 0.00874572 0.929484
5.4 2.6 0.101945 0.0089236 0.888286
5.4 2.8 0.168775 0.00957887 0.82094
5.4 3 0.268377 0.0115188 0.719061
5.4 3.2 0.397979 0.0165988 0.585161
5.4 3.4 0.537835 0.0290887 0.432843
5.4 3.6 0.650261 0.0604677 0.288825
5.4 3.8 0.679314 0.14859 0.171149
5.4 4 0.526653 0.394191 0.0791752
5.4 4.2 0.235009 0.744474 0.0216798
5.4 4.4 0.0898364 0.905561 0.00514789
5.4 4.6 0.0425716 0.957195 0.00164136
5.4 4.8 0.0328744 0.967386 0.00109693
5.4 5 0.0494051 0.949894 0.00206801
5.4 5.2 0.111958 0.88228 0.00717255
5.4 5.4 0.293628 0.67641 0.0304785
5.4 5.6 0.58434 0.316043 0.0994548
5.4 5.8 0.683949 0.11781 0.197596
5.4 6 0.627115 0.0496947 0.322062
5.4 6.2 0.503922 0.024895 0.470503
5.4 6.4 0.363939 0.0148644 0.620296
5.4 6.6 0.240689 0.0108361 0.747122
5.4 6.8 0.149466 0.00932658 0.840434
5.4 7 0.0897331 0.00885256 0.90064
5.4 7.2 0.0538123 0.00873895 0.936456
5.4 7.4 0.0335287 0.00873987 0.95591
5.4 7.6 0.0227385 0.0087653 0.967299
5.4 7.8 0.01721 0.00879191 0.972864
5.4 8 0.0145653 0.0088179 0.975484
5.4 8.2 0.0134652 0.00884707 0.976604
5.4 8.4 0.0132397 0.00891515 0.976039
5.4 8.6 0.013664 0.00903966 0.976354
5.4 8.8 0.0146379 0.00929202 0.97522
5.4 9 0.0162375 0.00979706 0.973183
5.4 9.2 0.0186883 0.0107895 0.969868
5.4 9.4 0.0222056 0.0127844 0.964417
5.4 9.6 0.0271091 0.0168913 0.955516
5.4 9.8 0.0372889 0.0301521 0.932366
5.52 0 0.0122033 0.00932833 0.977879
5.52 0.2 0.0121706 0.00928327 0.978211
5.52 0.4 0.0121347 0.009047 0.978583
5.52 0.6 0.0120753 0.00889852 0.978725
5.52 0.8 0.0120478 0.00879865 0.978733
5.52 1 0.012135 0.00874086 0.978582
5.52 1.2 0.0124199 0.00870045 0.978123
5.52 1.4 0.0131331 0.00868435 0.976706
5.52 1.6 0.0147105 0.00866546 0.975761
5.52 1.8 0.0180065 0.00864536 0.972466
5.52 2 0.0246204 0.00862385 0.966013
5.52 2.2 0.0373146 0.0085971 0.953254
5.52 2.4 0.0606491 0.00861771 0.92995
5.52 2.6 0.101504 0.00880768 0.888896
5.52 2.8 0.168088 0.00948849 0.821774
5.52 3 0.267352 0.0114848 0.720161
5.52 3.2 0.396551 0.016697 0.586535
5.52 3.4 0.535958 0.0295262 0.434333
5.52 3.6 0.647589 0.0619021 0.290106
5.52 3.8 0.674133 0.153277 0.171677
5.52 4 0.515515 0.406106 0.0784664
5.52 4.2 0.226564 0.753472 0.0211583
5.52 4.4 0.0866373 0.908856 0.0050199
5.52 4.6 0.0411959 0.958585 0.00160702
5.52 4.8 0.0318394 0.96842 0.0010755
5.52 5 0.0477604 0.95156 0.00202171
5.52 5.2 0.10785 0.886563 0.00698476
5.52 5.4 0.283492 0.68726 0.0297871
5.52 5.6 0.574817 0.326094 0.0989832
5.52 5.8 0.679799 0.121304 0.198294
5.52 6 0.624846 0.0507553 0.323305
5.52 6.2 0.502315 0.0252123 0.471841
5.52 6.4 0.362763 0.0149179 0.621466
5.52 6.6 0.239874 0.0107835 0.748025
5.52 6.8 0.148935 0.00922779 0.841126
5.52 7 0.0893927 0.00873272 0.901167
5.52 7.2 0.0535864 0.00860903 0.936871
5.52 7.4 0.0333663 0.00860498 0.956242
5.52 7.6 0.022611 0.0086279 0.967606
5.52 7.8 0.0170995 0.00865322 0.973154
5.52 8 0.0144625 0.00867839 0.975765
5.52 8.2 0.0133647 0.00870676 0.976883
5.52 8.4 0.0131377 0.0087738 0.976316
5.52 8.6 0.0135578 0.00889624 0.976678
5.52 8.8 0.0145227 0.00914408 0.975573
5.52 9 0.016107 0.00963975 0.973578
5.52 9.2 0.0185332 0.0106126 0.970326
5.52 9.4 0.0220115 0.0125646 0.964983
5.52 9.6 0.0268501 0.0165711 0.956231
5.52 9.8 0.0368872 0.0294949 0.933439
5.64 0 0.012101 0.00913836 0.978173
5.64 0.2 0.012066 0.00908736 0.978554
5.64 0.4 0.0120318 0.00885251 0.979038
5.64 0.6 0.0119732 0.00870742 0.979223
5.64 0.8 0.0119463 0.00860994 0.979283
5.64 1 0.0120336 0.00855294 0.979098
5.64 1.2 0.012317 0.0085126 0.97861
5.64 1.4 0.0130281 0.00849741 0.977157
5.64 1.6 0.0145999 0.00847893 0.976235
5.64 1.8 0.0178848 0.00845966 0.972967
5.64 2 0.0244774 0.00843947 0.966529
5.64 2.2 0.0371312 0.00841477 0.953801
5.64 2.4 0.0603907 0.00843979 0.930554
5.64 2.6 0.101131 0.00863853 0.889606
5.64 2.8 0.167529 0.00933475 0.822631
5.64 3 0.266565 0.0113617 0.721161
5.64 3.2 0.395487 0.0166441 0.587772
5.64 3.4 0.534596 0.0296692 0.435674
5.64 3.6 0.645685 0.062712 0.291317
5.64 3.8 0.670309 0.156567 0.172265
5.64 4 0.506777 0.415415 0.0779951
5.64 4.2 0.219643 0.760878 0.0207468
5.64 4.4 0.083798 0.911772 0.00490605
5.64 4.6 0.0398948 0.959979 0.00157222
5.64 4.8 0.0308407 0.969501 0.00105276
5.64 5 0.0462381 0.953188 0.00197697
5.64 5.2 0.104317 0.890311 0.00682555
5.64 5.4 0.27536 0.695953 0.0292613
5.64 5.6 0.567489 0.333756 0.0987431
5.64 5.8 0.676795 0.123622 0.199057
5.64 6 0.623191 0.051284 0.324485
5.64 6.2 0.501124 0.025278 0.473072
5.64 6.4 0.36188 0.0148392 0.622537
5.64 6.6 0.23924 0.0106501 0.748872
5.64 6.8 0.148498 0.00906867 0.84189
5.64 7 0.0890941 0.00856093 0.901821
5.64 7.2 0.0533743 0.00843012 0.937444
5.64 7.4 0.0332041 0.00842211 0.956703
5.64 7.6 0.0224807 0.00844279 0.968084
5.64 7.8 0.0169842 0.00846685 0.973621
5.64 8 0.0143542 0.00849109 0.976217
5.64 8.2 0.0132578 0.00851821 0.977342
5.64 8.4 0.0130277 0.00858419 0.976718
5.64 8.6 0.0134447 0.00870394 0.977175
5.64 8.8 0.014402 0.00894611 0.976109
5.64 9 0.0159708 0.00942998 0.974143
5.64 9.2 0.0183748 0.0103795 0.970951
5.64 9.4 0.0218192 0.0122832 0.965746
5.64 9.6 0.0265984 0.0161722 0.957157
5.64 9.8 0.036466 0.0286544 0.934777
5.76 0 0.0120119 0.00884378 0.978536
5.76 0.2 0.0119667 0.00877826 0.979028
5.76 0.4 0.0119373 0.00854137 0.979634
5.76 0.6 0.0118803 0.00840402 0.979897
5.76 0.8 0.011852 0.00831018 0.979972
5.76 1 0.0119418 0.00825455 0.979752
5.76 1.2 0.0122246 0.00821364 0.97926
5.76 1.4 0.0129355 0.00820066 0.977604
5.76 1.6 0.0145056 0.00818277 0.976828
5.76 1.8 0.0177871 0.00816464 0.973623
5.76 2 0.0243756 0.0081457 0.967172
5.76 2.2 0.0370193 0.00812141 0.95447
5.76 2.4 0.0602469 0.00814867 0.931217
5.76 2.6 0.100966 0.00835228 0.890301
5.76 2.8 0.167279 0.00904835 0.823335
5.76 3 0.266259 0.0110647 0.72175
5.76 3.2 0.395048 0.0163157 0.588675
5.76 3.4 0.534 0.0293028 0.436766
5.76 3.6 0.644845 0.0624955 0.292493
5.76 3.8 0.668356 0.157706 0.173006
5.76 4 0.501372 0.420922 0.0779894
5.76 4.2 0.214693 0.766163 0.0205342
5.76 4.4 0.0812489 0.914227 0.00481612
5.76 4.6 0.0385486 0.96145 0.00153601
5.76 4.8 0.029753 0.970733 0.00102712
5.76 5 0.0446984 0.954871 0.00193267
5.76 5.2 0.101268 0.89359 0.00670617
5.76 5.4 0.269523 0.702023 0.0289914
5.76 5.6 0.562843 0.338312 0.0989057
5.76 5.8 0.675276 0.124231 0.199997
5.76 6 0.622323 0.0509519 0.325597
5.76 6.2 0.500539 0.0249126 0.474055
5.76 6.4 0.361537 0.0145181 0.623217
5.76 6.6 0.23902 0.010357 0.749319
5.76 6.8 0.148338 0.00878061 0.842512
5.76 7 0.0889639 0.00827382 0.902465
5.76 7.2 0.0532563 0.0081403 0.93809
5.76 7.4 0.0330853 0.00812951 0.957101
5.76 7.6 0.022383 0.00814823 0.968674
5.76 7.8 0.0168907 0.00817091 0.974224
5.76 8 0.0142631 0.00819411 0.97682
5.76 8.2 0.0131636 0.0082184 0.977961
5.76 8.4 0.0129249 0.00828384 0.97708
5.76 8.6 0.0133439 0.0083999 0.977814
5.76 8.8 0.0142993 0.00863428 0.976795
5.76 9 0.0158549 0.00910204 0.974854
5.76 9.2 0.018246 0.0100207 0.971722
5.76 9.4 0.0216708 0.0118669 0.966637
5.76 9.6 0.0264453 0.0156285 0.958197
5.76 9.8 0.0360059 0.027408 0.93663
5.88 0 0.0119102 0.00892585 0.978737
5.88 0.2 0.0119043 0.00891937 0.978863
5.88 0.4 0.0118532 0.00869928 0.979406
5.88 0.6 0.0117983 0.0085415 0.979773
5.88 0.8 0.0117794 0.00844388 0.979755
5.88 1 0.0118595 0.0083881 0.97967
5.88 1.2 0.0121447 0.00835504 0.979301
5.88 1.4 0.0128524 0.00833321 0.978465
5.88 1.6 0.0144204 0.00831545 0.976826
5.88 1.8 0.0176964 0.00829685 0.973501
5.88 2 0.0242592 0.00827709 0.967031
5.88 2.2 0.0368801 0.00826307 0.954416
5.88 2.4 0.0601189 0.00829599 0.931167
5.88 2.6 0.100727 0.00850223 0.890355
5.88 2.8 0.167056 0.00922734 0.823423
5.88 3 0.265701 0.0113234 0.722832
5.88 3.2 0.394136 0.0167752 0.589083
5.88 3.4 0.532435 0.0302751 0.437214
5.88 3.6 0.642006 0.0648632 0.292841
5.88 3.8 0.662387 0.163814 0.173362
5.88 4 0.492265 0.430593 0.0773398
5.88 4.2 0.212502 0.768234 0.0205342
5.88 4.4 0.0817116 0.914845 0.00488014
5.88 4.6 0.0389358 0.960909 0.00156427
5.88 4.8 0.0301703 0.970208 0.00104765
5.88 5 0.0452186 0.954229 0.00197167
5.88 5.2 0.10208 0.892465 0.00682898
5.88 5.4 0.26884 0.702949 0.0292173
5.88 5.6 0.557065 0.34405 0.0987836
5.88 5.8 0.671173 0.128204 0.200157
5.88 6 0.620828 0.0527754 0.326023
5.88 6.2 0.499612 0.0256783 0.474471
5.88 6.4 0.36078 0.0149086 0.624161
5.88 6.6 0.238535 0.0105862 0.750707
5.88 6.8 0.148032 0.00895997 0.842715
5.88 7 0.0887492 0.00841888 0.902451
5.88 7.2 0.0531249 0.00827665 0.938075
5.88 7.4 0.0330389 0.00826284 0.958057
5.88 7.6 0.02228 0.00828097 0.96869
5.88 7.8 0.0167918 0.00830316 0.974114
5.88 8 0.0141661 0.00832683 0.976746
5.88 8.2 0.01308 0.00835963 0.977886
5.88 8.4 0.0128702 0.00841834 0.978144
5.88 8.6 0.0132582 0.00853526 0.977749
5.88 8.8 0.0141905 0.00877268 0.976726
5.88 9 0.0157492 0.00924746 0.974873
5.88 9.2 0.0181075 0.0101797 0.971747
5.88 9.4 0.0215052 0.0120416 0.96659
5.88 9.6 0.0262612 0.0159364 0.958052
5.88 9.8 0.0364499 0.0288351 0.934657
