0 0 -11.9954 -1.38792 -11.9954
0 0.12 -7.3953 4.15593 -7.3953
0 0.24 -9.34403 4.85875 -9.34403
0 0.36 -6.08981 11.3141 -6.08981
0 0.48 -7.19939 13.4257 -7.19939
0 0.6 -7.72684 15.6054 -7.72684
0 0.72 -8.03391 17.3459 -8.03391
0 0.84 -8.19496 18.6325 -8.19496
0 0.96 -8.28318 19.527 -8.28318
0 1.08 -8.27944 20.1835 -8.27944
0 1.2 -8.14859 20.7362 -8.14859
0 1.32 -7.90428 21.2388 -7.90428
0 1.44 -7.5684 21.7111 -7.5684
0 1.56 -7.14663 22.1682 -7.14663
0 1.68 -6.65799 22.5983 -6.65799
0 1.8 -6.1552 22.9406 -6.1552
0 1.92 -5.6907 23.1031 -5.6907
0 2.04 -5.32186 22.9263 -5.32186
0 2.16 -5.1633 22.0545 -5.1633
0 2.28 -5.33313 19.8349 -5.33313
0 2.4 -5.78187 15.3073 -5.78187
0 2.52 -5.34223 8.42038 -5.34223
0 2.64 -1.41143 2.41027 -1.41143
0 2.76 4.92297 0.428797 4.92297
0 2.88 7.90932 0.416918 7.90932
0 3 4.76161 0.428382 4.76161
0 3.12 -1.59282 2.49875 -1.59282
0 3.24 -5.41832 8.59851 -5.41832
0 3.36 -5.79312 15.4617 -5.79312
0 3.48 -5.32754 19.9351 -5.32754
0 3.6 -5.1569 22.1208 -5.1569
0 3.72 -5.33032 22.9633 -5.33032
0 3.84 -5.71716 23.1129 -5.71716
0 3.96 -6.1762 22.9496 -6.1762
0 4.08 -6.64837 22.6412 -6.64837
0 4.2 -7.1189 22.2461 -7.1189
0 4.32 -7.56674 21.7863 -7.56674
0 4.44 -7.92871 21.3097 -7.92871
0 4.56 -8.12655 20.8862 -8.12655
0 4.68 -8.17554 20.4836 -8.17554
0 4.8 -8.17653 19.9333 -8.17653
0 4.92 -8.11677 19.1231 -8.11677
0 5.04 -7.8808 18.0344 -7.8808
0 5.16 -7.58512 16.3985 -7.58512
0 5.28 -7.23819 14.0043 -7.23819
0 5.4 -6.22998 11.4357 -6.22998
0 5.52 -4.61148 9.01856 -4.61148
0 5.64 9.71259 19.5222 9.71259
0 5.76 -17.2056 -9.6886 -17.2056
0 5.88 -0.268282 5.91477 -0.268282
0.12 0 -26.6028 -15.6146 -26.6028
0.12 0.12 -22.0801 -10.1717 -22.0801
0.12 0.24 -23.6237 -9.12644 -23.6237
0.12 0.36 -20.0139 -2.39023 -20.0139
0.12 0.48 -21.2141 -0.44293 -21.2141
0.12 0.6 -21.7881 1.63572 -21.7881
0.12 0.72 -22.1459 3.29136 -22.1459
0.12 0.84 -22.345 4.52108 -22.345
0.12 0.96 -22.4543 5.38422 -22.4543
0.12 1.08 -22.4601 6.02535 -22.4601
0.12 1.2 -22.332 6.57186 -22.332
0.12 1.32 -22.0834 7.07705 -22.0834
0.12 1.44 -21.7371 7.55916 -21.7371
0.12 1.56 -21.2984 8.03288 -21.2984
0.12 1.68 -20.7866 8.48586 -20.7866
0.12 1.8 -20.2548 8.85626 -20.2548
0.12 1.92 -19.7575 9.05078 -19.7575
0.12 2.04 -19.3566 8.90537 -19.3566
0.12 2.16 -19.1683 8.06211 -19.1683
0.12 2.28 -19.3122 5.86667 -19.3122
0.12 2.4 -19.7312 1.3675 -19.7312
0.12 2.52 -19.233 -5.44839 -19.233
0.12 2.64 -15.219 -11.3413 -15.219
0.12 2.76 -8.80152 -13.221 -8.80152
0.12 2.88 -5.76519 -13.1893 -5.76519
0.12 3 -8.93657 -13.218 -8.93657
0.12 3.12 -15.372 -11.2618 -15.372
0.12 3.24 -19.2987 -5.29015 -19.2987
0.12 3.36 -19.7398 1.50919 -19.7398
0.12 3.48 -19.3033 5.9638 -19.3033
0.12 3.6 -19.1543 8.13346 -19.1543
0.12 3.72 -19.353 8.95325 -19.353
0.12 3.84 -19.7689 9.07509 -19.7689
0.12 3.96 -20.2588 8.8821 -20.2588
0.12 4.08 -20.76 8.54588 -20.76
0.12 4.2 -21.2564 8.12567 -21.2564
0.12 4.32 -21.7257 7.64465 -21.7257
0.12 4.44 -22.1022 7.15382 -22.1022
0.12 4.56 -22.3051 6.72635 -22.3051
0.12 4.68 -22.3491 6.33122 -22.3491
0.12 4.8 -22.3354 5.80164 -22.3354
0.12 4.92 -22.2583 5.02099 -22.2583
0.12 5.04 -22.005 3.97029 -22.005
0.12 5.16 -21.6708 2.40763 -21.6708
0.12 5.28 -21.2573 0.141547 -21.2573
0.12 5.4 -20.2204 -2.30406 -20.2204
0.12 5.52 -18.7115 -4.71647 -18.7115
0.12 5.64 -2.93864 7.34434 -2.93864
0.12 5.76 -30.8872 -22.8392 -30.8872
0.12 5.88 -16.7224 -9.99644 -16.7224
0.24 0 -11.7167 0.649351 -11.7167
0.24 0.12 -8.15883 5.03686 -8.15883
0.24 0.24 -9.67822 5.91413 -9.67822
0.24 0.36 -5.95008 12.5244 -5.95008
0.24 0.48 -7.01549 14.3584 -7.01549
0.24 0.6 -7.42423 16.395 -7.42423
0.24 0.72 -7.70136 17.9802 -7.70136
0.24 0.84 -7.84882 19.1609 -7.84882
0.24 0.96 -7.93088 19.987 -7.93088
0.24 1.08 -7.92333 20.6023 -7.92333
0.24 1.2 -7.79461 21.1254 -7.79461
0.24 1.32 -7.54789 21.6154 -7.54789
0.24 1.44 -7.21545 22.0766 -7.21545
0.24 1.56 -6.79745 22.5278 -6.79745
0.24 1.68 -6.31727 22.9518 -6.31727
0.24 1.8 -5.81602 23.2972 -5.81602
0.24 1.92 -5.35599 23.4655 -5.35599
0.24 2.04 -4.98285 23.3116 -4.98285
0.24 2.16 -4.81753 22.4798 -4.81753
0.24 2.28 -4.97717 20.3311 -4.97717
0.24 2.4 -5.44373 15.8831 -5.44373
0.24 2.52 -5.10118 9.00986 -5.10118
0.24 2.64 -1.30421 2.89383 -1.30421
0.24 2.76 5.02182 0.820395 5.02182
0.24 2.88 8.05625 0.775935 8.05625
0.24 3 4.90923 0.767641 4.90923
0.24 3.12 -1.42076 2.88204 -1.42076
0.24 3.24 -5.13575 9.09492 -5.13575
0.24 3.36 -5.42445 15.9986 -5.42445
0.24 3.48 -4.95308 20.4189 -4.95308
0.24 3.6 -4.79989 22.5438 -4.79989
0.24 3.72 -4.98459 23.3492 -4.98459
0.24 3.84 -5.37409 23.4807 -5.37409
0.24 3.96 -5.83252 23.3089 -5.83252
0.24 4.08 -6.29959 23.0007 -6.29959
0.24 4.2 -6.7659 22.6083 -6.7659
0.24 4.32 -7.21065 22.1534 -7.21065
0.24 4.44 -7.57321 21.6824 -7.57321
0.24 4.56 -7.77158 21.2712 -7.77158
0.24 4.68 -7.81738 20.895 -7.81738
0.24 4.8 -7.81437 20.3914 -7.81437
0.24 4.92 -7.76174 19.647 -7.76174
0.24 5.04 -7.54363 18.66 -7.54363
0.24 5.16 -7.26384 17.2038 -7.26384
0.24 5.28 -6.98784 15.0426 -6.98784
0.24 5.4 -6.21234 12.6522 -6.21234
0.24 5.52 -5.05994 10.2329 -5.05994
0.24 5.64 9.90382 21.785 9.90382
0.24 5.76 -18.6575 -8.80883 -18.6575
0.24 5.88 0.29167 8.84652 0.29167
0.36 0 -13.0316 1.07558 -13.0316
0.36 0.12 -9.26755 5.56624 -9.26755
0.36 0.24 -10.5607 6.41088 -10.5607
0.36 0.36 -6.64588 12.8869 -6.64588
0.36 0.48 -7.54148 14.5738 -7.54148
0.36 0.6 -7.87075 16.4339 -7.87075
0.36 0.72 -8.12603 17.8622 -8.12603
0.36 0.84 -8.26658 18.9358 -8.26658
0.36 0.96 -8.34385 19.6974 -8.34385
0.36 1.08 -8.33149 20.2765 -8.33149
0.36 1.2 -8.19771 20.7804 -8.19771
0.36 1.32 -7.94516 21.2622 -7.94516
0.36 1.44 -7.60776 21.7208 -7.60776
0.36 1.56 -7.18665 22.1719 -7.18665
0.36 1.68 -6.70486 22.5977 -6.70486
0.36 1.8 -6.20321 22.9469 -6.20321
0.36 1.92 -5.74206 23.1244 -5.74206
0.36 2.04 -5.36666 22.9882 -5.36666
0.36 2.16 -5.19588 22.1903 -5.19588
0.36 2.28 -5.3433 20.1071 -5.3433
0.36 2.4 -5.8046 15.7571 -5.8046
0.36 2.52 -5.53213 8.93136 -5.53213
0.36 2.64 -1.90138 2.70743 -1.90138
0.36 2.76 4.31621 0.485081 4.31621
0.36 2.88 7.3567 0.39524 7.3567
0.36 3 4.26706 0.434437 4.26706
0.36 3.12 -1.95603 2.65838 -1.95603
0.36 3.24 -5.55029 8.94783 -5.55029
0.36 3.36 -5.78997 15.8189 -5.78997
0.36 3.48 -5.32388 20.1662 -5.32388
0.36 3.6 -5.17796 22.2432 -5.17796
0.36 3.72 -5.36518 23.0235 -5.36518
0.36 3.84 -5.7578 23.1391 -5.7578
0.36 3.96 -6.21843 22.9578 -6.21843
0.36 4.08 -6.68575 22.6457 -6.68575
0.36 4.2 -7.15231 22.2529 -7.15231
0.36 4.32 -7.60123 21.7969 -7.60123
0.36 4.44 -7.97312 21.3233 -7.97312
0.36 4.56 -8.18065 20.9149 -8.18065
0.36 4.68 -8.23167 20.5551 -8.23167
0.36 4.8 -8.2319 20.0871 -8.2319
0.36 4.92 -8.18811 19.4008 -8.18811
0.36 5.04 -7.9779 18.5183 -7.9779
0.36 5.16 -7.70128 17.2464 -7.70128
0.36 5.28 -7.47442 15.3298 -7.47442
0.36 5.4 -6.86706 13.1751 -6.86706
0.36 5.52 -6.02545 10.9138 -6.02545
0.36 5.64 8.40384 22.3632 8.40384
0.36 5.76 -20.3038 -8.10712 -20.3038
0.36 5.88 -1.88184 9.07253 -1.88184
0.48 0 -13.7776 2.15909 -13.7776
0.48 0.12 -9.96021 6.59108 -9.96021
0.48 0.24 -10.9831 7.41873 -10.9831
0.48 0.36 -6.85866 13.7549 -6.85866
0.48 0.48 -7.60299 15.2517 -7.60299
0.48 0.6 -7.86475 16.9069 -7.86475
0.48 0.72 -8.09743 18.1692 -8.09743
0.48 0.84 -8.227 19.1342 -8.227
0.48 0.96 -8.29568 19.8322 -8.29568
0.48 1.08 -8.27671 20.3754 -8.27671
0.48 1.2 -8.13834 20.8594 -8.13834
0.48 1.32 -7.88211 21.331 -7.88211
0.48 1.44 -7.54179 21.7852 -7.54179
0.48 1.56 -7.11983 22.2339 -7.11983
0.48 1.68 -6.6397 22.658 -6.6397
0.48 1.8 -6.14086 23.0075 -6.14086
0.48 1.92 -5.68101 23.1912 -5.68101
0.48 2.04 -5.30443 23.0711 -5.30443
0.48 2.16 -5.12872 22.307 -5.12872
0.48 2.28 -5.26573 20.2907 -5.26573
0.48 2.4 -5.72779 16.0444 -5.72779
0.48 2.52 -5.53945 9.28529 -5.53945
0.48 2.64 -2.11723 2.97068 -2.11723
0.48 2.76 3.93009 0.589074 3.93009
0.48 2.88 6.94665 0.443609 6.94665
0.48 3 3.92975 0.537351 3.92975
0.48 3.12 -2.12414 2.88913 -2.12414
0.48 3.24 -5.54234 9.24693 -5.54234
0.48 3.36 -5.71426 16.0627 -5.71426
0.48 3.48 -5.24847 20.3258 -5.24847
0.48 3.6 -5.11027 22.3496 -5.11027
0.48 3.72 -5.30027 23.1035 -5.30027
0.48 3.84 -5.69392 23.2056 -5.69392
0.48 3.96 -6.1541 23.0181 -6.1541
0.48 4.08 -6.61909 22.7053 -6.61909
0.48 4.2 -7.08356 22.3145 -7.08356
0.48 4.32 -7.53441 21.8595 -7.53441
0.48 4.44 -7.91325 21.3856 -7.91325
0.48 4.56 -8.12885 20.9812 -8.12885
0.48 4.68 -8.18499 20.638 -8.18499
0.48 4.8 -8.18964 20.2052 -8.18964
0.48 4.92 -8.15567 19.5787 -8.15567
0.48 5.04 -7.95738 18.8022 -7.95738
0.48 5.16 -7.69069 17.717 -7.69069
0.48 5.28 -7.51012 16.0628 -7.51012
0.48 5.4 -7.05096 14.1889 -7.05096
0.48 5.52 -6.47345 12.1711 -6.47345
0.48 5.64 7.53142 23.6794 7.53142
0.48 5.76 -21.3213 -6.6306 -21.3213
0.48 5.88 -3.54172 9.98938 -3.54172
0.6 0 -14.4905 3.16434 -14.4905
0.6 0.12 -10.6343 7.5308 -10.6343
0.6 0.24 -11.448 8.29602 -11.448
0.6 0.36 -7.15818 14.4699 -7.15818
0.6 0.48 -7.79153 15.7601 -7.79153
0.6 0.6 -8.00764 17.2088 -8.00764
0.6 0.72 -8.22451 18.3122 -8.22451
0.6 0.84 -8.34484 19.1754 -8.34484
0.6 0.96 -8.40448 19.8154 -8.40448
0.6 1.08 -8.3774 20.3276 -8.3774
0.6 1.2 -8.23233 20.7957 -8.23233
0.6 1.32 -7.96969 21.261 -7.96969
0.6 1.44 -7.62349 21.7142 -7.62349
0.6 1.56 -7.1985 22.1627 -7.1985
0.6 1.68 -6.71924 22.5856 -6.71924
0.6 1.8 -6.22274 22.9351 -6.22274
0.6 1.92 -5.76303 23.1246 -5.76303
0.6 2.04 -5.38286 23.0207 -5.38286
0.6 2.16 -5.19734 22.292 -5.19734
0.6 2.28 -5.31341 20.3497 -5.31341
0.6 2.4 -5.75695 16.2263 -5.75695
0.6 2.52 -5.63166 9.56774 -5.63166
0.6 2.64 -2.42659 3.1851 -2.42659
0.6 2.76 3.40838 0.632493 3.40838
0.6 2.88 6.37296 0.416281 6.37296
0.6 3 3.44511 0.577358 3.44511
0.6 3.12 -2.39753 3.07528 -2.39753
0.6 3.24 -5.62396 9.48353 -5.62396
0.6 3.36 -5.74585 16.2071 -5.74585
0.6 3.48 -5.29885 20.3633 -5.29885
0.6 3.6 -5.17818 22.3255 -5.17818
0.6 3.72 -5.37548 23.0511 -5.37548
0.6 3.84 -5.77297 23.139 -5.77297
0.6 3.96 -6.23507 22.9445 -6.23507
0.6 4.08 -6.69911 22.6305 -6.69911
0.6 4.2 -7.1622 22.2411 -7.1622
0.6 4.32 -7.61597 21.786 -7.61597
0.6 4.44 -8.00394 21.3093 -8.00394
0.6 4.56 -8.23135 20.9041 -8.23135
0.6 4.68 -8.29676 20.5715 -8.29676
0.6 4.8 -8.30828 20.1681 -8.30828
0.6 4.92 -8.28391 19.5961 -8.28391
0.6 5.04 -8.09644 18.918 -8.09644
0.6 5.16 -7.83527 18.0079 -7.83527
0.6 5.28 -7.67899 16.612 -7.67899
0.6 5.4 -7.32104 15.0308 -7.32104
0.6 5.52 -6.94002 13.2858 -6.94002
0.6 5.64 6.75256 24.9356 6.75256
0.6 5.76 -22.178 -5.16105 -22.178
0.6 5.88 -4.92655 11.031 -4.92655
0.72 0 -14.9848 4.15269 -14.9848
0.72 0.12 -11.1034 8.45615 -11.1034
0.72 0.24 -11.7542 9.15094 -11.7542
0.72 0.36 -7.34372 15.166 -7.34372
0.72 0.48 -7.89959 16.2638 -7.89959
0.72 0.6 -8.08203 17.5315 -8.08203
0.72 0.72 -8.28302 18.5012 -8.28302
0.72 0.84 -8.39043 19.2811 -8.39043
0.72 0.96 -8.43725 19.8752 -8.43725
0.72 1.08 -8.39907 20.3636 -8.39907
0.72 1.2 -8.24511 20.8206 -8.24511
0.72 1.32 -7.97485 21.2822 -7.97485
0.72 1.44 -7.62268 21.7351 -7.62268
0.72 1.56 -7.19539 22.1831 -7.19539
0.72 1.68 -6.71814 22.6036 -6.71814
0.72 1.8 -6.22512 22.9513 -6.22512
0.72 1.92 -5.76652 23.1445 -5.76652
0.72 2.04 -5.3837 23.0539 -5.3837
0.72 2.16 -5.19068 22.3556 -5.19068
0.72 2.28 -5.29068 20.4786 -5.29068
0.72 2.4 -5.71974 16.4702 -5.71974
0.72 2.52 -5.65401 9.91734 -5.65401
0.72 2.64 -2.66938 3.47838 -2.66938
0.72 2.76 2.93055 0.751153 2.93055
0.72 2.88 5.82584 0.456364 5.82584
0.72 3 2.99562 0.691716 2.99562
0.72 3.12 -2.6142 3.3438 -2.6142
0.72 3.24 -5.64049 9.79445 -5.64049
0.72 3.36 -5.71237 16.4192 -5.71237
0.72 3.48 -5.27864 20.4742 -5.27864
0.72 3.6 -5.17016 22.382 -5.17016
0.72 3.72 -5.37261 23.0832 -5.37261
0.72 3.84 -5.77298 23.1596 -5.77298
0.72 3.96 -6.23582 22.9606 -6.23582
0.72 4.08 -6.69793 22.647 -6.69793
0.72 4.2 -7.15933 22.2595 -7.15933
0.72 4.32 -7.61615 21.8039 -7.61615
0.72 4.44 -8.01377 21.3232 -8.01377
0.72 4.56 -8.25473 20.9144 -8.25473
0.72 4.68 -8.33273 20.5866 -8.33273
0.72 4.8 -8.35505 20.2038 -8.35505
0.72 4.92 -8.34394 19.6743 -8.34394
0.72 5.04 -8.17237 19.0744 -8.17237
0.72 5.16 -7.92231 18.3064 -7.92231
0.72 5.28 -7.78118 17.1315 -7.78118
0.72 5.4 -7.48232 15.8193 -7.48232
0.72 5.52 -7.23044 14.3375 -7.23044
0.72 5.64 6.24392 26.1507 6.24392
0.72 5.76 -22.7055 -3.71841 -22.7055
0.72 5.88 -5.90807 12.1199 -5.90807
0.84 0 -15.3327 4.98991 -15.3327
0.84 0.12 -11.4406 9.23434 -11.4406
0.84 0.24 -11.9775 9.85684 -11.9775
0.84 0.36 -7.48817 15.7286 -7.48817
0.84 0.48 -7.99208 16.6639 -7.99208
0.84 0.6 -8.14812 17.7866 -8.14812
0.84 0.72 -8.33318 18.651 -8.33318
0.84 0.84 -8.42737 19.365 -8.42737
0.84 0.96 -8.46266 19.9217 -8.46266
0.84 1.08 -8.41526 20.3903 -8.41526
0.84 1.2 -8.25376 20.8382 -8.25376
0.84 1.32 -7.9767 21.2971 -7.9767
0.84 1.44 -7.6188 21.7507 -7.6188
0.84 1.56 -7.18844 22.1996 -7.18844
0.84 1.68 -6.71151 22.6196 -6.71151
0.84 1.8 -6.22054 22.9669 -6.22054
0.84 1.92 -5.76256 23.1636 -5.76256
0.84 2.04 -5.3767 23.0851 -5.3767
0.84 2.16 -5.17499 22.4157 -5.17499
0.84 2.28 -5.25866 20.6003 -5.25866
0.84 2.4 -5.67447 16.6996 -5.67447
0.84 2.52 -5.66261 10.2519 -5.66261
0.84 2.64 -2.88382 3.77391 -2.88382
0.84 2.76 2.48569 0.888201 2.48569
0.84 2.88 5.30717 0.518135 5.30717
0.84 3 2.57217 0.824071 2.57217
0.84 3.12 -2.81003 3.61806 -2.81003
0.84 3.24 -5.64587 10.0977 -5.64587
0.84 3.36 -5.67042 16.6231 -5.67042
0.84 3.48 -5.24841 20.5813 -5.24841
0.84 3.6 -5.15316 22.4359 -5.15316
0.84 3.72 -5.36209 23.1132 -5.36209
0.84 3.84 -5.76463 23.1801 -5.76463
0.84 3.96 -6.22709 22.9784 -6.22709
0.84 4.08 -6.68792 22.6647 -6.68792
0.84 4.2 -7.14966 22.2767 -7.14966
0.84 4.32 -7.61091 21.8187 -7.61091
0.84 4.44 -8.01802 21.3333 -8.01802
0.84 4.56 -8.27216 20.9198 -8.27216
0.84 4.68 -8.36354 20.593 -8.36354
0.84 4.8 -8.39761 20.2242 -8.39761
0.84 4.92 -8.39922 19.7277 -8.39922
0.84 5.04 -8.24418 19.188 -8.24418
0.84 5.16 -8.01093 18.5257 -8.01093
0.84 5.28 -7.88578 17.5196 -7.88578
0.84 5.4 -7.61987 16.4286 -7.61987
0.84 5.52 -7.44203 15.1761 -7.44203
0.84 5.64 5.88968 27.1419 5.88968
0.84 5.76 -23.0403 -2.51697 -23.0403
0.84 5.88 -6.61006 13.0444 -6.61006
0.96 0 -15.6167 5.5974 -15.6167
0.96 0.12 -11.7227 9.7928 -11.7227
0.96 0.24 -12.1838 10.3527 -12.1838
0.96 0.36 -7.64522 16.109 -7.64522
0.96 0.48 -8.11279 16.9212 -8.11279
0.96 0.6 -8.24744 17.9365 -8.24744
0.96 0.72 -8.41869 18.7224 -8.41869
0.96 0.84 -8.50254 19.3862 -8.50254
0.96 0.96 -8.52963 19.9137 -8.52963
0.96 1.08 -8.47518 20.3675 -8.47518
0.96 1.2 -8.30675 20.8098 -8.30675
0.96 1.32 -8.02258 21.2687 -8.02258
0.96 1.44 -7.65799 21.725 -7.65799
0.96 1.56 -7.22242 22.1772 -7.22242
0.96 1.68 -6.74259 22.5999 -6.74259
0.96 1.8 -6.25088 22.9494 -6.25088
0.96 1.92 -5.7928 23.1496 -5.7928
0.96 2.04 -5.4048 23.0805 -5.4048
0.96 2.16 -5.19466 22.4362 -5.19466
0.96 2.28 -5.26027 20.677 -5.26027
0.96 2.4 -5.65834 16.8753 -5.65834
0.96 2.52 -5.68553 10.528 -5.68553
0.96 2.64 -3.07976 4.02786 -3.07976
0.96 2.76 2.08493 1.00802 2.08493
0.96 2.88 4.83681 0.570911 4.83681
0.96 3 2.18761 0.939309 2.18761
0.96 3.12 -2.99245 3.85433 -2.99245
0.96 3.24 -5.66662 10.3489 -5.66662
0.96 3.36 -5.6569 16.7785 -5.6569
0.96 3.48 -5.25178 20.6458 -5.25178
0.96 3.6 -5.17262 22.4501 -5.17262
0.96 3.72 -5.38812 23.1064 -5.38812
0.96 3.84 -5.79146 23.1664 -5.79146
0.96 3.96 -6.25348 22.9623 -6.25348
0.96 4.08 -6.71523 22.6464 -6.71523
0.96 4.2 -7.18021 22.2551 -7.18021
0.96 4.32 -7.64741 21.7929 -7.64741
0.96 4.44 -8.06376 21.3021 -8.06376
0.96 4.56 -8.33057 20.8825 -8.33057
0.96 4.68 -8.4361 20.5524 -8.4361
0.96 4.8 -8.48284 20.1902 -8.48284
0.96 4.92 -8.49564 19.7168 -8.49564
0.96 5.04 -8.3541 19.2218 -8.3541
0.96 5.16 -8.13841 18.634 -8.13841
0.96 5.28 -8.03169 17.7456 -8.03169
0.96 5.4 -7.7868 16.8174 -7.7868
0.96 5.52 -7.64781 15.7447 -7.64781
0.96 5.64 5.59286 27.8322 5.59286
0.96 5.76 -23.2988 -1.65157 -23.2988
0.96 5.88 -7.14983 13.7002 -7.14983
1.08 0 -15.8229 6.01424 -15.8229
1.08 0.12 -11.9277 10.1758 -11.9277
1.08 0.24 -12.3386 10.6902 -12.3386
1.08 0.36 -7.76844 16.3642 -7.76844
1.08 0.48 -8.21064 17.0908 -8.21064
1.08 0.6 -8.32931 18.0315 -8.32931
1.08 0.72 -8.48995 18.7629 -8.48995
1.08 0.84 -8.56561 19.392 -8.56561
1.08 0.96 -8.58515 19.901 -8.58515
1.08 1.08 -8.52265 20.3478 -8.52265
1.08 1.2 -8.34578 20.7901 -8.34578
1.08 1.32 -8.05385 21.2517 -8.05385
1.08 1.44 -7.68288 21.7112 -7.68288
1.08 1.56 -7.24232 22.1667 -7.24232
1.08 1.68 -6.7588 22.5927 -6.7588
1.08 1.8 -6.26491 22.9455 -6.26491
1.08 1.92 -5.80621 23.1493 -5.80621
1.08 2.04 -5.41767 23.087 -5.41767
1.08 2.16 -5.20268 22.4608 -5.20268
1.08 2.28 -5.25444 20.7454 -5.25444
1.08 2.4 -5.6367 17.023 -5.6367
1.08 2.52 -5.69149 10.7584 -5.69149
1.08 2.64 -3.21976 4.24593 -3.21976
1.08 2.76 1.78028 1.12112 1.78028
1.08 2.88 4.47433 0.629815 4.47433
1.08 3 1.89558 1.04851 1.89558
1.08 3.12 -3.122 4.05817 -3.122
1.08 3.24 -5.67059 10.5599 -5.67059
1.08 3.36 -5.63691 16.9105 -5.63691
1.08 3.48 -5.2473 20.7042 -5.2473
1.08 3.6 -5.18077 22.4691 -5.18077
1.08 3.72 -5.39995 23.1102 -5.39995
1.08 3.84 -5.80322 23.1651 -5.80322
1.08 3.96 -6.26606 22.9575 -6.26606
1.08 4.08 -6.73077 22.6374 -6.73077
1.08 4.2 -7.20011 22.2419 -7.20011
1.08 4.32 -7.67258 21.7757 -7.67258
1.08 4.44 -8.0962 21.2806 -8.0962
1.08 4.56 -8.37413 20.8546 -8.37413
1.08 4.68 -8.49436 20.5173 -8.49436
1.08 4.8 -8.5559 20.1533 -8.5559
1.08 4.92 -8.58053 19.6915 -8.58053
1.08 5.04 -8.44993 19.2258 -8.44993
1.08 5.16 -8.24936 18.6872 -8.24936
1.08 5.28 -8.16136 17.8738 -8.16136
1.08 5.4 -7.93309 17.0535 -7.93309
1.08 5.52 -7.81364 16.1083 -7.81364
1.08 5.64 5.37067 28.2825 5.37067
1.08 5.76 -23.4834 -1.07236 -23.4834
1.08 5.88 -7.54548 14.12 -7.54548
1.2 0 -15.9686 6.25196 -15.9686
1.2 0.12 -12.0705 10.3946 -12.0705
1.2 0.24 -12.453 10.8776 -12.453
1.2 0.36 -7.86562 16.4977 -7.86562
1.2 0.48 -8.29382 17.169 -8.29382
1.2 0.6 -8.40339 18.062 -8.40339
1.2 0.72 -8.55705 18.7593 -8.55705
1.2 0.84 -8.62572 19.3686 -8.62572
1.2 0.96 -8.63695 19.8699 -8.63695
1.2 1.08 -8.56471 20.3173 -8.56471
1.2 1.2 -8.37836 20.7639 -8.37836
1.2 1.32 -8.07933 21.2294 -8.07933
1.2 1.44 -7.70416 21.6911 -7.70416
1.2 1.56 -7.26112 22.148 -7.26112
1.2 1.68 -6.77535 22.5761 -6.77535
1.2 1.8 -6.27905 22.9323 -6.27905
1.2 1.92 -5.81842 23.1406 -5.81842
1.2 2.04 -5.42854 23.0846 -5.42854
1.2 2.16 -5.21019 22.4717 -5.21019
1.2 2.28 -5.25249 20.7866 -5.25249
1.2 2.4 -5.62295 17.1196 -5.62295
1.2 2.52 -5.69439 10.9132 -5.69439
1.2 2.64 -3.31106 4.39517 -3.31106
1.2 2.76 1.57867 1.20136 1.57867
1.2 2.88 4.23427 0.67387 4.23427
1.2 3 1.70419 1.12575 1.70419
1.2 3.12 -3.20458 4.19622 -3.20458
1.2 3.24 -5.67134 10.6994 -5.67134
1.2 3.36 -5.62369 16.9947 -5.62369
1.2 3.48 -5.24545 20.738 -5.24545
1.2 3.6 -5.18719 22.4765 -5.18719
1.2 3.72 -5.40884 23.1068 -5.40884
1.2 3.84 -5.81348 23.1562 -5.81348
1.2 3.96 -6.27935 22.9436 -6.27935
1.2 4.08 -6.74835 22.6184 -6.74835
1.2 4.2 -7.22179 22.2186 -7.22179
1.2 4.32 -7.69773 21.7495 -7.69773
1.2 4.44 -8.12589 21.2513 -8.12589
1.2 4.56 -8.41238 20.8194 -8.41238
1.2 4.68 -8.54641 20.4727 -8.54641
1.2 4.8 -8.62391 20.1002 -8.62391
1.2 4.92 -8.66143 19.6392 -8.66143
1.2 5.04 -8.53981 19.1889 -8.53981
1.2 5.16 -8.34981 18.6795 -8.34981
1.2 5.28 -8.27694 17.9089 -8.27694
1.2 5.4 -8.06198 17.1513 -8.06198
1.2 5.52 -7.95144 16.2864 -7.95144
1.2 5.64 5.20198 28.5166 5.20198
1.2 5.76 -23.6259 -0.75624 -23.6259
1.2 5.88 -7.82958 14.3273 -7.82958
1.32 0 -16.0791 6.31839 -16.0791
1.32 0.12 -12.1739 10.4575 -12.1739
1.32 0.24 -12.5447 10.9233 -12.5447
1.32 0.36 -7.95002 16.5163 -7.95002
1.32 0.48 -8.37273 17.1597 -8.37273
1.32 0.6 -8.47779 18.03 -8.47779
1.32 0.72 -8.62615 18.7132 -8.62615
1.32 0.84 -8.68806 19.3168 -8.68806
1.32 0.96 -8.69054 19.8194 -8.69054
1.32 1.08 -8.60824 20.2728 -8.60824
1.32 1.2 -8.41285 20.7261 -8.41285
1.32 1.32 -8.10801 21.1962 -8.10801
1.32 1.44 -7.73049 21.6598 -7.73049
1.32 1.56 -7.28694 22.1173 -7.28694
1.32 1.68 -6.8004 22.5467 -6.8004
1.32 1.8 -6.3022 22.9058 -6.3022
1.32 1.92 -5.8391 23.1183 -5.8391
1.32 2.04 -5.44706 23.0676 -5.44706
1.32 2.16 -5.22629 22.4626 -5.22629
1.32 2.28 -5.26366 20.7932 -5.26366
1.32 2.4 -5.6279 17.1533 -5.6279
1.32 2.52 -5.70674 10.9742 -5.70674
1.32 2.64 -3.36426 4.45199 -3.36426
1.32 2.76 1.47613 1.22575 1.47613
1.32 2.88 4.11651 0.681878 4.11651
1.32 3 1.61024 1.1481 1.61024
1.32 3.12 -3.25005 4.2442 -3.25005
1.32 3.24 -5.68154 10.7475 -5.68154
1.32 3.36 -5.6286 17.0183 -5.6286
1.32 3.48 -5.25576 20.739 -5.25576
1.32 3.6 -5.20079 22.4658 -5.20079
1.32 3.72 -5.42351 23.0908 -5.42351
1.32 3.84 -5.82992 23.1363 -5.82992
1.32 3.96 -6.29913 22.9194 -6.29913
1.32 4.08 -6.77214 22.5897 -6.77214
1.32 4.2 -7.24912 22.1859 -7.24912
1.32 4.32 -7.72786 21.7135 -7.72786
1.32 4.44 -8.15945 21.2116 -8.15945
1.32 4.56 -8.45275 20.7733 -8.45275
1.32 4.68 -8.5989 20.4158 -8.5989
1.32 4.8 -8.69185 20.0305 -8.69185
1.32 4.92 -8.74266 19.5613 -8.74266
1.32 5.04 -8.62911 19.1133 -8.62911
1.32 5.16 -8.44574 18.6153 -8.44574
1.32 5.28 -8.38313 17.862 -8.38313
1.32 5.4 -8.17842 17.1303 -8.17842
1.32 5.52 -8.07145 16.3043 -8.07145
1.32 5.64 5.06988 28.5643 5.06988
1.32 5.76 -23.7454 -0.668071 -23.7454
1.32 5.88 -8.02281 14.3573 -8.02281
1.44 0 -16.1441 6.25371 -16.1441
1.44 0.12 -12.2273 10.4029 -12.2273
1.44 0.24 -12.5988 10.8654 -12.5988
1.44 0.36 -8.00327 16.4562 -8.00327
1.44 0.48 -8.42509 17.098 -8.42509
1.44 0.6 -8.5273 17.9698 -8.5273
1.44 0.72 -8.67054 18.6576 -8.67054
1.44 0.84 -8.72585 19.2677 -8.72585
1.44 0.96 -8.72039 19.7787 -8.72039
1.44 1.08 -8.62945 20.2414 -8.62945
1.44 1.2 -8.42651 20.7029 -8.42651
1.44 1.32 -8.11688 21.1786 -8.11688
1.44 1.44 -7.73749 21.6449 -7.73749
1.44 1.56 -7.29363 22.1038 -7.29363
1.44 1.68 -6.8068 22.5346 -6.8068
1.44 1.8 -6.30759 22.8955 -6.30759
1.44 1.92 -5.84319 23.11 -5.84319
1.44 2.04 -5.45046 23.0607 -5.45046
1.44 2.16 -5.23039 22.4555 -5.23039
1.44 2.28 -5.26959 20.7842 -5.26959
1.44 2.4 -5.63611 17.1397 -5.63611
1.44 2.52 -5.71644 10.9519 -5.71644
1.44 2.64 -3.36889 4.42292 -3.36889
1.44 2.76 1.48389 1.19924 1.48389
1.44 2.88 4.1333 0.658718 4.1333
1.44 3 1.62573 1.12066 1.62573
1.44 3.12 -3.24719 4.20843 -3.24719
1.44 3.24 -5.68919 10.714 -5.68919
1.44 3.36 -5.63699 16.9954 -5.63699
1.44 3.48 -5.26112 20.7249 -5.26112
1.44 3.6 -5.20246 22.4572 -5.20246
1.44 3.72 -5.42261 23.0851 -5.42261
1.44 3.84 -5.82835 23.1314 -5.82835
1.44 3.96 -6.2985 22.9138 -6.2985
1.44 4.08 -6.77364 22.5819 -6.77364
1.44 4.2 -7.25354 22.1745 -7.25354
1.44 4.32 -7.73554 21.6974 -7.73554
1.44 4.44 -8.171 21.1899 -8.171
1.44 4.56 -8.47039 20.7439 -8.47039
1.44 4.68 -8.62671 20.3748 -8.62671
1.44 4.8 -8.73322 19.9741 -8.73322
1.44 4.92 -8.79683 19.4899 -8.79683
1.44 5.04 -8.69133 19.0318 -8.69133
1.44 5.16 -8.51255 18.5285 -8.51255
1.44 5.28 -8.45595 17.7704 -8.45595
1.44 5.4 -8.25818 17.0346 -8.25818
1.44 5.52 -8.15267 16.2112 -8.15267
1.44 5.64 4.98807 28.4755 4.98807
1.44 5.76 -23.8246 -0.749183 -23.8246
1.44 5.88 -8.11912 14.2594 -8.11912
1.56 0 -16.1466 6.09667 -16.1466
1.56 0.12 -12.2148 10.2673 -12.2148
1.56 0.24 -12.5969 10.7392 -12.5969
1.56 0.36 -8.00574 16.3497 -8.00574
1.56 0.48 -8.43037 17.0132 -8.43037
1.56 0.6 -8.53152 17.9071 -8.53152
1.56 0.72 -8.67095 18.6147 -8.67095
1.56 0.84 -8.72142 19.241 -8.72142
1.56 0.96 -8.71047 19.7652 -8.71047
1.56 1.08 -8.61355 20.2391 -8.61355
1.56 1.2 -8.40507 20.7097 -8.40507
1.56 1.32 -8.09132 21.192 -8.09132
1.56 1.44 -7.70938 21.6629 -7.70938
1.56 1.56 -7.264 22.1248 -7.264
1.56 1.68 -6.77612 22.5576 -6.77612
1.56 1.8 -6.27636 22.9193 -6.27636
1.56 1.92 -5.8123 23.1328 -5.8123
1.56 2.04 -5.42153 23.0797 -5.42153
1.56 2.16 -5.20651 22.4654 -5.20651
1.56 2.28 -5.25525 20.7743 -5.25525
1.56 2.4 -5.63379 17.0937 -5.63379
1.56 2.52 -5.71211 10.8616 -5.71211
1.56 2.64 -3.31733 4.32249 -3.31733
1.56 2.76 1.60563 1.13399 1.60563
1.56 2.88 4.28699 0.6154 4.28699
1.56 3 1.75504 1.05588 1.75504
1.56 3.12 -3.18758 4.10361 -3.18758
1.56 3.24 -5.68257 10.6141 -5.68257
1.56 3.36 -5.63539 16.9407 -5.63539
1.56 3.48 -5.24747 20.7094 -5.24747
1.56 3.6 -5.17805 22.4642 -5.17805
1.56 3.72 -5.39154 23.1035 -5.39154
1.56 3.84 -5.79351 23.1557 -5.79351
1.56 3.96 -6.26182 22.9411 -6.26182
1.56 4.08 -6.73724 22.6093 -6.73724
1.56 4.2 -7.2197 22.1987 -7.2197
1.56 4.32 -7.70572 21.7159 -7.70572
1.56 4.44 -8.14577 21.2012 -8.14577
1.56 4.56 -8.4506 20.7466 -8.4506
1.56 4.68 -8.61459 20.3658 -8.61459
1.56 4.8 -8.73132 19.9491 -8.73132
1.56 4.92 -8.80543 19.4455 -8.80543
1.56 5.04 -8.70724 18.9672 -8.70724
1.56 5.16 -8.53159 18.4437 -8.53159
1.56 5.28 -8.47665 17.6623 -8.47665
1.56 5.4 -8.28071 16.8988 -8.28071
1.56 5.52 -8.17419 16.048 -8.17419
1.56 5.64 4.97433 28.2938 4.97433
1.56 5.76 -23.8434 -0.950497 -23.8434
1.56 5.88 -8.10803 14.0755 -8.10803
1.68 0 -16.0925 5.85969 -16.0925
1.68 0.12 -12.1438 10.0608 -12.1438
1.68 0.24 -12.5472 10.5515 -12.5472
1.68 0.36 -7.96764 16.1988 -7.96764
1.68 0.48 -8.40157 16.9014 -8.40157
1.68 0.6 -8.50649 17.8327 -8.50649
1.68 0.72 -8.64639 18.571 -8.64639
1.68 0.84 -8.69618 19.2199 -8.69618
1.68 0.96 -8.68382 19.7602 -8.68382
1.68 1.08 -8.5846 20.2461 -8.5846
1.68 1.2 -8.37312 20.726 -8.37312
1.68 1.32 -8.05604 21.2157 -8.05604
1.68 1.44 -7.67071 21.6925 -7.67071
1.68 1.56 -7.22204 22.159 -7.22204
1.68 1.68 -6.73134 22.5949 -6.73134
1.68 1.8 -6.2299 22.9575 -6.2299
1.68 1.92 -5.76592 23.1687 -5.76592
1.68 2.04 -5.37748 23.109 -5.37748
1.68 2.16 -5.16887 22.4798 -5.16887
1.68 2.28 -5.23096 20.7562 -5.23096
1.68 2.4 -5.62702 17.0152 -5.62702
1.68 2.52 -5.69735 10.7113 -5.69735
1.68 2.64 -3.21613 4.16246 -3.21613
1.68 2.76 1.82805 1.03939 1.82805
1.68 2.88 4.56121 0.559307 4.56121
1.68 3 1.98529 0.963353 1.98529
1.68 3.12 -3.07713 3.94179 -3.07713
1.68 3.24 -5.66463 10.4561 -5.66463
1.68 3.36 -5.6293 16.8546 -5.6293
1.68 3.48 -5.22482 20.6859 -5.22482
1.68 3.6 -5.14202 22.4746 -5.14202
1.68 3.72 -5.34855 23.1297 -5.34855
1.68 3.84 -5.74692 23.1897 -5.74692
1.68 3.96 -6.21347 22.9791 -6.21347
1.68 4.08 -6.68945 22.6477 -6.68945
1.68 4.2 -7.17509 22.2337 -7.17509
1.68 4.32 -7.66586 21.7447 -7.66586
1.68 4.44 -8.11066 21.2224 -8.11066
1.68 4.56 -8.4196 20.7592 -8.4196
1.68 4.68 -8.58778 20.3677 -8.58778
1.68 4.8 -8.70953 19.9362 -8.70953
1.68 4.92 -8.7891 19.4122 -8.7891
1.68 5.04 -8.69478 18.9078 -8.69478
1.68 5.16 -8.51913 18.3526 -8.51913
1.68 5.28 -8.45989 17.5335 -8.45989
1.68 5.4 -8.25772 16.7246 -8.25772
1.68 5.52 -8.14427 15.8237 -8.14427
1.68 5.64 5.02389 28.0356 5.02389
1.68 5.76 -23.8063 -1.25328 -23.8063
1.68 5.88 -7.99473 13.8261 -7.99473
1.8 0 -15.9963 5.5469 -15.9963
1.8 0.12 -12.0318 9.78431 -12.0318
1.8 0.24 -12.4692 10.2998 -12.4692
1.8 0.36 -7.91074 15.9967 -7.91074
1.8 0.48 -8.36218 16.7524 -8.36218
1.8 0.6 -8.47734 17.7331 -8.47734
1.8 0.72 -8.62291 18.5106 -8.62291
1.8 0.84 -8.67631 19.1875 -8.67631
1.8 0.96 -8.66621 19.7467 -8.66621
1.8 1.08 -8.56774 20.2456 -8.56774
1.8 1.2 -8.35543 20.7351 -8.35543
1.8 1.32 -8.036 21.2323 -8.036
1.8 1.44 -7.64717 21.7153 -7.64717
1.8 1.56 -7.19449 22.1867 -7.19449
1.8 1.68 -6.70009 22.6256 -6.70009
1.8 1.8 -6.19624 22.9885 -6.19624
1.8 1.92 -5.7317 23.1965 -5.7317
1.8 2.04 -5.34487 23.1287 -5.34487
1.8 2.16 -5.14189 22.4815 -5.14189
1.8 2.28 -5.21743 20.7175 -5.21743
1.8 2.4 -5.63129 16.8999 -5.63129
1.8 2.52 -5.68333 10.5071 -5.68333
1.8 2.64 -3.07903 3.95494 -3.07903
1.8 2.76 2.12915 0.924974 2.12915
1.8 2.88 4.93 0.497295 4.93
1.8 3 2.29447 0.852346 2.29447
1.8 3.12 -2.92954 3.73485 -2.92954
1.8 3.24 -5.64612 10.2462 -5.64612
1.8 3.36 -5.63339 16.7333 -5.63339
1.8 3.48 -5.21264 20.6428 -5.21264
1.8 3.6 -5.11727 22.4726 -5.11727
1.8 3.72 -5.31874 23.1456 -5.31874
1.8 3.84 -5.71528 23.2137 -5.71528
1.8 3.96 -6.18138 23.0071 -6.18138
1.8 4.08 -6.6587 22.6763 -6.6587
1.8 4.2 -7.14776 22.2595 -7.14776
1.8 4.32 -7.64309 21.7648 -7.64309
1.8 4.44 -8.092 21.2353 -8.092
1.8 4.56 -8.40348 20.7642 -8.40348
1.8 4.68 -8.57248 20.3632 -8.57248
1.8 4.8 -8.69397 19.9186 -8.69397
1.8 4.92 -8.77309 19.3745 -8.77309
1.8 5.04 -8.67783 18.84 -8.67783
1.8 5.16 -8.49813 18.2443 -8.49813
1.8 5.28 -8.4285 17.3752 -8.4285
1.8 5.4 -8.21112 16.5067 -8.21112
1.8 5.52 -8.08151 15.5387 -8.08151
1.8 5.64 5.11896 27.7043 5.11896
1.8 5.76 -23.7281 -1.64983 -23.7281
1.8 5.88 -7.80098 13.5136 -7.80098
1.92 0 -15.8625 5.17185 -15.8625
1.92 0.12 -11.8851 9.44891 -11.8851
1.92 0.24 -12.3688 9.99382 -12.3688
1.92 0.36 -7.84093 15.7512 -7.84093
1.92 0.48 -8.31797 16.5717 -8.31797
1.92 0.6 -8.44941 17.6117 -8.44941
1.92 0.72 -8.60513 18.4359 -8.60513
1.92 0.84 -8.66539 19.1454 -8.66539
1.92 0.96 -8.65993 19.7261 -8.65993
1.92 1.08 -8.56416 20.239 -8.56416
1.92 1.2 -8.3525 20.7381 -8.3525
1.92 1.32 -8.03163 21.2427 -8.03163
1.92 1.44 -7.6397 21.7315 -7.6397
1.92 1.56 -7.1831 22.2072 -7.1831
1.92 1.68 -6.68485 22.6488 -6.68485
1.92 1.8 -6.17809 23.0119 -6.17809
1.92 1.92 -5.71206 23.2167 -5.71206
1.92 2.04 -5.32532 23.1409 -5.32532
1.92 2.16 -5.12602 22.4747 -5.12602
1.92 2.28 -5.21331 20.6662 -5.21331
1.92 2.4 -5.6429 16.7628 -5.6429
1.92 2.52 -5.66674 10.2723 -5.66674
1.92 2.64 -2.91257 3.72425 -2.91257
1.92 2.76 2.48733 0.806709 2.48733
1.92 2.88 5.36504 0.440147 5.36504
1.92 3 2.66047 0.738155 2.66047
1.92 3.12 -2.75216 3.50613 -2.75216
1.92 3.24 -5.6242 10.0071 -5.6242
1.92 3.36 -5.64376 16.5916 -5.64376
1.92 3.48 -5.20856 20.589 -5.20856
1.92 3.6 -5.10239 22.464 -5.10239
1.92 3.72 -5.30117 23.1555 -5.30117
1.92 3.84 -5.69808 23.2312 -5.69808
1.92 3.96 -6.16546 23.0276 -6.16546
1.92 4.08 -6.64511 22.697 -6.64511
1.92 4.2 -7.13764 22.2777 -7.13764
1.92 4.32 -7.63699 21.7784 -7.63699
1.92 4.44 -8.08931 21.2425 -8.08931
1.92 4.56 -8.40229 20.7639 -8.40229
1.92 4.68 -8.56996 20.3541 -8.56996
1.92 4.8 -8.68733 19.8974 -8.68733
1.92 4.92 -8.76095 19.3337 -8.76095
1.92 5.04 -8.66001 18.7671 -8.66001
1.92 5.16 -8.47243 18.124 -8.47243
1.92 5.28 -8.38763 17.194 -8.38763
1.92 5.4 -8.14713 16.2532 -8.14713
1.92 5.52 -7.99061 15.2054 -7.99061
1.92 5.64 5.25727 27.3173 5.25727
1.92 5.76 -23.6101 -2.1201 -23.6101
1.92 5.88 -7.53251 13.1555 -7.53251
2.04 0 -15.6875 4.75493 -15.6875
2.04 0.12 -11.704 9.07091 -11.704
2.04 0.24 -12.2464 9.6475 -12.2464
2.04 0.36 -7.75925 15.4725 -7.75925
2.04 0.48 -8.26829 16.3674 -8.26829
2.04 0.6 -8.42016 17.4752 -8.42016
2.04 0.72 -8.58899 18.3514 -8.58899
2.04 0.84 -8.65807 19.0968 -8.65807
2.04 0.96 -8.6586 19.7005 -8.6586
2.04 1.08 -8.56659 20.2276 -8.56659
2.04 1.2 -8.35651 20.7359 -8.35651
2.04 1.32 -8.03494 21.2472 -8.03494
2.04 1.44 -7.64048 21.7413 -7.64048
2.04 1.56 -7.18041 22.2211 -7.18041
2.04 1.68 -6.67847 22.6653 -6.67847
2.04 1.8 -6.16846 23.0294 -6.16846
2.04 1.92 -5.70007 23.2324 -5.70007
2.04 2.04 -5.31215 23.1499 -5.31215
2.04 2.16 -5.11513 22.4653 -5.11513
2.04 2.28 -5.21296 20.6111 -5.21296
2.04 2.4 -5.65664 16.6182 -5.65664
2.04 2.52 -5.6459 10.0279 -5.6459
2.04 2.64 -2.72783 3.4905 -2.72783
2.04 2.76 2.87504 0.695192 2.87504
2.04 2.88 5.83195 0.393008 5.83195
2.04 3 3.05505 0.630573 3.05505
2.04 3.12 -2.5573 3.27452 -2.5573
2.04 3.24 -5.59835 9.75845 -5.59835
2.04 3.36 -5.65599 16.4427 -5.65599
2.04 3.48 -5.20724 20.5322 -5.20724
2.04 3.6 -5.09078 22.4544 -5.09078
2.04 3.72 -5.28782 23.1645 -5.28782
2.04 3.84 -5.68633 23.2466 -5.68633
2.04 3.96 -6.15617 23.0446 -6.15617
2.04 4.08 -6.63878 22.7132 -6.63878
2.04 4.2 -7.13462 22.2915 -7.13462
2.04 4.32 -7.63733 21.7882 -7.63733
2.04 4.44 -8.09242 21.2467 -8.09242
2.04 4.56 -8.40645 20.761 -8.40645
2.04 4.68 -8.57203 20.3426 -8.57203
2.04 4.8 -8.6835 19.8744 -8.6835
2.04 4.92 -8.74866 19.2917 -8.74866
2.04 5.04 -8.63871 18.6917 -8.63871
2.04 5.16 -8.44061 17.9963 -8.44061
2.04 5.28 -8.33796 16.9963 -8.33796
2.04 5.4 -8.06847 15.9727 -8.06847
2.04 5.52 -7.8744 14.8363 -7.8744
2.04 5.64 5.43496 26.8899 5.43496
2.04 5.76 -23.4507 -2.64095 -23.4507
2.04 5.88 -7.19864 12.7663 -7.19864
2.16 0 -15.4738 4.3131 -15.4738
2.16 0.12 -11.4926 8.66507 -11.4926
2.16 0.24 -12.1026 9.27534 -12.1026
2.16 0.36 -7.66491 15.1714 -7.66491
2.16 0.48 -8.21087 16.1471 -8.21087
2.16 0.6 -8.38509 17.3285 -8.38509
2.16 0.72 -8.56817 18.2601 -8.56817
2.16 0.84 -8.64687 19.0427 -8.64687
2.16 0.96 -8.65388 19.6695 -8.65388
2.16 1.08 -8.56605 20.2103 -8.56605
2.16 1.2 -8.35804 20.7268 -8.35804
2.16 1.32 -8.03637 21.2439 -8.03637
2.16 1.44 -7.64005 21.7428 -7.64005
2.16 1.56 -7.17711 22.2265 -7.17711
2.16 1.68 -6.67183 22.674 -6.67183
2.16 1.8 -6.15845 23.0403 -6.15845
2.16 1.92 -5.68715 23.2435 -5.68715
2.16 2.04 -5.29752 23.1562 -5.29752
2.16 2.16 -5.10255 22.4548 -5.10255
2.16 2.28 -5.21108 20.5558 -5.21108
2.16 2.4 -5.66881 16.4747 -5.66881
2.16 2.52 -5.62231 9.7882 -5.62231
2.16 2.64 -2.54023 3.26651 -2.54023
2.16 2.76 3.26103 0.594151 3.26103
2.16 2.88 6.29343 0.354856 6.29343
2.16 3 3.44655 0.532796 3.44655
2.16 3.12 -2.36134 3.05194 -2.36134
2.16 3.24 -5.57116 9.51386 -5.57116
2.16 3.36 -5.66754 16.2942 -5.66754
2.16 3.48 -5.2046 20.4747 -5.2046
2.16 3.6 -5.07692 22.4437 -5.07692
2.16 3.72 -5.2717 23.1716 -5.2717
2.16 3.84 -5.67186 23.2588 -5.67186
2.16 3.96 -6.14449 23.0568 -6.14449
2.16 4.08 -6.63011 22.7235 -6.63011
2.16 4.2 -7.12874 22.2992 -7.12874
2.16 4.32 -7.63391 21.7925 -7.63391
2.16 4.44 -8.09098 21.2464 -8.09098
2.16 4.56 -8.40572 20.7543 -8.40572
2.16 4.68 -8.56929 20.3278 -8.56929
2.16 4.8 -8.6749 19.8483 -8.6749
2.16 4.92 -8.73094 19.2467 -8.73094
2.16 5.04 -8.61067 18.6132 -8.61067
2.16 5.16 -8.40108 17.8626 -8.40108
2.16 5.28 -8.27985 16.7862 -8.27985
2.16 5.4 -7.97764 15.6726 -7.97764
2.16 5.52 -7.73702 14.4427 -7.73702
2.16 5.64 5.64773 26.4382 5.64773
2.16 5.76 -23.2518 -3.19074 -23.2518
2.16 5.88 -6.80738 12.3647 -6.80738
2.28 0 -15.2261 3.86845 -15.2261
2.28 0.12 -11.2649 8.24428 -11.2649
2.28 0.24 -11.9475 8.88953 -11.9475
2.28 0.36 -7.56762 14.8548 -7.56762
2.28 0.48 -8.1548 15.9119 -8.1548
2.28 0.6 -8.35185 17.1692 -8.35185
2.28 0.72 -8.54874 18.1575 -8.54874
2.28 0.84 -8.63667 18.9771 -8.63667
2.28 0.96 -8.64975 19.6264 -8.64975
2.28 1.08 -8.56567 20.1802 -8.56567
2.28 1.2 -8.35947 20.7044 -8.35947
2.28 1.32 -8.03781 21.2268 -8.03781
2.28 1.44 -7.64005 21.73 -7.64005
2.28 1.56 -7.17474 22.2176 -7.17474
2.28 1.68 -6.66651 22.6689 -6.66651
2.28 1.8 -6.14981 23.0386 -6.14981
2.28 1.92 -5.67553 23.2435 -5.67553
2.28 2.04 -5.28435 23.1532 -5.28435
2.28 2.16 -5.09207 22.4367 -5.09207
2.28 2.28 -5.21206 20.496 -5.21206
2.28 2.4 -5.68443 16.3327 -5.68443
2.28 2.52 -5.60481 9.5589 -5.60481
2.28 2.64 -2.3698 3.05653 -2.3698
2.28 2.76 3.61327 0.500508 3.61327
2.28 2.88 6.71338 0.319162 6.71338
2.28 3 3.80297 0.4417 3.80297
2.28 3.12 -2.18446 2.84265 -2.18446
2.28 3.24 -5.55167 9.27912 -5.55167
2.28 3.36 -5.6839 16.1463 -5.6839
2.28 3.48 -5.20594 20.4116 -5.20594
2.28 3.6 -5.06597 22.4244 -5.06597
2.28 3.72 -5.25749 23.1685 -5.25749
2.28 3.84 -5.65876 23.2594 -5.65876
2.28 3.96 -6.13401 23.0562 -6.13401
2.28 4.08 -6.62241 22.7201 -6.62241
2.28 4.2 -7.12322 22.293 -7.12322
2.28 4.32 -7.63001 21.7834 -7.63001
2.28 4.44 -8.0883 21.2335 -8.0883
2.28 4.56 -8.4035 20.7361 -8.4035
2.28 4.68 -8.56562 20.3018 -8.56562
2.28 4.8 -8.66662 19.8109 -8.66662
2.28 4.92 -8.7148 19.1904 -8.7148
2.28 5.04 -8.58485 18.5233 -8.58485
2.28 5.16 -8.36407 17.717 -8.36407
2.28 5.28 -8.2244 16.562 -8.2244
2.28 5.4 -7.88719 15.356 -7.88719
2.28 5.52 -7.59331 14.0326 -7.59331
2.28 5.64 5.87642 25.9727 5.87642
2.28 5.76 -23.0283 -3.75035 -23.0283
2.28 5.88 -6.38474 11.9611 -6.38474
2.4 0 -14.9482 3.45457 -14.9482
2.4 0.12 -11.0315 7.83529 -11.0315
2.4 0.24 -11.7875 8.5164 -11.7875
2.4 0.36 -7.46827 14.5472 -7.46827
2.4 0.48 -8.09896 15.6817 -8.09896
2.4 0.6 -8.31791 17.0134 -8.31791
2.4 0.72 -8.52612 18.0579 -8.52612
2.4 0.84 -8.62096 18.9144 -8.62096
2.4 0.96 -8.63804 19.5865 -8.63804
2.4 1.08 -8.55588 20.1538 -8.55588
2.4 1.2 -8.35014 20.6861 -8.35014
2.4 1.32 -8.02788 21.214 -8.02788
2.4 1.44 -7.62887 21.7213 -7.62887
2.4 1.56 -7.16192 22.2123 -7.16192
2.4 1.68 -6.65171 22.6666 -6.65171
2.4 1.8 -6.13276 23.0391 -6.13276
2.4 1.92 -5.65666 23.2452 -5.65666
2.4 2.04 -5.26543 23.1515 -5.26543
2.4 2.16 -5.07748 22.4206 -5.07748
2.4 2.28 -5.21001 20.4418 -5.21001
2.4 2.4 -5.6979 16.2052 -5.6979
2.4 2.52 -5.5914 9.35537 -5.5914
2.4 2.64 -2.22484 2.87183 -2.22484
2.4 2.76 3.91327 0.4175 3.91327
2.4 2.88 7.07025 0.285942 7.07025
2.4 3 4.1063 0.360853 4.1063
2.4 3.12 -2.03431 2.65857 -2.03431
2.4 3.24 -5.53712 9.07069 -5.53712
2.4 3.36 -5.69885 16.0131 -5.69885
2.4 3.48 -5.20523 20.3535 -5.20523
2.4 3.6 -5.05216 22.4059 -5.05216
2.4 3.72 -5.23896 23.1653 -5.23896
2.4 3.84 -5.63997 23.2601 -5.63997
2.4 3.96 -6.11679 23.0561 -6.11679
2.4 4.08 -6.60695 22.7179 -6.60695
2.4 4.2 -7.10892 22.2886 -7.10892
2.4 4.32 -7.61633 21.7769 -7.61633
2.4 4.44 -8.07519 21.2241 -8.07519
2.4 4.56 -8.39086 20.7218 -8.39086
2.4 4.68 -8.55253 20.2797 -8.55253
2.4 4.8 -8.65115 19.7764 -8.65115
2.4 4.92 -8.69449 19.1358 -8.69449
2.4 5.04 -8.55755 18.435 -8.55755
2.4 5.16 -8.32735 17.574 -8.32735
2.4 5.28 -8.17038 16.3419 -8.17038
2.4 5.4 -7.79806 15.0458 -7.79806
2.4 5.52 -7.44775 13.6333 -7.44775
2.4 5.64 6.11277 25.5248 6.11277
2.4 5.76 -22.7881 -4.28304 -22.7881
2.4 5.88 -5.94907 11.5843 -5.94907
2.52 0 -14.667 3.0909 -14.667
2.52 0.12 -10.8006 7.47606 -10.8006
2.52 0.24 -11.6306 8.18739 -11.6306
2.52 0.36 -7.36878 14.2785 -7.36878
2.52 0.48 -8.04064 15.4832 -8.04064
2.52 0.6 -8.27865 16.8841 -8.27865
2.52 0.72 -8.49409 17.983 -8.49409
2.52 0.84 -8.59173 18.8762 -8.59173
2.52 0.96 -8.60925 19.572 -8.60925
2.52 1.08 -8.52604 20.1544 -8.52604
2.52 1.2 -8.31868 20.6964 -8.31868
2.52 1.32 -7.99482 21.2303 -7.99482
2.52 1.44 -7.59475 21.7413 -7.59475
2.52 1.56 -7.1273 22.2343 -7.1273
2.52 1.68 -6.61691 22.6894 -6.61691
2.52 1.8 -6.09798 23.0618 -6.09798
2.52 1.92 -5.62265 23.266 -5.62265
2.52 2.04 -5.23417 23.1661 -5.23417
2.52 2.16 -5.05308 22.4196 -5.05308
2.52 2.28 -5.1994 20.4058 -5.1994
2.52 2.4 -5.70345 16.106 -5.70345
2.52 2.52 -5.57786 9.19238 -5.57786
2.52 2.64 -2.10655 2.72397 -2.10655
2.52 2.76 4.15507 0.351795 4.15507
2.52 2.88 7.35715 0.260297 7.35715
2.52 3 4.35113 0.297362 4.35113
2.52 3.12 -1.91122 2.5121 -1.91122
2.52 3.24 -5.52209 8.90467 -5.52209
2.52 3.36 -5.70541 15.9099 -5.70541
2.52 3.48 -5.19593 20.3146 -5.19593
2.52 3.6 -5.02907 22.4025 -5.02907
2.52 3.72 -5.20925 23.1777 -5.20925
2.52 3.84 -5.60772 23.2787 -5.60772
2.52 3.96 -6.084 23.0765 -6.084
2.52 4.08 -6.57404 22.7384 -6.57404
2.52 4.2 -7.07549 22.3091 -7.07549
2.52 4.32 -7.58231 21.7966 -7.58231
2.52 4.44 -8.04124 21.2415 -8.04124
2.52 4.56 -8.3576 20.7344 -8.3576
2.52 4.68 -8.52012 20.2839 -8.52012
2.52 4.8 -8.61902 19.7669 -8.61902
2.52 4.92 -8.66157 19.1043 -8.66157
2.52 5.04 -8.52191 18.3692 -8.52191
2.52 5.16 -8.28541 17.4559 -8.28541
2.52 5.28 -8.11345 16.152 -8.11345
2.52 5.4 -7.70865 14.7722 -7.70865
2.52 5.52 -7.30389 13.2788 -7.30389
2.52 5.64 6.34496 25.129 6.34496
2.52 5.76 -22.5445 -4.75009 -22.5445
2.52 5.88 -5.5271 11.2607 -5.5271
2.64 0 -14.4517 2.76312 -14.4517
2.64 0.12 -10.5773 7.21134 -10.5773
2.64 0.24 -11.4844 7.93579 -11.4844
2.64 0.36 -7.27127 14.0782 -7.27127
2.64 0.48 -7.97688 15.3429 -7.97688
2.64 0.6 -8.2297 16.803 -8.2297
2.64 0.72 -8.44856 17.9502 -8.44856
2.64 0.84 -8.54527 18.8779 -8.54527
2.64 0.96 -8.56011 19.597 -8.56011
2.64 1.08 -8.47341 20.1953 -8.47341
2.64 1.2 -8.26278 20.7477 -8.26278
2.64 1.32 -7.93649 21.2881 -7.93649
2.64 1.44 -7.53521 21.8023 -7.53521
2.64 1.56 -7.06785 22.296 -7.06785
2.64 1.68 -6.55841 22.7499 -6.55841
2.64 1.8 -6.04098 23.1194 -6.04098
2.64 1.92 -5.56813 23.3187 -5.56813
2.64 2.04 -5.18411 23.2101 -5.18411
2.64 2.16 -5.01102 22.4474 -5.01102
2.64 2.28 -5.17081 20.4027 -5.17081
2.64 2.4 -5.69049 16.0509 -5.69049
2.64 2.52 -5.55412 9.08537 -5.55412
2.64 2.64 -2.00781 2.62504 -2.00781
2.64 2.76 4.34357 0.311949 4.34357
2.64 2.88 7.57867 0.249754 7.57867
2.64 3 4.54267 0.26 4.54267
2.64 3.12 -1.80755 2.41573 -1.80755
2.64 3.24 -5.49581 8.79719 -5.49581
2.64 3.36 -5.69204 15.8535 -5.69204
2.64 3.48 -5.16766 20.3105 -5.16766
2.64 3.6 -4.98786 22.4293 -4.98786
2.64 3.72 -5.16088 23.2201 -5.16088
2.64 3.84 -5.55564 23.3292 -5.55564
2.64 3.96 -6.03017 23.1312 -6.03017
2.64 4.08 -6.51907 22.7955 -6.51907
2.64 4.2 -7.01914 22.3677 -7.01914
2.64 4.32 -7.52487 21.8556 -7.52487
2.64 4.44 -7.98386 21.2985 -7.98386
2.64 4.56 -8.30125 20.7866 -8.30125
2.64 4.68 -8.4655 20.3276 -8.4655
2.64 4.8 -8.5665 19.7964 -8.5665
2.64 4.92 -8.61139 19.1116 -8.61139
2.64 5.04 -8.47261 18.3436 -8.47261
2.64 5.16 -8.23279 17.3835 -8.23279
2.64 5.28 -8.0487 16.0173 -8.0487
2.64 5.4 -7.61623 14.5656 -7.61623
2.64 5.52 -7.16351 13.0043 -7.16351
2.64 5.64 6.56467 24.8229 6.56467
2.64 5.76 -22.31 -5.11227 -22.31
2.64 5.88 -5.14341 11.0197 -5.14341
2.76 0 -14.348 2.48366 -14.348
2.76 0.12 -10.3962 7.05198 -10.3962
2.76 0.24 -11.3734 7.77194 -11.3734
2.76 0.36 -7.19528 13.9513 -7.19528
2.76 0.48 -7.92517 15.2592 -7.92517
2.76 0.6 -8.1883 16.7626 -8.1883
2.76 0.72 -8.40838 17.9465 -8.40838
2.76 0.84 -8.50251 18.9017 -8.50251
2.76 0.96 -8.51354 19.6403 -8.51354
2.76 1.08 -8.42273 20.2524 -8.42273
2.76 1.2 -8.20861 20.814 -8.20861
2.76 1.32 -7.87982 21.3601 -7.87982
2.76 1.44 -7.47713 21.8771 -7.47713
2.76 1.56 -7.00963 22.3709 -7.00963
2.76 1.68 -6.50093 22.8227 -6.50093
2.76 1.8 -5.98484 23.1886 -5.98484
2.76 1.92 -5.5143 23.3821 -5.5143
2.76 2.04 -5.1344 23.2646 -5.1344
2.76 2.16 -4.96833 22.4873 -4.96833
2.76 2.28 -5.13923 20.418 -5.13923
2.76 2.4 -5.67182 16.0269 -5.67182
2.76 2.52 -5.53034 9.02264 -5.53034
2.76 2.64 -1.9351 2.56489 -1.9351
2.76 2.76 4.4761 0.289967 4.4761
2.76 2.88 7.73373 0.247376 7.73373
2.76 3 4.67829 0.240695 4.67829
2.76 3.12 -1.72985 2.35904 -1.72985
2.76 3.24 -5.46853 8.73622 -5.46853
2.76 3.36 -5.67158 15.8306 -5.67158
2.76 3.48 -5.13528 20.3267 -5.13528
2.76 3.6 -4.94519 22.4697 -4.94519
2.76 3.72 -5.11226 23.274 -5.11226
2.76 3.84 -5.50386 23.3912 -5.50386
2.76 3.96 -5.97697 23.1979 -5.97697
2.76 4.08 -6.46508 22.8652 -6.46508
2.76 4.2 -6.96412 22.4395 -6.96412
2.76 4.32 -7.46915 21.9281 -7.46915
2.76 4.44 -7.92847 21.3692 -7.92847
2.76 4.56 -8.24689 20.8532 -8.24689
2.76 4.68 -8.41279 20.3869 -8.41279
2.76 4.8 -8.51607 19.8436 -8.51607
2.76 4.92 -8.56417 19.1397 -8.56417
2.76 5.04 -8.4278 18.3446 -8.4278
2.76 5.16 -8.18653 17.3476 -8.18653
2.76 5.28 -7.99312 15.9343 -7.99312
2.76 5.4 -7.53928 14.4285 -7.53928
2.76 5.52 -7.04949 12.8164 -7.04949
2.76 5.64 6.73948 24.612 6.73948
2.76 5.76 -22.1205 -5.36195 -22.1205
2.76 5.88 -4.84521 10.8581 -4.84521
2.88 0 -14.3066 2.34559 -14.3066
2.88 0.12 -10.3095 6.9776 -10.3095
2.88 0.24 -11.322 7.6938 -11.322
2.88 0.36 -7.16238 13.8903 -7.16238
2.88 0.48 -7.90554 15.219 -7.90554
2.88 0.6 -8.17499 16.7436 -8.17499
2.88 0.72 -8.39644 17.946 -8.39644
2.88 0.84 -8.48945 18.9157 -8.48945
2.88 0.96 -8.49847 19.6651 -8.49847
2.88 1.08 -8.4055 20.2849 -8.4055
2.88 1.2 -8.18953 20.8517 -8.18953
2.88 1.32 -7.85909 21.4012 -7.85909
2.88 1.44 -7.45478 21.9204 -7.45478
2.88 1.56 -6.98575 22.4151 -6.98575
2.88 1.68 -6.47555 22.8668 -6.47555
2.88 1.8 -5.95799 23.2317 -5.95799
2.88 1.92 -5.48651 23.423 -5.48651
2.88 2.04 -5.10708 23.301 -5.10708
2.88 2.16 -4.94377 22.5153 -4.94377
2.88 2.28 -5.12055 20.4311 -5.12055
2.88 2.4 -5.66071 16.016 -5.66071
2.88 2.52 -5.51667 8.98773 -5.51667
2.88 2.64 -1.89339 2.52968 -1.89339
2.88 2.76 4.55299 0.275781 4.55299
2.88 2.88 7.82447 0.244627 7.82447
2.88 3 4.75788 0.228929 4.75788
2.88 3.12 -1.68381 2.32731 -1.68381
2.88 3.24 -5.45138 8.70404 -5.45138
2.88 3.36 -5.65832 15.8219 -5.65832
2.88 3.48 -5.11549 20.3415 -5.11549
2.88 3.6 -4.92038 22.4987 -4.92038
2.88 3.72 -5.08553 23.3105 -5.08553
2.88 3.84 -5.47726 23.4314 -5.47726
2.88 3.96 -5.9518 23.2397 -5.9518
2.88 4.08 -6.44168 22.9075 -6.44168
2.88 4.2 -6.942 22.4818 -6.942
2.88 4.32 -7.44789 21.9699 -7.44789
2.88 4.44 -7.90795 21.4097 -7.90795
2.88 4.56 -8.22688 20.8913 -8.22688
2.88 4.68 -8.39316 20.421 -8.39316
2.88 4.8 -8.497 19.8711 -8.497
2.88 4.92 -8.54635 19.1563 -8.54635
2.88 5.04 -8.41101 18.3451 -8.41101
2.88 5.16 -8.16815 17.3269 -8.16815
2.88 5.28 -7.96772 15.887 -7.96772
2.88 5.4 -7.4995 14.3508 -7.4995
2.88 5.52 -6.98656 12.7097 -6.98656
2.88 5.64 6.83771 24.4909 6.83771
2.88 5.76 -22.0125 -5.50497 -22.0125
2.88 5.88 -4.67541 10.7649 -4.67541
3 0 -14.2871 2.40417 -14.2871
3 0.12 -10.3436 6.97256 -10.3436
3 0.24 -11.3418 7.69622 -11.3418
3 0.36 -7.18168 13.8885 -7.18168
3 0.48 -7.92496 15.2141 -7.92496
3 0.6 -8.19594 16.7353 -8.19594
3 0.72 -8.4192 17.935 -8.4192
3 0.84 -8.51339 18.9032 -8.51339
3 0.96 -8.52305 19.652 -8.52305
3 1.08 -8.43065 20.2714 -8.43065
3 1.2 -8.21504 20.8378 -8.21504
3 1.32 -7.88426 21.3875 -7.88426
3 1.44 -7.47846 21.9078 -7.47846
3 1.56 -7.00655 22.4048 -7.00655
3 1.68 -6.4924 22.8595 -6.4924
3 1.8 -5.97019 23.2278 -5.97019
3 1.92 -5.49406 23.4221 -5.49406
3 2.04 -5.11099 23.3019 -5.11099
3 2.16 -4.94591 22.5156 -4.94591
3 2.28 -5.1234 20.4268 -5.1234
3 2.4 -5.66596 16.0022 -5.66596
3 2.52 -5.52037 8.96364 -5.52037
3 2.64 -1.88417 2.50506 -1.88417
3 2.76 4.57922 0.260225 4.57922
3 2.88 7.85801 0.234474 7.85801
3 3 4.78589 0.21495 4.78589
3 3.12 -1.67195 2.30496 -1.67195
3 3.24 -5.45304 8.68191 -5.45304
3 3.36 -5.66262 15.8095 -5.66262
3 3.48 -5.11819 20.3379 -5.11819
3 3.6 -4.92295 22.499 -4.92295
3 3.72 -5.09003 23.3111 -5.09003
3 3.84 -5.4852 23.4301 -5.4852
3 3.96 -5.96408 23.2354 -5.96408
3 4.08 -6.45835 22.8999 -6.45835
3 4.2 -6.96241 22.4714 -6.96241
3 4.32 -7.47072 21.9576 -7.47072
3 4.44 -7.9317 21.3966 -7.9317
3 4.56 -8.25042 20.8783 -8.25042
3 4.68 -8.41563 20.4085 -8.41563
3 4.8 -8.51809 19.8591 -8.51809
3 4.92 -8.56614 19.1437 -8.56614
3 5.04 -8.42971 18.3306 -8.42971
3 5.16 -8.18502 17.3095 -8.18502
3 5.28 -7.98081 15.8663 -7.98081
3 5.4 -7.50684 14.326 -7.50684
3 5.52 -6.98723 12.6797 -6.98723
3 5.64 6.84461 24.457 6.84461
3 5.76 -22.0041 -5.54457 -22.0041
3 5.88 -4.65301 10.7364 -4.65301
3.12 0 -14.3345 2.59843 -14.3345
3.12 0.12 -10.4742 7.04894 -10.4742
3.12 0.24 -11.4215 7.78095 -11.4215
3.12 0.36 -7.24258 13.9487 -7.24258
3.12 0.48 -7.97309 15.2477 -7.97309
3.12 0.6 -8.23992 16.7422 -8.23992
3.12 0.72 -8.46399 17.9194 -8.46399
3.12 0.84 -8.56006 18.8716 -8.56006
3.12 0.96 -8.57147 19.6094 -8.57147
3.12 1.08 -8.48087 20.2211 -8.48087
3.12 1.2 -8.26655 20.7825 -8.26655
3.12 1.32 -7.93587 21.3298 -7.93587
3.12 1.44 -7.52838 21.8508 -7.52838
3.12 1.56 -7.05262 22.3512 -7.05262
3.12 1.68 -6.53295 22.8116 -6.53295
3.12 1.8 -6.00415 23.187 -6.00415
3.12 1.92 -5.52128 23.3889 -5.52128
3.12 2.04 -5.13229 23.2756 -5.13229
3.12 2.16 -4.96293 22.4946 -4.96293
3.12 2.28 -5.13848 20.4086 -5.13848
3.12 2.4 -5.68124 15.9846 -5.68124
3.12 2.52 -5.53682 8.94442 -5.53682
3.12 2.64 -1.90055 2.484 -1.90055
3.12 2.76 4.56531 0.23889 4.56531
3.12 2.88 7.84591 0.21372 7.84591
3.12 3 4.77231 0.19385 4.77231
3.12 3.12 -1.68823 2.28396 -1.68823
3.12 3.24 -5.46999 8.66242 -5.46999
3.12 3.36 -5.67911 15.7909 -5.67911
3.12 3.48 -5.13483 20.3185 -5.13483
3.12 3.6 -4.94146 22.4765 -4.94146
3.12 3.72 -5.1121 23.2837 -5.1121
3.12 3.84 -5.51214 23.3967 -5.51214
3.12 3.96 -5.99668 23.1953 -5.99668
3.12 4.08 -6.49679 22.8534 -6.49679
3.12 4.2 -7.00623 22.4195 -7.00623
3.12 4.32 -7.51833 21.9022 -7.51833
3.12 4.44 -7.98087 21.3406 -7.98087
3.12 4.56 -8.29955 20.824 -8.29955
3.12 4.68 -8.46361 20.3583 -8.46361
3.12 4.8 -8.56449 19.815 -8.56449
3.12 4.92 -8.61045 19.1085 -8.61045
3.12 5.04 -8.47219 18.3067 -8.47219
3.12 5.16 -8.22671 17.3005 -8.22671
3.12 5.28 -8.02368 15.8763 -8.02368
3.12 5.4 -7.55452 14.3571 -7.55452
3.12 5.52 -7.04636 12.7286 -7.04636
3.12 5.64 6.76325 24.511 6.76325
3.12 5.76 -22.0926 -5.48042 -22.0926
3.12 5.88 -4.77632 10.7722 -4.77632
3.24 0 -14.4929 2.84279 -14.4929
3.24 0.12 -10.6436 7.23468 -10.6436
3.24 0.24 -11.5302 7.95813 -11.5302
3.24 0.36 -7.31449 14.0879 -7.31449
3.24 0.48 -8.01911 15.3431 -8.01911
3.24 0.6 -8.27417 16.7942 -8.27417
3.24 0.72 -8.49432 17.9361 -8.49432
3.24 0.84 -8.58851 18.8639 -8.58851
3.24 0.96 -8.59863 19.5859 -8.59863
3.24 1.08 -8.50731 20.1873 -8.50731
3.24 1.2 -8.29236 20.7425 -8.29236
3.24 1.32 -7.96078 21.2868 -7.96078
3.24 1.44 -7.55154 21.8078 -7.55154
3.24 1.56 -7.07289 22.311 -7.07289
3.24 1.68 -6.54947 22.7763 -6.54947
3.24 1.8 -6.01661 23.1576 -6.01661
3.24 1.92 -5.53006 23.3658 -5.53006
3.24 2.04 -5.13834 23.2581 -5.13834
3.24 2.16 -4.96771 22.4816 -4.96771
3.24 2.28 -5.14402 20.3984 -5.14402
3.24 2.4 -5.68957 15.9761 -5.68957
3.24 2.52 -5.55074 8.93603 -5.55074
3.24 2.64 -1.92314 2.47141 -1.92314
3.24 2.76 4.53636 0.22062 4.53636
3.24 2.88 7.81523 0.193205 7.81523
3.24 3 4.74219 0.174414 4.74219
3.24 3.12 -1.71329 2.26906 -1.71329
3.24 3.24 -5.48701 8.65119 -5.48701
3.24 3.36 -5.6907 15.7792 -5.6907
3.24 3.48 -5.14331 20.3051 -5.14331
3.24 3.6 -4.94831 22.461 -4.94831
3.24 3.72 -5.11875 23.2651 -5.11875
3.24 3.84 -5.51991 23.374 -5.51991
3.24 3.96 -6.00672 23.1679 -6.00672
3.24 4.08 -6.51011 22.8208 -6.51011
3.24 4.2 -7.02338 22.3821 -7.02338
3.24 4.32 -7.53885 21.8616 -7.53885
3.24 4.44 -8.00354 21.2993 -8.00354
3.24 4.56 -8.32357 20.7846 -8.32357
3.24 4.68 -8.48882 20.3234 -8.48882
3.24 4.8 -8.59126 19.7879 -8.59126
3.24 4.92 -8.63856 19.094 -8.63856
3.24 5.04 -8.5018 18.3116 -8.5018
3.24 5.16 -8.2599 17.3327 -8.2599
3.24 5.28 -8.06569 15.9439 -8.06569
3.24 5.4 -7.61401 14.465 -7.61401
3.24 5.52 -7.13551 12.873 -7.13551
3.24 5.64 6.62438 24.6679 6.62438
3.24 5.76 -22.2448 -5.2973 -22.2448
3.24 5.88 -5.01048 10.8887 -5.01048
3.36 0 -14.7095 3.13938 -14.7095
3.36 0.12 -10.8111 7.53256 -10.8111
3.36 0.24 -11.6353 8.23287 -11.6353
3.36 0.36 -7.36928 14.3174 -7.36928
3.36 0.48 -8.03667 15.5195 -8.03667
3.36 0.6 -8.27254 16.9177 -8.27254
3.36 0.72 -8.48246 18.0186 -8.48246
3.36 0.84 -8.56886 18.9201 -8.56886
3.36 0.96 -8.57235 19.6268 -8.57235
3.36 1.08 -8.47552 20.2198 -8.47552
3.36 1.2 -8.25625 20.7707 -8.25625
3.36 1.32 -7.92174 21.3131 -7.92174
3.36 1.44 -7.51073 21.8336 -7.51073
3.36 1.56 -7.03129 22.3373 -7.03129
3.36 1.68 -6.50792 22.8036 -6.50792
3.36 1.8 -5.97598 23.186 -5.97598
3.36 1.92 -5.49135 23.3948 -5.49135
3.36 2.04 -5.10237 23.287 -5.10237
3.36 2.16 -4.9353 22.5095 -4.9353
3.36 2.28 -5.11639 20.4244 -5.11639
3.36 2.4 -5.66825 15.9997 -5.66825
3.36 2.52 -5.53865 8.95591 -5.53865
3.36 2.64 -1.92419 2.48337 -1.92419
3.36 2.76 4.52475 0.223737 4.52475
3.36 2.88 7.79989 0.192569 7.79989
3.36 3 4.72838 0.175438 4.72838
3.36 3.12 -1.71833 2.27723 -1.71833
3.36 3.24 -5.47924 8.66681 -5.47924
3.36 3.36 -5.67313 15.7987 -5.67313
3.36 3.48 -5.1184 20.3278 -5.1184
3.36 3.6 -4.91714 22.487 -4.91714
3.36 3.72 -5.08237 23.2939 -5.08237
3.36 3.84 -5.47933 23.4047 -5.47933
3.36 3.96 -5.96325 23.1992 -5.96325
3.36 4.08 -6.46547 22.8516 -6.46547
3.36 4.2 -6.97923 22.4115 -6.97923
3.36 4.32 -7.49648 21.8894 -7.49648
3.36 4.44 -7.96374 21.3263 -7.96374
3.36 4.56 -8.28721 20.8122 -8.28721
3.36 4.68 -8.45708 20.3536 -8.45708
3.36 4.8 -8.56567 19.8238 -8.56567
3.36 4.92 -8.61984 19.1419 -8.61984
3.36 5.04 -8.49005 18.3811 -8.49005
3.36 5.16 -8.25705 17.4364 -8.25705
3.36 5.28 -8.07876 16.0941 -8.07876
3.36 5.4 -7.65583 14.669 -7.65583
3.36 5.52 -7.22163 13.1276 -7.22163
3.36 5.64 6.46863 24.9429 6.46863
3.36 5.76 -22.417 -4.98153 -22.417
3.36 5.88 -5.30508 11.1048 -5.30508
3.48 0 -14.9246 3.50286 -14.9246
3.48 0.12 -10.9818 7.89725 -10.9818
3.48 0.24 -11.7397 8.57183 -11.7397
3.48 0.36 -7.41674 14.6072 -7.41674
3.48 0.48 -8.04254 15.7496 -8.04254
3.48 0.6 -8.25534 17.0902 -8.25534
3.48 0.72 -8.45054 18.149 -8.45054
3.48 0.84 -8.52486 19.0252 -8.52486
3.48 0.96 -8.51762 19.719 -8.51762
3.48 1.08 -8.41134 20.307 -8.41134
3.48 1.2 -8.18449 20.8568 -8.18449
3.48 1.32 -7.84516 21.399 -7.84516
3.48 1.44 -7.43242 21.9185 -7.43242
3.48 1.56 -6.95418 22.4199 -6.95418
3.48 1.68 -6.43438 22.8824 -6.43438
3.48 1.8 -5.90785 23.2599 -5.90785
3.48 1.92 -5.42978 23.4626 -5.42978
3.48 2.04 -5.04759 23.3484 -5.04759
3.48 2.16 -4.88689 22.5646 -4.88689
3.48 2.28 -5.07397 20.4731 -5.07397
3.48 2.4 -5.63173 16.042 -5.63173
3.48 2.52 -5.5088 8.99187 -5.5088
3.48 2.64 -1.9028 2.51157 -1.9028
3.48 2.76 4.53935 0.245139 4.53935
3.48 2.88 7.81175 0.211107 7.81175
3.48 3 4.74073 0.194808 4.74073
3.48 3.12 -1.70052 2.30204 -1.70052
3.48 3.24 -5.45261 8.6994 -5.45261
3.48 3.36 -5.63861 15.8385 -5.63861
3.48 3.48 -5.07658 20.3752 -5.07658
3.48 3.6 -4.86791 22.5425 -4.86791
3.48 3.72 -5.02569 23.3573 -5.02569
3.48 3.84 -5.41534 23.4755 -5.41534
3.48 3.96 -5.8928 23.2764 -5.8928
3.48 4.08 -6.39022 22.9334 -6.39022
3.48 4.2 -6.90136 22.496 -6.90136
3.48 4.32 -7.41855 21.9749 -7.41855
3.48 4.44 -7.88838 21.4112 -7.88838
3.48 4.56 -8.21672 20.8963 -8.21672
3.48 4.68 -8.39364 20.438 -8.39364
3.48 4.8 -8.51156 19.9115 -8.51156
3.48 4.92 -8.57661 19.2392 -8.57661
3.48 5.04 -8.45786 18.5 -8.45786
3.48 5.16 -8.23681 17.5936 -8.23681
3.48 5.28 -8.0776 16.3061 -8.0776
3.48 5.4 -7.68947 14.9446 -7.68947
3.48 5.52 -7.30767 13.465 -7.30767
3.48 5.64 6.30332 25.3097 6.30332
3.48 5.76 -22.5961 -4.55942 -22.5961
3.48 5.88 -5.63483 11.4045 -5.63483
3.6 0 -15.1405 3.88991 -15.1405
3.6 0.12 -11.1775 8.26615 -11.1775
3.6 0.24 -11.8685 8.91549 -11.8685
3.6 0.36 -7.49147 14.8966 -7.49147
3.6 0.48 -8.07885 15.9734 -8.07885
3.6 0.6 -8.27003 17.2527 -8.27003
3.6 0.72 -8.45141 18.267 -8.45141
3.6 0.84 -8.51487 19.1164 -8.51487
3.6 0.96 -8.49791 19.797 -8.49791
3.6 1.08 -8.38247 20.3805 -8.38247
3.6 1.2 -8.14782 20.9303 -8.14782
3.6 1.32 -7.80323 21.4729 -7.80323
3.6 1.44 -7.38852 21.9913 -7.38852
3.6 1.56 -6.91153 22.4892 -6.91153
3.6 1.68 -6.39552 22.946 -6.39552
3.6 1.8 -5.87439 23.3162 -5.87439
3.6 1.92 -5.40216 23.5113 -5.40216
3.6 2.04 -5.02492 23.39 -5.02492
3.6 2.16 -4.86727 22.6003 -4.86727
3.6 2.28 -5.05526 20.5042 -5.05526
3.6 2.4 -5.61195 16.069 -5.61195
3.6 2.52 -5.48564 9.01572 -5.48564
3.6 2.64 -1.87456 2.53444 -1.87456
3.6 2.76 4.57162 0.268938 4.57162
3.6 2.88 7.84494 0.235263 7.84494
3.6 3 4.7718 0.217684 4.7718
3.6 3.12 -1.67361 2.32378 -1.67361
3.6 3.24 -5.42958 8.72299 -5.42958
3.6 3.36 -5.61747 15.8665 -5.61747
3.6 3.48 -5.05541 20.4087 -5.05541
3.6 3.6 -4.84526 22.5817 -4.84526
3.6 3.72 -5.00018 23.4027 -5.00018
3.6 3.84 -5.38574 23.5276 -5.38574
3.6 3.96 -5.85867 23.3351 -5.85867
3.6 4.08 -6.35197 22.9981 -6.35197
3.6 4.2 -6.86031 22.5651 -6.86031
3.6 4.32 -7.37694 22.0463 -7.37694
3.6 4.44 -7.84894 21.4829 -7.84894
3.6 4.56 -8.18185 20.9673 -8.18185
3.6 4.68 -8.36531 20.5094 -8.36531
3.6 4.8 -8.49162 19.9865 -8.49162
3.6 4.92 -8.56656 19.3251 -8.56656
3.6 5.04 -8.45784 18.6099 -8.45784
3.6 5.16 -8.24687 17.7473 -8.24687
3.6 5.28 -8.10403 16.523 -8.10403
3.6 5.4 -7.74924 15.2345 -7.74924
3.6 5.52 -7.41985 13.8266 -7.41985
3.6 5.64 6.11192 25.7109 6.11192
3.6 5.76 -22.7932 -4.08842 -22.7932
3.6 5.88 -5.9972 11.742 -5.9972
3.72 0 -15.3759 4.24069 -15.3759
3.72 0.12 -11.41 8.58572 -11.41
3.72 0.24 -12.039 9.20848 -12.039
3.72 0.36 -7.61667 15.1295 -7.61667
3.72 0.48 -8.17241 16.1361 -8.17241
3.72 0.6 -8.3468 17.3504 -8.3468
3.72 0.72 -8.51961 18.3156 -8.51961
3.72 0.84 -8.57825 19.1326 -8.57825
3.72 0.96 -8.55729 19.7948 -8.55729
3.72 1.08 -8.43734 20.37 -8.43734
3.72 1.2 -8.19795 20.9171 -8.19795
3.72 1.32 -7.8493 21.4592 -7.8493
3.72 1.44 -7.432 21.9768 -7.432
3.72 1.56 -6.95403 22.4726 -6.95403
3.72 1.68 -6.43831 22.9262 -6.43831
3.72 1.8 -5.91802 23.2926 -5.91802
3.72 1.92 -5.44615 23.4843 -5.44615
3.72 2.04 -5.06783 23.3612 -5.06783
3.72 2.16 -4.90684 22.5719 -4.90684
3.72 2.28 -5.08893 20.4776 -5.08893
3.72 2.4 -5.63702 16.0443 -5.63702
3.72 2.52 -5.49742 8.99421 -5.49742
3.72 2.64 -1.86746 2.52164 -1.86746
3.72 2.76 4.59427 0.266977 4.59427
3.72 2.88 7.87258 0.237759 7.87258
3.72 3 4.79474 0.216423 4.79474
3.72 3.12 -1.665 2.31293 -1.665
3.72 3.24 -5.43818 8.70503 -5.43818
3.72 3.36 -5.63823 15.8467 -5.63823
3.72 3.48 -5.08461 20.3875 -5.08461
3.72 3.6 -4.88117 22.5584 -4.88117
3.72 3.72 -5.041 23.3779 -5.041
3.72 3.84 -5.42956 23.5027 -5.42956
3.72 3.96 -5.90391 23.3117 -5.90391
3.72 4.08 -6.39759 22.9768 -6.39759
3.72 4.2 -6.90602 22.5463 -6.90602
3.72 4.32 -7.42326 22.0293 -7.42326
3.72 4.44 -7.89697 21.4671 -7.89697
3.72 4.56 -8.23268 20.9529 -8.23268
3.72 4.68 -8.41968 20.4984 -8.41968
3.72 4.8 -8.5501 19.9836 -8.5501
3.72 4.92 -8.62967 19.3385 -8.62967
3.72 5.04 -8.52574 18.6534 -8.52574
3.72 5.16 -8.32005 17.8411 -8.32005
3.72 5.28 -8.18847 16.6875 -8.18847
3.72 5.4 -7.86148 15.4801 -7.86148
3.72 5.52 -7.57938 14.1517 -7.57938
3.72 5.64 5.87942 26.0846 5.87942
3.72 5.76 -23.0217 -3.63358 -23.0217
3.72 5.88 -6.39141 12.0657 -6.39141
3.84 0 -15.6043 4.54654 -15.6043
3.84 0.12 -11.6447 8.85469 -11.6447
3.84 0.24 -12.2196 9.44898 -12.2196
3.84 0.36 -7.76048 15.308 -7.76048
3.84 0.48 -8.28984 16.2445 -8.28984
3.84 0.6 -8.45131 17.3933 -8.45131
3.84 0.72 -8.62049 18.3059 -8.62049
3.84 0.84 -8.68024 19.0848 -8.68024
3.84 0.96 -8.66152 19.722 -8.66152
3.84 1.08 -8.54277 20.2827 -8.54277
3.84 1.2 -8.30275 20.8227 -8.30275
3.84 1.32 -7.95182 21.3623 -7.95182
3.84 1.44 -7.53114 21.8799 -7.53114
3.84 1.56 -7.04912 22.3768 -7.04912
3.84 1.68 -6.52908 22.8322 -6.52908
3.84 1.8 -6.00426 23.2008 -6.00426
3.84 1.92 -5.52757 23.3956 -5.52757
3.84 2.04 -5.14405 23.2767 -5.14405
3.84 2.16 -4.97734 22.4924 -4.97734
3.84 2.28 -5.15288 20.4033 -5.15288
3.84 2.4 -5.69251 15.9743 -5.69251
3.84 2.52 -5.53823 8.93029 -5.53823
3.84 2.64 -1.88366 2.4729 -1.88366
3.84 2.76 4.59994 0.236612 4.59994
3.84 2.88 7.88566 0.21504 7.88566
3.84 3 4.80173 0.187954 4.80173
3.84 3.12 -1.67806 2.2682 -1.67806
3.84 3.24 -5.47457 8.64672 -5.47457
3.84 3.36 -5.68912 15.7829 -5.68912
3.84 3.48 -5.14494 20.3188 -5.14494
3.84 3.6 -4.94993 22.4828 -4.94993
3.84 3.72 -5.11764 23.295 -5.11764
3.84 3.84 -5.51327 23.4135 -5.51327
3.84 3.96 -5.99353 23.2177 -5.99353
3.84 4.08 -6.4919 22.8798 -6.4919
3.84 4.2 -7.0039 22.4477 -7.0039
3.84 4.32 -7.5237 21.9306 -7.5237
3.84 4.44 -7.99914 21.37 -7.99914
3.84 4.56 -8.336 20.8596 -8.336
3.84 4.68 -8.52369 20.4125 -8.52369
3.84 4.8 -8.65417 19.911 -8.65417
3.84 4.92 -8.73329 19.2885 -8.73329
3.84 5.04 -8.62926 18.6394 -8.62926
3.84 5.16 -8.42574 17.8809 -8.42574
3.84 5.28 -8.30336 16.7996 -8.30336
3.84 5.4 -8.00015 15.6752 -8.00015
3.84 5.52 -7.75959 14.4285 -7.75959
3.84 5.64 5.63318 26.4133 5.63318
3.84 5.76 -23.2577 -3.21971 -23.2577
3.84 5.88 -6.78468 12.3588 -6.78468
3.96 0 -15.7601 4.85265 -15.7601
3.96 0.12 -11.8124 9.12254 -11.8124
3.96 0.24 -12.3386 9.69196 -12.3386
3.96 0.36 -7.84604 15.4961 -7.84604
3.96 0.48 -8.34909 16.3719 -8.34909
3.96 0.6 -8.49661 17.4628 -8.49661
3.96 0.72 -8.66165 18.3266 -8.66165
3.96 0.84 -8.72284 19.0681 -8.72284
3.96 0.96 -8.70779 19.6786 -8.70779
3.96 1.08 -8.59244 20.2217 -8.59244
3.96 1.2 -8.35382 20.7518 -8.35382
3.96 1.32 -8.00172 21.2875 -8.00172
3.96 1.44 -7.57748 21.8057 -7.57748
3.96 1.56 -7.09017 22.3063 -7.09017
3.96 1.68 -6.56409 22.7667 -6.56409
3.96 1.8 -6.03348 23.141 -6.03348
3.96 1.92 -5.55222 23.3409 -5.55222
3.96 2.04 -5.16627 23.2257 -5.16627
3.96 2.16 -4.99976 22.4431 -4.99976
3.96 2.28 -5.1778 20.353 -5.1778
3.96 2.4 -5.71997 15.9205 -5.71997
3.96 2.52 -5.56215 8.87512 -5.56215
3.96 2.64 -1.89129 2.42825 -1.89129
3.96 2.76 4.60962 0.208704 4.60962
3.96 2.88 7.90113 0.194289 7.90113
3.96 3 4.81239 0.161769 4.81239
3.96 3.12 -1.68362 2.22699 -1.68362
3.96 3.24 -5.49629 8.59571 -5.49629
3.96 3.36 -5.71525 15.7329 -5.71525
3.96 3.48 -5.17006 20.2707 -5.17006
3.96 3.6 -4.9743 22.4336 -4.9743
3.96 3.72 -5.14313 23.2422 -5.14313
3.96 3.84 -5.54168 23.3557 -5.54168
3.96 3.96 -6.02591 23.1547 -6.02591
3.96 4.08 -6.5287 22.8121 -6.5287
3.96 4.2 -7.04497 22.3764 -7.04497
3.96 4.32 -7.56822 21.8576 -7.56822
3.96 4.44 -8.0459 21.2981 -8.0459
3.96 4.56 -8.38403 20.7921 -8.38403
3.96 4.68 -8.57235 20.3536 -8.57235
3.96 4.8 -8.70277 19.8668 -8.70277
3.96 4.92 -8.78114 19.268 -8.78114
3.96 5.04 -8.67712 18.6545 -8.67712
3.96 5.16 -8.47785 17.9457 -8.47785
3.96 5.28 -8.36861 16.9281 -8.36861
3.96 5.4 -8.09033 15.8778 -8.09033
3.96 5.52 -7.88734 14.7064 -7.88734
3.96 5.64 5.44488 26.7387 5.44488
3.96 5.76 -23.4349 -2.81477 -23.4349
3.96 5.88 -7.11038 12.6518 -7.11038
4.08 0 -15.8129 5.18691 -15.8129
4.08 0.12 -11.8781 9.42252 -11.8781
4.08 0.24 -12.3587 9.97709 -12.3587
4.08 0.36 -7.83284 15.7417 -7.83284
4.08 0.48 -8.30758 16.5736 -8.30758
4.08 0.6 -8.43739 17.6219 -8.43739
4.08 0.72 -8.59309 18.4498 -8.59309
4.08 0.84 -8.65025 19.1635 -8.65025
4.08 0.96 -8.63442 19.7536 -8.63442
4.08 1.08 -8.51964 20.2824 -8.51964
4.08 1.2 -8.28128 20.8038 -8.28128
4.08 1.32 -7.92835 21.3358 -7.92835
4.08 1.44 -7.50209 21.8539 -7.50209
4.08 1.56 -7.012 22.3571 -7.012
4.08 1.68 -6.48319 22.8211 -6.48319
4.08 1.8 -5.95099 23.1983 -5.95099
4.08 1.92 -5.47062 23.3989 -5.47062
4.08 2.04 -5.08921 23.2808 -5.08921
4.08 2.16 -4.93154 22.4908 -4.93154
4.08 2.28 -5.1223 20.3887 -5.1223
4.08 2.4 -5.67819 15.9415 -5.67819
4.08 2.52 -5.52935 8.88347 -5.52935
4.08 2.64 -1.85656 2.4352 -1.85656
4.08 2.76 4.65002 0.222368 4.65002
4.08 2.88 7.94273 0.210897 7.94273
4.08 3 4.852 0.175479 4.852
4.08 3.12 -1.65033 2.23415 -1.65033
4.08 3.24 -5.46601 8.60375 -5.46601
4.08 3.36 -5.67723 15.7523 -5.67723
4.08 3.48 -5.11924 20.3033 -5.11924
4.08 3.6 -4.91095 22.4772 -4.91095
4.08 3.72 -5.07013 23.2932 -5.07013
4.08 3.84 -5.46255 23.4107 -5.46255
4.08 3.96 -5.94374 23.2108 -5.94374
4.08 4.08 -6.44587 22.8674 -6.44587
4.08 4.2 -6.96305 22.4303 -6.96305
4.08 4.32 -7.4881 21.9106 -7.4881
4.08 4.44 -7.96805 21.3515 -7.96805
4.08 4.56 -8.30893 20.8482 -8.30893
4.08 4.68 -8.50048 20.4155 -8.50048
4.08 4.8 -8.63442 19.9392 -8.63442
4.08 4.92 -8.71628 19.3582 -8.71628
4.08 5.04 -8.6167 18.7725 -8.6167
4.08 5.16 -8.42647 18.1019 -8.42647
4.08 5.28 -8.33584 17.1319 -8.33584
4.08 5.4 -8.08489 16.1389 -8.08489
4.08 5.52 -7.91436 15.0305 -7.91436
4.08 5.64 5.36582 27.1022 5.36582
4.08 5.76 -23.5073 -2.3865 -23.5073
4.08 5.88 -7.32016 12.9756 -7.32016
4.2 0 -15.8235 5.48869 -15.8235
4.2 0.12 -11.9022 9.69537 -11.9022
4.2 0.24 -12.3472 10.2414 -12.3472
4.2 0.36 -7.79493 15.9793 -7.79493
4.2 0.48 -8.24655 16.7817 -8.24655
4.2 0.6 -8.36037 17.8019 -8.36037
4.2 0.72 -8.50463 18.6079 -8.50463
4.2 0.84 -8.55336 19.3065 -8.55336
4.2 0.96 -8.53174 19.8861 -8.53174
4.2 1.08 -8.41358 20.4076 -8.41358
4.2 1.2 -8.17389 20.9238 -8.17389
4.2 1.32 -7.82131 21.4521 -7.82131
4.2 1.44 -7.39674 21.9676 -7.39674
4.2 1.56 -6.90926 22.4686 -6.90926
4.2 1.68 -6.3835 22.9308 -6.3835
4.2 1.8 -5.85477 23.3058 -5.85477
4.2 1.92 -5.37873 23.5026 -5.37873
4.2 2.04 -5.00308 23.3783 -5.00308
4.2 2.16 -4.85277 22.5792 -4.85277
4.2 2.28 -5.05201 20.4659 -5.05201
4.2 2.4 -5.61575 16.0074 -5.61575
4.2 2.52 -5.47272 8.94005 -5.47272
4.2 2.64 -1.80416 2.48547 -1.80416
4.2 2.76 4.69838 0.269213 4.69838
4.2 2.88 7.98798 0.255639 7.98798
4.2 3 4.89737 0.220198 4.89737
4.2 3.12 -1.60312 2.28093 -1.60312
4.2 3.24 -5.4158 8.65579 -5.4158
4.2 3.36 -5.62158 15.8126 -5.62158
4.2 3.48 -5.05502 20.3745 -5.05502
4.2 3.6 -4.83621 22.5607 -4.83621
4.2 3.72 -4.9852 23.388 -4.9852
4.2 3.84 -5.36903 23.5145 -5.36903
4.2 3.96 -5.84367 23.321 -5.84367
4.2 4.08 -6.34094 22.982 -6.34094
4.2 4.2 -6.85453 22.5481 -6.85453
4.2 4.32 -7.37757 22.0306 -7.37757
4.2 4.44 -7.85778 21.4731 -7.85778
4.2 4.56 -8.20136 20.971 -8.20136
4.2 4.68 -8.39742 20.5404 -8.39742
4.2 4.8 -8.53698 20.0692 -8.53698
4.2 4.92 -8.62489 19.4987 -8.62489
4.2 5.04 -8.53185 18.9311 -8.53185
4.2 5.16 -8.351 18.2875 -8.351
4.2 5.28 -8.27693 17.3516 -8.27693
4.2 5.4 -8.04829 16.401 -8.04829
4.2 5.52 -7.89923 15.3445 -7.89923
4.2 5.64 5.34421 27.4495 5.34421
4.2 5.76 -23.5266 -1.99223 -23.5266
4.2 5.88 -7.4531 13.2813 -7.4531
4.32 0 -15.8857 5.64715 -15.8857
4.32 0.12 -11.9795 9.82929 -11.9795
4.32 0.24 -12.4076 10.3651 -12.4076
4.32 0.36 -7.84515 16.0803 -7.84515
4.32 0.48 -8.28894 16.8582 -8.28894
4.32 0.6 -8.398 17.8563 -8.398
4.32 0.72 -8.53726 18.6474 -8.53726
4.32 0.84 -8.58015 19.3382 -8.58015
4.32 0.96 -8.55295 19.9144 -8.55295
4.32 1.08 -8.43122 20.4336 -8.43122
4.32 1.2 -8.19134 20.9465 -8.19134
4.32 1.32 -7.84225 21.4694 -7.84225
4.32 1.44 -7.42418 21.9777 -7.42418
4.32 1.56 -6.94462 22.4709 -6.94462
4.32 1.68 -6.42603 22.9262 -6.42603
4.32 1.8 -5.90195 23.2965 -5.90195
4.32 1.92 -5.42702 23.4915 -5.42702
4.32 2.04 -5.04845 23.3681 -5.04845
4.32 2.16 -4.89073 22.5735 -4.89073
4.32 2.28 -5.07806 20.4693 -5.07806
4.32 2.4 -5.62698 16.0252 -5.62698
4.32 2.52 -5.47301 8.97219 -5.47301
4.32 2.64 -1.80828 2.51893 -1.80828
4.32 2.76 4.682 0.292876 4.682
4.32 2.88 7.96494 0.27303 7.96494
4.32 3 4.87686 0.240649 4.87686
4.32 3.12 -1.61379 2.30964 -1.61379
4.32 3.24 -5.42229 8.68335 -5.42229
4.32 3.36 -5.63726 15.8263 -5.63726
4.32 3.48 -5.08303 20.3751 -5.08303
4.32 3.6 -4.87304 22.5546 -4.87304
4.32 3.72 -5.02664 23.3803 -5.02664
4.32 3.84 -5.41185 23.5081 -5.41185
4.32 3.96 -5.88542 23.3174 -5.88542
4.32 4.08 -6.3791 22.9829 -6.3791
4.32 4.2 -6.88689 22.5552 -6.88689
4.32 4.32 -7.40357 22.0447 -7.40357
4.32 4.44 -7.8792 21.4927 -7.8792
4.32 4.56 -8.22121 20.9941 -8.22121
4.32 4.68 -8.41815 20.5661 -8.41815
4.32 4.8 -8.55976 20.0989 -8.55976
4.32 4.92 -8.64988 19.5361 -8.64988
4.32 5.04 -8.55897 18.9824 -8.55897
4.32 5.16 -8.38076 18.3602 -8.38076
4.32 5.28 -8.31161 17.4531 -8.31161
4.32 5.4 -8.09033 16.5385 -8.09033
4.32 5.52 -7.94696 15.5264 -7.94696
4.32 5.64 5.2798 27.6624 5.2798
4.32 5.76 -23.5897 -1.74826 -23.5897
4.32 5.88 -7.58717 13.4701 -7.58717
4.44 0 -15.9851 5.64411 -15.9851
4.44 0.12 -12.095 9.80655 -12.095
4.44 0.24 -12.5247 10.3281 -12.5247
4.44 0.36 -7.96942 16.0212 -7.96942
4.44 0.48 -8.42259 16.7746 -8.42259
4.44 0.6 -8.54064 17.7513 -8.54064
4.44 0.72 -8.68577 18.5282 -8.68577
4.44 0.84 -8.73092 19.2118 -8.73092
4.44 0.96 -8.70392 19.7851 -8.70392
4.44 1.08 -8.58306 20.3021 -8.58306
4.44 1.2 -8.34679 20.8105 -8.34679
4.44 1.32 -8.00462 21.3256 -8.00462
4.44 1.44 -7.59588 21.8234 -7.59588
4.44 1.56 -7.12602 22.3056 -7.12602
4.44 1.68 -6.61485 22.7526 -6.61485
4.44 1.8 -6.0935 23.1198 -6.0935
4.44 1.92 -5.61475 23.3187 -5.61475
4.44 2.04 -5.22461 23.2075 -5.22461
4.44 2.16 -5.04665 22.4351 -5.04665
4.44 2.28 -5.20557 20.365 -5.20557
4.44 2.4 -5.72323 15.966 -5.72323
4.44 2.52 -5.55114 8.95583 -5.55114
4.44 2.64 -1.90093 2.51411 -1.90093
4.44 2.76 4.56108 0.271615 4.56108
4.44 2.88 7.83212 0.241539 7.83212
4.44 3 4.7526 0.217178 4.7526
4.44 3.12 -1.71085 2.30281 -1.71085
4.44 3.24 -5.50177 8.66795 -5.50177
4.44 3.36 -5.73084 15.7706 -5.73084
4.44 3.48 -5.20484 20.2763 -5.20484
4.44 3.6 -5.02162 22.4232 -5.02162
4.44 3.72 -5.1957 23.2271 -5.1957
4.44 3.84 -5.59476 23.3412 -5.59476
4.44 3.96 -6.07578 23.1437 -6.07578
4.44 4.08 -6.57035 22.8091 -6.57035
4.44 4.2 -7.073 22.3876 -7.073
4.44 4.32 -7.58059 21.8874 -7.58059
4.44 4.44 -8.0463 21.3465 -8.0463
4.44 4.56 -8.37998 20.8571 -8.37998
4.44 4.68 -8.57048 20.4366 -8.57048
4.44 4.8 -8.70649 19.9772 -8.70649
4.44 4.92 -8.79103 19.4247 -8.79103
4.44 5.04 -8.69506 18.8846 -8.69506
4.44 5.16 -8.51208 18.2807 -8.51208
4.44 5.28 -8.436 17.3991 -8.436
4.44 5.4 -8.20673 16.5163 -8.20673
4.44 5.52 -8.0578 15.5377 -8.0578
4.44 5.64 5.16845 27.6999 5.16845
4.44 5.76 -23.6991 -1.69427 -23.6991
4.44 5.88 -7.71532 13.5148 -7.71532
4.56 0 -15.9698 5.61521 -15.9698
4.56 0.12 -12.0937 9.76507 -12.0937
4.56 0.24 -12.5321 10.2794 -12.5321
4.56 0.36 -7.98926 15.9619 -7.98926
4.56 0.48 -8.45446 16.7043 -8.45446
4.56 0.6 -8.58325 17.6709 -8.58325
4.56 0.72 -8.73808 18.4393 -8.73808
4.56 0.84 -8.79115 19.1168 -8.79115
4.56 0.96 -8.77109 19.6855 -8.77109
4.56 1.08 -8.65729 20.1976 -8.65729
4.56 1.2 -8.42844 20.6996 -8.42844
4.56 1.32 -8.09378 21.2066 -8.09378
4.56 1.44 -7.69211 21.6955 -7.69211
4.56 1.56 -7.22831 22.1695 -7.22831
4.56 1.68 -6.72183 22.6105 -6.72183
4.56 1.8 -6.20325 22.9753 -6.20325
4.56 1.92 -5.72411 23.1774 -5.72411
4.56 2.04 -5.32867 23.0772 -5.32867
4.56 2.16 -5.13868 22.3269 -5.13868
4.56 2.28 -5.2786 20.2942 -5.2786
4.56 2.4 -5.77699 15.9487 -5.77699
4.56 2.52 -5.60912 8.98874 -5.60912
4.56 2.64 -2.01127 2.55066 -2.01127
4.56 2.76 4.3878 0.271802 4.3878
4.56 2.88 7.6359 0.223047 7.6359
4.56 3 4.57776 0.217229 4.57776
4.56 3.12 -1.82226 2.34181 -1.82226
4.56 3.24 -5.55573 8.70896 -5.55573
4.56 3.36 -5.77589 15.7649 -5.77589
4.56 3.48 -5.26761 20.218 -5.26761
4.56 3.6 -5.10519 22.3258 -5.10519
4.56 3.72 -5.29574 23.1036 -5.29574
4.56 3.84 -5.70588 23.201 -5.70588
4.56 3.96 -6.19249 22.9946 -6.19249
4.56 4.08 -6.68754 22.6582 -6.68754
4.56 4.2 -7.18602 22.2414 -7.18602
4.56 4.32 -7.68568 21.7509 -7.68568
4.56 4.44 -8.14092 21.2224 -8.14092
4.56 4.56 -8.46306 20.7457 -8.46306
4.56 4.68 -8.64175 20.3373 -8.64175
4.56 4.8 -8.76607 19.8896 -8.76607
4.56 4.92 -8.84021 19.3483 -8.84021
4.56 5.04 -8.73731 18.8173 -8.73731
4.56 5.16 -8.5506 18.2204 -8.5506
4.56 5.28 -8.46792 17.3492 -8.46792
4.56 5.4 -8.22838 16.4808 -8.22838
4.56 5.52 -8.07673 15.5094 -8.07673
4.56 5.64 5.14891 27.6748 5.14891
4.56 5.76 -23.7145 -1.71632 -23.7145
4.56 5.88 -7.71793 13.5097 -7.71793
4.68 0 -15.7703 5.64757 -15.7703
4.68 0.12 -11.8995 9.80036 -11.8995
4.68 0.24 -12.3386 10.3348 -12.3386
4.68 0.36 -7.79654 16.0409 -7.79654
4.68 0.48 -8.25908 16.8089 -8.25908
4.68 0.6 -8.38571 17.7961 -8.38571
4.68 0.72 -8.54329 18.5754 -8.54329
4.68 0.84 -8.6042 19.2551 -8.6042
4.68 0.96 -8.5963 19.8192 -8.5963
4.68 1.08 -8.4959 20.3231 -8.4959
4.68 1.2 -8.27747 20.8176 -8.27747
4.68 1.32 -7.94777 21.3203 -7.94777
4.68 1.44 -7.54597 21.8085 -7.54597
4.68 1.56 -7.07986 22.2835 -7.07986
4.68 1.68 -6.57314 22.724 -6.57314
4.68 1.8 -6.05947 23.0852 -6.05947
4.68 1.92 -5.59027 23.281 -5.59027
4.68 2.04 -5.20675 23.1759 -5.20675
4.68 2.16 -5.02676 22.4285 -5.02676
4.68 2.28 -5.17216 20.415 -5.17216
4.68 2.4 -5.67671 16.1101 -5.67671
4.68 2.52 -5.54698 9.18812 -5.54698
4.68 2.64 -2.05299 2.72575 -2.05299
4.68 2.76 4.23535 0.373281 4.23535
4.68 2.88 7.44389 0.290267 7.44389
4.68 3 4.42425 0.319156 4.42425
4.68 3.12 -1.86468 2.52068 -1.86468
4.68 3.24 -5.4895 8.91842 -5.4895
4.68 3.36 -5.66856 15.9386 -5.66856
4.68 3.48 -5.15558 20.3489 -5.15558
4.68 3.6 -4.99245 22.4325 -4.99245
4.68 3.72 -5.17905 23.2007 -5.17905
4.68 3.84 -5.58209 23.297 -5.58209
4.68 3.96 -6.06033 23.0935 -6.06033
4.68 4.08 -6.54863 22.761 -6.54863
4.68 4.2 -7.04362 22.3473 -7.04362
4.68 4.32 -7.54188 21.8596 -7.54188
4.68 4.44 -7.99444 21.3356 -7.99444
4.68 4.56 -8.30945 20.8668 -8.30945
4.68 4.68 -8.47578 20.4699 -8.47578
4.68 4.8 -8.58553 20.0343 -8.58553
4.68 4.92 -8.64866 19.5001 -8.64866
4.68 5.04 -8.54251 18.9658 -8.54251
4.68 5.16 -8.35895 18.355 -8.35895
4.68 5.28 -8.27888 17.465 -8.27888
4.68 5.4 -8.03827 16.5758 -8.03827
4.68 5.52 -7.89254 15.5725 -7.89254
4.68 5.64 5.32825 27.7072 5.32825
4.68 5.76 -23.5301 -1.6978 -23.5301
4.68 5.88 -7.50945 13.5456 -7.50945
4.8 0 -15.5913 5.54573 -15.5913
4.8 0.12 -11.7176 9.71889 -11.7176
4.8 0.24 -12.1635 10.294 -12.1635
4.8 0.36 -7.62022 16.0569 -7.62022
4.8 0.48 -8.07489 16.8868 -8.07489
4.8 0.6 -8.19279 17.9269 -8.19279
4.8 0.72 -8.34829 18.7401 -8.34829
4.8 0.84 -8.41712 19.4331 -8.41712
4.8 0.96 -8.42581 19.9939 -8.42581
4.8 1.08 -8.34455 20.487 -8.34455
4.8 1.2 -8.1402 20.9726 -8.1402
4.8 1.32 -7.81484 21.4745 -7.81484
4.8 1.44 -7.40847 21.9698 -7.40847
4.8 1.56 -6.9344 22.4547 -6.9344
4.8 1.68 -6.42343 22.9012 -6.42343
4.8 1.8 -5.91369 23.2597 -5.91369
4.8 1.92 -5.45585 23.4456 -5.45585
4.8 2.04 -5.08644 23.3297 -5.08644
4.8 2.16 -4.91797 22.5796 -4.91797
4.8 2.28 -5.0682 20.5835 -5.0682
4.8 2.4 -5.57457 16.3262 -5.57457
4.8 2.52 -5.48408 9.45178 -5.48408
4.8 2.64 -2.12069 2.95198 -2.12069
4.8 2.76 4.02152 0.49493 4.02152
4.8 2.88 7.17664 0.36291 7.17664
4.8 3 4.20731 0.43905 4.20731
4.8 3.12 -1.9373 2.74692 -1.9373
4.8 3.24 -5.42875 9.18692 -5.42875
4.8 3.36 -5.56818 16.1589 -5.56818
4.8 3.48 -5.05685 20.5167 -5.05685
4.8 3.6 -4.89349 22.577 -4.89349
4.8 3.72 -5.07154 23.3433 -5.07154
4.8 3.84 -5.45947 23.4495 -5.45947
4.8 3.96 -5.9208 23.2599 -5.9208
4.8 4.08 -6.39726 22.9371 -6.39726
4.8 4.2 -6.89009 22.5243 -6.89009
4.8 4.32 -7.39435 22.0298 -7.39435
4.8 4.44 -7.85364 21.4979 -7.85364
4.8 4.56 -8.16752 21.0282 -8.16752
4.8 4.68 -8.32158 20.6399 -8.32158
4.8 4.8 -8.41339 20.2163 -8.41339
4.8 4.92 -8.46331 19.6848 -8.46331
4.8 5.04 -8.35339 19.1359 -8.35339
4.8 5.16 -8.17066 18.4943 -8.17066
4.8 5.28 -8.09077 17.5611 -8.09077
4.8 5.4 -7.84899 16.6178 -7.84899
4.8 5.52 -7.70277 15.5501 -7.70277
4.8 5.64 5.53053 27.6341 5.53053
4.8 5.76 -23.3277 -1.81 -23.3277
4.8 5.88 -7.23713 13.4782 -7.23713
4.92 0 -15.5994 5.09705 -15.5994
4.92 0.12 -11.7267 9.29682 -11.7267
4.92 0.24 -12.2209 9.89747 -12.2209
4.92 0.36 -7.70745 15.7179 -7.70745
4.92 0.48 -8.18316 16.6131 -8.18316
4.92 0.6 -8.31161 17.7133 -8.31161
4.92 0.72 -8.47429 18.5696 -8.47429
4.92 0.84 -8.55387 19.2839 -8.55387
4.92 0.96 -8.57817 19.8475 -8.57817
4.92 1.08 -8.51465 20.333 -8.51465
4.92 1.2 -8.3257 20.8098 -8.3257
4.92 1.32 -8.00993 21.3082 -8.00993
4.92 1.44 -7.60747 21.806 -7.60747
4.92 1.56 -7.13461 22.2958 -7.13461
4.92 1.68 -6.62493 22.7455 -6.62493
4.92 1.8 -6.11638 23.1049 -6.11638
4.92 1.92 -5.65646 23.2933 -5.65646
4.92 2.04 -5.27847 23.1877 -5.27847
4.92 2.16 -5.09327 22.4626 -5.09327
4.92 2.28 -5.2171 20.5174 -5.2171
4.92 2.4 -5.69177 16.3498 -5.69177
4.92 2.52 -5.61208 9.56979 -5.61208
4.92 2.64 -2.37828 3.05584 -2.37828
4.92 2.76 3.60366 0.491974 3.60366
4.92 2.88 6.69915 0.306799 6.69915
4.92 3 3.78328 0.431346 3.78328
4.92 3.12 -2.2053 2.84569 -2.2053
4.92 3.24 -5.56552 9.30333 -5.56552
4.92 3.36 -5.69375 16.1793 -5.69375
4.92 3.48 -5.21582 20.4432 -5.21582
4.92 3.6 -5.07929 22.4499 -5.07929
4.92 3.72 -5.27148 23.1918 -5.27148
4.92 3.84 -5.66178 23.2929 -5.66178
4.92 3.96 -6.11666 23.1095 -6.11666
4.92 4.08 -6.58468 22.7947 -6.58468
4.92 4.2 -7.07415 22.3828 -7.07415
4.92 4.32 -7.58139 21.8808 -7.58139
4.92 4.44 -8.04395 21.3399 -8.04395
4.92 4.56 -8.3529 20.869 -8.3529
4.92 4.68 -8.49132 20.4899 -8.49132
4.92 4.8 -8.56307 20.0773 -8.56307
4.92 4.92 -8.59732 19.5451 -8.59732
4.92 5.04 -8.4764 18.9775 -8.4764
4.92 5.16 -8.27858 18.3026 -8.27858
4.92 5.28 -8.17768 17.321 -8.17768
4.92 5.4 -7.91599 16.3078 -7.91599
4.92 5.52 -7.74384 15.1611 -7.74384
4.92 5.64 5.54637 27.2003 5.54637
4.92 5.76 -23.3288 -2.32217 -23.3288
4.92 5.88 -7.06464 13.1005 -7.06464
5.04 0 -15.4751 4.58021 -15.4751
5.04 0.12 -11.6117 8.80648 -11.6117
5.04 0.24 -12.1907 9.41504 -12.1907
5.04 0.36 -7.74091 15.2833 -7.74091
5.04 0.48 -8.27451 16.2301 -8.27451
5.04 0.6 -8.44064 17.3823 -8.44064
5.04 0.72 -8.62301 18.2828 -8.62301
5.04 0.84 -8.71111 19.0288 -8.71111
5.04 0.96 -8.73799 19.6125 -8.73799
5.04 1.08 -8.67691 20.1075 -8.67691
5.04 1.2 -8.4953 20.5843 -8.4953
5.04 1.32 -8.1941 21.0745 -8.1941
5.04 1.44 -7.81244 21.5584 -7.81244
5.04 1.56 -7.36197 22.0325 -7.36197
5.04 1.68 -6.86898 22.4706 -6.86898
5.04 1.8 -6.3642 22.8297 -6.3642
5.04 1.92 -5.89259 23.0338 -5.89259
5.04 2.04 -5.4918 22.959 -5.4918
5.04 2.16 -5.27884 22.2791 -5.27884
5.04 2.28 -5.37037 20.4035 -5.37037
5.04 2.4 -5.81138 16.3478 -5.81138
5.04 2.52 -5.74709 9.68909 -5.74709
5.04 2.64 -2.66281 3.17775 -2.66281
5.04 2.76 3.13595 0.508108 3.13595
5.04 2.88 6.16344 0.268033 6.16344
5.04 3 3.30834 0.442076 3.30834
5.04 3.12 -2.5018 2.96166 -2.5018
5.04 3.24 -5.70935 9.42101 -5.70935
5.04 3.36 -5.81858 16.1762 -5.81858
5.04 3.48 -5.3716 20.328 -5.3716
5.04 3.6 -5.26285 22.2675 -5.26285
5.04 3.72 -5.47725 22.9688 -5.47725
5.04 3.84 -5.88554 23.0442 -5.88554
5.04 3.96 -6.34986 22.8494 -6.34986
5.04 4.08 -6.81651 22.5351 -6.81651
5.04 4.2 -7.29689 22.1295 -7.29689
5.04 4.32 -7.79131 21.6341 -7.79131
5.04 4.44 -8.23831 21.1005 -8.23831
5.04 4.56 -8.52905 20.6397 -8.52905
5.04 4.68 -8.6504 20.2703 -8.6504
5.04 4.8 -8.71151 19.858 -8.71151
5.04 4.92 -8.74003 19.3109 -8.74003
5.04 5.04 -8.60781 18.7163 -8.60781
5.04 5.16 -8.38419 18.0053 -8.38419
5.04 5.28 -8.24857 16.9683 -8.24857
5.04 5.4 -7.95514 15.8668 -7.95514
5.04 5.52 -7.74074 14.6202 -7.74074
5.04 5.64 5.64157 26.6142 5.64157
5.04 5.76 -23.2772 -3.03839 -23.2772
5.04 5.88 -6.77289 12.5834 -6.77289
5.16 0 -14.9687 4.30023 -14.9687
5.16 0.12 -11.1073 8.56957 -11.1073
5.16 0.24 -11.7516 9.22752 -11.7516
5.16 0.36 -7.35218 15.1823 -7.35218
5.16 0.48 -7.93566 16.2116 -7.93566
5.16 0.6 -8.13836 17.4347 -8.13836
5.16 0.72 -8.34039 18.393 -8.34039
5.16 0.84 -8.43199 19.1868 -8.43199
5.16 0.96 -8.45077 19.8104 -8.45077
5.16 1.08 -8.37818 20.3358 -8.37818
5.16 1.2 -8.1921 20.828 -8.1921
5.16 1.32 -7.90114 21.3144 -7.90114
5.16 1.44 -7.54349 21.7779 -7.54349
5.16 1.56 -7.12141 22.2256 -7.12141
5.16 1.68 -6.64923 22.6442 -6.64923
5.16 1.8 -6.15146 22.9992 -6.15146
5.16 1.92 -5.67779 23.2124 -5.67779
5.16 2.04 -5.2769 23.1509 -5.2769
5.16 2.16 -5.07019 22.487 -5.07019
5.16 2.28 -5.16449 20.6499 -5.16449
5.16 2.4 -5.60231 16.6809 -5.60231
5.16 2.52 -5.58769 10.1201 -5.58769
5.16 2.64 -2.69351 3.58549 -2.69351
5.16 2.76 2.87845 0.776602 2.87845
5.16 2.88 5.81877 0.464945 5.81877
5.16 3 3.04492 0.706542 3.04492
5.16 3.12 -2.54101 3.36705 -2.54101
5.16 3.24 -5.55176 9.85714 -5.55176
5.16 3.36 -5.60557 16.517 -5.60557
5.16 3.48 -5.15855 20.5831 -5.15855
5.16 3.6 -5.0431 22.4876 -5.0431
5.16 3.72 -5.24865 23.1758 -5.24865
5.16 3.84 -5.65904 23.237 -5.65904
5.16 3.96 -6.13251 23.0274 -6.13251
5.16 4.08 -6.60255 22.7079 -6.60255
5.16 4.2 -7.07219 22.3114 -7.07219
5.16 4.32 -7.54257 21.8362 -7.54257
5.16 4.44 -7.95936 21.3268 -7.95936
5.16 4.56 -8.22444 20.8847 -8.22444
5.16 4.68 -8.33597 20.5166 -8.33597
5.16 4.8 -8.40569 20.0809 -8.40569
5.16 4.92 -8.44695 19.4922 -8.44695
5.16 5.04 -8.31114 18.8513 -8.31114
5.16 5.16 -8.06616 18.0848 -8.06616
5.16 5.28 -7.9093 16.9562 -7.9093
5.16 5.4 -7.59715 15.7184 -7.59715
5.16 5.52 -7.33945 14.3297 -7.33945
5.16 5.64 6.14131 26.2437 6.14131
5.16 5.76 -22.815 -3.56448 -22.815
5.16 5.88 -6.10882 12.2103 -6.10882
5.28 0 -14.6978 3.68533 -14.6978
5.28 0.12 -10.8422 8.00747 -10.8422
5.28 0.24 -11.5544 8.74477 -11.5544
5.28 0.36 -7.19889 14.83 -7.19889
5.28 0.48 -7.80579 16.0016 -7.80579
5.28 0.6 -8.02845 17.337 -8.02845
5.28 0.72 -8.24881 18.3723 -8.24881
5.28 0.84 -8.35533 19.216 -8.35533
5.28 0.96 -8.38528 19.8719 -8.38528
5.28 1.08 -8.31879 20.4197 -8.31879
5.28 1.2 -8.13616 20.926 -8.13616
5.28 1.32 -7.85035 21.416 -7.85035
5.28 1.44 -7.49975 21.8747 -7.49975
5.28 1.56 -7.08199 22.3167 -7.08199
5.28 1.68 -6.6083 22.7352 -6.6083
5.28 1.8 -6.1083 23.0936 -6.1083
5.28 1.92 -5.64189 23.3045 -5.64189
5.28 2.04 -5.2607 23.2316 -5.2607
5.28 2.16 -5.07123 22.5637 -5.07123
5.28 2.28 -5.15669 20.7642 -5.15669
5.28 2.4 -5.5636 16.8952 -5.5636
5.28 2.52 -5.57471 10.4396 -5.57471
5.28 2.64 -2.85411 3.88391 -2.85411
5.28 2.76 2.4841 0.921057 2.4841
5.28 2.88 5.32853 0.526855 5.32853
5.28 3 2.64533 0.847336 2.64533
5.28 3.12 -2.70717 3.66565 -2.70717
5.28 3.24 -5.53472 10.1876 -5.53472
5.28 3.36 -5.55847 16.7441 -5.55847
5.28 3.48 -5.14512 20.7059 -5.14512
5.28 3.6 -5.04247 22.5691 -5.04247
5.28 3.72 -5.2338 23.2592 -5.2338
5.28 3.84 -5.62888 23.3274 -5.62888
5.28 3.96 -6.10149 23.1128 -6.10149
5.28 4.08 -6.57924 22.783 -6.57924
5.28 4.2 -7.04998 22.3849 -7.04998
5.28 4.32 -7.50668 21.9228 -7.50668
5.28 4.44 -7.89984 21.4343 -7.89984
5.28 4.56 -8.14516 21.0062 -8.14516
5.28 4.68 -8.25305 20.6298 -8.25305
5.28 4.8 -8.3322 20.1606 -8.3322
5.28 4.92 -8.37588 19.5277 -8.37588
5.28 5.04 -8.22079 18.8416 -8.22079
5.28 5.16 -7.95144 18.0039 -7.95144
5.28 5.28 -7.78788 16.74 -7.78788
5.28 5.4 -7.45649 15.3232 -7.45649
5.28 5.52 -7.1181 13.7786 -7.1181
5.28 5.64 6.48306 25.5874 6.48306
5.28 5.76 -22.4405 -4.3379 -22.4405
5.28 5.88 -5.50622 11.5974 -5.50622
5.4 0 -14.5976 2.74817 -14.5976
5.4 0.12 -10.7895 7.08717 -10.7895
5.4 0.24 -11.6623 7.82458 -11.6623
5.4 0.36 -7.43317 13.9778 -7.43317
5.4 0.48 -8.0936 15.2832 -8.0936
5.4 0.6 -8.33614 16.7462 -8.33614
5.4 0.72 -8.57118 17.8697 -8.57118
5.4 0.84 -8.69781 18.7601 -8.69781
5.4 0.96 -8.75859 19.4275 -8.75859
5.4 1.08 -8.72716 19.9679 -8.72716
5.4 1.2 -8.57271 20.4636 -8.57271
5.4 1.32 -8.30103 20.9497 -8.30103
5.4 1.44 -7.94871 21.415 -7.94871
5.4 1.56 -7.51632 21.8737 -7.51632
5.4 1.68 -7.02444 22.3125 -7.02444
5.4 1.8 -6.51595 22.6827 -6.51595
5.4 1.92 -6.05506 22.8918 -6.05506
5.4 2.04 -5.67921 22.8176 -5.67921
5.4 2.16 -5.47059 22.1785 -5.47059
5.4 2.28 -5.50553 20.4598 -5.50553
5.4 2.4 -5.85971 16.7175 -5.85971
5.4 2.52 -5.8796 10.3898 -5.8796
5.4 2.64 -3.28923 3.86853 -3.28923
5.4 2.76 1.86732 0.820784 1.86732
5.4 2.88 4.64062 0.376992 4.64062
5.4 3 2.02454 0.74506 2.02454
5.4 3.12 -3.14916 3.6498 -3.14916
5.4 3.24 -5.83965 10.1459 -5.83965
5.4 3.36 -5.85135 16.5755 -5.85135
5.4 3.48 -5.49516 20.4038 -5.49516
5.4 3.6 -5.45235 22.1755 -5.45235
5.4 3.72 -5.66774 22.831 -5.66774
5.4 3.84 -6.05513 22.9019 -6.05513
5.4 3.96 -6.51624 22.6937 -6.51624
5.4 4.08 -6.99656 22.3569 -6.99656
5.4 4.2 -7.47913 21.9445 -7.47913
5.4 4.32 -7.94219 21.4745 -7.94219
5.4 4.44 -8.32985 20.9895 -8.32985
5.4 4.56 -8.56402 20.5669 -8.56402
5.4 4.68 -8.66176 20.187 -8.66176
5.4 4.8 -8.72439 19.7073 -8.72439
5.4 4.92 -8.73133 19.0665 -8.73133
5.4 5.04 -8.5295 18.3609 -8.5295
5.4 5.16 -8.24132 17.4406 -8.24132
5.4 5.28 -8.08482 16.0101 -8.08482
5.4 5.4 -7.70144 14.4196 -7.70144
5.4 5.52 -7.21297 12.7609 -7.21297
5.4 5.64 6.55214 24.481 6.55214
5.4 5.76 -22.2856 -5.52155 -22.2856
5.4 5.88 -5.07324 10.6274 -5.07324
5.52 0 -13.7364 2.54611 -13.7364
5.52 0.12 -9.93377 6.94128 -9.93377
5.52 0.24 -10.9103 7.72852 -10.9103
5.52 0.36 -6.81702 13.9326 -6.81702
5.52 0.48 -7.56842 15.3349 -7.56842
5.52 0.6 -7.83465 16.9245 -7.83465
5.52 0.72 -8.07079 18.1514 -8.07079
5.52 0.84 -8.18777 19.1169 -8.18777
5.52 0.96 -8.24342 19.8265 -8.24342
5.52 1.08 -8.21927 20.3798 -8.21927
5.52 1.2 -8.07932 20.8729 -8.07932
5.52 1.32 -7.82149 21.353 -7.82149
5.52 1.44 -7.4778 21.8161 -7.4778
5.52 1.56 -7.04913 22.2773 -7.04913
5.52 1.68 -6.56178 22.7176 -6.56178
5.52 1.8 -6.0635 23.0822 -6.0635
5.52 1.92 -5.61379 23.2828 -5.61379
5.52 2.04 -5.23961 23.2104 -5.23961
5.52 2.16 -5.02501 22.5892 -5.02501
5.52 2.28 -5.06838 20.8935 -5.06838
5.52 2.4 -5.46056 17.1802 -5.46056
5.52 2.52 -5.54577 10.9099 -5.54577
5.52 2.64 -3.1038 4.39852 -3.1038
5.52 2.76 1.86907 1.26844 1.86907
5.52 2.88 4.57116 0.778268 4.57116
5.52 3 2.02637 1.19473 2.02637
5.52 3.12 -2.97129 4.17833 -2.97129
5.52 3.24 -5.51685 10.6627 -5.51685
5.52 3.36 -5.46177 17.0346 -5.46177
5.52 3.48 -5.06256 20.8361 -5.06256
5.52 3.6 -5.00963 22.5835 -5.00963
5.52 3.72 -5.23027 23.2198 -5.23027
5.52 3.84 -5.61095 23.2932 -5.61095
5.52 3.96 -6.05279 23.1022 -6.05279
5.52 4.08 -6.51937 22.7759 -6.51937
5.52 4.2 -7.00166 22.3593 -7.00166
5.52 4.32 -7.4696 21.8798 -7.4696
5.52 4.44 -7.85722 21.3897 -7.85722
5.52 4.56 -8.08677 20.965 -8.08677
5.52 4.68 -8.17875 20.579 -8.17875
5.52 4.8 -8.22913 20.0895 -8.22913
5.52 4.92 -8.21169 19.4364 -8.21169
5.52 5.04 -7.99368 18.6874 -7.99368
5.52 5.16 -7.72951 17.641 -7.72951
5.52 5.28 -7.59281 16.0227 -7.59281
5.52 5.4 -7.11736 14.292 -7.11736
5.52 5.52 -6.48099 12.5171 -6.48099
5.52 5.64 7.43199 24.1261 7.43199
5.52 5.76 -21.41 -6.0438 -21.41
5.52 5.88 -3.93981 10.2931 -3.93981
5.64 0 -14.0811 1.25963 -14.0811
5.64 0.12 -9.91688 6.07904 -9.91688
5.64 0.24 -11.0543 6.86662 -11.0543
5.64 0.36 -6.98489 13.2338 -6.98489
5.64 0.48 -7.82 14.738 -7.82
5.64 0.6 -8.13159 16.4337 -8.13159
5.64 0.72 -8.40439 17.7319 -8.40439
5.64 0.84 -8.54153 18.7493 -8.54153
5.64 0.96 -8.59487 19.5061 -8.59487
5.64 1.08 -8.55838 20.0981 -8.55838
5.64 1.2 -8.40586 20.6189 -8.40586
5.64 1.32 -8.14053 21.1153 -8.14053
5.64 1.44 -7.79791 21.5827 -7.79791
5.64 1.56 -7.37687 22.0401 -7.37687
5.64 1.68 -6.90142 22.4712 -6.90142
5.64 1.8 -6.41111 22.8281 -6.41111
5.64 1.92 -5.95894 23.0289 -5.95894
5.64 2.04 -5.57586 22.9626 -5.57586
5.64 2.16 -5.3567 22.3451 -5.3567
5.64 2.28 -5.39367 20.6602 -5.39367
5.64 2.4 -5.74969 17.0051 -5.74969
5.64 2.52 -5.7852 10.8496 -5.7852
5.64 2.64 -3.41857 4.3651 -3.41857
5.64 2.76 1.37407 1.12555 1.37407
5.64 2.88 3.96911 0.546248 3.96911
5.64 3 1.52088 1.04224 1.52088
5.64 3.12 -3.29195 4.14266 -3.29195
5.64 3.24 -5.76363 10.5998 -5.76363
5.64 3.36 -5.76133 16.8523 -5.76133
5.64 3.48 -5.39829 20.5942 -5.39829
5.64 3.6 -5.34336 22.3383 -5.34336
5.64 3.72 -5.56098 22.9776 -5.56098
5.64 3.84 -5.95045 23.045 -5.95045
5.64 3.96 -6.40093 22.8486 -6.40093
5.64 4.08 -6.86762 22.5225 -6.86762
5.64 4.2 -7.34257 22.1105 -7.34257
5.64 4.32 -7.79897 21.6378 -7.79897
5.64 4.44 -8.17522 21.1536 -8.17522
5.64 4.56 -8.40209 20.7238 -8.40209
5.64 4.68 -8.50392 20.3138 -8.50392
5.64 4.8 -8.56492 19.7886 -8.56492
5.64 4.92 -8.54824 19.0944 -8.54824
5.64 5.04 -8.32964 18.2816 -8.32964
5.64 5.16 -8.06769 17.1243 -8.06769
5.64 5.28 -7.87348 15.392 -7.87348
5.64 5.4 -7.24755 13.5875 -7.24755
5.64 5.52 -6.52811 11.6385 -6.52811
5.64 5.64 7.54604 23.147 7.54604
5.64 5.76 -21.3411 -7.23602 -21.3411
5.64 5.88 -2.94658 9.96345 -2.94658
5.76 0 30.721 45.2494 30.721
5.76 0.12 30.2814 45.4834 30.2814
5.76 0.24 28.4317 45.6512 28.4317
5.76 0.36 32.1238 51.7762 32.1238
5.76 0.48 31.2324 53.356 31.2324
5.76 0.6 31.0176 55.2548 31.0176
5.76 0.72 30.8369 56.7175 30.8369
5.76 0.84 30.7625 57.8443 30.7625
5.76 0.96 30.739 58.6608 30.739
5.76 1.08 30.7787 59.2754 30.7787
5.76 1.2 30.9144 59.7924 30.9144
5.76 1.32 31.1592 60.2764 31.1592
5.76 1.44 31.4679 60.714 31.4679
5.76 1.56 31.8428 61.1285 31.8428
5.76 1.68 32.2544 61.4985 32.2544
5.76 1.8 32.6798 61.7921 32.6798
5.76 1.92 33.0664 61.9276 33.0664
5.76 2.04 33.3997 61.8119 33.3997
5.76 2.16 33.5719 61.1499 33.5719
5.76 2.28 33.4922 59.4323 33.4922
5.76 2.4 33.0589 55.7313 33.0589
5.76 2.52 32.8661 49.4917 32.8661
5.76 2.64 34.9969 42.8909 34.9969
5.76 2.76 39.5716 39.5378 39.5716
5.76 2.88 42.058 38.887 42.058
5.76 3 39.6486 39.3862 39.6486
5.76 3.12 35.0702 42.618 35.0702
5.76 3.24 32.905 49.2645 32.905
5.76 3.36 33.0954 55.6306 33.0954
5.76 3.48 33.5204 59.4001 33.5204
5.76 3.6 33.588 61.145 33.588
5.76 3.72 33.4 61.8125 33.4
5.76 3.84 33.0648 61.9349 33.0648
5.76 3.96 32.6774 61.8018 32.6774
5.76 4.08 32.2765 61.5398 32.2765
5.76 4.2 31.8587 61.1817 31.8587
5.76 4.32 31.4599 60.763 31.4599
5.76 4.44 31.1331 60.3263 31.1331
5.76 4.56 30.9268 59.9135 30.9268
5.76 4.68 30.8212 59.4881 30.8212
5.76 4.8 30.7487 58.929 30.7487
5.76 4.92 30.7697 58.2066 30.7697
5.76 5.04 30.96 57.3217 30.96
5.76 5.16 31.1189 55.9902 31.1189
5.76 5.28 31.2061 54.0349 31.2061
5.76 5.4 31.7714 52.0166 31.7714
5.76 5.52 32.3832 49.7779 32.3832
5.76 5.64 46.0418 60.6847 46.0418
5.76 5.76 15.5492 28.5865 15.5492
5.76 5.88 45.5673 57.3887 45.5673
5.88 0 -75.1223 -62.1394 -75.1223
5.88 0.12 -72.2752 -58.5167 -72.2752
5.88 0.24 -71.8434 -55.9015 -71.8434
5.88 0.36 -67.6802 -49.0804 -67.6802
5.88 0.48 -68.7804 -47.4706 -68.7804
5.88 0.6 -69.3668 -45.7153 -69.3668
5.88 0.72 -69.7882 -44.3043 -69.7882
5.88 0.84 -70.0397 -43.2085 -70.0397
5.88 0.96 -70.1575 -42.3794 -70.1575
5.88 1.08 -70.1628 -41.7375 -70.1628
5.88 1.2 -70.0319 -41.1772 -70.0319
5.88 1.32 -69.7639 -40.6416 -69.7639
5.88 1.44 -69.3799 -40.1143 -69.3799
5.88 1.56 -68.9031 -39.5957 -68.9031
5.88 1.68 -68.3671 -39.11 -68.3671
5.88 1.8 -67.8138 -38.7055 -67.8138
5.88 1.92 -67.2783 -38.449 -67.2783
5.88 2.04 -66.8197 -38.4822 -66.8197
5.88 2.16 -66.5391 -39.1065 -66.5391
5.88 2.28 -66.5132 -40.8356 -66.5132
5.88 2.4 -66.756 -44.5007 -66.756
5.88 2.52 -66.5293 -50.3843 -66.5293
5.88 2.64 -63.9461 -56.2739 -63.9461
5.88 2.76 -59.2398 -59.0617 -59.2398
5.88 2.88 -56.7537 -59.4951 -56.7537
5.88 3 -59.1148 -59.0534 -59.1148
5.88 3.12 -63.8309 -56.3401 -63.8309
5.88 3.24 -66.5057 -50.5176 -66.5057
5.88 3.36 -66.7712 -44.6096 -66.7712
5.88 3.48 -66.5158 -40.8819 -66.5158
5.88 3.6 -66.5211 -39.1018 -66.5211
5.88 3.72 -66.7949 -38.4538 -66.7949
5.88 3.84 -67.2537 -38.4134 -67.2537
5.88 3.96 -67.7825 -38.6591 -67.7825
5.88 4.08 -68.3228 -39.042 -68.3228
5.88 4.2 -68.8616 -39.5142 -68.8616
5.88 4.32 -69.3664 -40.0409 -69.3664
5.88 4.44 -69.7703 -40.566 -69.7703
5.88 4.56 -70.019 -41.0454 -70.019
5.88 4.68 -70.1307 -41.5203 -70.1307
5.88 4.8 -70.1463 -42.0916 -70.1463
5.88 4.92 -70.0178 -42.7987 -70.0178
5.88 5.04 -69.7286 -43.7126 -69.7286
5.88 5.16 -69.4318 -45.1033 -69.4318
5.88 5.28 -68.9373 -46.9097 -68.9373
5.88 5.4 -67.8521 -48.6781 -67.8521
5.88 5.52 -66.7236 -50.6745 -66.7236
5.88 5.64 -51.2916 -38.1853 -51.2916
5.88 5.76 -76.1699 -64.9477 -76.1699
5.88 5.88 -81.6841 -71.7192 -81.6841
