0 0 0.0955169 0.386459 0.509002
0 0.12 0.0984578 0.366045 0.526051
0 0.24 0.106473 0.30999 0.572864
0 0.36 0.115998 0.242641 0.63042
0 0.48 0.125075 0.176311 0.688536
0 0.6 0.131962 0.122178 0.737208
0 0.72 0.136395 0.0827709 0.773958
0 0.84 0.138825 0.0558546 0.799858
0 0.96 0.140015 0.0380392 0.81758
0 1.08 0.140624 0.0264225 0.829272
0 1.2 0.141142 0.0189902 0.836411
0 1.32 0.141941 0.0144728 0.840297
0 1.44 0.143213 0.0121066 0.841769
0 1.56 0.144936 0.0114734 0.840973
0 1.68 0.146986 0.0124377 0.837895
0 1.8 0.149206 0.0151832 0.832644
0 1.92 0.151345 0.0204058 0.824946
0 2.04 0.152938 0.0298485 0.813472
0 2.16 0.153117 0.0475748 0.794983
0 2.28 0.150125 0.0824996 0.761927
0 2.4 0.14094 0.151345 0.70081
0 2.52 0.122202 0.273017 0.596919
0 2.64 0.095734 0.435093 0.46069
0 2.76 0.0731819 0.569603 0.348276
0 2.88 0.0649895 0.618056 0.307955
0 3 0.0736709 0.566833 0.350684
0 3.12 0.0965266 0.430322 0.464681
0 3.24 0.12286 0.268298 0.600435
0 3.36 0.141179 0.148029 0.702456
0 3.48 0.149979 0.0804496 0.761812
0 3.6 0.152744 0.0462765 0.793848
0 3.72 0.15248 0.0289369 0.812021
0 3.84 0.150852 0.0196666 0.823438
0 3.96 0.148639 0.0144778 0.83089
0 4.08 0.146326 0.0116558 0.835763
0 4.2 0.144292 0.0105035 0.839014
0 4.32 0.142759 0.0108079 0.840879
0 4.44 0.141732 0.0126393 0.840572
0 4.56 0.141088 0.016314 0.837008
0 4.68 0.140762 0.0224791 0.830083
0 4.8 0.140616 0.0323053 0.819938
0 4.92 0.140055 0.0477403 0.804473
0 5.04 0.138123 0.0718368 0.779905
0 5.16 0.1341 0.109119 0.743973
0 5.28 0.127209 0.164671 0.693984
0 5.4 0.116726 0.239951 0.627268
0 5.52 0.104057 0.32819 0.552161
0 5.64 0.0918246 0.412378 0.482603
0 5.76 0.0843177 0.463635 0.440768
0 5.88 0.0809577 0.489339 0.422486
0.12 0 0.0968323 0.37714 0.516451
0.12 0.12 0.0996867 0.357358 0.53314
0.12 0.24 0.10742 0.302864 0.578552
0.12 0.36 0.116612 0.237452 0.634415
0.12 0.48 0.125372 0.173032 0.690887
0.12 0.6 0.132025 0.12032 0.73831
0.12 0.72 0.136311 0.0817943 0.774243
0.12 0.84 0.138657 0.0553675 0.799649
0.12 0.96 0.139801 0.0378062 0.817067
0.12 1.08 0.140389 0.0263172 0.82858
0.12 1.2 0.140902 0.0189483 0.835634
0.12 1.32 0.141703 0.0144618 0.839474
0.12 1.44 0.14298 0.0121107 0.840943
0.12 1.56 0.14471 0.011485 0.840153
0.12 1.68 0.146765 0.0124532 0.837085
0.12 1.8 0.148987 0.0152 0.831833
0.12 1.92 0.151127 0.0204203 0.824139
0.12 2.04 0.152726 0.0298531 0.812659
0.12 2.16 0.152921 0.0475503 0.794222
0.12 2.28 0.149965 0.082393 0.761316
0.12 2.4 0.140847 0.150997 0.700497
0.12 2.52 0.122233 0.272017 0.597166
0.12 2.64 0.095942 0.433078 0.461753
0.12 2.76 0.0734931 0.567042 0.349798
0.12 2.88 0.0652968 0.615546 0.309446
0.12 3 0.0739153 0.564647 0.351889
0.12 3.12 0.0966268 0.428922 0.465227
0.12 3.24 0.122803 0.267812 0.600258
0.12 3.36 0.141042 0.147952 0.701928
0.12 3.48 0.149803 0.0804606 0.76112
0.12 3.6 0.152542 0.0463013 0.793058
0.12 3.72 0.152264 0.028963 0.811179
0.12 3.84 0.150629 0.0196911 0.822577
0.12 3.96 0.148415 0.0144997 0.83004
0.12 4.08 0.1461 0.0116741 0.834931
0.12 4.2 0.144063 0.010517 0.8382
0.12 4.32 0.142526 0.0108133 0.84008
0.12 4.44 0.141493 0.0126297 0.839795
0.12 4.56 0.140845 0.0162748 0.836272
0.12 4.68 0.140521 0.0223794 0.829415
0.12 4.8 0.140381 0.0320821 0.81939
0.12 4.92 0.13986 0.0472683 0.80422
0.12 5.04 0.138028 0.070877 0.780253
0.12 5.16 0.134171 0.107219 0.745239
0.12 5.28 0.127543 0.161087 0.696638
0.12 5.4 0.117474 0.233833 0.632069
0.12 5.52 0.105276 0.318899 0.55935
0.12 5.64 0.0934845 0.400335 0.491986
0.12 5.76 0.0862278 0.450009 0.451383
0.12 5.88 0.0828904 0.475478 0.43318
0.24 0 0.101379 0.345492 0.541917
0.24 0.12 0.103943 0.327779 0.557575
0.24 0.24 0.111012 0.277863 0.599765
0.24 0.36 0.119325 0.218254 0.651217
0.24 0.48 0.12717 0.159684 0.703052
0.24 0.6 0.133078 0.111676 0.746499
0.24 0.72 0.136837 0.0764212 0.77958
0.24 0.84 0.138853 0.052071 0.803111
0.24 0.96 0.139813 0.0357705 0.819397
0.24 1.08 0.14031 0.0250326 0.830263
0.24 1.2 0.140788 0.0181066 0.836952
0.24 1.32 0.141577 0.0138731 0.840509
0.24 1.44 0.142859 0.0116535 0.841897
0.24 1.56 0.144606 0.011074 0.841066
0.24 1.68 0.146689 0.0120187 0.838036
0.24 1.8 0.148946 0.0146702 0.832852
0.24 1.92 0.151138 0.0197001 0.825393
0.24 2.04 0.15281 0.0287815 0.814066
0.24 2.16 0.153131 0.0458275 0.796105
0.24 2.28 0.150398 0.0794651 0.764136
0.24 2.4 0.141648 0.14608 0.704937
0.24 2.52 0.123451 0.264859 0.603421
0.24 2.64 0.0972688 0.425267 0.468329
0.24 2.76 0.0745629 0.560485 0.355016
0.24 2.88 0.0661457 0.610162 0.313576
0.24 3 0.0747611 0.559389 0.356043
0.24 3.12 0.0975948 0.423201 0.470078
0.24 3.24 0.123723 0.262395 0.605071
0.24 3.36 0.141683 0.143971 0.705582
0.24 3.48 0.15016 0.0779583 0.763563
0.24 3.6 0.152712 0.0447766 0.794732
0.24 3.72 0.152323 0.0279964 0.812438
0.24 3.84 0.15062 0.0190351 0.823622
0.24 3.96 0.148359 0.0140186 0.830971
0.24 4.08 0.146005 0.011283 0.835786
0.24 4.2 0.143937 0.0101522 0.83904
0.24 4.32 0.142379 0.0104125 0.840988
0.24 4.44 0.141341 0.012117 0.84087
0.24 4.56 0.140697 0.0155415 0.837578
0.24 4.68 0.140409 0.0212521 0.831038
0.24 4.8 0.140322 0.030269 0.821596
0.24 4.92 0.139971 0.0442594 0.80753
0.24 5.04 0.138462 0.0657919 0.78542
0.24 5.16 0.135164 0.0986042 0.753431
0.24 5.28 0.129453 0.14689 0.709654
0.24 5.4 0.12063 0.21192 0.651486
0.24 5.52 0.109757 0.288167 0.585437
0.24 5.64 0.0990208 0.361949 0.523248
0.24 5.76 0.0924368 0.406904 0.485929
0.24 5.88 0.089084 0.431757 0.467547
0.36 0 0.107302 0.305169 0.576158
0.36 0.12 0.109481 0.289941 0.590036
0.36 0.24 0.115565 0.246348 0.627381
0.36 0.36 0.12264 0.194568 0.672598
0.36 0.48 0.129247 0.143651 0.718059
0.36 0.6 0.13417 0.101615 0.756288
0.36 0.72 0.137271 0.0703867 0.785768
0.36 0.84 0.138888 0.0485146 0.807009
0.36 0.96 0.139633 0.0336682 0.821916
0.36 1.08 0.140029 0.0237683 0.831986
0.36 1.2 0.140474 0.0173203 0.838224
0.36 1.32 0.141261 0.013353 0.841507
0.36 1.44 0.142559 0.0112706 0.842755
0.36 1.56 0.144331 0.0107429 0.84187
0.36 1.68 0.146452 0.0116734 0.838856
0.36 1.8 0.148754 0.0142453 0.833745
0.36 1.92 0.151008 0.0191077 0.826431
0.36 2.04 0.15277 0.0278705 0.81536
0.36 2.16 0.153242 0.0443002 0.797943
0.36 2.28 0.150774 0.0767291 0.767047
0.36 2.4 0.142466 0.141136 0.709746
0.36 2.52 0.124852 0.256807 0.610768
0.36 2.64 0.0990639 0.414923 0.477285
0.36 2.76 0.0763333 0.550107 0.363656
0.36 2.88 0.0677743 0.600519 0.321477
0.36 3 0.0763512 0.550031 0.363828
0.36 3.12 0.0991021 0.414516 0.477661
0.36 3.24 0.124874 0.255794 0.611215
0.36 3.36 0.142352 0.139888 0.709666
0.36 3.48 0.15046 0.0756565 0.766095
0.36 3.6 0.152783 0.0434665 0.79635
0.36 3.72 0.152258 0.027204 0.813573
0.36 3.84 0.150474 0.0185171 0.824539
0.36 3.96 0.148157 0.0136482 0.831789
0.36 4.08 0.145753 0.0109846 0.836547
0.36 4.2 0.143639 0.0098681 0.839791
0.36 4.32 0.142049 0.0100844 0.841825
0.36 4.44 0.14099 0.011669 0.841905
0.36 4.56 0.140337 0.0148577 0.838891
0.36 4.68 0.140061 0.0201383 0.832744
0.36 4.8 0.140044 0.0283845 0.824011
0.36 4.92 0.139892 0.040996 0.811307
0.36 5.04 0.138782 0.060072 0.791541
0.36 5.16 0.136185 0.0886038 0.763389
0.36 5.28 0.131631 0.129909 0.725734
0.36 5.4 0.12445 0.18491 0.676065
0.36 5.52 0.115454 0.249161 0.619555
0.36 5.64 0.106376 0.311679 0.565667
0.36 5.76 0.100814 0.349932 0.533387
0.36 5.88 0.0975055 0.373149 0.515099
0.48 0 0.113413 0.262189 0.612486
0.48 0.12 0.115146 0.249735 0.624287
0.48 0.24 0.120106 0.213219 0.656111
0.48 0.36 0.125803 0.169945 0.694404
0.48 0.48 0.131076 0.127112 0.732932
0.48 0.6 0.13496 0.0913122 0.765611
0.48 0.72 0.137371 0.0642639 0.791263
0.48 0.84 0.138575 0.0449546 0.810058
0.48 0.96 0.1391 0.0316052 0.823485
0.48 1.08 0.139401 0.0225612 0.832708
0.48 1.2 0.139824 0.0165966 0.838484
0.48 1.32 0.140625 0.0128959 0.841514
0.48 1.44 0.141953 0.0109504 0.842632
0.48 1.56 0.143764 0.0104764 0.841706
0.48 1.68 0.145933 0.0113989 0.838726
0.48 1.8 0.148291 0.0139025 0.833705
0.48 1.92 0.150612 0.0186147 0.826537
0.48 2.04 0.152469 0.0270823 0.815735
0.48 2.16 0.153106 0.0429194 0.798901
0.48 2.28 0.150936 0.0741331 0.769213
0.48 2.4 0.143152 0.136183 0.714171
0.48 2.52 0.126288 0.248204 0.618487
0.48 2.64 0.101132 0.403002 0.487693
0.48 2.76 0.0785532 0.537255 0.374534
0.48 2.88 0.0699117 0.588059 0.331875
0.48 3 0.078421 0.538025 0.373994
0.48 3.12 0.100934 0.403956 0.486937
0.48 3.24 0.126102 0.248397 0.617927
0.48 3.36 0.142909 0.135683 0.713457
0.48 3.48 0.150555 0.0734606 0.767917
0.48 3.6 0.152611 0.0422974 0.797109
0.48 3.72 0.151935 0.0265365 0.813808
0.48 3.84 0.150063 0.018102 0.824545
0.48 3.96 0.147683 0.0133628 0.831695
0.48 4.08 0.145222 0.0107588 0.836391
0.48 4.2 0.143051 0.00964917 0.839609
0.48 4.32 0.141411 0.00981767 0.841707
0.48 4.44 0.140313 0.0112806 0.841967
0.48 4.56 0.139631 0.0142307 0.839227
0.48 4.68 0.139347 0.0190737 0.833481
0.48 4.8 0.139386 0.0265298 0.825485
0.48 4.92 0.139426 0.0377229 0.814212
0.48 5.04 0.138727 0.054275 0.79695
0.48 5.16 0.136863 0.0784237 0.772893
0.48 5.28 0.133522 0.112574 0.741721
0.48 5.4 0.128087 0.157203 0.701167
0.48 5.52 0.121143 0.208763 0.655207
0.48 5.64 0.113951 0.258989 0.610952
0.48 5.76 0.10961 0.289508 0.584706
0.48 5.88 0.106531 0.310735 0.567542
0.6 0 0.119149 0.222431 0.647426
0.6 0.12 0.120487 0.21252 0.657262
0.6 0.24 0.124424 0.182642 0.683829
0.6 0.36 0.128877 0.147214 0.715606
0.6 0.48 0.132956 0.111809 0.747748
0.6 0.6 0.135925 0.0817443 0.775372
0.6 0.72 0.137733 0.0585608 0.797522
0.6 0.84 0.138584 0.0416417 0.814063
0.6 0.96 0.13893 0.0296992 0.826115
0.6 1.08 0.139164 0.021463 0.83455
0.6 1.2 0.139584 0.0159546 0.839897
0.6 1.32 0.14041 0.0125047 0.842688
0.6 1.44 0.141771 0.0106876 0.843673
0.6 1.56 0.143619 0.0102645 0.842695
0.6 1.68 0.145829 0.0111811 0.839738
0.6 1.8 0.148233 0.0136237 0.834785
0.6 1.92 0.150606 0.0181988 0.827722
0.6 2.04 0.152541 0.0263912 0.817126
0.6 2.16 0.153319 0.0416619 0.80079
0.6 2.28 0.151421 0.0716776 0.772218
0.6 2.4 0.144144 0.131311 0.719399
0.6 2.52 0.128051 0.23937 0.627194
0.6 2.64 0.103605 0.390183 0.499582
0.6 2.76 0.081254 0.522875 0.387348
0.6 2.88 0.0725602 0.573827 0.344385
0.6 3 0.0809984 0.524352 0.386221
0.6 3.12 0.103216 0.392246 0.497914
0.6 3.24 0.1277 0.240546 0.625833
0.6 3.36 0.1438 0.13144 0.718181
0.6 3.48 0.150989 0.0713561 0.770645
0.6 3.6 0.152796 0.0412341 0.798829
0.6 3.72 0.151989 0.025961 0.815075
0.6 3.84 0.150046 0.0177632 0.825645
0.6 3.96 0.147619 0.0131419 0.832744
0.6 4.08 0.145111 0.0105902 0.837406
0.6 4.2 0.142888 0.00948445 0.840611
0.6 4.32 0.141197 0.00960664 0.842775
0.6 4.44 0.140053 0.0109541 0.843214
0.6 4.56 0.139329 0.0136782 0.840747
0.6 4.68 0.139017 0.0181063 0.835385
0.6 4.8 0.139078 0.0248155 0.828068
0.6 4.92 0.13926 0.0346779 0.818095
0.6 5.04 0.138904 0.0488923 0.803118
0.6 5.16 0.137674 0.0690431 0.782778
0.6 5.28 0.13539 0.096746 0.757433
0.6 5.4 0.131509 0.132077 0.725155
0.6 5.52 0.126453 0.172195 0.68904
0.6 5.64 0.121058 0.21106 0.654039
0.6 5.76 0.117886 0.234354 0.633748
0.6 5.88 0.1151 0.252934 0.617996
0.72 0 0.123866 0.188646 0.677182
0.72 0.12 0.124891 0.180832 0.68531
0.72 0.24 0.127988 0.156554 0.707271
0.72 0.36 0.131431 0.127712 0.73346
0.72 0.48 0.13454 0.0985557 0.760207
0.72 0.6 0.13677 0.0733566 0.783554
0.72 0.72 0.138093 0.0534984 0.802701
0.72 0.84 0.138668 0.0386716 0.817278
0.72 0.96 0.138886 0.0279814 0.828122
0.72 1.08 0.139085 0.020474 0.835866
0.72 1.2 0.139522 0.015381 0.840841
0.72 1.32 0.14038 0.0121605 0.843425
0.72 1.44 0.141774 0.0104605 0.844291
0.72 1.56 0.143652 0.0100829 0.843267
0.72 1.68 0.145892 0.0109923 0.84033
0.72 1.8 0.148326 0.0133759 0.835434
0.72 1.92 0.150733 0.0178192 0.828452
0.72 2.04 0.152724 0.0257459 0.818031
0.72 2.16 0.153621 0.0404654 0.80216
0.72 2.28 0.151976 0.0693022 0.774685
0.72 2.4 0.145191 0.126512 0.724116
0.72 2.52 0.129876 0.230458 0.635546
0.72 2.64 0.106197 0.376837 0.511527
0.72 2.76 0.0841465 0.507426 0.400677
0.72 2.88 0.075435 0.558276 0.357616
0.72 3 0.0837902 0.509483 0.399071
0.72 3.12 0.105659 0.379788 0.509137
0.72 3.24 0.129401 0.23242 0.633573
0.72 3.36 0.144775 0.127157 0.722522
0.72 3.48 0.151508 0.0692795 0.772903
0.72 3.6 0.153078 0.0402101 0.800062
0.72 3.72 0.152157 0.0254226 0.81587
0.72 3.84 0.150163 0.0174573 0.826295
0.72 3.96 0.147706 0.0129511 0.833358
0.72 4.08 0.145166 0.0104506 0.837999
0.72 4.2 0.142904 0.0093504 0.841198
0.72 4.32 0.141168 0.0094313 0.843426
0.72 4.44 0.139977 0.0106736 0.844031
0.72 4.56 0.139202 0.0131914 0.841819
0.72 4.68 0.138843 0.0172425 0.836812
0.72 4.8 0.138892 0.02328 0.830088
0.72 4.92 0.139161 0.0319647 0.821234
0.72 5.04 0.139061 0.0441541 0.808219
0.72 5.16 0.138331 0.0609239 0.791027
0.72 5.28 0.136883 0.0832879 0.770486
0.72 5.4 0.134242 0.111028 0.744979
0.72 5.52 0.130732 0.141861 0.717068
0.72 5.64 0.126867 0.171436 0.689962
0.72 5.76 0.124667 0.188793 0.674804
0.72 5.88 0.122235 0.204682 0.660742
0.84 0 0.127393 0.162014 0.700712
0.84 0.12 0.12817 0.155799 0.707507
0.84 0.24 0.130598 0.135879 0.725814
0.84 0.36 0.133252 0.112146 0.747628
0.84 0.48 0.135616 0.0878611 0.770165
0.84 0.6 0.137278 0.0664977 0.790143
0.84 0.72 0.138232 0.0493056 0.806897
0.84 0.84 0.138603 0.0361882 0.819909
0.84 0.96 0.13874 0.0265391 0.829812
0.84 1.08 0.138936 0.0196458 0.837039
0.84 1.2 0.139408 0.0149056 0.841746
0.84 1.32 0.140312 0.0118804 0.844181
0.84 1.44 0.141745 0.0102794 0.844951
0.84 1.56 0.143655 0.00993909 0.843871
0.84 1.68 0.145923 0.0108395 0.840919
0.84 1.8 0.148382 0.0131681 0.836036
0.84 1.92 0.150817 0.017491 0.829092
0.84 2.04 0.152857 0.0251752 0.818792
0.84 2.16 0.153857 0.0393895 0.803301
0.84 2.28 0.152442 0.0671384 0.776803
0.84 2.4 0.146119 0.122087 0.72833
0.84 2.52 0.131554 0.222113 0.643251
0.84 2.64 0.108652 0.36406 0.522858
0.84 2.76 0.0869516 0.492293 0.413616
0.84 2.88 0.0782536 0.542859 0.370599
0.84 3 0.0865135 0.494817 0.411619
0.84 3.12 0.107997 0.367712 0.519901
0.84 3.24 0.130987 0.224691 0.640812
0.84 3.36 0.14565 0.123147 0.726452
0.84 3.48 0.15195 0.0673645 0.774862
0.84 3.6 0.153302 0.039284 0.801094
0.84 3.72 0.15228 0.0249484 0.816535
0.84 3.84 0.150238 0.0171979 0.82685
0.84 3.96 0.147752 0.0127975 0.833899
0.84 4.08 0.145183 0.0103453 0.838551
0.84 4.2 0.142883 0.00925272 0.841779
0.84 4.32 0.141101 0.00930043 0.844083
0.84 4.44 0.139855 0.0104544 0.844831
0.84 4.56 0.139017 0.0127975 0.842827
0.84 4.68 0.138595 0.0165302 0.838104
0.84 4.8 0.138607 0.0220052 0.831841
0.84 4.92 0.138914 0.0297178 0.823847
0.84 5.04 0.138989 0.040271 0.812371
0.84 5.16 0.138631 0.0543775 0.797658
0.84 5.28 0.137808 0.0726365 0.780813
0.84 5.4 0.136082 0.0946482 0.760386
0.84 5.52 0.133722 0.118555 0.738646
0.84 5.64 0.131009 0.141222 0.717582
0.84 5.76 0.129562 0.154178 0.706375
0.84 5.88 0.127456 0.167708 0.693943
0.96 0 0.12987 0.14241 0.718513
0.96 0.12 0.130468 0.137334 0.724356
0.96 0.24 0.132409 0.120575 0.740008
0.96 0.36 0.134495 0.100546 0.758653
0.96 0.48 0.136324 0.0798139 0.778123
0.96 0.6 0.137579 0.0612817 0.795625
0.96 0.72 0.138275 0.0460888 0.810624
0.96 0.84 0.138518 0.0342745 0.822513
0.96 0.96 0.13862 0.0254298 0.831767
0.96 1.08 0.13884 0.0190151 0.838658
0.96 1.2 0.139361 0.0145508 0.843195
0.96 1.32 0.140317 0.0116778 0.845527
0.96 1.44 0.141792 0.0101532 0.846214
0.96 1.56 0.143734 0.00984 0.845058
0.96 1.68 0.146025 0.0107305 0.842042
0.96 1.8 0.148504 0.0130116 0.837114
0.96 1.92 0.150962 0.0172327 0.830159
0.96 2.04 0.153042 0.0247125 0.819927
0.96 2.16 0.154128 0.0384995 0.804711
0.96 2.28 0.152902 0.065322 0.778977
0.96 2.4 0.146967 0.118329 0.732235
0.96 2.52 0.133053 0.214934 0.650156
0.96 2.64 0.11085 0.352889 0.533007
0.96 2.76 0.0894913 0.478843 0.425326
0.96 2.88 0.080822 0.529049 0.382423
0.96 3 0.0889868 0.48174 0.423009
0.96 3.12 0.110103 0.357088 0.529595
0.96 3.24 0.132415 0.217995 0.647346
0.96 3.36 0.14646 0.11972 0.73013
0.96 3.48 0.152393 0.065754 0.776908
0.96 3.6 0.153567 0.0385226 0.80242
0.96 3.72 0.152461 0.0245717 0.817595
0.96 3.84 0.150377 0.0170026 0.827846
0.96 3.96 0.147865 0.0126918 0.834919
0.96 4.08 0.145271 0.0102814 0.839631
0.96 4.2 0.142937 0.00919788 0.842934
0.96 4.32 0.141108 0.0092221 0.845324
0.96 4.44 0.139801 0.0103091 0.846184
0.96 4.56 0.138892 0.0125176 0.844333
0.96 4.68 0.138398 0.0160037 0.839822
0.96 4.8 0.138352 0.021044 0.833886
0.96 4.92 0.138655 0.0280122 0.826484
0.96 5.04 0.138827 0.0373315 0.816092
0.96 5.16 0.138717 0.0494727 0.803176
0.96 5.28 0.138326 0.0647716 0.788997
0.96 5.4 0.137226 0.0827315 0.772124
0.96 5.52 0.13565 0.101806 0.754652
0.96 5.64 0.133728 0.119682 0.737811
0.96 5.76 0.132805 0.129612 0.729368
0.96 5.88 0.130953 0.141282 0.718242
1.08 0 0.13144 0.128964 0.731057
1.08 0.12 0.131918 0.124649 0.736264
1.08 0.24 0.13353 0.11003 0.750117
1.08 0.36 0.135235 0.0925139 0.766621
1.08 0.48 0.136708 0.0742053 0.78401
1.08 0.6 0.137697 0.0576247 0.799832
1.08 0.72 0.138232 0.0438265 0.813646
1.08 0.84 0.138405 0.032931 0.824789
1.08 0.96 0.138504 0.0246577 0.833619
1.08 1.08 0.138759 0.0185837 0.840283
1.08 1.2 0.139331 0.0143152 0.844699
1.08 1.32 0.140339 0.0115495 0.846959
1.08 1.44 0.141859 0.0100777 0.847589
1.08 1.56 0.143834 0.00978181 0.846373
1.08 1.68 0.146146 0.0106624 0.843286
1.08 1.8 0.148641 0.0129053 0.838289
1.08 1.92 0.151119 0.0170466 0.831296
1.08 2.04 0.153233 0.0243674 0.8211
1.08 2.16 0.154389 0.0378222 0.806086
1.08 2.28 0.153309 0.0639231 0.78092
1.08 2.4 0.147676 0.11541 0.735496
1.08 2.52 0.134274 0.209314 0.655759
1.08 2.64 0.112636 0.34405 0.54122
1.08 2.76 0.0915668 0.468086 0.434866
1.08 2.88 0.0829279 0.517955 0.392089
1.08 3 0.0910079 0.471282 0.432284
1.08 3.12 0.111814 0.348683 0.537432
1.08 3.24 0.133578 0.212757 0.652636
1.08 3.36 0.147138 0.117068 0.733188
1.08 3.48 0.152789 0.0645253 0.778731
1.08 3.6 0.153824 0.0379551 0.803713
1.08 3.72 0.152652 0.0243022 0.818701
1.08 3.84 0.150533 0.0168735 0.828926
1.08 3.96 0.148001 0.0126328 0.836059
1.08 4.08 0.145388 0.0102562 0.840869
1.08 4.2 0.143024 0.00918239 0.844263
1.08 4.32 0.141147 0.00919303 0.84672
1.08 4.44 0.139774 0.0102357 0.84764
1.08 4.56 0.13879 0.012352 0.845883
1.08 4.68 0.138222 0.0156667 0.841528
1.08 4.8 0.138112 0.0204027 0.835832
1.08 4.92 0.138381 0.0268489 0.828821
1.08 5.04 0.138588 0.0353087 0.819125
1.08 5.16 0.138621 0.0460997 0.807404
1.08 5.28 0.138504 0.0594008 0.795021
1.08 5.4 0.137803 0.0746707 0.780487
1.08 5.52 0.136721 0.090576 0.765755
1.08 5.64 0.13531 0.105332 0.751637
1.08 5.76 0.134727 0.113312 0.744995
1.08 5.88 0.133068 0.123665 0.734831
1.2 0 0.132298 0.12075 0.73913
1.2 0.12 0.132705 0.116897 0.743953
1.2 0.24 0.134121 0.103588 0.756726
1.2 0.36 0.135599 0.0876076 0.771942
1.2 0.48 0.136864 0.0707853 0.788083
1.2 0.6 0.137703 0.0554062 0.802894
1.2 0.72 0.138153 0.0424688 0.815994
1.2 0.84 0.138299 0.03214 0.826678
1.2 0.96 0.138409 0.0242166 0.835228
1.2 1.08 0.138698 0.0183488 0.841722
1.2 1.2 0.139316 0.0141968 0.84604
1.2 1.32 0.140374 0.0114934 0.848258
1.2 1.44 0.141941 0.0100512 0.848883
1.2 1.56 0.143954 0.00976347 0.84766
1.2 1.68 0.146293 0.0106356 0.844543
1.2 1.8 0.148805 0.0128522 0.83949
1.2 1.92 0.151299 0.0169401 0.832451
1.2 2.04 0.15344 0.0241552 0.822265
1.2 2.16 0.154648 0.0373896 0.807378
1.2 2.28 0.153671 0.063012 0.782588
1.2 2.4 0.148242 0.113492 0.738033
1.2 2.52 0.135184 0.2056 0.659855
1.2 2.64 0.113924 0.338187 0.547065
1.2 2.76 0.0930489 0.460932 0.441601
1.2 2.88 0.0844267 0.510582 0.398891
1.2 3 0.0924447 0.464371 0.438794
1.2 3.12 0.113039 0.343179 0.542951
1.2 3.24 0.134438 0.209362 0.656447
1.2 3.36 0.147675 0.115371 0.735526
1.2 3.48 0.153137 0.0637571 0.780261
1.2 3.6 0.154077 0.0376158 0.804897
1.2 3.72 0.152854 0.0241556 0.819768
1.2 3.84 0.150711 0.0168177 0.83
1.2 3.96 0.148165 0.0126227 0.837216
1.2 4.08 0.145536 0.0102694 0.842131
1.2 4.2 0.143143 0.00920452 0.845601
1.2 4.32 0.141215 0.00921097 0.848082
1.2 4.44 0.139775 0.0102322 0.849005
1.2 4.56 0.138717 0.0122992 0.847286
1.2 4.68 0.138078 0.0155176 0.843045
1.2 4.8 0.137907 0.0200765 0.837537
1.2 4.92 0.138133 0.0262108 0.830783
1.2 5.04 0.138334 0.0341494 0.821489
1.2 5.16 0.138428 0.0441193 0.810468
1.2 5.28 0.138461 0.0562122 0.799176
1.2 5.4 0.137987 0.0698679 0.786049
1.2 5.52 0.137186 0.0838826 0.772915
1.2 5.64 0.136068 0.0967837 0.760359
1.2 5.76 0.135688 0.103614 0.754806
1.2 5.88 0.134148 0.11314 0.745212
1.32 0 0.13263 0.116964 0.743523
1.32 0.12 0.133002 0.113334 0.748156
1.32 0.24 0.134327 0.100653 0.760418
1.32 0.36 0.1357 0.0854073 0.775018
1.32 0.48 0.136871 0.0692906 0.790559
1.32 0.6 0.137645 0.0544749 0.804878
1.32 0.72 0.138064 0.0419332 0.817615
1.32 0.84 0.138207 0.0318564 0.828042
1.32 0.96 0.138334 0.0240814 0.83641
1.32 1.08 0.138651 0.018295 0.842772
1.32 1.2 0.139307 0.0141852 0.847013
1.32 1.32 0.140409 0.0115018 0.84922
1.32 1.44 0.142024 0.0100672 0.849884
1.32 1.56 0.144078 0.00977969 0.848711
1.32 1.68 0.146449 0.010646 0.845615
1.32 1.8 0.148982 0.0128495 0.840546
1.32 1.92 0.151493 0.0169123 0.83348
1.32 2.04 0.153656 0.0240786 0.823297
1.32 2.16 0.1549 0.0372122 0.808485
1.32 2.28 0.153984 0.0626183 0.783895
1.32 2.4 0.14866 0.11265 0.739768
1.32 2.52 0.135765 0.203983 0.662313
1.32 2.64 0.114669 0.335683 0.550282
1.32 2.76 0.0938601 0.457957 0.44514
1.32 2.88 0.0852293 0.507592 0.402392
1.32 3 0.0932179 0.461606 0.442142
1.32 3.12 0.113728 0.340992 0.545877
1.32 3.24 0.134973 0.208028 0.658639
1.32 3.36 0.148066 0.114725 0.737062
1.32 3.48 0.153434 0.063487 0.781415
1.32 3.6 0.154317 0.0375187 0.805865
1.32 3.72 0.15306 0.0241357 0.82066
1.32 3.84 0.150895 0.0168341 0.830896
1.32 3.96 0.148335 0.0126581 0.83817
1.32 4.08 0.145689 0.0103158 0.843156
1.32 4.2 0.143266 0.0092581 0.846667
1.32 4.32 0.141291 0.00926887 0.849142
1.32 4.44 0.139788 0.0102903 0.850035
1.32 4.56 0.138664 0.0123491 0.848322
1.32 4.68 0.137965 0.0155422 0.844166
1.32 4.8 0.137743 0.0200422 0.838809
1.32 4.92 0.137926 0.0260562 0.832229
1.32 5.04 0.138099 0.0337734 0.823137
1.32 5.16 0.1382 0.0433746 0.812443
1.32 5.28 0.13829 0.0549092 0.801691
1.32 5.4 0.13792 0.0678067 0.789276
1.32 5.52 0.137247 0.0809232 0.776924
1.32 5.64 0.136263 0.0929438 0.765154
1.32 5.76 0.135987 0.0992209 0.760172
1.32 5.88 0.134495 0.108351 0.750829
1.44 0 0.132523 0.116941 0.744558
1.44 0.12 0.132888 0.113339 0.749146
1.44 0.24 0.134202 0.100717 0.761334
1.44 0.36 0.135563 0.0855337 0.775833
1.44 0.48 0.136726 0.069462 0.791271
1.44 0.6 0.137498 0.0546637 0.805485
1.44 0.72 0.137923 0.0421145 0.818118
1.44 0.84 0.138078 0.0320147 0.828448
1.44 0.96 0.138224 0.0242103 0.836722
1.44 1.08 0.138566 0.0183955 0.843003
1.44 1.2 0.139252 0.0142618 0.847198
1.44 1.32 0.14039 0.011561 0.849414
1.44 1.44 0.142044 0.0101148 0.850136
1.44 1.56 0.144137 0.00982044 0.849037
1.44 1.68 0.146539 0.0106836 0.846
1.44 1.8 0.149096 0.0128867 0.840964
1.44 1.92 0.151627 0.0169517 0.833919
1.44 2.04 0.153811 0.0241243 0.823774
1.44 2.16 0.155079 0.0372736 0.809026
1.44 2.28 0.154188 0.0627209 0.784511
1.44 2.4 0.148881 0.11286 0.740424
1.44 2.52 0.135973 0.204441 0.662903
1.44 2.64 0.114824 0.336549 0.550654
1.44 2.76 0.0939517 0.459221 0.445254
1.44 2.88 0.0852844 0.509067 0.402352
1.44 3 0.0932769 0.463057 0.442091
1.44 3.12 0.113833 0.342154 0.545982
1.44 3.24 0.135138 0.208755 0.658977
1.44 3.36 0.148261 0.115117 0.737531
1.44 3.48 0.153625 0.0637012 0.781888
1.44 3.6 0.154487 0.0376512 0.80627
1.44 3.72 0.153203 0.0242312 0.820988
1.44 3.84 0.151015 0.0169125 0.831174
1.44 3.96 0.148435 0.0127289 0.838433
1.44 4.08 0.145768 0.0103857 0.843422
1.44 4.2 0.143317 0.00933287 0.846933
1.44 4.32 0.141304 0.00935523 0.849387
1.44 4.44 0.139751 0.0103961 0.850248
1.44 4.56 0.138575 0.0124834 0.84853
1.44 4.68 0.13783 0.0157146 0.844434
1.44 4.8 0.13757 0.020261 0.839191
1.44 4.92 0.137715 0.0263241 0.832718
1.44 5.04 0.137851 0.0340821 0.823688
1.44 5.16 0.137923 0.0437029 0.813049
1.44 5.28 0.138004 0.0552242 0.802415
1.44 5.4 0.137644 0.0680649 0.790175
1.44 5.52 0.136991 0.0810817 0.777998
1.44 5.64 0.136028 0.0929906 0.766389
1.44 5.76 0.135777 0.0991781 0.761566
1.44 5.88 0.13428 0.108275 0.752179
1.56 0 0.132012 0.120186 0.742365
1.56 0.12 0.132393 0.116443 0.747029
1.56 0.24 0.133763 0.103386 0.759506
1.56 0.36 0.135189 0.0876809 0.774339
1.56 0.48 0.136416 0.0710793 0.790095
1.56 0.6 0.137243 0.0558223 0.804548
1.56 0.72 0.137708 0.0429141 0.817327
1.56 0.84 0.137895 0.0325512 0.827733
1.56 0.96 0.138068 0.0245628 0.836034
1.56 1.08 0.138432 0.0186237 0.842315
1.56 1.2 0.139142 0.0144093 0.84651
1.56 1.32 0.140307 0.0116587 0.848749
1.56 1.44 0.14199 0.0101844 0.849519
1.56 1.56 0.14411 0.00987748 0.848481
1.56 1.68 0.146536 0.0107401 0.845504
1.56 1.8 0.149114 0.0129543 0.840527
1.56 1.92 0.151664 0.0170462 0.833545
1.56 2.04 0.153867 0.0242749 0.823475
1.56 2.16 0.155149 0.0375459 0.808786
1.56 2.28 0.15425 0.0632706 0.784233
1.56 2.4 0.148873 0.114031 0.739833
1.56 2.52 0.13579 0.206807 0.661522
1.56 2.64 0.114389 0.340522 0.548159
1.56 2.76 0.0933325 0.464393 0.44198
1.56 2.88 0.0846041 0.514657 0.398826
1.56 3 0.0926294 0.468398 0.438671
1.56 3.12 0.113351 0.346413 0.543234
1.56 3.24 0.134915 0.211387 0.657351
1.56 3.36 0.148233 0.116462 0.736771
1.56 3.48 0.153681 0.0643552 0.781499
1.56 3.6 0.154557 0.0379888 0.80594
1.56 3.72 0.15326 0.0244271 0.820591
1.56 3.84 0.151049 0.0170421 0.830681
1.56 3.96 0.148446 0.0128269 0.837857
1.56 4.08 0.145757 0.0104714 0.842793
1.56 4.2 0.143283 0.00942094 0.846277
1.56 4.32 0.141243 0.00946066 0.848712
1.56 4.44 0.139657 0.0105372 0.849551
1.56 4.56 0.138445 0.0126845 0.84782
1.56 4.68 0.137665 0.0160085 0.843742
1.56 4.8 0.137373 0.0206928 0.838539
1.56 4.92 0.137485 0.0269526 0.832079
1.56 5.04 0.137575 0.0349804 0.822971
1.56 5.16 0.13759 0.0449592 0.812148
1.56 5.28 0.137605 0.0569387 0.801256
1.56 5.4 0.137177 0.0703236 0.788714
1.56 5.52 0.136451 0.0839205 0.776193
1.56 5.64 0.135419 0.09637 0.764237
1.56 5.76 0.135128 0.102858 0.759216
1.56 5.88 0.133588 0.112238 0.749586
1.68 0 0.131154 0.12638 0.737292
1.68 0.12 0.131575 0.12234 0.742155
1.68 0.24 0.133065 0.108399 0.755278
1.68 0.36 0.134634 0.0916404 0.770882
1.68 0.48 0.136002 0.0739882 0.7874
1.68 0.6 0.136943 0.0578436 0.802473
1.68 0.72 0.137493 0.0442614 0.8157
1.68 0.84 0.137739 0.0334216 0.82641
1.68 0.96 0.137953 0.025112 0.834905
1.68 1.08 0.138347 0.0189642 0.841302
1.68 1.2 0.139079 0.014619 0.845563
1.68 1.32 0.140262 0.0117903 0.847843
1.68 1.44 0.141961 0.0102738 0.848641
1.68 1.56 0.144095 0.0099496 0.847628
1.68 1.68 0.146534 0.0108145 0.844678
1.68 1.8 0.149124 0.0130505 0.839741
1.68 1.92 0.151688 0.0171914 0.832813
1.68 2.04 0.153899 0.0245207 0.822793
1.68 2.16 0.155173 0.0380073 0.80809
1.68 2.28 0.154221 0.0642166 0.783319
1.68 2.4 0.148684 0.116046 0.738213
1.68 2.52 0.135268 0.210841 0.658412
1.68 2.64 0.113433 0.347181 0.543125
1.68 2.76 0.0920894 0.472895 0.435726
1.68 2.88 0.0832803 0.523732 0.392245
1.68 3 0.091361 0.477053 0.432287
1.68 3.12 0.112348 0.353347 0.537954
1.68 3.24 0.134351 0.215685 0.653995
1.68 3.36 0.148024 0.118648 0.734993
1.68 3.48 0.153652 0.0654 0.780506
1.68 3.6 0.154593 0.0385106 0.80521
1.68 3.72 0.153307 0.0247147 0.819889
1.68 3.84 0.151087 0.0172197 0.829918
1.68 3.96 0.148466 0.0129509 0.837013
1.68 4.08 0.145761 0.0105724 0.841891
1.68 4.2 0.143273 0.0095213 0.845352
1.68 4.32 0.141218 0.00958262 0.84778
1.68 4.44 0.139613 0.0107082 0.848602
1.68 4.56 0.138375 0.0129422 0.846833
1.68 4.68 0.137566 0.0164064 0.842698
1.68 4.8 0.137242 0.0213078 0.837411
1.68 4.92 0.137313 0.0278936 0.830803
1.68 5.04 0.137343 0.0363938 0.821423
1.68 5.16 0.137267 0.0470331 0.810145
1.68 5.28 0.137158 0.0598947 0.798599
1.68 5.4 0.136578 0.0743669 0.785256
1.68 5.52 0.135688 0.0891598 0.771859
1.68 5.64 0.134496 0.10274 0.75905
1.68 5.76 0.134104 0.109888 0.753495
1.68 5.88 0.132488 0.119821 0.743448
1.8 0 0.130014 0.1353 0.729821
1.8 0.12 0.130499 0.130814 0.73502
1.8 0.24 0.13218 0.115565 0.749172
1.8 0.36 0.133976 0.0972542 0.766017
1.8 0.48 0.135567 0.078065 0.783775
1.8 0.6 0.136691 0.060637 0.79989
1.8 0.72 0.137375 0.0460941 0.813904
1.8 0.84 0.137712 0.0345855 0.825174
1.8 0.96 0.137986 0.0258331 0.83405
1.8 1.08 0.138417 0.0194027 0.840689
1.8 1.2 0.139172 0.0148833 0.845091
1.8 1.32 0.140369 0.0119525 0.847437
1.8 1.44 0.142075 0.010382 0.848253
1.8 1.56 0.144214 0.010037 0.847232
1.8 1.68 0.146656 0.0109071 0.84427
1.8 1.8 0.149251 0.0131744 0.839331
1.8 1.92 0.151817 0.0173837 0.832402
1.8 2.04 0.154019 0.0248511 0.822349
1.8 2.16 0.155254 0.038631 0.807488
1.8 2.28 0.154193 0.0654955 0.782248
1.8 2.4 0.148401 0.118759 0.736004
1.8 2.52 0.134505 0.216232 0.654047
1.8 2.64 0.112078 0.355976 0.536141
1.8 2.76 0.0903677 0.483983 0.427183
1.8 2.88 0.0814654 0.53548 0.383332
1.8 3 0.0896171 0.488277 0.423631
1.8 3.12 0.110948 0.362407 0.530728
1.8 3.24 0.133544 0.221337 0.649374
1.8 3.36 0.14772 0.121528 0.732618
1.8 3.48 0.153625 0.0667719 0.779361
1.8 3.6 0.15469 0.0391897 0.8046
1.8 3.72 0.153453 0.0250828 0.819475
1.8 3.84 0.151244 0.0174412 0.829546
1.8 3.96 0.148619 0.0130999 0.836621
1.8 4.08 0.145906 0.0106888 0.841477
1.8 4.2 0.143411 0.00963376 0.844935
1.8 4.32 0.14135 0.00971949 0.847367
1.8 4.44 0.139735 0.0109048 0.848169
1.8 4.56 0.138479 0.0132474 0.846323
1.8 4.68 0.137642 0.0168913 0.842039
1.8 4.8 0.13728 0.0220776 0.836518
1.8 4.92 0.137295 0.0291013 0.829563
1.8 5.04 0.137241 0.038253 0.81967
1.8 5.16 0.137035 0.049826 0.807629
1.8 5.28 0.136739 0.063961 0.79501
1.8 5.4 0.135921 0.0800296 0.780339
1.8 5.52 0.134766 0.0966044 0.765492
1.8 5.64 0.133321 0.111892 0.751306
1.8 5.76 0.132766 0.120049 0.74488
1.8 5.88 0.131042 0.130782 0.734254
1.92 0 0.128625 0.146717 0.720317
1.92 0.12 0.129203 0.14164 0.725993
1.92 0.24 0.131144 0.124682 0.741556
1.92 0.36 0.13325 0.104346 0.760106
1.92 0.48 0.135146 0.0831664 0.779576
1.92 0.6 0.13652 0.0640934 0.797144
1.92 0.72 0.137386 0.0483344 0.81227
1.92 0.84 0.137846 0.0359903 0.824339
1.92 0.96 0.138197 0.0266924 0.833761
1.92 1.08 0.138674 0.0199187 0.840753
1.92 1.2 0.139453 0.0151904 0.84536
1.92 1.32 0.140661 0.0121387 0.847801
1.92 1.44 0.142371 0.0105051 0.848634
1.92 1.56 0.144509 0.0101369 0.847588
1.92 1.68 0.146949 0.0110146 0.844584
1.92 1.8 0.149541 0.0133205 0.839596
1.92 1.92 0.152097 0.0176123 0.832597
1.92 2.04 0.15427 0.0252449 0.822403
1.92 2.16 0.155434 0.0393733 0.807219
1.92 2.28 0.154211 0.0670131 0.781259
1.92 2.4 0.148079 0.121966 0.733495
1.92 2.52 0.133587 0.22256 0.648859
1.92 2.64 0.110462 0.366193 0.527859
1.92 2.76 0.0883389 0.496717 0.417164
1.92 2.88 0.0793407 0.548891 0.372942
1.92 3 0.0875698 0.501133 0.413516
1.92 3.12 0.109288 0.372879 0.52222
1.92 3.24 0.132582 0.227923 0.643929
1.92 3.36 0.147374 0.124896 0.72993
1.92 3.48 0.15364 0.0683761 0.778279
1.92 3.6 0.154883 0.0399814 0.804305
1.92 3.72 0.153728 0.0255092 0.81955
1.92 3.84 0.151554 0.0176947 0.829783
1.92 3.96 0.14894 0.0132673 0.836922
1.92 4.08 0.146228 0.0108164 0.841804
1.92 4.2 0.143732 0.00975469 0.845282
1.92 4.32 0.14167 0.00986649 0.847725
1.92 4.44 0.140052 0.0111191 0.848497
1.92 4.56 0.138783 0.0135869 0.846543
1.92 4.68 0.13792 0.0174414 0.842035
1.92 4.8 0.137513 0.0229667 0.836146
1.92 4.92 0.137456 0.0305208 0.828656
1.92 5.04 0.137291 0.0404768 0.81801
1.92 5.16 0.136916 0.0532255 0.804905
1.92 5.28 0.136371 0.0689922 0.790813
1.92 5.4 0.135229 0.087136 0.774299
1.92 5.52 0.133707 0.106052 0.757422
1.92 5.64 0.131908 0.123593 0.741325
1.92 5.76 0.131129 0.133105 0.733694
1.92 5.88 0.129271 0.144838 0.72236
2.04 0 0.126998 0.160323 0.709037
2.04 0.12 0.127693 0.154511 0.715331
2.04 0.24 0.12996 0.135475 0.732651
2.04 0.36 0.132453 0.112684 0.753326
2.04 0.48 0.134725 0.0891074 0.774912
2.04 0.6 0.136407 0.0680738 0.794275
2.04 0.72 0.137496 0.0508837 0.810773
2.04 0.84 0.138104 0.03757 0.823824
2.04 0.96 0.138545 0.0276477 0.833912
2.04 1.08 0.139072 0.0204858 0.841329
2.04 1.2 0.139876 0.0155241 0.846184
2.04 1.32 0.141094 0.0123389 0.848742
2.04 1.44 0.142805 0.0106367 0.849604
2.04 1.56 0.144941 0.0102438 0.84853
2.04 1.68 0.147377 0.0111305 0.845468
2.04 1.8 0.149961 0.0134792 0.840399
2.04 1.92 0.152498 0.0178613 0.833274
2.04 2.04 0.154627 0.0256735 0.822855
2.04 2.16 0.155695 0.0401802 0.807229
2.04 2.28 0.154275 0.0686597 0.780381
2.04 2.4 0.147753 0.125435 0.730861
2.04 2.52 0.1326 0.229373 0.643262
2.04 2.64 0.108726 0.377094 0.518969
2.04 2.76 0.0861842 0.510162 0.406528
2.04 2.88 0.0770966 0.562981 0.361975
2.04 3 0.0854013 0.514692 0.402809
2.04 3.12 0.107515 0.384029 0.513135
2.04 3.24 0.131553 0.234991 0.638095
2.04 3.36 0.147024 0.128523 0.72712
2.04 3.48 0.153697 0.0701031 0.777291
2.04 3.6 0.15515 0.0408315 0.804254
2.04 3.72 0.154101 0.025965 0.819978
2.04 3.84 0.151977 0.0179639 0.830456
2.04 3.96 0.149385 0.013443 0.837717
2.04 4.08 0.14668 0.0109482 0.84266
2.04 4.2 0.144187 0.00987792 0.84617
2.04 4.32 0.142127 0.0100164 0.848619
2.04 4.44 0.140509 0.0113405 0.849353
2.04 4.56 0.139234 0.0139439 0.847274
2.04 4.68 0.138348 0.0180299 0.842504
2.04 4.8 0.137894 0.0239333 0.83617
2.04 4.92 0.137756 0.0320879 0.828015
2.04 5.04 0.137459 0.0429705 0.816432
2.04 5.16 0.136879 0.0570981 0.802017
2.04 5.28 0.136033 0.0748113 0.786121
2.04 5.4 0.13449 0.0954658 0.767319
2.04 5.52 0.132506 0.117243 0.747887
2.04 5.64 0.130257 0.137549 0.729386
2.04 5.76 0.129193 0.148745 0.72023
2.04 5.88 0.127181 0.161634 0.708117
2.16 0 0.125154 0.175667 0.69632
2.16 0.12 0.125989 0.168982 0.703345
2.16 0.24 0.128631 0.147553 0.722686
2.16 0.36 0.13157 0.121948 0.745803
2.16 0.48 0.134274 0.0956433 0.769804
2.16 0.6 0.136303 0.0724019 0.791188
2.16 0.72 0.137642 0.0536215 0.809216
2.16 0.84 0.138411 0.0392456 0.823347
2.16 0.96 0.138948 0.0286485 0.834153
2.16 1.08 0.139525 0.0210728 0.842021
2.16 1.2 0.140353 0.0158654 0.847136
2.16 1.32 0.141579 0.0125411 0.849821
2.16 1.44 0.143291 0.0107682 0.850721
2.16 1.56 0.145425 0.0103503 0.849632
2.16 1.68 0.147858 0.0112468 0.846518
2.16 1.8 0.150432 0.0136394 0.841362
2.16 1.92 0.152947 0.0181133 0.834093
2.16 2.04 0.155026 0.0261075 0.823422
2.16 2.16 0.155993 0.0409973 0.807322
2.16 2.28 0.154367 0.0703272 0.779548
2.16 2.4 0.147443 0.128946 0.728232
2.16 2.52 0.131621 0.236239 0.637656
2.16 2.64 0.10701 0.387992 0.510145
2.16 2.76 0.0840732 0.523478 0.396087
2.16 2.88 0.0749089 0.576876 0.351267
2.16 3 0.0832817 0.528116 0.392321
2.16 3.12 0.105771 0.395166 0.504158
2.16 3.24 0.130541 0.242106 0.632292
2.16 3.36 0.146695 0.132185 0.724342
2.16 3.48 0.153784 0.0718456 0.776356
2.16 3.6 0.155452 0.0416866 0.804273
2.16 3.72 0.154511 0.0264215 0.82049
2.16 3.84 0.152441 0.0182316 0.831228
2.16 3.96 0.149873 0.013616 0.838623
2.16 4.08 0.147177 0.0110762 0.84363
2.16 4.2 0.144687 0.00999641 0.847161
2.16 4.32 0.14263 0.0101611 0.849601
2.16 4.44 0.141015 0.0115576 0.850284
2.16 4.56 0.139739 0.0143004 0.84808
2.16 4.68 0.138837 0.0186277 0.843051
2.16 4.8 0.138342 0.024931 0.836262
2.16 4.92 0.138121 0.0337304 0.827396
2.16 5.04 0.137682 0.0456241 0.814783
2.16 5.16 0.136876 0.0612832 0.798909
2.16 5.28 0.13569 0.0811942 0.780983
2.16 5.4 0.133688 0.104723 0.759569
2.16 5.52 0.131167 0.129806 0.73717
2.16 5.64 0.128397 0.153317 0.715867
2.16 5.76 0.126999 0.166484 0.70492
2.16 5.88 0.124828 0.180624 0.692001
2.28 0 0.123145 0.192088 0.68266
2.28 0.12 0.124141 0.1844 0.690529
2.28 0.24 0.127189 0.160355 0.712048
2.28 0.36 0.130611 0.131696 0.737794
2.28 0.48 0.133776 0.102451 0.764366
2.28 0.6 0.136171 0.0768557 0.787863
2.28 0.72 0.137766 0.0564011 0.807455
2.28 0.84 0.138697 0.0409231 0.822662
2.28 0.96 0.139324 0.0296362 0.83416
2.28 1.08 0.139946 0.021643 0.842444
2.28 1.2 0.140792 0.016191 0.847792
2.28 1.32 0.142023 0.0127302 0.850593
2.28 1.44 0.143736 0.0108887 0.851538
2.28 1.56 0.145871 0.0104471 0.850453
2.28 1.68 0.148303 0.0113533 0.847313
2.28 1.8 0.150872 0.0137881 0.842097
2.28 1.92 0.153369 0.0183497 0.834716
2.28 2.04 0.155407 0.0265173 0.823833
2.28 2.16 0.156282 0.0417725 0.807319
2.28 2.28 0.154467 0.0719145 0.778708
2.28 2.4 0.147169 0.132292 0.725734
2.28 2.52 0.130723 0.242771 0.632403
2.28 2.64 0.105432 0.398292 0.501966
2.28 2.76 0.0821446 0.535968 0.386507
2.28 2.88 0.0729175 0.589867 0.341487
2.28 3 0.0813482 0.540704 0.382713
2.28 3.12 0.104173 0.405688 0.495864
2.28 3.24 0.129618 0.248871 0.626887
2.28 3.36 0.14641 0.135673 0.721733
2.28 3.48 0.153885 0.0735017 0.775443
2.28 3.6 0.155749 0.0424953 0.804215
2.28 3.72 0.154904 0.0268501 0.820855
2.28 3.84 0.15288 0.0184805 0.831805
2.28 3.96 0.150331 0.0137746 0.8393
2.28 4.08 0.14764 0.0111915 0.84434
2.28 4.2 0.14515 0.010102 0.847862
2.28 4.32 0.143094 0.0102912 0.850265
2.28 4.44 0.141482 0.011757 0.850886
2.28 4.56 0.14021 0.0146357 0.848568
2.28 4.68 0.139302 0.019202 0.843319
2.28 4.8 0.138777 0.0259073 0.836126
2.28 4.92 0.138481 0.0353651 0.826593
2.28 5.04 0.137903 0.0483082 0.812959
2.28 5.16 0.136864 0.065583 0.795588
2.28 5.28 0.13532 0.0878496 0.775536
2.28 5.4 0.132826 0.1145 0.751335
2.28 5.52 0.129723 0.143206 0.72573
2.28 5.64 0.1264 0.17025 0.701383
2.28 5.76 0.124635 0.185595 0.688466
2.28 5.88 0.122317 0.201029 0.67476
2.4 0 0.121055 0.208653 0.668714
2.4 0.12 0.12223 0.199844 0.677521
2.4 0.24 0.125692 0.173102 0.701241
2.4 0.36 0.129598 0.141323 0.729611
2.4 0.48 0.133225 0.109105 0.75873
2.4 0.6 0.135977 0.0811509 0.784272
2.4 0.72 0.137814 0.0590399 0.805325
2.4 0.84 0.138891 0.0424877 0.821494
2.4 0.96 0.139594 0.030539 0.833573
2.4 1.08 0.140247 0.0221514 0.84218
2.4 1.2 0.141101 0.0164723 0.847692
2.4 1.32 0.142333 0.0128869 0.850573
2.4 1.44 0.144048 0.0109843 0.851563
2.4 1.56 0.146187 0.0105223 0.850509
2.4 1.68 0.148626 0.0114379 0.84739
2.4 1.8 0.151198 0.0139107 0.842176
2.4 1.92 0.15369 0.0185504 0.83476
2.4 2.04 0.155703 0.0268723 0.823766
2.4 2.16 0.156512 0.0424535 0.806971
2.4 2.28 0.154544 0.0733222 0.777709
2.4 2.4 0.146927 0.135274 0.723356
2.4 2.52 0.129941 0.248591 0.627683
2.4 2.64 0.104068 0.407429 0.494781
2.4 2.76 0.0804884 0.546979 0.378198
2.4 2.88 0.0712129 0.601284 0.333045
2.4 3 0.079689 0.551793 0.374386
2.4 3.12 0.102792 0.415011 0.488589
2.4 3.24 0.128818 0.254892 0.622045
2.4 3.36 0.146162 0.138778 0.719275
2.4 3.48 0.153967 0.0749683 0.774402
2.4 3.6 0.155992 0.0432045 0.803847
2.4 3.72 0.155219 0.0272204 0.820782
2.4 3.84 0.153225 0.018691 0.83185
2.4 3.96 0.150683 0.013905 0.839375
2.4 4.08 0.14799 0.011283 0.844392
2.4 4.2 0.145493 0.0101842 0.847856
2.4 4.32 0.143433 0.0103946 0.850188
2.4 4.44 0.141824 0.0119224 0.850736
2.4 4.56 0.140559 0.014925 0.848329
2.4 4.68 0.139655 0.0197135 0.842922
2.4 4.8 0.139114 0.0267994 0.835425
2.4 4.92 0.138762 0.0368916 0.82534
2.4 5.04 0.138059 0.0508627 0.810795
2.4 5.16 0.136797 0.0697458 0.792009
2.4 5.28 0.1349 0.0943924 0.769879
2.4 5.4 0.131912 0.124238 0.742904
2.4 5.52 0.128218 0.156678 0.714072
2.4 5.64 0.124322 0.187367 0.686642
2.4 5.76 0.12218 0.204967 0.671709
2.4 5.88 0.119722 0.221642 0.657291
2.52 0 0.119021 0.224178 0.655376
2.52 0.12 0.120384 0.21415 0.665162
2.52 0.24 0.124238 0.184828 0.69095
2.52 0.36 0.128595 0.150104 0.721728
2.52 0.48 0.132646 0.115104 0.753158
2.52 0.6 0.135721 0.0849651 0.780514
2.52 0.72 0.137769 0.0613386 0.802806
2.52 0.84 0.138964 0.0438187 0.819735
2.52 0.96 0.139721 0.0312841 0.832229
2.52 1.08 0.14039 0.0225541 0.841028
2.52 1.2 0.141244 0.0166822 0.846616
2.52 1.32 0.142471 0.012994 0.849531
2.52 1.44 0.144187 0.0110426 0.850558
2.52 1.56 0.146334 0.0105656 0.849561
2.52 1.68 0.148785 0.0114899 0.846515
2.52 1.8 0.151371 0.0139944 0.841374
2.52 1.92 0.153872 0.0186982 0.834016
2.52 2.04 0.155881 0.0271465 0.823034
2.52 2.16 0.156652 0.0429963 0.80612
2.52 2.28 0.154575 0.074467 0.776434
2.52 2.4 0.146709 0.137727 0.72105
2.52 2.52 0.129288 0.253396 0.623553
2.52 2.64 0.102948 0.414954 0.488742
2.52 2.76 0.0791406 0.556006 0.371337
2.52 2.88 0.0698297 0.610618 0.326109
2.52 3 0.0783379 0.56087 0.367505
2.52 3.12 0.101658 0.422669 0.482466
2.52 3.24 0.128148 0.259848 0.617802
2.52 3.36 0.145938 0.141323 0.716893
2.52 3.48 0.154005 0.0761569 0.773096
2.52 3.6 0.156149 0.0437679 0.803001
2.52 3.72 0.155422 0.0275058 0.820086
2.52 3.84 0.15344 0.0188462 0.831168
2.52 3.96 0.150895 0.013995 0.838643
2.52 4.08 0.148191 0.0113409 0.843577
2.52 4.2 0.145681 0.0102338 0.846939
2.52 4.32 0.143613 0.0104605 0.849171
2.52 4.44 0.142006 0.0120388 0.84964
2.52 4.56 0.14075 0.0151451 0.847169
2.52 4.68 0.139856 0.020124 0.841674
2.52 4.8 0.139313 0.0275439 0.833987
2.52 4.92 0.138924 0.0382042 0.823509
2.52 5.04 0.13812 0.0531127 0.808231
2.52 5.16 0.136661 0.0734859 0.788215
2.52 5.28 0.134438 0.100369 0.764201
2.52 5.4 0.130986 0.133252 0.734668
2.52 5.52 0.126736 0.169267 0.702832
2.52 5.64 0.122298 0.203446 0.672526
2.52 5.76 0.119794 0.223209 0.655693
2.52 5.88 0.117218 0.240997 0.640688
2.64 0 0.117234 0.237301 0.643834
2.64 0.12 0.118771 0.226054 0.654522
2.64 0.24 0.12296 0.194516 0.682063
2.64 0.36 0.127692 0.157295 0.714831
2.64 0.48 0.132092 0.119957 0.748147
2.64 0.6 0.135429 0.0879998 0.776956
2.64 0.72 0.137643 0.0631263 0.800196
2.64 0.84 0.138924 0.0448219 0.817661
2.64 0.96 0.139715 0.0318214 0.830404
2.64 1.08 0.140387 0.0228253 0.839281
2.64 1.2 0.141235 0.0168083 0.844875
2.64 1.32 0.142458 0.0130457 0.847788
2.64 1.44 0.144175 0.0110611 0.848838
2.64 1.56 0.146332 0.0105757 0.847903
2.64 1.68 0.148799 0.0115085 0.844947
2.64 1.8 0.151404 0.0140374 0.839912
2.64 1.92 0.153924 0.0187891 0.832655
2.64 2.04 0.155942 0.0273315 0.821763
2.64 2.16 0.156699 0.0433828 0.804845
2.64 2.28 0.154551 0.0753086 0.774923
2.64 2.4 0.146505 0.139563 0.71884
2.64 2.52 0.128762 0.257022 0.620044
2.64 2.64 0.102077 0.420639 0.483888
2.64 2.76 0.0781047 0.562802 0.365947
2.64 2.88 0.0687696 0.617624 0.320692
2.64 3 0.0772973 0.567681 0.362091
2.64 3.12 0.100769 0.428425 0.477525
2.64 3.24 0.127602 0.263565 0.614172
2.64 3.36 0.145724 0.143215 0.714591
2.64 3.48 0.153983 0.0770244 0.771541
2.64 3.6 0.15621 0.0441661 0.801731
2.64 3.72 0.15551 0.0276972 0.818869
2.64 3.84 0.153528 0.0189417 0.829905
2.64 3.96 0.150974 0.0140426 0.837298
2.64 4.08 0.148255 0.0113644 0.84213
2.64 4.2 0.145729 0.0102501 0.84538
2.64 4.32 0.143651 0.0104872 0.847509
2.64 4.44 0.142043 0.0121015 0.847905
2.64 4.56 0.140795 0.0152852 0.845392
2.64 4.68 0.139911 0.0204115 0.839856
2.64 4.8 0.139374 0.0280971 0.832069
2.64 4.92 0.138964 0.0392203 0.821338
2.64 5.04 0.138084 0.0549077 0.80552
2.64 5.16 0.136463 0.0765386 0.784517
2.64 5.28 0.133963 0.105334 0.758929
2.64 5.4 0.130115 0.140844 0.727232
2.64 5.52 0.125387 0.179968 0.692846
2.64 5.64 0.120483 0.217177 0.66009
2.64 5.76 0.117668 0.238824 0.641633
2.64 5.88 0.115004 0.257524 0.626204
2.76 0 0.115941 0.246651 0.635514
2.76 0.12 0.117608 0.234441 0.64687
2.76 0.24 0.122038 0.201302 0.675666
2.76 0.36 0.127038 0.162295 0.709845
2.76 0.48 0.131686 0.123292 0.744494
2.76 0.6 0.13521 0.0900499 0.774326
2.76 0.72 0.13754 0.0643033 0.798216
2.76 0.84 0.138879 0.0454566 0.816027
2.76 0.96 0.139693 0.03214 0.828909
2.76 1.08 0.140366 0.0229683 0.837814
2.76 1.2 0.141214 0.0168594 0.843392
2.76 1.32 0.142437 0.0130528 0.846292
2.76 1.44 0.144159 0.0110512 0.847349
2.76 1.56 0.146325 0.0105644 0.846448
2.76 1.68 0.148806 0.0115059 0.843544
2.76 1.8 0.151426 0.0140533 0.838572
2.76 1.92 0.153963 0.0188387 0.831376
2.76 2.04 0.155989 0.027446 0.820556
2.76 2.16 0.156738 0.043636 0.803648
2.76 2.28 0.154542 0.0758773 0.773578
2.76 2.4 0.146368 0.140825 0.717024
2.76 2.52 0.128396 0.259535 0.617347
2.76 2.64 0.101465 0.424588 0.480295
2.76 2.76 0.0773768 0.567521 0.362023
2.76 2.88 0.0680236 0.622475 0.316762
2.76 3 0.0765632 0.572387 0.358136
2.76 3.12 0.10014 0.432391 0.473842
2.76 3.24 0.127214 0.266114 0.611348
2.76 3.36 0.145574 0.1445 0.71267
2.76 3.48 0.153972 0.0776026 0.770137
2.76 3.6 0.156259 0.0444231 0.800525
2.76 3.72 0.155578 0.0278135 0.817703
2.76 3.84 0.153599 0.0189932 0.828718
2.76 3.96 0.151039 0.014061 0.83607
2.76 4.08 0.14831 0.0113653 0.840848
2.76 4.2 0.14577 0.0102439 0.844031
2.76 4.32 0.143683 0.0104853 0.84609
2.76 4.44 0.142069 0.0121205 0.846432
2.76 4.56 0.140822 0.0153537 0.843883
2.76 4.68 0.139939 0.0205789 0.838314
2.76 4.8 0.139406 0.0284495 0.830459
2.76 4.92 0.13898 0.0399036 0.819558
2.76 5.04 0.138046 0.0561588 0.803358
2.76 5.16 0.136302 0.0787199 0.781624
2.76 5.28 0.133591 0.108946 0.754847
2.76 5.4 0.12944 0.146439 0.721513
2.76 5.52 0.12435 0.187929 0.685205
2.76 5.64 0.119093 0.227459 0.650615
2.76 5.76 0.116043 0.250542 0.630942
2.76 5.88 0.113319 0.269927 0.615237
2.88 0 0.115351 0.251182 0.631602
2.88 0.12 0.117076 0.238538 0.643254
2.88 0.24 0.121625 0.204623 0.672664
2.88 0.36 0.126763 0.164734 0.707564
2.88 0.48 0.131543 0.124904 0.742916
2.88 0.6 0.13517 0.0910221 0.773303
2.88 0.72 0.137569 0.0648421 0.797559
2.88 0.84 0.138945 0.0457283 0.815576
2.88 0.96 0.139781 0.0322588 0.828555
2.88 1.08 0.140465 0.0230054 0.837498
2.88 1.2 0.141325 0.016857 0.84309
2.88 1.32 0.142559 0.0130349 0.845993
2.88 1.44 0.144292 0.0110308 0.847043
2.88 1.56 0.146467 0.010549 0.84612
2.88 1.68 0.148954 0.0115005 0.84318
2.88 1.8 0.151577 0.0140631 0.83816
2.88 1.92 0.154112 0.0188728 0.830909
2.88 2.04 0.156133 0.0275239 0.820043
2.88 2.16 0.156865 0.0438048 0.803062
2.88 2.28 0.154625 0.0762501 0.772829
2.88 2.4 0.146355 0.141643 0.715913
2.88 2.52 0.128218 0.261157 0.615627
2.88 2.64 0.101113 0.427139 0.477981
2.88 2.76 0.0769379 0.570578 0.359489
2.88 2.88 0.0675678 0.625618 0.314217
2.88 3 0.0761181 0.575418 0.355572
2.88 3.12 0.0997725 0.434929 0.471449
2.88 3.24 0.127016 0.267741 0.609518
2.88 3.36 0.145547 0.145322 0.711463
2.88 3.48 0.154052 0.0779752 0.769329
2.88 3.6 0.156393 0.0445906 0.799921
2.88 3.72 0.155737 0.0278904 0.817208
2.88 3.84 0.153771 0.0190269 0.828299
2.88 3.96 0.151217 0.0140714 0.835716
2.88 4.08 0.148489 0.0113616 0.840546
2.88 4.2 0.145943 0.0102322 0.843753
2.88 4.32 0.143848 0.0104716 0.845808
2.88 4.44 0.142224 0.0121139 0.846123
2.88 4.56 0.140966 0.01537 0.843531
2.88 4.68 0.140073 0.0206463 0.837903
2.88 4.8 0.13953 0.0286175 0.829965
2.88 4.92 0.139085 0.0402574 0.818923
2.88 5.04 0.13811 0.0568377 0.802459
2.88 5.16 0.136286 0.0799386 0.780247
2.88 5.28 0.13344 0.111002 0.752714
2.88 5.4 0.1291 0.149666 0.718362
2.88 5.52 0.123788 0.192562 0.680886
2.88 5.64 0.118321 0.233474 0.645204
2.88 5.76 0.115132 0.257416 0.624814
2.88 5.88 0.112373 0.277192 0.608949
3 0 0.115538 0.250451 0.632516
3 0.12 0.117242 0.238014 0.644052
3 0.24 0.121776 0.204233 0.673377
3 0.36 0.12691 0.164451 0.708246
3 0.48 0.131695 0.124703 0.743609
3 0.6 0.135334 0.0908768 0.774042
3 0.72 0.137748 0.0647325 0.798362
3 0.84 0.139142 0.0456414 0.816442
3 0.96 0.139997 0.032188 0.829481
3 1.08 0.140706 0.022948 0.838484
3 1.2 0.141589 0.0168119 0.844127
3 1.32 0.142847 0.0130013 0.847054
3 1.44 0.144598 0.0110086 0.848084
3 1.56 0.146782 0.010538 0.847086
3 1.68 0.149268 0.0115015 0.84402
3 1.8 0.151881 0.0140779 0.838838
3 1.92 0.154398 0.0189058 0.831416
3 2.04 0.156396 0.0275862 0.820373
3 2.16 0.1571 0.0439235 0.803219
3 2.28 0.154816 0.0764905 0.77278
3 2.4 0.146469 0.142145 0.715562
3 2.52 0.128215 0.262128 0.614849
3 2.64 0.100987 0.428667 0.476807
3 2.76 0.0767426 0.572434 0.358146
3 2.88 0.0673551 0.627539 0.31285
3 3 0.0759188 0.577255 0.354208
3 3.12 0.0996375 0.436441 0.470226
3 3.24 0.127003 0.268708 0.608676
3 3.36 0.145657 0.145822 0.711062
3 3.48 0.154245 0.0782129 0.769255
3 3.6 0.156634 0.0447066 0.80007
3 3.72 0.15601 0.0279503 0.817536
3 3.84 0.154065 0.0190579 0.828794
3 3.96 0.151529 0.0140849 0.836378
3 4.08 0.148811 0.0113625 0.84136
3 4.2 0.14627 0.010223 0.844683
3 4.32 0.144167 0.010454 0.846801
3 4.44 0.142527 0.0120901 0.84712
3 4.56 0.141248 0.0153435 0.844482
3 4.68 0.140332 0.0206231 0.838776
3 4.8 0.139765 0.0286086 0.830743
3 4.92 0.139298 0.0402819 0.819594
3 5.04 0.138298 0.0569274 0.802996
3 5.16 0.136442 0.0801417 0.780596
3 5.28 0.13355 0.111386 0.752806
3 5.4 0.129153 0.15031 0.718139
3 5.52 0.12378 0.19353 0.680338
3 5.64 0.118259 0.234773 0.64438
3 5.76 0.115037 0.258929 0.623824
3 5.88 0.112263 0.278795 0.607893
3.12 0 0.116415 0.244705 0.637769
3.12 0.12 0.118024 0.233018 0.648804
3.12 0.24 0.122414 0.200229 0.677366
3.12 0.36 0.127402 0.161505 0.711448
3.12 0.48 0.132061 0.122717 0.746106
3.12 0.6 0.135611 0.0896238 0.776031
3.12 0.72 0.137978 0.0639739 0.800049
3.12 0.84 0.13936 0.0451905 0.81798
3.12 0.96 0.140223 0.0319204 0.830974
3.12 1.08 0.140957 0.022789 0.839993
3.12 1.2 0.14187 0.0167174 0.845674
3.12 1.32 0.143158 0.0129466 0.84862
3.12 1.44 0.144932 0.0109796 0.849619
3.12 1.56 0.147128 0.0105273 0.84852
3.12 1.68 0.149611 0.0115053 0.845292
3.12 1.8 0.152209 0.0140947 0.839905
3.12 1.92 0.154703 0.0189364 0.832272
3.12 2.04 0.156675 0.0276352 0.821009
3.12 2.16 0.157351 0.0440036 0.803664
3.12 2.28 0.155033 0.0766328 0.773044
3.12 2.4 0.146636 0.142416 0.715621
3.12 2.52 0.128311 0.262635 0.61467
3.12 2.64 0.101007 0.429479 0.476413
3.12 2.76 0.0767131 0.573466 0.357644
3.12 2.88 0.0673106 0.628638 0.312324
3.12 3 0.075889 0.578287 0.353704
3.12 3.12 0.0996582 0.437259 0.469829
3.12 3.24 0.127102 0.269222 0.6085
3.12 3.36 0.14583 0.146096 0.711139
3.12 3.48 0.15447 0.0783546 0.769541
3.12 3.6 0.156892 0.0447843 0.800527
3.12 3.72 0.156291 0.0279964 0.818156
3.12 3.84 0.154367 0.0190854 0.82959
3.12 3.96 0.151847 0.0140989 0.837361
3.12 4.08 0.149142 0.0113646 0.842528
3.12 4.2 0.146607 0.0102124 0.846008
3.12 4.32 0.144496 0.0104282 0.84823
3.12 4.44 0.142838 0.0120439 0.848586
3.12 4.56 0.141532 0.0152677 0.845929
3.12 4.68 0.14059 0.0205017 0.840177
3.12 4.8 0.139996 0.0284136 0.832107
3.12 4.92 0.139516 0.0399658 0.820958
3.12 5.04 0.13852 0.0564127 0.804431
3.12 5.16 0.136689 0.0793089 0.782208
3.12 5.28 0.133854 0.11007 0.754733
3.12 5.4 0.129543 0.14833 0.720527
3.12 5.52 0.124278 0.190778 0.683304
3.12 5.64 0.118868 0.231295 0.647928
3.12 5.76 0.115724 0.255006 0.627777
3.12 5.88 0.11296 0.274669 0.611889
3.24 0 0.117765 0.234799 0.646144
3.24 0.12 0.119229 0.224143 0.656423
3.24 0.24 0.123367 0.193034 0.683649
3.24 0.36 0.128079 0.156163 0.716245
3.24 0.48 0.132485 0.119092 0.749502
3.24 0.6 0.135848 0.0873235 0.77834
3.24 0.72 0.138096 0.0625782 0.801626
3.24 0.84 0.13942 0.0443636 0.819102
3.24 0.96 0.140264 0.0314354 0.831838
3.24 1.08 0.141008 0.0225061 0.84073
3.24 1.2 0.141942 0.0165531 0.846357
3.24 1.32 0.143257 0.0128523 0.849272
3.24 1.44 0.145055 0.0109276 0.850228
3.24 1.56 0.147267 0.0105015 0.849053
3.24 1.68 0.149756 0.0114966 0.845716
3.24 1.8 0.152351 0.0140979 0.840203
3.24 1.92 0.154836 0.0189482 0.832447
3.24 2.04 0.156799 0.0276547 0.821068
3.24 2.16 0.157467 0.0440316 0.803639
3.24 2.28 0.15514 0.076675 0.772966
3.24 2.4 0.146732 0.142488 0.715512
3.24 2.52 0.128387 0.262769 0.614542
3.24 2.64 0.101059 0.429722 0.476279
3.24 2.76 0.0767445 0.573828 0.357505
3.24 2.88 0.0673348 0.629053 0.312186
3.24 3 0.0759241 0.578669 0.353582
3.24 3.12 0.09972 0.43753 0.469737
3.24 3.24 0.127193 0.269375 0.608438
3.24 3.36 0.145942 0.146176 0.711103
3.24 3.48 0.154591 0.078398 0.769523
3.24 3.6 0.157015 0.0448098 0.800526
3.24 3.72 0.156413 0.0280118 0.818186
3.24 3.84 0.154487 0.0190927 0.829677
3.24 3.96 0.151968 0.0140977 0.837536
3.24 4.08 0.149264 0.011353 0.842812
3.24 4.2 0.146727 0.0101858 0.846407
3.24 4.32 0.144605 0.0103787 0.848724
3.24 4.44 0.142927 0.0119581 0.849144
3.24 4.56 0.141598 0.015123 0.84653
3.24 4.68 0.140637 0.0202598 0.840834
3.24 4.8 0.140031 0.0280091 0.832875
3.24 4.92 0.139562 0.0392886 0.821937
3.24 5.04 0.138611 0.0552841 0.805781
3.24 5.16 0.136878 0.0774556 0.784173
3.24 5.28 0.134204 0.107115 0.757633
3.24 5.4 0.130124 0.143863 0.724686
3.24 5.52 0.125134 0.184533 0.688933
3.24 5.64 0.119993 0.223333 0.654971
3.24 5.76 0.117029 0.245987 0.635761
3.24 5.88 0.114308 0.265157 0.620077
3.36 0 0.119365 0.221977 0.65637
3.36 0.12 0.120666 0.212384 0.66579
3.36 0.24 0.124476 0.183407 0.691273
3.36 0.36 0.128812 0.148951 0.721838
3.36 0.48 0.132862 0.114147 0.753127
3.36 0.6 0.135953 0.0841492 0.780384
3.36 0.72 0.13802 0.060627 0.802533
3.36 0.84 0.139237 0.0431924 0.819236
3.36 0.96 0.140027 0.0307394 0.831466
3.36 1.08 0.140755 0.0220942 0.84004
3.36 1.2 0.141695 0.0163093 0.845475
3.36 1.32 0.143027 0.0127079 0.848283
3.36 1.44 0.144847 0.0108417 0.849183
3.36 1.56 0.147081 0.0104498 0.847985
3.36 1.68 0.14959 0.0114644 0.844646
3.36 1.8 0.152202 0.0140759 0.83915
3.36 1.92 0.154704 0.0189296 0.83143
3.36 2.04 0.156684 0.0276336 0.8201
3.36 2.16 0.157368 0.0439998 0.802739
3.36 2.28 0.155059 0.0766193 0.772157
3.36 2.4 0.14667 0.142387 0.714826
3.36 2.52 0.128349 0.262602 0.614022
3.36 2.64 0.101043 0.429505 0.475939
3.36 2.76 0.0767398 0.573618 0.357286
3.36 2.88 0.0673343 0.628867 0.312011
3.36 3 0.0759257 0.578487 0.353394
3.36 3.12 0.0997175 0.437348 0.469465
3.36 3.24 0.127173 0.269228 0.60801
3.36 3.36 0.145898 0.146081 0.710503
3.36 3.48 0.15452 0.0783404 0.768766
3.36 3.6 0.156916 0.0447727 0.799629
3.36 3.72 0.156286 0.0279843 0.817167
3.36 3.84 0.154335 0.0190681 0.828562
3.36 3.96 0.151795 0.0140704 0.83636
3.36 4.08 0.149073 0.0113173 0.841619
3.36 4.2 0.146521 0.010133 0.845238
3.36 4.32 0.144383 0.0102953 0.847609
3.36 4.44 0.142688 0.0118225 0.84811
3.36 4.56 0.141343 0.0148997 0.845615
3.36 4.68 0.140374 0.0198904 0.840103
3.36 4.8 0.139779 0.0273955 0.832436
3.36 4.92 0.139351 0.0382679 0.821949
3.36 5.04 0.13849 0.0535949 0.806475
3.36 5.16 0.136916 0.0747004 0.78589
3.36 5.28 0.134497 0.102751 0.76083
3.36 5.4 0.130767 0.137302 0.729826
3.36 5.52 0.126191 0.175382 0.696298
3.36 5.64 0.121448 0.211661 0.664439
3.36 5.76 0.118749 0.23276 0.646611
3.36 5.88 0.116107 0.251188 0.631323
3.48 0 0.121105 0.207627 0.667739
3.48 0.12 0.122244 0.19903 0.676317
3.48 0.24 0.125688 0.172392 0.699859
3.48 0.36 0.129594 0.140635 0.728102
3.48 0.48 0.133236 0.108396 0.757119
3.48 0.6 0.136008 0.0804222 0.782521
3.48 0.72 0.137856 0.0583123 0.803298
3.48 0.84 0.138937 0.041789 0.819033
3.48 0.96 0.139652 0.0298977 0.830598
3.48 1.08 0.140346 0.0215916 0.838721
3.48 1.2 0.141278 0.0160088 0.843862
3.48 1.32 0.142619 0.0125272 0.846499
3.48 1.44 0.144458 0.0107312 0.847327
3.48 1.56 0.146717 0.0103795 0.84614
3.48 1.68 0.149257 0.011416 0.842877
3.48 1.8 0.151902 0.0140377 0.837502
3.48 1.92 0.154437 0.018893 0.829926
3.48 2.04 0.156448 0.0275912 0.818741
3.48 2.16 0.157159 0.043941 0.801508
3.48 2.28 0.154873 0.0765259 0.771043
3.48 2.4 0.146506 0.142228 0.713835
3.48 2.52 0.128211 0.262336 0.613193
3.48 2.64 0.100938 0.429121 0.475311
3.48 2.76 0.0766614 0.573159 0.356819
3.48 2.88 0.0672671 0.628394 0.31161
3.48 3 0.0758533 0.578048 0.352958
3.48 3.12 0.0996236 0.436982 0.468894
3.48 3.24 0.127047 0.268966 0.607246
3.48 3.36 0.145739 0.145916 0.709553
3.48 3.48 0.154331 0.0782368 0.767653
3.48 3.6 0.156695 0.0447033 0.798355
3.48 3.72 0.156032 0.0279326 0.815731
3.48 3.84 0.154046 0.0190239 0.826966
3.48 3.96 0.151473 0.0140261 0.834626
3.48 4.08 0.148722 0.0112651 0.839789
3.48 4.2 0.146144 0.0100614 0.843366
3.48 4.32 0.143985 0.010187 0.845758
3.48 4.44 0.142272 0.0116497 0.846347
3.48 4.56 0.140916 0.0146176 0.844019
3.48 4.68 0.139948 0.0194256 0.838775
3.48 4.8 0.139376 0.0266268 0.831516
3.48 4.92 0.139008 0.036996 0.821631
3.48 5.04 0.138263 0.0515028 0.807031
3.48 5.16 0.136886 0.0713101 0.787714
3.48 5.28 0.134774 0.0974154 0.764458
3.48 5.4 0.131469 0.129324 0.735818
3.48 5.52 0.127393 0.164293 0.704991
3.48 5.64 0.123127 0.19754 0.675667
3.48 5.76 0.120744 0.216758 0.659491
3.48 5.88 0.11821 0.234266 0.644746
3.6 0 0.122956 0.193067 0.679972
3.6 0.12 0.12395 0.185382 0.687791
3.6 0.24 0.127036 0.161086 0.709407
3.6 0.36 0.130515 0.132063 0.73532
3.6 0.48 0.13375 0.102442 0.762062
3.6 0.6 0.136203 0.076547 0.785604
3.6 0.72 0.137834 0.0558984 0.805013
3.6 0.84 0.138782 0.0403256 0.819799
3.6 0.96 0.139427 0.0290239 0.830719
3.6 1.08 0.140089 0.0210741 0.838401
3.6 1.2 0.141012 0.015704 0.843238
3.6 1.32 0.142358 0.0123481 0.845681
3.6 1.44 0.144212 0.0106258 0.846412
3.6 1.56 0.146494 0.0103168 0.845213
3.6 1.68 0.149061 0.0113777 0.842005
3.6 1.8 0.151737 0.014013 0.836728
3.6 1.92 0.154301 0.0188758 0.829261
3.6 2.04 0.156333 0.0275779 0.818161
3.6 2.16 0.157054 0.0439291 0.800964
3.6 2.28 0.154765 0.076513 0.770477
3.6 2.4 0.146384 0.142209 0.713204
3.6 2.52 0.128074 0.262299 0.6125
3.6 2.64 0.100799 0.429033 0.474626
3.6 2.76 0.076535 0.572998 0.356206
3.6 2.88 0.067149 0.628196 0.311042
3.6 3 0.0757298 0.577882 0.352361
3.6 3.12 0.0994879 0.43688 0.468231
3.6 3.24 0.126908 0.268907 0.606554
3.6 3.36 0.145607 0.145874 0.708888
3.6 3.48 0.154204 0.0782042 0.767019
3.6 3.6 0.156567 0.0446762 0.797725
3.6 3.72 0.155893 0.0279078 0.815069
3.6 3.84 0.15389 0.0189982 0.826242
3.6 3.96 0.151293 0.0139951 0.833831
3.6 4.08 0.148518 0.0112225 0.838937
3.6 4.2 0.145917 0.0099964 0.842491
3.6 4.32 0.143735 0.0100816 0.844913
3.6 4.44 0.142004 0.0114743 0.845596
3.6 4.56 0.140635 0.0143235 0.843438
3.6 4.68 0.139665 0.0189328 0.838456
3.6 4.8 0.139112 0.0258028 0.831591
3.6 4.92 0.138798 0.0356246 0.822294
3.6 5.04 0.138165 0.0492424 0.808566
3.6 5.16 0.136987 0.06765 0.79053
3.6 5.28 0.135189 0.0916687 0.769128
3.6 5.4 0.132326 0.120758 0.742959
3.6 5.52 0.128776 0.152413 0.714984
3.6 5.64 0.125015 0.182412 0.688334
3.6 5.76 0.12296 0.19961 0.67389
3.6 5.88 0.120545 0.216064 0.659737
3.72 0 0.124856 0.179295 0.692594
3.72 0.12 0.125724 0.172424 0.699754
3.72 0.24 0.128478 0.150327 0.719597
3.72 0.36 0.131563 0.123886 0.743365
3.72 0.48 0.134423 0.0967488 0.768019
3.72 0.6 0.136587 0.0728376 0.789879
3.72 0.72 0.138028 0.0535932 0.808095
3.72 0.84 0.138871 0.0389391 0.822108
3.72 0.96 0.139469 0.0282085 0.832547
3.72 1.08 0.140117 0.0206032 0.839915
3.72 1.2 0.141042 0.0154371 0.844526
3.72 1.32 0.142396 0.012201 0.846795
3.72 1.44 0.14426 0.0105489 0.847394
3.72 1.56 0.146554 0.0102813 0.846104
3.72 1.68 0.149133 0.011368 0.842842
3.72 1.8 0.151821 0.0140214 0.837531
3.72 1.92 0.154392 0.0189008 0.830032
3.72 2.04 0.156424 0.0276233 0.81887
3.72 2.16 0.157131 0.0440068 0.801558
3.72 2.28 0.15481 0.0766492 0.770877
3.72 2.4 0.146378 0.142452 0.713328
3.72 2.52 0.128005 0.2627 0.612297
3.72 2.64 0.100681 0.429569 0.474167
3.72 2.76 0.0764022 0.57355 0.355658
3.72 2.88 0.0670166 0.628718 0.31049
3.72 3 0.0755962 0.578406 0.351812
3.72 3.12 0.0993646 0.437371 0.467753
3.72 3.24 0.126824 0.269264 0.606297
3.72 3.36 0.145578 0.146081 0.708924
3.72 3.48 0.154223 0.0783149 0.76732
3.72 3.6 0.156619 0.0447364 0.798234
3.72 3.72 0.155966 0.0279413 0.815731
3.72 3.84 0.15397 0.0190149 0.827014
3.72 3.96 0.151373 0.0139975 0.834684
3.72 4.08 0.14859 0.0112078 0.839855
3.72 4.2 0.145976 0.0099566 0.843478
3.72 4.32 0.143778 0.0100007 0.845983
3.72 4.44 0.142029 0.0113239 0.846775
3.72 4.56 0.140642 0.0140556 0.844757
3.72 4.68 0.139659 0.0184673 0.839968
3.72 4.8 0.139107 0.0250063 0.833391
3.72 4.92 0.138829 0.03428 0.824552
3.72 5.04 0.138287 0.0470101 0.811553
3.72 5.16 0.137285 0.0640268 0.794663
3.72 5.28 0.13578 0.0859851 0.774991
3.72 5.4 0.133339 0.112307 0.751179
3.72 5.52 0.130298 0.140714 0.725965
3.72 5.64 0.127026 0.167526 0.701917
3.72 5.76 0.125288 0.182739 0.689146
3.72 5.88 0.122985 0.198078 0.675545
3.84 0 0.126618 0.166833 0.704398
3.84 0.12 0.127376 0.160669 0.710984
3.84 0.24 0.129833 0.140544 0.729239
3.84 0.36 0.132565 0.116424 0.751083
3.84 0.48 0.135089 0.0915323 0.773862
3.84 0.6 0.136997 0.0694275 0.794228
3.84 0.72 0.138278 0.0514736 0.811434
3.84 0.84 0.139043 0.0376712 0.824853
3.84 0.96 0.139617 0.0274731 0.834976
3.84 1.08 0.140269 0.020189 0.842169
3.84 1.2 0.141206 0.0152122 0.846647
3.84 1.32 0.142568 0.012086 0.848773
3.84 1.44 0.144434 0.0104975 0.849212
3.84 1.56 0.146723 0.0102677 0.847749
3.84 1.68 0.149293 0.0113787 0.844316
3.84 1.8 0.151968 0.0140512 0.838847
3.84 1.92 0.154526 0.0189506 0.831204
3.84 2.04 0.156543 0.027702 0.819906
3.84 2.16 0.15723 0.0441362 0.802446
3.84 2.28 0.154878 0.0768769 0.771576
3.84 2.4 0.146399 0.142868 0.713755
3.84 2.52 0.127962 0.263413 0.61236
3.84 2.64 0.100578 0.430573 0.473887
3.84 2.76 0.0762744 0.57466 0.355217
3.84 2.88 0.066886 0.629813 0.31002
3.84 3 0.0754664 0.579472 0.351365
3.84 3.12 0.0992535 0.438314 0.467446
3.84 3.24 0.126765 0.269924 0.606304
3.84 3.36 0.145579 0.146459 0.709284
3.84 3.48 0.154273 0.0785179 0.767965
3.84 3.6 0.156705 0.0448501 0.799104
3.84 3.72 0.156078 0.0280097 0.816793
3.84 3.84 0.154104 0.0190573 0.828255
3.84 3.96 0.151523 0.014021 0.836093
3.84 4.08 0.148749 0.0112125 0.841425
3.84 4.2 0.146139 0.00993607 0.845199
3.84 4.32 0.143936 0.00994072 0.847845
3.84 4.44 0.142176 0.011198 0.848767
3.84 4.56 0.140771 0.0138177 0.846873
3.84 4.68 0.139771 0.01804 0.842222
3.84 4.8 0.139211 0.0242611 0.835844
3.84 4.92 0.138952 0.0330095 0.827343
3.84 5.04 0.138482 0.0448937 0.814942
3.84 5.16 0.137635 0.0605978 0.79907
3.84 5.28 0.1364 0.0806304 0.780989
3.84 5.4 0.13435 0.104386 0.759367
3.84 5.52 0.131782 0.129798 0.736733
3.84 5.64 0.128966 0.153674 0.715128
3.84 5.76 0.127522 0.167061 0.703916
3.84 5.88 0.125322 0.181304 0.690836
3.96 0 0.128004 0.155889 0.713872
3.96 0.12 0.128665 0.150323 0.719955
3.96 0.24 0.130856 0.131892 0.736763
3.96 0.36 0.133269 0.109778 0.75685
3.96 0.48 0.135487 0.0868394 0.777898
3.96 0.6 0.137158 0.066325 0.796872
3.96 0.72 0.13829 0.0495236 0.813136
3.96 0.84 0.138982 0.0364934 0.826007
3.96 0.96 0.139534 0.0267849 0.835854
3.96 1.08 0.14019 0.0197995 0.842912
3.96 1.2 0.141135 0.0149997 0.847289
3.96 1.32 0.142499 0.011976 0.849293
3.96 1.44 0.144356 0.0104457 0.849571
3.96 1.56 0.146626 0.0102488 0.847918
3.96 1.68 0.149171 0.0113788 0.844292
3.96 1.8 0.151821 0.0140637 0.838657
3.96 1.92 0.15436 0.0189749 0.830901
3.96 2.04 0.156369 0.0277437 0.819555
3.96 2.16 0.15706 0.0442127 0.802111
3.96 2.28 0.15472 0.0770287 0.77129
3.96 2.4 0.14625 0.143175 0.713489
3.96 2.52 0.127811 0.263979 0.612032
3.96 2.64 0.100422 0.431394 0.473453
3.96 2.76 0.0761252 0.575571 0.354747
3.96 2.88 0.0667442 0.630712 0.30956
3.96 3 0.0753183 0.580348 0.350904
3.96 3.12 0.0990978 0.439085 0.467023
3.96 3.24 0.126614 0.270447 0.605991
3.96 3.36 0.14543 0.146737 0.709048
3.96 3.48 0.154117 0.0786512 0.767734
3.96 3.6 0.156541 0.0449147 0.798851
3.96 3.72 0.155912 0.028043 0.816543
3.96 3.84 0.153945 0.0190746 0.828054
3.96 3.96 0.151376 0.0140267 0.835988
3.96 4.08 0.148618 0.0112049 0.84145
3.96 4.2 0.146022 0.00990767 0.845372
3.96 4.32 0.143828 0.00987661 0.848169
3.96 4.44 0.142069 0.0110716 0.849236
3.96 4.56 0.140661 0.0135844 0.847486
3.96 4.68 0.139656 0.0176255 0.842992
3.96 4.8 0.139097 0.0235447 0.836823
3.96 4.92 0.138862 0.0317995 0.828656
3.96 5.04 0.138463 0.0429003 0.816836
3.96 5.16 0.137766 0.0574078 0.801951
3.96 5.28 0.136787 0.0757111 0.785397
3.96 5.4 0.135098 0.0971889 0.765825
3.96 5.52 0.13296 0.119963 0.74556
3.96 5.64 0.130559 0.141264 0.726206
3.96 5.76 0.129381 0.153065 0.716423
3.96 5.88 0.127297 0.166302 0.703941
4.08 0 0.128946 0.146704 0.720465
4.08 0.12 0.129526 0.141616 0.726112
4.08 0.24 0.131482 0.124565 0.74163
4.08 0.36 0.133616 0.104094 0.76015
4.08 0.48 0.135559 0.0827718 0.779631
4.08 0.6 0.137012 0.0635909 0.797308
4.08 0.72 0.137995 0.0477713 0.812639
4.08 0.84 0.138601 0.0354112 0.824909
4.08 0.96 0.139112 0.0261361 0.834403
4.08 1.08 0.139751 0.0194204 0.841258
4.08 1.2 0.140687 0.0147831 0.845504
4.08 1.32 0.142041 0.0118539 0.847397
4.08 1.44 0.143883 0.0103762 0.847563
4.08 1.56 0.146132 0.0102061 0.845799
4.08 1.68 0.148654 0.0113474 0.842078
4.08 1.8 0.151285 0.014034 0.836389
4.08 1.92 0.153815 0.0189407 0.828648
4.08 2.04 0.155831 0.0277016 0.817406
4.08 2.16 0.156552 0.0441618 0.800171
4.08 2.28 0.154265 0.0769731 0.769648
4.08 2.4 0.145866 0.143127 0.712193
4.08 2.52 0.127508 0.263954 0.611069
4.08 2.64 0.100196 0.431366 0.472762
4.08 2.76 0.0759584 0.575482 0.354251
4.08 2.88 0.0666016 0.630581 0.309146
4.08 3 0.0751585 0.580243 0.350443
4.08 3.12 0.0988859 0.439032 0.466408
4.08 3.24 0.12633 0.270399 0.605143
4.08 3.36 0.14507 0.146672 0.707896
4.08 3.48 0.153685 0.0785835 0.766247
4.08 3.6 0.156051 0.0448544 0.797056
4.08 3.72 0.155385 0.0279926 0.81451
4.08 3.84 0.153399 0.0190322 0.82587
4.08 3.96 0.150827 0.0139883 0.833736
4.08 4.08 0.148077 0.0111637 0.8392
4.08 4.2 0.145494 0.00985321 0.843175
4.08 4.32 0.143315 0.00979208 0.846064
4.08 4.44 0.141572 0.0109301 0.847262
4.08 4.56 0.140179 0.0133426 0.845684
4.08 4.68 0.139193 0.0172149 0.841412
4.08 4.8 0.138659 0.0228565 0.835531
4.08 4.92 0.138467 0.0306652 0.827772
4.08 5.04 0.138152 0.0410713 0.816579
4.08 5.16 0.137606 0.0545378 0.802674
4.08 5.28 0.136866 0.0713621 0.787554
4.08 5.4 0.135498 0.0909169 0.769823
4.08 5.52 0.133728 0.111482 0.751615
4.08 5.64 0.13168 0.13064 0.734215
4.08 5.76 0.130734 0.141137 0.725691
4.08 5.88 0.12878 0.153519 0.713919
4.2 0 0.129649 0.139724 0.725182
4.2 0.12 0.130171 0.134987 0.730507
4.2 0.24 0.131953 0.118964 0.745054
4.2 0.36 0.133877 0.0997212 0.762394
4.2 0.48 0.135609 0.0796157 0.780679
4.2 0.6 0.136887 0.0614469 0.797333
4.2 0.72 0.137739 0.0463795 0.811867
4.2 0.84 0.138253 0.0345387 0.823555
4.2 0.96 0.138701 0.0256041 0.832644
4.2 1.08 0.1393 0.0191034 0.839236
4.2 1.2 0.14021 0.0145973 0.843326
4.2 1.32 0.141547 0.0117446 0.845144
4.2 1.44 0.143376 0.0103084 0.845293
4.2 1.56 0.145616 0.0101575 0.84355
4.2 1.68 0.148131 0.0113034 0.839873
4.2 1.8 0.150757 0.0139842 0.834243
4.2 1.92 0.153285 0.0188758 0.826583
4.2 2.04 0.155309 0.0276101 0.815454
4.2 2.16 0.156051 0.0440239 0.798388
4.2 2.28 0.153807 0.076749 0.768112
4.2 2.4 0.145482 0.142739 0.711001
4.2 2.52 0.127228 0.263285 0.61031
4.2 2.64 0.100032 0.430347 0.472439
4.2 2.76 0.0758784 0.574206 0.354215
4.2 2.88 0.0665524 0.629228 0.309215
4.2 3 0.07509 0.578972 0.350463
4.2 3.12 0.0987465 0.438008 0.466205
4.2 3.24 0.126083 0.269717 0.604558
4.2 3.36 0.144717 0.14627 0.70689
4.2 3.48 0.153252 0.0783473 0.764871
4.2 3.6 0.155562 0.0447052 0.795379
4.2 3.72 0.15486 0.0278901 0.812597
4.2 3.84 0.152853 0.0189564 0.823781
4.2 3.96 0.150272 0.0139273 0.831522
4.2 4.08 0.147522 0.0111076 0.8369
4.2 4.2 0.144943 0.00979055 0.840824
4.2 4.32 0.142774 0.00970676 0.843709
4.2 4.44 0.141047 0.0107979 0.84497
4.2 4.56 0.139681 0.0131266 0.84354
4.2 4.68 0.13873 0.0168578 0.839497
4.2 4.8 0.138239 0.0222694 0.833926
4.2 4.92 0.138107 0.0297139 0.82658
4.2 5.04 0.137878 0.0395607 0.815963
4.2 5.16 0.137466 0.0522004 0.802884
4.2 5.28 0.136918 0.0678641 0.788909
4.2 5.4 0.1358 0.0859241 0.772594
4.2 5.52 0.134306 0.104782 0.755918
4.2 5.64 0.132534 0.122289 0.739988
4.2 5.76 0.131768 0.131798 0.732449
4.2 5.88 0.129939 0.143507 0.721321
4.32 0 0.130342 0.135388 0.72921
4.32 0.12 0.130831 0.13087 0.73438
4.32 0.24 0.13252 0.115497 0.748453
4.32 0.36 0.134331 0.0970254 0.765203
4.32 0.48 0.135952 0.0776829 0.782888
4.32 0.6 0.137131 0.0601462 0.799012
4.32 0.72 0.137898 0.0455457 0.813094
4.32 0.84 0.13834 0.0340249 0.824397
4.32 0.96 0.138727 0.0252988 0.833178
4.32 1.08 0.139278 0.0189289 0.839554
4.32 1.2 0.140154 0.0145016 0.843535
4.32 1.32 0.141473 0.0116938 0.845349
4.32 1.44 0.143297 0.0102806 0.845579
4.32 1.56 0.145542 0.0101387 0.843965
4.32 1.68 0.148062 0.0112844 0.840414
4.32 1.8 0.150688 0.0139579 0.834866
4.32 1.92 0.153207 0.0188343 0.827221
4.32 2.04 0.155212 0.0275389 0.816033
4.32 2.16 0.155931 0.043891 0.798865
4.32 2.28 0.153675 0.0764781 0.768512
4.32 2.4 0.145374 0.142167 0.71145
4.32 2.52 0.127202 0.262163 0.61101
4.32 2.64 0.100117 0.428561 0.47347
4.32 2.76 0.0760353 0.572008 0.355421
4.32 2.88 0.0667315 0.626931 0.310464
4.32 3 0.0752579 0.576778 0.351718
4.32 3.12 0.0988542 0.436206 0.467345
4.32 3.24 0.126084 0.268562 0.605396
4.32 3.36 0.144628 0.145668 0.707449
4.32 3.48 0.153123 0.0780531 0.765316
4.32 3.6 0.15543 0.0445536 0.795832
4.32 3.72 0.154739 0.027803 0.8131
4.32 3.84 0.152746 0.0189006 0.824321
4.32 3.96 0.150175 0.0138876 0.832059
4.32 4.08 0.147428 0.0110746 0.837383
4.32 4.2 0.144849 0.00975539 0.841216
4.32 4.32 0.14268 0.00965816 0.84401
4.32 4.44 0.140963 0.0107192 0.845231
4.32 4.56 0.13962 0.0129921 0.84384
4.32 4.68 0.138703 0.0166281 0.839919
4.32 4.8 0.138255 0.021884 0.834541
4.32 4.92 0.138175 0.0290817 0.82746
4.32 5.04 0.138014 0.0385509 0.817205
4.32 5.16 0.137692 0.0506339 0.804619
4.32 5.28 0.137264 0.0655175 0.791298
4.32 5.4 0.136291 0.0825745 0.775773
4.32 5.52 0.134957 0.100287 0.759953
4.32 5.64 0.133342 0.116685 0.744868
4.32 5.76 0.132694 0.125544 0.737944
4.32 5.88 0.130924 0.136774 0.727136
4.44 0 0.130919 0.133798 0.731857
4.44 0.12 0.131406 0.129366 0.737038
4.44 0.24 0.133088 0.114252 0.751105
4.44 0.36 0.134886 0.0960851 0.767837
4.44 0.48 0.136492 0.0770397 0.785505
4.44 0.6 0.137652 0.0597433 0.801605
4.44 0.72 0.138391 0.0453141 0.815637
4.44 0.84 0.138796 0.0339054 0.826855
4.44 0.96 0.139139 0.0252481 0.835539
4.44 1.08 0.139649 0.018918 0.841844
4.44 1.2 0.140492 0.0145115 0.845815
4.44 1.32 0.141791 0.0117123 0.847689
4.44 1.44 0.143609 0.0102998 0.848037
4.44 1.56 0.145856 0.010154 0.846567
4.44 1.68 0.14838 0.0112925 0.84314
4.44 1.8 0.151004 0.0139551 0.837648
4.44 1.92 0.153507 0.0188131 0.829954
4.44 2.04 0.15548 0.0274809 0.818594
4.44 2.16 0.156155 0.0437475 0.801172
4.44 2.28 0.153867 0.0761271 0.770589
4.44 2.4 0.145585 0.14134 0.713503
4.44 2.52 0.127513 0.260454 0.613362
4.44 2.64 0.100558 0.425808 0.476211
4.44 2.76 0.0765395 0.568655 0.358268
4.44 2.88 0.067245 0.623445 0.313283
4.44 3 0.075768 0.5734 0.35459
4.44 3.12 0.0993077 0.43338 0.470141
4.44 3.24 0.126403 0.266761 0.607788
4.44 3.36 0.14483 0.144772 0.709471
4.44 3.48 0.153289 0.0776573 0.767288
4.44 3.6 0.15562 0.0443807 0.797998
4.44 3.72 0.154975 0.0277243 0.815535
4.44 3.84 0.153025 0.0188634 0.826986
4.44 3.96 0.150483 0.0138707 0.834855
4.44 4.08 0.147749 0.011068 0.840196
4.44 4.2 0.145172 0.00975305 0.84395
4.44 4.32 0.143003 0.00965394 0.846619
4.44 4.44 0.141291 0.0107046 0.847715
4.44 4.56 0.139963 0.0129543 0.846236
4.44 4.68 0.139071 0.016547 0.84227
4.44 4.8 0.138655 0.0217296 0.836892
4.44 4.92 0.138612 0.0288093 0.829859
4.44 5.04 0.138494 0.0380975 0.819705
4.44 5.16 0.13822 0.0499134 0.807271
4.44 5.28 0.137842 0.064421 0.794127
4.44 5.4 0.136918 0.0809925 0.778801
4.44 5.52 0.135639 0.0981522 0.76323
4.44 5.64 0.134081 0.114019 0.748425
4.44 5.76 0.133477 0.122571 0.741724
4.44 5.88 0.131702 0.133548 0.73089
4.56 0 0.130975 0.134762 0.730831
4.56 0.12 0.13148 0.130277 0.736121
4.56 0.24 0.1332 0.115021 0.750413
4.56 0.36 0.135043 0.0966915 0.767428
4.56 0.48 0.136687 0.0774903 0.785372
4.56 0.6 0.13787 0.0600665 0.801705
4.56 0.72 0.138616 0.0455436 0.815918
4.56 0.84 0.139011 0.0340696 0.827271
4.56 0.96 0.139333 0.0253682 0.836061
4.56 1.08 0.139813 0.019007 0.842458
4.56 1.2 0.140622 0.0145768 0.846506
4.56 1.32 0.141885 0.0117574 0.848442
4.56 1.44 0.143668 0.010326 0.848843
4.56 1.56 0.145886 0.0101611 0.847428
4.56 1.68 0.14839 0.0112784 0.844068
4.56 1.8 0.151002 0.0139141 0.838651
4.56 1.92 0.153498 0.0187313 0.831015
4.56 2.04 0.155464 0.027324 0.819678
4.56 2.16 0.156142 0.0434305 0.802279
4.56 2.28 0.153894 0.075444 0.771856
4.56 2.4 0.145743 0.139851 0.715302
4.56 2.52 0.127922 0.257506 0.61618
4.56 2.64 0.101236 0.421162 0.480063
4.56 2.76 0.0773416 0.563048 0.362506
4.56 2.88 0.0680641 0.617618 0.317526
4.56 3 0.0765712 0.56772 0.358829
4.56 3.12 0.0999888 0.42858 0.474004
4.56 3.24 0.126807 0.263646 0.610581
4.56 3.36 0.144965 0.143168 0.711164
4.56 3.48 0.153283 0.0769085 0.768404
4.56 3.6 0.155579 0.0440266 0.798982
4.56 3.72 0.154947 0.0275449 0.816585
4.56 3.84 0.153023 0.0187662 0.828126
4.56 3.96 0.150504 0.0138168 0.836034
4.56 4.08 0.14779 0.0110402 0.84135
4.56 4.2 0.145232 0.00974291 0.845038
4.56 4.32 0.143086 0.00965637 0.847617
4.56 4.44 0.141401 0.0107155 0.848608
4.56 4.56 0.140102 0.0129695 0.847002
4.56 4.68 0.139239 0.0165621 0.842894
4.56 4.8 0.138849 0.0217409 0.837377
4.56 4.92 0.138836 0.0288157 0.830245
4.56 5.04 0.138751 0.0381028 0.82005
4.56 5.16 0.138504 0.0499267 0.807594
4.56 5.28 0.138134 0.064453 0.794365
4.56 5.4 0.1372 0.081055 0.778887
4.56 5.52 0.135908 0.098261 0.763194
4.56 5.64 0.134336 0.114178 0.748301
4.56 5.76 0.13371 0.122768 0.741468
4.56 5.88 0.131919 0.133751 0.730572
4.68 0 0.130386 0.138357 0.725489
4.68 0.12 0.130917 0.133652 0.73092
4.68 0.24 0.132694 0.117799 0.745519
4.68 0.36 0.134608 0.0987904 0.762935
4.68 0.48 0.136312 0.0789487 0.781247
4.68 0.6 0.137533 0.0610186 0.797878
4.68 0.72 0.138297 0.0461413 0.81235
4.68 0.84 0.138698 0.0344385 0.823956
4.68 0.96 0.139015 0.0255955 0.833
4.68 1.08 0.139475 0.0191462 0.83962
4.68 1.2 0.140244 0.0146579 0.843805
4.68 1.32 0.141445 0.0117956 0.845761
4.68 1.44 0.143154 0.010328 0.846092
4.68 1.56 0.145299 0.0101277 0.844593
4.68 1.68 0.147749 0.011205 0.841226
4.68 1.8 0.150337 0.0137891 0.83593
4.68 1.92 0.15284 0.0185291 0.828544
4.68 2.04 0.154845 0.0269869 0.817565
4.68 2.16 0.155601 0.0428235 0.800662
4.68 2.28 0.153507 0.0742516 0.771023
4.68 2.4 0.145645 0.137416 0.715812
4.68 2.52 0.128279 0.252871 0.618717
4.68 2.64 0.10206 0.413995 0.484588
4.68 2.76 0.0783978 0.554458 0.367919
4.68 2.88 0.0691614 0.608703 0.323054
4.68 3 0.0776284 0.55903 0.364242
4.68 3.12 0.10082 0.421208 0.478555
4.68 3.24 0.127168 0.258796 0.613133
4.68 3.36 0.144859 0.140594 0.711642
4.68 3.48 0.152889 0.075644 0.767545
4.68 3.6 0.155044 0.0433833 0.797414
4.68 3.72 0.154352 0.027188 0.814622
4.68 3.84 0.152402 0.0185506 0.82588
4.68 3.96 0.149876 0.0136799 0.83355
4.68 4.08 0.147177 0.0109533 0.838697
4.68 4.2 0.144661 0.00969205 0.842317
4.68 4.32 0.142579 0.00963462 0.844914
4.68 4.44 0.140967 0.0107205 0.845936
4.68 4.56 0.139731 0.0130033 0.844292
4.68 4.68 0.138915 0.0166333 0.840044
4.68 4.8 0.13856 0.0218703 0.834333
4.68 4.92 0.138577 0.0290456 0.827035
4.68 5.04 0.138521 0.0385064 0.816734
4.68 5.16 0.138288 0.0506143 0.804155
4.68 5.28 0.137898 0.0655677 0.790666
4.68 5.4 0.136905 0.0827466 0.774782
4.68 5.52 0.135537 0.100638 0.758637
4.68 5.64 0.133878 0.117228 0.743295
4.68 5.76 0.133164 0.126229 0.735978
4.68 5.88 0.131378 0.137527 0.725163
4.8 0 0.129569 0.145326 0.718287
4.8 0.12 0.13015 0.140191 0.723974
4.8 0.24 0.132057 0.123194 0.739269
4.8 0.36 0.134121 0.102871 0.757518
4.8 0.48 0.135954 0.0817935 0.776603
4.8 0.6 0.137264 0.0628803 0.793849
4.8 0.72 0.13808 0.0473098 0.808808
4.8 0.84 0.138507 0.035156 0.820841
4.8 0.96 0.13883 0.0260325 0.830284
4.8 1.08 0.139277 0.0194099 0.837239
4.8 1.2 0.140004 0.0148105 0.841625
4.8 1.32 0.141135 0.0118719 0.843614
4.8 1.44 0.142754 0.0103461 0.843843
4.8 1.56 0.144811 0.0100945 0.842211
4.8 1.68 0.147194 0.0111183 0.838791
4.8 1.8 0.14975 0.0136362 0.833589
4.8 1.92 0.152258 0.0182788 0.826446
4.8 2.04 0.154306 0.0265682 0.815843
4.8 2.16 0.155156 0.0420694 0.799498
4.8 2.28 0.153243 0.0727723 0.770769
4.8 2.4 0.145721 0.134395 0.717131
4.8 2.52 0.128893 0.247117 0.622449
4.8 2.64 0.103236 0.405103 0.490745
4.8 2.76 0.0798499 0.543832 0.375171
4.8 2.88 0.0706602 0.59771 0.330445
4.8 3 0.0790856 0.548318 0.371512
4.8 3.12 0.102016 0.412122 0.484797
4.8 3.24 0.127811 0.252835 0.616992
4.8 3.36 0.144963 0.137446 0.713088
4.8 3.48 0.152657 0.0741039 0.767448
4.8 3.6 0.15464 0.0426007 0.796461
4.8 3.72 0.153858 0.0267531 0.81314
4.8 3.84 0.151856 0.0182873 0.823981
4.8 3.96 0.149305 0.0135131 0.831297
4.8 4.08 0.146614 0.01085 0.836212
4.8 4.2 0.14415 0.009638 0.839784
4.8 4.32 0.142156 0.00962579 0.842493
4.8 4.44 0.140646 0.010761 0.843661
4.8 4.56 0.139501 0.0131065 0.842052
4.8 4.68 0.138747 0.0168274 0.837665
4.8 4.8 0.138431 0.0222086 0.831699
4.8 4.92 0.138476 0.029624 0.824125
4.8 5.04 0.138429 0.0394809 0.813523
4.8 5.16 0.138163 0.0522139 0.80049
4.8 5.28 0.137678 0.0680914 0.786284
4.8 5.4 0.136532 0.0865095 0.769434
4.8 5.52 0.134967 0.105854 0.752159
4.8 5.64 0.133105 0.123843 0.735666
4.8 5.76 0.132224 0.133737 0.727441
4.8 5.88 0.130394 0.145633 0.716401
4.92 0 0.128704 0.156407 0.710394
4.92 0.12 0.129387 0.150667 0.716618
4.92 0.24 0.131574 0.131977 0.733438
4.92 0.36 0.133954 0.109651 0.753461
4.92 0.48 0.136079 0.0866146 0.774262
4.92 0.6 0.137603 0.0661118 0.792896
4.92 0.72 0.138549 0.0493949 0.808862
4.92 0.84 0.139036 0.0364748 0.821603
4.92 0.96 0.13937 0.0268612 0.831548
4.92 1.08 0.139793 0.0199299 0.838858
4.92 1.2 0.140475 0.0151345 0.843482
4.92 1.32 0.141548 0.012068 0.845606
4.92 1.44 0.143107 0.0104546 0.845903
4.92 1.56 0.145111 0.0101376 0.844313
4.92 1.68 0.147454 0.0111047 0.840929
4.92 1.8 0.149981 0.013561 0.835755
4.92 1.92 0.15247 0.0181176 0.828624
4.92 2.04 0.154516 0.0262562 0.818052
4.92 2.16 0.155403 0.0414457 0.801876
4.92 2.28 0.153616 0.0714492 0.773681
4.92 2.4 0.146383 0.13154 0.721297
4.92 2.52 0.130064 0.241489 0.628826
4.92 2.64 0.104956 0.396298 0.49946
4.92 2.76 0.0818253 0.533359 0.384861
4.92 2.88 0.0726676 0.586942 0.340198
4.92 3 0.08107 0.537795 0.381237
4.92 3.12 0.103768 0.403169 0.49365
4.92 3.24 0.129029 0.247037 0.623583
4.92 3.36 0.145673 0.134489 0.717472
4.92 3.48 0.153074 0.072733 0.770568
4.92 3.6 0.154924 0.0419525 0.799018
4.92 3.72 0.15409 0.0264237 0.815451
4.92 3.84 0.152066 0.0181094 0.826135
4.92 3.96 0.149507 0.0134193 0.833291
4.92 4.08 0.146827 0.0108144 0.838069
4.92 4.2 0.144405 0.00965452 0.841593
4.92 4.32 0.142483 0.00970085 0.844345
4.92 4.44 0.141059 0.0109129 0.845561
4.92 4.56 0.139994 0.013369 0.843889
4.92 4.68 0.139302 0.0172586 0.839293
4.92 4.8 0.139031 0.0229089 0.833011
4.92 4.92 0.139096 0.0307596 0.825021
4.92 5.04 0.139017 0.0413104 0.81378
4.92 5.16 0.138632 0.0551106 0.799703
4.92 5.28 0.137925 0.072546 0.783987
4.92 5.4 0.136465 0.0930439 0.765246
4.92 5.52 0.134519 0.11482 0.745791
4.92 5.64 0.132262 0.135195 0.727104
4.92 5.76 0.131126 0.146546 0.717504
4.92 5.88 0.129111 0.159391 0.705475
5.04 0 0.127117 0.171213 0.698285
5.04 0.12 0.12795 0.164637 0.7053
5.04 0.24 0.130541 0.143674 0.724296
5.04 0.36 0.133395 0.118659 0.746925
5.04 0.48 0.135976 0.0930102 0.770337
5.04 0.6 0.137852 0.07039 0.791123
5.04 0.72 0.139013 0.0521438 0.808593
5.04 0.84 0.13959 0.0381989 0.822233
5.04 0.96 0.139922 0.0279299 0.832629
5.04 1.08 0.140293 0.020589 0.840146
5.04 1.2 0.14091 0.0155392 0.84492
5.04 1.32 0.141933 0.0123129 0.847264
5.04 1.44 0.143468 0.0105953 0.847875
5.04 1.56 0.145465 0.0102044 0.846622
5.04 1.68 0.147801 0.0111099 0.843482
5.04 1.8 0.150306 0.0135001 0.838376
5.04 1.92 0.152759 0.0179631 0.831154
5.04 2.04 0.154776 0.0259351 0.820467
5.04 2.16 0.155683 0.0407795 0.804359
5.04 2.28 0.154019 0.0700058 0.776683
5.04 2.4 0.1471 0.128381 0.725666
5.04 2.52 0.131351 0.235181 0.635707
5.04 2.64 0.106881 0.38627 0.509104
5.04 2.76 0.084065 0.52122 0.395764
5.04 2.88 0.0749551 0.574361 0.351237
5.04 3 0.083321 0.525604 0.392184
5.04 3.12 0.105729 0.392983 0.503449
5.04 3.24 0.130364 0.240549 0.630677
5.04 3.36 0.146427 0.131218 0.722006
5.04 3.48 0.153498 0.0712328 0.773657
5.04 3.6 0.155204 0.0412535 0.801485
5.04 3.72 0.154327 0.0260783 0.817732
5.04 3.84 0.152314 0.017933 0.82843
5.04 3.96 0.149786 0.0133368 0.835633
5.04 4.08 0.147138 0.0107966 0.840389
5.04 4.2 0.144747 0.00969515 0.843795
5.04 4.32 0.142861 0.00980922 0.84635
5.04 4.44 0.14148 0.0111143 0.847312
5.04 4.56 0.140465 0.0137107 0.845364
5.04 4.68 0.139835 0.0178232 0.840521
5.04 4.8 0.13963 0.0238372 0.834009
5.04 4.92 0.139723 0.0322821 0.825622
5.04 5.04 0.139579 0.0437818 0.813522
5.04 5.16 0.138991 0.0590494 0.797922
5.04 5.28 0.137942 0.0786504 0.780033
5.04 5.4 0.136019 0.102074 0.758594
5.04 5.52 0.133509 0.1273 0.736021
5.04 5.64 0.13068 0.151061 0.714291
5.04 5.76 0.129204 0.164561 0.702888
5.04 5.88 0.126965 0.178654 0.689746
5.16 0 0.124475 0.189217 0.680388
5.16 0.12 0.125476 0.181543 0.688259
5.16 0.24 0.1285 0.157677 0.709529
5.16 0.36 0.131883 0.129286 0.735005
5.16 0.48 0.134988 0.100419 0.761318
5.16 0.6 0.137281 0.0752412 0.784547
5.16 0.72 0.138709 0.0551853 0.803745
5.16 0.84 0.139405 0.0400515 0.818389
5.16 0.96 0.139741 0.0290376 0.82922
5.16 1.08 0.140048 0.0212423 0.836851
5.16 1.2 0.140584 0.0159181 0.841683
5.16 1.32 0.141548 0.0125243 0.844215
5.16 1.44 0.143055 0.0106988 0.845173
5.16 1.56 0.145042 0.0102294 0.844312
5.16 1.68 0.147363 0.0110645 0.841464
5.16 1.8 0.149839 0.0133732 0.836497
5.16 1.92 0.152266 0.0177175 0.829358
5.16 2.04 0.154294 0.0254829 0.818875
5.16 2.16 0.155282 0.0399115 0.803253
5.16 2.28 0.153814 0.0682229 0.776546
5.16 2.4 0.147298 0.124607 0.727414
5.16 2.52 0.132256 0.227759 0.640691
5.16 2.64 0.1086 0.374435 0.517732
5.16 2.76 0.0862426 0.506718 0.406356
5.16 2.88 0.077231 0.559227 0.362209
5.16 3 0.0855098 0.511017 0.402819
5.16 3.12 0.107481 0.380934 0.512216
5.16 3.24 0.131304 0.232894 0.635808
5.16 3.36 0.14664 0.1273 0.723807
5.16 3.48 0.153288 0.0693753 0.77348
5.16 3.6 0.154784 0.0403436 0.80026
5.16 3.72 0.153815 0.0255978 0.815963
5.16 3.84 0.151792 0.0176656 0.826458
5.16 3.96 0.149306 0.0131912 0.833665
5.16 4.08 0.146716 0.0107334 0.838433
5.16 4.2 0.144368 0.00970049 0.84169
5.16 4.32 0.142504 0.00988774 0.843892
5.16 4.44 0.14114 0.01129 0.844389
5.16 4.56 0.140163 0.014035 0.842052
5.16 4.68 0.139608 0.0183923 0.837029
5.16 4.8 0.13949 0.02482 0.830447
5.16 4.92 0.139617 0.0339577 0.821741
5.16 5.04 0.139377 0.0465878 0.808679
5.16 5.16 0.138534 0.0636473 0.791339
5.16 5.28 0.137074 0.0859641 0.770986
5.16 5.4 0.134582 0.113134 0.746366
5.16 5.52 0.131362 0.142833 0.719966
5.16 5.64 0.127829 0.171015 0.694513
5.16 5.76 0.125903 0.187349 0.680766
5.16 5.88 0.123546 0.203085 0.667058
5.28 0 0.121686 0.211257 0.66191
5.28 0.12 0.122895 0.202192 0.670845
5.28 0.24 0.126434 0.174719 0.694821
5.28 0.36 0.130429 0.142126 0.723575
5.28 0.48 0.134112 0.109267 0.753068
5.28 0.6 0.136865 0.0809617 0.778957
5.28 0.72 0.138607 0.0587346 0.800133
5.28 0.84 0.139479 0.0422014 0.816099
5.28 0.96 0.139881 0.0303246 0.827732
5.28 1.08 0.140182 0.022008 0.835806
5.28 1.2 0.140673 0.0163703 0.840887
5.28 1.32 0.141581 0.0127854 0.843598
5.28 1.44 0.143034 0.0108382 0.844703
5.28 1.56 0.144966 0.0102826 0.843924
5.28 1.68 0.147231 0.0110445 0.841084
5.28 1.8 0.149665 0.0132743 0.836141
5.28 1.92 0.152091 0.0175107 0.829174
5.28 2.04 0.15417 0.0250926 0.819066
5.28 2.16 0.155257 0.0391474 0.803984
5.28 2.28 0.153959 0.0666167 0.778078
5.28 2.4 0.147788 0.121137 0.730517
5.28 2.52 0.133391 0.220845 0.646716
5.28 2.64 0.110502 0.363305 0.527186
5.28 2.76 0.088593 0.493029 0.41773
5.28 2.88 0.0796796 0.544938 0.373966
5.28 3 0.0878687 0.497235 0.414225
5.28 3.12 0.109408 0.369581 0.521774
5.28 3.24 0.132461 0.225742 0.641921
5.28 3.36 0.147136 0.123685 0.726918
5.28 3.48 0.153433 0.067698 0.774995
5.28 3.6 0.154763 0.0395436 0.800996
5.28 3.72 0.153701 0.0251857 0.816188
5.28 3.84 0.151635 0.0174426 0.826352
5.28 3.96 0.149163 0.0130782 0.833459
5.28 4.08 0.146628 0.0106986 0.838277
5.28 4.2 0.14434 0.00973521 0.841531
5.28 4.32 0.142516 0.0100008 0.843527
5.28 4.44 0.141178 0.0115113 0.84366
5.28 4.56 0.140243 0.0144263 0.840989
5.28 4.68 0.139756 0.0190677 0.835781
5.28 4.8 0.139701 0.0259782 0.828991
5.28 4.92 0.139806 0.0359284 0.819644
5.28 5.04 0.139399 0.0499013 0.805218
5.28 5.16 0.138238 0.0691362 0.785805
5.28 5.28 0.136297 0.0948202 0.762627
5.28 5.4 0.133101 0.126687 0.734113
5.28 5.52 0.128969 0.162012 0.702836
5.28 5.64 0.124547 0.195795 0.67273
5.28 5.76 0.122016 0.215663 0.655834
5.28 5.88 0.119486 0.233283 0.64129
5.4 0 0.118689 0.236352 0.642713
5.4 0.12 0.120175 0.225735 0.653075
5.4 0.24 0.124374 0.194256 0.680531
5.4 0.36 0.129144 0.156905 0.713435
5.4 0.48 0.133522 0.119446 0.746741
5.4 0.6 0.136796 0.0875212 0.775621
5.4 0.72 0.13889 0.0627965 0.798976
5.4 0.84 0.139976 0.0446707 0.816478
5.4 0.96 0.140502 0.0318225 0.829221
5.4 1.08 0.140863 0.0229227 0.838107
5.4 1.2 0.141367 0.0169335 0.843735
5.4 1.32 0.142247 0.0131333 0.846729
5.4 1.44 0.14364 0.0110502 0.847873
5.4 1.56 0.145493 0.0104036 0.84695
5.4 1.68 0.147683 0.0110969 0.843921
5.4 1.8 0.150075 0.0132638 0.838908
5.4 1.92 0.152504 0.0174232 0.832052
5.4 2.04 0.154614 0.0248739 0.822138
5.4 2.16 0.155743 0.0386455 0.80723
5.4 2.28 0.154538 0.065445 0.781689
5.4 2.4 0.148636 0.118442 0.735287
5.4 2.52 0.134778 0.215252 0.65389
5.4 2.64 0.112532 0.354 0.537198
5.4 2.76 0.0909923 0.481283 0.429299
5.4 2.88 0.0821546 0.532535 0.385815
5.4 3 0.0902759 0.485401 0.425822
5.4 3.12 0.111466 0.360089 0.531902
5.4 3.24 0.133882 0.219956 0.649234
5.4 3.36 0.148008 0.120875 0.73179
5.4 3.48 0.154039 0.0664731 0.778715
5.4 3.6 0.155286 0.0390178 0.804412
5.4 3.72 0.154187 0.0249532 0.819466
5.4 3.84 0.152083 0.0173431 0.829408
5.4 3.96 0.149596 0.0130545 0.836338
5.4 4.08 0.147093 0.0107344 0.841164
5.4 4.2 0.144869 0.00983374 0.844536
5.4 4.32 0.143112 0.0101807 0.846571
5.4 4.44 0.141828 0.011812 0.846578
5.4 4.56 0.140941 0.0149207 0.843685
5.4 4.68 0.140497 0.0198843 0.838185
5.4 4.8 0.140437 0.0273367 0.830826
5.4 4.92 0.140428 0.0381965 0.82033
5.4 5.04 0.13978 0.0536905 0.804131
5.4 5.16 0.13826 0.0754399 0.782436
5.4 5.28 0.135774 0.105068 0.756094
5.4 5.4 0.131715 0.142438 0.722848
5.4 5.52 0.126476 0.184357 0.685677
5.4 5.64 0.121017 0.224733 0.650188
5.4 5.76 0.117781 0.248743 0.629654
5.4 5.88 0.115005 0.268213 0.613906
5.52 0 0.114787 0.260617 0.619184
5.52 0.12 0.116505 0.248398 0.630722
5.52 0.24 0.121267 0.212928 0.661078
5.52 0.36 0.126774 0.170932 0.697848
5.52 0.48 0.131865 0.129014 0.734961
5.52 0.6 0.135667 0.0935826 0.766738
5.52 0.72 0.1381 0.0664627 0.792062
5.52 0.84 0.139374 0.0468355 0.810789
5.52 0.96 0.139987 0.0330926 0.824285
5.52 1.08 0.140382 0.0236711 0.833692
5.52 1.2 0.140885 0.017377 0.839695
5.52 1.32 0.141738 0.0133943 0.842921
5.52 1.44 0.143084 0.0111968 0.844166
5.52 1.56 0.144882 0.0104722 0.843268
5.52 1.68 0.147024 0.0111037 0.840285
5.52 1.8 0.14939 0.0132091 0.83541
5.52 1.92 0.151809 0.0172864 0.828743
5.52 2.04 0.153919 0.0245937 0.819004
5.52 2.16 0.15508 0.0380681 0.804377
5.52 2.28 0.154018 0.0642034 0.779606
5.52 2.4 0.148465 0.115731 0.734914
5.52 2.52 0.135206 0.209702 0.656332
5.52 2.64 0.113681 0.344631 0.542953
5.52 2.76 0.0926222 0.46914 0.437203
5.52 2.88 0.0839181 0.519552 0.394293
5.52 3 0.0919196 0.47317 0.433782
5.52 3.12 0.112656 0.350552 0.537835
5.52 3.24 0.134368 0.214251 0.65194
5.52 3.36 0.147895 0.118073 0.731679
5.52 3.48 0.153564 0.0651856 0.776849
5.52 3.6 0.154659 0.0384169 0.801732
5.52 3.72 0.153517 0.0246584 0.81645
5.52 3.84 0.151396 0.0171937 0.826132
5.52 3.96 0.148902 0.0129867 0.832788
5.52 4.08 0.14642 0.0107264 0.837445
5.52 4.2 0.144253 0.00988419 0.84079
5.52 4.32 0.142563 0.0103034 0.842834
5.52 4.44 0.141342 0.0120397 0.842792
5.52 4.56 0.140514 0.0153169 0.839798
5.52 4.68 0.14011 0.020564 0.834102
5.52 4.8 0.140031 0.0285021 0.826241
5.52 4.92 0.139902 0.0401983 0.814742
5.52 5.04 0.139041 0.0571384 0.797113
5.52 5.16 0.137204 0.0813493 0.773534
5.52 5.28 0.13416 0.114892 0.744114
5.52 5.4 0.129187 0.157751 0.705988
5.52 5.52 0.122868 0.206357 0.663196
5.52 5.64 0.116448 0.25352 0.622796
5.52 5.76 0.112583 0.281848 0.59907
5.52 5.88 0.109678 0.303101 0.582731
5.64 0 0.111843 0.284353 0.601486
5.64 0.12 0.113786 0.270645 0.614208
5.64 0.24 0.119085 0.231377 0.647356
5.64 0.36 0.12522 0.184775 0.687421
5.64 0.48 0.130982 0.138507 0.728144
5.64 0.6 0.135324 0.0996671 0.762892
5.64 0.72 0.138127 0.0702102 0.790376
5.64 0.84 0.139618 0.0491027 0.810493
5.64 0.96 0.140323 0.0344609 0.824744
5.64 1.08 0.140736 0.0245041 0.834521
5.64 1.2 0.141218 0.0178932 0.840701
5.64 1.32 0.142038 0.0137225 0.844011
5.64 1.44 0.143356 0.0114129 0.845342
5.64 1.56 0.145141 0.0106209 0.84456
5.64 1.68 0.147282 0.0112111 0.841744
5.64 1.8 0.149647 0.0132882 0.837018
5.64 1.92 0.152054 0.0173373 0.830409
5.64 2.04 0.154147 0.0245945 0.820615
5.64 2.16 0.155317 0.0379499 0.806025
5.64 2.28 0.154319 0.063769 0.781535
5.64 2.4 0.148916 0.114471 0.737498
5.64 2.52 0.135952 0.206647 0.660232
5.64 2.64 0.114882 0.339055 0.548897
5.64 2.76 0.0941773 0.461815 0.44471
5.64 2.88 0.0855888 0.511826 0.402295
5.64 3 0.0934938 0.465849 0.441367
5.64 3.12 0.113894 0.344894 0.543932
5.64 3.24 0.135162 0.211094 0.656048
5.64 3.36 0.148393 0.116747 0.73448
5.64 3.48 0.153905 0.0647142 0.778964
5.64 3.6 0.154919 0.0382762 0.803483
5.64 3.72 0.153749 0.0246432 0.818063
5.64 3.84 0.151633 0.0172309 0.82773
5.64 3.96 0.149152 0.0130533 0.83437
5.64 4.08 0.146683 0.0108199 0.838957
5.64 4.2 0.14453 0.0100152 0.842189
5.64 4.32 0.142853 0.0104941 0.844079
5.64 4.44 0.141652 0.0123295 0.843875
5.64 4.56 0.140863 0.0157744 0.840781
5.64 4.68 0.140504 0.0213074 0.834989
5.64 4.8 0.140414 0.0297335 0.826778
5.64 4.92 0.140188 0.0422624 0.814457
5.64 5.04 0.139136 0.0606296 0.795546
5.64 5.16 0.13697 0.0872396 0.770009
5.64 5.28 0.133308 0.124535 0.737144
5.64 5.4 0.12741 0.172637 0.694053
5.64 5.52 0.120129 0.227757 0.646242
5.64 5.64 0.112803 0.281461 0.601185
5.64 5.76 0.108349 0.313886 0.574472
5.64 5.88 0.104995 0.335751 0.555808
5.76 0 0.108956 0.300974 0.584692
5.76 0.12 0.111022 0.286579 0.598252
5.76 0.24 0.116782 0.245056 0.633774
5.76 0.36 0.123475 0.195325 0.676726
5.76 0.48 0.129756 0.145851 0.720172
5.76 0.6 0.13452 0.104438 0.75707
5.76 0.72 0.137564 0.0731724 0.786
5.76 0.84 0.139245 0.0509221 0.807092
5.76 0.96 0.140021 0.0355888 0.82198
5.76 1.08 0.140515 0.0252093 0.832195
5.76 1.2 0.140998 0.0183484 0.838692
5.76 1.32 0.141816 0.0140281 0.842156
5.76 1.44 0.143124 0.0116307 0.84362
5.76 1.56 0.144928 0.0107916 0.842954
5.76 1.68 0.14707 0.01136 0.840303
5.76 1.8 0.149431 0.0134348 0.835704
5.76 1.92 0.151799 0.0174969 0.829335
5.76 2.04 0.15386 0.0247684 0.819294
5.76 2.16 0.155003 0.0381247 0.804637
5.76 2.28 0.154008 0.0638543 0.780206
5.76 2.4 0.148691 0.114164 0.736611
5.76 2.52 0.135964 0.205241 0.660472
5.76 2.64 0.115261 0.335675 0.550844
5.76 2.76 0.0948528 0.45646 0.448008
5.76 2.88 0.086364 0.505705 0.40604
5.76 3 0.0941841 0.460517 0.444731
5.76 3.12 0.114312 0.341474 0.545994
5.76 3.24 0.1352 0.209584 0.656396
5.76 3.36 0.148181 0.11634 0.733645
5.76 3.48 0.153597 0.0647403 0.777644
5.76 3.6 0.154612 0.0384225 0.802128
5.76 3.72 0.153469 0.0248042 0.816769
5.76 3.84 0.151375 0.0173767 0.826458
5.76 3.96 0.14891 0.0131912 0.833068
5.76 4.08 0.14645 0.0109566 0.83756
5.76 4.2 0.14433 0.0101693 0.840659
5.76 4.32 0.142627 0.0106887 0.842353
5.76 4.44 0.141421 0.0125992 0.841942
5.76 4.56 0.140644 0.0161763 0.838727
5.76 4.68 0.140346 0.0219355 0.832805
5.76 4.8 0.140166 0.0307423 0.824195
5.76 4.92 0.139813 0.0439074 0.811061
5.76 5.04 0.138596 0.0633619 0.791166
5.76 5.16 0.136198 0.0917997 0.76434
5.76 5.28 0.132089 0.131911 0.729069
5.76 5.4 0.125557 0.183963 0.682571
5.76 5.52 0.117576 0.243728 0.631243
5.76 5.64 0.109519 0.302063 0.582466
5.76 5.76 0.104495 0.336671 0.552854
5.76 5.88 0.101378 0.361172 0.535485
5.88 0 0.104631 0.333528 0.561525
5.88 0.12 0.106913 0.317228 0.575251
5.88 0.24 0.113101 0.272086 0.612799
5.88 0.36 0.120447 0.217569 0.659076
5.88 0.48 0.127493 0.163103 0.706403
5.88 0.6 0.132913 0.117102 0.74702
5.88 0.72 0.136514 0.0821498 0.778888
5.88 0.84 0.138563 0.0571718 0.802213
5.88 0.96 0.139609 0.0399168 0.818569
5.88 1.08 0.140223 0.0282435 0.829755
5.88 1.2 0.140823 0.0205258 0.836931
5.88 1.32 0.141699 0.0156648 0.840984
5.88 1.44 0.143015 0.0129578 0.842555
5.88 1.56 0.144777 0.0119904 0.841948
5.88 1.68 0.146894 0.0125896 0.839279
5.88 1.8 0.149213 0.0148509 0.834586
5.88 1.92 0.151512 0.0192828 0.827509
5.88 2.04 0.153458 0.0272024 0.817286
5.88 2.16 0.154443 0.041641 0.801919
5.88 2.28 0.153198 0.0690854 0.776314
5.88 2.4 0.14752 0.121537 0.73101
5.88 2.52 0.134581 0.213328 0.653914
5.88 2.64 0.114502 0.339886 0.547329
5.88 2.76 0.0953185 0.453965 0.450301
5.88 2.88 0.0874978 0.499553 0.411463
5.88 3 0.0949609 0.456155 0.448487
5.88 3.12 0.113954 0.343156 0.544457
5.88 3.24 0.134077 0.216055 0.651092
5.88 3.36 0.147115 0.123096 0.728556
5.88 3.48 0.152835 0.0697825 0.773988
5.88 3.6 0.154084 0.0418758 0.799567
5.88 3.72 0.153091 0.0272019 0.814904
5.88 3.84 0.151113 0.0191364 0.8251
5.88 3.96 0.148741 0.0145686 0.832099
5.88 4.08 0.146347 0.012137 0.83682
5.88 4.2 0.144226 0.0112967 0.839918
5.88 4.32 0.142544 0.0119067 0.841425
5.88 4.44 0.141317 0.0140715 0.840699
5.88 4.56 0.140511 0.0181109 0.837133
5.88 4.68 0.140072 0.024617 0.830683
5.88 4.8 0.139799 0.0345668 0.820968
5.88 4.92 0.139186 0.049463 0.80622
5.88 5.04 0.137679 0.071534 0.784673
5.88 5.16 0.134833 0.103799 0.755402
5.88 5.28 0.129842 0.148921 0.7154
5.88 5.4 0.122296 0.206821 0.663697
5.88 5.52 0.113541 0.27298 0.60842
5.88 5.64 0.104898 0.335462 0.556832
5.88 5.76 0.099027 0.375344 0.522868
5.88 5.88 0.0959457 0.400844 0.50566
