0 0 -4.68377 15.2919 -4.68377
0 0.2 -5.44116 14.5367 -5.44116
0 0.4 -2.49142 17.4861 -2.49142
0 0.6 -2.32602 17.6515 -2.32602
0 0.8 -2.3134 17.6626 -2.3134
0 1 -2.31529 17.6586 -2.31529
0 1.2 -2.31575 17.6577 -2.31575
0 1.4 -2.31317 17.6581 -2.31317
0 1.6 -2.32048 17.6478 -2.32048
0 1.8 -2.32745 17.6371 -2.32745
0 2 -2.33699 17.6222 -2.33699
0 2.2 -2.34401 17.6046 -2.34401
0 2.4 -2.33919 17.5882 -2.33919
0 2.6 -2.29179 17.5926 -2.29179
0 2.8 -2.17833 17.6169 -2.17833
0 3 -1.96118 17.6487 -1.96118
0 3.2 -1.63446 17.5849 -1.63446
0 3.4 -1.30336 17.0538 -1.30336
0 3.6 -1.34023 14.9256 -1.34023
0 3.8 -2.00694 8.85491 -2.00694
0 4 0.532267 0.195582 0.532267
0 4.2 8.92097 -2.41461 8.92097
0 4.4 14.6924 -1.84394 14.6924
0 4.6 16.6471 -1.84379 16.6471
0 4.8 17.1023 -2.0927 17.1023
0 5 17.1834 -2.14209 17.1834
0 5.2 17.1116 -1.88475 17.1116
0 5.4 16.3864 -1.5398 16.3864
0 5.6 13.3098 -1.68945 13.3098
0 5.8 5.54772 -1.89792 5.54772
0 6 -1.63255 3.31122 -1.63255
0 6.2 -2.10097 11.5405 -2.10097
0 6.4 -1.49511 15.8373 -1.49511
0 6.6 -1.55035 17.2408 -1.55035
0 6.8 -1.82637 17.5912 -1.82637
0 7 -2.0763 17.6304 -2.0763
0 7.2 -2.23298 17.6107 -2.23298
0 7.4 -2.30862 17.5994 -2.30862
0 7.6 -2.33709 17.6003 -2.33709
0 7.8 -2.3436 17.6075 -2.3436
0 8 -2.3438 17.6137 -2.3438
0 8.2 -2.34491 17.617 -2.34491
0 8.4 -2.34449 17.6209 -2.34449
0 8.6 -2.34389 17.6232 -2.34389
0 8.8 -2.33971 17.6292 -2.33971
0 9 -2.33413 17.6364 -2.33413
0 9.2 -2.32797 17.6441 -2.32797
0 9.4 -0.556524 19.4173 -0.556524
0 9.6 4.69161 24.6665 4.69161
0 9.8 -23.579 -3.60457 -23.579
0.12 0 -18.3717 1.60346 -18.3717
0.12 0.2 -20.7036 -0.726815 -20.7036
0.12 0.4 -18.6079 1.36861 -18.6079
0.12 0.6 -18.4909 1.48562 -18.4909
0.12 0.8 -18.4819 1.49318 -18.4819
0.12 1 -18.4829 1.49036 -18.4829
0.12 1.2 -18.4846 1.48846 -18.4846
0.12 1.4 -18.4828 1.4884 -18.4828
0.12 1.6 -18.4903 1.47805 -18.4903
0.12 1.8 -18.4984 1.46641 -18.4984
0.12 2 -18.5099 1.44959 -18.5099
0.12 2.2 -18.5168 1.43227 -18.5168
0.12 2.4 -18.511 1.41665 -18.511
0.12 2.6 -18.4611 1.42342 -18.4611
0.12 2.8 -18.3396 1.45506 -18.3396
0.12 3 -18.1075 1.50075 -18.1075
0.12 3.2 -17.7539 1.46195 -17.7539
0.12 3.4 -17.3807 0.969409 -17.3807
0.12 3.6 -17.3636 -1.10955 -17.3636
0.12 3.8 -17.973 -7.12306 -17.973
0.12 4 -15.3886 -15.7118 -15.3886
0.12 4.2 -7.01631 -18.331 -7.01631
0.12 4.4 -1.28491 -17.8099 -1.28491
0.12 4.6 0.625057 -17.8602 0.625057
0.12 4.8 1.05011 -18.1419 1.05011
0.12 5 1.12375 -18.1996 1.12375
0.12 5.2 1.07327 -17.9203 1.07327
0.12 5.4 0.388734 -17.5332 0.388734
0.12 5.6 -2.63887 -17.6346 -2.63887
0.12 5.8 -10.3581 -17.8183 -10.3581
0.12 6 -17.5451 -12.6423 -17.5451
0.12 6.2 -18.0845 -4.47125 -18.0845
0.12 6.4 -17.54 -0.22115 -17.54
0.12 6.6 -17.6445 1.14036 -17.6445
0.12 6.8 -17.956 1.45866 -17.956
0.12 7 -18.2277 1.47774 -18.2277
0.12 7.2 -18.3955 1.44781 -18.3955
0.12 7.4 -18.478 1.43009 -18.478
0.12 7.6 -18.5076 1.43023 -18.5076
0.12 7.8 -18.5134 1.43815 -18.5134
0.12 8 -18.5115 1.44634 -18.5115
0.12 8.2 -18.5113 1.45072 -18.5113
0.12 8.4 -18.5098 1.45541 -18.5098
0.12 8.6 -18.5085 1.45838 -18.5085
0.12 8.8 -18.5047 1.46357 -18.5047
0.12 9 -18.4976 1.47213 -18.4976
0.12 9.2 -18.4949 1.47625 -18.4949
0.12 9.4 -16.842 3.13092 -16.842
0.12 9.6 -11.3678 8.60535 -11.3678
0.12 9.8 -41.8312 -21.8575 -41.8312
0.24 0 -8.70528 11.2687 -8.70528
0.24 0.2 -5.42273 14.5531 -5.42273
0.24 0.4 -3.56307 16.4125 -3.56307
0.24 0.6 -3.48616 16.4893 -3.48616
0.24 0.8 -3.4799 16.4943 -3.4799
0.24 1 -3.48151 16.4917 -3.48151
0.24 1.2 -3.48263 16.4909 -3.48263
0.24 1.4 -3.48504 16.4874 -3.48504
0.24 1.6 -3.49056 16.4794 -3.49056
0.24 1.8 -3.49882 16.4683 -3.49882
0.24 2 -3.51317 16.4488 -3.51317
0.24 2.2 -3.51961 16.4326 -3.51961
0.24 2.4 -3.51571 16.4156 -3.51571
0.24 2.6 -3.47174 16.4175 -3.47174
0.24 2.8 -3.35634 16.4448 -3.35634
0.24 3 -3.14314 16.4754 -3.14314
0.24 3.2 -2.81897 16.4165 -2.81897
0.24 3.4 -2.48053 15.9101 -2.48053
0.24 3.6 -2.50964 13.8339 -2.50964
0.24 3.8 -3.19335 7.84132 -3.19335
0.24 4 -0.782184 -0.882095 -0.782184
0.24 4.2 7.67355 -3.54925 7.67355
0.24 4.4 13.5722 -2.93603 13.5722
0.24 4.6 15.5519 -2.93388 15.5519
0.24 4.8 16.0106 -3.18699 16.0106
0.24 5 16.0949 -3.23985 16.0949
0.24 5.2 16.0417 -2.97603 16.0417
0.24 5.4 15.346 -2.62943 15.346
0.24 5.6 12.3384 -2.78052 12.3384
0.24 5.8 4.59921 -3.08877 4.59921
0.24 6 -2.7708 1.94739 -2.7708
0.24 6.2 -3.28114 10.275 -3.28114
0.24 6.4 -2.66586 14.6441 -2.66586
0.24 6.6 -2.72906 16.0566 -2.72906
0.24 6.8 -3.01063 16.4062 -3.01063
0.24 7 -3.26017 16.4473 -3.26017
0.24 7.2 -3.41361 16.4318 -3.41361
0.24 7.4 -3.48835 16.4219 -3.48835
0.24 7.6 -3.51272 16.4277 -3.51272
0.24 7.8 -3.51596 16.4383 -3.51596
0.24 8 -3.50815 16.452 -3.50815
0.24 8.2 -3.50964 16.454 -3.50964
0.24 8.4 -3.50422 16.4619 -3.50422
0.24 8.6 -3.5032 16.4641 -3.5032
0.24 8.8 -3.49798 16.4702 -3.49798
0.24 9 -3.49271 16.4765 -3.49271
0.24 9.2 -3.48396 16.4858 -3.48396
0.24 9.4 -1.9003 18.0714 -1.9003
0.24 9.6 2.74532 22.717 2.74532
0.24 9.8 -23.7672 -3.79434 -23.7672
0.36 0 -8.71781 11.2552 -8.71781
0.36 0.2 -5.57399 14.4011 -5.57399
0.36 0.4 -3.74304 16.232 -3.74304
0.36 0.6 -3.66625 16.3084 -3.66625
0.36 0.8 -3.66007 16.3138 -3.66007
0.36 1 -3.65943 16.314 -3.65943
0.36 1.2 -3.66244 16.3124 -3.66244
0.36 1.4 -3.66529 16.3094 -3.66529
0.36 1.6 -3.6729 16.2999 -3.6729
0.36 1.8 -3.68345 16.2874 -3.68345
0.36 2 -3.70119 16.2649 -3.70119
0.36 2.2 -3.70874 16.2479 -3.70874
0.36 2.4 -3.70683 16.229 -3.70683
0.36 2.6 -3.66491 16.2293 -3.66491
0.36 2.8 -3.55176 16.255 -3.55176
0.36 3 -3.34196 16.2848 -3.34196
0.36 3.2 -3.01974 16.2303 -3.01974
0.36 3.4 -2.67936 15.7412 -2.67936
0.36 3.6 -2.69869 13.7134 -2.69869
0.36 3.8 -3.39378 7.79234 -3.39378
0.36 4 -1.0975 -0.990526 -1.0975
0.36 4.2 7.3539 -3.76655 7.3539
0.36 4.4 13.3353 -3.14368 13.3353
0.36 4.6 15.3478 -3.13157 15.3478
0.36 4.8 15.8162 -3.38281 15.8162
0.36 5 15.9026 -3.43958 15.9026
0.36 5.2 15.8579 -3.17679 15.8579
0.36 5.4 15.1879 -2.82691 15.1879
0.36 5.6 12.2478 -2.96596 12.2478
0.36 5.8 4.55955 -3.31917 4.55955
0.36 6 -2.93602 1.60624 -2.93602
0.36 6.2 -3.50263 9.98593 -3.50263
0.36 6.4 -2.87033 14.4212 -2.87033
0.36 6.6 -2.92636 15.855 -2.92636
0.36 6.8 -3.20772 16.209 -3.20772
0.36 7 -3.45821 16.2508 -3.45821
0.36 7.2 -3.6107 16.2372 -3.6107
0.36 7.4 -3.68501 16.2285 -3.68501
0.36 7.6 -3.70556 16.2386 -3.70556
0.36 7.8 -3.70456 16.2536 -3.70456
0.36 8 -3.69203 16.2716 -3.69203
0.36 8.2 -3.69104 16.2754 -3.69104
0.36 8.4 -3.68364 16.2845 -3.68364
0.36 8.6 -3.679 16.2893 -3.679
0.36 8.8 -3.67288 16.2956 -3.67288
0.36 9 -3.66778 16.3012 -3.66778
0.36 9.2 -3.66035 16.3083 -3.66035
0.36 9.4 -2.07891 17.8914 -2.07891
0.36 9.6 2.54517 22.5156 2.54517
0.36 9.8 -23.9077 -3.93597 -23.9077
0.48 0 -8.68501 11.2884 -8.68501
0.48 0.2 -5.54394 14.4322 -5.54394
0.48 0.4 -3.70884 16.2667 -3.70884
0.48 0.6 -3.63409 16.341 -3.63409
0.48 0.8 -3.62763 16.3473 -3.62763
0.48 1 -3.62574 16.3492 -3.62574
0.48 1.2 -3.62962 16.3478 -3.62962
0.48 1.4 -3.63307 16.3451 -3.63307
0.48 1.6 -3.64396 16.333 -3.64396
0.48 1.8 -3.65686 16.3189 -3.65686
0.48 2 -3.67718 16.2944 -3.67718
0.48 2.2 -3.68657 16.2757 -3.68657
0.48 2.4 -3.6869 16.2545 -3.6869
0.48 2.6 -3.64631 16.2534 -3.64631
0.48 2.8 -3.53559 16.277 -3.53559
0.48 3 -3.32846 16.3056 -3.32846
0.48 3.2 -3.00803 16.2541 -3.00803
0.48 3.4 -2.6668 15.7781 -2.6668
0.48 3.6 -2.67766 13.7909 -2.67766
0.48 3.8 -3.37951 7.93727 -3.37951
0.48 4 -1.18771 -0.888232 -1.18771
0.48 4.2 7.2482 -3.76791 7.2482
0.48 4.4 13.3057 -3.13956 13.3057
0.48 4.6 15.3537 -3.11673 15.3537
0.48 4.8 15.8332 -3.36581 15.8332
0.48 5 15.9222 -3.42595 15.9222
0.48 5.2 15.8819 -3.16688 15.8819
0.48 5.4 15.232 -2.81498 15.232
0.48 5.6 12.3491 -2.94287 12.3491
0.48 5.8 4.71388 -3.33052 4.71388
0.48 6 -2.88498 1.49197 -2.88498
0.48 6.2 -3.50859 9.91005 -3.50859
0.48 6.4 -2.86292 14.4066 -2.86292
0.48 6.6 -2.91204 15.8629 -2.91204
0.48 6.8 -3.19274 16.2231 -3.19274
0.48 7 -3.44465 16.2659 -3.44465
0.48 7.2 -3.59723 16.2537 -3.59723
0.48 7.4 -3.66938 16.2483 -3.66938
0.48 7.6 -3.68648 16.2625 -3.68648
0.48 7.8 -3.68144 16.2816 -3.68144
0.48 8 -3.66456 16.3037 -3.66456
0.48 8.2 -3.66038 16.3101 -3.66038
0.48 8.4 -3.65019 16.3213 -3.65019
0.48 8.6 -3.64212 16.3285 -3.64212
0.48 8.8 -3.63418 16.3358 -3.63418
0.48 9 -3.62887 16.341 -3.62887
0.48 9.2 -3.62426 16.3448 -3.62426
0.48 9.4 -2.04397 17.9263 -2.04397
0.48 9.6 2.5794 22.5497 2.5794
0.48 9.8 -23.877 -3.90497 -23.877
0.6 0 -8.66367 11.3125 -8.66367
0.6 0.2 -5.51916 14.4599 -5.51916
0.6 0.4 -3.68402 16.294 -3.68402
0.6 0.6 -3.61154 16.3663 -3.61154
0.6 0.8 -3.6044 16.3737 -3.6044
0.6 1 -3.60208 16.3765 -3.60208
0.6 1.2 -3.60647 16.3752 -3.60647
0.6 1.4 -3.61129 16.3719 -3.61129
0.6 1.6 -3.62528 16.3575 -3.62528
0.6 1.8 -3.64034 16.3418 -3.64034
0.6 2 -3.66261 16.3157 -3.66261
0.6 2.2 -3.67337 16.2957 -3.67337
0.6 2.4 -3.67465 16.2733 -3.67465
0.6 2.6 -3.63435 16.2718 -3.63435
0.6 2.8 -3.52497 16.2942 -3.52497
0.6 3 -3.3194 16.3225 -3.3194
0.6 3.2 -2.99997 16.2737 -2.99997
0.6 3.4 -2.65716 15.8094 -2.65716
0.6 3.6 -2.65953 13.858 -2.65953
0.6 3.8 -3.36338 8.06851 -3.36338
0.6 4 -1.26469 -0.78769 -1.26469
0.6 4.2 7.14884 -3.76586 7.14884
0.6 4.4 13.2745 -3.13634 13.2745
0.6 4.6 15.357 -3.10393 15.357
0.6 4.8 15.847 -3.35174 15.847
0.6 5 15.9379 -3.41567 15.9379
0.6 5.2 15.9011 -3.16015 15.9011
0.6 5.4 15.2689 -2.80573 15.2689
0.6 5.6 12.4366 -2.9222 12.4366
0.6 5.8 4.85444 -3.33525 4.85444
0.6 6 -2.83196 1.39243 -2.83196
0.6 6.2 -3.51253 9.83845 -3.51253
0.6 6.4 -2.85657 14.3909 -2.85657
0.6 6.6 -2.90015 15.8686 -2.90015
0.6 6.8 -3.18114 16.2344 -3.18114
0.6 7 -3.43544 16.2776 -3.43544
0.6 7.2 -3.58918 16.2659 -3.58918
0.6 7.4 -3.66 16.2629 -3.66
0.6 7.6 -3.67484 16.2799 -3.67484
0.6 7.8 -3.66694 16.3021 -3.66694
0.6 8 -3.64668 16.3275 -3.64668
0.6 8.2 -3.63955 16.3366 -3.63955
0.6 8.4 -3.62671 16.3499 -3.62671
0.6 8.6 -3.61642 16.3585 -3.61642
0.6 8.8 -3.60663 16.3669 -3.60663
0.6 9 -3.60075 16.3721 -3.60075
0.6 9.2 -3.59792 16.3738 -3.59792
0.6 9.4 -2.01987 17.9528 -2.01987
0.6 9.6 2.60211 22.5748 2.60211
0.6 9.8 -23.8542 -3.87969 -23.8542
0.72 0 -8.65725 11.323 -8.65725
0.72 0.2 -5.51125 14.4717 -5.51125
0.72 0.4 -3.67743 16.3044 -3.67743
0.72 0.6 -3.60505 16.377 -3.60505
0.72 0.8 -3.59659 16.3859 -3.59659
0.72 1 -3.59448 16.3887 -3.59448
0.72 1.2 -3.59961 16.3872 -3.59961
0.72 1.4 -3.60577 16.3831 -3.60577
0.72 1.6 -3.62185 16.367 -3.62185
0.72 1.8 -3.63866 16.3498 -3.63866
0.72 2 -3.66206 16.3227 -3.66206
0.72 2.2 -3.6732 16.3022 -3.6732
0.72 2.4 -3.67417 16.28 -3.67417
0.72 2.6 -3.63312 16.2791 -3.63312
0.72 2.8 -3.52365 16.3019 -3.52365
0.72 3 -3.31836 16.3312 -3.31836
0.72 3.2 -2.99887 16.2859 -2.99887
0.72 3.4 -2.65338 15.833 -2.65338
0.72 3.6 -2.64675 13.9144 -2.64675
0.72 3.8 -3.34963 8.18473 -3.34963
0.72 4 -1.33393 -0.694464 -1.33393
0.72 4.2 7.05349 -3.76548 7.05349
0.72 4.4 13.2399 -3.13813 13.2399
0.72 4.6 15.354 -3.09801 15.354
0.72 4.8 15.8531 -3.34569 15.8531
0.72 5 15.9458 -3.41314 15.9458
0.72 5.2 15.9129 -3.16024 15.9129
0.72 5.4 15.2964 -2.80297 15.2964
0.72 5.6 12.5088 -2.90829 12.5088
0.72 5.8 4.97763 -3.33995 4.97763
0.72 6 -2.78286 1.30276 -2.78286
0.72 6.2 -3.51767 9.77013 -3.51767
0.72 6.4 -2.85398 14.3726 -2.85398
0.72 6.6 -2.89344 15.8695 -2.89344
0.72 6.8 -3.17562 16.2398 -3.17562
0.72 7 -3.4329 16.2826 -3.4329
0.72 7.2 -3.5887 16.2702 -3.5887
0.72 7.4 -3.66014 16.2675 -3.66014
0.72 7.6 -3.67474 16.2852 -3.67474
0.72 7.8 -3.66586 16.3088 -3.66586
0.72 8 -3.64392 16.336 -3.64392
0.72 8.2 -3.6348 16.3472 -3.6348
0.72 8.4 -3.62012 16.3622 -3.62012
0.72 8.6 -3.6087 16.3716 -3.6087
0.72 8.8 -3.5979 16.3804 -3.5979
0.72 9 -3.59161 16.3856 -3.59161
0.72 9.2 -3.58941 16.3865 -3.58941
0.72 9.4 -2.01291 17.9639 -2.01291
0.72 9.6 2.60822 22.5849 2.60822
0.72 9.8 -23.8485 -3.87009 -23.8485
0.84 0 -8.67116 11.3126 -8.67116
0.84 0.2 -5.52545 14.461 -5.52545
0.84 0.4 -3.6916 16.294 -3.6916
0.84 0.6 -3.61744 16.3686 -3.61744
0.84 0.8 -3.60789 16.3786 -3.60789
0.84 1 -3.60645 16.3806 -3.60645
0.84 1.2 -3.61241 16.3784 -3.61241
0.84 1.4 -3.61937 16.3737 -3.61937
0.84 1.6 -3.63639 16.3568 -3.63639
0.84 1.8 -3.65409 16.3386 -3.65409
0.84 2 -3.67763 16.3113 -3.67763
0.84 2.2 -3.6882 16.2913 -3.6882
0.84 2.4 -3.68798 16.2702 -3.68798
0.84 2.6 -3.64546 16.271 -3.64546
0.84 2.8 -3.53486 16.2956 -3.53486
0.84 3 -3.3289 16.3271 -3.3289
0.84 3.2 -3.0085 16.2862 -3.0085
0.84 3.4 -2.65971 15.8446 -2.65971
0.84 3.6 -2.64407 13.956 -2.64407
0.84 3.8 -3.34432 8.28145 -3.34432
0.84 4 -1.40256 -0.615458 -1.40256
0.84 4.2 6.95659 -3.77337 6.95659
0.84 4.4 13.196 -3.15093 13.196
0.84 4.6 15.3381 -3.1052 15.3381
0.84 4.8 15.8446 -3.35388 15.8446
0.84 5 15.939 -3.4246 15.939
0.84 5.2 15.9099 -3.17357 15.9099
0.84 5.4 15.3078 -2.81319 15.3078
0.84 5.6 12.5603 -2.90751 12.5603
0.84 5.8 5.07774 -3.35206 5.07774
0.84 6 -2.74466 1.21618 -2.74466
0.84 6.2 -3.52947 9.70043 -3.52947
0.84 6.4 -2.85987 14.3473 -2.85987
0.84 6.6 -2.89591 15.8613 -2.89591
0.84 6.8 -3.17941 16.2352 -3.17941
0.84 7 -3.43968 16.277 -3.43968
0.84 7.2 -3.5982 16.263 -3.5982
0.84 7.4 -3.67194 16.2584 -3.67194
0.84 7.6 -3.68836 16.2746 -3.68836
0.84 7.8 -3.68072 16.2973 -3.68072
0.84 8 -3.65924 16.3243 -3.65924
0.84 8.2 -3.64972 16.3362 -3.64972
0.84 8.4 -3.63425 16.3524 -3.63425
0.84 8.6 -3.62242 16.3622 -3.62242
0.84 8.8 -3.61134 16.3712 -3.61134
0.84 9 -3.6052 16.3761 -3.6052
0.84 9.2 -3.6034 16.3764 -3.6034
0.84 9.4 -2.02734 17.9534 -2.02734
0.84 9.6 2.59372 22.5744 2.59372
0.84 9.8 -23.8635 -3.88171 -23.8635
0.96 0 -8.70243 11.2827 -8.70243
0.96 0.2 -5.55741 14.4303 -5.55741
0.96 0.4 -3.72277 16.2642 -3.72277
0.96 0.6 -3.64714 16.3401 -3.64714
0.96 0.8 -3.63735 16.35 -3.63735
0.96 1 -3.63665 16.3511 -3.63665
0.96 1.2 -3.64311 16.3483 -3.64311
0.96 1.4 -3.65013 16.3433 -3.65013
0.96 1.6 -3.66692 16.3263 -3.66692
0.96 1.8 -3.68423 16.3082 -3.68423
0.96 2 -3.70665 16.2819 -3.70665
0.96 2.2 -3.7155 16.2635 -3.7155
0.96 2.4 -3.71314 16.2449 -3.71314
0.96 2.6 -3.66833 16.2487 -3.66833
0.96 2.8 -3.55572 16.2766 -3.55572
0.96 3 -3.34825 16.3118 -3.34825
0.96 3.2 -3.02622 16.2762 -3.02622
0.96 3.4 -2.67399 15.8456 -2.67399
0.96 3.6 -2.64989 13.9843 -2.64989
0.96 3.8 -3.3466 8.36023 -3.3466
0.96 4 -1.47056 -0.550246 -1.47056
0.96 4.2 6.85956 -3.78817 6.85956
0.96 4.4 13.1452 -3.17207 13.1452
0.96 4.6 15.3118 -3.12209 15.3118
0.96 4.8 15.8243 -3.37231 15.8243
0.96 5 15.92 -3.44617 15.92
0.96 5.2 15.8944 -3.19673 15.8944
0.96 5.4 15.3052 -2.83341 15.3052
0.96 5.6 12.5935 -2.91738 12.5935
0.96 5.8 5.15648 -3.37084 5.15648
0.96 6 -2.7172 1.13262 -2.7172
0.96 6.2 -3.54697 9.63036 -3.54697
0.96 6.4 -2.8724 14.3163 -2.8724
0.96 6.6 -2.90524 15.8455 -2.90524
0.96 6.8 -3.18994 16.2222 -3.18994
0.96 7 -3.45316 16.2624 -3.45316
0.96 7.2 -3.61513 16.2451 -3.61513
0.96 7.4 -3.69265 16.2367 -3.69265
0.96 7.6 -3.71289 16.249 -3.71289
0.96 7.8 -3.70879 16.2682 -3.70879
0.96 8 -3.69013 16.2927 -3.69013
0.96 8.2 -3.68225 16.3035 -3.68225
0.96 8.4 -3.6674 16.3195 -3.6674
0.96 8.6 -3.6559 16.3294 -3.6559
0.96 8.8 -3.64497 16.3386 -3.64497
0.96 9 -3.63914 16.3433 -3.63914
0.96 9.2 -3.63776 16.3433 -3.63776
0.96 9.4 -2.06177 17.9202 -2.06177
0.96 9.6 2.55995 22.5418 2.55995
0.96 9.8 -23.8966 -3.91393 -23.8966
1.08 0 -8.73879 11.2438 -8.73879
1.08 0.2 -5.59459 14.3905 -5.59459
1.08 0.4 -3.76042 16.2236 -3.76042
1.08 0.6 -3.68436 16.2996 -3.68436
1.08 0.8 -3.67505 16.3087 -3.67505
1.08 1 -3.67486 16.3089 -3.67486
1.08 1.2 -3.68133 16.3057 -3.68133
1.08 1.4 -3.6877 16.3008 -3.6877
1.08 1.6 -3.70331 16.2845 -3.70331
1.08 1.8 -3.71913 16.2675 -3.71913
1.08 2 -3.73946 16.243 -3.73946
1.08 2.2 -3.74592 16.2272 -3.74592
1.08 2.4 -3.7411 16.2116 -3.7411
1.08 2.6 -3.69399 16.2189 -3.69399
1.08 2.8 -3.57955 16.2505 -3.57955
1.08 3 -3.37074 16.2896 -3.37074
1.08 3.2 -3.04737 16.2594 -3.04737
1.08 3.4 -2.69251 15.8386 -2.69251
1.08 3.6 -2.66141 14.0013 -2.66141
1.08 3.8 -3.35478 8.42262 -3.35478
1.08 4 -1.5369 -0.497808 -1.5369
1.08 4.2 6.76528 -3.80714 6.76528
1.08 4.4 13.0918 -3.19675 13.0918
1.08 4.6 15.2807 -3.14262 15.2807
1.08 4.8 15.7984 -3.39411 15.7984
1.08 5 15.895 -3.47097 15.895
1.08 5.2 15.8722 -3.22326 15.8722
1.08 5.4 15.294 -2.85785 15.294
1.08 5.6 12.6135 -2.93321 12.6135
1.08 5.8 5.21743 -3.39391 5.21743
1.08 6 -2.6989 1.0526 -2.6989
1.08 6.2 -3.56803 9.56115 -3.56803
1.08 6.4 -2.88842 14.282 -2.88842
1.08 6.6 -2.91757 15.825 -2.91757
1.08 6.8 -3.2027 16.2042 -3.2027
1.08 7 -3.46817 16.2427 -3.46817
1.08 7.2 -3.63343 16.2219 -3.63343
1.08 7.4 -3.71502 16.2088 -3.71502
1.08 7.6 -3.73994 16.2159 -3.73994
1.08 7.8 -3.74066 16.2301 -3.74066
1.08 8 -3.72635 16.2504 -3.72635
1.08 8.2 -3.72165 16.2584 -3.72165
1.08 8.4 -3.70868 16.273 -3.70868
1.08 8.6 -3.69812 16.2826 -3.69812
1.08 8.8 -3.68751 16.292 -3.68751
1.08 9 -3.68168 16.2971 -3.68168
1.08 9.2 -3.6801 16.2976 -3.6801
1.08 9.4 -2.10387 17.8749 -2.10387
1.08 9.6 2.51799 22.4965 2.51799
1.08 9.8 -23.9349 -3.95532 -23.9349
1.2 0 -8.76715 11.2086 -8.76715
1.2 0.2 -5.62362 14.3546 -5.62362
1.2 0.4 -3.79006 16.1869 -3.79006
1.2 0.6 -3.71454 16.262 -3.71454
1.2 0.8 -3.70611 16.2698 -3.70611
1.2 1 -3.70613 16.2694 -3.70613
1.2 1.2 -3.71216 16.2661 -3.71216
1.2 1.4 -3.7173 16.2618 -3.7173
1.2 1.6 -3.73102 16.2468 -3.73102
1.2 1.8 -3.74462 16.2315 -3.74462
1.2 2 -3.76247 16.2094 -3.76247
1.2 2.2 -3.76658 16.1962 -3.76658
1.2 2.4 -3.75986 16.1834 -3.75986
1.2 2.6 -3.71155 16.1933 -3.71155
1.2 2.8 -3.5967 16.2273 -3.5967
1.2 3 -3.38814 16.2689 -3.38814
1.2 3.2 -3.06518 16.2422 -3.06518
1.2 3.4 -2.70976 15.8288 -2.70976
1.2 3.6 -2.67416 14.0113 -2.67416
1.2 3.8 -3.36572 8.47215 -3.36572
1.2 4 -1.59984 -0.455529 -1.59984
1.2 4.2 6.67658 -3.82666 6.67658
1.2 4.4 13.0405 -3.21965 13.0405
1.2 4.6 15.2505 -3.16017 15.2505
1.2 4.8 15.7739 -3.41177 15.7739
1.2 5 15.8712 -3.49122 15.8712
1.2 5.2 15.8502 -3.24578 15.8502
1.2 5.4 15.2802 -2.87998 15.2802
1.2 5.6 12.6253 -2.94955 12.6253
1.2 5.8 5.26445 -3.41781 5.26445
1.2 6 -2.68735 0.978014 -2.68735
1.2 6.2 -3.58945 9.49563 -3.58945
1.2 6.4 -2.90355 14.2483 -2.90355
1.2 6.6 -2.92751 15.8051 -2.92751
1.2 6.8 -3.21124 16.188 -3.21124
1.2 7 -3.47718 16.2262 -3.47718
1.2 7.2 -3.64423 16.2029 -3.64423
1.2 7.4 -3.72878 16.1859 -3.72878
1.2 7.6 -3.75776 16.1881 -3.75776
1.2 7.8 -3.76315 16.197 -3.76315
1.2 8 -3.75342 16.2126 -3.75342
1.2 8.2 -3.75247 16.217 -3.75247
1.2 8.4 -3.74205 16.2296 -3.74205
1.2 8.6 -3.73279 16.2385 -3.73279
1.2 8.8 -3.72251 16.2482 -3.72251
1.2 9 -3.71626 16.2544 -3.71626
1.2 9.2 -3.71371 16.2562 -3.71371
1.2 9.4 -2.13637 17.8349 -2.13637
1.2 9.6 2.4861 22.4574 2.4861
1.2 9.8 -23.9641 -3.99158 -23.9641
1.32 0 -8.77645 11.19 -8.77645
1.32 0.2 -5.6336 14.3352 -5.6336
1.32 0.4 -3.80111 16.1662 -3.80111
1.32 0.6 -3.72691 16.2396 -3.72691
1.32 0.8 -3.71953 16.246 -3.71953
1.32 1 -3.71951 16.2452 -3.71951
1.32 1.2 -3.72483 16.2421 -3.72483
1.32 1.4 -3.72847 16.2387 -3.72847
1.32 1.6 -3.73995 16.2254 -3.73995
1.32 1.8 -3.75111 16.2123 -3.75111
1.32 2 -3.76667 16.1925 -3.76667
1.32 2.2 -3.7692 16.1814 -3.7692
1.32 2.4 -3.7619 16.17 -3.7619
1.32 2.6 -3.71421 16.1806 -3.71421
1.32 2.8 -3.60113 16.2147 -3.60113
1.32 3 -3.39509 16.2563 -3.39509
1.32 3.2 -3.07483 16.2303 -3.07483
1.32 3.4 -2.72112 15.8211 -2.72112
1.32 3.6 -2.68347 14.0193 -2.68347
1.32 3.8 -3.37458 8.51403 -3.37458
1.32 4 -1.65454 -0.418267 -1.65454
1.32 4.2 6.59925 -3.84122 6.59925
1.32 4.4 12.9976 -3.23484 12.9976
1.32 4.6 15.2282 -3.16867 15.2282
1.32 4.8 15.7577 -3.4192 15.7577
1.32 5 15.8558 -3.50074 15.8558
1.32 5.2 15.8355 -3.25799 15.8355
1.32 5.4 15.2712 -2.89329 15.2712
1.32 5.6 12.6365 -2.95985 12.6365
1.32 5.8 5.30483 -3.43679 5.30483
1.32 6 -2.67724 0.912943 -2.67724
1.32 6.2 -3.60699 9.43758 -3.60699
1.32 6.4 -2.91388 14.2192 -2.91388
1.32 6.6 -2.93123 15.7902 -2.93123
1.32 6.8 -3.21159 16.1786 -3.21159
1.32 7 -3.47584 16.2186 -3.47584
1.32 7.2 -3.64248 16.195 -3.64248
1.32 7.4 -3.72789 16.1762 -3.72789
1.32 7.6 -3.75906 16.1752 -3.75906
1.32 7.8 -3.76756 16.1801 -3.76756
1.32 8 -3.76132 16.1916 -3.76132
1.32 8.2 -3.76359 16.1927 -3.76359
1.32 8.4 -3.75563 16.2031 -3.75563
1.32 8.6 -3.74771 16.2112 -3.74771
1.32 8.8 -3.73765 16.2214 -3.73765
1.32 9 -3.73064 16.2289 -3.73064
1.32 9.2 -3.72657 16.2329 -3.72657
1.32 9.4 -2.14758 17.8136 -2.14758
1.32 9.6 2.47602 22.4375 2.47602
1.32 9.8 -23.9726 -4.00932 -23.9726
1.44 0 -8.76164 11.1965 -8.76164
1.44 0.2 -5.61941 14.341 -5.61941
1.44 0.4 -3.78847 16.1702 -3.78847
1.44 0.6 -3.71588 16.2418 -3.71588
1.44 0.8 -3.70955 16.2468 -3.70955
1.44 1 -3.70939 16.2458 -3.70939
1.44 1.2 -3.71392 16.243 -3.71392
1.44 1.4 -3.71603 16.2408 -3.71603
1.44 1.6 -3.7253 16.2294 -3.7253
1.44 1.8 -3.73423 16.2185 -3.73423
1.44 2 -3.74809 16.2005 -3.74809
1.44 2.2 -3.75004 16.1904 -3.75004
1.44 2.4 -3.7436 16.1788 -3.7436
1.44 2.6 -3.6982 16.1881 -3.6982
1.44 2.8 -3.58862 16.2199 -3.58862
1.44 3 -3.38678 16.2591 -3.38678
1.44 3.2 -3.07073 16.2314 -3.07073
1.44 3.4 -2.72011 15.824 -2.72011
1.44 3.6 -2.6819 14.0343 -2.6819
1.44 3.8 -3.37329 8.55804 -3.37329
1.44 4 -1.69301 -0.376847 -1.69301
1.44 4.2 6.5417 -3.84267 6.5417
1.44 4.4 12.9723 -3.23448 12.9723
1.44 4.6 15.223 -3.16049 15.223
1.44 4.8 15.7593 -3.40891 15.7593
1.44 5 15.8583 -3.492 15.8583
1.44 5.2 15.8379 -3.25222 15.8379
1.44 5.4 15.2768 -2.88989 15.2768
1.44 5.6 12.6572 -2.95585 12.6572
1.44 5.8 5.34847 -3.44252 5.34847
1.44 6 -2.65995 0.865571 -2.65995
1.44 6.2 -3.61306 9.39541 -3.61306
1.44 6.4 -2.91282 14.2028 -2.91282
1.44 6.6 -2.92333 15.7876 -2.92333
1.44 6.8 -3.19945 16.1825 -3.19945
1.44 7 -3.46074 16.226 -3.46074
1.44 7.2 -3.62527 16.2043 -3.62527
1.44 7.4 -3.70946 16.186 -3.70946
1.44 7.6 -3.74055 16.1841 -3.74055
1.44 7.8 -3.74996 16.1872 -3.74996
1.44 8 -3.74533 16.1965 -3.74533
1.44 8.2 -3.74954 16.1952 -3.74954
1.44 8.4 -3.74336 16.2037 -3.74336
1.44 8.6 -3.73659 16.211 -3.73659
1.44 8.8 -3.7267 16.2216 -3.7267
1.44 9 -3.7188 16.2307 -3.7188
1.44 9.2 -3.71308 16.237 -3.71308
1.44 9.4 -2.13237 17.82 -2.13237
1.44 9.6 2.49239 22.4453 2.49239
1.44 9.8 -23.9556 -4.00022 -23.9556
1.56 0 -8.72746 11.2273 -8.72746
1.56 0.2 -5.58547 14.3714 -5.58547
1.56 0.4 -3.75606 16.1989 -3.75606
1.56 0.6 -3.68495 16.2687 -3.68495
1.56 0.8 -3.67958 16.2726 -3.67958
1.56 1 -3.67935 16.2714 -3.67935
1.56 1.2 -3.6832 16.269 -3.6832
1.56 1.4 -3.6841 16.268 -3.6841
1.56 1.6 -3.69161 16.2584 -3.69161
1.56 1.8 -3.69897 16.2493 -3.69897
1.56 2 -3.71202 16.2323 -3.71202
1.56 2.2 -3.71447 16.2219 -3.71447
1.56 2.4 -3.71006 16.2086 -3.71006
1.56 2.6 -3.66807 16.2147 -3.66807
1.56 2.8 -3.56295 16.2425 -3.56295
1.56 3 -3.36598 16.2776 -3.36598
1.56 3.2 -3.05458 16.2467 -3.05458
1.56 3.4 -2.70735 15.8394 -2.70735
1.56 3.6 -2.66913 14.0591 -2.66913
1.56 3.8 -3.36083 8.60718 -3.36083
1.56 4 -1.71449 -0.329557 -1.71449
1.56 4.2 6.50407 -3.83183 6.50407
1.56 4.4 12.9637 -3.2215 12.9637
1.56 4.6 15.2329 -3.14023 15.2329
1.56 4.8 15.7756 -3.38657 15.7756
1.56 5 15.8757 -3.47095 15.8757
1.56 5.2 15.8548 -3.23387 15.8548
1.56 5.4 15.2957 -2.87382 15.2957
1.56 5.6 12.6879 -2.9397 12.6879
1.56 5.8 5.3976 -3.43511 5.3976
1.56 6 -2.63363 0.836912 -2.63363
1.56 6.2 -3.60695 9.3708 -3.60695
1.56 6.4 -2.90074 14.2006 -2.90074
1.56 6.6 -2.90542 15.7978 -2.90542
1.56 6.8 -3.17771 16.1994 -3.17771
1.56 7 -3.43585 16.2474 -3.43585
1.56 7.2 -3.59736 16.2291 -3.59736
1.56 7.4 -3.67874 16.2135 -3.67874
1.56 7.6 -3.70759 16.2134 -3.70759
1.56 7.8 -3.71548 16.2173 -3.71548
1.56 8 -3.71027 16.2264 -3.71027
1.56 8.2 -3.71471 16.2243 -3.71471
1.56 8.4 -3.70929 16.2318 -3.70929
1.56 8.6 -3.70326 16.2384 -3.70326
1.56 8.8 -3.69357 16.2492 -3.69357
1.56 9 -3.68501 16.2597 -3.68501
1.56 9.2 -3.67793 16.268 -3.67793
1.56 9.4 -2.09587 17.8528 -2.09587
1.56 9.6 2.5298 22.4795 2.5298
1.56 9.8 -23.919 -3.96616 -23.919
1.68 0 -8.68764 11.2714 -8.68764
1.68 0.2 -5.54474 14.4163 -5.54474
1.68 0.4 -3.7162 16.2428 -3.7162
1.68 0.6 -3.64606 16.3114 -3.64606
1.68 0.8 -3.64151 16.3144 -3.64151
1.68 1 -3.64138 16.313 -3.64138
1.68 1.2 -3.64487 16.3109 -3.64487
1.68 1.4 -3.64513 16.3107 -3.64513
1.68 1.6 -3.65171 16.3024 -3.65171
1.68 1.8 -3.65845 16.2942 -3.65845
1.68 2 -3.67165 16.2773 -3.67165
1.68 2.2 -3.67543 16.2655 -3.67543
1.68 2.4 -3.67356 16.2493 -3.67356
1.68 2.6 -3.63505 16.2514 -3.63505
1.68 2.8 -3.53399 16.2745 -3.53399
1.68 3 -3.3411 16.3051 -3.3411
1.68 3.2 -3.03327 16.271 -3.03327
1.68 3.4 -2.68821 15.8634 -2.68821
1.68 3.6 -2.64897 14.0913 -2.64897
1.68 3.8 -3.33946 8.66071 -3.33946
1.68 4 -1.72019 -0.276778 -1.72019
1.68 4.2 6.48542 -3.8104 6.48542
1.68 4.4 12.97 -3.19916 12.97
1.68 4.6 15.2551 -3.11248 15.2551
1.68 4.8 15.8032 -3.35766 15.8032
1.68 5 15.9041 -3.44334 15.9041
1.68 5.2 15.8829 -3.20832 15.8829
1.68 5.4 15.3257 -2.8495 15.3257
1.68 5.6 12.7279 -2.91431 12.7279
1.68 5.8 5.45287 -3.41617 5.45287
1.68 6 -2.5988 0.82537 -2.5988
1.68 6.2 -3.59131 9.36155 -3.59131
1.68 6.4 -2.88201 14.2094 -2.88201
1.68 6.6 -2.88349 15.8163 -2.88349
1.68 6.8 -3.15393 16.223 -3.15393
1.68 7 -3.41023 16.275 -3.41023
1.68 7.2 -3.56917 16.2607 -3.56917
1.68 7.4 -3.64724 16.2491 -3.64724
1.68 7.6 -3.67251 16.2529 -3.67251
1.68 7.8 -3.67702 16.26 -3.67702
1.68 8 -3.66929 16.2712 -3.66929
1.68 8.2 -3.67238 16.27 -3.67238
1.68 8.4 -3.66662 16.2774 -3.66662
1.68 8.6 -3.66089 16.2836 -3.66089
1.68 8.8 -3.65149 16.2944 -3.65149
1.68 9 -3.64271 16.3055 -3.64271
1.68 9.2 -3.63491 16.315 -3.63491
1.68 9.4 -2.05216 17.901 -2.05216
1.68 9.6 2.57395 22.5285 2.57395
1.68 9.8 -23.8769 -3.91906 -23.8769
1.8 0 -8.65939 11.3113 -8.65939
1.8 0.2 -5.51388 14.4588 -5.51388
1.8 0.4 -3.68552 16.285 -3.68552
1.8 0.6 -3.6156 16.3532 -3.6156
1.8 0.8 -3.61171 16.3554 -3.61171
1.8 1 -3.61194 16.3538 -3.61194
1.8 1.2 -3.61548 16.3519 -3.61548
1.8 1.4 -3.61586 16.3519 -3.61586
1.8 1.6 -3.62254 16.344 -3.62254
1.8 1.8 -3.62975 16.3358 -3.62975
1.8 2 -3.64395 16.3179 -3.64395
1.8 2.2 -3.6494 16.3041 -3.6494
1.8 2.4 -3.64968 16.2848 -3.64968
1.8 2.6 -3.61355 16.2833 -3.61355
1.8 2.8 -3.51485 16.3027 -3.51485
1.8 3 -3.32399 16.3301 -3.32399
1.8 3.2 -3.01761 16.2939 -3.01761
1.8 3.4 -2.67267 15.8873 -2.67267
1.8 3.6 -2.63063 14.1232 -2.63063
1.8 3.8 -3.31784 8.7117 -3.31784
1.8 4 -1.71902 -0.226012 -1.71902
1.8 4.2 6.47613 -3.78775 6.47613
1.8 4.4 12.9809 -3.17805 12.9809
1.8 4.6 15.2782 -3.0888 15.2782
1.8 4.8 15.8299 -3.33439 15.8299
1.8 5 15.9311 -3.42165 15.9311
1.8 5.2 15.91 -3.18789 15.91
1.8 5.4 15.3554 -2.82869 15.3554
1.8 5.6 12.7673 -2.89047 12.7673
1.8 5.8 5.50599 -3.39524 5.50599
1.8 6 -2.56351 0.822327 -2.56351
1.8 6.2 -3.57467 9.35971 -3.57467
1.8 6.4 -2.86555 14.2209 -2.86555
1.8 6.6 -2.86706 15.834 -2.86706
1.8 6.8 -3.13843 16.2433 -3.13843
1.8 7 -3.39521 16.2972 -3.39521
1.8 7.2 -3.55329 16.2858 -3.55329
1.8 7.4 -3.62893 16.2783 -3.62893
1.8 7.6 -3.65062 16.2867 -3.65062
1.8 7.8 -3.65104 16.2985 -3.65104
1.8 8 -3.63969 16.3133 -3.63969
1.8 8.2 -3.64025 16.3143 -3.64025
1.8 8.4 -3.63326 16.3226 -3.63326
1.8 8.6 -3.6274 16.3287 -3.6274
1.8 8.8 -3.61838 16.339 -3.61838
1.8 9 -3.60991 16.3499 -3.60991
1.8 9.2 -3.60217 16.3597 -3.60217
1.8 9.4 -2.01949 17.946 -2.01949
1.8 9.6 2.60624 22.5732 2.60624
1.8 9.8 -23.8469 -3.87679 -23.8469
1.92 0 -8.65659 11.3298 -8.65659
1.92 0.2 -5.50686 14.4814 -5.50686
1.92 0.4 -3.6782 16.308 -3.6782
1.92 0.6 -3.60787 16.3766 -3.60787
1.92 0.8 -3.60445 16.3783 -3.60445
1.92 1 -3.6052 16.3764 -3.6052
1.92 1.2 -3.60912 16.3746 -3.60912
1.92 1.4 -3.61032 16.3743 -3.61032
1.92 1.6 -3.61811 16.3658 -3.61811
1.92 1.8 -3.62667 16.3566 -3.62667
1.92 2 -3.6423 16.3371 -3.6423
1.92 2.2 -3.64895 16.3214 -3.64895
1.92 2.4 -3.64987 16.3002 -3.64987
1.92 2.6 -3.61369 16.2971 -3.61369
1.92 2.8 -3.51429 16.3155 -3.51429
1.92 3 -3.32225 16.3425 -3.32225
1.92 3.2 -3.01433 16.307 -3.01433
1.92 3.4 -2.66703 15.9033 -2.66703
1.92 3.6 -2.62054 14.1477 -2.62054
1.92 3.8 -3.30323 8.753 -3.30323
1.92 4 -1.72034 -0.185736 -1.72034
1.92 4.2 6.46508 -3.77399 6.46508
1.92 4.4 12.9846 -3.16891 12.9846
1.92 4.6 15.2899 -3.07999 15.2899
1.92 4.8 15.8431 -3.32758 15.8431
1.92 5 15.9441 -3.41677 15.9441
1.92 5.2 15.9234 -3.1836 15.9234
1.92 5.4 15.3725 -2.82245 15.3725
1.92 5.6 12.7948 -2.87902 12.7948
1.92 5.8 5.54729 -3.38246 5.54729
1.92 6 -2.53592 0.818573 -2.53592
1.92 6.2 -3.56387 9.35745 -3.56387
1.92 6.4 -2.85727 14.2281 -2.85727
1.92 6.6 -2.86166 15.8437 -2.86166
1.92 6.8 -3.13694 16.2521 -3.13694
1.92 7 -3.39726 16.305 -3.39726
1.92 7.2 -3.55744 16.2937 -3.55744
1.92 7.4 -3.63321 16.2881 -3.63321
1.92 7.6 -3.65307 16.3 -3.65307
1.92 7.8 -3.65031 16.3162 -3.65031
1.92 8 -3.63548 16.3351 -3.63548
1.92 8.2 -3.63317 16.339 -3.63317
1.92 8.4 -3.62448 16.3487 -3.62448
1.92 8.6 -3.61817 16.3549 -3.61817
1.92 8.8 -3.60961 16.3644 -3.60961
1.92 9 -3.60195 16.3743 -3.60195
1.92 9.2 -3.59506 16.3831 -3.59506
1.92 9.4 -2.01324 17.9685 -2.01324
1.92 9.6 2.61153 22.5948 2.61153
1.92 9.8 -23.8429 -3.85723 -23.8429
2.04 0 -8.68232 11.3181 -8.68232
2.04 0.2 -5.52816 14.4742 -5.52816
2.04 0.4 -3.69865 16.3018 -3.69865
2.04 0.6 -3.62735 16.3714 -3.62735
2.04 0.8 -3.62413 16.3731 -3.62413
2.04 1 -3.62535 16.3711 -3.62535
2.04 1.2 -3.62991 16.3692 -3.62991
2.04 1.4 -3.63257 16.368 -3.63257
2.04 1.6 -3.64233 16.358 -3.64233
2.04 1.8 -3.65296 16.3469 -3.65296
2.04 2 -3.67024 16.3255 -3.67024
2.04 2.2 -3.67741 16.3084 -3.67741
2.04 2.4 -3.67728 16.287 -3.67728
2.04 2.6 -3.63855 16.285 -3.63855
2.04 2.8 -3.5355 16.3055 -3.5355
2.04 3 -3.3394 16.3354 -3.3394
2.04 3.2 -3.02752 16.3033 -3.02752
2.04 3.4 -2.67609 15.9043 -2.67609
2.04 3.6 -2.62416 14.1575 -2.62416
2.04 3.8 -3.30165 8.77776 -3.30165
2.04 4 -1.73074 -0.161881 -1.73074
2.04 4.2 6.44589 -3.77378 6.44589
2.04 4.4 12.9754 -3.1748 12.9754
2.04 4.6 15.2855 -3.08795 15.2855
2.04 4.8 15.8385 -3.33838 15.8385
2.04 5 15.9386 -3.42968 15.9386
2.04 5.2 15.9186 -3.19683 15.9186
2.04 5.4 15.3719 -2.8331 15.3719
2.04 5.6 12.8048 -2.88355 12.8048
2.04 5.8 5.57099 -3.38324 5.57099
2.04 6 -2.52239 0.806547 -2.52239
2.04 6.2 -3.56506 9.34683 -3.56506
2.04 6.4 -2.86218 14.2237 -2.86218
2.04 6.6 -2.87095 15.8392 -2.87095
2.04 6.8 -3.15189 16.2441 -3.15189
2.04 7 -3.41798 16.2929 -3.41798
2.04 7.2 -3.58297 16.2786 -3.58297
2.04 7.4 -3.66175 16.272 -3.66175
2.04 7.6 -3.68232 16.2851 -3.68232
2.04 7.8 -3.67826 16.3041 -3.67826
2.04 8 -3.66093 16.3265 -3.66093
2.04 8.2 -3.65594 16.3335 -3.65594
2.04 8.4 -3.6453 16.3449 -3.6453
2.04 8.6 -3.63815 16.3514 -3.63815
2.04 8.8 -3.62984 16.36 -3.62984
2.04 9 -3.6232 16.3682 -3.6232
2.04 9.2 -3.61774 16.3751 -3.61774
2.04 9.4 -2.03729 17.9588 -2.03729
2.04 9.6 2.58657 22.584 2.58657
2.04 9.8 -23.8688 -3.86997 -23.8688
2.16 0 -8.72519 11.2818 -8.72519
2.16 0.2 -5.5708 14.438 -5.5708
2.16 0.4 -3.74148 16.2656 -3.74148
2.16 0.6 -3.66909 16.3365 -3.66909
2.16 0.8 -3.66565 16.3387 -3.66565
2.16 1 -3.66704 16.3371 -3.66704
2.16 1.2 -3.67234 16.335 -3.67234
2.16 1.4 -3.67677 16.3325 -3.67677
2.16 1.6 -3.68897 16.3203 -3.68897
2.16 1.8 -3.70196 16.3067 -3.70196
2.16 2 -3.72081 16.2834 -3.72081
2.16 2.2 -3.72777 16.2659 -3.72777
2.16 2.4 -3.72519 16.2461 -3.72519
2.16 2.6 -3.68211 16.2476 -3.68211
2.16 2.8 -3.57356 16.2731 -3.57356
2.16 3 -3.37186 16.3083 -3.37186
2.16 3.2 -3.05518 16.2813 -3.05518
2.16 3.4 -2.6996 15.8876 -2.6996
2.16 3.6 -2.64308 14.1486 -2.64308
2.16 3.8 -3.3165 8.78116 -3.3165
2.16 4 -1.75555 -0.159217 -1.75555
2.16 4.2 6.41286 -3.79075 6.41286
2.16 4.4 12.9492 -3.19727 12.9492
2.16 4.6 15.2621 -3.11238 15.2621
2.16 4.8 15.8142 -3.36534 15.8142
2.16 5 15.9132 -3.45863 15.9132
2.16 5.2 15.8937 -3.22635 15.8937
2.16 5.4 15.3508 -2.86068 15.3508
2.16 5.6 12.7932 -2.90593 12.7932
2.16 5.8 5.57219 -3.40163 5.57219
2.16 6 -2.52776 0.78021 -2.52776
2.16 6.2 -3.58161 9.32215 -3.58161
2.16 6.4 -2.88131 14.2041 -2.88131
2.16 6.6 -2.89355 15.8187 -2.89355
2.16 6.8 -3.17966 16.2192 -3.17966
2.16 7 -3.45193 16.2624 -3.45193
2.16 7.2 -3.62322 16.2426 -3.62322
2.16 7.4 -3.7073 16.2318 -3.7073
2.16 7.6 -3.73118 16.2432 -3.73118
2.16 7.8 -3.72815 16.2626 -3.72815
2.16 8 -3.70989 16.287 -3.70989
2.16 8.2 -3.70293 16.2964 -3.70293
2.16 8.4 -3.69033 16.3097 -3.69033
2.16 8.6 -3.68192 16.3169 -3.68192
2.16 8.8 -3.67341 16.3248 -3.67341
2.16 9 -3.6676 16.3312 -3.6676
2.16 9.2 -3.66382 16.3354 -3.66382
2.16 9.4 -2.08533 17.9165 -2.08533
2.16 9.6 2.53716 22.5398 2.53716
2.16 9.8 -23.916 -3.91237 -23.916
2.28 0 -8.76594 11.2368 -8.76594
2.28 0.2 -5.61664 14.3879 -5.61664
2.28 0.4 -3.78545 16.2176 -3.78545
2.28 0.6 -3.71138 16.2905 -3.71138
2.28 0.8 -3.70721 16.2939 -3.70721
2.28 1 -3.70838 16.2932 -3.70838
2.28 1.2 -3.71441 16.2908 -3.71441
2.28 1.4 -3.72055 16.2868 -3.72055
2.28 1.6 -3.73519 16.2721 -3.73519
2.28 1.8 -3.75043 16.256 -3.75043
2.28 2 -3.77066 16.2309 -3.77066
2.28 2.2 -3.77714 16.2135 -3.77714
2.28 2.4 -3.77193 16.1963 -3.77193
2.28 2.6 -3.72453 16.2023 -3.72453
2.28 2.8 -3.61091 16.2334 -3.61091
2.28 3 -3.40456 16.2742 -3.40456
2.28 3.2 -3.08465 16.2516 -3.08465
2.28 3.4 -2.7271 15.8616 -2.7271
2.28 3.6 -2.66873 14.1278 -2.66873
2.28 3.8 -3.34094 8.76899 -3.34094
2.28 4 -1.78932 -0.171819 -1.78932
2.28 4.2 6.37216 -3.81699 6.37216
2.28 4.4 12.9143 -3.22571 12.9143
2.28 4.6 15.2304 -3.14059 15.2304
2.28 4.8 15.7823 -3.39447 15.7823
2.28 5 15.8803 -3.48914 15.8803
2.28 5.2 15.8604 -3.25809 15.8604
2.28 5.4 15.3196 -2.89244 15.3196
2.28 5.6 12.7687 -2.93556 12.7687
2.28 5.8 5.55772 -3.4301 5.55772
2.28 6 -2.5464 0.744159 -2.5464
2.28 6.2 -3.607 9.28811 -3.607
2.28 6.4 -2.90607 14.1758 -2.90607
2.28 6.6 -2.91845 15.7913 -2.91845
2.28 6.8 -3.20669 16.1894 -3.20669
2.28 7 -3.48296 16.2278 -3.48296
2.28 7.2 -3.65958 16.2023 -3.65958
2.28 7.4 -3.74929 16.1859 -3.74929
2.28 7.6 -3.77769 16.1933 -3.77769
2.28 7.8 -3.77733 16.2109 -3.77733
2.28 8 -3.75955 16.2357 -3.75955
2.28 8.2 -3.75145 16.2467 -3.75145
2.28 8.4 -3.73698 16.2619 -3.73698
2.28 8.6 -3.72681 16.2703 -3.72681
2.28 8.8 -3.71737 16.2783 -3.71737
2.28 9 -3.71174 16.2833 -3.71174
2.28 9.2 -3.70932 16.285 -3.70932
2.28 9.4 -2.13234 17.8636 -2.13234
2.28 9.6 2.48963 22.4858 2.48963
2.28 9.8 -23.9641 -3.96702 -23.9641
2.4 0 -8.82773 11.1608 -8.82773
2.4 0.2 -5.64457 14.3458 -5.64457
2.4 0.4 -3.81214 16.1773 -3.81214
2.4 0.6 -3.73604 16.2528 -3.73604
2.4 0.8 -3.73078 16.258 -3.73078
2.4 1 -3.73144 16.2584 -3.73144
2.4 1.2 -3.73801 16.2558 -3.73801
2.4 1.4 -3.74538 16.2505 -3.74538
2.4 1.6 -3.76173 16.2337 -3.76173
2.4 1.8 -3.77841 16.2157 -3.77841
2.4 2 -3.79939 16.1896 -3.79939
2.4 2.2 -3.80517 16.1728 -3.80517
2.4 2.4 -3.79776 16.1584 -3.79776
2.4 2.6 -3.74714 16.1688 -3.74714
2.4 2.8 -3.63015 16.2048 -3.63015
2.4 3 -3.4213 16.2499 -3.4213
2.4 3.2 -3.10062 16.2299 -3.10062
2.4 3.4 -2.74376 15.8411 -2.74376
2.4 3.6 -2.68665 14.1092 -2.68665
2.4 3.8 -3.36103 8.75498 -3.36103
2.4 4 -1.81957 -0.186595 -1.81957
2.4 4.2 6.3354 -3.83993 6.3354
2.4 4.4 12.8832 -3.24722 12.8832
2.4 4.6 15.2035 -3.15915 15.2035
2.4 4.8 15.7567 -3.41187 15.7567
2.4 5 15.8544 -3.50712 15.8544
2.4 5.2 15.8334 -3.27789 15.8334
2.4 5.4 15.2923 -2.91439 15.2923
2.4 5.6 12.7446 -2.95885 12.7446
2.4 5.8 5.54047 -3.4557 5.54047
2.4 6 -2.56551 0.710508 -2.56551
2.4 6.2 -3.62801 9.25704 -3.62801
2.4 6.4 -2.92272 14.1521 -2.92272
2.4 6.6 -2.93136 15.7716 -2.93136
2.4 6.8 -3.21796 16.1702 -3.21796
2.4 7 -3.49508 16.2062 -3.49508
2.4 7.2 -3.67485 16.1761 -3.67485
2.4 7.4 -3.76922 16.1541 -3.76922
2.4 7.6 -3.80234 16.1563 -3.80234
2.4 7.8 -3.8057 16.1702 -3.8057
2.4 8 -3.78968 16.1936 -3.78968
2.4 8.2 -3.78152 16.205 -3.78152
2.4 8.4 -3.76559 16.2218 -3.76559
2.4 8.6 -3.75342 16.232 -3.75342
2.4 8.8 -3.74236 16.2408 -3.74236
2.4 9 -3.73605 16.2455 -3.73605
2.4 9.2 -3.73429 16.2453 -3.73429
2.4 9.4 -2.15864 17.8215 -2.15864
2.4 9.6 2.46203 22.4418 2.46203
2.4 9.8 -23.9906 -4.00978 -23.9906
2.52 0 -8.9129 11.0571 -8.9129
2.52 0.2 -5.63861 14.3334 -5.63861
2.52 0.4 -3.80514 16.1664 -3.80514
2.52 0.6 -3.72717 16.2445 -3.72717
2.52 0.8 -3.72082 16.2516 -3.72082
2.52 1 -3.72096 16.2531 -3.72096
2.52 1.2 -3.72777 16.2504 -3.72777
2.52 1.4 -3.73559 16.2444 -3.73559
2.52 1.6 -3.75251 16.2265 -3.75251
2.52 1.8 -3.76943 16.2076 -3.76943
2.52 2 -3.79054 16.1811 -3.79054
2.52 2.2 -3.796 16.165 -3.796
2.52 2.4 -3.78811 16.152 -3.78811
2.52 2.6 -3.73719 16.1644 -3.73719
2.52 2.8 -3.62055 16.2021 -3.62055
2.52 3 -3.41321 16.2478 -3.41321
2.52 3.2 -3.0955 16.2266 -3.0955
2.52 3.4 -2.74256 15.8356 -2.74256
2.52 3.6 -2.68965 14.1019 -2.68965
2.52 3.8 -3.36875 8.74855 -3.36875
2.52 4 -1.83689 -0.193647 -1.83689
2.52 4.2 6.31405 -3.8492 6.31405
2.52 4.4 12.8691 -3.25088 12.8691
2.52 4.6 15.1959 -3.15692 15.1959
2.52 4.8 15.7525 -3.40639 15.7525
2.52 5 15.8506 -3.50124 15.8506
2.52 5.2 15.8278 -3.2742 15.8278
2.52 5.4 15.2839 -2.91488 15.2839
2.52 5.6 12.735 -2.96438 12.735
2.52 5.8 5.53275 -3.46794 5.53275
2.52 6 -2.57563 0.688104 -2.57563
2.52 6.2 -3.63725 9.23711 -3.63725
2.52 6.4 -2.92467 14.1413 -2.92467
2.52 6.6 -2.92593 15.7682 -2.92593
2.52 6.8 -3.20662 16.1718 -3.20662
2.52 7 -3.48019 16.2097 -3.48019
2.52 7.2 -3.65912 16.1785 -3.65912
2.52 7.4 -3.75504 16.1532 -3.75504
2.52 7.6 -3.79102 16.1512 -3.79102
2.52 7.8 -3.79748 16.1613 -3.79748
2.52 8 -3.78349 16.1825 -3.78349
2.52 8.2 -3.77601 16.1935 -3.77601
2.52 8.4 -3.75912 16.2116 -3.75912
2.52 8.6 -3.74509 16.2237 -3.74509
2.52 8.8 -3.73197 16.2343 -3.73197
2.52 9 -3.72425 16.2396 -3.72425
2.52 9.2 -3.72227 16.2387 -3.72227
2.52 9.4 -2.14752 17.813 -2.14752
2.52 9.6 2.4718 22.4314 2.4718
2.52 9.8 -23.9808 -4.01977 -23.9808
2.64 0 -8.92826 11.0264 -8.92826
2.64 0.2 -5.59793 14.3591 -5.59793
2.64 0.4 -3.76437 16.1927 -3.76437
2.64 0.6 -3.68544 16.2726 -3.68544
2.64 0.8 -3.67853 16.281 -3.67853
2.64 1 -3.67842 16.2831 -3.67842
2.64 1.2 -3.68513 16.2806 -3.68513
2.64 1.4 -3.69245 16.2746 -3.69245
2.64 1.6 -3.70849 16.257 -3.70849
2.64 1.8 -3.72437 16.2386 -3.72437
2.64 2 -3.74496 16.2124 -3.74496
2.64 2.2 -3.75071 16.1963 -3.75071
2.64 2.4 -3.7445 16.1827 -3.7445
2.64 2.6 -3.69661 16.1938 -3.69661
2.64 2.8 -3.58434 16.229 -3.58434
2.64 3 -3.38226 16.271 -3.38226
2.64 3.2 -3.07024 16.2454 -3.07024
2.64 3.4 -2.72272 15.8497 -2.72272
2.64 3.6 -2.67458 14.1123 -2.67458
2.64 3.8 -3.35818 8.75791 -3.35818
2.64 4 -1.83263 -0.183831 -1.83263
2.64 4.2 6.31775 -3.83705 6.31775
2.64 4.4 12.8806 -3.23153 12.8806
2.64 4.6 15.2147 -3.13116 15.2147
2.64 4.8 15.7755 -3.37693 15.7755
2.64 5 15.8748 -3.4708 15.8748
2.64 5.2 15.8505 -3.24533 15.8505
2.64 5.4 15.3028 -2.8902 15.3028
2.64 5.6 12.7501 -2.94575 12.7501
2.64 5.8 5.54577 -3.45825 5.54577
2.64 6 -2.56775 0.685522 -2.56775
2.64 6.2 -3.62945 9.23525 -3.62945
2.64 6.4 -2.90988 14.1483 -2.90988
2.64 6.6 -2.90279 15.7845 -2.90279
2.64 6.8 -3.17524 16.1962 -3.17524
2.64 7 -3.44195 16.2401 -3.44195
2.64 7.2 -3.61614 16.212 -3.61614
2.64 7.4 -3.70987 16.1869 -3.70987
2.64 7.6 -3.74576 16.1832 -3.74576
2.64 7.8 -3.75346 16.191 -3.75346
2.64 8 -3.74084 16.2102 -3.74084
2.64 8.2 -3.73437 16.2203 -3.73437
2.64 8.4 -3.71741 16.239 -3.71741
2.64 8.6 -3.70232 16.2528 -3.70232
2.64 8.8 -3.68742 16.2654 -3.68742
2.64 9 -3.678 16.2722 -3.678
2.64 9.2 -3.67515 16.2715 -3.67515
2.64 9.4 -2.1008 17.8446 -2.1008
2.64 9.6 2.51733 22.4612 2.51733
2.64 9.8 -23.9362 -3.99037 -23.9362
2.76 0 -8.88634 11.063 -8.88634
2.76 0.2 -5.53851 14.4133 -5.53851
2.76 0.4 -3.70478 16.2477 -3.70478
2.76 0.6 -3.62591 16.3283 -3.62591
2.76 0.8 -3.61931 16.3369 -3.61931
2.76 1 -3.61938 16.3392 -3.61938
2.76 1.2 -3.62561 16.337 -3.62561
2.76 1.4 -3.63134 16.3322 -3.63134
2.76 1.6 -3.64499 16.3165 -3.64499
2.76 1.8 -3.65845 16.3002 -3.65845
2.76 2 -3.67763 16.2753 -3.67763
2.76 2.2 -3.68389 16.259 -3.68389
2.76 2.4 -3.6807 16.2431 -3.6807
2.76 2.6 -3.63802 16.2499 -3.63802
2.76 2.8 -3.53254 16.2793 -3.53254
2.76 3 -3.33747 16.3149 -3.33747
2.76 3.2 -3.03149 16.2833 -3.03149
2.76 3.4 -2.68831 15.8828 -2.68831
2.76 3.6 -2.64291 14.1422 -2.64291
2.76 3.8 -3.32855 8.78645 -3.32855
2.76 4 -1.80567 -0.15514 -1.80567
2.76 4.2 6.34484 -3.80659 6.34484
2.76 4.4 12.9123 -3.19746 12.9123
2.76 4.6 15.251 -3.09389 15.251
2.76 4.8 15.8147 -3.33771 15.8147
2.76 5 15.9153 -3.43073 15.9153
2.76 5.2 15.8905 -3.20543 15.8905
2.76 5.4 15.3408 -2.85196 15.3408
2.76 5.6 12.7857 -2.91051 12.7857
2.76 5.8 5.57956 -3.42873 5.57956
2.76 6 -2.53953 0.705206 -2.53953
2.76 6.2 -3.6036 9.25452 -3.6036
2.76 6.4 -2.88027 14.1742 -2.88027
2.76 6.6 -2.86725 15.8183 -2.86725
2.76 6.8 -3.13237 16.2386 -3.13237
2.76 7 -3.39152 16.2902 -3.39152
2.76 7.2 -3.55894 16.2682 -3.55894
2.76 7.4 -3.6477 16.2468 -3.6477
2.76 7.6 -3.68085 16.2443 -3.68085
2.76 7.8 -3.68767 16.2516 -3.68767
2.76 8 -3.67553 16.2698 -3.67553
2.76 8.2 -3.67042 16.2786 -3.67042
2.76 8.4 -3.6548 16.2966 -3.6548
2.76 8.6 -3.64038 16.3107 -3.64038
2.76 8.8 -3.625 16.3245 -3.625
2.76 9 -3.61437 16.3328 -3.61437
2.76 9.2 -3.61034 16.3331 -3.61034
2.76 9.4 -2.03532 17.9063 -2.03532
2.76 9.6 2.58281 22.5224 2.58281
2.76 9.8 -23.8751 -3.9337 -23.8751
2.88 0 -8.84061 11.115 -8.84061
2.88 0.2 -5.48977 14.4686 -5.48977
2.88 0.4 -3.65763 16.3018 -3.65763
2.88 0.6 -3.58005 16.3816 -3.58005
2.88 0.8 -3.57474 16.3892 -3.57474
2.88 1 -3.5755 16.3908 -3.5755
2.88 1.2 -3.58093 16.3892 -3.58093
2.88 1.4 -3.58433 16.3865 -3.58433
2.88 1.6 -3.59464 16.374 -3.59464
2.88 1.8 -3.60488 16.3609 -3.60488
2.88 2 -3.62213 16.338 -3.62213
2.88 2.2 -3.62892 16.3213 -3.62892
2.88 2.4 -3.62921 16.302 -3.62921
2.88 2.6 -3.59234 16.303 -3.59234
2.88 2.8 -3.49392 16.3251 -3.49392
2.88 3 -3.30513 16.3539 -3.30513
2.88 3.2 -3.0031 16.3173 -3.0031
2.88 3.4 -2.66098 15.9143 -2.66098
2.88 3.6 -2.61428 14.1733 -2.61428
2.88 3.8 -3.29752 8.81788 -3.29752
2.88 4 -1.77164 -0.122729 -1.77164
2.88 4.2 6.38057 -3.77339 6.38057
2.88 4.4 12.9483 -3.16545 12.9483
2.88 4.6 15.2874 -3.06335 15.2874
2.88 4.8 15.8513 -3.30825 15.8513
2.88 5 15.9525 -3.40111 15.9525
2.88 5.2 15.9289 -3.17437 15.9289
2.88 5.4 15.3801 -2.81905 15.3801
2.88 5.6 12.8258 -2.87607 12.8258
2.88 5.8 5.61964 -3.39529 5.61964
2.88 6 -2.50592 0.732015 -2.50592
2.88 6.2 -3.57654 9.27902 -3.57654
2.88 6.4 -2.85489 14.2007 -2.85489
2.88 6.6 -2.8411 15.8486 -2.8411
2.88 6.8 -3.10289 16.2744 -3.10289
2.88 7 -3.35676 16.3327 -3.35676
2.88 7.2 -3.51781 16.3175 -3.51781
2.88 7.4 -3.60047 16.3018 -3.60047
2.88 7.6 -3.62894 16.3031 -3.62894
2.88 7.8 -3.6329 16.3124 -3.6329
2.88 8 -3.62009 16.3307 -3.62009
2.88 8.2 -3.6165 16.3381 -3.6165
2.88 8.4 -3.60368 16.3539 -3.60368
2.88 8.6 -3.59204 16.3661 -3.59204
2.88 8.8 -3.57801 16.3795 -3.57801
2.88 9 -3.56721 16.3886 -3.56721
2.88 9.2 -3.56202 16.3903 -3.56202
2.88 9.4 -1.98575 17.9646 -1.98575
2.88 9.6 2.63263 22.5805 2.63263
2.88 9.8 -23.8272 -3.87828 -23.8272
3 0 -8.82938 11.1405 -8.82938
3 0.2 -5.47857 14.4941 -5.47857
3 0.4 -3.64749 16.3264 -3.64749
3 0.6 -3.57191 16.4042 -3.57191
3 0.8 -3.56851 16.4098 -3.56851
3 1 -3.5702 16.4102 -3.5702
3 1.2 -3.57464 16.4094 -3.57464
3 1.4 -3.57554 16.4092 -3.57554
3 1.6 -3.58245 16.4005 -3.58245
3 1.8 -3.5896 16.3909 -3.5896
3 2 -3.60494 16.3702 -3.60494
3 2.2 -3.61194 16.3532 -3.61194
3 2.4 -3.61483 16.3309 -3.61483
3 2.6 -3.5823 16.3267 -3.5823
3 2.8 -3.48861 16.3428 -3.48861
3 3 -3.303 16.367 -3.303
3 3.2 -3.00116 16.3286 -3.00116
3 3.4 -2.65596 15.927 -2.65596
3 3.6 -2.60384 14.1891 -2.60384
3 3.8 -3.28064 8.83603 -3.28064
3 4 -1.74712 -0.103241 -1.74712
3 4.2 6.4065 -3.75535 6.4065
3 4.4 12.9687 -3.15424 12.9687
3 4.6 15.3024 -3.05862 15.3024
3 4.8 15.8631 -3.30777 15.8631
3 5 15.9638 -3.40149 15.9638
3 5.2 15.9428 -3.17215 15.9428
3 5.4 15.3984 -2.81169 15.3984
3 5.6 12.8495 -2.86215 12.8495
3 5.8 5.64781 -3.37603 5.64781
3 6 -2.48247 0.7499 -2.48247
3 6.2 -3.5624 9.29378 -3.5624
3 6.4 -2.84748 14.2129 -2.84748
3 6.6 -2.83861 15.8587 -2.83861
3 6.8 -3.10268 16.2847 -3.10268
3 7 -3.35591 16.3457 -3.35591
3 7.2 -3.51358 16.3351 -3.51358
3 7.4 -3.5913 16.3248 -3.5913
3 7.6 -3.61477 16.331 -3.61477
3 7.8 -3.61488 16.3439 -3.61488
3 8 -3.6007 16.3633 -3.6007
3 8.2 -3.5987 16.369 -3.5987
3 8.4 -3.58979 16.3812 -3.58979
3 8.6 -3.58268 16.3894 -3.58268
3 8.8 -3.5718 16.4005 -3.5718
3 9 -3.56204 16.4094 -3.56204
3 9.2 -3.55597 16.4124 -3.55597
3 9.4 -1.97783 17.9887 -1.97783
3 9.6 2.64203 22.606 2.64203
3 9.8 -23.8187 -3.85486 -23.8187
3.12 0 -8.86525 11.1191 -8.86525
3.12 0.2 -5.51577 14.4713 -5.51577
3.12 0.4 -3.68567 16.3025 -3.68567
3.12 0.6 -3.61225 16.3776 -3.61225
3.12 0.8 -3.61061 16.3809 -3.61061
3.12 1 -3.61295 16.38 -3.61295
3.12 1.2 -3.61633 16.3801 -3.61633
3.12 1.4 -3.61518 16.3823 -3.61518
3.12 1.6 -3.61961 16.3767 -3.61961
3.12 1.8 -3.62466 16.3702 -3.62466
3.12 2 -3.63844 16.3515 -3.63844
3.12 2.2 -3.64475 16.3351 -3.64475
3.12 2.4 -3.64782 16.3118 -3.64782
3.12 2.6 -3.61595 16.3055 -3.61595
3.12 2.8 -3.52247 16.3198 -3.52247
3.12 3 -3.33541 16.3438 -3.33541
3.12 3.2 -3.02967 16.308 -3.02967
3.12 3.4 -2.67827 15.9113 -2.67827
3.12 3.6 -2.61873 14.179 -2.61873
3.12 3.8 -3.28761 8.82887 -3.28761
3.12 4 -1.7435 -0.108471 -1.7435
3.12 4.2 6.41187 -3.76123 6.41187
3.12 4.4 12.9644 -3.16888 12.9644
3.12 4.6 15.2894 -3.08165 15.2894
3.12 4.8 15.8446 -3.33627 15.8446
3.12 5 15.944 -3.43153 15.944
3.12 5.2 15.9257 -3.19965 15.9257
3.12 5.4 15.3874 -2.83328 15.3874
3.12 5.6 12.8467 -2.87534 12.8467
3.12 5.8 5.65244 -3.38082 5.65244
3.12 6 -2.48041 0.746993 -2.48041
3.12 6.2 -3.56982 9.28787 -3.56982
3.12 6.4 -2.8637 14.2015 -2.8637
3.12 6.6 -2.86335 15.8407 -2.86335
3.12 6.8 -3.13466 16.261 -3.13466
3.12 7 -3.39262 16.3189 -3.39262
3.12 7.2 -3.55178 16.3084 -3.55178
3.12 7.4 -3.62805 16.3005 -3.62805
3.12 7.6 -3.64851 16.3103 -3.64851
3.12 7.8 -3.64571 16.3263 -3.64571
3.12 8 -3.63051 16.3467 -3.63051
3.12 8.2 -3.63019 16.3505 -3.63019
3.12 8.4 -3.62551 16.3582 -3.62551
3.12 8.6 -3.62359 16.3613 -3.62359
3.12 8.8 -3.61683 16.3686 -3.61683
3.12 9 -3.60901 16.3761 -3.60901
3.12 9.2 -3.60258 16.3802 -3.60258
3.12 9.4 -2.02264 17.9588 -2.02264
3.12 9.6 2.59947 22.5786 2.59947
3.12 9.8 -23.8592 -3.88092 -23.8592
3.24 0 -8.92879 11.0627 -8.92879
3.24 0.2 -5.58737 14.4069 -5.58737
3.24 0.4 -3.7588 16.2359 -3.7588
3.24 0.6 -3.68675 16.3088 -3.68675
3.24 0.8 -3.68586 16.3104 -3.68586
3.24 1 -3.68815 16.3089 -3.68815
3.24 1.2 -3.69062 16.3096 -3.69062
3.24 1.4 -3.68853 16.3132 -3.68853
3.24 1.6 -3.69234 16.3092 -3.69234
3.24 1.8 -3.69722 16.3038 -3.69722
3.24 2 -3.71046 16.2864 -3.71046
3.24 2.2 -3.71527 16.2715 -3.71527
3.24 2.4 -3.7157 16.25 -3.7157
3.24 2.6 -3.68035 16.2459 -3.68035
3.24 2.8 -3.58244 16.2631 -3.58244
3.24 3 -3.38991 16.2914 -3.38991
3.24 3.2 -3.07767 16.2616 -3.07767
3.24 3.4 -2.71928 15.8718 -2.71928
3.24 3.6 -2.65322 14.145 -2.65322
3.24 3.8 -3.31607 8.7962 -3.31607
3.24 4 -1.76179 -0.139582 -1.76179
3.24 4.2 6.39514 -3.79006 6.39514
3.24 4.4 12.937 -3.20412 12.937
3.24 4.6 15.2533 -3.12299 15.2533
3.24 4.8 15.8033 -3.38141 15.8033
3.24 5 15.901 -3.47808 15.901
3.24 5.2 15.8844 -3.24526 15.8844
3.24 5.4 15.3506 -2.87558 15.3506
3.24 5.6 12.817 -2.91175 12.817
3.24 5.8 5.63098 -3.40966 5.63098
3.24 6 -2.50101 0.721806 -2.50101
3.24 6.2 -3.59637 9.26135 -3.59637
3.24 6.4 -2.8973 14.1694 -2.8973
3.24 6.6 -2.90564 15.8 -2.90564
3.24 6.8 -3.18638 16.2111 -3.18638
3.24 7 -3.45276 16.2612 -3.45276
3.24 7.2 -3.61779 16.2456 -3.61779
3.24 7.4 -3.69677 16.2359 -3.69677
3.24 7.6 -3.71753 16.2463 -3.71753
3.24 7.8 -3.71408 16.2637 -3.71408
3.24 8 -3.69874 16.2845 -3.69874
3.24 8.2 -3.6997 16.2867 -3.6997
3.24 8.4 -3.69811 16.2904 -3.69811
3.24 8.6 -3.70019 16.2887 -3.70019
3.24 8.8 -3.69696 16.2923 -3.69696
3.24 9 -3.69111 16.2982 -3.69111
3.24 9.2 -3.68478 16.303 -3.68478
3.24 9.4 -2.10377 17.8836 -2.10377
3.24 9.6 2.51996 22.5055 2.51996
3.24 9.8 -23.9325 -3.94783 -23.9325
3.36 0 -8.96873 11.0192 -8.96873
3.36 0.2 -5.65914 14.3314 -5.65914
3.36 0.4 -3.83149 16.1587 -3.83149
3.36 0.6 -3.7592 16.2308 -3.7592
3.36 0.8 -3.75755 16.232 -3.75755
3.36 1 -3.75891 16.2307 -3.75891
3.36 1.2 -3.76085 16.2318 -3.76085
3.36 1.4 -3.75931 16.2352 -3.75931
3.36 1.6 -3.76481 16.2303 -3.76481
3.36 1.8 -3.77181 16.2237 -3.77181
3.36 2 -3.78587 16.2061 -3.78587
3.36 2.2 -3.7889 16.193 -3.7889
3.36 2.4 -3.78471 16.1757 -3.78471
3.36 2.6 -3.74302 16.1772 -3.74302
3.36 2.8 -3.63802 16.2008 -3.63802
3.36 3 -3.43859 16.2357 -3.43859
3.36 3.2 -3.12036 16.2122 -3.12036
3.36 3.4 -2.75763 15.8276 -2.75763
3.36 3.6 -2.68946 14.1026 -2.68946
3.36 3.8 -3.35126 8.75074 -3.35126
3.36 4 -1.78867 -0.183761 -1.78867
3.36 4.2 6.371 -3.82544 6.371
3.36 4.4 12.9042 -3.23971 12.9042
3.36 4.6 15.2151 -3.15933 15.2151
3.36 4.8 15.7628 -3.41776 15.7628
3.36 5 15.8594 -3.51495 15.8594
3.36 5.2 15.8422 -3.28345 15.8422
3.36 5.4 15.3087 -2.91514 15.3087
3.36 5.6 12.7779 -2.9511 12.7779
3.36 5.8 5.5975 -3.44656 5.5975
3.36 6 -2.53183 0.686471 -2.53183
3.36 6.2 -3.62789 9.22667 -3.62789
3.36 6.4 -2.93058 14.1325 -2.93058
3.36 6.6 -2.94368 15.7568 -2.94368
3.36 6.8 -3.23184 16.1592 -3.23184
3.36 7 -3.50658 16.2001 -3.50658
3.36 7.2 -3.67914 16.1768 -3.67914
3.36 7.4 -3.76363 16.162 -3.76363
3.36 7.6 -3.78787 16.1698 -3.78787
3.36 7.8 -3.78633 16.1861 -3.78633
3.36 8 -3.77182 16.2064 -3.77182
3.36 8.2 -3.77296 16.2079 -3.77296
3.36 8.4 -3.77194 16.2099 -3.77194
3.36 8.6 -3.77504 16.206 -3.77504
3.36 8.8 -3.77314 16.2076 -3.77314
3.36 9 -3.76838 16.2126 -3.76838
3.36 9.2 -3.76246 16.2178 -3.76246
3.36 9.4 -2.18142 17.7995 -2.18142
3.36 9.6 2.44263 22.4226 2.44263
3.36 9.8 -24.0033 -4.02326 -24.0033
3.48 0 -8.92187 11.0542 -8.92187
3.48 0.2 -5.69374 14.2849 -5.69374
3.48 0.4 -3.86431 16.1132 -3.86431
3.48 0.6 -3.79016 16.1861 -3.79016
3.48 0.8 -3.78634 16.1885 -3.78634
3.48 1 -3.7861 16.1881 -3.7861
3.48 1.2 -3.78809 16.189 -3.78809
3.48 1.4 -3.78847 16.1907 -3.78847
3.48 1.6 -3.79751 16.1827 -3.79751
3.48 1.8 -3.80841 16.1725 -3.80841
3.48 2 -3.82455 16.1531 -3.82455
3.48 2.2 -3.8263 16.1416 -3.8263
3.48 2.4 -3.81735 16.1291 -3.81735
3.48 2.6 -3.76908 16.1373 -3.76908
3.48 2.8 -3.6575 16.1676 -3.6575
3.48 3 -3.45305 16.208 -3.45305
3.48 3.2 -3.13247 16.1878 -3.13247
3.48 3.4 -2.77081 15.803 -2.77081
3.48 3.6 -2.70707 14.0734 -2.70707
3.48 3.8 -3.37434 8.71151 -3.37434
3.48 4 -1.80587 -0.22296 -1.80587
3.48 4.2 6.35906 -3.84832 6.35906
3.48 4.4 12.8878 -3.25511 12.8878
3.48 4.6 15.1987 -3.16911 15.1987
3.48 4.8 15.7484 -3.42308 15.7484
3.48 5 15.845 -3.51944 15.845
3.48 5.2 15.8248 -3.29124 15.8248
3.48 5.4 15.2863 -2.92936 15.2863
3.48 5.6 12.7516 -2.97204 12.7516
3.48 5.8 5.57133 -3.47228 5.57133
3.48 6 -2.55534 0.658658 -2.55534
3.48 6.2 -3.64648 9.20219 -3.64648
3.48 6.4 -2.944 14.1115 -2.944
3.48 6.6 -2.95528 15.7355 -2.95528
3.48 6.8 -3.24535 16.1337 -3.24535
3.48 7 -3.52448 16.1685 -3.52448
3.48 7.2 -3.70246 16.1387 -3.70246
3.48 7.4 -3.79238 16.1182 -3.79238
3.48 7.6 -3.82157 16.1214 -3.82157
3.48 7.8 -3.82372 16.1347 -3.82372
3.48 8 -3.81062 16.154 -3.81062
3.48 8.2 -3.8105 16.1563 -3.8105
3.48 8.4 -3.80689 16.1599 -3.80689
3.48 8.6 -3.80713 16.1577 -3.80713
3.48 8.8 -3.80347 16.1603 -3.80347
3.48 9 -3.79846 16.1657 -3.79846
3.48 9.2 -3.79337 16.1708 -3.79337
3.48 9.4 -2.21348 17.7525 -2.21348
3.48 9.6 2.41005 22.3761 2.41005
3.48 9.8 -24.0354 -4.06774 -24.0354
3.6 0 -8.82326 11.1412 -8.82326
3.6 0.2 -5.67196 14.2944 -5.67196
3.6 0.4 -3.8407 16.1239 -3.8407
3.6 0.6 -3.7639 16.1988 -3.7639
3.6 0.8 -3.75716 16.2037 -3.75716
3.6 1 -3.75513 16.2047 -3.75513
3.6 1.2 -3.75764 16.2048 -3.75764
3.6 1.4 -3.76062 16.2038 -3.76062
3.6 1.6 -3.77371 16.1914 -3.77371
3.6 1.8 -3.78886 16.1767 -3.78886
3.6 2 -3.80757 16.1545 -3.80757
3.6 2.2 -3.80906 16.1435 -3.80906
3.6 2.4 -3.79705 16.1349 -3.79705
3.6 2.6 -3.7445 16.1481 -3.7445
3.6 2.8 -3.6292 16.1829 -3.6292
3.6 3 -3.42323 16.2254 -3.42323
3.6 3.2 -3.10449 16.204 -3.10449
3.6 3.4 -2.74852 15.8137 -2.74852
3.6 3.6 -2.69381 14.0733 -2.69381
3.6 3.8 -3.37043 8.69571 -3.37043
3.6 4 -1.79629 -0.240032 -1.79629
3.6 4.2 6.3762 -3.84414 6.3762
3.6 4.4 12.9028 -3.23965 12.9028
3.6 4.6 15.2169 -3.14522 15.2169
3.6 4.8 15.7713 -3.39258 15.7713
3.6 5 15.8689 -3.48702 15.8689
3.6 5.2 15.8448 -3.26238 15.8448
3.6 5.4 15.2982 -2.90884 15.2982
3.6 5.6 12.755 -2.96166 12.755
3.6 5.8 5.5703 -3.47092 5.5703
3.6 6 -2.55498 0.655434 -2.55498
3.6 6.2 -3.63871 9.20386 -3.63871
3.6 6.4 -2.92703 14.121 -2.92703
3.6 6.6 -2.93152 15.7503 -2.93152
3.6 6.8 -3.21805 16.1503 -3.21805
3.6 7 -3.49633 16.1841 -3.49633
3.6 7.2 -3.67537 16.1517 -3.67537
3.6 7.4 -3.76805 16.1276 -3.76805
3.6 7.6 -3.8015 16.1263 -3.8015
3.6 7.8 -3.80782 16.1358 -3.80782
3.6 8 -3.79639 16.1537 -3.79639
3.6 8.2 -3.79405 16.1583 -3.79405
3.6 8.4 -3.78533 16.1666 -3.78533
3.6 8.6 -3.77958 16.1697 -3.77958
3.6 8.8 -3.77168 16.1762 -3.77168
3.6 9 -3.76551 16.1829 -3.76551
3.6 9.2 -3.76188 16.1872 -3.76188
3.6 9.4 -2.18478 17.7668 -2.18478
3.6 9.6 2.43632 22.3888 2.43632
3.6 9.8 -24.0124 -4.05677 -24.0124
3.72 0 -8.75412 11.207 -8.75412
3.72 0.2 -5.60795 14.3548 -5.60795
3.72 0.4 -3.77464 16.1861 -3.77464
3.72 0.6 -3.69554 16.2633 -3.69554
3.72 0.8 -3.68617 16.2707 -3.68617
3.72 1 -3.68271 16.2731 -3.68271
3.72 1.2 -3.68586 16.2725 -3.68586
3.72 1.4 -3.69091 16.2689 -3.69091
3.72 1.6 -3.70669 16.253 -3.70669
3.72 1.8 -3.72456 16.2345 -3.72456
3.72 2 -3.7452 16.2099 -3.7452
3.72 2.2 -3.74745 16.1983 -3.74745
3.72 2.4 -3.73519 16.1908 -3.73519
3.72 2.6 -3.68209 16.2056 -3.68209
3.72 2.8 -3.56676 16.2411 -3.56676
3.72 3 -3.36258 16.2821 -3.36258
3.72 3.2 -3.04845 16.2557 -3.04845
3.72 3.4 -2.70005 15.8562 -2.70005
3.72 3.6 -2.65536 14.1017 -2.65536
3.72 3.8 -3.34121 8.7049 -3.34121
3.72 4 -1.75862 -0.233331 -1.75862
3.72 4.2 6.42277 -3.81533 6.42277
3.72 4.4 12.9451 -3.20196 12.9451
3.72 4.6 15.2606 -3.10198 15.2606
3.72 4.8 15.8191 -3.34439 15.8191
3.72 5 15.9183 -3.43672 15.9183
3.72 5.2 15.8915 -3.2136 15.8915
3.72 5.4 15.3378 -2.86562 15.3378
3.72 5.6 12.7864 -2.92615 12.7864
3.72 5.8 5.59608 -3.4432 5.59608
3.72 6 -2.52937 0.67903 -2.52937
3.72 6.2 -3.60708 9.23251 -3.60708
3.72 6.4 -2.88674 14.1588 -2.88674
3.72 6.6 -2.88314 15.7963 -2.88314
3.72 6.8 -3.16303 16.2025 -3.16303
3.72 7 -3.43629 16.2403 -3.43629
3.72 7.2 -3.61177 16.2105 -3.61177
3.72 7.4 -3.70323 16.1867 -3.70323
3.72 7.6 -3.73851 16.1831 -3.73851
3.72 7.8 -3.74822 16.1891 -3.74822
3.72 8 -3.73865 16.2054 -3.73865
3.72 8.2 -3.73432 16.2124 -3.73432
3.72 8.4 -3.71996 16.2267 -3.71996
3.72 8.6 -3.7075 16.2369 -3.7075
3.72 8.8 -3.69488 16.2484 -3.69488
3.72 9 -3.68771 16.2563 -3.68771
3.72 9.2 -3.68616 16.2588 -3.68616
3.72 9.4 -2.11269 17.8351 -2.11269
3.72 9.6 2.50524 22.4541 2.50524
3.72 9.8 -23.9504 -3.99774 -23.9504
3.84 0 -8.69438 11.2757 -8.69438
3.84 0.2 -5.54282 14.429 -5.54282
3.84 0.4 -3.70774 16.2621 -3.70774
3.84 0.6 -3.62778 16.3405 -3.62778
3.84 0.8 -3.61701 16.3498 -3.61701
3.84 1 -3.6129 16.3532 -3.6129
3.84 1.2 -3.61643 16.3522 -3.61643
3.84 1.4 -3.62191 16.3476 -3.62191
3.84 1.6 -3.63767 16.3305 -3.63767
3.84 1.8 -3.65542 16.311 -3.65542
3.84 2 -3.67648 16.2851 -3.67648
3.84 2.2 -3.68031 16.272 -3.68031
3.84 2.4 -3.6707 16.2625 -3.6707
3.84 2.6 -3.62068 16.275 -3.62068
3.84 2.8 -3.50824 16.3078 -3.50824
3.84 3 -3.30709 16.3451 -3.30709
3.84 3.2 -2.99704 16.3127 -2.99704
3.84 3.4 -2.65383 15.9047 -2.65383
3.84 3.6 -2.61528 14.1372 -2.61528
3.84 3.8 -3.30555 8.72162 -3.30555
3.84 4 -1.708 -0.218517 -1.708
3.84 4.2 6.483 -3.77976 6.483
3.84 4.4 12.9944 -3.1646 12.9944
3.84 4.6 15.3048 -3.06643 15.3048
3.84 4.8 15.8633 -3.3087 15.8633
3.84 5 15.9635 -3.39968 15.9635
3.84 5.2 15.9369 -3.17475 15.9369
3.84 5.4 15.3813 -2.82599 15.3813
3.84 5.6 12.8268 -2.88712 12.8268
3.84 5.8 5.63362 -3.40612 5.63362
3.84 6 -2.49343 0.71454 -2.49343
3.84 6.2 -3.57054 9.27073 -3.57054
3.84 6.4 -2.84739 14.2026 -2.84739
3.84 6.6 -2.83956 15.8465 -2.83956
3.84 6.8 -3.114 16.2592 -3.114
3.84 7 -3.38122 16.3035 -3.38122
3.84 7.2 -3.5505 16.2799 -3.5505
3.84 7.4 -3.63732 16.2605 -3.63732
3.84 7.6 -3.67139 16.2576 -3.67139
3.84 7.8 -3.68279 16.2615 -3.68279
3.84 8 -3.67502 16.2761 -3.67502
3.84 8.2 -3.67 16.2844 -3.67
3.84 8.4 -3.6519 16.3035 -3.6519
3.84 8.6 -3.63497 16.3194 -3.63497
3.84 8.8 -3.6195 16.3346 -3.6195
3.84 9 -3.61229 16.3427 -3.61229
3.84 9.2 -3.6129 16.3428 -3.6129
3.84 9.4 -2.04239 17.9157 -2.04239
3.84 9.6 2.57301 22.5318 2.57301
3.84 9.8 -23.8898 -3.92773 -23.8898
3.96 0 -8.6689 11.319 -8.6689
3.96 0.2 -5.51945 14.4704 -5.51945
3.96 0.4 -3.68467 16.3034 -3.68467
3.96 0.6 -3.60613 16.3809 -3.60613
3.96 0.8 -3.59591 16.3903 -3.59591
3.96 1 -3.5923 16.3937 -3.5923
3.96 1.2 -3.59588 16.3929 -3.59588
3.96 1.4 -3.59992 16.3894 -3.59992
3.96 1.6 -3.61263 16.3746 -3.61263
3.96 1.8 -3.62728 16.3571 -3.62728
3.96 2 -3.64701 16.3318 -3.64701
3.96 2.2 -3.6525 16.3169 -3.6525
3.96 2.4 -3.64694 16.3035 -3.64694
3.96 2.6 -3.60137 16.3116 -3.60137
3.96 2.8 -3.4918 16.341 -3.4918
3.96 3 -3.29153 16.3758 -3.29153
3.96 3.2 -2.98143 16.3408 -2.98143
3.96 3.4 -2.63777 15.9287 -2.63777
3.96 3.6 -2.59891 14.1531 -2.59891
3.96 3.8 -3.28708 8.72166 -3.28708
3.96 4 -1.66731 -0.218702 -1.66731
3.96 4.2 6.53316 -3.7608 6.53316
3.96 4.4 13.0251 -3.15171 13.0251
3.96 4.6 15.3215 -3.06348 15.3215
3.96 4.8 15.8742 -3.31125 15.8742
3.96 5 15.974 -3.40228 15.974
3.96 5.2 15.9508 -3.17239 15.9508
3.96 5.4 15.4001 -2.81612 15.4001
3.96 5.6 12.8498 -2.86975 12.8498
3.96 5.8 5.65872 -3.38332 5.65872
3.96 6 -2.46967 0.739837 -2.46967
3.96 6.2 -3.55178 9.29541 -3.55178
3.96 6.4 -2.83359 14.2261 -2.83359
3.96 6.6 -2.82844 15.8702 -2.82844
3.96 6.8 -3.10246 16.2854 -3.10246
3.96 7 -3.36678 16.3342 -3.36678
3.96 7.2 -3.53114 16.3168 -3.53114
3.96 7.4 -3.61288 16.303 -3.61288
3.96 7.6 -3.64419 16.3029 -3.64419
3.96 7.8 -3.65569 16.3062 -3.65569
3.96 8 -3.64951 16.3189 -3.64951
3.96 8.2 -3.64559 16.3266 -3.64559
3.96 8.4 -3.62731 16.3473 -3.62731
3.96 8.6 -3.61011 16.365 -3.61011
3.96 8.8 -3.59478 16.3809 -3.59478
3.96 9 -3.58839 16.3881 -3.58839
3.96 9.2 -3.59025 16.3862 -3.59025
3.96 9.4 -2.0209 17.9572 -2.0209
3.96 9.6 2.59362 22.5718 2.59362
3.96 9.8 -23.8714 -3.89163 -23.8714
4.08 0 -8.69962 11.3047 -8.69962
4.08 0.2 -5.55474 14.4515 -5.55474
4.08 0.4 -3.72186 16.2828 -3.72186
4.08 0.6 -3.64663 16.3572 -3.64663
4.08 0.8 -3.63907 16.3645 -3.63907
4.08 1 -3.63752 16.3664 -3.63752
4.08 1.2 -3.6414 16.3657 -3.6414
4.08 1.4 -3.64311 16.3648 -3.64311
4.08 1.6 -3.65111 16.3545 -3.65111
4.08 1.8 -3.66107 16.3415 -3.66107
4.08 2 -3.67866 16.3179 -3.67866
4.08 2.2 -3.68588 16.3009 -3.68588
4.08 2.4 -3.6846 16.2829 -3.6846
4.08 2.6 -3.64308 16.2862 -3.64308
4.08 2.8 -3.53456 16.3133 -3.53456
4.08 3 -3.33172 16.3489 -3.33172
4.08 3.2 -3.01673 16.3161 -3.01673
4.08 3.4 -2.66678 15.9061 -2.66678
4.08 3.6 -2.62142 14.1285 -2.62142
4.08 3.8 -3.30148 8.68574 -3.30148
4.08 4 -1.65259 -0.250702 -1.65259
4.08 4.2 6.55799 -3.77117 6.55799
4.08 4.4 13.0237 -3.17158 13.0237
4.08 4.6 15.2997 -3.09753 15.2997
4.08 4.8 15.8418 -3.35402 15.8418
4.08 5 15.9397 -3.44623 15.9397
4.08 5.2 15.9218 -3.21015 15.9218
4.08 5.4 15.3805 -2.84307 15.3805
4.08 5.6 12.8393 -2.88519 12.8393
4.08 5.8 5.65372 -3.38961 5.65372
4.08 6 -2.4752 0.737643 -2.4752
4.08 6.2 -3.56611 9.28789 -3.56611
4.08 6.4 -2.85935 14.2095 -2.85935
4.08 6.6 -2.86325 15.8466 -2.86325
4.08 6.8 -3.14254 16.2582 -3.14254
4.08 7 -3.40872 16.3069 -3.40872
4.08 7.2 -3.57184 16.2926 -3.57184
4.08 7.4 -3.65044 16.2835 -3.65044
4.08 7.6 -3.67878 16.2868 -3.67878
4.08 7.8 -3.68877 16.2912 -3.68877
4.08 8 -3.68297 16.303 -3.68297
4.08 8.2 -3.681 16.3088 -3.681
4.08 8.4 -3.66567 16.3275 -3.66567
4.08 8.6 -3.65186 16.343 -3.65186
4.08 8.8 -3.63876 16.3571 -3.63876
4.08 9 -3.63299 16.3633 -3.63299
4.08 9.2 -3.63423 16.3612 -3.63423
4.08 9.4 -2.06334 17.9328 -2.06334
4.08 9.6 2.55271 22.5484 2.55271
4.08 9.8 -23.9085 -3.91283 -23.9085
4.2 0 -8.76594 11.242 -8.76594
4.2 0.2 -5.62516 14.3846 -5.62516
4.2 0.4 -3.79554 16.2121 -3.79554
4.2 0.6 -3.72433 16.2822 -3.72433
4.2 0.8 -3.72085 16.2853 -3.72085
4.2 1 -3.72307 16.2837 -3.72307
4.2 1.2 -3.72849 16.2821 -3.72849
4.2 1.4 -3.72862 16.2836 -3.72862
4.2 1.6 -3.73235 16.2784 -3.73235
4.2 1.8 -3.73797 16.2702 -3.73797
4.2 2 -3.7536 16.2489 -3.7536
4.2 2.2 -3.76222 16.2301 -3.76222
4.2 2.4 -3.76392 16.2082 -3.76392
4.2 2.6 -3.72424 16.2085 -3.72424
4.2 2.8 -3.61398 16.2361 -3.61398
4.2 3 -3.40573 16.2759 -3.40573
4.2 3.2 -3.08339 16.249 -3.08339
4.2 3.4 -2.72533 15.8444 -2.72533
4.2 3.6 -2.67264 14.0671 -2.67264
4.2 3.8 -3.34457 8.61362 -3.34457
4.2 4 -1.66386 -0.315572 -1.66386
4.2 4.2 6.55801 -3.80757 6.55801
4.2 4.4 12.9949 -3.21467 12.9949
4.2 4.6 15.2485 -3.15331 15.2485
4.2 4.8 15.7787 -3.41787 15.7787
4.2 5 15.8738 -3.51155 15.8738
4.2 5.2 15.8609 -3.27032 15.8609
4.2 5.4 15.3291 -2.89387 15.3291
4.2 5.6 12.7971 -2.92632 12.7971
4.2 5.8 5.61697 -3.42327 5.61697
4.2 6 -2.51046 0.707237 -2.51046
4.2 6.2 -3.60817 9.24959 -3.60817
4.2 6.4 -2.91273 14.1586 -2.91273
4.2 6.6 -2.92648 15.785 -2.92648
4.2 6.8 -3.21311 16.1892 -3.21311
4.2 7 -3.48459 16.2335 -3.48459
4.2 7.2 -3.6508 16.2178 -3.6508
4.2 7.4 -3.72998 16.2099 -3.72998
4.2 7.6 -3.75689 16.2155 -3.75689
4.2 7.8 -3.76453 16.2219 -3.76453
4.2 8 -3.75745 16.234 -3.75745
4.2 8.2 -3.75693 16.2379 -3.75693
4.2 8.4 -3.74575 16.2526 -3.74575
4.2 8.6 -3.73668 16.2636 -3.73668
4.2 8.8 -3.72604 16.2751 -3.72604
4.2 9 -3.71975 16.2812 -3.71975
4.2 9.2 -3.71824 16.2811 -3.71824
4.2 9.4 -2.14361 17.8561 -2.14361
4.2 9.6 2.47548 22.4747 2.47548
4.2 9.8 -23.975 -3.97614 -23.975
4.32 0 -8.80846 11.1859 -8.80846
4.32 0.2 -5.66981 14.326 -5.66981
4.32 0.4 -3.84067 16.1519 -3.84067
4.32 0.6 -3.77155 16.2188 -3.77155
4.32 0.8 -3.7715 16.2177 -3.7715
4.32 1 -3.77848 16.211 -3.77848
4.32 1.2 -3.78749 16.2063 -3.78749
4.32 1.4 -3.78844 16.208 -3.78844
4.32 1.6 -3.79062 16.2058 -3.79062
4.32 1.8 -3.79437 16.201 -3.79437
4.32 2 -3.8096 16.1807 -3.8096
4.32 2.2 -3.81975 16.1601 -3.81975
4.32 2.4 -3.82327 16.1353 -3.82327
4.32 2.6 -3.78402 16.134 -3.78402
4.32 2.8 -3.67149 16.163 -3.67149
4.32 3 -3.45904 16.2068 -3.45904
4.32 3.2 -3.13244 16.1843 -3.13244
4.32 3.4 -2.77125 15.7819 -2.77125
4.32 3.6 -2.71809 13.9998 -2.71809
4.32 3.8 -3.3893 8.52961 -3.3893
4.32 4 -1.67872 -0.391728 -1.67872
4.32 4.2 6.55717 -3.84476 6.55717
4.32 4.4 12.9683 -3.24946 12.9683
4.32 4.6 15.2036 -3.19346 15.2036
4.32 4.8 15.7248 -3.46136 15.7248
4.32 5 15.8172 -3.55575 15.8172
4.32 5.2 15.8066 -3.31252 15.8066
4.32 5.4 15.2795 -2.93285 15.2795
4.32 5.6 12.7505 -2.96334 12.7505
4.32 5.8 5.57067 -3.46 5.57067
4.32 6 -2.55297 0.671211 -2.55297
4.32 6.2 -3.64918 9.20713 -3.64918
4.32 6.4 -2.95714 14.1067 -2.95714
4.32 6.6 -2.97398 15.7262 -2.97398
4.32 6.8 -3.26348 16.1253 -3.26348
4.32 7 -3.53865 16.1652 -3.53865
4.32 7.2 -3.7091 16.146 -3.7091
4.32 7.4 -3.79117 16.1367 -3.79117
4.32 7.6 -3.81778 16.1434 -3.81778
4.32 7.8 -3.82206 16.1529 -3.82206
4.32 8 -3.81121 16.1678 -3.81121
4.32 8.2 -3.80979 16.1716 -3.80979
4.32 8.4 -3.80127 16.183 -3.80127
4.32 8.6 -3.79554 16.1901 -3.79554
4.32 8.8 -3.78588 16.1999 -3.78588
4.32 9 -3.77734 16.2075 -3.77734
4.32 9.2 -3.77137 16.2116 -3.77137
4.32 9.4 -2.19198 17.7919 -2.19198
4.32 9.6 2.43085 22.4152 2.43085
4.32 9.8 -24.0121 -4.0262 -24.0121
4.44 0 -8.76706 11.2057 -8.76706
4.44 0.2 -5.62861 14.3454 -5.62861
4.44 0.4 -3.79665 16.1729 -3.79665
4.44 0.6 -3.72507 16.241 -3.72507
4.44 0.8 -3.72446 16.2391 -3.72446
4.44 1 -3.73482 16.228 -3.73482
4.44 1.2 -3.74889 16.2181 -3.74889
4.44 1.4 -3.75361 16.217 -3.75361
4.44 1.6 -3.75791 16.2143 -3.75791
4.44 1.8 -3.76304 16.2097 -3.76304
4.44 2 -3.77963 16.1889 -3.77963
4.44 2.2 -3.79111 16.1667 -3.79111
4.44 2.4 -3.79511 16.1405 -3.79511
4.44 2.6 -3.75542 16.1387 -3.75542
4.44 2.8 -3.64185 16.1685 -3.64185
4.44 3 -3.42938 16.2128 -3.42938
4.44 3.2 -3.10576 16.188 -3.10576
4.44 3.4 -2.75166 15.778 -2.75166
4.44 3.6 -2.71061 13.9786 -2.71061
4.44 3.8 -3.39358 8.47837 -3.39358
4.44 4 -1.65856 -0.440186 -1.65856
4.44 4.2 6.59317 -3.84686 6.59317
4.44 4.4 12.9836 -3.2402 12.9836
4.44 4.6 15.2082 -3.18053 15.2082
4.44 4.8 15.7265 -3.44514 15.7265
4.44 5 15.8174 -3.53856 15.8174
4.44 5.2 15.805 -3.29719 15.805
4.44 5.4 15.2744 -2.9222 15.2744
4.44 5.6 12.7392 -2.95972 12.7392
4.44 5.8 5.55288 -3.46254 5.55288
4.44 6 -2.56336 0.670492 -2.56336
4.44 6.2 -3.64579 9.20745 -3.64579
4.44 6.4 -2.94406 14.1079 -2.94406
4.44 6.6 -2.95199 15.7311 -2.95199
4.44 6.8 -3.23501 16.1335 -3.23501
4.44 7 -3.5082 16.1737 -3.5082
4.44 7.2 -3.68101 16.1519 -3.68101
4.44 7.4 -3.76663 16.1396 -3.76663
4.44 7.6 -3.79387 16.1462 -3.79387
4.44 7.8 -3.79437 16.1594 -3.79437
4.44 8 -3.7778 16.1794 -3.7778
4.44 8.2 -3.77287 16.1858 -3.77287
4.44 8.4 -3.76439 16.1961 -3.76439
4.44 8.6 -3.75931 16.2015 -3.75931
4.44 8.8 -3.74838 16.2116 -3.74838
4.44 9 -3.73591 16.2226 -3.73591
4.44 9.2 -3.72524 16.2319 -3.72524
4.44 9.4 -2.14345 17.816 -2.14345
4.44 9.6 2.47915 22.4407 2.47915
4.44 9.8 -23.9661 -3.99945 -23.9661
4.56 0 -8.64553 11.3168 -8.64553
4.56 0.2 -5.50577 14.4576 -5.50577
4.56 0.4 -3.66726 16.2911 -3.66726
4.56 0.6 -3.58857 16.3657 -3.58857
4.56 0.8 -3.5815 16.3694 -3.5815
4.56 1 -3.59061 16.3583 -3.59061
4.56 1.2 -3.60894 16.3433 -3.60894
4.56 1.4 -3.61945 16.3365 -3.61945
4.56 1.6 -3.62902 16.3296 -3.62902
4.56 1.8 -3.63823 16.3221 -3.63823
4.56 2 -3.65748 16.2993 -3.65748
4.56 2.2 -3.6699 16.2759 -3.6699
4.56 2.4 -3.67335 16.2494 -3.67335
4.56 2.6 -3.63296 16.2477 -3.63296
4.56 2.8 -3.52011 16.2767 -3.52011
4.56 3 -3.31184 16.3169 -3.31184
4.56 3.2 -2.99778 16.2821 -2.99778
4.56 3.4 -2.65925 15.854 -2.65925
4.56 3.6 -2.63949 14.0247 -2.63949
4.56 3.8 -3.3422 8.48137 -3.3422
4.56 4 -1.58516 -0.441994 -1.58516
4.56 4.2 6.68257 -3.80193 6.68257
4.56 4.4 13.0544 -3.18166 13.0544
4.56 4.6 15.2741 -3.11358 15.2741
4.56 4.8 15.7951 -3.37012 15.7951
4.56 5 15.8863 -3.46083 15.8863
4.56 5.2 15.8688 -3.22358 15.8688
4.56 5.4 15.3279 -2.85821 15.3279
4.56 5.6 12.7792 -2.90722 12.7792
4.56 5.8 5.58173 -3.41648 5.58173
4.56 6 -2.52382 0.724981 -2.52382
4.56 6.2 -3.58477 9.27112 -3.58477
4.56 6.4 -2.865 14.1821 -2.865
4.56 6.6 -2.85507 15.8199 -2.85507
4.56 6.8 -3.12358 16.2348 -3.12358
4.56 7 -3.389 16.2816 -3.389
4.56 7.2 -3.561 16.2601 -3.561
4.56 7.4 -3.64934 16.2449 -3.64934
4.56 7.6 -3.67748 16.2507 -3.67748
4.56 7.8 -3.67428 16.2678 -3.67428
4.56 8 -3.65135 16.2941 -3.65135
4.56 8.2 -3.6415 16.3051 -3.6415
4.56 8.4 -3.63101 16.3168 -3.63101
4.56 8.6 -3.62406 16.323 -3.62406
4.56 8.8 -3.60951 16.336 -3.60951
4.56 9 -3.59197 16.3521 -3.59197
4.56 9.2 -3.57848 16.3652 -3.57848
4.56 9.4 -1.99963 17.9481 -1.99963
4.56 9.6 2.61606 22.5674 2.61606
4.56 9.8 -23.8482 -3.88932 -23.8482
4.68 0 -8.54226 11.433 -8.54226
4.68 0.2 -5.4009 14.5756 -5.4009
4.68 0.4 -3.55681 16.415 -3.55681
4.68 0.6 -3.47146 16.4972 -3.47146
4.68 0.8 -3.45512 16.5108 -3.45512
4.68 1 -3.45735 16.506 -3.45735
4.68 1.2 -3.47602 16.4893 -3.47602
4.68 1.4 -3.49165 16.4765 -3.49165
4.68 1.6 -3.50741 16.4634 -3.50741
4.68 1.8 -3.52134 16.4516 -3.52134
4.68 2 -3.54294 16.4267 -3.54294
4.68 2.2 -3.55505 16.4033 -3.55505
4.68 2.4 -3.5565 16.3782 -3.5565
4.68 2.6 -3.5142 16.3779 -3.5142
4.68 2.8 -3.40138 16.4064 -3.40138
4.68 3 -3.19683 16.442 -3.19683
4.68 3.2 -2.8914 16.3959 -2.8914
4.68 3.4 -2.56576 15.9485 -2.56576
4.68 3.6 -2.56198 14.0895 -2.56198
4.68 3.8 -3.2771 8.50245 -3.2771
4.68 4 -1.48923 -0.427003 -1.48923
4.68 4.2 6.79447 -3.74488 6.79447
4.68 4.4 13.1424 -3.11874 13.1424
4.68 4.6 15.3556 -3.04632 15.3556
4.68 4.8 15.8803 -3.29549 15.8803
4.68 5 15.9729 -3.38281 15.9729
4.68 5.2 15.9498 -3.14863 15.9498
4.68 5.4 15.3976 -2.79107 15.3976
4.68 5.6 12.835 -2.84755 12.835
4.68 5.8 5.62698 -3.35535 5.62698
4.68 6 -2.46732 0.803756 -2.46732
4.68 6.2 -3.51283 9.35784 -3.51283
4.68 6.4 -2.78331 14.275 -2.78331
4.68 6.6 -2.76035 15.9262 -2.76035
4.68 6.8 -3.01603 16.3549 -3.01603
4.68 7 -3.27384 16.4095 -3.27384
4.68 7.2 -3.44456 16.3889 -3.44456
4.68 7.4 -3.53536 16.3708 -3.53536
4.68 7.6 -3.56493 16.375 -3.56493
4.68 7.8 -3.55941 16.3948 -3.55941
4.68 8 -3.53196 16.4264 -3.53196
4.68 8.2 -3.51862 16.4414 -3.51862
4.68 8.4 -3.5063 16.455 -3.5063
4.68 8.6 -3.49651 16.4637 -3.49651
4.68 8.8 -3.47687 16.4816 -3.47687
4.68 9 -3.45414 16.5034 -3.45414
4.68 9.2 -3.44116 16.5173 -3.44116
4.68 9.4 -1.87193 18.0917 -1.87193
4.68 9.6 2.72972 22.697 2.72972
4.68 9.8 -23.7596 -3.78652 -23.7596
4.8 0 -8.58045 11.4199 -8.58045
4.8 0.2 -5.43816 14.5637 -5.43816
4.8 0.4 -3.5929 16.4052 -3.5929
4.8 0.6 -3.51003 16.4865 -3.51003
4.8 0.8 -3.4907 16.5054 -3.4907
4.8 1 -3.48444 16.5099 -3.48444
4.8 1.2 -3.49815 16.4971 -3.49815
4.8 1.4 -3.51504 16.4814 -3.51504
4.8 1.6 -3.53482 16.4634 -3.53482
4.8 1.8 -3.5518 16.4484 -3.5518
4.8 2 -3.57406 16.4227 -3.57406
4.8 2.2 -3.58424 16.4009 -3.58424
4.8 2.4 -3.5823 16.3789 -3.5823
4.8 2.6 -3.53632 16.3821 -3.53632
4.8 2.8 -3.42044 16.4132 -3.42044
4.8 3 -3.21399 16.4492 -3.21399
4.8 3.2 -2.90758 16.4 -2.90758
4.8 3.4 -2.57966 15.9466 -2.57966
4.8 3.6 -2.57236 14.0742 -2.57236
4.8 3.8 -3.27975 8.45798 -3.27975
4.8 4 -1.4438 -0.468241 -1.4438
4.8 4.2 6.85559 -3.74688 6.85559
4.8 4.4 13.167 -3.12776 13.167
4.8 4.6 15.3627 -3.06285 15.3627
4.8 4.8 15.8854 -3.31164 15.8854
4.8 5 15.9786 -3.39649 15.9786
4.8 5.2 15.9537 -3.16075 15.9537
4.8 5.4 15.3965 -2.80266 15.3965
4.8 5.6 12.8272 -2.85646 12.8272
4.8 5.8 5.61338 -3.35211 5.61338
4.8 6 -2.46949 0.831704 -2.46949
4.8 6.2 -3.51431 9.38088 -3.51431
4.8 6.4 -2.79777 14.2826 -2.79777
4.8 6.6 -2.78118 15.9293 -2.78118
4.8 6.8 -3.03698 16.3603 -3.03698
4.8 7 -3.29452 16.4163 -3.29452
4.8 7.2 -3.46702 16.3937 -3.46702
4.8 7.4 -3.56094 16.3714 -3.56094
4.8 7.6 -3.59255 16.3731 -3.59255
4.8 7.8 -3.5868 16.3935 -3.5868
4.8 8 -3.55858 16.4271 -3.55858
4.8 8.2 -3.54567 16.4428 -3.54567
4.8 8.4 -3.53427 16.4559 -3.53427
4.8 8.6 -3.52289 16.4664 -3.52289
4.8 8.8 -3.49813 16.4899 -3.49813
4.8 9 -3.4709 16.5173 -3.4709
4.8 9.2 -3.46231 16.5279 -3.46231
4.8 9.4 -1.90786 18.0869 -1.90786
4.8 9.6 2.68052 22.6766 2.68052
4.8 9.8 -23.8155 -3.81946 -23.8155
4.92 0 -8.75163 11.2551 -8.75163
4.92 0.2 -5.60946 14.3992 -5.60946
4.92 0.4 -3.7654 16.2398 -3.7654
4.92 0.6 -3.69521 16.3088 -3.69521
4.92 0.8 -3.68754 16.3182 -3.68754
4.92 1 -3.67886 16.3272 -3.67886
4.92 1.2 -3.68436 16.3224 -3.68436
4.92 1.4 -3.69691 16.3096 -3.69691
4.92 1.6 -3.71633 16.2908 -3.71633
4.92 1.8 -3.73348 16.2753 -3.73348
4.92 2 -3.75471 16.2506 -3.75471
4.92 2.2 -3.7625 16.2312 -3.7625
4.92 2.4 -3.7576 16.2123 -3.7576
4.92 2.6 -3.7085 16.219 -3.7085
4.92 2.8 -3.58867 16.2543 -3.58867
4.92 3 -3.3762 16.2955 -3.3762
4.92 3.2 -3.0597 16.2534 -3.0597
4.92 3.4 -2.71515 15.81 -2.71515
4.92 3.6 -2.68907 13.9418 -2.68907
4.92 3.8 -3.37706 8.30991 -3.37706
4.92 4 -1.48348 -0.60124 -1.48348
4.92 4.2 6.83143 -3.83374 6.83143
4.92 4.4 13.0954 -3.22685 13.0954
4.92 4.6 15.2603 -3.18014 15.2603
4.92 4.8 15.7708 -3.43771 15.7708
4.92 5 15.8625 -3.52183 15.8625
4.92 5.2 15.8419 -3.27847 15.8419
4.92 5.4 15.2894 -2.91069 15.2894
4.92 5.6 12.7201 -2.95542 12.7201
4.92 5.8 5.50237 -3.43641 5.50237
4.92 6 -2.56423 0.773854 -2.56423
4.92 6.2 -3.61134 9.30629 -3.61134
4.92 6.4 -2.92265 14.1707 -2.92265
4.92 6.6 -2.92954 15.7919 -2.92954
4.92 6.8 -3.19832 16.2102 -3.19832
4.92 7 -3.46252 16.2596 -3.46252
4.92 7.2 -3.63867 16.2323 -3.63867
4.92 7.4 -3.73464 16.2065 -3.73464
4.92 7.6 -3.76719 16.2064 -3.76719
4.92 7.8 -3.76228 16.2262 -3.76228
4.92 8 -3.73653 16.2582 -3.73653
4.92 8.2 -3.72826 16.27 -3.72826
4.92 8.4 -3.72155 16.2787 -3.72155
4.92 8.6 -3.71105 16.2885 -3.71105
4.92 8.8 -3.68234 16.3169 -3.68234
4.92 9 -3.65296 16.3481 -3.65296
4.92 9.2 -3.65331 16.3501 -3.65331
4.92 9.4 -2.11219 17.8929 -2.11219
4.92 9.6 2.47761 22.4799 2.47761
4.92 9.8 -23.9842 -3.98644 -23.9842
5.04 0 -8.83927 11.1408 -8.83927
5.04 0.2 -5.70054 14.2819 -5.70054
5.04 0.4 -3.84945 16.1294 -3.84945
5.04 0.6 -3.7858 16.1892 -3.7858
5.04 0.8 -3.80027 16.1759 -3.80027
5.04 1 -3.80003 16.1784 -3.80003
5.04 1.2 -3.79851 16.1815 -3.79851
5.04 1.4 -3.8028 16.1765 -3.8028
5.04 1.6 -3.81835 16.1611 -3.81835
5.04 1.8 -3.83416 16.1471 -3.83416
5.04 2 -3.85459 16.1235 -3.85459
5.04 2.2 -3.86179 16.1049 -3.86179
5.04 2.4 -3.8572 16.086 -3.8572
5.04 2.6 -3.80961 16.0916 -3.80961
5.04 2.8 -3.69086 16.1265 -3.69086
5.04 3 -3.47656 16.1699 -3.47656
5.04 3.2 -3.15293 16.1344 -3.15293
5.04 3.4 -2.79621 15.7006 -2.79621
5.04 3.6 -2.76301 13.8302 -2.76301
5.04 3.8 -3.44939 8.17024 -3.44939
5.04 4 -1.50797 -0.726398 -1.50797
5.04 4.2 6.82576 -3.89553 6.82576
5.04 4.4 13.0461 -3.28791 13.0461
5.04 4.6 15.1773 -3.25695 15.1773
5.04 4.8 15.6693 -3.52658 15.6693
5.04 5 15.7577 -3.61132 15.7577
5.04 5.2 15.7451 -3.35769 15.7451
5.04 5.4 15.2001 -2.9793 15.2001
5.04 5.6 12.6256 -3.02235 12.6256
5.04 5.8 5.39415 -3.50108 5.39415
5.04 6 -2.6473 0.73422 -2.6473
5.04 6.2 -3.67321 9.2576 -3.67321
5.04 6.4 -2.99597 14.09 -2.99597
5.04 6.6 -3.01935 15.6855 -3.01935
5.04 6.8 -3.29855 16.0895 -3.29855
5.04 7 -3.56663 16.1328 -3.56663
5.04 7.2 -3.74218 16.1043 -3.74218
5.04 7.4 -3.83524 16.0798 -3.83524
5.04 7.6 -3.86492 16.0817 -3.86492
5.04 7.8 -3.85929 16.1023 -3.85929
5.04 8 -3.83614 16.1319 -3.83614
5.04 8.2 -3.83362 16.1376 -3.83362
5.04 8.4 -3.83276 16.1395 -3.83276
5.04 8.6 -3.82392 16.1473 -3.82392
5.04 8.8 -3.79334 16.1788 -3.79334
5.04 9 -3.76742 16.2084 -3.76742
5.04 9.2 -3.77984 16.1975 -3.77984
5.04 9.4 -2.23739 17.7374 -2.23739
5.04 9.6 2.3787 22.3482 2.3787
5.04 9.8 -24.0404 -4.07155 -24.0404
5.16 0 -8.67581 11.2797 -8.67581
5.16 0.2 -5.54898 14.4086 -5.54898
5.16 0.4 -3.68415 16.2719 -3.68415
5.16 0.6 -3.5984 16.3504 -3.5984
5.16 0.8 -3.62471 16.3212 -3.62471
5.16 1 -3.63935 16.3089 -3.63935
5.16 1.2 -3.63552 16.3159 -3.63552
5.16 1.4 -3.63185 16.3195 -3.63185
5.16 1.6 -3.64387 16.308 -3.64387
5.16 1.8 -3.65991 16.2943 -3.65991
5.16 2 -3.68161 16.2699 -3.68161
5.16 2.2 -3.6904 16.2497 -3.6904
5.16 2.4 -3.68868 16.2275 -3.68868
5.16 2.6 -3.64634 16.2276 -3.64634
5.16 2.8 -3.53414 16.2557 -3.53414
5.16 3 -3.32559 16.2933 -3.32559
5.16 3.2 -3.00633 16.253 -3.00633
5.16 3.4 -2.65773 15.8092 -2.65773
5.16 3.6 -2.64769 13.9056 -2.64769
5.16 3.8 -3.36183 8.18518 -3.36183
5.16 4 -1.38535 -0.710506 -1.38535
5.16 4.2 6.97345 -3.80614 6.97345
5.16 4.4 13.1669 -3.17912 13.1669
5.16 4.6 15.2784 -3.14817 15.2784
5.16 4.8 15.7576 -3.42244 15.7576
5.16 5 15.8425 -3.50712 15.8425
5.16 5.2 15.8344 -3.24743 15.8344
5.16 5.4 15.287 -2.86887 15.287
5.16 5.6 12.6886 -2.92651 12.6886
5.16 5.8 5.4245 -3.41664 5.4245
5.16 6 -2.58787 0.847494 -2.58787
5.16 6.2 -3.56475 9.38405 -3.56475
5.16 6.4 -2.86573 14.2147 -2.86573
5.16 6.6 -2.87925 15.8088 -2.87925
5.16 6.8 -3.1531 16.2128 -3.1531
5.16 7 -3.41609 16.2587 -3.41609
5.16 7.2 -3.58527 16.2352 -3.58527
5.16 7.4 -3.67128 16.2172 -3.67128
5.16 7.6 -3.69553 16.2246 -3.69553
5.16 7.8 -3.68723 16.2483 -3.68723
5.16 8 -3.66413 16.2778 -3.66413
5.16 8.2 -3.66411 16.2797 -3.66411
5.16 8.4 -3.66521 16.2778 -3.66521
5.16 8.6 -3.65545 16.2856 -3.65545
5.16 8.8 -3.6257 16.3174 -3.6257
5.16 9 -3.61008 16.338 -3.61008
5.16 9.2 -3.63083 16.3168 -3.63083
5.16 9.4 -2.06344 17.8786 -2.06344
5.16 9.6 2.58571 22.5258 2.58571
5.16 9.8 -23.8624 -3.91375 -23.8624
5.28 0 -8.53459 11.4409 -8.53459
5.28 0.2 -5.42057 14.5539 -5.42057
5.28 0.4 -3.57309 16.4047 -3.57309
5.28 0.6 -3.44718 16.5246 -3.44718
5.28 0.8 -3.4585 16.5057 -3.4585
5.28 1 -3.48408 16.4808 -3.48408
5.28 1.2 -3.48295 16.4866 -3.48295
5.28 1.4 -3.47475 16.4959 -3.47475
5.28 1.6 -3.48567 16.4861 -3.48567
5.28 1.8 -3.5038 16.4709 -3.5038
5.28 2 -3.52687 16.4452 -3.52687
5.28 2.2 -3.53504 16.4249 -3.53504
5.28 2.4 -3.53201 16.4027 -3.53201
5.28 2.6 -3.48945 16.4014 -3.48945
5.28 2.8 -3.37847 16.4265 -3.37847
5.28 3 -3.17188 16.4601 -3.17188
5.28 3.2 -2.85682 16.4128 -2.85682
5.28 3.4 -2.52148 15.9492 -2.52148
5.28 3.6 -2.53628 14.0019 -2.53628
5.28 3.8 -3.26363 8.22169 -3.26363
5.28 4 -1.23031 -0.667152 -1.23031
5.28 4.2 7.15547 -3.6987 7.15547
5.28 4.4 13.3235 -3.05913 13.3235
5.28 4.6 15.426 -3.0217 15.426
5.28 4.8 15.9025 -3.29173 15.9025
5.28 5 15.9862 -3.37414 15.9862
5.28 5.2 15.9758 -3.11432 15.9758
5.28 5.4 15.4146 -2.74369 15.4146
5.28 5.6 12.783 -2.81687 12.783
5.28 5.8 5.4805 -3.30799 5.4805
5.28 6 -2.51084 0.992587 -2.51084
5.28 6.2 -3.45705 9.53295 -3.45705
5.28 6.4 -2.74275 14.3634 -2.74275
5.28 6.6 -2.74108 15.9669 -2.74108
5.28 6.8 -3.00589 16.3776 -3.00589
5.28 7 -3.26523 16.4266 -3.26523
5.28 7.2 -3.43247 16.4054 -3.43247
5.28 7.4 -3.51697 16.3898 -3.51697
5.28 7.6 -3.54107 16.3985 -3.54107
5.28 7.8 -3.53329 16.4228 -3.53329
5.28 8 -3.51029 16.4522 -3.51029
5.28 8.2 -3.50986 16.4534 -3.50986
5.28 8.4 -3.50802 16.4525 -3.50802
5.28 8.6 -3.49431 16.4635 -3.49431
5.28 8.8 -3.46776 16.4932 -3.46776
5.28 9 -3.46536 16.5008 -3.46536
5.28 9.2 -3.48349 16.4796 -3.48349
5.28 9.4 -1.88114 18.0781 -1.88114
5.28 9.6 2.75803 22.7234 2.75803
5.28 9.8 -23.7755 -3.80285 -23.7755
5.4 0 -8.76451 11.2394 -8.76451
5.4 0.2 -5.6147 14.3819 -5.6147
5.4 0.4 -3.83634 16.1643 -3.83634
5.4 0.6 -3.7036 16.2977 -3.7036
5.4 0.8 -3.68598 16.3063 -3.68598
5.4 1 -3.7139 16.2771 -3.7139
5.4 1.2 -3.71887 16.2775 -3.71887
5.4 1.4 -3.70961 16.2889 -3.70961
5.4 1.6 -3.71986 16.28 -3.71986
5.4 1.8 -3.73899 16.2638 -3.73899
5.4 2 -3.76044 16.2396 -3.76044
5.4 2.2 -3.76309 16.2243 -3.76309
5.4 2.4 -3.75239 16.209 -3.75239
5.4 2.6 -3.70176 16.2145 -3.70176
5.4 2.8 -3.58259 16.2462 -3.58259
5.4 3 -3.36773 16.2859 -3.36773
5.4 3.2 -3.04516 16.2421 -3.04516
5.4 3.4 -2.70579 15.7733 -2.70579
5.4 3.6 -2.71221 13.8112 -2.71221
5.4 3.8 -3.40793 8.01147 -3.40793
5.4 4 -1.28578 -0.840619 -1.28578
5.4 4.2 7.11548 -3.81745 7.11548
5.4 4.4 13.2318 -3.19243 13.2318
5.4 4.6 15.3149 -3.16153 15.3149
5.4 4.8 15.7905 -3.42717 15.7905
5.4 5 15.8748 -3.50561 15.8748
5.4 5.2 15.8593 -3.24702 15.8593
5.4 5.4 15.285 -2.8804 15.285
5.4 5.6 12.6316 -2.95212 12.6316
5.4 5.8 5.30744 -3.41905 5.30744
5.4 6 -2.65592 0.92651 -2.65592
5.4 6.2 -3.60789 9.42857 -3.60789
5.4 6.4 -2.92358 14.213 -2.92358
5.4 6.6 -2.93299 15.8016 -2.93299
5.4 6.8 -3.20296 16.2063 -3.20296
5.4 7 -3.46868 16.2489 -3.46868
5.4 7.2 -3.64261 16.2213 -3.64261
5.4 7.4 -3.7342 16.1991 -3.7342
5.4 7.6 -3.76573 16.201 -3.76573
5.4 7.8 -3.76455 16.2193 -3.76455
5.4 8 -3.74585 16.2445 -3.74585
5.4 8.2 -3.74645 16.2439 -3.74645
5.4 8.4 -3.74141 16.2453 -3.74141
5.4 8.6 -3.72386 16.2605 -3.72386
5.4 8.8 -3.70194 16.2863 -3.70194
5.4 9 -3.70876 16.2835 -3.70876
5.4 9.2 -3.71271 16.2748 -3.71271
5.4 9.4 -2.09852 17.8909 -2.09852
5.4 9.6 2.4667 22.4663 2.4667
5.4 9.8 -24.0337 -4.04087 -24.0337
5.52 0 -8.8969 11.0837 -8.8969
5.52 0.2 -5.6448 14.3297 -5.6448
5.52 0.4 -3.89317 16.0749 -3.89317
5.52 0.6 -3.80273 16.1707 -3.80273
5.52 0.8 -3.76855 16.1978 -3.76855
5.52 1 -3.79344 16.1702 -3.79344
5.52 1.2 -3.80558 16.1635 -3.80558
5.52 1.4 -3.7973 16.1745 -3.7973
5.52 1.6 -3.80573 16.1672 -3.80573
5.52 1.8 -3.82502 16.1505 -3.82502
5.52 2 -3.84566 16.1272 -3.84566
5.52 2.2 -3.84484 16.116 -3.84484
5.52 2.4 -3.83054 16.1048 -3.83054
5.52 2.6 -3.77768 16.113 -3.77768
5.52 2.8 -3.65637 16.1467 -3.65637
5.52 3 -3.43926 16.1878 -3.43926
5.52 3.2 -3.11415 16.144 -3.11415
5.52 3.4 -2.77163 15.6711 -2.77163
5.52 3.6 -2.77202 13.6968 -2.77202
5.52 3.8 -3.45774 7.86581 -3.45774
5.52 4 -1.27523 -0.956381 -1.27523
5.52 4.2 7.1289 -3.86436 7.1289
5.52 4.4 13.1822 -3.25222 13.1822
5.52 4.6 15.2332 -3.23614 15.2332
5.52 4.8 15.7023 -3.50241 15.7023
5.52 5 15.7867 -3.57715 15.7867
5.52 5.2 15.7689 -3.31632 15.7689
5.52 5.4 15.1863 -2.94856 15.1863
5.52 5.6 12.5139 -3.01738 12.5139
5.52 5.8 5.17064 -3.46315 5.17064
5.52 6 -2.72533 0.942803 -2.72533
5.52 6.2 -3.64236 9.41844 -3.64236
5.52 6.4 -2.97965 14.1498 -2.97965
5.52 6.6 -3.003 15.7143 -3.003
5.52 6.8 -3.27767 16.1109 -3.27767
5.52 7 -3.54434 16.1508 -3.54434
5.52 7.2 -3.71796 16.1222 -3.71796
5.52 7.4 -3.81118 16.0971 -3.81118
5.52 7.6 -3.84539 16.0952 -3.84539
5.52 7.8 -3.84848 16.1084 -3.84848
5.52 8 -3.83364 16.1292 -3.83364
5.52 8.2 -3.83521 16.127 -3.83521
5.52 8.4 -3.82844 16.1301 -3.82844
5.52 8.6 -3.80876 16.1483 -3.80876
5.52 8.8 -3.79158 16.1698 -3.79158
5.52 9 -3.7981 16.1655 -3.7981
5.52 9.2 -3.78397 16.1746 -3.78397
5.52 9.4 -2.19713 17.7684 -2.19713
5.52 9.6 2.32592 22.2938 2.32592
5.52 9.8 -24.0257 -4.06208 -24.0257
5.64 0 -8.69648 11.278 -8.69648
5.64 0.2 -5.45167 14.5331 -5.45167
5.64 0.4 -3.61286 16.3578 -3.61286
5.64 0.6 -3.54687 16.4283 -3.54687
5.64 0.8 -3.51051 16.4598 -3.51051
5.64 1 -3.53034 16.4365 -3.53034
5.64 1.2 -3.54631 16.4253 -3.54631
5.64 1.4 -3.54074 16.4338 -3.54074
5.64 1.6 -3.54762 16.4278 -3.54762
5.64 1.8 -3.56767 16.4097 -3.56767
5.64 2 -3.5911 16.3834 -3.5911
5.64 2.2 -3.59217 16.3707 -3.59217
5.64 2.4 -3.5787 16.3591 -3.5787
5.64 2.6 -3.52892 16.3639 -3.52892
5.64 2.8 -3.40911 16.3949 -3.40911
5.64 3 -3.19511 16.4303 -3.19511
5.64 3.2 -2.87568 16.376 -2.87568
5.64 3.4 -2.54164 15.8842 -2.54164
5.64 3.6 -2.56284 13.8647 -2.56284
5.64 3.8 -3.26928 7.95914 -3.26928
5.64 4 -1.0339 -0.848987 -1.0339
5.64 4.2 7.3849 -3.67607 7.3849
5.64 4.4 13.399 -3.05664 13.399
5.64 4.6 15.4312 -3.04391 15.4312
5.64 4.8 15.8946 -3.3106 15.8946
5.64 5 15.9769 -3.38404 15.9769
5.64 5.2 15.9578 -3.11907 15.9578
5.64 5.4 15.3604 -2.75372 15.3604
5.64 5.6 12.6437 -2.8377 12.6437
5.64 5.8 5.25301 -3.27708 5.25301
5.64 6 -2.57607 1.19263 -2.57607
5.64 6.2 -3.42853 9.67318 -3.42853
5.64 6.4 -2.75266 14.3901 -2.75266
5.64 6.6 -2.7714 15.9515 -2.7714
5.64 6.8 -3.04281 16.3496 -3.04281
5.64 7 -3.30538 16.3934 -3.30538
5.64 7.2 -3.47433 16.3695 -3.47433
5.64 7.4 -3.56378 16.3476 -3.56378
5.64 7.6 -3.59389 16.3491 -3.59389
5.64 7.8 -3.59532 16.3633 -3.59532
5.64 8 -3.57876 16.3854 -3.57876
5.64 8.2 -3.57793 16.3855 -3.57793
5.64 8.4 -3.56785 16.3923 -3.56785
5.64 8.6 -3.54808 16.4117 -3.54808
5.64 8.8 -3.53482 16.4296 -3.53482
5.64 9 -3.53739 16.4281 -3.53739
5.64 9.2 -3.51168 16.4499 -3.51168
5.64 9.4 -1.95212 18.0168 -1.95212
5.64 9.6 2.64197 22.6057 2.64197
5.64 9.8 -23.8411 -3.86434 -23.8411
5.76 0 23.5913 43.5707 23.5913
5.76 0.2 35.6831 55.6724 35.6831
5.76 0.4 37.1931 57.1727 37.1931
5.76 0.6 37.2258 57.2099 37.2258
5.76 0.8 37.2568 57.2378 37.2568
5.76 1 37.2359 57.2134 37.2359
5.76 1.2 37.2247 57.2063 37.2247
5.76 1.4 37.2269 57.2108 37.2269
5.76 1.6 37.2243 57.2088 37.2243
5.76 1.8 37.2081 57.1944 37.2081
5.76 2 37.1892 57.1721 37.1892
5.76 2.2 37.192 57.1634 37.192
5.76 2.4 37.2096 57.1564 37.2096
5.76 2.6 37.2622 57.1636 37.2622
5.76 2.8 37.3817 57.1936 37.3817
5.76 3 37.5789 57.2092 37.5789
5.76 3.2 37.8585 57.1085 37.8585
5.76 3.4 38.1299 56.5402 38.1299
5.76 3.6 38.0131 54.3933 38.0131
5.76 3.8 37.2136 48.3315 37.2136
5.76 4 39.4314 39.4731 39.4314
5.76 4.2 47.9522 36.8279 47.9522
5.76 4.4 54.0868 37.6096 54.0868
5.76 4.6 56.199 37.713 56.199
5.76 4.8 56.7111 37.4981 56.7111
5.76 5 56.809 37.444 56.809
5.76 5.2 56.7528 37.6785 56.7528
5.76 5.4 56.0603 37.9652 56.0603
5.76 5.6 53.1853 37.762 53.1853
5.76 5.8 45.6179 37.2119 45.6179
5.76 6 37.7781 41.6549 37.7781
5.76 6.2 37.0951 50.2343 37.0951
5.76 6.4 37.8748 55.0316 37.8748
5.76 6.6 37.9183 56.6512 37.9183
5.76 6.8 37.6949 57.097 37.6949
5.76 7 37.4632 57.1718 37.4632
5.76 7.2 37.3076 57.1611 37.3076
5.76 7.4 37.2258 57.1461 37.2258
5.76 7.6 37.1927 57.1444 37.1927
5.76 7.8 37.1869 57.1541 37.1869
5.76 8 37.2021 57.175 37.2021
5.76 8.2 37.1986 57.1708 37.1986
5.76 8.4 37.211 57.1805 37.211
5.76 8.6 37.2222 57.1921 37.2222
5.76 8.8 37.2334 57.208 37.2334
5.76 9 37.2315 57.2064 37.2315
5.76 9.2 37.2577 57.23 37.2577
5.76 9.4 38.681 58.6594 38.681
5.76 9.6 41.5292 61.5043 41.5292
5.76 9.8 24.6296 44.6003 24.6296
5.88 0 -63.5035 -43.5407 -63.5035
5.88 0.2 -70.0198 -50.0409 -70.0198
5.88 0.4 -67.1968 -47.2291 -67.1968
5.88 0.6 -67.0676 -47.0979 -67.0676
5.88 0.8 -67.0374 -47.0686 -67.0374
5.88 1 -67.0491 -47.0839 -67.0491
5.88 1.2 -67.0606 -47.0922 -67.0606
5.88 1.4 -67.0519 -47.0817 -67.0519
5.88 1.6 -67.0641 -47.0933 -67.0641
5.88 1.8 -67.0874 -47.1154 -67.0874
5.88 2 -67.1102 -47.1412 -67.1102
5.88 2.2 -67.1129 -47.1567 -67.1129
5.88 2.4 -67.0929 -47.1633 -67.0929
5.88 2.6 -67.0254 -47.1452 -67.0254
5.88 2.8 -66.8827 -47.1006 -66.8827
5.88 3 -66.6242 -47.0419 -66.6242
5.88 3.2 -66.2388 -47.0763 -66.2388
5.88 3.4 -65.8248 -47.5855 -65.8248
5.88 3.6 -65.7578 -49.7315 -65.7578
5.88 3.8 -66.2476 -55.8169 -66.2476
5.88 4 -63.3977 -64.1422 -63.3977
5.88 4.2 -55.1584 -66.6154 -55.1584
5.88 4.4 -49.6816 -66.2206 -49.6816
5.88 4.6 -47.89 -66.3667 -47.89
5.88 4.8 -47.5268 -66.7097 -47.5268
5.88 5 -47.4754 -66.7883 -47.4754
5.88 5.2 -47.5065 -66.4819 -47.5065
5.88 5.4 -48.1379 -66.031 -48.1379
5.88 5.6 -51.0287 -66.0187 -51.0287
5.88 5.8 -58.4704 -66.1065 -58.4704
5.88 6 -65.6399 -61.1286 -65.6399
5.88 6.2 -66.4031 -53.0594 -66.4031
5.88 6.4 -65.9411 -48.7574 -65.9411
5.88 6.6 -66.0938 -47.3716 -66.0938
5.88 6.8 -66.447 -47.0592 -66.447
5.88 7 -66.762 -47.0665 -66.762
5.88 7.2 -66.9653 -47.1248 -66.9653
5.88 7.4 -67.0728 -47.1654 -67.0728
5.88 7.6 -67.1142 -47.1764 -67.1142
5.88 7.8 -67.1166 -47.1639 -67.1166
5.88 8 -67.1014 -47.1435 -67.1014
5.88 8.2 -67.0928 -47.1353 -67.0928
5.88 8.4 -67.0827 -47.1271 -67.0827
5.88 8.6 -67.0672 -47.1103 -67.0672
5.88 8.8 -67.0607 -47.0993 -67.0607
5.88 9 -67.05 -47.0891 -67.05
5.88 9.2 -67.0258 -47.0649 -67.0258
5.88 9.4 -65.3056 -45.3419 -65.3056
5.88 9.6 -57.5938 -37.6372 -57.5938
5.88 9.8 -99.3381 -79.3756 -99.3381
