0 0 -4.45828 25.5405 -4.45828
0 0.2 -5.72425 24.2746 -5.72425
0 0.4 -4.08531 25.9138 -4.08531
0 0.6 -3.77175 26.2274 -3.77175
0 0.8 -3.77323 26.2259 -3.77323
0 1 -3.77576 26.2233 -3.77576
0 1.2 -3.7802 26.2186 -3.7802
0 1.4 -3.78743 26.211 -3.78743
0 1.6 -3.7982 26.2 -3.7982
0 1.8 -3.81304 26.1849 -3.81304
0 2 -3.83109 26.1663 -3.83109
0 2.2 -3.84749 26.1482 -3.84749
0 2.4 -3.84977 26.1409 -3.84977
0 2.6 -3.81249 26.1646 -3.81249
0 2.8 -3.69698 26.2449 -3.69698
0 3 -3.46298 26.3886 -3.46298
0 3.2 -3.10525 26.5113 -3.10525
0 3.4 -2.78318 26.1639 -2.78318
0 3.6 -3.40964 23.1958 -3.40964
0 3.8 -6.74 10.118 -6.74
0 4 3.97814 -6.32927 3.97814
0 4.2 20.9938 -4.13288 20.9938
0 4.4 25.625 -3.01807 25.625
0 4.6 26.2174 -3.28628 26.2174
0 4.8 26.2125 -3.47233 26.2125
0 5 26.2083 -3.2883 26.2083
0 5.2 25.5842 -3.0281 25.5842
0 5.4 20.7844 -4.19929 20.7844
0 5.6 3.51568 -6.24015 3.51568
0 5.8 -6.6923 10.5139 -6.6923
0 6 -3.37451 23.3125 -3.37451
0 6.2 -2.78088 26.1859 -2.78088
0 6.4 -3.10708 26.5155 -3.10708
0 6.6 -3.46535 26.3886 -3.46535
0 6.8 -3.69908 26.2442 -3.69908
0 7 -3.8147 26.1635 -3.8147
0 7.2 -3.85232 26.1394 -3.85232
0 7.4 -3.85024 26.1464 -3.85024
0 7.6 -3.83397 26.1644 -3.83397
0 7.8 -3.81626 26.1826 -3.81626
0 8 -3.80178 26.1973 -3.80178
0 8.2 -3.79139 26.2077 -3.79139
0 8.4 -3.7847 26.2143 -3.7847
0 8.6 -3.78079 26.218 -3.78079
0 8.8 -3.77862 26.2199 -3.77862
0 9 -3.77772 26.2206 -3.77772
0 9.2 -3.77579 26.2223 -3.77579
0 9.4 -2.20974 27.7882 -2.20974
0 9.6 2.17815 32.176 2.17815
0 9.8 -22.0373 7.9602 -22.0373
0.2 0 -6.97411 23.0246 -6.97411
0.2 0.2 -8.28865 21.7102 -8.28865
0.2 0.4 -6.6548 23.3442 -6.6548
0.2 0.6 -6.3451 23.654 -6.3451
0.2 0.8 -6.34661 23.6524 -6.34661
0.2 1 -6.34889 23.65 -6.34889
0.2 1.2 -6.35326 23.6454 -6.35326
0.2 1.4 -6.36034 23.638 -6.36034
0.2 1.6 -6.3709 23.6271 -6.3709
0.2 1.8 -6.38564 23.6121 -6.38564
0.2 2 -6.40345 23.5937 -6.40345
0.2 2.2 -6.41956 23.5758 -6.41956
0.2 2.4 -6.42138 23.5689 -6.42138
0.2 2.6 -6.38327 23.5933 -6.38327
0.2 2.8 -6.26635 23.6747 -6.26635
0.2 3 -6.0297 23.8206 -6.0297
0.2 3.2 -5.6672 23.947 -5.6672
0.2 3.4 -5.33839 23.6031 -5.33839
0.2 3.6 -5.95761 20.6325 -5.95761
0.2 3.8 -9.2746 7.54774 -9.2746
0.2 4 1.47324 -8.82865 1.47324
0.2 4.2 18.5046 -6.61317 18.5046
0.2 4.4 23.1433 -5.49696 23.1433
0.2 4.6 23.7327 -5.7702 23.7327
0.2 4.8 23.726 -5.95852 23.726
0.2 5 23.7241 -5.77226 23.7241
0.2 5.2 23.1071 -5.50548 23.1071
0.2 5.4 18.3182 -6.67126 18.3182
0.2 5.6 1.06136 -8.75019 1.06136
0.2 5.8 -9.2319 7.90213 -9.2319
0.2 6 -5.92591 20.738 -5.92591
0.2 6.2 -5.33478 23.6245 -5.33478
0.2 6.4 -5.66701 23.9525 -5.66701
0.2 6.6 -6.02961 23.8229 -6.02961
0.2 6.8 -6.26602 23.6764 -6.26602
0.2 7 -6.38293 23.5948 -6.38293
0.2 7.2 -6.42105 23.5703 -6.42105
0.2 7.4 -6.41916 23.5772 -6.41916
0.2 7.6 -6.40294 23.5952 -6.40294
0.2 7.8 -6.38514 23.6136 -6.38514
0.2 8 -6.37056 23.6283 -6.37056
0.2 8.2 -6.35999 23.6389 -6.35999
0.2 8.4 -6.35324 23.6456 -6.35324
0.2 8.6 -6.34921 23.6494 -6.34921
0.2 8.8 -6.34704 23.6514 -6.34704
0.2 9 -6.34617 23.652 -6.34617
0.2 9.2 -6.34565 23.6523 -6.34565
0.2 9.4 -4.76739 25.2304 -4.76739
0.2 9.6 -0.235214 29.7625 -0.235214
0.2 9.8 -24.9877 5.00976 -24.9877
0.4 0 -4.39211 25.6063 -4.39211
0.4 0.2 -5.73972 24.2589 -5.73972
0.4 0.4 -4.12539 25.8735 -4.12539
0.4 0.6 -3.82334 26.1755 -3.82334
0.4 0.8 -3.82527 26.1734 -3.82527
0.4 1 -3.82743 26.1712 -3.82743
0.4 1.2 -3.83197 26.1664 -3.83197
0.4 1.4 -3.83921 26.1589 -3.83921
0.4 1.6 -3.84958 26.1482 -3.84958
0.4 1.8 -3.86438 26.133 -3.86438
0.4 2 -3.88197 26.1149 -3.88197
0.4 2.2 -3.89768 26.0974 -3.89768
0.4 2.4 -3.89977 26.0902 -3.89977
0.4 2.6 -3.86191 26.1144 -3.86191
0.4 2.8 -3.74625 26.195 -3.74625
0.4 3 -3.51306 26.3385 -3.51306
0.4 3.2 -3.15469 26.4634 -3.15469
0.4 3.4 -2.83127 26.1209 -2.83127
0.4 3.6 -3.45132 23.1696 -3.45132
0.4 3.8 -6.79095 10.1092 -6.79095
0.4 4 3.92668 -6.35515 3.92668
0.4 4.2 21.0377 -4.1005 21.0377
0.4 4.4 25.6646 -2.98636 25.6646
0.4 4.6 26.2499 -3.25808 26.2499
0.4 4.8 26.2456 -3.44287 26.2456
0.4 5 26.245 -3.25827 26.245
0.4 5.2 25.6377 -2.99407 25.6377
0.4 5.4 20.9007 -4.15191 20.9007
0.4 5.6 3.66715 -6.3041 3.66715
0.4 5.8 -6.76089 10.3386 -6.76089
0.4 6 -3.41799 23.2534 -3.41799
0.4 6.2 -2.82866 26.1361 -2.82866
0.4 6.4 -3.15621 26.4654 -3.15621
0.4 6.6 -3.5138 26.3393 -3.5138
0.4 6.8 -3.74698 26.1954 -3.74698
0.4 7 -3.86205 26.1154 -3.86205
0.4 7.2 -3.89938 26.0916 -3.89938
0.4 7.4 -3.8972 26.0989 -3.8972
0.4 7.6 -3.88153 26.1163 -3.88153
0.4 7.8 -3.8635 26.1349 -3.8635
0.4 8 -3.84895 26.1497 -3.84895
0.4 8.2 -3.83838 26.1603 -3.83838
0.4 8.4 -3.832 26.1667 -3.832
0.4 8.6 -3.82782 26.1705 -3.82782
0.4 8.8 -3.82601 26.1722 -3.82601
0.4 9 -3.82488 26.173 -3.82488
0.4 9.2 -3.82384 26.1737 -3.82384
0.4 9.4 -2.25692 27.7404 -2.25692
0.4 9.6 2.15547 32.1527 2.15547
0.4 9.8 -22.1312 7.86601 -22.1312
0.6 0 -4.40032 25.5979 -4.40032
0.6 0.2 -5.74702 24.2514 -5.74702
0.6 0.4 -4.13748 25.8612 -4.13748
0.6 0.6 -3.83603 26.1626 -3.83603
0.6 0.8 -3.83798 26.1605 -3.83798
0.6 1 -3.84017 26.1583 -3.84017
0.6 1.2 -3.84479 26.1535 -3.84479
0.6 1.4 -3.85201 26.146 -3.85201
0.6 1.6 -3.86234 26.1354 -3.86234
0.6 1.8 -3.87727 26.1201 -3.87727
0.6 2 -3.89492 26.1019 -3.89492
0.6 2.2 -3.91066 26.0844 -3.91066
0.6 2.4 -3.91287 26.0771 -3.91287
0.6 2.6 -3.87522 26.1011 -3.87522
0.6 2.8 -3.75993 26.1815 -3.75993
0.6 3 -3.52683 26.3255 -3.52683
0.6 3.2 -3.16783 26.4523 -3.16783
0.6 3.4 -2.84304 26.1147 -2.84304
0.6 3.6 -3.45827 23.1794 -3.45827
0.6 3.8 -6.80571 10.1438 -6.80571
0.6 4 3.87116 -6.36849 3.87116
0.6 4.2 21.0161 -4.11972 21.0161
0.6 4.4 25.6526 -3.00036 25.6526
0.6 4.6 26.2375 -3.27225 26.2375
0.6 4.8 26.2327 -3.45777 26.2327
0.6 5 26.234 -3.27322 26.234
0.6 5.2 25.6376 -3.00549 25.6376
0.6 5.4 20.9429 -4.15009 20.9429
0.6 5.6 3.75057 -6.34568 3.75057
0.6 5.8 -6.79024 10.2535 -6.79024
0.6 6 -3.43763 23.226 -3.43763
0.6 6.2 -2.84139 26.1228 -2.84139
0.6 6.4 -3.16883 26.4528 -3.16883
0.6 6.6 -3.5269 26.3262 -3.5269
0.6 6.8 -3.76026 26.1821 -3.76026
0.6 7 -3.87529 26.1021 -3.87529
0.6 7.2 -3.91249 26.0785 -3.91249
0.6 7.4 -3.9102 26.0858 -3.9102
0.6 7.6 -3.8945 26.1033 -3.8945
0.6 7.8 -3.87643 26.1219 -3.87643
0.6 8 -3.86181 26.1367 -3.86181
0.6 8.2 -3.85106 26.1475 -3.85106
0.6 8.4 -3.84463 26.1539 -3.84463
0.6 8.6 -3.84042 26.1577 -3.84042
0.6 8.8 -3.83866 26.1594 -3.83866
0.6 9 -3.83769 26.16 -3.83769
0.6 9.2 -3.83682 26.1605 -3.83682
0.6 9.4 -2.27048 27.7266 -2.27048
0.6 9.6 2.13893 32.136 2.13893
0.6 9.8 -22.1398 7.85723 -22.1398
0.8 0 -4.39987 25.5982 -4.39987
0.8 0.2 -5.74697 24.2513 -5.74697
0.8 0.4 -4.13767 25.8609 -4.13767
0.8 0.6 -3.83629 26.1623 -3.83629
0.8 0.8 -3.83821 26.1602 -3.83821
0.8 1 -3.84037 26.1581 -3.84037
0.8 1.2 -3.84484 26.1536 -3.84484
0.8 1.4 -3.85194 26.1462 -3.85194
0.8 1.6 -3.86222 26.1357 -3.86222
0.8 1.8 -3.87717 26.1204 -3.87717
0.8 2 -3.89487 26.1021 -3.89487
0.8 2.2 -3.9106 26.0846 -3.9106
0.8 2.4 -3.91292 26.0773 -3.91292
0.8 2.6 -3.87555 26.1011 -3.87555
0.8 2.8 -3.7606 26.1813 -3.7606
0.8 3 -3.52764 26.3253 -3.52764
0.8 3.2 -3.16837 26.453 -3.16837
0.8 3.4 -2.8425 26.1186 -2.8425
0.8 3.6 -3.45355 23.1954 -3.45355
0.8 3.8 -6.80304 10.1861 -6.80304
0.8 4 3.82732 -6.36192 3.82732
0.8 4.2 20.9999 -4.12591 20.9999
0.8 4.4 25.6509 -3.00127 25.6509
0.8 4.6 26.2378 -3.27291 26.2378
0.8 4.8 26.2331 -3.45907 26.2331
0.8 5 26.2357 -3.27466 26.2357
0.8 5.2 25.6469 -3.00432 25.6469
0.8 5.4 20.9858 -4.13753 20.9858
0.8 5.6 3.83459 -6.36535 3.83459
0.8 5.8 -6.80062 10.1855 -6.80062
0.8 6 -3.44417 23.2075 -3.44417
0.8 6.2 -2.84167 26.12 -2.84167
0.8 6.4 -3.16861 26.4524 -3.16861
0.8 6.6 -3.527 26.3261 -3.527
0.8 6.8 -3.76038 26.1822 -3.76038
0.8 7 -3.87536 26.1024 -3.87536
0.8 7.2 -3.91251 26.0788 -3.91251
0.8 7.4 -3.91017 26.0861 -3.91017
0.8 7.6 -3.8945 26.1035 -3.8945
0.8 7.8 -3.87647 26.1221 -3.87647
0.8 8 -3.86184 26.1369 -3.86184
0.8 8.2 -3.85106 26.1476 -3.85106
0.8 8.4 -3.84465 26.1539 -3.84465
0.8 8.6 -3.84047 26.1576 -3.84047
0.8 8.8 -3.83872 26.1593 -3.83872
0.8 9 -3.8378 26.1599 -3.8378
0.8 9.2 -3.83711 26.1602 -3.83711
0.8 9.4 -2.27084 27.7263 -2.27084
0.8 9.6 2.13834 32.1355 2.13834
0.8 9.8 -22.1397 7.85739 -22.1397
1 0 -4.39946 25.5984 -4.39946
1 0.2 -5.74681 24.2512 -5.74681
1 0.4 -4.13712 25.8612 -4.13712
1 0.6 -3.83567 26.1625 -3.83567
1 0.8 -3.83755 26.1605 -3.83755
1 1 -3.83958 26.1586 -3.83958
1 1.2 -3.84389 26.1542 -3.84389
1 1.4 -3.85091 26.147 -3.85091
1 1.6 -3.86121 26.1365 -3.86121
1 1.8 -3.87623 26.1211 -3.87623
1 2 -3.89397 26.1029 -3.89397
1 2.2 -3.9097 26.0854 -3.9097
1 2.4 -3.91211 26.0781 -3.91211
1 2.6 -3.87499 26.1017 -3.87499
1 2.8 -3.76037 26.1816 -3.76037
1 3 -3.52768 26.3256 -3.52768
1 3.2 -3.16842 26.4537 -3.16842
1 3.4 -2.84168 26.1218 -2.84168
1 3.6 -3.44863 23.2093 -3.44863
1 3.8 -6.79815 10.2263 -6.79815
1 4 3.78411 -6.35278 3.78411
1 4.2 20.9817 -4.13177 20.9817
1 4.4 25.649 -3.00135 25.649
1 4.6 26.2392 -3.27203 26.2392
1 4.8 26.2351 -3.45852 26.2351
1 5 26.2384 -3.27454 26.2384
1 5.2 25.6547 -3.00285 25.6547
1 5.4 21.0204 -4.12685 21.0204
1 5.6 3.9066 -6.37992 3.9066
1 5.8 -6.80733 10.126 -6.80733
1 6 -3.44921 23.1901 -3.44921
1 6.2 -2.84132 26.1172 -2.84132
1 6.4 -3.16769 26.4524 -3.16769
1 6.6 -3.52618 26.3266 -3.52618
1 6.8 -3.75954 26.183 -3.75954
1 7 -3.87445 26.1032 -3.87445
1 7.2 -3.91155 26.0797 -3.91155
1 7.4 -3.90923 26.0869 -3.90923
1 7.6 -3.89361 26.1042 -3.89361
1 7.8 -3.87559 26.1229 -3.87559
1 8 -3.86094 26.1376 -3.86094
1 8.2 -3.85018 26.1483 -3.85018
1 8.4 -3.84384 26.1544 -3.84384
1 8.6 -3.83971 26.158 -3.83971
1 8.8 -3.83796 26.1596 -3.83796
1 9 -3.83708 26.1602 -3.83708
1 9.2 -3.83643 26.1605 -3.83643
1 9.4 -2.27005 27.7267 -2.27005
1 9.6 2.13943 32.1363 2.13943
1 9.8 -22.1392 7.85766 -22.1392
1.2 0 -4.39902 25.5987 -4.39902
1.2 0.2 -5.7468 24.2511 -5.7468
1.2 0.4 -4.13743 25.8607 -4.13743
1.2 0.6 -3.83606 26.1619 -3.83606
1.2 0.8 -3.83783 26.16 -3.83783
1.2 1 -3.83972 26.1582 -3.83972
1.2 1.2 -3.84394 26.1538 -3.84394
1.2 1.4 -3.85093 26.1467 -3.85093
1.2 1.6 -3.86125 26.1362 -3.86125
1.2 1.8 -3.8763 26.1208 -3.8763
1.2 2 -3.89406 26.1025 -3.89406
1.2 2.2 -3.90978 26.085 -3.90978
1.2 2.4 -3.91218 26.0777 -3.91218
1.2 2.6 -3.87515 26.1012 -3.87515
1.2 2.8 -3.7607 26.1811 -3.7607
1.2 3 -3.52818 26.3249 -3.52818
1.2 3.2 -3.16892 26.4534 -3.16892
1.2 3.4 -2.84143 26.1236 -2.84143
1.2 3.6 -3.44456 23.2208 -3.44456
1.2 3.8 -6.79325 10.2631 -6.79325
1.2 4 3.74323 -6.34315 3.74323
1.2 4.2 20.9636 -4.13678 20.9636
1.2 4.4 25.6467 -3.00077 25.6467
1.2 4.6 26.2403 -3.27044 26.2403
1.2 4.8 26.2367 -3.45725 26.2367
1.2 5 26.2405 -3.2738 26.2405
1.2 5.2 25.6609 -3.00119 25.6609
1.2 5.4 21.0488 -4.11754 21.0488
1.2 5.6 3.96714 -6.39112 3.96714
1.2 5.8 -6.81256 10.0749 -6.81256
1.2 6 -3.45379 23.1741 -3.45379
1.2 6.2 -2.84128 26.1139 -2.84128
1.2 6.4 -3.16711 26.4516 -3.16711
1.2 6.6 -3.52576 26.3263 -3.52576
1.2 6.8 -3.75928 26.1828 -3.75928
1.2 7 -3.87429 26.103 -3.87429
1.2 7.2 -3.91149 26.0794 -3.91149
1.2 7.4 -3.90928 26.0866 -3.90928
1.2 7.6 -3.89372 26.1039 -3.89372
1.2 7.8 -3.87567 26.1226 -3.87567
1.2 8 -3.86101 26.1374 -3.86101
1.2 8.2 -3.85031 26.1479 -3.85031
1.2 8.4 -3.84408 26.1539 -3.84408
1.2 8.6 -3.84003 26.1574 -3.84003
1.2 8.8 -3.8383 26.159 -3.8383
1.2 9 -3.8374 26.1596 -3.8374
1.2 9.2 -3.83676 26.1599 -3.83676
1.2 9.4 -2.27045 27.726 -2.27045
1.2 9.6 2.13905 32.1356 2.13905
1.2 9.8 -22.139 7.85756 -22.139
1.4 0 -4.39844 25.5992 -4.39844
1.4 0.2 -5.74664 24.2512 -5.74664
1.4 0.4 -4.13755 25.8604 -4.13755
1.4 0.6 -3.83626 26.1615 -3.83626
1.4 0.8 -3.83796 26.1597 -3.83796
1.4 1 -3.83975 26.1579 -3.83975
1.4 1.2 -3.84391 26.1536 -3.84391
1.4 1.4 -3.85085 26.1465 -3.85085
1.4 1.6 -3.86111 26.1361 -3.86111
1.4 1.8 -3.87611 26.1209 -3.87611
1.4 2 -3.89379 26.1026 -3.89379
1.4 2.2 -3.90939 26.0852 -3.90939
1.4 2.4 -3.91161 26.078 -3.91161
1.4 2.6 -3.8744 26.1018 -3.8744
1.4 2.8 -3.75982 26.1818 -3.75982
1.4 3 -3.52727 26.3258 -3.52727
1.4 3.2 -3.16798 26.4547 -3.16798
1.4 3.4 -2.84002 26.1266 -2.84002
1.4 3.6 -3.44007 23.2321 -3.44007
1.4 3.8 -6.78821 10.2971 -6.78821
1.4 4 3.70571 -6.33388 3.70571
1.4 4.2 20.9465 -4.14121 20.9465
1.4 4.4 25.6442 -3.00013 25.6442
1.4 4.6 26.2406 -3.26907 26.2406
1.4 4.8 26.2373 -3.4563 26.2373
1.4 5 26.2415 -3.27331 26.2415
1.4 5.2 25.6654 -2.99985 25.6654
1.4 5.4 21.0716 -4.10982 21.0716
1.4 5.6 4.01676 -6.39973 4.01676
1.4 5.8 -6.81617 10.0334 -6.81617
1.4 6 -3.45665 23.1618 -3.45665
1.4 6.2 -2.83991 26.1126 -2.83991
1.4 6.4 -3.1651 26.4526 -3.1651
1.4 6.6 -3.52395 26.3276 -3.52395
1.4 6.8 -3.75786 26.1839 -3.75786
1.4 7 -3.87326 26.1038 -3.87326
1.4 7.2 -3.91081 26.0799 -3.91081
1.4 7.4 -3.90887 26.0868 -3.90887
1.4 7.6 -3.89345 26.1041 -3.89345
1.4 7.8 -3.87547 26.1227 -3.87547
1.4 8 -3.86087 26.1374 -3.86087
1.4 8.2 -3.85026 26.1479 -3.85026
1.4 8.4 -3.84414 26.1537 -3.84414
1.4 8.6 -3.84018 26.1571 -3.84018
1.4 8.8 -3.83849 26.1586 -3.83849
1.4 9 -3.8376 26.1592 -3.8376
1.4 9.2 -3.83695 26.1595 -3.83695
1.4 9.4 -2.27069 27.7256 -2.27069
1.4 9.6 2.13882 32.1351 2.13882
1.4 9.8 -22.1388 7.85766 -22.1388
1.6 0 -4.39753 25.6002 -4.39753
1.6 0.2 -5.7459 24.252 -5.7459
1.6 0.4 -4.13634 25.8618 -4.13634
1.6 0.6 -3.83491 26.1631 -3.83491
1.6 0.8 -3.83659 26.1612 -3.83659
1.6 1 -3.83837 26.1594 -3.83837
1.6 1.2 -3.84251 26.1552 -3.84251
1.6 1.4 -3.84946 26.1481 -3.84946
1.6 1.6 -3.85978 26.1376 -3.85978
1.6 1.8 -3.87491 26.1222 -3.87491
1.6 2 -3.89282 26.1037 -3.89282
1.6 2.2 -3.90869 26.086 -3.90869
1.6 2.4 -3.91121 26.0784 -3.91121
1.6 2.6 -3.87432 26.1018 -3.87432
1.6 2.8 -3.76011 26.1814 -3.76011
1.6 3 -3.52791 26.3251 -3.52791
1.6 3.2 -3.16888 26.454 -3.16888
1.6 3.4 -2.84066 26.1273 -2.84066
1.6 3.6 -3.43789 23.2402 -3.43789
1.6 3.8 -6.78508 10.326 -6.78508
1.6 4 3.6708 -6.32684 3.6708
1.6 4.2 20.9297 -4.14663 20.9297
1.6 4.4 25.6404 -3.00115 25.6404
1.6 4.6 26.239 -3.26962 26.239
1.6 4.8 26.236 -3.45731 26.236
1.6 5 26.2404 -3.27471 26.2404
1.6 5.2 25.6672 -3.00045 25.6672
1.6 5.4 21.0882 -4.10514 21.0882
1.6 5.6 4.05496 -6.40771 4.05496
1.6 5.8 -6.82028 9.99873 -6.82028
1.6 6 -3.46055 23.1501 -3.46055
1.6 6.2 -2.84042 26.1099 -2.84042
1.6 6.4 -3.16498 26.4518 -3.16498
1.6 6.6 -3.52377 26.3273 -3.52377
1.6 6.8 -3.75764 26.1839 -3.75764
1.6 7 -3.87293 26.104 -3.87293
1.6 7.2 -3.9103 26.0804 -3.9103
1.6 7.4 -3.90814 26.0877 -3.90814
1.6 7.6 -3.89245 26.1053 -3.89245
1.6 7.8 -3.87423 26.1242 -3.87423
1.6 8 -3.85947 26.1391 -3.85947
1.6 8.2 -3.84879 26.1496 -3.84879
1.6 8.4 -3.84266 26.1555 -3.84266
1.6 8.6 -3.83873 26.1588 -3.83873
1.6 8.8 -3.83708 26.1602 -3.83708
1.6 9 -3.83619 26.1608 -3.83619
1.6 9.2 -3.83547 26.1612 -3.83547
1.6 9.4 -2.26902 27.7275 -2.26902
1.6 9.6 2.14069 32.1372 2.14069
1.6 9.8 -22.1375 7.85913 -22.1375
1.8 0 -4.3966 25.6014 -4.3966
1.8 0.2 -5.74533 24.2529 -5.74533
1.8 0.4 -4.13603 25.8623 -4.13603
1.8 0.6 -3.83473 26.1635 -3.83473
1.8 0.8 -3.83649 26.1616 -3.83649
1.8 1 -3.83828 26.1598 -3.83828
1.8 1.2 -3.84238 26.1556 -3.84238
1.8 1.4 -3.84926 26.1486 -3.84926
1.8 1.6 -3.85952 26.1382 -3.85952
1.8 1.8 -3.87464 26.1229 -3.87464
1.8 2 -3.89256 26.1043 -3.89256
1.8 2.2 -3.90844 26.0865 -3.90844
1.8 2.4 -3.91093 26.0789 -3.91093
1.8 2.6 -3.87399 26.1023 -3.87399
1.8 2.8 -3.75975 26.182 -3.75975
1.8 3 -3.52755 26.3258 -3.52755
1.8 3.2 -3.16852 26.455 -3.16852
1.8 3.4 -2.83999 26.1295 -2.83999
1.8 3.6 -3.43489 23.2487 -3.43489
1.8 3.8 -6.78137 10.3521 -6.78137
1.8 4 3.64173 -6.3197 3.64173
1.8 4.2 20.9162 -4.15024 20.9162
1.8 4.4 25.638 -3.00087 25.638
1.8 4.6 26.2388 -3.26884 26.2388
1.8 4.8 26.2359 -3.4569 26.2359
1.8 5 26.2405 -3.27472 26.2405
1.8 5.2 25.6695 -2.99995 25.6695
1.8 5.4 21.102 -4.10055 21.102
1.8 5.6 4.0858 -6.41293 4.0858
1.8 5.8 -6.82252 9.97266 -6.82252
1.8 6 -3.46244 23.1424 -3.46244
1.8 6.2 -2.83951 26.1094 -2.83951
1.8 6.4 -3.16365 26.4528 -3.16365
1.8 6.6 -3.52263 26.3284 -3.52263
1.8 6.8 -3.75681 26.1848 -3.75681
1.8 7 -3.87237 26.1047 -3.87237
1.8 7.2 -3.90991 26.081 -3.90991
1.8 7.4 -3.90782 26.0883 -3.90782
1.8 7.6 -3.89213 26.106 -3.89213
1.8 7.8 -3.87387 26.125 -3.87387
1.8 8 -3.85909 26.1399 -3.85909
1.8 8.2 -3.84841 26.1504 -3.84841
1.8 8.4 -3.84231 26.1562 -3.84231
1.8 8.6 -3.83844 26.1595 -3.83844
1.8 8.8 -3.83686 26.1608 -3.83686
1.8 9 -3.836 26.1614 -3.836
1.8 9.2 -3.83525 26.1618 -3.83525
1.8 9.4 -2.26875 27.7281 -2.26875
1.8 9.6 2.1408 32.1377 2.1408
1.8 9.8 -22.137 7.86002 -22.137
2 0 -4.39595 25.6024 -4.39595
2 0.2 -5.74496 24.2535 -5.74496
2 0.4 -4.13549 25.8631 -4.13549
2 0.6 -3.83423 26.1642 -3.83423
2 0.8 -3.83612 26.1621 -3.83612
2 1 -3.83801 26.1603 -3.83801
2 1.2 -3.84216 26.1561 -3.84216
2 1.4 -3.84902 26.1492 -3.84902
2 1.6 -3.85924 26.1388 -3.85924
2 1.8 -3.87432 26.1235 -3.87432
2 2 -3.89223 26.1049 -3.89223
2 2.2 -3.90811 26.0871 -3.90811
2 2.4 -3.91058 26.0794 -3.91058
2 2.6 -3.87361 26.1028 -3.87361
2 2.8 -3.75935 26.1824 -3.75935
2 3 -3.52715 26.3263 -3.52715
2 3.2 -3.1681 26.4558 -3.1681
2 3.4 -2.83928 26.1314 -2.83928
2 3.6 -3.43225 23.2559 -3.43225
2 3.8 -6.77824 10.3741 -6.77824
2 4 3.61728 -6.31357 3.61728
2 4.2 20.9048 -4.15313 20.9048
2 4.4 25.6359 -3.00073 25.6359
2 4.6 26.2382 -3.26853 26.2382
2 4.8 26.2354 -3.45702 26.2354
2 5 26.2402 -3.27512 26.2402
2 5.2 25.671 -2.99974 25.671
2 5.4 21.1126 -4.09694 21.1126
2 5.6 4.10937 -6.41673 4.10937
2 5.8 -6.82419 9.95273 -6.82419
2 6 -3.46366 23.1366 -3.46366
2 6.2 -2.83851 26.1092 -2.83851
2 6.4 -3.16236 26.4537 -3.16236
2 6.6 -3.52155 26.3294 -3.52155
2 6.8 -3.756 26.1856 -3.756
2 7 -3.87179 26.1054 -3.87179
2 7.2 -3.90948 26.0816 -3.90948
2 7.4 -3.90745 26.0889 -3.90745
2 7.6 -3.89175 26.1066 -3.89175
2 7.8 -3.87345 26.1257 -3.87345
2 8 -3.85864 26.1407 -3.85864
2 8.2 -3.84796 26.1512 -3.84796
2 8.4 -3.84188 26.157 -3.84188
2 8.6 -3.83804 26.1602 -3.83804
2 8.8 -3.8365 26.1615 -3.8365
2 9 -3.83566 26.162 -3.83566
2 9.2 -3.83486 26.1625 -3.83486
2 9.4 -2.26827 27.7288 -2.26827
2 9.6 2.1414 32.1386 2.1414
2 9.8 -22.1366 7.8606 -22.1366
2.2 0 -4.39536 25.6032 -4.39536
2.2 0.2 -5.74468 24.254 -5.74468
2.2 0.4 -4.13527 25.8636 -4.13527
2.2 0.6 -3.83407 26.1645 -3.83407
2.2 0.8 -3.83605 26.1624 -3.83605
2.2 1 -3.83806 26.1604 -3.83806
2.2 1.2 -3.84228 26.1562 -3.84228
2.2 1.4 -3.84916 26.1493 -3.84916
2.2 1.6 -3.85935 26.139 -3.85935
2.2 1.8 -3.8744 26.1236 -3.8744
2.2 2 -3.8923 26.105 -3.8923
2.2 2.2 -3.90816 26.0871 -3.90816
2.2 2.4 -3.91061 26.0794 -3.91061
2.2 2.6 -3.8736 26.1028 -3.8736
2.2 2.8 -3.75928 26.1824 -3.75928
2.2 3 -3.52698 26.3264 -3.52698
2.2 3.2 -3.16775 26.4563 -3.16775
2.2 3.4 -2.83848 26.1331 -2.83848
2.2 3.6 -3.42966 23.2622 -3.42966
2.2 3.8 -6.77515 10.3928 -6.77515
2.2 4 3.59719 -6.3085 3.59719
2.2 4.2 20.8954 -4.15584 20.8954
2.2 4.4 25.6345 -3.00075 25.6345
2.2 4.6 26.2384 -3.26824 26.2384
2.2 4.8 26.2357 -3.45705 26.2357
2.2 5 26.2405 -3.27546 26.2405
2.2 5.2 25.6724 -2.99982 25.6724
2.2 5.4 21.1204 -4.09461 21.1204
2.2 5.6 4.12688 -6.41951 4.12688
2.2 5.8 -6.82487 9.93851 -6.82487
2.2 6 -3.46403 23.1328 -3.46403
2.2 6.2 -2.83741 26.1093 -2.83741
2.2 6.4 -3.16126 26.4543 -3.16126
2.2 6.6 -3.52079 26.3299 -3.52079
2.2 6.8 -3.7556 26.1858 -3.7556
2.2 7 -3.87164 26.1055 -3.87164
2.2 7.2 -3.90947 26.0816 -3.90947
2.2 7.4 -3.90749 26.0889 -3.90749
2.2 7.6 -3.89178 26.1067 -3.89178
2.2 7.8 -3.87346 26.1259 -3.87346
2.2 8 -3.85864 26.1409 -3.85864
2.2 8.2 -3.84795 26.1515 -3.84795
2.2 8.4 -3.84187 26.1573 -3.84187
2.2 8.6 -3.83804 26.1605 -3.83804
2.2 8.8 -3.8365 26.1618 -3.8365
2.2 9 -3.83563 26.1623 -3.83563
2.2 9.2 -3.8348 26.1627 -3.8348
2.2 9.4 -2.2682 27.7291 -2.2682
2.2 9.6 2.14147 32.1388 2.14147
2.2 9.8 -22.1364 7.86095 -22.1364
2.4 0 -4.39473 25.604 -4.39473
2.4 0.2 -5.74426 24.2546 -5.74426
2.4 0.4 -4.13476 25.8642 -4.13476
2.4 0.6 -3.83358 26.1652 -3.83358
2.4 0.8 -3.83562 26.163 -3.83562
2.4 1 -3.83771 26.161 -3.83771
2.4 1.2 -3.84198 26.1568 -3.84198
2.4 1.4 -3.84887 26.1498 -3.84887
2.4 1.6 -3.85907 26.1395 -3.85907
2.4 1.8 -3.87412 26.1241 -3.87412
2.4 2 -3.89203 26.1055 -3.89203
2.4 2.2 -3.90795 26.0875 -3.90795
2.4 2.4 -3.91047 26.0797 -3.91047
2.4 2.6 -3.87355 26.1029 -3.87355
2.4 2.8 -3.7593 26.1825 -3.7593
2.4 3 -3.52702 26.3266 -3.52702
2.4 3.2 -3.16774 26.4568 -3.16774
2.4 3.4 -2.83821 26.1344 -2.83821
2.4 3.6 -3.42799 23.2672 -3.42799
2.4 3.8 -6.77304 10.4077 -6.77304
2.4 4 3.58075 -6.30449 3.58075
2.4 4.2 20.8876 -4.15801 20.8876
2.4 4.4 25.6332 -3.0007 25.6332
2.4 4.6 26.2383 -3.26796 26.2383
2.4 4.8 26.2357 -3.45704 26.2357
2.4 5 26.2404 -3.27572 26.2404
2.4 5.2 25.6731 -2.9999 25.6731
2.4 5.4 21.1257 -4.09297 21.1257
2.4 5.6 4.1392 -6.42156 4.1392
2.4 5.8 -6.82566 9.92824 -6.82566
2.4 6 -3.46459 23.1301 -3.46459
2.4 6.2 -2.83684 26.1094 -2.83684
2.4 6.4 -3.16063 26.4549 -3.16063
2.4 6.6 -3.52037 26.3303 -3.52037
2.4 6.8 -3.75537 26.1861 -3.75537
2.4 7 -3.87149 26.1057 -3.87149
2.4 7.2 -3.90932 26.0819 -3.90932
2.4 7.4 -3.90729 26.0893 -3.90729
2.4 7.6 -3.89152 26.1071 -3.89152
2.4 7.8 -3.87316 26.1264 -3.87316
2.4 8 -3.8583 26.1414 -3.8583
2.4 8.2 -3.8476 26.1521 -3.8476
2.4 8.4 -3.8415 26.158 -3.8415
2.4 8.6 -3.83764 26.1612 -3.83764
2.4 8.8 -3.83607 26.1626 -3.83607
2.4 9 -3.83517 26.163 -3.83517
2.4 9.2 -3.83431 26.1635 -3.83431
2.4 9.4 -2.26766 27.7298 -2.26766
2.4 9.6 2.14202 32.1395 2.14202
2.4 9.8 -22.1359 7.86157 -22.1359
2.6 0 -4.39432 25.6046 -4.39432
2.6 0.2 -5.74401 24.2551 -5.74401
2.6 0.4 -4.13456 25.8646 -4.13456
2.6 0.6 -3.83355 26.1655 -3.83355
2.6 0.8 -3.83568 26.1633 -3.83568
2.6 1 -3.83779 26.1613 -3.83779
2.6 1.2 -3.84207 26.157 -3.84207
2.6 1.4 -3.84897 26.15 -3.84897
2.6 1.6 -3.8592 26.1397 -3.8592
2.6 1.8 -3.87431 26.1242 -3.87431
2.6 2 -3.89233 26.1054 -3.89233
2.6 2.2 -3.9084 26.0872 -3.9084
2.6 2.4 -3.91116 26.0792 -3.91116
2.6 2.6 -3.87453 26.1021 -3.87453
2.6 2.8 -3.76056 26.1814 -3.76056
2.6 3 -3.52851 26.3253 -3.52851
2.6 3.2 -3.16934 26.4555 -3.16934
2.6 3.4 -2.83963 26.1337 -2.83963
2.6 3.6 -3.4281 23.2696 -3.4281
2.6 3.8 -6.77207 10.4185 -6.77207
2.6 4 3.5684 -6.30105 3.5684
2.6 4.2 20.8824 -4.15896 20.8824
2.6 4.4 25.6329 -3.00006 25.6329
2.6 4.6 26.2388 -3.26739 26.2388
2.6 4.8 26.236 -3.45682 26.236
2.6 5 26.2408 -3.27563 26.2408
2.6 5.2 25.6743 -2.99946 25.6743
2.6 5.4 21.1303 -4.09115 21.1303
2.6 5.6 4.14836 -6.42268 4.14836
2.6 5.8 -6.82686 9.92016 -6.82686
2.6 6 -3.4663 23.1267 -3.4663
2.6 6.2 -2.83799 26.1079 -2.83799
2.6 6.4 -3.16172 26.4538 -3.16172
2.6 6.6 -3.52149 26.3292 -3.52149
2.6 6.8 -3.75643 26.1851 -3.75643
2.6 7 -3.87239 26.1049 -3.87239
2.6 7.2 -3.91001 26.0813 -3.91001
2.6 7.4 -3.90777 26.089 -3.90777
2.6 7.6 -3.89185 26.107 -3.89185
2.6 7.8 -3.87337 26.1264 -3.87337
2.6 8 -3.85844 26.1416 -3.85844
2.6 8.2 -3.84768 26.1523 -3.84768
2.6 8.4 -3.84153 26.1583 -3.84153
2.6 8.6 -3.83763 26.1616 -3.83763
2.6 8.8 -3.83603 26.163 -3.83603
2.6 9 -3.83513 26.1635 -3.83513
2.6 9.2 -3.8343 26.1638 -3.8343
2.6 9.4 -2.26766 27.7301 -2.26766
2.6 9.6 2.1422 32.1399 2.1422
2.6 9.8 -22.1359 7.86183 -22.1359
2.8 0 -4.39419 25.6048 -4.39419
2.8 0.2 -5.74362 24.2555 -5.74362
2.8 0.4 -4.13427 25.8651 -4.13427
2.8 0.6 -3.83328 26.1659 -3.83328
2.8 0.8 -3.83541 26.1638 -3.83541
2.8 1 -3.8375 26.1619 -3.8375
2.8 1.2 -3.84173 26.1577 -3.84173
2.8 1.4 -3.84858 26.1507 -3.84858
2.8 1.6 -3.85874 26.1403 -3.85874
2.8 1.8 -3.87378 26.1249 -3.87378
2.8 2 -3.89168 26.1062 -3.89168
2.8 2.2 -3.90758 26.0881 -3.90758
2.8 2.4 -3.91012 26.0802 -3.91012
2.8 2.6 -3.87326 26.1033 -3.87326
2.8 2.8 -3.75908 26.1828 -3.75908
2.8 3 -3.52685 26.3269 -3.52685
2.8 3.2 -3.16759 26.4573 -3.16759
2.8 3.4 -2.83781 26.1359 -2.83781
2.8 3.6 -3.42568 23.2738 -3.42568
2.8 3.8 -6.76996 10.4282 -6.76996
2.8 4 3.55832 -6.29877 3.55832
2.8 4.2 20.8772 -4.16065 20.8772
2.8 4.4 25.6316 -3.0004 25.6316
2.8 4.6 26.2382 -3.26762 26.2382
2.8 4.8 26.2355 -3.45727 26.2355
2.8 5 26.2402 -3.27626 26.2402
2.8 5.2 25.674 -3.00001 25.674
2.8 5.4 21.1322 -4.09087 21.1322
2.8 5.6 4.15388 -6.42381 4.15388
2.8 5.8 -6.82638 9.91607 -6.82638
2.8 6 -3.46505 23.1267 -3.46505
2.8 6.2 -2.83593 26.1095 -2.83593
2.8 6.4 -3.15957 26.4557 -3.15957
2.8 6.6 -3.51953 26.331 -3.51953
2.8 6.8 -3.75478 26.1867 -3.75478
2.8 7 -3.87107 26.1062 -3.87107
2.8 7.2 -3.90897 26.0824 -3.90897
2.8 7.4 -3.90697 26.0898 -3.90697
2.8 7.6 -3.89123 26.1077 -3.89123
2.8 7.8 -3.87287 26.127 -3.87287
2.8 8 -3.85801 26.1422 -3.85801
2.8 8.2 -3.8473 26.1529 -3.8473
2.8 8.4 -3.84116 26.1589 -3.84116
2.8 8.6 -3.83726 26.1623 -3.83726
2.8 8.8 -3.83566 26.1637 -3.83566
2.8 9 -3.83476 26.1642 -3.83476
2.8 9.2 -3.83393 26.1645 -3.83393
2.8 9.4 -2.26731 27.7307 -2.26731
2.8 9.6 2.14249 32.1404 2.14249
2.8 9.8 -22.1356 7.86237 -22.1356
3 0 -4.39481 25.6042 -4.39481
3 0.2 -5.74346 24.2557 -5.74346
3 0.4 -4.13417 25.8651 -4.13417
3 0.6 -3.83319 26.166 -3.83319
3 0.8 -3.83535 26.1639 -3.83535
3 1 -3.83743 26.162 -3.83743
3 1.2 -3.84162 26.1578 -3.84162
3 1.4 -3.84844 26.1509 -3.84844
3 1.6 -3.8586 26.1405 -3.8586
3 1.8 -3.87365 26.125 -3.87365
3 2 -3.89157 26.1062 -3.89157
3 2.2 -3.90748 26.0881 -3.90748
3 2.4 -3.91004 26.0801 -3.91004
3 2.6 -3.87324 26.1032 -3.87324
3 2.8 -3.75912 26.1826 -3.75912
3 3 -3.52695 26.3266 -3.52695
3 3.2 -3.16771 26.457 -3.16771
3 3.4 -2.83782 26.136 -2.83782
3 3.6 -3.42504 23.2756 -3.42504
3 3.8 -6.76916 10.4345 -6.76916
3 4 3.55085 -6.29724 3.55085
3 4.2 20.8737 -4.16152 20.8737
3 4.4 25.6312 -3.00001 25.6312
3 4.6 26.2384 -3.26696 26.2384
3 4.8 26.2357 -3.4567 26.2357
3 5 26.2403 -3.27592 26.2403
3 5.2 25.6742 -2.99983 25.6742
3 5.4 21.1338 -4.09039 21.1338
3 5.6 4.15746 -6.42469 4.15746
3 5.8 -6.82673 9.91257 -6.82673
3 6 -3.46521 23.1256 -3.46521
3 6.2 -2.83574 26.1092 -2.83574
3 6.4 -3.15938 26.4555 -3.15938
3 6.6 -3.51941 26.3309 -3.51941
3 6.8 -3.75472 26.1865 -3.75472
3 7 -3.87101 26.1061 -3.87101
3 7.2 -3.90891 26.0823 -3.90891
3 7.4 -3.9069 26.0898 -3.9069
3 7.6 -3.89115 26.1077 -3.89115
3 7.8 -3.87277 26.1271 -3.87277
3 8 -3.85791 26.1423 -3.85791
3 8.2 -3.84718 26.1531 -3.84718
3 8.4 -3.84103 26.1592 -3.84103
3 8.6 -3.83712 26.1626 -3.83712
3 8.8 -3.83553 26.164 -3.83553
3 9 -3.83465 26.1644 -3.83465
3 9.2 -3.83383 26.1646 -3.83383
3 9.4 -2.26723 27.7308 -2.26723
3 9.6 2.1425 32.1404 2.1425
3 9.8 -22.1355 7.86243 -22.1355
3.2 0 -4.39597 25.6029 -4.39597
3.2 0.2 -5.74336 24.2557 -5.74336
3.2 0.4 -4.13416 25.8652 -4.13416
3.2 0.6 -3.83316 26.1662 -3.83316
3.2 0.8 -3.83526 26.1641 -3.83526
3.2 1 -3.83729 26.1623 -3.83729
3.2 1.2 -3.84144 26.1582 -3.84144
3.2 1.4 -3.84823 26.1512 -3.84823
3.2 1.6 -3.85837 26.1409 -3.85837
3.2 1.8 -3.8734 26.1254 -3.8734
3.2 2 -3.89127 26.1066 -3.89127
3.2 2.2 -3.90714 26.0886 -3.90714
3.2 2.4 -3.90966 26.0807 -3.90966
3.2 2.6 -3.87286 26.1036 -3.87286
3.2 2.8 -3.75877 26.183 -3.75877
3.2 3 -3.52662 26.3269 -3.52662
3.2 3.2 -3.16738 26.4574 -3.16738
3.2 3.4 -2.83747 26.1365 -2.83747
3.2 3.6 -3.42437 23.2772 -3.42437
3.2 3.8 -6.76842 10.4392 -6.76842
3.2 4 3.54578 -6.29584 3.54578
3.2 4.2 20.8715 -4.16184 20.8715
3.2 4.4 25.6311 -2.99951 25.6311
3.2 4.6 26.2386 -3.26639 26.2386
3.2 4.8 26.2359 -3.45625 26.2359
3.2 5 26.2404 -3.27561 26.2404
3.2 5.2 25.6745 -2.99953 25.6745
3.2 5.4 21.135 -4.0898 21.135
3.2 5.6 4.15995 -6.42497 4.15995
3.2 5.8 -6.82678 9.91059 -6.82678
3.2 6 -3.46507 23.1252 -3.46507
3.2 6.2 -2.83523 26.1096 -2.83523
3.2 6.4 -3.15883 26.456 -3.15883
3.2 6.6 -3.51894 26.3313 -3.51894
3.2 6.8 -3.7543 26.187 -3.7543
3.2 7 -3.87063 26.1066 -3.87063
3.2 7.2 -3.90855 26.0828 -3.90855
3.2 7.4 -3.90659 26.0902 -3.90659
3.2 7.6 -3.89088 26.1081 -3.89088
3.2 7.8 -3.87253 26.1274 -3.87253
3.2 8 -3.85769 26.1426 -3.85769
3.2 8.2 -3.84699 26.1534 -3.84699
3.2 8.4 -3.84086 26.1595 -3.84086
3.2 8.6 -3.83696 26.1629 -3.83696
3.2 8.8 -3.83539 26.1643 -3.83539
3.2 9 -3.83454 26.1647 -3.83454
3.2 9.2 -3.83376 26.1649 -3.83376
3.2 9.4 -2.26723 27.7309 -2.26723
3.2 9.6 2.1425 32.1406 2.1425
3.2 9.8 -22.1355 7.86251 -22.1355
3.4 0 -4.39701 25.6017 -4.39701
3.4 0.2 -5.74324 24.2557 -5.74324
3.4 0.4 -4.13413 25.8651 -4.13413
3.4 0.6 -3.83298 26.1664 -3.83298
3.4 0.8 -3.83495 26.1645 -3.83495
3.4 1 -3.83691 26.1628 -3.83691
3.4 1.2 -3.84104 26.1587 -3.84104
3.4 1.4 -3.84783 26.1517 -3.84783
3.4 1.6 -3.85799 26.1413 -3.85799
3.4 1.8 -3.87303 26.1259 -3.87303
3.4 2 -3.89091 26.1072 -3.89091
3.4 2.2 -3.90681 26.0891 -3.90681
3.4 2.4 -3.90944 26.0811 -3.90944
3.4 2.6 -3.87282 26.1039 -3.87282
3.4 2.8 -3.75898 26.183 -3.75898
3.4 3 -3.52705 26.3267 -3.52705
3.4 3.2 -3.16796 26.457 -3.16796
3.4 3.4 -2.8381 26.1362 -2.8381
3.4 3.6 -3.42466 23.2777 -3.42466
3.4 3.8 -6.76838 10.4421 -6.76838
3.4 4 3.542 -6.2952 3.542
3.4 4.2 20.8698 -4.16249 20.8698
3.4 4.4 25.6308 -2.9996 25.6308
3.4 4.6 26.2387 -3.26635 26.2387
3.4 4.8 26.236 -3.45627 26.236
3.4 5 26.2404 -3.27577 26.2404
3.4 5.2 25.6745 -2.99979 25.6745
3.4 5.4 21.1355 -4.0899 21.1355
3.4 5.6 4.16117 -6.42545 4.16117
3.4 5.8 -6.82723 9.90911 -6.82723
3.4 6 -3.46566 23.1244 -3.46566
3.4 6.2 -2.83573 26.1091 -2.83573
3.4 6.4 -3.15925 26.4557 -3.15925
3.4 6.6 -3.51926 26.3312 -3.51926
3.4 6.8 -3.75447 26.1871 -3.75447
3.4 7 -3.8706 26.1068 -3.8706
3.4 7.2 -3.90836 26.0832 -3.90836
3.4 7.4 -3.90631 26.0907 -3.90631
3.4 7.6 -3.89054 26.1086 -3.89054
3.4 7.8 -3.87218 26.1279 -3.87218
3.4 8 -3.85732 26.1431 -3.85732
3.4 8.2 -3.84662 26.1539 -3.84662
3.4 8.4 -3.84051 26.1599 -3.84051
3.4 8.6 -3.83663 26.1633 -3.83663
3.4 8.8 -3.83508 26.1647 -3.83508
3.4 9 -3.83426 26.165 -3.83426
3.4 9.2 -3.83352 26.1651 -3.83352
3.4 9.4 -2.26705 27.7311 -2.26705
3.4 9.6 2.14257 32.1406 2.14257
3.4 9.8 -22.1353 7.86271 -22.1353
3.6 0 -4.39476 25.6037 -4.39476
3.6 0.2 -5.74359 24.2551 -5.74359
3.6 0.4 -4.13451 25.8646 -4.13451
3.6 0.6 -3.83331 26.166 -3.83331
3.6 0.8 -3.83517 26.1643 -3.83517
3.6 1 -3.83707 26.1626 -3.83707
3.6 1.2 -3.84117 26.1586 -3.84117
3.6 1.4 -3.84794 26.1517 -3.84794
3.6 1.6 -3.85811 26.1413 -3.85811
3.6 1.8 -3.87315 26.1259 -3.87315
3.6 2 -3.89102 26.1073 -3.89102
3.6 2.2 -3.90691 26.0893 -3.90691
3.6 2.4 -3.90957 26.0813 -3.90957
3.6 2.6 -3.87304 26.1041 -3.87304
3.6 2.8 -3.75935 26.1831 -3.75935
3.6 3 -3.52753 26.3266 -3.52753
3.6 3.2 -3.16847 26.4568 -3.16847
3.6 3.4 -2.83851 26.1361 -2.83851
3.6 3.6 -3.42467 23.2782 -3.42467
3.6 3.8 -6.76804 10.4444 -6.76804
3.6 4 3.53978 -6.29439 3.53978
3.6 4.2 20.8689 -4.1625 20.8689
3.6 4.4 25.631 -2.99921 25.631
3.6 4.6 26.2391 -3.2659 26.2391
3.6 4.8 26.2363 -3.45588 26.2363
3.6 5 26.2407 -3.27547 26.2407
3.6 5.2 25.6748 -2.99955 25.6748
3.6 5.4 21.136 -4.0896 21.136
3.6 5.6 4.16207 -6.42532 4.16207
3.6 5.8 -6.82718 9.90866 -6.82718
3.6 6 -3.46583 23.1242 -3.46583
3.6 6.2 -2.83602 26.109 -2.83602
3.6 6.4 -3.15961 26.4556 -3.15961
3.6 6.6 -3.51964 26.3312 -3.51964
3.6 6.8 -3.75481 26.1871 -3.75481
3.6 7 -3.87085 26.107 -3.87085
3.6 7.2 -3.90854 26.0833 -3.90854
3.6 7.4 -3.90646 26.0908 -3.90646
3.6 7.6 -3.8907 26.1086 -3.8907
3.6 7.8 -3.87234 26.1279 -3.87234
3.6 8 -3.85747 26.143 -3.85747
3.6 8.2 -3.84677 26.1538 -3.84677
3.6 8.4 -3.84068 26.1598 -3.84068
3.6 8.6 -3.83685 26.1631 -3.83685
3.6 8.8 -3.83533 26.1644 -3.83533
3.6 9 -3.83455 26.1647 -3.83455
3.6 9.2 -3.83386 26.1648 -3.83386
3.6 9.4 -2.26756 27.7306 -2.26756
3.6 9.6 2.14184 32.1399 2.14184
3.6 9.8 -22.1355 7.86244 -22.1355
3.8 0 -4.38347 25.6147 -4.38347
3.8 0.2 -5.74492 24.2535 -5.74492
3.8 0.4 -4.13459 25.8642 -4.13459
3.8 0.6 -3.83334 26.1656 -3.83334
3.8 0.8 -3.83516 26.1639 -3.83516
3.8 1 -3.83704 26.1623 -3.83704
3.8 1.2 -3.8411 26.1583 -3.8411
3.8 1.4 -3.84787 26.1515 -3.84787
3.8 1.6 -3.85802 26.1411 -3.85802
3.8 1.8 -3.87307 26.1258 -3.87307
3.8 2 -3.89093 26.1072 -3.89093
3.8 2.2 -3.90682 26.0893 -3.90682
3.8 2.4 -3.90955 26.0813 -3.90955
3.8 2.6 -3.87311 26.1041 -3.87311
3.8 2.8 -3.75957 26.1829 -3.75957
3.8 3 -3.52791 26.3263 -3.52791
3.8 3.2 -3.16894 26.4563 -3.16894
3.8 3.4 -2.83891 26.1357 -2.83891
3.8 3.6 -3.42481 23.2783 -3.42481
3.8 3.8 -6.76794 10.4457 -6.76794
3.8 4 3.53824 -6.29401 3.53824
3.8 4.2 20.8685 -4.16251 20.8685
3.8 4.4 25.6314 -2.99879 25.6314
3.8 4.6 26.2397 -3.26533 26.2397
3.8 4.8 26.237 -3.45536 26.237
3.8 5 26.2413 -3.275 26.2413
3.8 5.2 25.6752 -2.99929 25.6752
3.8 5.4 21.1364 -4.08948 21.1364
3.8 5.6 4.16236 -6.42535 4.16236
3.8 5.8 -6.82724 9.90843 -6.82724
3.8 6 -3.46602 23.1239 -3.46602
3.8 6.2 -2.83631 26.1086 -2.83631
3.8 6.4 -3.15994 26.4553 -3.15994
3.8 6.6 -3.51992 26.331 -3.51992
3.8 6.8 -3.75502 26.187 -3.75502
3.8 7 -3.87094 26.107 -3.87094
3.8 7.2 -3.90855 26.0833 -3.90855
3.8 7.4 -3.90647 26.0907 -3.90647
3.8 7.6 -3.89069 26.1085 -3.89069
3.8 7.8 -3.87228 26.1277 -3.87228
3.8 8 -3.85744 26.1428 -3.85744
3.8 8.2 -3.8467 26.1535 -3.8467
3.8 8.4 -3.84067 26.1594 -3.84067
3.8 8.6 -3.83688 26.1627 -3.83688
3.8 8.8 -3.83541 26.1639 -3.83541
3.8 9 -3.83468 26.1641 -3.83468
3.8 9.2 -3.83406 26.1642 -3.83406
3.8 9.4 -2.26777 27.73 -2.26777
3.8 9.6 2.14168 32.1393 2.14168
3.8 9.8 -22.1359 7.86164 -22.1359
4 0 -4.42075 25.5769 -4.42075
4 0.2 -5.74184 24.2563 -5.74184
4 0.4 -4.13439 25.8641 -4.13439
4 0.6 -3.83299 26.1655 -3.83299
4 0.8 -3.83481 26.1638 -3.83481
4 1 -3.83664 26.1623 -3.83664
4 1.2 -3.84069 26.1583 -3.84069
4 1.4 -3.84747 26.1515 -3.84747
4 1.6 -3.85759 26.1413 -3.85759
4 1.8 -3.87262 26.1259 -3.87262
4 2 -3.89055 26.1073 -3.89055
4 2.2 -3.90649 26.0894 -3.90649
4 2.4 -3.90927 26.0814 -3.90927
4 2.6 -3.87295 26.1041 -3.87295
4 2.8 -3.7595 26.1829 -3.7595
4 3 -3.52802 26.3262 -3.52802
4 3.2 -3.16916 26.4562 -3.16916
4 3.4 -2.83909 26.1356 -2.83909
4 3.6 -3.42485 23.2785 -3.42485
4 3.8 -6.76784 10.4466 -6.76784
4 4 3.53754 -6.2933 3.53754
4 4.2 20.8685 -4.16189 20.8685
4 4.4 25.6317 -2.99812 25.6317
4 4.6 26.24 -3.26472 26.24
4 4.8 26.2371 -3.45488 26.2371
4 5 26.2415 -3.27447 26.2415
4 5.2 25.6754 -2.99878 25.6754
4 5.4 21.1367 -4.08888 21.1367
4 5.6 4.1626 -6.42483 4.1626
4 5.8 -6.8272 9.90861 -6.8272
4 6 -3.46607 23.1239 -3.46607
4 6.2 -2.83639 26.1086 -2.83639
4 6.4 -3.16004 26.4552 -3.16004
4 6.6 -3.51994 26.331 -3.51994
4 6.8 -3.75497 26.1871 -3.75497
4 7 -3.87076 26.1071 -3.87076
4 7.2 -3.90833 26.0834 -3.90833
4 7.4 -3.90621 26.0908 -3.90621
4 7.6 -3.8904 26.1085 -3.8904
4 7.8 -3.87193 26.1278 -3.87193
4 8 -3.8571 26.1428 -3.8571
4 8.2 -3.84628 26.1536 -3.84628
4 8.4 -3.84027 26.1594 -3.84027
4 8.6 -3.83654 26.1626 -3.83654
4 8.8 -3.83508 26.1638 -3.83508
4 9 -3.8344 26.164 -3.8344
4 9.2 -3.83382 26.164 -3.83382
4 9.4 -2.26748 27.7299 -2.26748
4 9.6 2.14201 32.1393 2.14201
4 9.8 -22.136 7.86122 -22.136
4.2 0 -4.47762 25.52 -4.47762
4.2 0.2 -5.7369 24.261 -5.7369
4.2 0.4 -4.1346 25.8636 -4.1346
4.2 0.6 -3.83321 26.1651 -3.83321
4.2 0.8 -3.8351 26.1633 -3.8351
4.2 1 -3.83686 26.1618 -3.83686
4.2 1.2 -3.84088 26.1579 -3.84088
4.2 1.4 -3.84762 26.1511 -3.84762
4.2 1.6 -3.85767 26.141 -3.85767
4.2 1.8 -3.87263 26.1257 -3.87263
4.2 2 -3.89055 26.107 -3.89055
4.2 2.2 -3.90641 26.0892 -3.90641
4.2 2.4 -3.90907 26.0814 -3.90907
4.2 2.6 -3.87264 26.1043 -3.87264
4.2 2.8 -3.75902 26.1833 -3.75902
4.2 3 -3.52748 26.3266 -3.52748
4.2 3.2 -3.16854 26.4567 -3.16854
4.2 3.4 -2.8383 26.1364 -2.8383
4.2 3.6 -3.4239 23.2797 -3.4239
4.2 3.8 -6.76711 10.4481 -6.76711
4.2 4 3.53688 -6.29303 3.53688
4.2 4.2 20.8681 -4.16203 20.8681
4.2 4.4 25.6316 -2.99811 25.6316
4.2 4.6 26.2401 -3.26449 26.2401
4.2 4.8 26.2373 -3.45464 26.2373
4.2 5 26.2416 -3.27432 26.2416
4.2 5.2 25.6753 -2.99884 25.6753
4.2 5.4 21.1364 -4.08905 21.1364
4.2 5.6 4.16227 -6.42466 4.16227
4.2 5.8 -6.82649 9.90975 -6.82649
4.2 6 -3.4651 23.125 -3.4651
4.2 6.2 -2.83548 26.1095 -2.83548
4.2 6.4 -3.1593 26.4559 -3.1593
4.2 6.6 -3.51932 26.3316 -3.51932
4.2 6.8 -3.75449 26.1875 -3.75449
4.2 7 -3.8704 26.1073 -3.8704
4.2 7.2 -3.90816 26.0834 -3.90816
4.2 7.4 -3.90615 26.0906 -3.90615
4.2 7.6 -3.89047 26.1082 -3.89047
4.2 7.8 -3.87205 26.1274 -3.87205
4.2 8 -3.85727 26.1424 -3.85727
4.2 8.2 -3.84645 26.1532 -3.84645
4.2 8.4 -3.84042 26.159 -3.84042
4.2 8.6 -3.83678 26.162 -3.83678
4.2 8.8 -3.83531 26.1633 -3.83531
4.2 9 -3.83468 26.1634 -3.83468
4.2 9.2 -3.83413 26.1634 -3.83413
4.2 9.4 -2.26781 27.7293 -2.26781
4.2 9.6 2.14173 32.1387 2.14173
4.2 9.8 -22.1363 7.86068 -22.1363
4.4 0 -4.4925 25.5052 -4.4925
4.4 0.2 -5.73553 24.2624 -5.73553
4.4 0.4 -4.13458 25.8636 -4.13458
4.4 0.6 -3.83329 26.1649 -3.83329
4.4 0.8 -3.83524 26.1631 -3.83524
4.4 1 -3.83695 26.1616 -3.83695
4.4 1.2 -3.84094 26.1578 -3.84094
4.4 1.4 -3.84767 26.151 -3.84767
4.4 1.6 -3.85765 26.1409 -3.85765
4.4 1.8 -3.87259 26.1256 -3.87259
4.4 2 -3.8905 26.1069 -3.8905
4.4 2.2 -3.90628 26.0891 -3.90628
4.4 2.4 -3.90883 26.0814 -3.90883
4.4 2.6 -3.87229 26.1045 -3.87229
4.4 2.8 -3.75854 26.1836 -3.75854
4.4 3 -3.52701 26.327 -3.52701
4.4 3.2 -3.16817 26.457 -3.16817
4.4 3.4 -2.83801 26.1366 -2.83801
4.4 3.6 -3.42369 23.2799 -3.42369
4.4 3.8 -6.76707 10.4485 -6.76707
4.4 4 3.53615 -6.29309 3.53615
4.4 4.2 20.8678 -4.16219 20.8678
4.4 4.4 25.6316 -2.99809 25.6316
4.4 4.6 26.2403 -3.26435 26.2403
4.4 4.8 26.2375 -3.45449 26.2375
4.4 5 26.2417 -3.27425 26.2417
4.4 5.2 25.6752 -2.99889 25.6752
4.4 5.4 21.136 -4.08927 21.136
4.4 5.6 4.16152 -6.42476 4.16152
4.4 5.8 -6.82645 9.91022 -6.82645
4.4 6 -3.46485 23.1253 -3.46485
4.4 6.2 -2.83512 26.1098 -2.83512
4.4 6.4 -3.15884 26.4563 -3.15884
4.4 6.6 -3.51879 26.332 -3.51879
4.4 6.8 -3.75401 26.1878 -3.75401
4.4 7 -3.87001 26.1076 -3.87001
4.4 7.2 -3.90791 26.0835 -3.90791
4.4 7.4 -3.90604 26.0906 -3.90604
4.4 7.6 -3.89045 26.1081 -3.89045
4.4 7.8 -3.87206 26.1273 -3.87206
4.4 8 -3.85733 26.1422 -3.85733
4.4 8.2 -3.84652 26.153 -3.84652
4.4 8.4 -3.84051 26.1588 -3.84051
4.4 8.6 -3.83689 26.1618 -3.83689
4.4 8.8 -3.83541 26.1631 -3.83541
4.4 9 -3.83479 26.1633 -3.83479
4.4 9.2 -3.83425 26.1633 -3.83425
4.4 9.4 -2.26789 27.7292 -2.26789
4.4 9.6 2.14169 32.1387 2.14169
4.4 9.8 -22.1364 7.86058 -22.1364
4.6 0 -4.49397 25.5038 -4.49397
4.6 0.2 -5.73504 24.2629 -5.73504
4.6 0.4 -4.13425 25.864 -4.13425
4.6 0.6 -3.83293 26.1654 -3.83293
4.6 0.8 -3.83486 26.1635 -3.83486
4.6 1 -3.83657 26.1621 -3.83657
4.6 1.2 -3.84054 26.1582 -3.84054
4.6 1.4 -3.84725 26.1514 -3.84725
4.6 1.6 -3.8572 26.1413 -3.8572
4.6 1.8 -3.87209 26.126 -3.87209
4.6 2 -3.88996 26.1074 -3.88996
4.6 2.2 -3.90566 26.0897 -3.90566
4.6 2.4 -3.90813 26.0821 -3.90813
4.6 2.6 -3.8715 26.1052 -3.8715
4.6 2.8 -3.75773 26.1845 -3.75773
4.6 3 -3.52628 26.3277 -3.52628
4.6 3.2 -3.16762 26.4576 -3.16762
4.6 3.4 -2.83761 26.137 -2.83761
4.6 3.6 -3.42329 23.2803 -3.42329
4.6 3.8 -6.76665 10.4494 -6.76665
4.6 4 3.53536 -6.29285 3.53536
4.6 4.2 20.8671 -4.16252 20.8671
4.6 4.4 25.6312 -2.99841 25.6312
4.6 4.6 26.24 -3.26461 26.24
4.6 4.8 26.2372 -3.45473 26.2372
4.6 5 26.2413 -3.27456 26.2413
4.6 5.2 25.6747 -2.99928 25.6747
4.6 5.4 21.1352 -4.08968 21.1352
4.6 5.6 4.16052 -6.42454 4.16052
4.6 5.8 -6.82601 9.9113 -6.82601
4.6 6 -3.46439 23.1258 -3.46439
4.6 6.2 -2.83465 26.1102 -2.83465
4.6 6.4 -3.1582 26.4569 -3.1582
4.6 6.6 -3.518 26.3328 -3.518
4.6 6.8 -3.75316 26.1887 -3.75316
4.6 7 -3.86918 26.1084 -3.86918
4.6 7.2 -3.90716 26.0843 -3.90716
4.6 7.4 -3.90539 26.0912 -3.90539
4.6 7.6 -3.88989 26.1087 -3.88989
4.6 7.8 -3.87156 26.1278 -3.87156
4.6 8 -3.85691 26.1427 -3.85691
4.6 8.2 -3.84614 26.1534 -3.84614
4.6 8.4 -3.84016 26.1591 -3.84016
4.6 8.6 -3.83655 26.1622 -3.83655
4.6 8.8 -3.83504 26.1635 -3.83504
4.6 9 -3.83437 26.1638 -3.83437
4.6 9.2 -3.83378 26.1639 -3.83378
4.6 9.4 -2.26736 27.7299 -2.26736
4.6 9.6 2.1422 32.1394 2.1422
4.6 9.8 -22.1358 7.86128 -22.1358
4.8 0 -4.49344 25.5045 -4.49344
4.8 0.2 -5.73473 24.2634 -5.73473
4.8 0.4 -4.13401 25.8645 -4.13401
4.8 0.6 -3.83275 26.1658 -3.83275
4.8 0.8 -3.83469 26.1639 -3.83469
4.8 1 -3.83644 26.1624 -3.83644
4.8 1.2 -3.84047 26.1584 -3.84047
4.8 1.4 -3.84722 26.1516 -3.84722
4.8 1.6 -3.85717 26.1414 -3.85717
4.8 1.8 -3.87208 26.1262 -3.87208
4.8 2 -3.88995 26.1076 -3.88995
4.8 2.2 -3.90565 26.0899 -3.90565
4.8 2.4 -3.90812 26.0823 -3.90812
4.8 2.6 -3.87146 26.1054 -3.87146
4.8 2.8 -3.75764 26.1847 -3.75764
4.8 3 -3.52616 26.3281 -3.52616
4.8 3.2 -3.1675 26.4579 -3.1675
4.8 3.4 -2.83745 26.1374 -2.83745
4.8 3.6 -3.42296 23.281 -3.42296
4.8 3.8 -6.76625 10.4508 -6.76625
4.8 4 3.53412 -6.2924 3.53412
4.8 4.2 20.8664 -4.16247 20.8664
4.8 4.4 25.6309 -2.99817 25.6309
4.8 4.6 26.2397 -3.26441 26.2397
4.8 4.8 26.2368 -3.45458 26.2368
4.8 5 26.241 -3.27439 26.241
4.8 5.2 25.6744 -2.99909 25.6744
4.8 5.4 21.1344 -4.08972 21.1344
4.8 5.6 4.15898 -6.42412 4.15898
4.8 5.8 -6.8256 9.91296 -6.8256
4.8 6 -3.464 23.1266 -3.464
4.8 6.2 -2.83445 26.1107 -2.83445
4.8 6.4 -3.15802 26.4573 -3.15802
4.8 6.6 -3.51782 26.3332 -3.51782
4.8 6.8 -3.75303 26.189 -3.75303
4.8 7 -3.86909 26.1087 -3.86909
4.8 7.2 -3.9071 26.0845 -3.9071
4.8 7.4 -3.90533 26.0914 -3.90533
4.8 7.6 -3.88984 26.1089 -3.88984
4.8 7.8 -3.87152 26.128 -3.87152
4.8 8 -3.85688 26.1429 -3.85688
4.8 8.2 -3.84612 26.1536 -3.84612
4.8 8.4 -3.84013 26.1594 -3.84013
4.8 8.6 -3.8365 26.1624 -3.8365
4.8 8.8 -3.83493 26.1638 -3.83493
4.8 9 -3.83418 26.1642 -3.83418
4.8 9.2 -3.83354 26.1643 -3.83354
4.8 9.4 -2.26714 27.7303 -2.26714
4.8 9.6 2.14251 32.1399 2.14251
4.8 9.8 -22.1354 7.86192 -22.1354
5 0 -4.49301 25.5051 -4.49301
5 0.2 -5.73448 24.2639 -5.73448
5 0.4 -4.13373 25.8649 -4.13373
5 0.6 -3.83254 26.1661 -3.83254
5 0.8 -3.83457 26.1641 -3.83457
5 1 -3.83642 26.1625 -3.83642
5 1.2 -3.84055 26.1584 -3.84055
5 1.4 -3.84735 26.1515 -3.84735
5 1.6 -3.85733 26.1414 -3.85733
5 1.8 -3.87224 26.1261 -3.87224
5 2 -3.8901 26.1074 -3.8901
5 2.2 -3.9058 26.0897 -3.9058
5 2.4 -3.90824 26.0821 -3.90824
5 2.6 -3.87152 26.1052 -3.87152
5 2.8 -3.75762 26.1846 -3.75762
5 3 -3.52607 26.3279 -3.52607
5 3.2 -3.16735 26.4578 -3.16735
5 3.4 -2.8372 26.1374 -2.8372
5 3.6 -3.42247 23.2814 -3.42247
5 3.8 -6.76585 10.4523 -6.76585
5 4 3.53249 -6.29195 3.53249
5 4.2 20.8658 -4.16229 20.8658
5 4.4 25.6311 -2.99752 25.6311
5 4.6 26.2401 -3.26364 26.2401
5 4.8 26.2372 -3.45382 26.2372
5 5 26.2413 -3.27364 26.2413
5 5.2 25.6746 -2.99848 25.6746
5 5.4 21.1337 -4.0896 21.1337
5 5.6 4.15706 -6.42371 4.15706
5 5.8 -6.82521 9.91466 -6.82521
5 6 -3.46346 23.1271 -3.46346
5 6.2 -2.83418 26.1107 -2.83418
5 6.4 -3.15787 26.4572 -3.15787
5 6.6 -3.51772 26.333 -3.51772
5 6.8 -3.75297 26.1888 -3.75297
5 7 -3.8691 26.1085 -3.8691
5 7.2 -3.90716 26.0844 -3.90716
5 7.4 -3.90543 26.0913 -3.90543
5 7.6 -3.88994 26.1089 -3.88994
5 7.8 -3.87163 26.128 -3.87163
5 8 -3.85699 26.1429 -3.85699
5 8.2 -3.84622 26.1537 -3.84622
5 8.4 -3.84022 26.1595 -3.84022
5 8.6 -3.83654 26.1626 -3.83654
5 8.8 -3.83491 26.164 -3.83491
5 9 -3.83407 26.1645 -3.83407
5 9.2 -3.83337 26.1647 -3.83337
5 9.4 -2.26693 27.7307 -2.26693
5 9.6 2.1428 32.1403 2.1428
5 9.8 -22.1352 7.86233 -22.1352
5.2 0 -4.49066 25.5076 -4.49066
5.2 0.2 -5.73433 24.2642 -5.73433
5.2 0.4 -4.13347 25.8653 -4.13347
5.2 0.6 -3.83227 26.1665 -3.83227
5.2 0.8 -3.8344 26.1645 -3.8344
5.2 1 -3.83636 26.1627 -3.83636
5.2 1.2 -3.84056 26.1586 -3.84056
5.2 1.4 -3.84741 26.1516 -3.84741
5.2 1.6 -3.85743 26.1414 -3.85743
5.2 1.8 -3.87234 26.126 -3.87234
5.2 2 -3.89019 26.1074 -3.89019
5.2 2.2 -3.90589 26.0896 -3.90589
5.2 2.4 -3.90828 26.082 -3.90828
5.2 2.6 -3.87152 26.1051 -3.87152
5.2 2.8 -3.75756 26.1844 -3.75756
5.2 3 -3.52593 26.3278 -3.52593
5.2 3.2 -3.16713 26.4577 -3.16713
5.2 3.4 -2.83692 26.1374 -2.83692
5.2 3.6 -3.42197 23.282 -3.42197
5.2 3.8 -6.76538 10.454 -6.76538
5.2 4 3.53083 -6.29123 3.53083
5.2 4.2 20.8653 -4.16217 20.8653
5.2 4.4 25.6315 -2.99704 25.6315
5.2 4.6 26.2407 -3.26306 26.2407
5.2 4.8 26.2379 -3.45322 26.2379
5.2 5 26.2419 -3.27307 26.2419
5.2 5.2 25.6749 -2.99803 25.6749
5.2 5.4 21.133 -4.08954 21.133
5.2 5.6 4.15515 -6.42306 4.15515
5.2 5.8 -6.82477 9.91659 -6.82477
5.2 6 -3.46293 23.1278 -3.46293
5.2 6.2 -2.8339 26.1107 -2.8339
5.2 6.4 -3.15768 26.4571 -3.15768
5.2 6.6 -3.51759 26.3329 -3.51759
5.2 6.8 -3.75288 26.1887 -3.75288
5.2 7 -3.86907 26.1084 -3.86907
5.2 7.2 -3.90717 26.0843 -3.90717
5.2 7.4 -3.90545 26.0913 -3.90545
5.2 7.6 -3.88999 26.1089 -3.88999
5.2 7.8 -3.8717 26.1281 -3.8717
5.2 8 -3.85705 26.143 -3.85705
5.2 8.2 -3.84628 26.1538 -3.84628
5.2 8.4 -3.84024 26.1597 -3.84024
5.2 8.6 -3.83651 26.1628 -3.83651
5.2 8.8 -3.83482 26.1643 -3.83482
5.2 9 -3.83392 26.1648 -3.83392
5.2 9.2 -3.83312 26.1651 -3.83312
5.2 9.4 -2.2666 27.7312 -2.2666
5.2 9.6 2.14304 32.1407 2.14304
5.2 9.8 -22.1348 7.86283 -22.1348
5.4 0 -4.47526 25.5231 -4.47526
5.4 0.2 -5.73542 24.2632 -5.73542
5.4 0.4 -4.13332 25.8656 -4.13332
5.4 0.6 -3.83224 26.1667 -3.83224
5.4 0.8 -3.83444 26.1646 -3.83444
5.4 1 -3.83648 26.1628 -3.83648
5.4 1.2 -3.84072 26.1586 -3.84072
5.4 1.4 -3.8476 26.1516 -3.8476
5.4 1.6 -3.85769 26.1412 -3.85769
5.4 1.8 -3.87264 26.1258 -3.87264
5.4 2 -3.89051 26.1071 -3.89051
5.4 2.2 -3.90625 26.0893 -3.90625
5.4 2.4 -3.90868 26.0816 -3.90868
5.4 2.6 -3.87195 26.1046 -3.87195
5.4 2.8 -3.75802 26.1839 -3.75802
5.4 3 -3.52632 26.3273 -3.52632
5.4 3.2 -3.16746 26.4573 -3.16746
5.4 3.4 -2.83723 26.1371 -2.83723
5.4 3.6 -3.4221 23.2822 -3.4221
5.4 3.8 -6.76549 10.4559 -6.76549
5.4 4 3.52781 -6.29102 3.52781
5.4 4.2 20.8636 -4.16299 20.8636
5.4 4.4 25.6308 -2.99759 25.6308
5.4 4.6 26.2402 -3.26358 26.2402
5.4 4.8 26.2374 -3.45373 26.2374
5.4 5 26.2415 -3.27359 26.2415
5.4 5.2 25.6741 -2.99861 25.6741
5.4 5.4 21.1313 -4.0904 21.1313
5.4 5.6 4.15195 -6.42296 4.15195
5.4 5.8 -6.82492 9.91853 -6.82492
5.4 6 -3.46302 23.1281 -3.46302
5.4 6.2 -2.83421 26.1104 -2.83421
5.4 6.4 -3.15804 26.4566 -3.15804
5.4 6.6 -3.51799 26.3324 -3.51799
5.4 6.8 -3.75328 26.1882 -3.75328
5.4 7 -3.86948 26.1079 -3.86948
5.4 7.2 -3.90754 26.0839 -3.90754
5.4 7.4 -3.90578 26.0911 -3.90578
5.4 7.6 -3.89027 26.1087 -3.89027
5.4 7.8 -3.87198 26.1279 -3.87198
5.4 8 -3.85729 26.1429 -3.85729
5.4 8.2 -3.8465 26.1538 -3.8465
5.4 8.4 -3.84041 26.1597 -3.84041
5.4 8.6 -3.83661 26.163 -3.83661
5.4 8.8 -3.83487 26.1645 -3.83487
5.4 9 -3.83391 26.165 -3.83391
5.4 9.2 -3.83306 26.1653 -3.83306
5.4 9.4 -2.2665 27.7314 -2.2665
5.4 9.6 2.14322 32.141 2.14322
5.4 9.8 -22.1346 7.86314 -22.1346
5.6 0 -4.41856 25.5797 -4.41856
5.6 0.2 -5.74022 24.2584 -5.74022
5.6 0.4 -4.13286 25.866 -4.13286
5.6 0.6 -3.8318 26.1671 -3.8318
5.6 0.8 -3.83398 26.165 -3.83398
5.6 1 -3.8361 26.1632 -3.8361
5.6 1.2 -3.84035 26.159 -3.84035
5.6 1.4 -3.84722 26.152 -3.84722
5.6 1.6 -3.85736 26.1416 -3.85736
5.6 1.8 -3.87235 26.1261 -3.87235
5.6 2 -3.89016 26.1075 -3.89016
5.6 2.2 -3.90589 26.0896 -3.90589
5.6 2.4 -3.90834 26.0819 -3.90834
5.6 2.6 -3.87159 26.105 -3.87159
5.6 2.8 -3.75773 26.1842 -3.75773
5.6 3 -3.52599 26.3277 -3.52599
5.6 3.2 -3.16711 26.4578 -3.16711
5.6 3.4 -2.83691 26.1377 -2.83691
5.6 3.6 -3.42163 23.2834 -3.42163
5.6 3.8 -6.76508 10.4585 -6.76508
5.6 4 3.52483 -6.29051 3.52483
5.6 4.2 20.8618 -4.16391 20.8618
5.6 4.4 25.6299 -2.9983 25.6299
5.6 4.6 26.2394 -3.26437 26.2394
5.6 4.8 26.2367 -3.45453 26.2367
5.6 5 26.2407 -3.27438 26.2407
5.6 5.2 25.6733 -2.99936 25.6733
5.6 5.4 21.1295 -4.09133 21.1295
5.6 5.6 4.14885 -6.42261 4.14885
5.6 5.8 -6.82457 9.92122 -6.82457
5.6 6 -3.46252 23.1292 -3.46252
5.6 6.2 -2.83392 26.1109 -2.83392
5.6 6.4 -3.15773 26.4571 -3.15773
5.6 6.6 -3.51767 26.3327 -3.51767
5.6 6.8 -3.75295 26.1886 -3.75295
5.6 7 -3.86917 26.1083 -3.86917
5.6 7.2 -3.90718 26.0843 -3.90718
5.6 7.4 -3.90544 26.0914 -3.90544
5.6 7.6 -3.88993 26.109 -3.88993
5.6 7.8 -3.87166 26.1282 -3.87166
5.6 8 -3.85696 26.1433 -3.85696
5.6 8.2 -3.84619 26.1541 -3.84619
5.6 8.4 -3.84011 26.1601 -3.84011
5.6 8.6 -3.83621 26.1634 -3.83621
5.6 8.8 -3.83448 26.1649 -3.83448
5.6 9 -3.83347 26.1654 -3.83347
5.6 9.2 -3.83257 26.1657 -3.83257
5.6 9.4 -2.2659 27.7319 -2.2659
5.6 9.6 2.14387 32.1416 2.14387
5.6 9.8 -22.1342 7.86347 -22.1342
5.8 0 -4.38017 25.6182 -4.38017
5.8 0.2 -5.7436 24.255 -5.7436
5.8 0.4 -4.13317 25.8657 -4.13317
5.8 0.6 -3.83218 26.1667 -3.83218
5.8 0.8 -3.83434 26.1646 -3.83434
5.8 1 -3.83651 26.1627 -3.83651
5.8 1.2 -3.84076 26.1585 -3.84076
5.8 1.4 -3.84759 26.1515 -3.84759
5.8 1.6 -3.85771 26.1411 -3.85771
5.8 1.8 -3.87265 26.1257 -3.87265
5.8 2 -3.89033 26.1072 -3.89033
5.8 2.2 -3.90594 26.0894 -3.90594
5.8 2.4 -3.90826 26.0819 -3.90826
5.8 2.6 -3.87137 26.1051 -3.87137
5.8 2.8 -3.75741 26.1844 -3.75741
5.8 3 -3.5255 26.3281 -3.5255
5.8 3.2 -3.16649 26.4584 -3.16649
5.8 3.4 -2.83626 26.1384 -2.83626
5.8 3.6 -3.42084 23.2847 -3.42084
5.8 3.8 -6.76454 10.4615 -6.76454
5.8 4 3.52145 -6.28988 3.52145
5.8 4.2 20.8599 -4.16472 20.8599
5.8 4.4 25.6292 -2.99874 25.6292
5.8 4.6 26.2388 -3.26484 26.2388
5.8 4.8 26.2361 -3.45496 26.2361
5.8 5 26.2401 -3.27485 26.2401
5.8 5.2 25.6726 -2.99978 25.6726
5.8 5.4 21.1278 -4.09209 21.1278
5.8 5.6 4.14545 -6.42217 4.14545
5.8 5.8 -6.82411 9.92421 -6.82411
5.8 6 -3.46171 23.1306 -3.46171
5.8 6.2 -2.83328 26.1117 -2.83328
5.8 6.4 -3.15715 26.4576 -3.15715
5.8 6.6 -3.51722 26.3331 -3.51722
5.8 6.8 -3.7526 26.1888 -3.7526
5.8 7 -3.86898 26.1083 -3.86898
5.8 7.2 -3.9071 26.0842 -3.9071
5.8 7.4 -3.90549 26.0912 -3.90549
5.8 7.6 -3.8901 26.1087 -3.8901
5.8 7.8 -3.87198 26.1278 -3.87198
5.8 8 -3.8573 26.1428 -3.8573
5.8 8.2 -3.84661 26.1536 -3.84661
5.8 8.4 -3.84054 26.1596 -3.84054
5.8 8.6 -3.83661 26.163 -3.83661
5.8 8.8 -3.8349 26.1644 -3.8349
5.8 9 -3.83385 26.1649 -3.83385
5.8 9.2 -3.83292 26.1653 -3.83292
5.8 9.4 -2.2663 27.7314 -2.2663
5.8 9.6 2.14333 32.141 2.14333
5.8 9.8 -22.1342 7.86332 -22.1342
6 0 -4.39195 25.6064 -4.39195
6 0.2 -5.74261 24.2559 -5.74261
6 0.4 -4.13306 25.8658 -4.13306
6 0.6 -3.8319 26.167 -3.8319
6 0.8 -3.83407 26.1648 -3.83407
6 1 -3.83629 26.1629 -3.83629
6 1.2 -3.84058 26.1586 -3.84058
6 1.4 -3.84739 26.1516 -3.84739
6 1.6 -3.85748 26.1412 -3.85748
6 1.8 -3.87237 26.1258 -3.87237
6 2 -3.89002 26.1073 -3.89002
6 2.2 -3.90564 26.0896 -3.90564
6 2.4 -3.908 26.082 -3.908
6 2.6 -3.87123 26.1052 -3.87123
6 2.8 -3.75742 26.1844 -3.75742
6 3 -3.52565 26.328 -3.52565
6 3.2 -3.16672 26.4582 -3.16672
6 3.4 -2.83646 26.1384 -2.83646
6 3.6 -3.42075 23.2855 -3.42075
6 3.8 -6.76446 10.4643 -6.76446
6 4 3.51769 -6.28931 3.51769
6 4.2 20.8579 -4.16558 20.8579
6 4.4 25.6285 -2.99918 25.6285
6 4.6 26.2384 -3.26512 26.2384
6 4.8 26.2359 -3.45516 26.2359
6 5 26.2397 -3.27516 26.2397
6 5.2 25.6719 -3.00018 25.6719
6 5.4 21.1259 -4.09289 21.1259
6 5.6 4.14176 -6.42178 4.14176
6 5.8 -6.8241 9.92695 -6.8241
6 6 -3.46162 23.1314 -3.46162
6 6.2 -2.83347 26.1116 -2.83347
6 6.4 -3.1574 26.4574 -3.1574
6 6.6 -3.5174 26.3329 -3.5174
6 6.8 -3.75262 26.1888 -3.75262
6 7 -3.86885 26.1084 -3.86885
6 7.2 -3.90686 26.0844 -3.90686
6 7.4 -3.90519 26.0914 -3.90519
6 7.6 -3.88982 26.1088 -3.88982
6 7.8 -3.87177 26.1278 -3.87177
6 8 -3.85707 26.1429 -3.85707
6 8.2 -3.84642 26.1537 -3.84642
6 8.4 -3.84031 26.1597 -3.84031
6 8.6 -3.83638 26.1631 -3.83638
6 8.8 -3.83468 26.1646 -3.83468
6 9 -3.83362 26.1651 -3.83362
6 9.2 -3.83263 26.1654 -3.83263
6 9.4 -2.26595 27.7317 -2.26595
6 9.6 2.14362 32.1412 2.14362
6 9.8 -22.134 7.86342 -22.134
6.2 0 -4.39444 25.6039 -4.39444
6.2 0.2 -5.74276 24.2558 -5.74276
6.2 0.4 -4.13334 25.8655 -4.13334
6.2 0.6 -3.83222 26.1666 -3.83222
6.2 0.8 -3.83445 26.1644 -3.83445
6.2 1 -3.83669 26.1623 -3.83669
6.2 1.2 -3.84099 26.158 -3.84099
6.2 1.4 -3.8478 26.1511 -3.8478
6.2 1.6 -3.85784 26.1407 -3.85784
6.2 1.8 -3.87268 26.1253 -3.87268
6.2 2 -3.89032 26.1068 -3.89032
6.2 2.2 -3.90595 26.0891 -3.90595
6.2 2.4 -3.90838 26.0815 -3.90838
6.2 2.6 -3.87177 26.1046 -3.87177
6.2 2.8 -3.75819 26.1836 -3.75819
6.2 3 -3.52663 26.327 -3.52663
6.2 3.2 -3.16782 26.4571 -3.16782
6.2 3.4 -2.83752 26.1374 -2.83752
6.2 3.6 -3.42144 23.2853 -3.42144
6.2 3.8 -6.76496 10.4662 -6.76496
6.2 4 3.51362 -6.28934 3.51362
6.2 4.2 20.8556 -4.16672 20.8556
6.2 4.4 25.6276 -2.9997 25.6276
6.2 4.6 26.238 -3.26531 26.238
6.2 4.8 26.2356 -3.45521 26.2356
6.2 5 26.2393 -3.27534 26.2393
6.2 5.2 25.6711 -3.00067 25.6711
6.2 5.4 21.1237 -4.09397 21.1237
6.2 5.6 4.13783 -6.42198 4.13783
6.2 5.8 -6.82468 9.9287 -6.82468
6.2 6 -3.46231 23.1312 -3.46231
6.2 6.2 -2.83452 26.1107 -2.83452
6.2 6.4 -3.15853 26.4563 -3.15853
6.2 6.6 -3.51842 26.332 -3.51842
6.2 6.8 -3.75342 26.188 -3.75342
6.2 7 -3.86943 26.1078 -3.86943
6.2 7.2 -3.90729 26.0838 -3.90729
6.2 7.4 -3.90554 26.0908 -3.90554
6.2 7.6 -3.89018 26.1082 -3.89018
6.2 7.8 -3.87214 26.1272 -3.87214
6.2 8 -3.85746 26.1423 -3.85746
6.2 8.2 -3.84682 26.1531 -3.84682
6.2 8.4 -3.84071 26.1592 -3.84071
6.2 8.6 -3.83677 26.1626 -3.83677
6.2 8.8 -3.83508 26.164 -3.83508
6.2 9 -3.83405 26.1645 -3.83405
6.2 9.2 -3.83309 26.1649 -3.83309
6.2 9.4 -2.2664 27.7311 -2.2664
6.2 9.6 2.14319 32.1407 2.14319
6.2 9.8 -22.1346 7.8628 -22.1346
6.4 0 -4.39337 25.6051 -4.39337
6.4 0.2 -5.74313 24.2555 -5.74313
6.4 0.4 -4.13354 25.8654 -4.13354
6.4 0.6 -3.83241 26.1664 -3.83241
6.4 0.8 -3.83465 26.1642 -3.83465
6.4 1 -3.83688 26.1621 -3.83688
6.4 1.2 -3.84115 26.1579 -3.84115
6.4 1.4 -3.84791 26.1509 -3.84791
6.4 1.6 -3.85787 26.1406 -3.85787
6.4 1.8 -3.87261 26.1253 -3.87261
6.4 2 -3.89012 26.1069 -3.89012
6.4 2.2 -3.90562 26.0894 -3.90562
6.4 2.4 -3.90796 26.082 -3.90796
6.4 2.6 -3.87131 26.1052 -3.87131
6.4 2.8 -3.75774 26.1843 -3.75774
6.4 3 -3.52624 26.3277 -3.52624
6.4 3.2 -3.16747 26.4577 -3.16747
6.4 3.4 -2.83712 26.1381 -2.83712
6.4 3.6 -3.4208 23.2867 -3.4208
6.4 3.8 -6.76436 10.4691 -6.76436
6.4 4 3.51072 -6.28848 3.51072
6.4 4.2 20.8541 -4.16709 20.8541
6.4 4.4 25.6274 -2.99956 25.6274
6.4 4.6 26.2382 -3.26489 26.2382
6.4 4.8 26.2359 -3.45468 26.2359
6.4 5 26.2395 -3.2749 26.2395
6.4 5.2 25.6709 -3.00051 25.6709
6.4 5.4 21.1224 -4.0943 21.1224
6.4 5.6 4.13511 -6.42127 4.13511
6.4 5.8 -6.82415 9.93153 -6.82415
6.4 6 -3.46168 23.1325 -3.46168
6.4 6.2 -2.83412 26.1114 -2.83412
6.4 6.4 -3.15817 26.4569 -3.15817
6.4 6.6 -3.51804 26.3326 -3.51804
6.4 6.8 -3.75298 26.1887 -3.75298
6.4 7 -3.86898 26.1084 -3.86898
6.4 7.2 -3.9069 26.0843 -3.9069
6.4 7.4 -3.90527 26.0911 -3.90527
6.4 7.6 -3.89004 26.1083 -3.89004
6.4 7.8 -3.87211 26.1272 -3.87211
6.4 8 -3.85752 26.1422 -3.85752
6.4 8.2 -3.84693 26.153 -3.84693
6.4 8.4 -3.84085 26.159 -3.84085
6.4 8.6 -3.83693 26.1625 -3.83693
6.4 8.8 -3.83527 26.1639 -3.83527
6.4 9 -3.8343 26.1643 -3.8343
6.4 9.2 -3.83336 26.1647 -3.83336
6.4 9.4 -2.26663 27.731 -2.26663
6.4 9.6 2.1429 32.1405 2.1429
6.4 9.8 -22.1349 7.86257 -22.1349
6.6 0 -4.39209 25.6066 -4.39209
6.6 0.2 -5.74353 24.2553 -5.74353
6.6 0.4 -4.13384 25.8652 -4.13384
6.6 0.6 -3.83278 26.1661 -3.83278
6.6 0.8 -3.83502 26.1639 -3.83502
6.6 1 -3.83722 26.1618 -3.83722
6.6 1.2 -3.84147 26.1576 -3.84147
6.6 1.4 -3.84821 26.1506 -3.84821
6.6 1.6 -3.85812 26.1403 -3.85812
6.6 1.8 -3.87277 26.1251 -3.87277
6.6 2 -3.89018 26.1068 -3.89018
6.6 2.2 -3.90558 26.0894 -3.90558
6.6 2.4 -3.90783 26.0821 -3.90783
6.6 2.6 -3.87116 26.1054 -3.87116
6.6 2.8 -3.75763 26.1845 -3.75763
6.6 3 -3.52621 26.3278 -3.52621
6.6 3.2 -3.16749 26.4578 -3.16749
6.6 3.4 -2.83708 26.1382 -2.83708
6.6 3.6 -3.42057 23.2872 -3.42057
6.6 3.8 -6.76414 10.4708 -6.76414
6.6 4 3.50852 -6.28803 3.50852
6.6 4.2 20.8529 -4.16739 20.8529
6.6 4.4 25.627 -2.99943 25.627
6.6 4.6 26.2382 -3.26454 26.2382
6.6 4.8 26.236 -3.45424 26.236
6.6 5 26.2395 -3.27452 26.2395
6.6 5.2 25.6706 -3.00035 25.6706
6.6 5.4 21.1213 -4.09454 21.1213
6.6 5.6 4.13307 -6.4209 4.13307
6.6 5.8 -6.82396 9.9331 -6.82396
6.6 6 -3.46145 23.133 -3.46145
6.6 6.2 -2.83408 26.1115 -2.83408
6.6 6.4 -3.15819 26.457 -3.15819
6.6 6.6 -3.518 26.3328 -3.518
6.6 6.8 -3.75288 26.189 -3.75288
6.6 7 -3.86886 26.1087 -3.86886
6.6 7.2 -3.90681 26.0844 -3.90681
6.6 7.4 -3.90527 26.0911 -3.90527
6.6 7.6 -3.89014 26.1082 -3.89014
6.6 7.8 -3.87231 26.1269 -3.87231
6.6 8 -3.85778 26.1419 -3.85778
6.6 8.2 -3.84723 26.1527 -3.84723
6.6 8.4 -3.84116 26.1587 -3.84116
6.6 8.6 -3.83725 26.1622 -3.83725
6.6 8.8 -3.83563 26.1636 -3.83563
6.6 9 -3.83471 26.164 -3.83471
6.6 9.2 -3.83384 26.1643 -3.83384
6.6 9.4 -2.26716 27.7306 -2.26716
6.6 9.6 2.14244 32.1402 2.14244
6.6 9.8 -22.1354 7.86226 -22.1354
6.8 0 -4.39117 25.6078 -4.39117
6.8 0.2 -5.74381 24.2552 -5.74381
6.8 0.4 -4.13416 25.865 -4.13416
6.8 0.6 -3.83323 26.1658 -3.83323
6.8 0.8 -3.83547 26.1635 -3.83547
6.8 1 -3.83764 26.1616 -3.83764
6.8 1.2 -3.84187 26.1573 -3.84187
6.8 1.4 -3.8486 26.1504 -3.8486
6.8 1.6 -3.8585 26.1401 -3.8585
6.8 1.8 -3.87312 26.1248 -3.87312
6.8 2 -3.89047 26.1066 -3.89047
6.8 2.2 -3.90581 26.0892 -3.90581
6.8 2.4 -3.90802 26.082 -3.90802
6.8 2.6 -3.87133 26.1054 -3.87133
6.8 2.8 -3.75782 26.1844 -3.75782
6.8 3 -3.52647 26.3276 -3.52647
6.8 3.2 -3.16781 26.4574 -3.16781
6.8 3.4 -2.83743 26.1378 -2.83743
6.8 3.6 -3.42087 23.2867 -3.42087
6.8 3.8 -6.76435 10.4709 -6.76435
6.8 4 3.5073 -6.28814 3.5073
6.8 4.2 20.8517 -4.16796 20.8517
6.8 4.4 25.626 -3.00007 25.626
6.8 4.6 26.2371 -3.26524 26.2371
6.8 4.8 26.2349 -3.45495 26.2349
6.8 5 26.2385 -3.27519 26.2385
6.8 5.2 25.6697 -3.00095 25.6697
6.8 5.4 21.1202 -4.09507 21.1202
6.8 5.6 4.13189 -6.42104 4.13189
6.8 5.8 -6.82417 9.93319 -6.82417
6.8 6 -3.46174 23.1326 -3.46174
6.8 6.2 -2.83443 26.111 -2.83443
6.8 6.4 -3.15852 26.4567 -3.15852
6.8 6.6 -3.51826 26.3326 -3.51826
6.8 6.8 -3.75308 26.1889 -3.75308
6.8 7 -3.86904 26.1086 -3.86904
6.8 7.2 -3.90703 26.0843 -3.90703
6.8 7.4 -3.90554 26.0909 -3.90554
6.8 7.6 -3.89047 26.1079 -3.89047
6.8 7.8 -3.87268 26.1266 -3.87268
6.8 8 -3.85816 26.1416 -3.85816
6.8 8.2 -3.8476 26.1524 -3.8476
6.8 8.4 -3.84153 26.1585 -3.84153
6.8 8.6 -3.83762 26.1619 -3.83762
6.8 8.8 -3.83602 26.1633 -3.83602
6.8 9 -3.83517 26.1637 -3.83517
6.8 9.2 -3.83439 26.1639 -3.83439
6.8 9.4 -2.26778 27.7302 -2.26778
6.8 9.6 2.14192 32.1399 2.14192
6.8 9.8 -22.1359 7.86202 -22.1359
7 0 -4.39039 25.6086 -4.39039
7 0.2 -5.74361 24.2555 -5.74361
7 0.4 -4.13384 25.8654 -4.13384
7 0.6 -3.83278 26.1663 -3.83278
7 0.8 -3.83491 26.1642 -3.83491
7 1 -3.83703 26.1622 -3.83703
7 1.2 -3.84127 26.158 -3.84127
7 1.4 -3.84806 26.1509 -3.84806
7 1.6 -3.85804 26.1405 -3.85804
7 1.8 -3.87275 26.1252 -3.87275
7 2 -3.8902 26.1068 -3.8902
7 2.2 -3.90567 26.0892 -3.90567
7 2.4 -3.908 26.0817 -3.908
7 2.6 -3.87144 26.1048 -3.87144
7 2.8 -3.7581 26.1836 -3.7581
7 3 -3.52695 26.3265 -3.52695
7 3.2 -3.16847 26.456 -3.16847
7 3.4 -2.83819 26.136 -2.83819
7 3.6 -3.42167 23.2848 -3.42167
7 3.8 -6.76485 10.4689 -6.76485
7 4 3.50815 -6.28855 3.50815
7 4.2 20.8521 -4.1678 20.8521
7 4.4 25.626 -3.00004 25.626
7 4.6 26.237 -3.26525 26.237
7 4.8 26.2348 -3.45496 26.2348
7 5 26.2384 -3.27517 26.2384
7 5.2 25.6697 -3.00087 25.6697
7 5.4 21.1205 -4.09491 21.1205
7 5.6 4.13258 -6.42134 4.13258
7 5.8 -6.82459 9.93142 -6.82459
7 6 -3.46252 23.1308 -3.46252
7 6.2 -2.83519 26.1093 -2.83519
7 6.4 -3.15918 26.4552 -3.15918
7 6.6 -3.51875 26.3315 -3.51875
7 6.8 -3.75336 26.1881 -3.75336
7 7 -3.86917 26.1081 -3.86917
7 7.2 -3.90703 26.0841 -3.90703
7 7.4 -3.90542 26.0908 -3.90542
7 7.6 -3.89022 26.1081 -3.89022
7 7.8 -3.87232 26.127 -3.87232
7 8 -3.85771 26.1421 -3.85771
7 8.2 -3.84707 26.1529 -3.84707
7 8.4 -3.84093 26.1591 -3.84093
7 8.6 -3.83699 26.1626 -3.83699
7 8.8 -3.83539 26.164 -3.83539
7 9 -3.83456 26.1643 -3.83456
7 9.2 -3.83381 26.1646 -3.83381
7 9.4 -2.26724 27.7308 -2.26724
7 9.6 2.14244 32.1405 2.14244
7 9.8 -22.1354 7.8627 -22.1354
7.2 0 -4.38989 25.6092 -4.38989
7.2 0.2 -5.74331 24.2559 -5.74331
7.2 0.4 -4.13351 25.866 -4.13351
7.2 0.6 -3.83226 26.1671 -3.83226
7.2 0.8 -3.83427 26.1651 -3.83427
7.2 1 -3.83634 26.1632 -3.83634
7.2 1.2 -3.84059 26.1589 -3.84059
7.2 1.4 -3.84744 26.1518 -3.84744
7.2 1.6 -3.85752 26.1412 -3.85752
7.2 1.8 -3.87233 26.1257 -3.87233
7.2 2 -3.88985 26.1072 -3.88985
7.2 2.2 -3.90533 26.0896 -3.90533
7.2 2.4 -3.90759 26.0823 -3.90759
7.2 2.6 -3.87084 26.1056 -3.87084
7.2 2.8 -3.75726 26.1848 -3.75726
7.2 3 -3.52587 26.3281 -3.52587
7.2 3.2 -3.16719 26.4578 -3.16719
7.2 3.4 -2.83682 26.1379 -2.83682
7.2 3.6 -3.42059 23.2859 -3.42059
7.2 3.8 -6.76419 10.4674 -6.76419
7.2 4 3.51143 -6.28915 3.51143
7.2 4.2 20.8528 -4.16819 20.8528
7.2 4.4 25.6252 -3.00115 25.6252
7.2 4.6 26.236 -3.26646 26.236
7.2 4.8 26.2338 -3.45613 26.2338
7.2 5 26.2374 -3.27633 26.2374
7.2 5.2 25.6689 -3.00194 25.6689
7.2 5.4 21.1208 -4.09536 21.1208
7.2 5.6 4.1353 -6.42173 4.1353
7.2 5.8 -6.82381 9.9304 -6.82381
7.2 6 -3.46139 23.132 -3.46139
7.2 6.2 -2.83382 26.1113 -2.83382
7.2 6.4 -3.15791 26.4571 -3.15791
7.2 6.6 -3.51767 26.3331 -3.51767
7.2 6.8 -3.75251 26.1893 -3.75251
7.2 7 -3.86856 26.1089 -3.86856
7.2 7.2 -3.90661 26.0847 -3.90661
7.2 7.4 -3.90508 26.0913 -3.90508
7.2 7.6 -3.88988 26.1086 -3.88988
7.2 7.8 -3.87191 26.1275 -3.87191
7.2 8 -3.85722 26.1427 -3.85722
7.2 8.2 -3.8465 26.1537 -3.8465
7.2 8.4 -3.84029 26.1599 -3.84029
7.2 8.6 -3.8363 26.1634 -3.8363
7.2 8.8 -3.8347 26.1648 -3.8347
7.2 9 -3.8339 26.1652 -3.8339
7.2 9.2 -3.83316 26.1654 -3.83316
7.2 9.4 -2.2666 27.7317 -2.2666
7.2 9.6 2.14284 32.1412 2.14284
7.2 9.8 -22.1347 7.8636 -22.1347
7.4 0 -4.38967 25.6095 -4.38967
7.4 0.2 -5.74313 24.2561 -5.74313
7.4 0.4 -4.13301 25.8664 -4.13301
7.4 0.6 -3.83166 26.1676 -3.83166
7.4 0.8 -3.83361 26.1656 -3.83361
7.4 1 -3.83564 26.1638 -3.83564
7.4 1.2 -3.8399 26.1595 -3.8399
7.4 1.4 -3.8468 26.1523 -3.8468
7.4 1.6 -3.85696 26.1417 -3.85696
7.4 1.8 -3.87185 26.1261 -3.87185
7.4 2 -3.88943 26.1075 -3.88943
7.4 2.2 -3.90489 26.0899 -3.90489
7.4 2.4 -3.90705 26.0827 -3.90705
7.4 2.6 -3.87012 26.1063 -3.87012
7.4 2.8 -3.75631 26.1858 -3.75631
7.4 3 -3.52471 26.3294 -3.52471
7.4 3.2 -3.16589 26.4594 -3.16589
7.4 3.4 -2.83551 26.1394 -2.83551
7.4 3.6 -3.41983 23.2858 -3.41983
7.4 3.8 -6.76364 10.463 -6.76364
7.4 4 3.51947 -6.2892 3.51947
7.4 4.2 20.8571 -4.16581 20.8571
7.4 4.4 25.6271 -2.9996 25.6271
7.4 4.6 26.2375 -3.26495 26.2375
7.4 4.8 26.2352 -3.45458 26.2352
7.4 5 26.2389 -3.27478 26.2389
7.4 5.2 25.6707 -3.00036 25.6707
7.4 5.4 21.1246 -4.09315 21.1246
7.4 5.6 4.14231 -6.42134 4.14231
7.4 5.8 -6.82301 9.9269 -6.82301
7.4 6 -3.46057 23.1321 -3.46057
7.4 6.2 -2.83253 26.1127 -2.83253
7.4 6.4 -3.15663 26.4586 -3.15663
7.4 6.6 -3.51652 26.3344 -3.51652
7.4 6.8 -3.75156 26.1904 -3.75156
7.4 7 -3.86782 26.1096 -3.86782
7.4 7.2 -3.90604 26.0851 -3.90604
7.4 7.4 -3.90462 26.0917 -3.90462
7.4 7.6 -3.88944 26.1089 -3.88944
7.4 7.8 -3.87144 26.1279 -3.87144
7.4 8 -3.85668 26.1432 -3.85668
7.4 8.2 -3.84589 26.1542 -3.84589
7.4 8.4 -3.83962 26.1605 -3.83962
7.4 8.6 -3.83561 26.164 -3.83561
7.4 8.8 -3.83401 26.1654 -3.83401
7.4 9 -3.83325 26.1657 -3.83325
7.4 9.2 -3.83256 26.1659 -3.83256
7.4 9.4 -2.26596 27.7322 -2.26596
7.4 9.6 2.14365 32.1419 2.14365
7.4 9.8 -22.1343 7.86395 -22.1343
7.6 0 -4.3893 25.61 -4.3893
7.6 0.2 -5.74288 24.2565 -5.74288
7.6 0.4 -4.13295 25.8667 -4.13295
7.6 0.6 -3.83164 26.1679 -3.83164
7.6 0.8 -3.83353 26.166 -3.83353
7.6 1 -3.8355 26.1642 -3.8355
7.6 1.2 -3.83976 26.1599 -3.83976
7.6 1.4 -3.84672 26.1527 -3.84672
7.6 1.6 -3.85697 26.1419 -3.85697
7.6 1.8 -3.87196 26.1262 -3.87196
7.6 2 -3.88961 26.1076 -3.88961
7.6 2.2 -3.9051 26.0899 -3.9051
7.6 2.4 -3.90721 26.0827 -3.90721
7.6 2.6 -3.87017 26.1064 -3.87017
7.6 2.8 -3.75619 26.1861 -3.75619
7.6 3 -3.52437 26.33 -3.52437
7.6 3.2 -3.16533 26.4601 -3.16533
7.6 3.4 -2.83492 26.1398 -2.83492
7.6 3.6 -3.42 23.284 -3.42
7.6 3.8 -6.76395 10.4547 -6.76395
7.6 4 3.53081 -6.29092 3.53081
7.6 4.2 20.8621 -4.16409 20.8621
7.6 4.4 25.6277 -2.9996 25.6277
7.6 4.6 26.237 -3.26535 26.237
7.6 4.8 26.2346 -3.45503 26.2346
7.6 5 26.2385 -3.27513 26.2385
7.6 5.2 25.6711 -3.00034 25.6711
7.6 5.4 21.1286 -4.09174 21.1286
7.6 5.6 4.15188 -6.42236 4.15188
7.6 5.8 -6.82296 9.92004 -6.82296
7.6 6 -3.46063 23.1307 -3.46063
7.6 6.2 -2.83197 26.1132 -2.83197
7.6 6.4 -3.15611 26.4594 -3.15611
7.6 6.6 -3.51619 26.335 -3.51619
7.6 6.8 -3.75142 26.1907 -3.75142
7.6 7 -3.86783 26.1098 -3.86783
7.6 7.2 -3.90616 26.0852 -3.90616
7.6 7.4 -3.90479 26.0917 -3.90479
7.6 7.6 -3.88958 26.109 -3.88958
7.6 7.8 -3.87152 26.1281 -3.87152
7.6 8 -3.85668 26.1434 -3.85668
7.6 8.2 -3.84581 26.1545 -3.84581
7.6 8.4 -3.83947 26.1609 -3.83947
7.6 8.6 -3.83542 26.1644 -3.83542
7.6 8.8 -3.83382 26.1658 -3.83382
7.6 9 -3.83309 26.1661 -3.83309
7.6 9.2 -3.83247 26.1663 -3.83247
7.6 9.4 -2.26593 27.7325 -2.26593
7.6 9.6 2.14364 32.1422 2.14364
7.6 9.8 -22.1341 7.86446 -22.1341
7.8 0 -4.38891 25.6105 -4.38891
7.8 0.2 -5.74261 24.2569 -5.74261
7.8 0.4 -4.13283 25.8669 -4.13283
7.8 0.6 -3.83161 26.168 -3.83161
7.8 0.8 -3.83349 26.1662 -3.83349
7.8 1 -3.83544 26.1644 -3.83544
7.8 1.2 -3.83971 26.1601 -3.83971
7.8 1.4 -3.84673 26.1528 -3.84673
7.8 1.6 -3.85707 26.142 -3.85707
7.8 1.8 -3.87215 26.1262 -3.87215
7.8 2 -3.88989 26.1074 -3.88989
7.8 2.2 -3.90544 26.0897 -3.90544
7.8 2.4 -3.90754 26.0825 -3.90754
7.8 2.6 -3.87043 26.1063 -3.87043
7.8 2.8 -3.75632 26.1861 -3.75632
7.8 3 -3.52431 26.3301 -3.52431
7.8 3.2 -3.16506 26.4604 -3.16506
7.8 3.4 -2.83467 26.1397 -2.83467
7.8 3.6 -3.42089 23.2805 -3.42089
7.8 3.8 -6.76489 10.4421 -6.76489
7.8 4 3.54722 -6.29358 3.54722
7.8 4.2 20.8699 -4.16155 20.8699
7.8 4.4 25.6291 -2.9996 25.6291
7.8 4.6 26.2371 -3.26606 26.2371
7.8 4.8 26.2344 -3.45585 26.2344
7.8 5 26.2385 -3.27579 26.2385
7.8 5.2 25.6723 -3.00035 25.6723
7.8 5.4 21.1348 -4.08969 21.1348
7.8 5.6 4.16561 -6.42401 4.16561
7.8 5.8 -6.82337 9.90963 -6.82337
7.8 6 -3.46134 23.1278 -3.46134
7.8 6.2 -2.83175 26.1131 -2.83175
7.8 6.4 -3.15587 26.4596 -3.15587
7.8 6.6 -3.51614 26.3352 -3.51614
7.8 6.8 -3.75154 26.1907 -3.75154
7.8 7 -3.86806 26.1097 -3.86806
7.8 7.2 -3.90645 26.085 -3.90645
7.8 7.4 -3.90508 26.0915 -3.90508
7.8 7.6 -3.88983 26.1089 -3.88983
7.8 7.8 -3.87168 26.1281 -3.87168
7.8 8 -3.85675 26.1436 -3.85675
7.8 8.2 -3.84579 26.1548 -3.84579
7.8 8.4 -3.8394 26.1611 -3.8394
7.8 8.6 -3.83531 26.1647 -3.83531
7.8 8.8 -3.83371 26.1661 -3.83371
7.8 9 -3.833 26.1663 -3.833
7.8 9.2 -3.83243 26.1665 -3.83243
7.8 9.4 -2.26598 27.7326 -2.26598
7.8 9.6 2.14361 32.1423 2.14361
7.8 9.8 -22.134 7.8648 -22.134
8 0 -4.38843 25.6111 -4.38843
8 0.2 -5.74209 24.2575 -5.74209
8 0.4 -4.13198 25.8679 -4.13198
8 0.6 -3.83062 26.1691 -3.83062
8 0.8 -3.83248 26.1673 -3.83248
8 1 -3.83444 26.1655 -3.83444
8 1.2 -3.83875 26.1612 -3.83875
8 1.4 -3.84583 26.1539 -3.84583
8 1.6 -3.85622 26.143 -3.85622
8 1.8 -3.87135 26.1272 -3.87135
8 2 -3.88912 26.1084 -3.88912
8 2.2 -3.90465 26.0906 -3.90465
8 2.4 -3.90671 26.0835 -3.90671
8 2.6 -3.8695 26.1073 -3.8695
8 2.8 -3.75526 26.1873 -3.75526
8 3 -3.52308 26.3314 -3.52308
8 3.2 -3.1637 26.4616 -3.1637
8 3.4 -2.8335 26.14 -2.8335
8 3.6 -3.4214 23.2764 -3.4214
8 3.8 -6.76587 10.4255 -6.76587
8 4 3.56867 -6.29745 3.56867
8 4.2 20.8798 -4.15846 20.8798
8 4.4 25.631 -2.99955 25.631
8 4.6 26.2373 -3.26664 26.2373
8 4.8 26.2344 -3.4565 26.2344
8 5 26.2387 -3.27631 26.2387
8 5.2 25.6737 -3.00033 25.6737
8 5.4 21.1425 -4.08727 21.1425
8 5.6 4.18324 -6.42649 4.18324
8 5.8 -6.82365 9.89618 -6.82365
8 6 -3.4616 23.1244 -3.4616
8 6.2 -2.83062 26.1135 -2.83062
8 6.4 -3.15459 26.4608 -3.15459
8 6.6 -3.51496 26.3364 -3.51496
8 6.8 -3.75049 26.1918 -3.75049
8 7 -3.86712 26.1107 -3.86712
8 7.2 -3.90558 26.086 -3.90558
8 7.4 -3.90425 26.0925 -3.90425
8 7.6 -3.889 26.1099 -3.889
8 7.8 -3.87083 26.1291 -3.87083
8 8 -3.85586 26.1446 -3.85586
8 8.2 -3.84486 26.1559 -3.84486
8 8.4 -3.83842 26.1623 -3.83842
8 8.6 -3.83431 26.1658 -3.83431
8 8.8 -3.83271 26.1672 -3.83271
8 9 -3.83199 26.1675 -3.83199
8 9.2 -3.83142 26.1676 -3.83142
8 9.4 -2.26492 27.7338 -2.26492
8 9.6 2.14479 32.1436 2.14479
8 9.8 -22.1333 7.86567 -22.1333
8.2 0 -4.38793 25.6117 -4.38793
8.2 0.2 -5.74168 24.2581 -5.74168
8.2 0.4 -4.13179 25.8682 -4.13179
8.2 0.6 -3.83043 26.1695 -3.83043
8.2 0.8 -3.83227 26.1677 -3.83227
8.2 1 -3.83426 26.1659 -3.83426
8.2 1.2 -3.83864 26.1615 -3.83864
8.2 1.4 -3.84576 26.1542 -3.84576
8.2 1.6 -3.85618 26.1433 -3.85618
8.2 1.8 -3.87133 26.1274 -3.87133
8.2 2 -3.88911 26.1086 -3.88911
8.2 2.2 -3.90465 26.0908 -3.90465
8.2 2.4 -3.90669 26.0836 -3.90669
8.2 2.6 -3.86944 26.1074 -3.86944
8.2 2.8 -3.75509 26.1874 -3.75509
8.2 3 -3.52275 26.3315 -3.52275
8.2 3.2 -3.16321 26.4617 -3.16321
8.2 3.4 -2.83323 26.139 -2.83323
8.2 3.6 -3.42319 23.2697 -3.42319
8.2 3.8 -6.76816 10.4033 -6.76816
8.2 4 3.59531 -6.30304 3.59531
8.2 4.2 20.8921 -4.15467 20.8921
8.2 4.4 25.6331 -2.9995 25.6331
8.2 4.6 26.2372 -3.26742 26.2372
8.2 4.8 26.2339 -3.45738 26.2339
8.2 5 26.2386 -3.27702 26.2386
8.2 5.2 25.6753 -3.00033 25.6753
8.2 5.4 21.1519 -4.08437 21.1519
8.2 5.6 4.20474 -6.43023 4.20474
8.2 5.8 -6.82501 9.87822 -6.82501
8.2 6 -3.46306 23.1189 -3.46306
8.2 6.2 -2.83042 26.1126 -2.83042
8.2 6.4 -3.15422 26.4608 -3.15422
8.2 6.6 -3.51473 26.3364 -3.51473
8.2 6.8 -3.75039 26.1919 -3.75039
8.2 7 -3.86709 26.1108 -3.86709
8.2 7.2 -3.90558 26.0861 -3.90558
8.2 7.4 -3.90424 26.0926 -3.90424
8.2 7.6 -3.88897 26.1101 -3.88897
8.2 7.8 -3.87077 26.1294 -3.87077
8.2 8 -3.85578 26.1449 -3.85578
8.2 8.2 -3.84476 26.1562 -3.84476
8.2 8.4 -3.8383 26.1626 -3.8383
8.2 8.6 -3.83418 26.1662 -3.83418
8.2 8.8 -3.83256 26.1676 -3.83256
8.2 9 -3.83182 26.1678 -3.83182
8.2 9.2 -3.83122 26.168 -3.83122
8.2 9.4 -2.26477 27.7342 -2.26477
8.2 9.6 2.14475 32.1438 2.14475
8.2 9.8 -22.1328 7.86629 -22.1328
8.4 0 -4.38754 25.6122 -4.38754
8.4 0.2 -5.74142 24.2585 -5.74142
8.4 0.4 -4.13161 25.8685 -4.13161
8.4 0.6 -3.83034 26.1696 -3.83034
8.4 0.8 -3.83225 26.1677 -3.83225
8.4 1 -3.83431 26.1659 -3.83431
8.4 1.2 -3.83872 26.1615 -3.83872
8.4 1.4 -3.84585 26.1541 -3.84585
8.4 1.6 -3.85626 26.1432 -3.85626
8.4 1.8 -3.8714 26.1274 -3.8714
8.4 2 -3.88917 26.1085 -3.88917
8.4 2.2 -3.9047 26.0907 -3.9047
8.4 2.4 -3.9067 26.0835 -3.9067
8.4 2.6 -3.86935 26.1074 -3.86935
8.4 2.8 -3.75483 26.1874 -3.75483
8.4 3 -3.52227 26.3316 -3.52227
8.4 3.2 -3.16256 26.4616 -3.16256
8.4 3.4 -2.83291 26.1376 -2.83291
8.4 3.6 -3.42546 23.2615 -3.42546
8.4 3.8 -6.77108 10.3763 -6.77108
8.4 4 3.62738 -6.31001 3.62738
8.4 4.2 20.9072 -4.14999 20.9072
8.4 4.4 25.6362 -2.99899 25.6362
8.4 4.6 26.2379 -3.26775 26.2379
8.4 4.8 26.2343 -3.45777 26.2343
8.4 5 26.2392 -3.27726 26.2392
8.4 5.2 25.6778 -2.99988 25.6778
8.4 5.4 21.1634 -4.0808 21.1634
8.4 5.6 4.23016 -6.43488 4.23016
8.4 5.8 -6.82681 9.85677 -6.82681
8.4 6 -3.46489 23.1122 -3.46489
8.4 6.2 -2.83019 26.1114 -2.83019
8.4 6.4 -3.15372 26.4606 -3.15372
8.4 6.6 -3.51435 26.3364 -3.51435
8.4 6.8 -3.75018 26.1918 -3.75018
8.4 7 -3.86701 26.1107 -3.86701
8.4 7.2 -3.90559 26.0859 -3.90559
8.4 7.4 -3.9043 26.0925 -3.9043
8.4 7.6 -3.88904 26.11 -3.88904
8.4 7.8 -3.87082 26.1293 -3.87082
8.4 8 -3.85582 26.1449 -3.85582
8.4 8.2 -3.8448 26.1562 -3.8448
8.4 8.4 -3.83835 26.1626 -3.83835
8.4 8.6 -3.83422 26.1662 -3.83422
8.4 8.8 -3.83257 26.1676 -3.83257
8.4 9 -3.83179 26.1679 -3.83179
8.4 9.2 -3.83117 26.1681 -3.83117
8.4 9.4 -2.26473 27.7342 -2.26473
8.4 9.6 2.14483 32.1439 2.14483
8.4 9.8 -22.1327 7.86643 -22.1327
8.6 0 -4.3873 25.6126 -4.3873
8.6 0.2 -5.74125 24.2588 -5.74125
8.6 0.4 -4.13137 25.8688 -4.13137
8.6 0.6 -3.83018 26.1699 -3.83018
8.6 0.8 -3.8322 26.1678 -3.8322
8.6 1 -3.83432 26.1659 -3.83432
8.6 1.2 -3.83873 26.1615 -3.83873
8.6 1.4 -3.84584 26.1542 -3.84584
8.6 1.6 -3.85623 26.1433 -3.85623
8.6 1.8 -3.87136 26.1275 -3.87136
8.6 2 -3.88914 26.1086 -3.88914
8.6 2.2 -3.90466 26.0908 -3.90466
8.6 2.4 -3.90664 26.0835 -3.90664
8.6 2.6 -3.86922 26.1074 -3.86922
8.6 2.8 -3.75457 26.1874 -3.75457
8.6 3 -3.52183 26.3316 -3.52183
8.6 3.2 -3.16202 26.4613 -3.16202
8.6 3.4 -2.83281 26.1357 -2.83281
8.6 3.6 -3.42838 23.2518 -3.42838
8.6 3.8 -6.77495 10.3448 -6.77495
8.6 4 3.66382 -6.31862 3.66382
8.6 4.2 20.9241 -4.14495 20.9241
8.6 4.4 25.6392 -2.99864 25.6392
8.6 4.6 26.2383 -3.26821 26.2383
8.6 4.8 26.2342 -3.45822 26.2342
8.6 5 26.2395 -3.27761 26.2395
8.6 5.2 25.6801 -2.9996 25.6801
8.6 5.4 21.1759 -4.07712 21.1759
8.6 5.6 4.25829 -6.44074 4.25829
8.6 5.8 -6.82937 9.83213 -6.82937
8.6 6 -3.46725 23.1044 -3.46725
8.6 6.2 -2.83015 26.1099 -2.83015
8.6 6.4 -3.15331 26.4603 -3.15331
8.6 6.6 -3.51401 26.3363 -3.51401
8.6 6.8 -3.74996 26.1918 -3.74996
8.6 7 -3.86689 26.1107 -3.86689
8.6 7.2 -3.90551 26.0859 -3.90551
8.6 7.4 -3.90424 26.0925 -3.90424
8.6 7.6 -3.88899 26.11 -3.88899
8.6 7.8 -3.87077 26.1294 -3.87077
8.6 8 -3.85575 26.145 -3.85575
8.6 8.2 -3.84473 26.1563 -3.84473
8.6 8.4 -3.83829 26.1627 -3.83829
8.6 8.6 -3.83418 26.1663 -3.83418
8.6 8.8 -3.83251 26.1677 -3.83251
8.6 9 -3.83169 26.1681 -3.83169
8.6 9.2 -3.83103 26.1683 -3.83103
8.6 9.4 -2.26454 27.7345 -2.26454
8.6 9.6 2.14508 32.1442 2.14508
8.6 9.8 -22.1326 7.86657 -22.1326
8.8 0 -4.38714 25.6129 -4.38714
8.8 0.2 -5.7412 24.2589 -5.7412
8.8 0.4 -4.13135 25.8689 -4.13135
8.8 0.6 -3.8302 26.1698 -3.8302
8.8 0.8 -3.83227 26.1677 -3.83227
8.8 1 -3.83444 26.1658 -3.83444
8.8 1.2 -3.83884 26.1614 -3.83884
8.8 1.4 -3.84591 26.1541 -3.84591
8.8 1.6 -3.85626 26.1433 -3.85626
8.8 1.8 -3.87137 26.1275 -3.87137
8.8 2 -3.88912 26.1086 -3.88912
8.8 2.2 -3.90463 26.0908 -3.90463
8.8 2.4 -3.90656 26.0836 -3.90656
8.8 2.6 -3.86909 26.1075 -3.86909
8.8 2.8 -3.75433 26.1875 -3.75433
8.8 3 -3.52144 26.3317 -3.52144
8.8 3.2 -3.16152 26.461 -3.16152
8.8 3.4 -2.8327 26.1338 -2.8327
8.8 3.6 -3.43123 23.2418 -3.43123
8.8 3.8 -6.77856 10.3114 -6.77856
8.8 4 3.7044 -6.32741 3.7044
8.8 4.2 20.9435 -4.13871 20.9435
8.8 4.4 25.6435 -2.99744 25.6435
8.8 4.6 26.2396 -3.26792 26.2396
8.8 4.8 26.2351 -3.45796 26.2351
8.8 5 26.2407 -3.27721 26.2407
8.8 5.2 25.6835 -2.99848 25.6835
8.8 5.4 21.1901 -4.07245 21.1901
8.8 5.6 4.28898 -6.44637 4.28898
8.8 5.8 -6.83148 9.80693 -6.83148
8.8 6 -3.46935 23.0967 -3.46935
8.8 6.2 -2.83006 26.1084 -2.83006
8.8 6.4 -3.15297 26.46 -3.15297
8.8 6.6 -3.51376 26.3362 -3.51376
8.8 6.8 -3.7498 26.1918 -3.7498
8.8 7 -3.86677 26.1107 -3.86677
8.8 7.2 -3.9054 26.086 -3.9054
8.8 7.4 -3.90413 26.0926 -3.90413
8.8 7.6 -3.88891 26.1101 -3.88891
8.8 7.8 -3.87073 26.1294 -3.87073
8.8 8 -3.85574 26.145 -3.85574
8.8 8.2 -3.84473 26.1562 -3.84473
8.8 8.4 -3.83832 26.1626 -3.83832
8.8 8.6 -3.83422 26.1663 -3.83422
8.8 8.8 -3.83256 26.1677 -3.83256
8.8 9 -3.83173 26.1681 -3.83173
8.8 9.2 -3.83104 26.1683 -3.83104
8.8 9.4 -2.26454 27.7345 -2.26454
8.8 9.6 2.1451 32.1442 2.1451
8.8 9.8 -22.1325 7.86669 -22.1325
9 0 -4.38707 25.613 -4.38707
9 0.2 -5.74127 24.2589 -5.74127
9 0.4 -4.13141 25.8689 -4.13141
9 0.6 -3.83025 26.1699 -3.83025
9 0.8 -3.83231 26.1678 -3.83231
9 1 -3.83453 26.1658 -3.83453
9 1.2 -3.83895 26.1614 -3.83895
9 1.4 -3.84597 26.1541 -3.84597
9 1.6 -3.85625 26.1434 -3.85625
9 1.8 -3.87128 26.1277 -3.87128
9 2 -3.889 26.1089 -3.889
9 2.2 -3.9045 26.0912 -3.9045
9 2.4 -3.90649 26.0839 -3.90649
9 2.6 -3.86904 26.1077 -3.86904
9 2.8 -3.75422 26.1877 -3.75422
9 3 -3.52116 26.3319 -3.52116
9 3.2 -3.16108 26.4611 -3.16108
9 3.4 -2.83262 26.1324 -2.83262
9 3.6 -3.43431 23.2322 -3.43431
9 3.8 -6.78292 10.2772 -6.78292
9 4 3.74572 -6.33737 3.74572
9 4.2 20.9634 -4.13277 20.9634
9 4.4 25.6479 -2.99644 25.6479
9 4.6 26.2408 -3.2678 26.2408
9 4.8 26.2358 -3.45789 26.2358
9 5 26.2418 -3.27704 26.2418
9 5.2 25.6869 -2.9976 25.6869
9 5.4 21.2042 -4.06822 21.2042
9 5.6 4.31908 -6.45283 4.31908
9 5.8 -6.83422 9.78212 -6.83422
9 6 -3.47159 23.0898 -3.47159
9 6.2 -2.83006 26.1074 -2.83006
9 6.4 -3.15276 26.4599 -3.15276
9 6.6 -3.5137 26.3363 -3.5137
9 6.8 -3.74981 26.1919 -3.74981
9 7 -3.86681 26.1108 -3.86681
9 7.2 -3.9054 26.0862 -3.9054
9 7.4 -3.90405 26.0929 -3.90405
9 7.6 -3.8888 26.1103 -3.8888
9 7.8 -3.87066 26.1296 -3.87066
9 8 -3.85574 26.145 -3.85574
9 8.2 -3.84477 26.1563 -3.84477
9 8.4 -3.83837 26.1627 -3.83837
9 8.6 -3.8343 26.1663 -3.8343
9 8.8 -3.83265 26.1677 -3.83265
9 9 -3.83181 26.1681 -3.83181
9 9.2 -3.83115 26.1684 -3.83115
9 9.4 -2.26469 27.7345 -2.26469
9 9.6 2.14503 32.1443 2.14503
9 9.8 -22.1325 7.8668 -22.1325
9.2 0 -4.38705 25.6129 -4.38705
9.2 0.2 -5.74137 24.2587 -5.74137
9.2 0.4 -4.13159 25.8686 -4.13159
9.2 0.6 -3.8305 26.1695 -3.8305
9.2 0.8 -3.83257 26.1674 -3.83257
9.2 1 -3.83482 26.1654 -3.83482
9.2 1.2 -3.83928 26.1609 -3.83928
9.2 1.4 -3.84628 26.1537 -3.84628
9.2 1.6 -3.85646 26.1431 -3.85646
9.2 1.8 -3.87143 26.1275 -3.87143
9.2 2 -3.88915 26.1088 -3.88915
9.2 2.2 -3.90472 26.091 -3.90472
9.2 2.4 -3.90683 26.0837 -3.90683
9.2 2.6 -3.86947 26.1073 -3.86947
9.2 2.8 -3.75474 26.1872 -3.75474
9.2 3 -3.52161 26.3312 -3.52161
9.2 3.2 -3.16135 26.4602 -3.16135
9.2 3.4 -2.8332 26.1303 -2.8332
9.2 3.6 -3.43789 23.2225 -3.43789
9.2 3.8 -6.78836 10.2439 -6.78836
9.2 4 3.7846 -6.3483 3.7846
9.2 4.2 20.9826 -4.1274 20.9826
9.2 4.4 25.6522 -2.99551 25.6522
9.2 4.6 26.2421 -3.2676 26.2421
9.2 4.8 26.2366 -3.45769 26.2366
9.2 5 26.2427 -3.27689 26.2427
9.2 5.2 25.6899 -2.99694 25.6899
9.2 5.4 21.2172 -4.06472 21.2172
9.2 5.6 4.34587 -6.46011 4.34587
9.2 5.8 -6.83813 9.75895 -6.83813
9.2 6 -3.47436 23.0832 -3.47436
9.2 6.2 -2.83064 26.1058 -2.83064
9.2 6.4 -3.15319 26.4591 -3.15319
9.2 6.6 -3.51427 26.3355 -3.51427
9.2 6.8 -3.75042 26.1912 -3.75042
9.2 7 -3.86735 26.1103 -3.86735
9.2 7.2 -3.90585 26.0859 -3.90585
9.2 7.4 -3.90434 26.0927 -3.90434
9.2 7.6 -3.88897 26.1102 -3.88897
9.2 7.8 -3.87083 26.1293 -3.87083
9.2 8 -3.85593 26.1448 -3.85593
9.2 8.2 -3.84499 26.1559 -3.84499
9.2 8.4 -3.83861 26.1623 -3.83861
9.2 8.6 -3.83459 26.1659 -3.83459
9.2 8.8 -3.83298 26.1673 -3.83298
9.2 9 -3.83215 26.1677 -3.83215
9.2 9.2 -3.83155 26.1679 -3.83155
9.2 9.4 -2.26503 27.734 -2.26503
9.2 9.6 2.14471 32.1438 2.14471
9.2 9.8 -22.1328 7.86639 -22.1328
9.4 0 -4.39269 25.6072 -4.39269
9.4 0.2 -5.74052 24.2595 -5.74052
9.4 0.4 -4.13145 25.8687 -4.13145
9.4 0.6 -3.83043 26.1696 -3.83043
9.4 0.8 -3.83249 26.1675 -3.83249
9.4 1 -3.8345 26.1657 -3.8345
9.4 1.2 -3.83898 26.1612 -3.83898
9.4 1.4 -3.84598 26.154 -3.84598
9.4 1.6 -3.85619 26.1434 -3.85619
9.4 1.8 -3.87126 26.1277 -3.87126
9.4 2 -3.88891 26.1091 -3.88891
9.4 2.2 -3.90445 26.0914 -3.90445
9.4 2.4 -3.90641 26.0842 -3.90641
9.4 2.6 -3.86879 26.108 -3.86879
9.4 2.8 -3.75382 26.1879 -3.75382
9.4 3 -3.52053 26.3319 -3.52053
9.4 3.2 -3.15995 26.4609 -3.15995
9.4 3.4 -2.83215 26.13 -2.83215
9.4 3.6 -3.43951 23.2164 -3.43951
9.4 3.8 -6.79327 10.2172 -6.79327
9.4 4 3.81736 -6.35924 3.81736
9.4 4.2 21.0008 -4.12273 21.0008
9.4 4.4 25.6567 -2.99427 25.6567
9.4 4.6 26.2434 -3.26711 26.2434
9.4 4.8 26.2373 -3.45714 26.2373
9.4 5 26.2437 -3.27628 26.2437
9.4 5.2 25.6927 -2.996 25.6927
9.4 5.4 21.2287 -4.06183 21.2287
9.4 5.6 4.3667 -6.46736 4.3667
9.4 5.8 -6.84181 9.74229 -6.84181
9.4 6 -3.47503 23.0807 -3.47503
9.4 6.2 -2.82924 26.1067 -2.82924
9.4 6.4 -3.15181 26.46 -3.15181
9.4 6.6 -3.51306 26.3364 -3.51306
9.4 6.8 -3.74965 26.1918 -3.74965
9.4 7 -3.8668 26.1109 -3.8668
9.4 7.2 -3.90534 26.0864 -3.90534
9.4 7.4 -3.90397 26.0931 -3.90397
9.4 7.6 -3.8887 26.1105 -3.8887
9.4 7.8 -3.87052 26.1297 -3.87052
9.4 8 -3.8556 26.1451 -3.8556
9.4 8.2 -3.84465 26.1563 -3.84465
9.4 8.4 -3.83833 26.1626 -3.83833
9.4 8.6 -3.83428 26.1662 -3.83428
9.4 8.8 -3.83274 26.1676 -3.83274
9.4 9 -3.83198 26.1679 -3.83198
9.4 9.2 -3.83127 26.1681 -3.83127
9.4 9.4 -2.26474 27.7343 -2.26474
9.4 9.6 2.14484 32.1439 2.14484
9.4 9.8 -22.1327 7.86648 -22.1327
9.6 0 8.82421 38.8239 8.82421
9.6 0.2 7.49079 37.4908 7.49079
9.6 0.4 8.97306 38.9733 8.97306
9.6 0.6 9.25683 39.257 9.25683
9.6 0.8 9.25419 39.2543 9.25419
9.6 1 9.25227 39.2527 9.25227
9.6 1.2 9.24814 39.2485 9.24814
9.6 1.4 9.2412 39.2413 9.2412
9.6 1.6 9.23136 39.2311 9.23136
9.6 1.8 9.21666 39.2157 9.21666
9.6 2 9.19949 39.1977 9.19949
9.6 2.2 9.18454 39.1806 9.18454
9.6 2.4 9.18216 39.1729 9.18216
9.6 2.6 9.21864 39.1955 9.21864
9.6 2.8 9.33001 39.2715 9.33001
9.6 3 9.55442 39.4061 9.55442
9.6 3.2 9.90017 39.5197 9.90017
9.6 3.4 10.207 39.167 10.207
9.6 3.6 9.58166 36.2342 9.58166
9.6 3.8 6.23707 23.2363 6.23707
9.6 4 16.8668 6.65835 16.8668
9.6 4.2 34.0637 8.92661 34.0637
9.6 4.4 38.7036 10.0504 38.7036
9.6 4.6 39.3029 9.79256 39.3029
9.6 4.8 39.3066 9.61278 39.3066
9.6 5 39.3059 9.78654 39.3059
9.6 5.2 38.7351 10.046 38.7351
9.6 5.4 34.2653 8.96785 34.2653
9.6 5.6 17.4106 6.55817 17.4106
9.6 5.8 6.19175 22.7723 6.19175
9.6 6 9.56461 36.121 9.56461
9.6 6.2 10.2101 39.1453 10.2101
9.6 6.4 9.90575 39.5167 9.90575
9.6 6.6 9.55974 39.4087 9.55974
9.6 6.8 9.33254 39.2738 9.33254
9.6 7 9.22009 39.1977 9.22009
9.6 7.2 9.18327 39.1752 9.18327
9.6 7.4 9.18495 39.1822 9.18495
9.6 7.6 9.19949 39.1988 9.19949
9.6 7.8 9.21763 39.218 9.21763
9.6 8 9.23214 39.233 9.23214
9.6 8.2 9.24263 39.2437 9.24263
9.6 8.4 9.2483 39.2494 9.2483
9.6 8.6 9.25234 39.253 9.25234
9.6 8.8 9.25356 39.254 9.25356
9.6 9 9.25484 39.2548 9.25484
9.6 9.2 9.25528 39.2548 9.25528
9.6 9.4 10.7789 40.7781 10.7789
9.6 9.6 14.7028 44.7019 14.7028
9.6 9.8 -7.62103 22.3782 -7.62103
9.8 0 -28.2663 1.73354 -28.2663
9.8 0.2 -29.8631 0.136677 -29.8631
9.8 0.4 -28.0076 1.9923 -28.0076
9.8 0.6 -27.68 2.31991 -27.68
9.8 0.8 -27.6813 2.31868 -27.6813
9.8 1 -27.6836 2.31657 -27.6836
9.8 1.2 -27.6878 2.31242 -27.6878
9.8 1.4 -27.6948 2.30526 -27.6948
9.8 1.6 -27.7058 2.29396 -27.7058
9.8 1.8 -27.7214 2.27774 -27.7214
9.8 2 -27.7403 2.25775 -27.7403
9.8 2.2 -27.7571 2.23845 -27.7571
9.8 2.4 -27.759 2.23065 -27.759
9.8 2.6 -27.7193 2.25502 -27.7193
9.8 2.8 -27.597 2.33845 -27.597
9.8 3 -27.348 2.48906 -27.348
9.8 3.2 -26.9655 2.61822 -26.9655
9.8 3.4 -26.6181 2.25203 -26.6181
9.8 3.6 -27.2375 -0.821956 -27.2375
9.8 3.8 -30.4293 -13.913 -30.4293
9.8 4 -19.9281 -29.944 -19.9281
9.8 4.2 -3.03249 -27.9157 -3.03249
9.8 4.4 1.75712 -26.7921 1.75712
9.8 4.6 2.38752 -27.0786 2.38752
9.8 4.8 2.38324 -27.2813 2.38324
9.8 5 2.3847 -27.0905 2.3847
9.8 5.2 1.7876 -26.7946 1.7876
9.8 5.4 -2.84477 -27.8601 -2.84477
9.8 5.6 -19.549 -30.029 -19.549
9.8 5.8 -30.4608 -14.2573 -30.4608
9.8 6 -27.2771 -0.944572 -27.2771
9.8 6.2 -26.6144 2.23205 -26.6144
9.8 6.4 -26.9541 2.62131 -26.9541
9.8 6.6 -27.3386 2.49556 -27.3386
9.8 6.8 -27.591 2.34418 -27.591
9.8 7 -27.7163 2.25886 -27.7163
9.8 7.2 -27.7579 2.23288 -27.7579
9.8 7.4 -27.7568 2.23994 -27.7568
9.8 7.6 -27.7401 2.25902 -27.7401
9.8 7.8 -27.7213 2.27891 -27.7213
9.8 8 -27.7056 2.29513 -27.7056
9.8 8.2 -27.6942 2.30668 -27.6942
9.8 8.4 -27.6871 2.31369 -27.6871
9.8 8.6 -27.683 2.31738 -27.683
9.8 8.8 -27.6811 2.31906 -27.6811
9.8 9 -27.6805 2.31921 -27.6805
9.8 9.2 -27.6793 2.32006 -27.6793
9.8 9.4 -26.037 3.96212 -26.037
9.8 9.6 -20.6902 9.30888 -20.6902
9.8 9.8 -48.7913 -18.7924 -48.7913
