0 0 0.000352448 4.66964e-06 0.999842
0 0.2 0.000445384 4.6735e-06 0.999741
0 0.4 0.000760355 4.61052e-06 0.999418
0 0.6 0.00142058 4.56802e-06 0.998784
0 0.8 0.00267791 4.56135e-06 0.997594
0 1 0.00496317 4.62265e-06 0.995405
0 1.2 0.00898057 4.84834e-06 0.991483
0 1.4 0.0158287 5.51086e-06 0.984701
0 1.6 0.0271439 7.35788e-06 0.973405
0 1.8 0.0452378 1.24108e-05 0.955282
0 2 0.0731574 2.60632e-05 0.927299
0 2.2 0.114522 6.24828e-05 0.885845
0 2.4 0.1729 0.00015817 0.82734
0 2.6 0.250481 0.000405129 0.749508
0 2.8 0.346106 0.0010313 0.653301
0 3 0.453467 0.00260516 0.544492
0 3.2 0.560825 0.00665274 0.433275
0 3.4 0.652064 0.0181589 0.33067
0 3.6 0.700564 0.0585442 0.241613
0 3.8 0.620399 0.22698 0.152864
0 4 0.26846 0.685265 0.0480834
0 4.2 0.0698222 0.922858 0.00871379
0 4.4 0.020335 0.978754 0.0016974
0 4.6 0.00759565 0.992455 0.00046877
0 4.8 0.00483414 0.995277 0.00026739
0 5 0.00769717 0.992154 0.000475782
0 5.2 0.0207568 0.977902 0.00173768
0 5.4 0.0717199 0.920161 0.00896682
0 5.6 0.275574 0.676147 0.0493169
0 5.8 0.62467 0.220931 0.153709
0 6 0.701183 0.0571076 0.24164
0 6.2 0.651959 0.0178073 0.330534
0 6.4 0.560663 0.00654664 0.43313
0 6.6 0.453342 0.00256837 0.544326
0 6.8 0.346013 0.00101785 0.653078
0 7 0.250412 0.000400171 0.749217
0 7.2 0.172851 0.000156353 0.82699
0 7.4 0.114487 6.18211e-05 0.885455
0 7.6 0.0731341 2.58216e-05 0.926895
0 7.8 0.0452228 1.23201e-05 0.954901
0 8 0.0271346 7.31996e-06 0.973079
0 8.2 0.0158229 5.48996e-06 0.984459
0 8.4 0.00897663 4.83077e-06 0.991346
0 8.6 0.00495924 4.6022e-06 0.995372
0 8.8 0.00267169 4.53399e-06 0.997643
0 9 0.00140818 4.53021e-06 0.998877
0 9.2 0.000734161 4.55961e-06 0.999519
0 9.4 0.000394191 4.6212e-06 0.999818
0 9.6 0.000248369 4.72527e-06 0.999926
0 9.8 0.000180172 5.16691e-06 0.99997
0.2 0 0.000352405 4.68406e-06 0.999877
0.2 0.2 0.000445311 4.68852e-06 0.999771
0.2 0.4 0.000760251 4.62579e-06 0.999449
0.2 0.6 0.00142044 4.58334e-06 0.998813
0.2 0.8 0.00267768 4.57675e-06 0.997622
0.2 1 0.00496276 4.63834e-06 0.995432
0.2 1.2 0.00897987 4.86493e-06 0.991512
0.2 1.4 0.0158275 5.53007e-06 0.984732
0.2 1.6 0.0271419 7.38442e-06 0.973436
0.2 1.8 0.0452346 1.24577e-05 0.955314
0.2 2 0.0731518 2.61661e-05 0.927327
0.2 2.2 0.114513 6.2738e-05 0.885869
0.2 2.4 0.172886 0.000158835 0.827361
0.2 2.6 0.250459 0.000406878 0.749526
0.2 2.8 0.346077 0.00103587 0.653318
0.2 3 0.453427 0.002617 0.544507
0.2 3.2 0.560764 0.00668345 0.433277
0.2 3.4 0.651955 0.018242 0.330649
0.2 3.6 0.700311 0.0587886 0.241547
0.2 3.8 0.619858 0.227547 0.15274
0.2 4 0.268524 0.68509 0.0480964
0.2 4.2 0.0699397 0.922658 0.00872852
0.2 4.4 0.0203697 0.978666 0.00170017
0.2 4.6 0.00760542 0.992404 0.000469288
0.2 4.8 0.00483666 0.995234 0.000267461
0.2 5 0.00769706 0.992111 0.000475603
0.2 5.2 0.0207488 0.977853 0.00173628
0.2 5.4 0.071632 0.920172 0.00895357
0.2 5.6 0.274802 0.676916 0.0491814
0.2 5.8 0.623569 0.222105 0.153465
0.2 6 0.700799 0.0574828 0.241532
0.2 6.2 0.651827 0.0179199 0.330481
0.2 6.4 0.560619 0.00658569 0.433098
0.2 6.6 0.45333 0.00258294 0.544305
0.2 6.8 0.346015 0.00102337 0.653066
0.2 7 0.25042 0.000402256 0.749213
0.2 7.2 0.172859 0.000157135 0.826993
0.2 7.4 0.114494 6.21173e-05 0.885465
0.2 7.6 0.0731393 2.59387e-05 0.926913
0.2 7.8 0.0452264 1.23718e-05 0.954922
0.2 8 0.0271369 7.34807e-06 0.973101
0.2 8.2 0.0158243 5.50961e-06 0.984481
0.2 8.4 0.00897748 4.84744e-06 0.991371
0.2 8.6 0.00495973 4.61784e-06 0.9954
0.2 8.8 0.00267197 4.54933e-06 0.997676
0.2 9 0.00140833 4.54551e-06 0.998914
0.2 9.2 0.000734247 4.57498e-06 0.999558
0.2 9.4 0.000394246 4.63649e-06 0.99986
0.2 9.6 0.000248433 4.74077e-06 0.999978
0.2 9.8 0.000180069 5.18751e-06 1.00001
0.4 0 0.000352241 4.60649e-06 0.999969
0.4 0.2 0.000445096 4.61169e-06 0.999841
0.4 0.4 0.000759909 4.55069e-06 0.999511
0.4 0.6 0.00141987 4.50941e-06 0.998863
0.4 0.8 0.0026767 4.5032e-06 0.997666
0.4 1 0.00496111 4.56409e-06 0.995475
0.4 1.2 0.00897719 4.78774e-06 0.991562
0.4 1.4 0.0158232 5.44406e-06 0.984787
0.4 1.6 0.0271354 7.27392e-06 0.973496
0.4 1.8 0.0452249 1.2281e-05 0.955384
0.4 2 0.0731372 2.5813e-05 0.927402
0.4 2.2 0.114492 6.19225e-05 0.885947
0.4 2.4 0.17286 0.000156832 0.827452
0.4 2.6 0.250429 0.00040189 0.749624
0.4 2.8 0.346047 0.00102356 0.653428
0.4 3 0.453413 0.002587 0.544628
0.4 3.2 0.56078 0.00660999 0.433394
0.4 3.4 0.652063 0.0180533 0.330775
0.4 3.6 0.700694 0.0582562 0.241723
0.4 3.8 0.620884 0.226236 0.153031
0.4 4 0.268715 0.684869 0.0481528
0.4 4.2 0.0696237 0.923055 0.00869464
0.4 4.4 0.020202 0.978898 0.00168665
0.4 4.6 0.00752522 0.992554 0.000464284
0.4 4.8 0.00477439 0.995358 0.000263921
0.4 5 0.00758945 0.992275 0.000468675
0.4 5.2 0.0204622 0.978193 0.00171122
0.4 5.4 0.0707245 0.92118 0.00883946
0.4 5.6 0.27254 0.679486 0.0488002
0.4 5.8 0.622837 0.222652 0.15338
0.4 6 0.700808 0.0573429 0.241581
0.4 6.2 0.651882 0.0178177 0.330514
0.4 6.4 0.560684 0.00653685 0.433117
0.4 6.6 0.453401 0.0025611 0.544324
0.4 6.8 0.34608 0.00101395 0.653093
0.4 7 0.250472 0.000398302 0.749246
0.4 7.2 0.172897 0.0001555 0.827029
0.4 7.4 0.11452 6.14317e-05 0.885504
0.4 7.6 0.0731566 2.56313e-05 0.926962
0.4 7.8 0.0452368 1.2211e-05 0.954965
0.4 8 0.0271429 7.24313e-06 0.973139
0.4 8.2 0.0158277 5.42557e-06 0.984516
0.4 8.4 0.00897938 4.77109e-06 0.991414
0.4 8.6 0.00496072 4.54418e-06 0.995445
0.4 8.8 0.00267249 4.47647e-06 0.997733
0.4 9 0.00140857 4.4726e-06 0.998974
0.4 9.2 0.000734346 4.50157e-06 0.999623
0.4 9.4 0.000394263 4.56219e-06 0.999931
0.4 9.6 0.000248384 4.66437e-06 1.00005
0.4 9.8 0.000180207 5.10001e-06 1.00009
0.6 0 0.000352003 4.5542e-06 1.00006
0.6 0.2 0.000444801 4.55957e-06 0.999921
0.6 0.4 0.000759441 4.49966e-06 0.999577
0.6 0.6 0.00141907 4.45915e-06 0.998918
0.6 0.8 0.00267531 4.45325e-06 0.997714
0.6 1 0.00495873 4.51377e-06 0.995519
0.6 1.2 0.00897322 4.73565e-06 0.991606
0.6 1.4 0.0158167 5.38671e-06 0.984831
0.6 1.6 0.0271252 7.20218e-06 0.973544
0.6 1.8 0.0452094 1.2171e-05 0.955443
0.6 2 0.0731144 2.56027e-05 0.927474
0.6 2.2 0.114461 6.14552e-05 0.886033
0.6 2.4 0.172819 0.000155721 0.827559
0.6 2.6 0.25038 0.000399208 0.749753
0.6 2.8 0.345998 0.00101714 0.653576
0.6 3 0.453372 0.00257181 0.544778
0.6 3.2 0.560752 0.00657353 0.433526
0.6 3.4 0.652087 0.0179592 0.330893
0.6 3.6 0.700879 0.0579768 0.241853
0.6 3.8 0.621527 0.225424 0.153231
0.6 4 0.26924 0.684289 0.0482652
0.6 4.2 0.0696453 0.923106 0.00870217
0.6 4.4 0.0201703 0.97902 0.00168458
0.6 4.6 0.00749983 0.992677 0.000462698
0.6 4.8 0.00474594 0.995486 0.000262261
0.6 5 0.00753161 0.992427 0.000464812
0.6 5.2 0.0202982 0.978433 0.00169621
0.6 5.4 0.0701541 0.921842 0.00876543
0.6 5.6 0.270807 0.68148 0.0485041
0.6 5.8 0.621958 0.223586 0.15322
0.6 6 0.700645 0.057472 0.241555
0.6 6.2 0.651888 0.0178227 0.330496
0.6 6.4 0.560758 0.00653035 0.433101
0.6 6.6 0.453501 0.00255629 0.544319
0.6 6.8 0.346177 0.00101131 0.6531
0.6 7 0.250551 0.000397003 0.749262
0.6 7.2 0.172955 0.00015489 0.827049
0.6 7.4 0.11456 6.11442e-05 0.885527
0.6 7.6 0.0731827 2.54849e-05 0.92699
0.6 7.8 0.0452532 1.21235e-05 0.954993
0.6 8 0.0271527 7.17934e-06 0.973165
0.6 8.2 0.0158334 5.37104e-06 0.984538
0.6 8.4 0.00898255 4.72008e-06 0.991439
0.6 8.6 0.00496245 4.49442e-06 0.995478
0.6 8.8 0.00267341 4.42707e-06 0.997777
0.6 9 0.00140904 4.42314e-06 0.999031
0.6 9.2 0.000734574 4.45175e-06 0.999692
0.6 9.4 0.000394363 4.51159e-06 1.00001
0.6 9.6 0.000248432 4.61226e-06 1.00013
0.6 9.8 0.000180275 5.04178e-06 1.00017
0.8 0 0.000351721 4.51918e-06 1.00014
0.8 0.2 0.000444458 4.52461e-06 0.999998
0.8 0.4 0.000758903 4.46537e-06 0.999652
0.8 0.6 0.00141814 4.42534e-06 0.998985
0.8 0.8 0.00267368 4.41962e-06 0.997773
0.8 1 0.00495589 4.47987e-06 0.995567
0.8 1.2 0.00896836 4.70055e-06 0.991643
0.8 1.4 0.0158086 5.34819e-06 0.984861
0.8 1.6 0.0271123 7.1545e-06 0.973576
0.8 1.8 0.0451895 1.20993e-05 0.955486
0.8 2 0.073085 2.54694e-05 0.927532
0.8 2.2 0.114419 6.11668e-05 0.88611
0.8 2.4 0.172764 0.000155052 0.827661
0.8 2.6 0.250315 0.000397631 0.749884
0.8 2.8 0.345929 0.00101345 0.653728
0.8 3 0.453305 0.00256317 0.544931
0.8 3.2 0.560697 0.00655268 0.43366
0.8 3.4 0.652066 0.0179028 0.331003
0.8 3.6 0.700977 0.0577898 0.241958
0.8 3.8 0.622026 0.224771 0.15339
0.8 4 0.269883 0.683534 0.0483938
0.8 4.2 0.06978 0.922979 0.00872291
0.8 4.4 0.0201883 0.979027 0.00168668
0.8 4.6 0.00749672 0.992708 0.000462523
0.8 4.8 0.00473247 0.995528 0.000261453
0.8 5 0.00749592 0.992485 0.00046235
0.8 5.2 0.0201879 0.978555 0.00168568
0.8 5.4 0.0697351 0.922294 0.00870893
0.8 5.6 0.269388 0.683103 0.0482525
0.8 5.8 0.621105 0.224554 0.153031
0.8 6 0.700461 0.057674 0.241484
0.8 6.2 0.651897 0.017864 0.330439
0.8 6.4 0.560848 0.00654009 0.433046
0.8 6.6 0.453622 0.0025586 0.544275
0.8 6.8 0.346294 0.0010117 0.653068
0.8 7 0.250647 0.000396955 0.749238
0.8 7.2 0.173026 0.000154786 0.827033
0.8 7.4 0.114609 6.10617e-05 0.885518
0.8 7.6 0.0732158 2.54257e-05 0.92699
0.8 7.8 0.0452743 1.20783e-05 0.954998
0.8 8 0.0271657 7.14108e-06 0.973174
0.8 8.2 0.015841 5.33588e-06 0.984551
0.8 8.4 0.00898697 4.68623e-06 0.99146
0.8 8.6 0.00496492 4.46108e-06 0.995509
0.8 8.8 0.00267474 4.39386e-06 0.99782
0.8 9 0.00140974 4.38984e-06 0.999087
0.8 9.2 0.000734926 4.41819e-06 0.999761
0.8 9.4 0.000394538 4.47746e-06 1.00008
0.8 9.6 0.000248532 4.57716e-06 1.00021
0.8 9.8 0.000180348 5.00296e-06 1.00024
1 0 0.000351412 4.4962e-06 1.0002
1 0.2 0.000444082 4.50164e-06 1.00006
1 0.4 0.000758304 4.44277e-06 0.999703
1 0.6 0.00141709 4.40303e-06 0.999028
1 0.8 0.00267181 4.3974e-06 0.997804
1 1 0.0049526 4.45742e-06 0.995583
1 1.2 0.00896269 4.67724e-06 0.991644
1 1.4 0.0157991 5.32252e-06 0.984856
1 1.6 0.027097 7.12259e-06 0.973573
1 1.8 0.0451659 1.20513e-05 0.955494
1 2 0.0730497 2.53803e-05 0.927557
1 2.2 0.114369 6.09749e-05 0.886156
1 2.4 0.172696 0.000154609 0.827734
1 2.6 0.250232 0.00039659 0.749987
1 2.8 0.345835 0.001011 0.653854
1 3 0.45321 0.00255738 0.545063
1 3.2 0.56061 0.00653825 0.433778
1 3.4 0.652007 0.0178612 0.331098
1 3.6 0.701016 0.0576376 0.242042
1 3.8 0.622442 0.224177 0.153525
1 4 0.270546 0.682702 0.0485235
1 4.2 0.069948 0.922743 0.00874737
1 4.4 0.0202228 0.978922 0.00169017
1 4.6 0.00750194 0.992612 0.00046289
1 4.8 0.00472552 0.995432 0.000261024
1 5 0.00747066 0.992411 0.000460572
1 5.2 0.0201044 0.978556 0.00167748
1 5.4 0.0694023 0.922589 0.00866261
1 5.6 0.268203 0.684423 0.0480345
1 5.8 0.620333 0.225431 0.152834
1 6 0.700284 0.0578778 0.24138
1 6.2 0.651909 0.0179131 0.330344
1 6.4 0.56094 0.00655455 0.432947
1 6.6 0.453745 0.00256334 0.544178
1 6.8 0.346413 0.00101327 0.652977
1 7 0.250747 0.00039744 0.749156
1 7.2 0.173101 0.000154917 0.826961
1 7.4 0.114663 6.10816e-05 0.885458
1 7.6 0.0732521 2.54138e-05 0.926942
1 7.8 0.0452978 1.20581e-05 0.954959
1 8 0.0271803 7.11914e-06 0.973141
1 8.2 0.0158498 5.31377e-06 0.984529
1 8.4 0.0089921 4.66423e-06 0.99145
1 8.6 0.00496783 4.43917e-06 0.995512
1 8.8 0.00267633 4.37195e-06 0.997835
1 9 0.00141058 4.36785e-06 0.999113
1 9.2 0.000735357 4.396e-06 0.999795
1 9.4 0.000394757 4.45489e-06 1.00011
1 9.6 0.00024866 4.55395e-06 1.00024
1 9.8 0.000180436 4.97745e-06 1.00027
1.2 0 0.000351093 4.48135e-06 1.00024
1.2 0.2 0.000443695 4.48681e-06 1.0001
1.2 0.4 0.000757694 4.42824e-06 0.999751
1.2 0.6 0.00141603 4.38869e-06 0.999076
1.2 0.8 0.00266991 4.3831e-06 0.997841
1.2 1 0.00494924 4.44292e-06 0.995606
1.2 1.2 0.00895691 4.66211e-06 0.991655
1.2 1.4 0.0157895 5.30568e-06 0.984861
1.2 1.6 0.0270815 7.10129e-06 0.973581
1.2 1.8 0.0451418 1.20184e-05 0.955512
1.2 2 0.0730135 2.53179e-05 0.92759
1.2 2.2 0.114317 6.08383e-05 0.886206
1.2 2.4 0.172625 0.000154289 0.827805
1.2 2.6 0.250142 0.000395825 0.750081
1.2 2.8 0.345731 0.00100916 0.653966
1.2 3 0.4531 0.00255292 0.545179
1.2 3.2 0.560507 0.0065267 0.433884
1.2 3.4 0.651932 0.0178263 0.331182
1.2 3.6 0.701032 0.0575033 0.242117
1.2 3.8 0.622811 0.223626 0.153645
1.2 4 0.271186 0.681863 0.0486477
1.2 4.2 0.0701192 0.922449 0.00877201
1.2 4.4 0.0202613 0.978749 0.00169401
1.2 4.6 0.00751015 0.992441 0.000463457
1.2 4.8 0.00472176 0.995259 0.000260784
1.2 5 0.00745148 0.992262 0.000459201
1.2 5.2 0.020038 0.978481 0.00167081
1.2 5.4 0.0691316 0.922772 0.00862391
1.2 5.6 0.267219 0.685488 0.0478471
1.2 5.8 0.619676 0.226185 0.152645
1.2 6 0.700141 0.0580602 0.241263
1.2 6.2 0.651934 0.0179594 0.330226
1.2 6.4 0.561036 0.00656911 0.432818
1.2 6.6 0.45387 0.00256851 0.544046
1.2 6.8 0.346536 0.00101515 0.652854
1.2 7 0.250852 0.000398108 0.749048
1.2 7.2 0.173183 0.000155142 0.826873
1.2 7.4 0.114722 6.11485e-05 0.885389
1.2 7.6 0.0732925 2.54263e-05 0.926888
1.2 7.8 0.045324 1.20524e-05 0.954916
1.2 8 0.0271967 7.10759e-06 0.973109
1.2 8.2 0.0158598 5.3004e-06 0.984509
1.2 8.4 0.00899798 4.65034e-06 0.991447
1.2 8.6 0.00497118 4.42514e-06 0.995524
1.2 8.8 0.00267817 4.35787e-06 0.997858
1.2 9 0.00141156 4.3537e-06 0.999144
1.2 9.2 0.000735866 4.3817e-06 0.99983
1.2 9.4 0.000395023 4.44035e-06 1.00015
1.2 9.6 0.000248818 4.53901e-06 1.00027
1.2 9.8 0.000180543 4.96099e-06 1.00029
1.4 0 0.00035077 4.47178e-06 1.00023
1.4 0.2 0.000443303 4.47727e-06 1.0001
1.4 0.4 0.000757071 4.41889e-06 0.999758
1.4 0.6 0.00141494 4.37947e-06 0.999084
1.4 0.8 0.00266796 4.37388e-06 0.997843
1.4 1 0.00494579 4.43355e-06 0.995598
1.4 1.2 0.00895095 4.65225e-06 0.991639
1.4 1.4 0.0157796 5.2945e-06 0.984842
1.4 1.6 0.0270654 7.08662e-06 0.973565
1.4 1.8 0.0451166 1.19947e-05 0.955506
1.4 2 0.0729757 2.52707e-05 0.927598
1.4 2.2 0.114262 6.07314e-05 0.886232
1.4 2.4 0.172549 0.000154031 0.827849
1.4 2.6 0.250043 0.000395193 0.750143
1.4 2.8 0.345611 0.00100761 0.654043
1.4 3 0.452969 0.00254904 0.545263
1.4 3.2 0.560381 0.00651647 0.433964
1.4 3.4 0.651834 0.017795 0.331251
1.4 3.6 0.701027 0.0573816 0.242181
1.4 3.8 0.62314 0.223121 0.153755
1.4 4 0.27178 0.681076 0.0487634
1.4 4.2 0.0702821 0.922165 0.00879547
1.4 4.4 0.0202994 0.978582 0.00169781
1.4 4.6 0.00751933 0.992286 0.00046409
1.4 4.8 0.00471988 0.995105 0.000260655
1.4 5 0.00743673 0.992126 0.000458125
1.4 5.2 0.0199852 0.978403 0.00166538
1.4 5.4 0.0689133 0.922902 0.00859188
1.4 5.6 0.266419 0.686346 0.0476896
1.4 5.8 0.619137 0.226808 0.152472
1.4 6 0.700027 0.0582132 0.241137
1.4 6.2 0.651955 0.0179987 0.330087
1.4 6.4 0.561117 0.00658178 0.432657
1.4 6.6 0.453977 0.00257315 0.543876
1.4 6.8 0.346648 0.00101691 0.65269
1.4 7 0.250951 0.000398768 0.748903
1.4 7.2 0.173262 0.000155379 0.82675
1.4 7.4 0.11478 6.12282e-05 0.885288
1.4 7.6 0.0733322 2.54483e-05 0.926801
1.4 7.8 0.04535 1.20539e-05 0.954838
1.4 8 0.027213 7.10197e-06 0.97304
1.4 8.2 0.0158697 5.29237e-06 0.984452
1.4 8.4 0.00900388 4.64154e-06 0.991404
1.4 8.6 0.00497456 4.41611e-06 0.995496
1.4 8.8 0.00268005 4.34876e-06 0.997842
1.4 9 0.00141256 4.34453e-06 0.999133
1.4 9.2 0.000736391 4.37244e-06 0.999819
1.4 9.4 0.000395299 4.43093e-06 1.00014
1.4 9.6 0.000248985 4.52933e-06 1.00025
1.4 9.8 0.000180658 4.95032e-06 1.00026
1.6 0 0.000350451 4.46553e-06 1.00018
1.6 0.2 0.00044291 4.47102e-06 1.00004
1.6 0.4 0.000756434 4.4127e-06 0.999697
1.6 0.6 0.00141381 4.37333e-06 0.999021
1.6 0.8 0.00266594 4.36775e-06 0.99778
1.6 1 0.00494221 4.42729e-06 0.995534
1.6 1.2 0.00894479 4.64559e-06 0.991574
1.6 1.4 0.0157692 5.28673e-06 0.984778
1.6 1.6 0.0270487 7.07594e-06 0.973509
1.6 1.8 0.0450907 1.19764e-05 0.955465
1.6 2 0.0729371 2.52326e-05 0.92758
1.6 2.2 0.114207 6.06425e-05 0.886241
1.6 2.4 0.172475 0.000153814 0.827886
1.6 2.6 0.249948 0.000394655 0.750205
1.6 2.8 0.345501 0.00100628 0.654124
1.6 3 0.452854 0.0025457 0.545354
1.6 3.2 0.560276 0.00650764 0.434052
1.6 3.4 0.651764 0.0177678 0.331327
1.6 3.6 0.701046 0.0572755 0.242252
1.6 3.8 0.623455 0.222678 0.15386
1.6 4 0.272326 0.680393 0.0488702
1.6 4.2 0.070433 0.921949 0.00881726
1.6 4.4 0.0203356 0.978486 0.0017014
1.6 4.6 0.00752869 0.992211 0.000464732
1.6 4.8 0.0047193 0.995037 0.000260601
1.6 5 0.00742564 0.99207 0.000457292
1.6 5.2 0.0199441 0.978383 0.00166104
1.6 5.4 0.0687424 0.923038 0.00856605
1.6 5.6 0.265792 0.687052 0.0475614
1.6 5.8 0.618734 0.227318 0.152324
1.6 6 0.699975 0.0583396 0.241024
1.6 6.2 0.652012 0.0180317 0.32996
1.6 6.4 0.561217 0.00659252 0.432509
1.6 6.6 0.454094 0.00257715 0.543717
1.6 6.8 0.346762 0.00101846 0.652534
1.6 7 0.251048 0.000399358 0.748758
1.6 7.2 0.173337 0.000155598 0.826619
1.6 7.4 0.114834 6.13044e-05 0.885165
1.6 7.6 0.0733691 2.54717e-05 0.926681
1.6 7.8 0.0453738 1.20581e-05 0.954716
1.6 8 0.0272279 7.09935e-06 0.972917
1.6 8.2 0.0158788 5.28736e-06 0.984333
1.6 8.4 0.00900923 4.63571e-06 0.991295
1.6 8.6 0.00497764 4.41002e-06 0.995397
1.6 8.8 0.00268177 4.34259e-06 0.997751
1.6 9 0.00141349 4.33831e-06 0.999045
1.6 9.2 0.000736875 4.36614e-06 0.999728
1.6 9.4 0.000395554 4.4245e-06 1.00004
1.6 9.6 0.00024914 4.52272e-06 1.00014
1.6 9.8 0.000180768 4.94313e-06 1.00016
1.8 0 0.000350152 4.46145e-06 1.00011
1.8 0.2 0.000442544 4.46694e-06 0.999978
1.8 0.4 0.000755847 4.40872e-06 0.999639
1.8 0.6 0.00141278 4.36942e-06 0.998971
1.8 0.8 0.0026641 4.36386e-06 0.997739
1.8 1 0.004939 4.42331e-06 0.995499
1.8 1.2 0.00893927 4.64128e-06 0.991543
1.8 1.4 0.01576 5.2815e-06 0.984749
1.8 1.6 0.0270338 7.06827e-06 0.973485
1.8 1.8 0.0450673 1.19623e-05 0.955452
1.8 2 0.072902 2.52016e-05 0.927583
1.8 2.2 0.114156 6.05676e-05 0.886263
1.8 2.4 0.172405 0.000153626 0.827925
1.8 2.6 0.249857 0.000394181 0.75026
1.8 2.8 0.34539 0.00100508 0.65419
1.8 3 0.452731 0.00254267 0.545424
1.8 3.2 0.560156 0.00649959 0.434118
1.8 3.4 0.65167 0.0177432 0.331386
1.8 3.6 0.701032 0.0571806 0.242308
1.8 3.8 0.623706 0.222286 0.15395
1.8 4 0.272792 0.679778 0.0489628
1.8 4.2 0.0705632 0.92174 0.00883627
1.8 4.4 0.0203671 0.978388 0.00170457
1.8 4.6 0.00753705 0.992137 0.00046531
1.8 4.8 0.00471917 0.99497 0.000260574
1.8 5 0.00741693 0.99201 0.000456622
1.8 5.2 0.0199115 0.978347 0.00165752
1.8 5.4 0.0686071 0.923119 0.00854503
1.8 5.6 0.265296 0.687584 0.0474562
1.8 5.8 0.618405 0.227712 0.152192
1.8 6 0.699921 0.058437 0.240909
1.8 6.2 0.652046 0.018057 0.329824
1.8 6.4 0.561292 0.0066008 0.43235
1.8 6.6 0.45419 0.00258029 0.543549
1.8 6.8 0.346861 0.0010197 0.652373
1.8 7 0.251137 0.000399844 0.748616
1.8 7.2 0.173409 0.000155782 0.826496
1.8 7.4 0.114886 6.13715e-05 0.885057
1.8 7.6 0.0734049 2.54938e-05 0.92658
1.8 7.8 0.0453971 1.20635e-05 0.954617
1.8 8 0.0272426 7.09863e-06 0.972819
1.8 8.2 0.0158877 5.28444e-06 0.984239
1.8 8.4 0.00901452 4.63201e-06 0.991207
1.8 8.6 0.00498069 4.40608e-06 0.995318
1.8 8.8 0.00268347 4.33857e-06 0.997679
1.8 9 0.00141441 4.33425e-06 0.998976
1.8 9.2 0.000737361 4.36203e-06 0.999655
1.8 9.4 0.000395812 4.42031e-06 0.999957
1.8 9.6 0.0002493 4.51844e-06 1.00006
1.8 9.8 0.00018088 4.93842e-06 1.00007
2 0 0.000349882 4.45882e-06 1.00005
2 0.2 0.000442213 4.46433e-06 0.999919
2 0.4 0.000755313 4.40615e-06 0.999583
2 0.6 0.00141184 4.36691e-06 0.998926
2 0.8 0.00266245 4.36138e-06 0.997709
2 1 0.00493612 4.42078e-06 0.995483
2 1.2 0.00893435 4.63848e-06 0.991535
2 1.4 0.0157518 5.27795e-06 0.984748
2 1.6 0.0270205 7.06269e-06 0.973489
2 1.8 0.0450465 1.19512e-05 0.955463
2 2 0.0728706 2.51762e-05 0.927605
2 2.2 0.11411 6.05046e-05 0.886298
2 2.4 0.172342 0.000153466 0.827973
2 2.6 0.249773 0.000393773 0.750317
2 2.8 0.345286 0.00100405 0.654252
2 3 0.452612 0.00254003 0.545486
2 3.2 0.560035 0.00649254 0.434175
2 3.4 0.651568 0.0177217 0.331435
2 3.6 0.700998 0.0570985 0.242355
2 3.8 0.623903 0.221949 0.154027
2 4 0.273182 0.679246 0.0490416
2 4.2 0.0706728 0.921555 0.00885252
2 4.4 0.0203939 0.978308 0.0017073
2 4.6 0.00754432 0.992088 0.000465817
2 4.8 0.00471937 0.99493 0.000260569
2 5 0.00741026 0.991972 0.000456095
2 5.2 0.0198862 0.978318 0.00165471
2 5.4 0.0685023 0.923169 0.00852828
2 5.6 0.264912 0.687977 0.0473719
2 5.8 0.618145 0.22801 0.152078
2 6 0.699871 0.0585105 0.240799
2 6.2 0.652067 0.018076 0.329694
2 6.4 0.561351 0.0066071 0.432198
2 6.6 0.454273 0.00258271 0.543392
2 6.8 0.34695 0.00102067 0.652227
2 7 0.251219 0.000400235 0.748491
2 7.2 0.173474 0.000155934 0.826394
2 7.4 0.114935 6.14279e-05 0.884971
2 7.6 0.0734384 2.55133e-05 0.926503
2 7.8 0.0454191 1.2069e-05 0.954543
2 8 0.0272564 7.09891e-06 0.972747
2 8.2 0.0158962 5.2828e-06 0.984169
2 8.4 0.00901953 4.62968e-06 0.991142
2 8.6 0.00498357 4.4035e-06 0.995259
2 8.8 0.00268508 4.33592e-06 0.997624
2 9 0.00141528 4.33157e-06 0.998921
2 9.2 0.000737821 4.35932e-06 0.999596
2 9.4 0.000396058 4.41755e-06 0.99989
2 9.6 0.000249452 4.51561e-06 0.999987
2 9.8 0.000180989 4.93535e-06 0.999999
2.2 0 0.000349642 4.4572e-06 1.00001
2.2 0.2 0.000441918 4.46271e-06 0.999874
2.2 0.4 0.00075484 4.40457e-06 0.999545
2.2 0.6 0.00141101 4.36537e-06 0.998901
2.2 0.8 0.00266099 4.35986e-06 0.997699
2.2 1 0.00493359 4.41921e-06 0.995489
2.2 1.2 0.00893006 4.63671e-06 0.991553
2.2 1.4 0.0157447 5.27556e-06 0.984774
2.2 1.6 0.027009 7.05862e-06 0.97352
2.2 1.8 0.0450286 1.19427e-05 0.955501
2.2 2 0.0728436 2.51558e-05 0.927652
2.2 2.2 0.114071 6.04531e-05 0.886354
2.2 2.4 0.172288 0.000153334 0.828039
2.2 2.6 0.249703 0.000393436 0.75039
2.2 2.8 0.345199 0.00100319 0.654326
2.2 3 0.452512 0.00253783 0.545554
2.2 3.2 0.559928 0.00648663 0.434233
2.2 3.4 0.651473 0.0177036 0.331481
2.2 3.6 0.700955 0.0570293 0.242397
2.2 3.8 0.624053 0.221666 0.154091
2.2 4 0.273503 0.678804 0.0491078
2.2 4.2 0.0707636 0.92141 0.0088662
2.2 4.4 0.0204161 0.978253 0.00170959
2.2 4.6 0.0075504 0.992059 0.000466248
2.2 4.8 0.00471967 0.994909 0.000260572
2.2 5 0.00740517 0.991952 0.000455682
2.2 5.2 0.0198671 0.978303 0.00165253
2.2 5.4 0.0684237 0.923209 0.0085153
2.2 5.6 0.264625 0.688265 0.047306
2.2 5.8 0.617944 0.228228 0.151982
2.2 6 0.69983 0.0585645 0.240702
2.2 6.2 0.652087 0.0180902 0.329578
2.2 6.4 0.561408 0.00661187 0.432069
2.2 6.6 0.454352 0.00258459 0.543264
2.2 6.8 0.347036 0.00102144 0.652115
2.2 7 0.251296 0.000400549 0.748402
2.2 7.2 0.173536 0.000156058 0.826327
2.2 7.4 0.114981 6.14748e-05 0.884921
2.2 7.6 0.0734697 2.553e-05 0.926461
2.2 7.8 0.0454395 1.20742e-05 0.954505
2.2 8 0.0272693 7.09971e-06 0.97271
2.2 8.2 0.015904 5.28198e-06 0.984135
2.2 8.4 0.00902416 4.62826e-06 0.991109
2.2 8.6 0.00498623 4.40185e-06 0.995228
2.2 8.8 0.00268656 4.3342e-06 0.997594
2.2 9 0.00141608 4.32982e-06 0.99889
2.2 9.2 0.000738243 4.35756e-06 0.999561
2.2 9.4 0.000396286 4.41576e-06 0.999851
2.2 9.6 0.000249595 4.51379e-06 0.999944
2.2 9.8 0.000181091 4.93336e-06 0.999954
2.4 0 0.000349429 4.4563e-06 0.999972
2.4 0.2 0.000441656 4.4618e-06 0.999841
2.4 0.4 0.000754416 4.40366e-06 0.999518
2.4 0.6 0.00141027 4.36445e-06 0.998884
2.4 0.8 0.00265967 4.35891e-06 0.997696
2.4 1 0.0049313 4.41819e-06 0.995499
2.4 1.2 0.00892617 4.6355e-06 0.991574
2.4 1.4 0.0157382 5.27384e-06 0.984802
2.4 1.6 0.0269986 7.05551e-06 0.973554
2.4 1.8 0.0450124 1.19359e-05 0.955541
2.4 2 0.0728195 2.51392e-05 0.927701
2.4 2.2 0.114037 6.04109e-05 0.886415
2.4 2.4 0.172242 0.000153226 0.828112
2.4 2.6 0.249644 0.000393162 0.750472
2.4 2.8 0.345129 0.0010025 0.654412
2.4 3 0.452434 0.00253606 0.545635
2.4 3.2 0.559851 0.00648191 0.434302
2.4 3.4 0.651407 0.0176891 0.331536
2.4 3.6 0.700933 0.0569739 0.242443
2.4 3.8 0.624184 0.22144 0.154151
2.4 4 0.273765 0.67845 0.0491634
2.4 4.2 0.0708377 0.921296 0.00887762
2.4 4.4 0.0204343 0.978214 0.00171151
2.4 4.6 0.00755546 0.992042 0.000466612
2.4 4.8 0.00472008 0.9949 0.000260585
2.4 5 0.00740149 0.991943 0.000455373
2.4 5.2 0.0198531 0.978295 0.00165088
2.4 5.4 0.0683671 0.92324 0.00850558
2.4 5.6 0.264421 0.688476 0.0472568
2.4 5.8 0.617813 0.228388 0.151909
2.4 6 0.699823 0.0586044 0.240627
2.4 6.2 0.652128 0.0181008 0.329492
2.4 6.4 0.561476 0.00661552 0.431975
2.4 6.6 0.454434 0.00258605 0.543173
2.4 6.8 0.347117 0.00102205 0.652039
2.4 7 0.251367 0.000400796 0.748345
2.4 7.2 0.173592 0.000156156 0.826286
2.4 7.4 0.11502 6.15121e-05 0.884891
2.4 7.6 0.0734967 2.55435e-05 0.926436
2.4 7.8 0.0454571 1.20785e-05 0.954482
2.4 8 0.0272803 7.10058e-06 0.972688
2.4 8.2 0.0159107 5.28153e-06 0.984113
2.4 8.4 0.00902812 4.62731e-06 0.991088
2.4 8.6 0.0049885 4.40071e-06 0.995206
2.4 8.8 0.00268782 4.33298e-06 0.997572
2.4 9 0.00141676 4.32859e-06 0.998866
2.4 9.2 0.000738605 4.35632e-06 0.999535
2.4 9.4 0.000396482 4.41453e-06 0.999822
2.4 9.6 0.000249717 4.51254e-06 0.999913
2.4 9.8 0.00018118 4.93202e-06 0.999925
2.6 0 0.000349241 4.45606e-06 0.999959
2.6 0.2 0.000441427 4.46154e-06 0.999832
2.6 0.4 0.000754046 4.40335e-06 0.999516
2.6 0.6 0.00140962 4.36407e-06 0.998895
2.6 0.8 0.00265852 4.35846e-06 0.997718
2.6 1 0.00492928 4.41763e-06 0.995528
2.6 1.2 0.00892272 4.63474e-06 0.991608
2.6 1.4 0.0157325 5.27263e-06 0.98484
2.6 1.6 0.0269894 7.05317e-06 0.973595
2.6 1.8 0.0449981 1.19305e-05 0.955588
2.6 2 0.0727983 2.51259e-05 0.927756
2.6 2.2 0.114007 6.03773e-05 0.886481
2.6 2.4 0.172202 0.000153141 0.828191
2.6 2.6 0.249595 0.000392948 0.750561
2.6 2.8 0.345075 0.00100196 0.654505
2.6 3 0.452378 0.00253473 0.545725
2.6 3.2 0.5598 0.00647839 0.43438
2.6 3.4 0.651371 0.0176783 0.3316
2.6 3.6 0.700933 0.0569322 0.242494
2.6 3.8 0.624297 0.221266 0.154206
2.6 4 0.273971 0.678174 0.0492089
2.6 4.2 0.0708958 0.921204 0.00888684
2.6 4.4 0.0204486 0.978181 0.00171307
2.6 4.6 0.00755952 0.992032 0.000466913
2.6 4.8 0.00472053 0.994899 0.000260604
2.6 5 0.00739885 0.991939 0.000455146
2.6 5.2 0.019843 0.978286 0.00164966
2.6 5.4 0.0683267 0.923257 0.00849839
2.6 5.6 0.264278 0.688626 0.0472207
2.6 5.8 0.617736 0.228505 0.151855
2.6 6 0.699847 0.0586347 0.240575
2.6 6.2 0.652189 0.0181091 0.329433
2.6 6.4 0.561552 0.00661843 0.431914
2.6 6.6 0.454515 0.00258721 0.543118
2.6 6.8 0.347193 0.00102253 0.651996
2.6 7 0.25143 0.000400992 0.748316
2.6 7.2 0.173639 0.000156233 0.82627
2.6 7.4 0.115054 6.15416e-05 0.884883
2.6 7.6 0.0735196 2.55542e-05 0.926433
2.6 7.8 0.045472 1.20821e-05 0.954481
2.6 8 0.0272896 7.10143e-06 0.972688
2.6 8.2 0.0159164 5.28134e-06 0.984114
2.6 8.4 0.00903146 4.6267e-06 0.991089
2.6 8.6 0.0049904 4.39994e-06 0.995207
2.6 8.8 0.00268888 4.33216e-06 0.997573
2.6 9 0.00141734 4.32776e-06 0.998868
2.6 9.2 0.000738912 4.35552e-06 0.999538
2.6 9.4 0.000396649 4.41374e-06 0.999825
2.6 9.6 0.000249823 4.51175e-06 0.999914
2.6 9.8 0.000181256 4.93119e-06 0.99993
2.8 0 0.000349076 4.45655e-06 0.999973
2.8 0.2 0.000441223 4.46195e-06 0.999847
2.8 0.4 0.000753715 4.40362e-06 0.999537
2.8 0.6 0.00140903 4.36418e-06 0.99892
2.8 0.8 0.00265746 4.35839e-06 0.997747
2.8 1 0.0049274 4.41738e-06 0.995558
2.8 1.2 0.00891946 4.63426e-06 0.991636
2.8 1.4 0.015727 5.27174e-06 0.984865
2.8 1.6 0.0269804 7.05129e-06 0.973618
2.8 1.8 0.0449839 1.19261e-05 0.955611
2.8 2 0.0727765 2.51147e-05 0.92778
2.8 2.2 0.113975 6.03483e-05 0.886506
2.8 2.4 0.172156 0.000153066 0.828218
2.8 2.6 0.249534 0.000392757 0.750593
2.8 2.8 0.344997 0.00100148 0.65454
2.8 3 0.452287 0.00253352 0.54576
2.8 3.2 0.559703 0.00647521 0.434414
2.8 3.4 0.651284 0.017669 0.33163
2.8 3.6 0.700881 0.0568977 0.242524
2.8 3.8 0.624358 0.22113 0.154247
2.8 4 0.274131 0.677976 0.0492456
2.8 4.2 0.0709424 0.921162 0.00889444
2.8 4.4 0.0204604 0.978185 0.00171438
2.8 4.6 0.00756295 0.992047 0.000467173
2.8 4.8 0.00472109 0.994918 0.000260633
2.8 5 0.00739726 0.991958 0.000454999
2.8 5.2 0.0198367 0.978306 0.00164884
2.8 5.4 0.0683008 0.923296 0.00849348
2.8 5.6 0.264183 0.688742 0.0471951
2.8 5.8 0.617667 0.228583 0.15181
2.8 6 0.699825 0.0586534 0.240519
2.8 6.2 0.652185 0.0181139 0.329362
2.8 6.4 0.561565 0.00662006 0.43183
2.8 6.6 0.454541 0.00258788 0.543032
2.8 6.8 0.347225 0.00102282 0.651917
2.8 7 0.251462 0.000401115 0.748251
2.8 7.2 0.173667 0.000156284 0.82622
2.8 7.4 0.115076 6.15615e-05 0.884848
2.8 7.6 0.073535 2.55617e-05 0.926411
2.8 7.8 0.0454824 1.20846e-05 0.954469
2.8 8 0.0272964 7.10206e-06 0.972683
2.8 8.2 0.0159205 5.28122e-06 0.984113
2.8 8.4 0.00903394 4.62629e-06 0.991092
2.8 8.6 0.00499184 4.39941e-06 0.995213
2.8 8.8 0.00268968 4.3316e-06 0.997582
2.8 9 0.00141778 4.32722e-06 0.998881
2.8 9.2 0.000739149 4.35501e-06 0.999556
2.8 9.4 0.000396779 4.41327e-06 0.999846
2.8 9.6 0.000249906 4.5113e-06 0.999938
2.8 9.8 0.000181317 4.93072e-06 0.999955
3 0 0.000348932 4.458e-06 1.00002
3 0.2 0.000441044 4.46322e-06 0.999898
3 0.4 0.00075342 4.4046e-06 0.999588
3 0.6 0.0014085 4.36485e-06 0.99897
3 0.8 0.0026565 4.35877e-06 0.997793
3 1 0.00492568 4.4175e-06 0.9956
3 1.2 0.00891645 4.63411e-06 0.991672
3 1.4 0.0157219 5.27121e-06 0.984894
3 1.6 0.026972 7.04996e-06 0.973645
3 1.8 0.0449707 1.19227e-05 0.955636
3 2 0.0727563 2.51062e-05 0.927806
3 2.2 0.113945 6.03262e-05 0.886535
3 2.4 0.172115 0.00015301 0.828253
3 2.6 0.24948 0.000392616 0.750634
3 2.8 0.344932 0.00100114 0.654587
3 3 0.452215 0.00253267 0.545809
3 3.2 0.559631 0.00647304 0.43446
3 3.4 0.651222 0.0176625 0.331671
3 3.6 0.70085 0.0568738 0.24256
3 3.8 0.624411 0.221034 0.154286
3 4 0.274252 0.67784 0.0492753
3 4.2 0.0709775 0.921134 0.00890048
3 4.4 0.0204692 0.978179 0.00171541
3 4.6 0.00756551 0.992041 0.000467381
3 4.8 0.00472153 0.994911 0.000260661
3 5 0.00739614 0.991953 0.000454899
3 5.2 0.0198324 0.978311 0.00164827
3 5.4 0.068284 0.923324 0.00849017
3 5.6 0.264124 0.688829 0.0471781
3 5.8 0.617632 0.228641 0.151781
3 6 0.699824 0.0586676 0.240484
3 6.2 0.652197 0.0181178 0.329318
3 6.4 0.561585 0.00662141 0.431781
3 6.6 0.454567 0.00258843 0.542982
3 6.8 0.347253 0.00102305 0.651873
3 7 0.251487 0.00040121 0.748215
3 7.2 0.173687 0.000156322 0.826195
3 7.4 0.115091 6.15767e-05 0.884832
3 7.6 0.0735458 2.55675e-05 0.926404
3 7.8 0.0454897 1.20867e-05 0.95447
3 8 0.0273011 7.10263e-06 0.972691
3 8.2 0.0159235 5.28124e-06 0.984127
3 8.4 0.00903571 4.6261e-06 0.991111
3 8.6 0.00499287 4.39916e-06 0.995237
3 8.8 0.00269026 4.33134e-06 0.997614
3 9 0.0014181 4.32699e-06 0.99892
3 9.2 0.000739325 4.35483e-06 0.999603
3 9.4 0.000396878 4.41314e-06 0.999901
3 9.6 0.00024997 4.51121e-06 0.999998
3 9.8 0.000181364 4.93065e-06 1.00002
3.2 0 0.000348804 4.46073e-06 1.00011
3.2 0.2 0.000440885 4.46558e-06 0.999981
3.2 0.4 0.000753154 4.40641e-06 0.999666
3.2 0.6 0.00140801 4.36613e-06 0.99904
3.2 0.8 0.00265559 4.35958e-06 0.997853
3.2 1 0.00492404 4.41794e-06 0.995648
3.2 1.2 0.00891357 4.63422e-06 0.99171
3.2 1.4 0.015717 5.27094e-06 0.984925
3.2 1.6 0.0269639 7.04899e-06 0.97367
3.2 1.8 0.0449578 1.19202e-05 0.955659
3.2 2 0.0727366 2.50994e-05 0.927829
3.2 2.2 0.113917 6.03088e-05 0.886562
3.2 2.4 0.172076 0.000152966 0.828286
3.2 2.6 0.24943 0.000392508 0.750677
3.2 2.8 0.344873 0.00100088 0.654638
3.2 3 0.452151 0.00253206 0.545864
3.2 3.2 0.55957 0.00647151 0.434513
3.2 3.4 0.651172 0.0176581 0.331718
3.2 3.6 0.700826 0.0568573 0.2426
3.2 3.8 0.624449 0.220967 0.154322
3.2 4 0.274339 0.677744 0.0492991
3.2 4.2 0.0710026 0.921114 0.00890523
3.2 4.4 0.0204756 0.978171 0.00171622
3.2 4.6 0.00756737 0.992031 0.000467546
3.2 4.8 0.00472185 0.994899 0.000260688
3.2 5 0.00739538 0.991943 0.000454837
3.2 5.2 0.0198295 0.978309 0.00164791
3.2 5.4 0.068273 0.923339 0.00848807
3.2 5.6 0.264087 0.688886 0.0471677
3.2 5.8 0.617614 0.228679 0.151764
3.2 6 0.699829 0.0586775 0.240466
3.2 6.2 0.652208 0.0181205 0.329296
3.2 6.4 0.5616 0.00662237 0.431756
3.2 6.6 0.454583 0.00258882 0.542958
3.2 6.8 0.347268 0.00102321 0.651852
3.2 7 0.2515 0.000401276 0.748199
3.2 7.2 0.173698 0.000156349 0.826183
3.2 7.4 0.115099 6.15871e-05 0.884826
3.2 7.6 0.0735515 2.55714e-05 0.926405
3.2 7.8 0.0454936 1.20881e-05 0.954478
3.2 8 0.0273037 7.10308e-06 0.972706
3.2 8.2 0.0159252 5.28132e-06 0.984149
3.2 8.4 0.00903674 4.62606e-06 0.991141
3.2 8.6 0.00499349 4.3991e-06 0.995277
3.2 8.8 0.00269063 4.33131e-06 0.997663
3.2 9 0.00141831 4.32701e-06 0.998981
3.2 9.2 0.000739442 4.35491e-06 0.999675
3.2 9.4 0.000396945 4.41329e-06 0.999983
3.2 9.6 0.000250014 4.51141e-06 1.00009
3.2 9.8 0.000181397 4.93089e-06 1.00011
3.4 0 0.000348689 4.4654e-06 1.00021
3.4 0.2 0.00044074 4.46941e-06 1.00009
3.4 0.4 0.000752909 4.40925e-06 0.999766
3.4 0.6 0.00140755 4.36809e-06 0.999126
3.4 0.8 0.00265473 4.36086e-06 0.997922
3.4 1 0.00492246 4.41871e-06 0.995702
3.4 1.2 0.00891076 4.6346e-06 0.991752
3.4 1.4 0.0157122 5.27093e-06 0.984958
3.4 1.6 0.026956 7.0484e-06 0.973699
3.4 1.8 0.0449452 1.19183e-05 0.955685
3.4 2 0.0727173 2.50944e-05 0.927856
3.4 2.2 0.113889 6.0296e-05 0.886594
3.4 2.4 0.172038 0.000152935 0.82833
3.4 2.6 0.249384 0.000392434 0.750735
3.4 2.8 0.344822 0.00100071 0.654709
3.4 3 0.452101 0.00253169 0.54594
3.4 3.2 0.559527 0.00647063 0.434584
3.4 3.4 0.651141 0.0176556 0.331778
3.4 3.6 0.700814 0.0568473 0.242647
3.4 3.8 0.624477 0.220925 0.154359
3.4 4 0.2744 0.677687 0.0493188
3.4 4.2 0.0710204 0.921112 0.00890903
3.4 4.4 0.0204801 0.978176 0.00171687
3.4 4.6 0.00756871 0.992031 0.000467679
3.4 4.8 0.00472209 0.994894 0.000260713
3.4 5 0.00739488 0.991941 0.000454803
3.4 5.2 0.0198277 0.978315 0.00164771
3.4 5.4 0.0682665 0.923358 0.00848695
3.4 5.6 0.264065 0.688928 0.0471625
3.4 5.8 0.617608 0.228706 0.151759
3.4 6 0.699843 0.0586849 0.240466
3.4 6.2 0.652226 0.0181227 0.3293
3.4 6.4 0.561617 0.0066232 0.431765
3.4 6.6 0.454597 0.00258915 0.542971
3.4 6.8 0.347278 0.00102334 0.651866
3.4 7 0.251505 0.000401326 0.748211
3.4 7.2 0.173701 0.000156368 0.826194
3.4 7.4 0.1151 6.15944e-05 0.884838
3.4 7.6 0.0735526 2.55742e-05 0.92642
3.4 7.8 0.0454945 1.20892e-05 0.954497
3.4 8 0.0273044 7.1035e-06 0.972731
3.4 8.2 0.0159257 5.28151e-06 0.984182
3.4 8.4 0.0090371 4.6262e-06 0.991184
3.4 8.6 0.00499373 4.39925e-06 0.995331
3.4 8.8 0.00269079 4.33151e-06 0.99773
3.4 9 0.00141841 4.32727e-06 0.999061
3.4 9.2 0.000739502 4.35525e-06 0.999768
3.4 9.4 0.000396983 4.41371e-06 1.00009
3.4 9.6 0.000250041 4.51188e-06 1.0002
3.4 9.8 0.000181416 4.93141e-06 1.00022
3.6 0 0.000348586 4.47327e-06 1.00034
3.6 0.2 0.000440609 4.47525e-06 1.00021
3.6 0.4 0.000752688 4.41333e-06 0.999889
3.6 0.6 0.00140714 4.37084e-06 0.999236
3.6 0.8 0.00265394 4.36268e-06 0.998014
3.6 1 0.00492099 4.41988e-06 0.995778
3.6 1.2 0.00890814 4.63532e-06 0.991814
3.6 1.4 0.0157077 5.27127e-06 0.985011
3.6 1.6 0.0269485 7.04826e-06 0.973745
3.6 1.8 0.0449331 1.19172e-05 0.955728
3.6 2 0.0726987 2.50911e-05 0.927899
3.6 2.2 0.113861 6.02874e-05 0.886641
3.6 2.4 0.172 0.000152914 0.828384
3.6 2.6 0.249336 0.000392386 0.750801
3.6 2.8 0.344767 0.00100061 0.654785
3.6 3 0.452044 0.00253147 0.546018
3.6 3.2 0.559472 0.00647012 0.434656
3.6 3.4 0.651091 0.017654 0.331836
3.6 3.6 0.700774 0.0568407 0.24269
3.6 3.8 0.62447 0.220896 0.15439
3.6 4 0.274431 0.677643 0.0493338
3.6 4.2 0.0710307 0.921099 0.00891188
3.6 4.4 0.0204829 0.978164 0.00171735
3.6 4.6 0.00756952 0.992011 0.000467777
3.6 4.8 0.0047222 0.99487 0.000260732
3.6 5 0.00739447 0.991918 0.000454783
3.6 5.2 0.0198263 0.978299 0.00164759
3.6 5.4 0.0682612 0.923354 0.00848635
3.6 5.6 0.264044 0.688942 0.04716
3.6 5.8 0.61758 0.228719 0.151759
3.6 6 0.699823 0.0586891 0.240471
3.6 6.2 0.652214 0.0181242 0.329314
3.6 6.4 0.561607 0.00662377 0.431786
3.6 6.6 0.454588 0.00258938 0.542999
3.6 6.8 0.347269 0.00102343 0.651898
3.6 7 0.251498 0.000401362 0.748244
3.6 7.2 0.173694 0.000156382 0.826226
3.6 7.4 0.115096 6.16001e-05 0.884873
3.6 7.6 0.0735502 2.55766e-05 0.926459
3.6 7.8 0.0454931 1.20902e-05 0.954542
3.6 8 0.0273037 7.10406e-06 0.972782
3.6 8.2 0.0159254 5.28192e-06 0.984241
3.6 8.4 0.00903702 4.62659e-06 0.991254
3.6 8.6 0.00499374 4.39968e-06 0.995414
3.6 8.8 0.00269082 4.332e-06 0.997826
3.6 9 0.00141844 4.32784e-06 0.999172
3.6 9.2 0.000739529 4.35589e-06 0.999895
3.6 9.4 0.000397003 4.41443e-06 1.00023
3.6 9.6 0.000250057 4.51267e-06 1.00035
3.6 9.8 0.000181428 4.93224e-06 1.00036
3.8 0 0.000348493 4.48661e-06 1.00048
3.8 0.2 0.000440489 4.48341e-06 1.00035
3.8 0.4 0.000752478 4.41852e-06 1.00001
3.8 0.6 0.00140674 4.37419e-06 0.99934
3.8 0.8 0.00265317 4.36486e-06 0.998103
3.8 1 0.00491956 4.42133e-06 0.995851
3.8 1.2 0.00890553 4.63627e-06 0.991874
3.8 1.4 0.0157031 5.27184e-06 0.98506
3.8 1.6 0.0269407 7.04843e-06 0.973786
3.8 1.8 0.0449203 1.19167e-05 0.955766
3.8 2 0.0726785 2.50891e-05 0.927935
3.8 2.2 0.113831 6.02817e-05 0.886678
3.8 2.4 0.171957 0.000152899 0.828427
3.8 2.6 0.249277 0.000392353 0.750853
3.8 2.8 0.344694 0.00100054 0.654845
3.8 3 0.451959 0.00253132 0.546082
3.8 3.2 0.55938 0.0064698 0.434715
3.8 3.4 0.650997 0.017653 0.331884
3.8 3.6 0.700687 0.0568363 0.242725
3.8 3.8 0.624416 0.220875 0.154414
3.8 4 0.274437 0.677609 0.0493451
3.8 4.2 0.0710353 0.92108 0.00891395
3.8 4.4 0.0204845 0.978139 0.0017177
3.8 4.6 0.00757007 0.991976 0.000467847
3.8 4.8 0.00472228 0.99483 0.000260746
3.8 5 0.00739421 0.991879 0.00045477
3.8 5.2 0.0198253 0.978268 0.00164752
3.8 5.4 0.0682565 0.923335 0.00848605
3.8 5.6 0.264019 0.688939 0.0471591
3.8 5.8 0.617517 0.228722 0.151759
3.8 6 0.699751 0.0586907 0.240477
3.8 6.2 0.652146 0.0181249 0.329325
3.8 6.4 0.561548 0.00662408 0.431804
3.8 6.6 0.454538 0.00258951 0.543023
3.8 6.8 0.34723 0.00102349 0.651925
3.8 7 0.251468 0.000401384 0.748271
3.8 7.2 0.173675 0.000156391 0.826255
3.8 7.4 0.115084 6.16042e-05 0.884906
3.8 7.6 0.0735428 2.55785e-05 0.926497
3.8 7.8 0.0454889 1.20912e-05 0.954586
3.8 8 0.0273014 7.1047e-06 0.972834
3.8 8.2 0.0159242 5.28246e-06 0.984301
3.8 8.4 0.00903642 4.62714e-06 0.991325
3.8 8.6 0.00499346 4.40028e-06 0.995499
3.8 8.8 0.0026907 4.33267e-06 0.997925
3.8 9 0.00141839 4.32857e-06 0.999284
3.8 9.2 0.000739513 4.35669e-06 1.00002
3.8 9.4 0.000397 4.41528e-06 1.00037
3.8 9.6 0.000250056 4.51357e-06 1.00049
3.8 9.8 0.000181429 4.93326e-06 1.00051
4 0 0.000348393 4.50641e-06 1.0006
4 0.2 0.000440373 4.49307e-06 1.00047
4 0.4 0.000752282 4.42421e-06 1.00011
4 0.6 0.00140636 4.37771e-06 0.999429
4 0.8 0.00265245 4.36713e-06 0.998179
4 1 0.00491817 4.42282e-06 0.995914
4 1.2 0.0089029 4.63727e-06 0.991922
4 1.4 0.0156981 5.27248e-06 0.98509
4 1.6 0.0269327 7.04872e-06 0.973815
4 1.8 0.0449067 1.19165e-05 0.95579
4 2 0.0726552 2.50877e-05 0.927957
4 2.2 0.113796 6.02772e-05 0.886699
4 2.4 0.171905 0.000152887 0.828447
4 2.6 0.249203 0.000392323 0.750871
4 2.8 0.344593 0.00100047 0.654874
4 3 0.451831 0.00253117 0.546117
4 3.2 0.559226 0.00646944 0.43475
4 3.4 0.650826 0.017652 0.331913
4 3.6 0.700516 0.0568323 0.242747
4 3.8 0.624288 0.220859 0.15443
4 4 0.2744 0.677577 0.0493525
4 4.2 0.0710277 0.921053 0.00891538
4 4.4 0.0204827 0.97811 0.00171795
4 4.6 0.00756945 0.991942 0.000467902
4 4.8 0.00472177 0.994791 0.00026076
4 5 0.00739312 0.991827 0.000454769
4 5.2 0.0198221 0.97823 0.0016475
4 5.4 0.0682442 0.923304 0.00848592
4 5.6 0.263968 0.688917 0.0471584
4 5.8 0.617386 0.228716 0.151757
4 6 0.699592 0.0586895 0.240474
4 6.2 0.651992 0.0181246 0.329324
4 6.4 0.561415 0.00662403 0.431805
4 6.6 0.454431 0.0025895 0.543025
4 6.8 0.347147 0.00102349 0.651929
4 7 0.251414 0.000401387 0.748278
4 7.2 0.173641 0.000156394 0.826267
4 7.4 0.115064 6.1606e-05 0.884926
4 7.6 0.0735312 2.55796e-05 0.926526
4 7.8 0.0454824 1.20919e-05 0.954623
4 8 0.0272978 7.10528e-06 0.97288
4 8.2 0.0159223 5.283e-06 0.984355
4 8.4 0.00903545 4.6277e-06 0.991389
4 8.6 0.00499299 4.40091e-06 0.995574
4 8.8 0.00269048 4.33334e-06 0.998011
4 9 0.00141829 4.32929e-06 0.999382
4 9.2 0.000739464 4.35744e-06 1.00013
4 9.4 0.000396971 4.41606e-06 1.00048
4 9.6 0.000250044 4.51438e-06 1.0006
4 9.8 0.000181423 4.93419e-06 1.00063
4.2 0 0.000348304 4.52188e-06 1.0007
4.2 0.2 0.000440273 4.50153e-06 1.00056
4.2 0.4 0.000752126 4.42935e-06 1.00021
4.2 0.6 0.00140607 4.38095e-06 0.999523
4.2 0.8 0.00265189 4.36924e-06 0.998267
4.2 1 0.00491706 4.42425e-06 0.99599
4.2 1.2 0.00890072 4.63827e-06 0.991985
4.2 1.4 0.0156937 5.27318e-06 0.98513
4.2 1.6 0.0269257 7.04914e-06 0.973856
4.2 1.8 0.0448944 1.19165e-05 0.955824
4.2 2 0.0726327 2.50867e-05 0.927983
4.2 2.2 0.113762 6.02737e-05 0.886715
4.2 2.4 0.171851 0.000152876 0.828452
4.2 2.6 0.249118 0.000392291 0.75086
4.2 2.8 0.344467 0.00100038 0.65487
4.2 3 0.451658 0.00253096 0.546118
4.2 3.2 0.559005 0.00646891 0.434753
4.2 3.4 0.650564 0.0176505 0.331917
4.2 3.6 0.700242 0.0568277 0.242752
4.2 3.8 0.624072 0.220844 0.154437
4.2 4 0.27433 0.677561 0.0493575
4.2 4.2 0.0710144 0.921054 0.00891649
4.2 4.4 0.0204799 0.978111 0.00171817
4.2 4.6 0.00756858 0.991934 0.000467951
4.2 4.8 0.00472117 0.994774 0.000260776
4.2 5 0.007392 0.991796 0.00045478
4.2 5.2 0.0198186 0.978218 0.00164753
4.2 5.4 0.0682291 0.923296 0.00848603
4.2 5.6 0.263894 0.688902 0.0471581
4.2 5.8 0.617173 0.228704 0.15175
4.2 6 0.699326 0.0586856 0.24046
4.2 6.2 0.651741 0.0181234 0.329305
4.2 6.4 0.561205 0.00662361 0.431782
4.2 6.6 0.45427 0.00258936 0.543
4.2 6.8 0.347029 0.00102344 0.651906
4.2 7 0.251342 0.000401373 0.748261
4.2 7.2 0.173599 0.000156391 0.826265
4.2 7.4 0.11504 6.16062e-05 0.884941
4.2 7.6 0.0735185 2.55803e-05 0.926558
4.2 7.8 0.0454757 1.20926e-05 0.95467
4.2 8 0.0272944 7.10587e-06 0.97294
4.2 8.2 0.0159205 5.28358e-06 0.984424
4.2 8.4 0.00903459 4.6283e-06 0.991467
4.2 8.6 0.00499258 4.40154e-06 0.995662
4.2 8.8 0.00269029 4.334e-06 0.998106
4.2 9 0.0014182 4.32996e-06 0.999482
4.2 9.2 0.000739421 4.35813e-06 1.00023
4.2 9.4 0.000396941 4.41676e-06 1.00058
4.2 9.6 0.000250031 4.5151e-06 1.00071
4.2 9.8 0.000181416 4.93498e-06 1.00074
4.4 0 0.000348245 4.53039e-06 1.00076
4.4 0.2 0.000440203 4.50723e-06 1.00062
4.4 0.4 0.000752012 4.43306e-06 1.00024
4.4 0.6 0.00140586 4.38337e-06 0.999549
4.4 0.8 0.00265147 4.37086e-06 0.99829
4.4 1 0.00491623 4.42535e-06 0.996009
4.4 1.2 0.0088991 4.63905e-06 0.991995
4.4 1.4 0.0156905 5.27375e-06 0.985127
4.4 1.6 0.0269203 7.04949e-06 0.973849
4.4 1.8 0.0448846 1.19165e-05 0.95581
4.4 2 0.0726149 2.50859e-05 0.92796
4.4 2.2 0.113733 6.02703e-05 0.886681
4.4 2.4 0.171801 0.000152865 0.828407
4.4 2.6 0.249036 0.00039226 0.750805
4.4 2.8 0.344339 0.0010003 0.65482
4.4 3 0.451469 0.00253075 0.546078
4.4 3.2 0.558747 0.00646844 0.434725
4.4 3.4 0.65024 0.0176494 0.331899
4.4 3.6 0.699882 0.0568246 0.242743
4.4 3.8 0.623763 0.220836 0.154436
4.4 4 0.274215 0.677561 0.0493596
4.4 4.2 0.0709895 0.921072 0.00891711
4.4 4.4 0.0204739 0.978133 0.0017183
4.4 4.6 0.0075666 0.991949 0.000467987
4.4 4.8 0.00471994 0.994783 0.000260791
4.4 5 0.00738994 0.991799 0.000454793
4.4 5.2 0.0198125 0.97823 0.00164756
4.4 5.4 0.0682047 0.923306 0.00848604
4.4 5.6 0.263783 0.688896 0.0471569
4.4 5.8 0.61687 0.228694 0.15174
4.4 6 0.698972 0.0586821 0.240437
4.4 6.2 0.651423 0.0181222 0.329269
4.4 6.4 0.560954 0.00662312 0.431733
4.4 6.6 0.454088 0.00258916 0.542938
4.4 6.8 0.346906 0.00102337 0.651839
4.4 7 0.251268 0.000401349 0.748197
4.4 7.2 0.173557 0.000156384 0.826212
4.4 7.4 0.115018 6.16047e-05 0.884905
4.4 7.6 0.0735069 2.55802e-05 0.92654
4.4 7.8 0.0454698 1.20929e-05 0.954668
4.4 8 0.0272915 7.10629e-06 0.972951
4.4 8.2 0.0159191 5.28402e-06 0.984445
4.4 8.4 0.00903393 4.62877e-06 0.991495
4.4 8.6 0.00499228 4.40203e-06 0.995695
4.4 8.8 0.00269014 4.33448e-06 0.99814
4.4 9 0.00141813 4.33043e-06 0.999516
4.4 9.2 0.000739387 4.35858e-06 1.00026
4.4 9.4 0.000396919 4.41719e-06 1.00061
4.4 9.6 0.000250019 4.51552e-06 1.00073
4.4 9.8 0.00018141 4.93544e-06 1.00078
4.6 0 0.000348214 4.53439e-06 1.00079
4.6 0.2 0.000440165 4.51023e-06 1.00065
4.6 0.4 0.000751943 4.43511e-06 1.00028
4.6 0.6 0.00140573 4.38474e-06 0.999591
4.6 0.8 0.00265122 4.37178e-06 0.998336
4.6 1 0.00491575 4.42601e-06 0.996055
4.6 1.2 0.00889818 4.63954e-06 0.992041
4.6 1.4 0.0156888 5.2741e-06 0.98517
4.6 1.6 0.0269172 7.04968e-06 0.973888
4.6 1.8 0.044879 1.19163e-05 0.955841
4.6 2 0.0726047 2.50848e-05 0.927981
4.6 2.2 0.113715 6.02666e-05 0.886689
4.6 2.4 0.171769 0.000152854 0.828401
4.6 2.6 0.248979 0.000392228 0.750788
4.6 2.8 0.34424 0.00100021 0.6548
4.6 3 0.451308 0.00253055 0.54606
4.6 3.2 0.558497 0.00646798 0.434714
4.6 3.4 0.649877 0.0176483 0.331894
4.6 3.6 0.699416 0.0568216 0.242742
4.6 3.8 0.623306 0.220827 0.154438
4.6 4 0.274015 0.677559 0.0493632
4.6 4.2 0.0709385 0.921098 0.00891797
4.6 4.4 0.0204595 0.978167 0.00171848
4.6 4.6 0.00756136 0.991983 0.000468033
4.6 4.8 0.00471668 0.994814 0.000260812
4.6 5 0.00738478 0.991827 0.000454823
4.6 5.2 0.0197985 0.97826 0.00164766
4.6 5.4 0.0681561 0.923328 0.00848653
4.6 5.6 0.263594 0.688889 0.0471586
4.6 5.8 0.616421 0.228681 0.151736
4.6 6 0.69851 0.0586782 0.240425
4.6 6.2 0.651064 0.0181209 0.329249
4.6 6.4 0.560707 0.0066226 0.431705
4.6 6.6 0.453932 0.00258895 0.542904
4.6 6.8 0.346813 0.00102329 0.651803
4.6 7 0.251217 0.000401319 0.748168
4.6 7.2 0.17353 0.000156374 0.826197
4.6 7.4 0.115004 6.16017e-05 0.884908
4.6 7.6 0.0735005 2.55796e-05 0.926562
4.6 7.8 0.0454669 1.20929e-05 0.954706
4.6 8 0.0272902 7.10648e-06 0.973003
4.6 8.2 0.0159186 5.28429e-06 0.984506
4.6 8.4 0.00903369 4.62906e-06 0.991561
4.6 8.6 0.00499218 4.40231e-06 0.995761
4.6 8.8 0.0026901 4.33473e-06 0.998201
4.6 9 0.00141811 4.33064e-06 0.99957
4.6 9.2 0.000739371 4.35874e-06 1.00031
4.6 9.4 0.000396906 4.41731e-06 1.00065
4.6 9.6 0.000250008 4.51561e-06 1.00077
4.6 9.8 0.000181406 4.93552e-06 1.00081
4.8 0 0.000348216 4.5354e-06 1.00079
4.8 0.2 0.000440172 4.51102e-06 1.00066
4.8 0.4 0.000751973 4.43568e-06 1.0003
4.8 0.6 0.0014058 4.38516e-06 0.999621
4.8 0.8 0.00265139 4.37212e-06 0.998376
4.8 1 0.00491612 4.42632e-06 0.996106
4.8 1.2 0.00889892 4.63984e-06 0.992101
4.8 1.4 0.0156902 5.2744e-06 0.985233
4.8 1.6 0.0269199 7.04995e-06 0.973951
4.8 1.8 0.0448837 1.19165e-05 0.9559
4.8 2 0.0726129 2.50846e-05 0.928033
4.8 2.2 0.113729 6.02652e-05 0.88673
4.8 2.4 0.171794 0.000152849 0.828429
4.8 2.6 0.249023 0.000392212 0.750804
4.8 2.8 0.344318 0.00100017 0.654806
4.8 3 0.451444 0.00253042 0.546061
4.8 3.2 0.558724 0.00646766 0.434714
4.8 3.4 0.650224 0.0176474 0.331894
4.8 3.6 0.699879 0.0568184 0.242743
4.8 3.8 0.62379 0.220815 0.154442
4.8 4 0.27426 0.677552 0.0493678
4.8 4.2 0.0710035 0.921114 0.008919
4.8 4.4 0.0204778 0.978186 0.00171867
4.8 4.6 0.00756806 0.992001 0.000468084
4.8 4.8 0.00472086 0.994832 0.000260838
4.8 5 0.00739134 0.991846 0.000454864
4.8 5.2 0.0198165 0.978278 0.00164782
4.8 5.4 0.0682197 0.923342 0.00848735
4.8 5.6 0.263835 0.688878 0.047162
4.8 5.8 0.61691 0.228666 0.151735
4.8 6 0.698983 0.0586742 0.240418
4.8 6.2 0.651421 0.0181198 0.329238
4.8 6.4 0.560944 0.00662223 0.431691
4.8 6.6 0.454077 0.00258881 0.54289
4.8 6.8 0.346898 0.00102324 0.651794
4.8 7 0.251267 0.000401303 0.74817
4.8 7.2 0.17356 0.00015637 0.826213
4.8 7.4 0.115023 6.16006e-05 0.88494
4.8 7.6 0.0735115 2.55794e-05 0.92661
4.8 7.8 0.0454735 1.2093e-05 0.954767
4.8 8 0.0272941 7.10674e-06 0.973074
4.8 8.2 0.0159208 5.28456e-06 0.984582
4.8 8.4 0.00903495 4.62932e-06 0.991637
4.8 8.6 0.00499285 4.40253e-06 0.995832
4.8 8.8 0.00269044 4.3349e-06 0.998262
4.8 9 0.00141828 4.33074e-06 0.999618
4.8 9.2 0.000739457 4.35879e-06 1.00034
4.8 9.4 0.000396953 4.41731e-06 1.00068
4.8 9.6 0.000250039 4.51557e-06 1.0008
4.8 9.8 0.000181424 4.93545e-06 1.00083
5 0 0.000348249 4.53396e-06 1.00079
5 0.2 0.000440216 4.50987e-06 1.00066
5 0.4 0.000752059 4.43491e-06 1.00031
5 0.6 0.00140598 4.38472e-06 0.999648
5 0.8 0.00265177 4.37196e-06 0.998419
5 1 0.00491691 4.42637e-06 0.996167
5 1.2 0.00890049 4.64005e-06 0.992175
5 1.4 0.0156932 5.27473e-06 0.985318
5 1.6 0.0269253 7.05037e-06 0.974039
5 1.8 0.0448934 1.1917e-05 0.955986
5 2 0.0726297 2.50854e-05 0.928112
5 2.2 0.113758 6.02664e-05 0.886798
5 2.4 0.17184 0.000152851 0.828485
5 2.6 0.249097 0.000392214 0.750845
5 2.8 0.344433 0.00100017 0.654832
5 3 0.451616 0.0025304 0.546077
5 3.2 0.558966 0.00646757 0.434723
5 3.4 0.650538 0.017647 0.331899
5 3.6 0.700246 0.056816 0.242746
5 3.8 0.62414 0.220804 0.154448
5 4 0.274429 0.677548 0.0493738
5 4.2 0.0710439 0.921132 0.00892024
5 4.4 0.0204879 0.9782 0.00171889
5 4.6 0.00757143 0.99201 0.000468136
5 4.8 0.00472292 0.994841 0.000260865
5 5 0.00739469 0.991857 0.00045491
5 5.2 0.0198265 0.978295 0.00164801
5 5.4 0.0682599 0.923363 0.00848846
5 5.6 0.264004 0.688875 0.0471672
5 5.8 0.617267 0.228653 0.151738
5 6 0.699359 0.0586712 0.240416
5 6.2 0.651746 0.0181192 0.329236
5 6.4 0.561197 0.00662213 0.431691
5 6.6 0.454258 0.00258879 0.542895
5 6.8 0.347021 0.00102324 0.651808
5 7 0.251347 0.000401306 0.748197
5 7.2 0.17361 0.000156372 0.826256
5 7.4 0.115053 6.16019e-05 0.884998
5 7.6 0.07353 2.55802e-05 0.926682
5 7.8 0.0454844 1.20936e-05 0.95485
5 8 0.0273004 7.10716e-06 0.973164
5 8.2 0.0159243 5.28492e-06 0.984674
5 8.4 0.00903687 4.62963e-06 0.991726
5 8.6 0.00499387 4.40278e-06 0.995912
5 8.8 0.00269096 4.33509e-06 0.998328
5 9 0.00141854 4.33086e-06 0.999668
5 9.2 0.000739584 4.35884e-06 1.00038
5 9.4 0.000397019 4.41732e-06 1.0007
5 9.6 0.00025008 4.51554e-06 1.00081
5 9.8 0.000181451 4.93538e-06 1.00084
5.2 0 0.000348307 4.52973e-06 1.0008
5.2 0.2 0.000440291 4.50671e-06 1.00066
5.2 0.4 0.000752193 4.43286e-06 1.00033
5.2 0.6 0.00140625 4.38353e-06 0.999678
5.2 0.8 0.00265233 4.37136e-06 0.998468
5.2 1 0.00491802 4.42619e-06 0.996234
5.2 1.2 0.00890267 4.64016e-06 0.99226
5.2 1.4 0.0156973 5.27505e-06 0.985415
5.2 1.6 0.0269327 7.05087e-06 0.974139
5.2 1.8 0.0449062 1.19178e-05 0.956084
5.2 2 0.0726516 2.50866e-05 0.928204
5.2 2.2 0.113793 6.0269e-05 0.886881
5.2 2.4 0.171897 0.000152856 0.828556
5.2 2.6 0.249184 0.000392226 0.750902
5.2 2.8 0.34456 0.00100019 0.654874
5.2 3 0.45179 0.00253045 0.546104
5.2 3.2 0.559191 0.00646763 0.43474
5.2 3.4 0.650809 0.0176469 0.33191
5.2 3.6 0.700541 0.0568148 0.242755
5.2 3.8 0.624412 0.220797 0.154458
5.2 4 0.274563 0.677559 0.0493816
5.2 4.2 0.0710754 0.921179 0.00892183
5.2 4.4 0.0204954 0.978249 0.00171917
5.2 4.6 0.00757386 0.992058 0.0004682
5.2 4.8 0.00472439 0.99489 0.000260897
5.2 5 0.00739712 0.991911 0.00045497
5.2 5.2 0.019834 0.978352 0.00164826
5.2 5.4 0.0682915 0.923418 0.00848995
5.2 5.6 0.26414 0.688891 0.0471745
5.2 5.8 0.617547 0.228645 0.151745
5.2 6 0.699664 0.0586699 0.240421
5.2 6.2 0.652028 0.0181192 0.329242
5.2 6.4 0.561434 0.00662223 0.431703
5.2 6.6 0.454443 0.00258885 0.542915
5.2 6.8 0.347156 0.00102327 0.651839
5.2 7 0.251439 0.000401321 0.748242
5.2 7.2 0.17367 0.000156378 0.826316
5.2 7.4 0.115091 6.16047e-05 0.885072
5.2 7.6 0.0735529 2.55816e-05 0.926768
5.2 7.8 0.045498 1.20944e-05 0.954946
5.2 8 0.0273082 7.10772e-06 0.973265
5.2 8.2 0.0159287 5.28538e-06 0.984776
5.2 8.4 0.00903927 4.63001e-06 0.991822
5.2 8.6 0.00499514 4.4031e-06 0.995996
5.2 8.8 0.00269162 4.33534e-06 0.998398
5.2 9 0.00141887 4.33105e-06 0.99972
5.2 9.2 0.000739748 4.35897e-06 1.00041
5.2 9.4 0.000397104 4.41741e-06 1.00072
5.2 9.6 0.000250131 4.51562e-06 1.00083
5.2 9.8 0.000181487 4.93538e-06 1.00085
5.4 0 0.00034839 4.52136e-06 1.00081
5.4 0.2 0.000440391 4.50121e-06 1.00068
5.4 0.4 0.000752364 4.42942e-06 1.00036
5.4 0.6 0.00140659 4.38148e-06 0.999723
5.4 0.8 0.002653 4.37024e-06 0.998529
5.4 1 0.00491936 4.42566e-06 0.996314
5.4 1.2 0.00890527 4.64002e-06 0.992354
5.4 1.4 0.0157022 5.27517e-06 0.985523
5.4 1.6 0.026941 7.05124e-06 0.974247
5.4 1.8 0.0449207 1.19185e-05 0.956189
5.4 2 0.0726763 2.5088e-05 0.928302
5.4 2.2 0.113831 6.02721e-05 0.886971
5.4 2.4 0.171956 0.000152864 0.828637
5.4 2.6 0.249272 0.000392245 0.750975
5.4 2.8 0.344684 0.00100024 0.654929
5.4 3 0.451956 0.00253055 0.546144
5.4 3.2 0.559397 0.00646782 0.434767
5.4 3.4 0.651049 0.0176472 0.33193
5.4 3.6 0.700799 0.0568145 0.242771
5.4 3.8 0.624654 0.220796 0.154473
5.4 4 0.274693 0.677614 0.0493924
5.4 4.2 0.071107 0.921323 0.00892404
5.4 4.4 0.0205033 0.978428 0.00171956
5.4 4.6 0.00757652 0.992253 0.000468297
5.4 4.8 0.00472603 0.995093 0.000260948
5.4 5 0.00739978 0.992119 0.000455062
5.4 5.2 0.0198419 0.978543 0.00164864
5.4 5.4 0.0683231 0.923575 0.00849205
5.4 5.6 0.26427 0.688957 0.0471849
5.4 5.8 0.617797 0.228646 0.15176
5.4 6 0.699933 0.05867 0.240435
5.4 6.2 0.65228 0.0181197 0.32926
5.4 6.4 0.561653 0.0066225 0.431727
5.4 6.6 0.45462 0.00258898 0.542949
5.4 6.8 0.347292 0.00102332 0.651885
5.4 7 0.251533 0.000401344 0.748302
5.4 7.2 0.173733 0.000156387 0.826388
5.4 7.4 0.115131 6.16084e-05 0.885156
5.4 7.6 0.0735774 2.55832e-05 0.926862
5.4 7.8 0.0455127 1.20952e-05 0.955049
5.4 8 0.0273168 7.10822e-06 0.973373
5.4 8.2 0.0159336 5.28574e-06 0.984884
5.4 8.4 0.00904194 4.63029e-06 0.991925
5.4 8.6 0.00499656 4.40331e-06 0.996088
5.4 8.8 0.00269236 4.33549e-06 0.998476
5.4 9 0.00141925 4.33115e-06 0.999783
5.4 9.2 0.00073994 4.35902e-06 1.00046
5.4 9.4 0.000397206 4.41739e-06 1.00076
5.4 9.6 0.000250191 4.51555e-06 1.00085
5.4 9.8 0.000181529 4.93536e-06 1.00087
5.6 0 0.000348495 4.50659e-06 1.00085
5.6 0.2 0.000440512 4.49345e-06 1.00073
5.6 0.4 0.000752555 4.425e-06 1.0004
5.6 0.6 0.00140695 4.37901e-06 0.999778
5.6 0.8 0.00265371 4.36893e-06 0.998596
5.6 1 0.00492076 4.42508e-06 0.996393
5.6 1.2 0.00890794 4.63988e-06 0.992446
5.6 1.4 0.0157075 5.27532e-06 0.985631
5.6 1.6 0.0269492 7.05163e-06 0.974344
5.6 1.8 0.0449346 1.19191e-05 0.956279
5.6 2 0.0727005 2.50892e-05 0.928381
5.6 2.2 0.113866 6.02743e-05 0.88704
5.6 2.4 0.172008 0.000152869 0.828698
5.6 2.6 0.249348 0.000392255 0.751035
5.6 2.8 0.34479 0.00100026 0.654971
5.6 3 0.452094 0.00253059 0.546173
5.6 3.2 0.559566 0.0064679 0.434788
5.6 3.4 0.651245 0.0176472 0.331946
5.6 3.6 0.701013 0.0568138 0.242785
5.6 3.8 0.624865 0.220795 0.154489
5.6 4 0.274817 0.677681 0.0494045
5.6 4.2 0.0711391 0.921497 0.00892656
5.6 4.4 0.0205117 0.978644 0.00172003
5.6 4.6 0.00757948 0.992491 0.000468413
5.6 4.8 0.00472787 0.995342 0.000261011
5.6 5 0.00740272 0.992381 0.000455175
5.6 5.2 0.0198503 0.978774 0.00164908
5.6 5.4 0.0683549 0.923763 0.00849445
5.6 5.6 0.264394 0.689038 0.0471965
5.6 5.8 0.618016 0.228648 0.151776
5.6 6 0.700157 0.0586699 0.240449
5.6 6.2 0.652488 0.01812 0.329276
5.6 6.4 0.561834 0.00662269 0.431748
5.6 6.6 0.454771 0.00258907 0.542976
5.6 6.8 0.347413 0.00102336 0.651921
5.6 7 0.251616 0.00040136 0.748347
5.6 7.2 0.173788 0.000156394 0.826444
5.6 7.4 0.115166 6.16115e-05 0.885223
5.6 7.6 0.0735999 2.55847e-05 0.926942
5.6 7.8 0.0455265 1.2096e-05 0.95514
5.6 8 0.027325 7.10881e-06 0.973471
5.6 8.2 0.0159383 5.28622e-06 0.984986
5.6 8.4 0.00904459 4.6307e-06 0.992024
5.6 8.6 0.004998 4.40366e-06 0.996179
5.6 8.8 0.00269312 4.3358e-06 0.998558
5.6 9 0.00141964 4.33142e-06 0.999853
5.6 9.2 0.000740142 4.35924e-06 1.00052
5.6 9.4 0.00039732 4.41758e-06 1.0008
5.6 9.6 0.000250256 4.51571e-06 1.00089
5.6 9.8 0.000181575 4.93554e-06 1.00091
5.8 0 0.000348606 4.4879e-06 1.00094
5.8 0.2 0.000440642 4.48493e-06 1.00081
5.8 0.4 0.00075277 4.42046e-06 1.00049
5.8 0.6 0.00140736 4.37661e-06 0.999873
5.8 0.8 0.00265449 4.36778e-06 0.998697
5.8 1 0.00492225 4.42468e-06 0.996504
5.8 1.2 0.00891073 4.63995e-06 0.992563
5.8 1.4 0.0157127 5.27569e-06 0.985757
5.8 1.6 0.0269574 7.05226e-06 0.974455
5.8 1.8 0.0449483 1.19201e-05 0.956377
5.8 2 0.0727233 2.50909e-05 0.928464
5.8 2.2 0.113899 6.02775e-05 0.887109
5.8 2.4 0.172056 0.000152875 0.828755
5.8 2.6 0.249417 0.000392269 0.751089
5.8 2.8 0.344885 0.00100029 0.65501
5.8 3 0.452216 0.00253066 0.546202
5.8 3.2 0.559714 0.00646801 0.43481
5.8 3.4 0.651418 0.0176474 0.331963
5.8 3.6 0.701205 0.0568132 0.242801
5.8 3.8 0.625064 0.220793 0.154507
5.8 4 0.274943 0.67775 0.0494178
5.8 4.2 0.071172 0.921674 0.00892932
5.8 4.4 0.0205204 0.978857 0.00172052
5.8 4.6 0.00758252 0.992719 0.000468535
5.8 4.8 0.00472975 0.995577 0.000261076
5.8 5 0.00740572 0.992628 0.000455292
5.8 5.2 0.0198588 0.978998 0.00164955
5.8 5.4 0.0683869 0.923951 0.00849705
5.8 5.6 0.264517 0.689122 0.0472093
5.8 5.8 0.618221 0.22865 0.151794
5.8 6 0.700357 0.0586702 0.240464
5.8 6.2 0.65267 0.0181204 0.329294
5.8 6.4 0.561993 0.00662293 0.43177
5.8 6.6 0.454903 0.00258919 0.543006
5.8 6.8 0.34752 0.00102341 0.651958
5.8 7 0.25169 0.000401382 0.748394
5.8 7.2 0.173839 0.000156404 0.826501
5.8 7.4 0.1152 6.16157e-05 0.885295
5.8 7.6 0.0736216 2.55868e-05 0.927029
5.8 7.8 0.0455401 1.20973e-05 0.955243
5.8 8 0.0273333 7.1097e-06 0.973585
5.8 8.2 0.0159432 5.28695e-06 0.985108
5.8 8.4 0.00904735 4.63135e-06 0.992148
5.8 8.6 0.00499951 4.40427e-06 0.9963
5.8 8.8 0.00269393 4.33638e-06 0.998674
5.8 9 0.00142006 4.33197e-06 0.999961
5.8 9.2 0.000740363 4.35977e-06 1.00062
5.8 9.4 0.000397444 4.4181e-06 1.0009
5.8 9.6 0.00025033 4.51624e-06 1.00099
5.8 9.8 0.000181627 4.93601e-06 1.00099
6 0 0.000348707 4.47595e-06 1.00104
6 0.2 0.000440768 4.47809e-06 1.00091
6 0.4 0.000752982 4.41642e-06 1.0006
6 0.6 0.00140775 4.3743e-06 0.999974
6 0.8 0.00265524 4.36655e-06 0.998802
6 1 0.00492364 4.42414e-06 0.996613
6 1.2 0.00891327 4.63983e-06 0.992675
6 1.4 0.0157171 5.27587e-06 0.985863
6 1.6 0.0269648 7.05269e-06 0.974553
6 1.8 0.0449603 1.19209e-05 0.956461
6 2 0.0727422 2.50924e-05 0.928533
6 2.2 0.113928 6.02809e-05 0.887167
6 2.4 0.1721 0.000152883 0.828807
6 2.6 0.249482 0.00039229 0.751138
6 2.8 0.344978 0.00100035 0.655058
6 3 0.45234 0.00253081 0.546246
6 3.2 0.55987 0.00646837 0.434848
6 3.4 0.6516 0.017648 0.331994
6 3.6 0.701405 0.0568134 0.242825
6 3.8 0.625268 0.220792 0.154529
6 4 0.27507 0.677815 0.0494323
6 4.2 0.0712053 0.921836 0.00893222
6 4.4 0.0205291 0.979041 0.00172103
6 4.6 0.0075855 0.992904 0.000468654
6 4.8 0.00473156 0.995763 0.000261137
6 5 0.00740864 0.992817 0.000455406
6 5.2 0.0198672 0.979189 0.00165003
6 5.4 0.0684189 0.924123 0.00849976
6 5.6 0.264641 0.689202 0.0472232
6 5.8 0.618429 0.228653 0.151817
6 6 0.700563 0.0586715 0.240489
6 6.2 0.652859 0.0181214 0.329326
6 6.4 0.562157 0.00662342 0.431811
6 6.6 0.455035 0.00258939 0.543053
6 6.8 0.347618 0.00102349 0.652009
6 7 0.25176 0.00040141 0.748448
6 7.2 0.173885 0.000156415 0.826559
6 7.4 0.11523 6.16202e-05 0.885361
6 7.6 0.0736412 2.55888e-05 0.927108
6 7.8 0.0455524 1.20984e-05 0.955337
6 8 0.0273408 7.1104e-06 0.97369
6 8.2 0.0159476 5.2875e-06 0.985221
6 8.4 0.00904989 4.63182e-06 0.992265
6 8.6 0.00500092 4.4047e-06 0.996417
6 8.8 0.00269469 4.3368e-06 0.998791
6 9 0.00142047 4.33237e-06 1.00008
6 9.2 0.000740574 4.36015e-06 1.00073
6 9.4 0.000397556 4.41846e-06 1.00101
6 9.6 0.000250401 4.5166e-06 1.00109
6 9.8 0.000181678 4.93647e-06 1.0011
6.2 0 0.000348811 4.46946e-06 1.00117
6.2 0.2 0.000440899 4.47358e-06 1.00104
6.2 0.4 0.000753203 4.41355e-06 1.00072
6.2 0.6 0.00140816 4.37264e-06 1.0001
6.2 0.8 0.00265601 4.36572e-06 0.998928
6.2 1 0.00492507 4.42385e-06 0.99674
6.2 1.2 0.00891581 4.6399e-06 0.992799
6.2 1.4 0.0157214 5.2762e-06 0.98598
6.2 1.6 0.0269721 7.0533e-06 0.974658
6.2 1.8 0.044972 1.1922e-05 0.95655
6.2 2 0.0727605 2.50946e-05 0.928607
6.2 2.2 0.113957 6.02857e-05 0.887229
6.2 2.4 0.172143 0.000152895 0.828862
6.2 2.6 0.249547 0.000392322 0.751192
6.2 2.8 0.345071 0.00100043 0.655113
6.2 3 0.452467 0.00253103 0.546299
6.2 3.2 0.560031 0.00646893 0.434894
6.2 3.4 0.651787 0.0176492 0.332031
6.2 3.6 0.701607 0.056815 0.242852
6.2 3.8 0.625469 0.220794 0.154552
6.2 4 0.275194 0.677876 0.0494465
6.2 4.2 0.0712372 0.921977 0.00893498
6.2 4.4 0.0205373 0.979189 0.0017215
6.2 4.6 0.00758821 0.99304 0.000468759
6.2 4.8 0.00473318 0.995892 0.000261189
6.2 5 0.00741128 0.992955 0.000455506
6.2 5.2 0.0198751 0.979341 0.00165046
6.2 5.4 0.0684492 0.924272 0.00850233
6.2 5.6 0.26476 0.689276 0.0472366
6.2 5.8 0.618631 0.228659 0.15184
6.2 6 0.700768 0.058674 0.240518
6.2 6.2 0.653049 0.0181229 0.329364
6.2 6.4 0.562321 0.00662409 0.43186
6.2 6.6 0.455166 0.00258966 0.543111
6.2 6.8 0.347714 0.00102359 0.65207
6.2 7 0.251826 0.000401448 0.748509
6.2 7.2 0.173929 0.000156429 0.826624
6.2 7.4 0.11526 6.1626e-05 0.885435
6.2 7.6 0.07366 2.55914e-05 0.927195
6.2 7.8 0.0455644 1.20997e-05 0.955439
6.2 8 0.0273481 7.11126e-06 0.973804
6.2 8.2 0.015952 5.28817e-06 0.985345
6.2 8.4 0.00905242 4.63241e-06 0.992394
6.2 8.6 0.00500234 4.40525e-06 0.996551
6.2 8.8 0.00269547 4.33733e-06 0.998928
6.2 9 0.00142088 4.33291e-06 1.00022
6.2 9.2 0.000740793 4.36069e-06 1.00087
6.2 9.4 0.000397674 4.41899e-06 1.00115
6.2 9.6 0.000250476 4.51715e-06 1.00124
6.2 9.8 0.000181733 4.93709e-06 1.00124
6.4 0 0.000348915 4.46587e-06 1.00129
6.4 0.2 0.000441029 4.47079e-06 1.00116
6.4 0.4 0.000753423 4.41166e-06 1.00084
6.4 0.6 0.00140857 4.3715e-06 1.00022
6.4 0.8 0.00265677 4.36514e-06 0.999046
6.4 1 0.00492644 4.42366e-06 0.996854
6.4 1.2 0.00891823 4.63999e-06 0.992908
6.4 1.4 0.0157256 5.2765e-06 0.98608
6.4 1.6 0.0269788 7.05384e-06 0.974743
6.4 1.8 0.0449827 1.1923e-05 0.956618
6.4 2 0.0727768 2.50965e-05 0.928657
6.4 2.2 0.113981 6.02897e-05 0.887263
6.4 2.4 0.172179 0.000152904 0.828885
6.4 2.6 0.249598 0.000392342 0.751211
6.4 2.8 0.345144 0.00100048 0.655132
6.4 3 0.452565 0.00253116 0.546319
6.4 3.2 0.560154 0.00646921 0.434913
6.4 3.4 0.651929 0.0176496 0.332045
6.4 3.6 0.701761 0.0568144 0.242863
6.4 3.8 0.625625 0.220787 0.154564
6.4 4 0.275295 0.677905 0.0494563
6.4 4.2 0.0712633 0.922065 0.00893695
6.4 4.4 0.0205438 0.979274 0.00172182
6.4 4.6 0.00759036 0.993109 0.000468827
6.4 4.8 0.00473444 0.995955 0.000261222
6.4 5 0.00741337 0.993026 0.000455572
6.4 5.2 0.0198813 0.979428 0.00165077
6.4 5.4 0.0684737 0.924364 0.00850418
6.4 5.6 0.264855 0.689314 0.0472459
6.4 5.8 0.618785 0.228656 0.151853
6.4 6 0.700921 0.0586741 0.240531
6.4 6.2 0.653191 0.0181235 0.329381
6.4 6.4 0.562444 0.00662443 0.431883
6.4 6.6 0.455265 0.00258981 0.543136
6.4 6.8 0.347788 0.00102365 0.652096
6.4 7 0.251878 0.000401472 0.748537
6.4 7.2 0.173965 0.000156439 0.826659
6.4 7.4 0.115284 6.16306e-05 0.885481
6.4 7.6 0.0736763 2.55937e-05 0.927258
6.4 7.8 0.045575 1.21009e-05 0.955518
6.4 8 0.0273548 7.11202e-06 0.973898
6.4 8.2 0.015956 5.28874e-06 0.985449
6.4 8.4 0.00905477 4.63292e-06 0.992506
6.4 8.6 0.00500366 4.40573e-06 0.996669
6.4 8.8 0.0026962 4.3378e-06 0.999052
6.4 9 0.00142128 4.33339e-06 1.00035
6.4 9.2 0.000741005 4.36117e-06 1.00101
6.4 9.4 0.00039779 4.41948e-06 1.00129
6.4 9.6 0.00025055 4.51765e-06 1.00138
6.4 9.8 0.000181787 4.93765e-06 1.00139
6.6 0 0.000349019 4.46378e-06 1.00138
6.6 0.2 0.00044116 4.46906e-06 1.00125
6.6 0.4 0.000753643 4.41042e-06 1.00093
6.6 0.6 0.00140897 4.37071e-06 1.00031
6.6 0.8 0.00265752 4.36472e-06 0.999139
6.6 1 0.00492779 4.4235e-06 0.996943
6.6 1.2 0.00892059 4.64003e-06 0.99299
6.6 1.4 0.0157296 5.27673e-06 0.986154
6.6 1.6 0.0269854 7.05435e-06 0.974806
6.6 1.8 0.0449929 1.1924e-05 0.956667
6.6 2 0.0727925 2.50988e-05 0.92869
6.6 2.2 0.114004 6.02949e-05 0.887281
6.6 2.4 0.172212 0.000152916 0.828893
6.6 2.6 0.249646 0.00039237 0.751213
6.6 2.8 0.345209 0.00100055 0.655133
6.6 3 0.452652 0.00253133 0.546322
6.6 3.2 0.560261 0.00646961 0.434916
6.6 3.4 0.65205 0.0176504 0.332047
6.6 3.6 0.701889 0.0568153 0.242863
6.6 3.8 0.625749 0.220785 0.154566
6.6 4 0.275371 0.677925 0.0494611
6.6 4.2 0.0712829 0.922119 0.00893796
6.6 4.4 0.0205488 0.979322 0.00172198
6.6 4.6 0.007592 0.993143 0.000468857
6.6 4.8 0.00473542 0.995981 0.000261236
6.6 5 0.00741497 0.993059 0.000455604
6.6 5.2 0.0198861 0.979476 0.00165093
6.6 5.4 0.068492 0.924419 0.00850517
6.6 5.6 0.264925 0.689338 0.0472508
6.6 5.8 0.618905 0.228655 0.151857
6.6 6 0.701045 0.0586752 0.240533
6.6 6.2 0.653309 0.0181243 0.329386
6.6 6.4 0.562548 0.00662486 0.43189
6.6 6.6 0.455348 0.00258999 0.543145
6.6 6.8 0.347851 0.00102372 0.652105
6.6 7 0.251924 0.0004015 0.748548
6.6 7.2 0.173997 0.000156451 0.826677
6.6 7.4 0.115306 6.16358e-05 0.885512
6.6 7.6 0.0736913 2.5596e-05 0.927303
6.6 7.8 0.0455848 1.21021e-05 0.955577
6.6 8 0.027361 7.11266e-06 0.973967
6.6 8.2 0.0159598 5.28918e-06 0.985526
6.6 8.4 0.00905696 4.63327e-06 0.992588
6.6 8.6 0.00500491 4.40604e-06 0.996755
6.6 8.8 0.00269689 4.33811e-06 0.999145
6.6 9 0.00142166 4.33371e-06 1.00045
6.6 9.2 0.00074121 4.36151e-06 1.00112
6.6 9.4 0.000397904 4.41983e-06 1.00141
6.6 9.6 0.000250623 4.518e-06 1.0015
6.6 9.8 0.000181841 4.93802e-06 1.00151
6.8 0 0.000349121 4.46241e-06 1.00143
6.8 0.2 0.000441288 4.46787e-06 1.0013
6.8 0.4 0.000753857 4.4095e-06 1.00098
6.8 0.6 0.00140936 4.37005e-06 1.00036
6.8 0.8 0.00265822 4.36426e-06 0.999178
6.8 1 0.00492905 4.42321e-06 0.996975
6.8 1.2 0.00892279 4.63989e-06 0.993018
6.8 1.4 0.0157333 5.27678e-06 0.986179
6.8 1.6 0.0269915 7.05472e-06 0.974827
6.8 1.8 0.0450027 1.19251e-05 0.956681
6.8 2 0.0728074 2.51016e-05 0.928696
6.8 2.2 0.114026 6.0302e-05 0.887278
6.8 2.4 0.172244 0.000152934 0.828882
6.8 2.6 0.249689 0.000392415 0.751197
6.8 2.8 0.345268 0.00100066 0.655116
6.8 3 0.452728 0.00253161 0.546305
6.8 3.2 0.560352 0.00647028 0.434901
6.8 3.4 0.652151 0.017652 0.332033
6.8 3.6 0.701989 0.0568191 0.242851
6.8 3.8 0.625835 0.220794 0.154557
6.8 4 0.275413 0.677947 0.0494592
6.8 4.2 0.0712938 0.922151 0.00893767
6.8 4.4 0.0205518 0.97935 0.00172192
6.8 4.6 0.00759304 0.993166 0.000468841
6.8 4.8 0.00473607 0.996001 0.000261228
6.8 5 0.00741603 0.993082 0.000455594
6.8 5.2 0.019889 0.979503 0.0016509
6.8 5.4 0.0685025 0.92445 0.00850503
6.8 5.6 0.264966 0.689359 0.0472497
6.8 5.8 0.618986 0.228663 0.15185
6.8 6 0.70114 0.0586788 0.240523
6.8 6.2 0.653403 0.0181259 0.329376
6.8 6.4 0.562632 0.00662548 0.431879
6.8 6.6 0.455418 0.00259023 0.543133
6.8 6.8 0.347905 0.00102382 0.652093
6.8 7 0.251964 0.000401539 0.74854
6.8 7.2 0.174026 0.000156467 0.826675
6.8 7.4 0.115326 6.1642e-05 0.885519
6.8 7.6 0.0737049 2.55985e-05 0.927319
6.8 7.8 0.0455936 1.21031e-05 0.955598
6.8 8 0.0273664 7.11308e-06 0.973991
6.8 8.2 0.0159631 5.28936e-06 0.98555
6.8 8.4 0.00905888 4.63334e-06 0.992611
6.8 8.6 0.005006 4.40607e-06 0.996781
6.8 8.8 0.0026975 4.33813e-06 0.999176
6.8 9 0.00142199 4.33373e-06 1.00049
6.8 9.2 0.000741395 4.36155e-06 1.00117
6.8 9.4 0.000398008 4.41988e-06 1.00146
6.8 9.6 0.000250691 4.51804e-06 1.00156
6.8 9.8 0.000181891 4.93806e-06 1.00157
7 0 0.000349222 4.46135e-06 1.0014
7 0.2 0.000441412 4.46688e-06 1.00127
7 0.4 0.000754056 4.40862e-06 1.00095
7 0.6 0.00140971 4.36927e-06 1.00031
7 0.8 0.00265883 4.36358e-06 0.999123
7 1 0.0049301 4.42262e-06 0.996913
7 1.2 0.0089246 4.63942e-06 0.992953
7 1.4 0.0157364 5.2765e-06 0.986117
7 1.6 0.0269966 7.05479e-06 0.97477
7 1.8 0.0450109 1.1926e-05 0.95663
7 2 0.0728202 2.51046e-05 0.928648
7 2.2 0.114045 6.03104e-05 0.88723
7 2.4 0.17227 0.000152956 0.82883
7 2.6 0.249725 0.000392471 0.751142
7 2.8 0.345313 0.0010008 0.65506
7 3 0.452781 0.00253195 0.546252
7 3.2 0.560411 0.00647114 0.434852
7 3.4 0.65221 0.0176542 0.331991
7 3.6 0.702037 0.0568256 0.242815
7 3.8 0.625853 0.220813 0.154529
7 4 0.275404 0.67796 0.049447
7 4.2 0.0712908 0.922133 0.00893535
7 4.4 0.0205511 0.97932 0.0017215
7 4.6 0.00759288 0.99313 0.000468739
7 4.8 0.00473601 0.995964 0.000261177
7 5 0.00741599 0.993045 0.000455508
7 5.2 0.0198888 0.979471 0.00165056
7 5.4 0.0685007 0.924427 0.00850317
7 5.6 0.264959 0.689363 0.0472396
7 5.8 0.619001 0.228678 0.151825
7 6 0.701179 0.0586841 0.240492
7 6.2 0.653451 0.0181277 0.329339
7 6.4 0.562681 0.00662619 0.431837
7 6.6 0.455462 0.00259052 0.543086
7 6.8 0.347941 0.00102393 0.652044
7 7 0.251992 0.000401584 0.748491
7 7.2 0.174048 0.000156484 0.82663
7 7.4 0.115342 6.16485e-05 0.885477
7 7.6 0.0737154 2.56008e-05 0.927276
7 7.8 0.0456003 1.21037e-05 0.955551
7 8 0.0273706 7.11311e-06 0.973937
7 8.2 0.0159656 5.28914e-06 0.985486
7 8.4 0.00906032 4.633e-06 0.99254
7 8.6 0.00500682 4.40568e-06 0.996706
7 8.8 0.00269797 4.33772e-06 0.999102
7 9 0.00142225 4.33331e-06 1.00042
7 9.2 0.00074154 4.36114e-06 1.00111
7 9.4 0.000398092 4.41947e-06 1.00141
7 9.6 0.000250746 4.51762e-06 1.00151
7 9.8 0.000181933 4.93759e-06 1.00152
7.2 0 0.000349335 4.46047e-06 1.00133
7.2 0.2 0.000441548 4.46601e-06 1.00119
7.2 0.4 0.000754269 4.40778e-06 1.00086
7.2 0.6 0.00141007 4.36844e-06 1.00021
7.2 0.8 0.00265945 4.36277e-06 0.999005
7.2 1 0.00493116 4.42187e-06 0.996788
7.2 1.2 0.00892641 4.63878e-06 0.992829
7.2 1.4 0.0157395 5.27607e-06 0.986001
7.2 1.6 0.0270016 7.05481e-06 0.974665
7.2 1.8 0.0450189 1.19271e-05 0.956536
7.2 2 0.0728322 2.51082e-05 0.928559
7.2 2.2 0.114062 6.03202e-05 0.88714
7.2 2.4 0.172291 0.00015298 0.828733
7.2 2.6 0.249747 0.000392523 0.751033
7.2 2.8 0.345332 0.00100091 0.654941
7.2 3 0.452789 0.00253215 0.546133
7.2 3.2 0.560401 0.00647152 0.434742
7.2 3.4 0.652176 0.0176552 0.331895
7.2 3.6 0.701978 0.0568299 0.242738
7.2 3.8 0.625765 0.220832 0.154471
7.2 4 0.275325 0.677958 0.0494213
7.2 4.2 0.0712709 0.922069 0.00893059
7.2 4.4 0.0205464 0.979243 0.00172068
7.2 4.6 0.00759139 0.993049 0.000468544
7.2 4.8 0.0047352 0.99588 0.00026108
7.2 5 0.00741478 0.992962 0.00045534
7.2 5.2 0.019885 0.979391 0.00164989
7.2 5.4 0.0684845 0.924356 0.00849926
7.2 5.6 0.264892 0.689343 0.047218
7.2 5.8 0.618912 0.228687 0.151773
7.2 6 0.701111 0.058686 0.240421
7.2 6.2 0.653406 0.018128 0.32925
7.2 6.4 0.562658 0.0066263 0.431734
7.2 6.6 0.455457 0.0025906 0.542975
7.2 6.8 0.347948 0.00102399 0.651932
7.2 7 0.252006 0.000401615 0.748387
7.2 7.2 0.174062 0.000156499 0.826536
7.2 7.4 0.115354 6.1655e-05 0.88539
7.2 7.6 0.0737241 2.56031e-05 0.927189
7.2 7.8 0.0456062 1.21043e-05 0.955457
7.2 8 0.0273743 7.11299e-06 0.973831
7.2 8.2 0.0159678 5.28871e-06 0.985367
7.2 8.4 0.00906163 4.63244e-06 0.992409
7.2 8.6 0.00500758 4.40505e-06 0.996567
7.2 8.8 0.0026984 4.33705e-06 0.998962
7.2 9 0.0014225 4.33264e-06 1.00028
7.2 9.2 0.000741681 4.36046e-06 1.00098
7.2 9.4 0.000398175 4.41878e-06 1.00128
7.2 9.6 0.000250803 4.51693e-06 1.00139
7.2 9.8 0.000181976 4.93684e-06 1.0014
7.4 0 0.00034947 4.45978e-06 1.00122
7.4 0.2 0.000441712 4.46531e-06 1.00108
7.4 0.4 0.000754522 4.40707e-06 1.00073
7.4 0.6 0.0014105 4.36773e-06 1.00007
7.4 0.8 0.00266019 4.36207e-06 0.998859
7.4 1 0.00493244 4.42122e-06 0.996637
7.4 1.2 0.00892857 4.63824e-06 0.992681
7.4 1.4 0.0157431 5.2758e-06 0.985863
7.4 1.6 0.0270075 7.05514e-06 0.97454
7.4 1.8 0.0450281 1.19289e-05 0.956423
7.4 2 0.0728458 2.51137e-05 0.928454
7.4 2.2 0.11408 6.03348e-05 0.887032
7.4 2.4 0.172313 0.000153015 0.828613
7.4 2.6 0.249767 0.000392605 0.750897
7.4 2.8 0.345343 0.00100108 0.654792
7.4 3 0.452781 0.0025325 0.545981
7.4 3.2 0.560364 0.0064723 0.434599
7.4 3.4 0.652103 0.0176575 0.331771
7.4 3.6 0.701864 0.0568399 0.242637
7.4 3.8 0.625593 0.220874 0.154391
7.4 4 0.275165 0.677947 0.0493799
7.4 4.2 0.0712282 0.921911 0.00892265
7.4 4.4 0.0205358 0.979048 0.00171929
7.4 4.6 0.00758792 0.992845 0.000468213
7.4 4.8 0.00473324 0.995674 0.000260915
7.4 5 0.00741181 0.992757 0.000455054
7.4 5.2 0.0198762 0.979193 0.00164873
7.4 5.4 0.0684489 0.924188 0.00849272
7.4 5.6 0.264754 0.689299 0.0471833
7.4 5.8 0.618744 0.228713 0.151701
7.4 6 0.700988 0.0586919 0.240328
7.4 6.2 0.653318 0.0181291 0.329136
7.4 6.4 0.562604 0.00662665 0.431601
7.4 6.6 0.455433 0.00259078 0.542831
7.4 6.8 0.347945 0.00102409 0.651789
7.4 7 0.252014 0.000401666 0.748255
7.4 7.2 0.174074 0.000156523 0.826418
7.4 7.4 0.115365 6.16647e-05 0.885281
7.4 7.6 0.0737333 2.56067e-05 0.927081
7.4 7.8 0.0456126 1.21054e-05 0.955341
7.4 8 0.0273784 7.11307e-06 0.973702
7.4 8.2 0.0159703 5.28837e-06 0.985223
7.4 8.4 0.00906314 4.63191e-06 0.992251
7.4 8.6 0.00500847 4.40443e-06 0.9964
7.4 8.8 0.00269892 4.3364e-06 0.998792
7.4 9 0.0014228 4.33198e-06 1.00012
7.4 9.2 0.000741852 4.3598e-06 1.00081
7.4 9.4 0.000398275 4.41811e-06 1.00112
7.4 9.6 0.000250871 4.51623e-06 1.00123
7.4 9.8 0.00018203 4.9361e-06 1.00125
7.6 0 0.000349638 4.45931e-06 1.00108
7.6 0.2 0.000441916 4.46486e-06 1.00094
7.6 0.4 0.000754848 4.40663e-06 1.0006
7.6 0.6 0.00141107 4.36731e-06 0.999935
7.6 0.8 0.00266118 4.36166e-06 0.998718
7.6 1 0.00493413 4.42085e-06 0.996495
7.6 1.2 0.00893145 4.63802e-06 0.992543
7.6 1.4 0.0157479 5.27592e-06 0.985736
7.6 1.6 0.0270153 7.05612e-06 0.974428
7.6 1.8 0.0450402 1.1932e-05 0.956323
7.6 2 0.0728637 2.51225e-05 0.92836
7.6 2.2 0.114104 6.03577e-05 0.886935
7.6 2.4 0.172343 0.000153073 0.828503
7.6 2.6 0.2498 0.000392744 0.750768
7.6 2.8 0.345368 0.00100141 0.654647
7.6 3 0.452787 0.00253325 0.545828
7.6 3.2 0.560337 0.00647411 0.434451
7.6 3.4 0.652033 0.0176629 0.33164
7.6 3.6 0.701738 0.0568615 0.242527
7.6 3.8 0.625371 0.220963 0.154296
7.6 4 0.274934 0.678003 0.0493252
7.6 4.2 0.0711669 0.921767 0.00891201
7.6 4.4 0.020521 0.978865 0.00171745
7.6 4.6 0.00758324 0.992661 0.000467789
7.6 4.8 0.00473066 0.995492 0.000260707
7.6 5 0.00740787 0.992573 0.000454693
7.6 5.2 0.0198641 0.979007 0.00164724
7.6 5.4 0.068399 0.924031 0.00848411
7.6 5.6 0.264562 0.689307 0.0471381
7.6 5.8 0.618534 0.228778 0.151616
7.6 6 0.700854 0.0587077 0.240228
7.6 6.2 0.653233 0.0181328 0.329016
7.6 6.4 0.562559 0.00662787 0.431465
7.6 6.6 0.45542 0.00259129 0.542689
7.6 6.8 0.347953 0.00102431 0.651652
7.6 7 0.252032 0.000401764 0.74813
7.6 7.2 0.174094 0.000156564 0.826307
7.6 7.4 0.115382 6.1681e-05 0.88518
7.6 7.6 0.0737458 2.56129e-05 0.926981
7.6 7.8 0.0456211 1.21076e-05 0.955234
7.6 8 0.0273839 7.11366e-06 0.973581
7.6 8.2 0.0159738 5.28835e-06 0.985086
7.6 8.4 0.00906521 4.63164e-06 0.9921
7.6 8.6 0.00500969 4.40405e-06 0.996239
7.6 8.8 0.00269963 4.33598e-06 0.998627
7.6 9 0.00142321 4.33154e-06 0.999952
7.6 9.2 0.000742084 4.35936e-06 1.00066
7.6 9.4 0.000398413 4.41767e-06 1.00097
7.6 9.6 0.000250965 4.51578e-06 1.00108
7.6 9.8 0.000182102 4.93559e-06 1.0011
7.8 0 0.000349848 4.45932e-06 1.00093
7.8 0.2 0.000442171 4.46488e-06 1.00079
7.8 0.4 0.000755252 4.40668e-06 1.00045
7.8 0.6 0.00141176 4.36737e-06 0.999788
7.8 0.8 0.0026624 4.36175e-06 0.998571
7.8 1 0.00493624 4.42101e-06 0.99635
7.8 1.2 0.00893501 4.63835e-06 0.992405
7.8 1.4 0.0157537 5.27669e-06 0.98561
7.8 1.6 0.0270247 7.05801e-06 0.974315
7.8 1.8 0.0450549 1.19368e-05 0.956222
7.8 2 0.0728854 2.51348e-05 0.928263
7.8 2.2 0.114134 6.03898e-05 0.886834
7.8 2.4 0.172381 0.000153155 0.828389
7.8 2.6 0.249842 0.000392948 0.750636
7.8 2.8 0.345406 0.0010019 0.654498
7.8 3 0.452807 0.00253445 0.54567
7.8 3.2 0.560324 0.00647717 0.434299
7.8 3.4 0.651973 0.0176722 0.331505
7.8 3.6 0.70161 0.0568979 0.242411
7.8 3.8 0.625104 0.221112 0.154188
7.8 4 0.274626 0.678148 0.0492557
7.8 4.2 0.0710844 0.921651 0.00889835
7.8 4.4 0.0205011 0.978701 0.00171511
7.8 4.6 0.00757702 0.992501 0.000467251
7.8 4.8 0.00472727 0.995336 0.000260448
7.8 5 0.00740271 0.992413 0.000454242
7.8 5.2 0.0198482 0.97884 0.00164536
7.8 5.4 0.0683331 0.923899 0.00847326
7.8 5.6 0.264309 0.689385 0.0470819
7.8 5.8 0.618288 0.228893 0.151522
7.8 6 0.700719 0.0587358 0.240125
7.8 6.2 0.653157 0.0181397 0.328895
7.8 6.4 0.562526 0.00663011 0.431328
7.8 6.6 0.455419 0.00259216 0.542545
7.8 6.8 0.347971 0.00102467 0.651513
7.8 7 0.252057 0.000401914 0.748003
7.8 7.2 0.174119 0.000156624 0.826193
7.8 7.4 0.115403 6.17045e-05 0.885074
7.8 7.6 0.073761 2.56219e-05 0.926877
7.8 7.8 0.0456316 1.21111e-05 0.955122
7.8 8 0.0273908 7.11503e-06 0.973457
7.8 8.2 0.015978 5.28891e-06 0.984947
7.8 8.4 0.00906782 4.63187e-06 0.991947
7.8 8.6 0.00501124 4.40415e-06 0.996077
7.8 8.8 0.00270053 4.33602e-06 0.99846
7.8 9 0.00142373 4.33157e-06 0.999784
7.8 9.2 0.000742382 4.35939e-06 1.00049
7.8 9.4 0.00039859 4.41771e-06 1.00081
7.8 9.6 0.000251086 4.51581e-06 1.00091
7.8 9.8 0.000182195 4.93562e-06 1.00093
8 0 0.000350108 4.46024e-06 1.00077
8 0.2 0.000442485 4.4658e-06 1.00063
8 0.4 0.000755741 4.40757e-06 1.00028
8 0.6 0.0014126 4.36826e-06 0.999618
8 0.8 0.00266385 4.36267e-06 0.998403
8 1 0.00493873 4.42201e-06 0.996188
8 1.2 0.0089392 4.63958e-06 0.992253
8 1.4 0.0157606 5.27845e-06 0.985468
8 1.6 0.0270356 7.06114e-06 0.974183
8 1.8 0.0450714 1.19435e-05 0.956097
8 2 0.0729094 2.5151e-05 0.928139
8 2.2 0.114167 6.04307e-05 0.886704
8 2.4 0.172422 0.000153259 0.828245
8 2.6 0.249887 0.00039321 0.750476
8 2.8 0.345447 0.00100255 0.654324
8 3 0.45283 0.00253607 0.545493
8 3.2 0.560313 0.00648144 0.434131
8 3.4 0.651912 0.0176853 0.331358
8 3.6 0.701472 0.0569501 0.242287
8 3.8 0.624791 0.221328 0.154068
8 4 0.274241 0.678404 0.0491719
8 4.2 0.0709811 0.92158 0.00888173
8 4.4 0.0204763 0.97856 0.00171227
8 4.6 0.00756926 0.992356 0.000466604
8 4.8 0.00472306 0.995193 0.000260137
8 5 0.00739636 0.992268 0.000453705
8 5.2 0.0198288 0.978696 0.00164313
8 5.4 0.0682523 0.923805 0.00846032
8 5.6 0.264001 0.689551 0.0470153
8 5.8 0.618007 0.229062 0.151419
8 6 0.700578 0.0587766 0.240016
8 6.2 0.65308 0.0181498 0.328766
8 6.4 0.562494 0.0066333 0.431179
8 6.6 0.455419 0.00259337 0.542386
8 6.8 0.347991 0.00102516 0.651353
8 7 0.252084 0.000402107 0.747851
8 7.2 0.174145 0.0001567 0.826052
8 7.4 0.115425 6.17346e-05 0.884941
8 7.6 0.0737778 2.5634e-05 0.926745
8 7.8 0.0456433 1.21162e-05 0.954986
8 8 0.0273986 7.11752e-06 0.973312
8 8.2 0.015983 5.2904e-06 0.984791
8 8.4 0.00907091 4.63297e-06 0.991781
8 8.6 0.00501311 4.40509e-06 0.995903
8 8.8 0.00270163 4.3369e-06 0.99828
8 9 0.00142436 4.33244e-06 0.999602
8 9.2 0.000742746 4.36026e-06 1.00031
8 9.4 0.000398806 4.41858e-06 1.00062
8 9.6 0.000251235 4.5167e-06 1.00073
8 9.8 0.000182313 4.93663e-06 1.00075
8.2 0 0.000350435 4.46285e-06 1.00062
8.2 0.2 0.00044288 4.46842e-06 1.00048
8.2 0.4 0.000756362 4.41019e-06 1.00014
8.2 0.6 0.00141367 4.37089e-06 0.999486
8.2 0.8 0.00266572 4.36535e-06 0.998278
8.2 1 0.00494195 4.42481e-06 0.996071
8.2 1.2 0.00894461 4.64265e-06 0.992145
8.2 1.4 0.0157694 5.2822e-06 0.985368
8.2 1.6 0.0270496 7.06665e-06 0.974089
8.2 1.8 0.0450927 1.19537e-05 0.956003
8.2 2 0.0729405 2.51734e-05 0.928042
8.2 2.2 0.11421 6.0485e-05 0.886596
8.2 2.4 0.172478 0.000153395 0.828122
8.2 2.6 0.249953 0.000393555 0.750334
8.2 2.8 0.345514 0.00100342 0.654167
8.2 3 0.452885 0.00253827 0.545329
8.2 3.2 0.560338 0.00648726 0.433975
8.2 3.4 0.651888 0.0177033 0.331221
8.2 3.6 0.701364 0.0570211 0.242168
8.2 3.8 0.624458 0.221622 0.153942
8.2 4 0.273783 0.67879 0.0490747
8.2 4.2 0.070857 0.921561 0.0088623
8.2 4.4 0.0204465 0.978445 0.00170895
8.2 4.6 0.00755996 0.99223 0.000465854
8.2 4.8 0.00471805 0.995067 0.000259781
8.2 5 0.00738888 0.992141 0.000453094
8.2 5.2 0.0198059 0.978577 0.00164057
8.2 5.4 0.0681573 0.923757 0.0084455
8.2 5.6 0.263643 0.689818 0.04694
8.2 5.8 0.617719 0.229294 0.151314
8.2 6 0.700469 0.0588327 0.239916
8.2 6.2 0.653042 0.0181638 0.32865
8.2 6.4 0.562498 0.00663777 0.431046
8.2 6.6 0.45545 0.00259503 0.542245
8.2 6.8 0.348035 0.00102581 0.651215
8.2 7 0.25213 0.000402367 0.747722
8.2 7.2 0.174185 0.000156803 0.825935
8.2 7.4 0.115457 6.17758e-05 0.884833
8.2 7.6 0.0738009 2.56513e-05 0.926641
8.2 7.8 0.0456594 1.21244e-05 0.954882
8.2 8 0.0274092 7.12228e-06 0.973204
8.2 8.2 0.0159898 5.29383e-06 0.984678
8.2 8.4 0.00907511 4.63589e-06 0.991662
8.2 8.6 0.00501564 4.40782e-06 0.995777
8.2 8.8 0.00270311 4.33957e-06 0.998149
8.2 9 0.00142521 4.33509e-06 0.999466
8.2 9.2 0.000743233 4.36293e-06 1.00017
8.2 9.4 0.000399096 4.4213e-06 1.00048
8.2 9.6 0.000251435 4.51948e-06 1.00059
8.2 9.8 0.000182468 4.93964e-06 1.00061
8.4 0 0.000350837 4.46829e-06 1.0005
8.4 0.2 0.000443367 4.47389e-06 1.00037
8.4 0.4 0.000757126 4.41565e-06 1.00004
8.4 0.6 0.00141498 4.37636e-06 0.999392
8.4 0.8 0.00266802 4.37088e-06 0.998195
8.4 1 0.00494592 4.43048e-06 0.995999
8.4 1.2 0.00895127 4.64865e-06 0.99208
8.4 1.4 0.0157803 5.28906e-06 0.985306
8.4 1.6 0.0270667 7.07573e-06 0.974026
8.4 1.8 0.0451188 1.19686e-05 0.955936
8.4 2 0.0729787 2.52033e-05 0.927966
8.4 2.2 0.114264 6.05538e-05 0.886506
8.4 2.4 0.172548 0.000153564 0.828013
8.4 2.6 0.250038 0.000393976 0.750205
8.4 2.8 0.345606 0.00100448 0.65402
8.4 3 0.452968 0.00254093 0.545174
8.4 3.2 0.560394 0.00649439 0.433825
8.4 3.4 0.651897 0.0177256 0.331091
8.4 3.6 0.701279 0.057109 0.242055
8.4 3.8 0.624105 0.221988 0.153811
8.4 4 0.273252 0.679298 0.0489652
8.4 4.2 0.0707124 0.921589 0.00884021
8.4 4.4 0.0204115 0.978348 0.00170519
8.4 4.6 0.00754902 0.992109 0.000465004
8.4 4.8 0.00471218 0.994943 0.000259382
8.4 5 0.00738016 0.992019 0.000452412
8.4 5.2 0.0197795 0.978472 0.00163773
8.4 5.4 0.068049 0.923746 0.00842901
8.4 5.6 0.263239 0.690176 0.0468569
8.4 5.8 0.617424 0.229581 0.151208
8.4 6 0.700387 0.0589017 0.239823
8.4 6.2 0.653035 0.018181 0.328543
8.4 6.4 0.562532 0.0066432 0.430923
8.4 6.6 0.455508 0.00259704 0.542116
8.4 6.8 0.348102 0.0010266 0.65109
8.4 7 0.252194 0.000402683 0.747609
8.4 7.2 0.174239 0.000156931 0.825835
8.4 7.4 0.115498 6.18289e-05 0.884745
8.4 7.6 0.0738307 2.56752e-05 0.926561
8.4 7.8 0.0456798 1.2137e-05 0.954806
8.4 8 0.0274227 7.13048e-06 0.973128
8.4 8.2 0.0159985 5.30033e-06 0.984601
8.4 8.4 0.00908048 4.64173e-06 0.991583
8.4 8.6 0.00501887 4.41342e-06 0.995696
8.4 8.8 0.00270501 4.34509e-06 0.998064
8.4 9 0.0014263 4.34061e-06 0.999375
8.4 9.2 0.000743854 4.3685e-06 1.00007
8.4 9.4 0.000399465 4.42697e-06 1.00038
8.4 9.6 0.000251689 4.52528e-06 1.00049
8.4 9.8 0.000182666 4.94598e-06 1.0005
8.6 0 0.000351322 4.47829e-06 1.00042
8.6 0.2 0.000443951 4.48391e-06 1.00029
8.6 0.4 0.000758037 4.42558e-06 0.999963
8.6 0.6 0.00141655 4.38627e-06 0.999329
8.6 0.8 0.00267075 4.38082e-06 0.998145
8.6 1 0.00495061 4.44058e-06 0.995957
8.6 1.2 0.00895912 4.65917e-06 0.992042
8.6 1.4 0.015793 5.30067e-06 0.985267
8.6 1.6 0.0270867 7.09018e-06 0.973981
8.6 1.8 0.0451493 1.19902e-05 0.955882
8.6 2 0.0730235 2.52433e-05 0.9279
8.6 2.2 0.114327 6.06398e-05 0.886425
8.6 2.4 0.172632 0.000153765 0.827914
8.6 2.6 0.250141 0.000394462 0.750085
8.6 2.8 0.345721 0.00100567 0.653882
8.6 3 0.45308 0.00254394 0.545027
8.6 3.2 0.560482 0.00650244 0.433685
8.6 3.4 0.651938 0.0177509 0.330969
8.6 3.6 0.701219 0.0572101 0.241948
8.6 3.8 0.623738 0.222415 0.153678
8.6 4 0.272663 0.679913 0.0488457
8.6 4.2 0.0705506 0.921666 0.00881605
8.6 4.4 0.0203723 0.97828 0.00170108
8.6 4.6 0.00753673 0.992009 0.000464084
8.6 4.8 0.00470564 0.994837 0.000258954
8.6 5 0.00737052 0.991917 0.000451687
8.6 5.2 0.0197505 0.978394 0.0016347
8.6 5.4 0.0679306 0.923776 0.0084114
8.6 5.6 0.262801 0.69061 0.0467685
8.6 5.8 0.617131 0.22991 0.151103
8.6 6 0.700333 0.0589796 0.239737
8.6 6.2 0.653062 0.0182001 0.328445
8.6 6.4 0.562598 0.00664918 0.430811
8.6 6.6 0.455594 0.00259926 0.541998
8.6 6.8 0.348192 0.00102748 0.650977
8.6 7 0.252275 0.000403044 0.747507
8.6 7.2 0.174305 0.000157082 0.825746
8.6 7.4 0.115548 6.18959e-05 0.884667
8.6 7.6 0.0738666 2.5708e-05 0.926493
8.6 7.8 0.0457045 1.2156e-05 0.954744
8.6 8 0.027439 7.14392e-06 0.973071
8.6 8.2 0.0160089 5.31153e-06 0.984547
8.6 8.4 0.00908697 4.65207e-06 0.991531
8.6 8.6 0.00502279 4.42344e-06 0.995644
8.6 8.8 0.00270731 4.35503e-06 0.99801
8.6 9 0.00142763 4.35059e-06 0.999318
8.6 9.2 0.000744613 4.37859e-06 1.00001
8.6 9.4 0.000399917 4.43723e-06 1.00032
8.6 9.6 0.000252 4.5358e-06 1.00041
8.6 9.8 0.00018291 4.95753e-06 1.00043
8.8 0 0.000351889 4.49533e-06 1.00036
8.8 0.2 0.000444632 4.501e-06 1.00023
8.8 0.4 0.000759096 4.44248e-06 0.999913
8.8 0.6 0.00141836 4.40306e-06 0.999286
8.8 0.8 0.00267389 4.39761e-06 0.998109
8.8 1 0.00495597 4.45754e-06 0.995927
8.8 1.2 0.00896805 4.67668e-06 0.992012
8.8 1.4 0.0158075 5.31968e-06 0.985231
8.8 1.6 0.0271093 7.11302e-06 0.973935
8.8 1.8 0.0451836 1.20226e-05 0.955824
8.8 2 0.0730739 2.52988e-05 0.927828
8.8 2.2 0.114398 6.0751e-05 0.886338
8.8 2.4 0.172727 0.000154009 0.827809
8.8 2.6 0.25026 0.000395021 0.749962
8.8 2.8 0.345856 0.00100698 0.653744
8.8 3 0.453217 0.00254712 0.544883
8.8 3.2 0.560597 0.00651084 0.433547
8.8 3.4 0.652001 0.0177773 0.330848
8.8 3.6 0.701172 0.0573173 0.241841
8.8 3.8 0.623354 0.222875 0.153541
8.8 4 0.272025 0.680589 0.0487181
8.8 4.2 0.0703739 0.92177 0.00879013
8.8 4.4 0.0203291 0.978229 0.00169668
8.8 4.6 0.00752324 0.991926 0.000463106
8.8 4.8 0.00469858 0.994746 0.000258508
8.8 5 0.0073601 0.991831 0.000450931
8.8 5.2 0.019719 0.978332 0.00163151
8.8 5.4 0.0678039 0.923824 0.0083929
8.8 5.6 0.26234 0.691077 0.0466762
8.8 5.8 0.616834 0.230253 0.150995
8.8 6 0.700295 0.0590588 0.239652
8.8 6.2 0.653113 0.0182191 0.328349
8.8 6.4 0.562691 0.00665511 0.430703
8.8 6.6 0.455707 0.00260151 0.541885
8.8 6.8 0.348304 0.00102842 0.650868
8.8 7 0.252373 0.000403455 0.747407
8.8 7.2 0.174383 0.000157269 0.825656
8.8 7.4 0.115607 6.19852e-05 0.884587
8.8 7.6 0.0739085 2.57554e-05 0.926422
8.8 7.8 0.0457332 1.21853e-05 0.954682
8.8 8 0.027458 7.16562e-06 0.973017
8.8 8.2 0.0160211 5.33008e-06 0.9845
8.8 8.4 0.00909458 4.66936e-06 0.99149
8.8 8.6 0.0050274 4.44029e-06 0.995607
8.8 8.8 0.00271003 4.3718e-06 0.997974
8.8 9 0.0014292 4.36745e-06 0.999281
8.8 9.2 0.000745517 4.39567e-06 0.999971
8.8 9.4 0.000400457 4.45465e-06 1.00027
8.8 9.6 0.000252374 4.5537e-06 1.00037
8.8 9.8 0.000183202 4.97715e-06 1.00039
9 0 0.000352533 4.52302e-06 1.00033
9 0.2 0.000445406 4.52874e-06 1.0002
9 0.4 0.000760292 4.46987e-06 0.999887
9 0.6 0.00142039 4.43021e-06 0.999264
9 0.8 0.00267738 4.42468e-06 0.99809
9 1 0.00496192 4.48481e-06 0.99591
9 1.2 0.00897793 4.70474e-06 0.991992
9 1.4 0.0158234 5.34994e-06 0.985203
9 1.6 0.0271342 7.14888e-06 0.973894
9 1.8 0.0452214 1.20721e-05 0.955768
9 2 0.0731293 2.53807e-05 0.927757
9 2.2 0.114476 6.09072e-05 0.886252
9 2.4 0.172833 0.000154331 0.827709
9 2.6 0.250395 0.000395708 0.749847
9 2.8 0.346014 0.00100847 0.653615
9 3 0.45338 0.00255044 0.544746
9 3.2 0.560741 0.00651906 0.433414
9 3.4 0.652097 0.0178027 0.330731
9 3.6 0.701157 0.0574229 0.241738
9 3.8 0.622996 0.223343 0.153407
9 4 0.271383 0.681315 0.0485904
9 4.2 0.0701929 0.921928 0.00876398
9 4.4 0.0202843 0.978234 0.00169224
9 4.6 0.00750946 0.991897 0.000462142
9 4.8 0.00469171 0.994712 0.000258091
9 5 0.00734982 0.991802 0.000450216
9 5.2 0.0196874 0.978325 0.00162841
9 5.4 0.0676782 0.923922 0.0083748
9 5.6 0.261893 0.69157 0.0465865
9 5.8 0.616576 0.230588 0.150894
9 6 0.700293 0.059132 0.239571
9 6.2 0.653199 0.0182358 0.328258
9 6.4 0.562817 0.00666042 0.4306
9 6.6 0.455849 0.00260372 0.54178
9 6.8 0.34844 0.00102947 0.650769
9 7 0.252489 0.000403969 0.747317
9 7.2 0.174475 0.000157525 0.825574
9 7.4 0.115674 6.21167e-05 0.884512
9 7.6 0.0739561 2.58282e-05 0.926355
9 7.8 0.0457658 1.22316e-05 0.954626
9 8 0.0274796 7.20027e-06 0.972971
9 8.2 0.016035 5.35985e-06 0.984464
9 8.4 0.00910325 4.69719e-06 0.991462
9 8.6 0.00503267 4.46743e-06 0.995585
9 8.8 0.00271315 4.39881e-06 0.997956
9 9 0.00143101 4.39464e-06 0.999264
9 9.2 0.000746562 4.42326e-06 0.999955
9 9.4 0.000401082 4.48286e-06 1.00026
9 9.6 0.000252806 4.58273e-06 1.00035
9 9.8 0.000183542 5.00904e-06 1.00036
9.2 0 0.000353243 4.56632e-06 1.00031
9.2 0.2 0.000446255 4.57213e-06 1.00018
9.2 0.4 0.0007616 4.51272e-06 0.999872
9.2 0.6 0.00142259 4.47264e-06 0.999252
9.2 0.8 0.00268117 4.46693e-06 0.998078
9.2 1 0.00496832 4.52731e-06 0.995895
9.2 1.2 0.0089885 4.74842e-06 0.991973
9.2 1.4 0.0158404 5.39702e-06 0.985174
9.2 1.6 0.0271607 7.2047e-06 0.973851
9.2 1.8 0.0452615 1.21494e-05 0.955711
9.2 2 0.0731883 2.55085e-05 0.927687
9.2 2.2 0.11456 6.1149e-05 0.886169
9.2 2.4 0.172947 0.000154818 0.827613
9.2 2.6 0.250541 0.000396694 0.749736
9.2 2.8 0.346187 0.00101042 0.653491
9.2 3 0.453564 0.00255425 0.544614
9.2 3.2 0.560911 0.0065271 0.433284
9.2 3.4 0.652223 0.0178252 0.330617
9.2 3.6 0.701186 0.0575168 0.241639
9.2 3.8 0.622706 0.223781 0.153283
9.2 4 0.270784 0.682045 0.0484689
9.2 4.2 0.0700159 0.92214 0.00873861
9.2 4.4 0.0202397 0.978297 0.00168796
9.2 4.6 0.0074967 0.991927 0.000461288
9.2 4.8 0.00468633 0.994736 0.000257782
9.2 5 0.00734114 0.991834 0.000449646
9.2 5.2 0.0196578 0.978379 0.00162563
9.2 5.4 0.0675609 0.924071 0.00835798
9.2 5.6 0.261497 0.692058 0.0465041
9.2 5.8 0.616391 0.230881 0.150802
9.2 6 0.700342 0.0591894 0.239492
9.2 6.2 0.653318 0.0182481 0.328164
9.2 6.4 0.56297 0.00666495 0.430495
9.2 6.6 0.456012 0.00260618 0.541675
9.2 6.8 0.348593 0.0010309 0.65067
9.2 7 0.252619 0.000404758 0.747229
9.2 7.2 0.174576 0.000157939 0.825496
9.2 7.4 0.115748 6.23323e-05 0.884441
9.2 7.6 0.0740084 2.59467e-05 0.926291
9.2 7.8 0.0458014 1.23056e-05 0.95457
9.2 8 0.0275033 7.25491e-06 0.972925
9.2 8.2 0.0160502 5.40644e-06 0.984428
9.2 8.4 0.0091128 4.7406e-06 0.991436
9.2 8.6 0.0050385 4.50974e-06 0.995567
9.2 8.8 0.00271662 4.44092e-06 0.997944
9.2 9 0.00143303 4.43702e-06 0.999255
9.2 9.2 0.000747734 4.46629e-06 0.999947
9.2 9.4 0.000401783 4.52697e-06 1.00025
9.2 9.6 0.000253285 4.62829e-06 1.00034
9.2 9.8 0.000183927 5.05921e-06 1.00036
9.4 0 0.000354004 4.63207e-06 1.00028
9.4 0.2 0.000447161 4.63803e-06 1.00015
9.4 0.4 0.000762984 4.57783e-06 0.999847
9.4 0.6 0.00142491 4.53705e-06 0.999229
9.4 0.8 0.00268511 4.53097e-06 0.99805
9.4 1 0.0049749 4.59165e-06 0.995856
9.4 1.2 0.00899925 4.81453e-06 0.991924
9.4 1.4 0.0158575 5.46837e-06 0.985116
9.4 1.6 0.0271871 7.28988e-06 0.973783
9.4 1.8 0.0453014 1.22693e-05 0.955633
9.4 2 0.0732465 2.5712e-05 0.927597
9.4 2.2 0.114641 6.15456e-05 0.886067
9.4 2.4 0.173056 0.000155635 0.827494
9.4 2.6 0.250677 0.000398354 0.749598
9.4 2.8 0.346344 0.0010136 0.653335
9.4 3 0.453727 0.00255989 0.544452
9.4 3.2 0.561058 0.00653655 0.433129
9.4 3.4 0.652335 0.0178441 0.330482
9.4 3.6 0.701229 0.0575841 0.241526
9.4 3.8 0.622505 0.224117 0.153162
9.4 4 0.270275 0.682695 0.0483577
9.4 4.2 0.0698458 0.922379 0.00871391
9.4 4.4 0.0201976 0.978398 0.00168408
9.4 4.6 0.00748806 0.991996 0.000460772
9.4 4.8 0.00468567 0.994796 0.000257784
9.4 5 0.00733756 0.991898 0.00044948
9.4 5.2 0.0196339 0.978468 0.00162354
9.4 5.4 0.067457 0.924244 0.00834265
9.4 5.6 0.261185 0.692476 0.0464302
9.4 5.8 0.616289 0.231072 0.15071
9.4 6 0.700412 0.0592133 0.239395
9.4 6.2 0.653428 0.0182537 0.328045
9.4 6.4 0.563104 0.00666982 0.430358
9.4 6.6 0.456158 0.00261014 0.541531
9.4 6.8 0.348736 0.00103348 0.650536
9.4 7 0.252742 0.000406203 0.747107
9.4 7.2 0.174674 0.000158682 0.825387
9.4 7.4 0.115822 6.2704e-05 0.884345
9.4 7.6 0.0740613 2.6142e-05 0.926206
9.4 7.8 0.0458378 1.24227e-05 0.954492
9.4 8 0.0275276 7.33912e-06 0.972856
9.4 8.2 0.016066 5.47737e-06 0.984368
9.4 8.4 0.00912281 4.80643e-06 0.991386
9.4 8.6 0.00504465 4.57379e-06 0.995524
9.4 8.8 0.00272032 4.50461e-06 0.997907
9.4 9 0.0014352 4.50107e-06 0.99922
9.4 9.2 0.000748998 4.53131e-06 0.99991
9.4 9.4 0.000402536 4.59383e-06 1.00022
9.4 9.6 0.000253771 4.69781e-06 1.00031
9.4 9.8 0.00018436 5.13593e-06 1.00033
9.6 0 0.000354815 4.72946e-06 1.00026
9.6 0.2 0.000448114 4.73632e-06 1.00013
9.6 0.4 0.000764421 4.675e-06 0.999823
9.6 0.6 0.00142731 4.63299e-06 0.999197
9.6 0.8 0.00268913 4.62627e-06 0.99801
9.6 1 0.00498156 4.68737e-06 0.995808
9.6 1.2 0.00900999 4.91286e-06 0.991863
9.6 1.4 0.0158746 5.5747e-06 0.985051
9.6 1.6 0.0272128 7.41794e-06 0.973702
9.6 1.8 0.0453395 1.24539e-05 0.955543
9.6 2 0.0733023 2.60393e-05 0.927499
9.6 2.2 0.114717 6.22196e-05 0.885959
9.6 2.4 0.173157 0.000157114 0.827378
9.6 2.6 0.250802 0.000401581 0.74947
9.6 2.8 0.346483 0.0010203 0.653184
9.6 3 0.453869 0.00257268 0.544295
9.6 3.2 0.561182 0.00655855 0.432978
9.6 3.4 0.652429 0.0178785 0.330345
9.6 3.6 0.701295 0.0576366 0.241406
9.6 3.8 0.62247 0.224288 0.153041
9.6 4 0.269936 0.683173 0.0482569
9.6 4.2 0.0696779 0.92263 0.00868675
9.6 4.4 0.0201709 0.978493 0.0016817
9.6 4.6 0.0074956 0.992064 0.000461441
9.6 4.8 0.00469986 0.994851 0.000258725
9.6 5 0.00735197 0.991957 0.000450626
9.6 5.2 0.0196346 0.978539 0.00162386
9.6 5.4 0.067379 0.924407 0.00832837
9.6 5.6 0.26102 0.692774 0.0463604
9.6 5.8 0.616307 0.231108 0.150606
9.6 6 0.700547 0.0592001 0.23929
9.6 6.2 0.653545 0.0182679 0.327923
9.6 6.4 0.563228 0.00668575 0.430218
9.6 6.6 0.456293 0.00262103 0.541387
9.6 6.8 0.34887 0.00103958 0.650398
9.6 7 0.252858 0.000409247 0.746983
9.6 7.2 0.174768 0.000160106 0.825277
9.6 7.4 0.115893 6.33624e-05 0.884246
9.6 7.6 0.0741132 2.64651e-05 0.926119
9.6 7.8 0.0458739 1.26061e-05 0.954408
9.6 8 0.0275521 7.46675e-06 0.972779
9.6 8.2 0.0160822 5.58342e-06 0.984301
9.6 8.4 0.00913319 4.90446e-06 0.991331
9.6 8.6 0.0050511 4.66905e-06 0.995474
9.6 8.8 0.00272422 4.59925e-06 0.997862
9.6 9 0.0014375 4.59609e-06 0.999171
9.6 9.2 0.000750355 4.62757e-06 0.999858
9.6 9.4 0.000403358 4.69317e-06 1.00017
9.6 9.6 0.000254126 4.80248e-06 1.00026
9.6 9.8 0.000184905 5.25147e-06 1.00028
9.8 0 0.000356126 5.30835e-06 1.0002
9.8 0.2 0.000449702 5.31722e-06 1.00009
9.8 0.4 0.000766895 5.24404e-06 0.999778
9.8 0.6 0.00143134 5.19469e-06 0.999153
9.8 0.8 0.00269576 5.18611e-06 0.997963
9.8 1 0.00499225 5.25325e-06 0.995752
9.8 1.2 0.00902666 5.50269e-06 0.991787
9.8 1.4 0.0158996 6.23548e-06 0.984947
9.8 1.6 0.0272498 8.27616e-06 0.973589
9.8 1.8 0.0453917 1.38487e-05 0.955411
9.8 2 0.0733733 2.88713e-05 0.927357
9.8 2.2 0.114812 6.88418e-05 0.885809
9.8 2.4 0.173271 0.000173546 0.8272
9.8 2.6 0.250929 0.000442847 0.749265
9.8 2.8 0.346592 0.0011229 0.65294
9.8 3 0.453876 0.0028238 0.543978
9.8 3.2 0.560928 0.00717096 0.43257
9.8 3.4 0.65145 0.0194172 0.329738
9.8 3.6 0.69832 0.0616814 0.240298
9.8 3.8 0.616176 0.232368 0.151277
9.8 4 0.273198 0.679457 0.0486806
9.8 4.2 0.0734354 0.918452 0.00912196
9.8 4.4 0.0217444 0.97683 0.00181112
9.8 4.6 0.00816826 0.991378 0.000503249
9.8 4.8 0.00514694 0.994426 0.000283679
9.8 5 0.00802609 0.991281 0.000492451
9.8 5.2 0.0212434 0.976845 0.00175611
9.8 5.4 0.0715214 0.919831 0.00881209
9.8 5.6 0.266732 0.686254 0.0472103
9.8 5.8 0.611802 0.237434 0.149193
9.8 6 0.697834 0.063015 0.238235
9.8 6.2 0.652616 0.0197851 0.327329
9.8 6.4 0.562979 0.00729799 0.429823
9.8 6.6 0.456299 0.00287368 0.541087
9.8 6.8 0.348964 0.00114316 0.650155
9.8 7 0.252975 0.000451006 0.746781
9.8 7.2 0.174877 0.00017676 0.825109
9.8 7.4 0.115984 7.0077e-05 0.884103
9.8 7.6 0.0741823 2.93333e-05 0.925981
9.8 7.8 0.0459255 1.40146e-05 0.954298
9.8 8 0.0275886 8.3294e-06 0.972687
9.8 8.2 0.0161072 6.24487e-06 0.984221
9.8 8.4 0.00914956 5.49306e-06 0.991245
9.8 8.6 0.00506158 5.23251e-06 0.995397
9.8 8.8 0.0027307 5.15545e-06 0.997783
9.8 9 0.00144146 5.15251e-06 0.999108
9.8 9.2 0.000752787 5.18818e-06 0.999803
9.8 9.4 0.000405106 5.26108e-06 1.00011
9.8 9.6 0.000256177 5.39237e-06 1.00021
9.8 9.8 0.000183394 5.95227e-06 1.00023
