0 0 -4.20247 25.798 -4.20247
0 0.22 -5.23814 24.7624 -5.23814
0 0.44 -3.8364 26.1643 -3.8364
0 0.66 -3.63623 26.3643 -3.63623
0 0.88 -3.63627 26.3641 -3.63627
0 1.1 -3.63683 26.3635 -3.63683
0 1.32 -3.63783 26.3623 -3.63783
0 1.54 -3.63967 26.3602 -3.63967
0 1.76 -3.64382 26.3558 -3.64382
0 1.98 -3.65127 26.3482 -3.65127
0 2.2 -3.66386 26.3354 -3.66386
0 2.42 -3.68134 26.3171 -3.68134
0 2.64 -3.70025 26.2964 -3.70025
0 2.86 -3.70938 26.2823 -3.70938
0 3.08 -3.68137 26.296 -3.68137
0 3.3 -3.57081 26.3672 -3.57081
0 3.52 -3.32483 26.5057 -3.32483
0 3.74 -2.94421 26.5804 -2.94421
0 3.96 -2.73593 25.7846 -2.73593
0 4.18 -4.46771 19.748 -4.46771
0 4.4 -4.68971 0.126643 -4.68971
0 4.62 16.1135 -5.59035 16.1135
0 4.84 25.2243 -2.89344 25.2243
0 5.06 26.4564 -2.96411 26.4564
0 5.28 26.4918 -3.17989 26.4918
0 5.5 26.4503 -2.98983 26.4503
0 5.72 25.3159 -2.88698 25.3159
0 5.94 16.6948 -5.42868 16.6948
0 6.16 -4.23104 -0.626688 -4.23104
0 6.38 -4.62792 19.2586 -4.62792
0 6.6 -2.7381 25.7104 -2.7381
0 6.82 -2.91606 26.5877 -2.91606
0 7.04 -3.30338 26.5198 -3.30338
0 7.26 -3.56042 26.3749 -3.56042
0 7.48 -3.67941 26.2969 -3.67941
0 7.7 -3.71195 26.2794 -3.71195
0 7.92 -3.70493 26.2918 -3.70493
0 8.14 -3.68624 26.3123 -3.68624
0 8.36 -3.66853 26.3306 -3.66853
0 8.58 -3.65546 26.3439 -3.65546
0 8.8 -3.64705 26.3524 -3.64705
0 9.02 -3.64287 26.3567 -3.64287
0 9.24 -3.64108 26.3585 -3.64108
0 9.46 -3.6403 26.3595 -3.6403
0 9.68 -3.64021 26.3598 -3.64021
0 9.9 -3.64054 26.3598 -3.64054
0 10.12 -3.63979 26.3608 -3.63979
0 10.34 -2.55194 27.4488 -2.55194
0 10.56 2.33839 32.3392 2.33839
0 10.78 -19.9448 10.0557 -19.9448
0.2 0 -6.71451 23.2859 -6.71451
0.2 0.22 -7.80215 22.1983 -7.80215
0.2 0.44 -6.52592 23.4745 -6.52592
0.2 0.66 -6.343 23.6572 -6.343
0.2 0.88 -6.34292 23.6572 -6.34292
0.2 1.1 -6.34356 23.6564 -6.34356
0.2 1.32 -6.3443 23.6555 -6.3443
0.2 1.54 -6.34591 23.6536 -6.34591
0.2 1.76 -6.34998 23.6493 -6.34998
0.2 1.98 -6.35743 23.6418 -6.35743
0.2 2.2 -6.37012 23.6288 -6.37012
0.2 2.42 -6.38752 23.6106 -6.38752
0.2 2.64 -6.40651 23.5898 -6.40651
0.2 2.86 -6.41554 23.5758 -6.41554
0.2 3.08 -6.38701 23.59 -6.38701
0.2 3.3 -6.2753 23.6622 -6.2753
0.2 3.52 -6.0267 23.8028 -6.0267
0.2 3.74 -5.64077 23.8814 -5.64077
0.2 3.96 -5.4241 23.09 -5.4241
0.2 4.18 -7.14769 17.05 -7.14769
0.2 4.4 -7.34372 -2.53233 -7.34372
0.2 4.62 13.458 -8.22466 13.458
0.2 4.84 22.5937 -5.51807 22.5937
0.2 5.06 23.8251 -5.59374 23.8251
0.2 5.28 23.8584 -5.81257 23.8584
0.2 5.5 23.8202 -5.61926 23.8202
0.2 5.72 22.6937 -5.50863 22.6937
0.2 5.94 14.0847 -8.04815 14.0847
0.2 6.16 -6.84503 -3.33747 -6.84503
0.2 6.38 -7.31919 16.5249 -7.31919
0.2 6.6 -5.4264 23.0109 -5.4264
0.2 6.82 -5.61042 23.8898 -5.61042
0.2 7.04 -6.00305 23.8188 -6.00305
0.2 7.26 -6.263 23.6717 -6.263
0.2 7.48 -6.38317 23.5928 -6.38317
0.2 7.7 -6.41599 23.575 -6.41599
0.2 7.92 -6.40879 23.5876 -6.40879
0.2 8.14 -6.38998 23.6083 -6.38998
0.2 8.36 -6.37184 23.6269 -6.37184
0.2 8.58 -6.35866 23.6404 -6.35866
0.2 8.8 -6.35005 23.6491 -6.35005
0.2 9.02 -6.34584 23.6534 -6.34584
0.2 9.24 -6.34382 23.6555 -6.34382
0.2 9.46 -6.34289 23.6566 -6.34289
0.2 9.68 -6.34281 23.6569 -6.34281
0.2 9.9 -6.34317 23.6568 -6.34317
0.2 10.12 -6.34308 23.6571 -6.34308
0.2 10.34 -5.26441 24.7359 -5.26441
0.2 10.56 -0.334432 29.6659 -0.334432
0.2 10.78 -22.8602 7.13995 -22.8602
0.4 0 -4.36993 25.6305 -4.36993
0.4 0.22 -5.24754 24.7528 -5.24754
0.4 0.44 -4.00418 25.9961 -4.00418
0.4 0.66 -3.82723 26.1728 -3.82723
0.4 0.88 -3.82725 26.1729 -3.82725
0.4 1.1 -3.82784 26.172 -3.82784
0.4 1.32 -3.82841 26.1713 -3.82841
0.4 1.54 -3.82988 26.1695 -3.82988
0.4 1.76 -3.83432 26.1649 -3.83432
0.4 1.98 -3.84151 26.1576 -3.84151
0.4 2.2 -3.85461 26.1442 -3.85461
0.4 2.42 -3.87128 26.1266 -3.87128
0.4 2.64 -3.88995 26.1063 -3.88995
0.4 2.86 -3.8987 26.0926 -3.8987
0.4 3.08 -3.87066 26.1067 -3.87066
0.4 3.3 -3.7599 26.1783 -3.7599
0.4 3.52 -3.51448 26.3169 -3.51448
0.4 3.74 -3.13367 26.3937 -3.13367
0.4 3.96 -2.92025 25.6103 -2.92025
0.4 4.18 -4.63781 19.6171 -4.63781
0.4 4.4 -4.92349 0.0140805 -4.92349
0.4 4.62 15.9414 -5.74463 15.9414
0.4 4.84 25.1135 -3.00859 25.1135
0.4 5.06 26.3367 -3.08669 26.3367
0.4 5.28 26.372 -3.30244 26.372
0.4 5.5 26.3365 -3.11001 26.3365
0.4 5.72 25.2261 -3.00003 25.2261
0.4 5.94 16.6934 -5.53068 16.6934
0.4 6.16 -4.31954 -0.966089 -4.31954
0.4 6.38 -4.83399 19.0018 -4.83399
0.4 6.6 -2.92263 25.52 -2.92263
0.4 6.82 -3.10459 26.3985 -3.10459
0.4 7.04 -3.49183 26.3312 -3.49183
0.4 7.26 -3.74834 26.1868 -3.74834
0.4 7.48 -3.86693 26.109 -3.86693
0.4 7.7 -3.89941 26.0915 -3.89941
0.4 7.92 -3.89241 26.1038 -3.89241
0.4 8.14 -3.87343 26.1246 -3.87343
0.4 8.36 -3.85546 26.1432 -3.85546
0.4 8.58 -3.84294 26.156 -3.84294
0.4 8.8 -3.83435 26.1649 -3.83435
0.4 9.02 -3.83001 26.1693 -3.83001
0.4 9.24 -3.82795 26.1713 -3.82795
0.4 9.46 -3.8271 26.1725 -3.8271
0.4 9.68 -3.82697 26.1727 -3.82697
0.4 9.9 -3.82723 26.1727 -3.82723
0.4 10.12 -3.82689 26.1731 -3.82689
0.4 10.34 -2.75608 27.2442 -2.75608
0.4 10.56 2.06386 32.0641 2.06386
0.4 10.78 -20.0646 9.93562 -20.0646
0.6 0 -4.37503 25.6254 -4.37503
0.6 0.22 -5.25423 24.7462 -5.25423
0.6 0.44 -4.01491 25.9856 -4.01491
0.6 0.66 -3.83839 26.1619 -3.83839
0.6 0.88 -3.83826 26.1623 -3.83826
0.6 1.1 -3.83912 26.1611 -3.83912
0.6 1.32 -3.83966 26.1604 -3.83966
0.6 1.54 -3.84102 26.1587 -3.84102
0.6 1.76 -3.84549 26.154 -3.84549
0.6 1.98 -3.85269 26.1467 -3.85269
0.6 2.2 -3.86598 26.1331 -3.86598
0.6 2.42 -3.88256 26.1155 -3.88256
0.6 2.64 -3.90128 26.0951 -3.90128
0.6 2.86 -3.91005 26.0814 -3.91005
0.6 3.08 -3.88185 26.0957 -3.88185
0.6 3.3 -3.77144 26.1672 -3.77144
0.6 3.52 -3.52645 26.3061 -3.52645
0.6 3.74 -3.14538 26.3852 -3.14538
0.6 3.96 -2.92852 25.612 -2.92852
0.6 4.18 -4.6333 19.6609 -4.6333
0.6 4.4 -4.98463 0.07468 -4.98463
0.6 4.62 15.8838 -5.77584 15.8838
0.6 4.84 25.0977 -3.02266 25.0977
0.6 5.06 26.3255 -3.09835 26.3255
0.6 5.28 26.3609 -3.31457 26.3609
0.6 5.5 26.3283 -3.12176 26.3283
0.6 5.72 25.2344 -3.00635 25.2344
0.6 5.94 16.7692 -5.51959 16.7692
0.6 6.16 -4.27026 -1.07649 -4.27026
0.6 6.38 -4.86777 18.9362 -4.86777
0.6 6.6 -2.93566 25.5032 -2.93566
0.6 6.82 -3.11478 26.3881 -3.11478
0.6 7.04 -3.50231 26.3209 -3.50231
0.6 7.26 -3.75917 26.1762 -3.75917
0.6 7.48 -3.87795 26.0982 -3.87795
0.6 7.7 -3.91066 26.0805 -3.91066
0.6 7.92 -3.90376 26.0926 -3.90376
0.6 8.14 -3.8849 26.1134 -3.8849
0.6 8.36 -3.86668 26.1322 -3.86668
0.6 8.58 -3.85419 26.1451 -3.85419
0.6 8.8 -3.84546 26.1542 -3.84546
0.6 9.02 -3.84129 26.1584 -3.84129
0.6 9.24 -3.83916 26.1604 -3.83916
0.6 9.46 -3.83819 26.1618 -3.83819
0.6 9.68 -3.83803 26.162 -3.83803
0.6 9.9 -3.83836 26.1619 -3.83836
0.6 10.12 -3.83797 26.1623 -3.83797
0.6 10.34 -2.76737 27.2332 -2.76737
0.6 10.56 2.04986 32.0502 2.04986
0.6 10.78 -20.0718 9.92866 -20.0718
0.8 0 -4.37423 25.6262 -4.37423
0.8 0.22 -5.25382 24.7467 -5.25382
0.8 0.44 -4.0145 25.9862 -4.0145
0.8 0.66 -3.838 26.1626 -3.838
0.8 0.88 -3.8378 26.1631 -3.8378
0.8 1.1 -3.83877 26.1618 -3.83877
0.8 1.32 -3.83939 26.161 -3.83939
0.8 1.54 -3.84072 26.1593 -3.84072
0.8 1.76 -3.84522 26.1545 -3.84522
0.8 1.98 -3.85236 26.1473 -3.85236
0.8 2.2 -3.86572 26.1335 -3.86572
0.8 2.42 -3.88233 26.1159 -3.88233
0.8 2.64 -3.90107 26.0954 -3.90107
0.8 2.86 -3.90998 26.0816 -3.90998
0.8 3.08 -3.88179 26.0959 -3.88179
0.8 3.3 -3.77173 26.1672 -3.77173
0.8 3.52 -3.52712 26.3061 -3.52712
0.8 3.74 -3.14604 26.3866 -3.14604
0.8 3.96 -2.92647 25.6213 -2.92647
0.8 4.18 -4.61809 19.7084 -4.61809
0.8 4.4 -5.02839 0.147512 -5.02839
0.8 4.62 15.8301 -5.79408 15.8301
0.8 4.84 25.0886 -3.0261 25.0886
0.8 5.06 26.3241 -3.09879 26.3241
0.8 5.28 26.3603 -3.31547 26.3603
0.8 5.5 26.3296 -3.12298 26.3296
0.8 5.72 25.2489 -3.00277 25.2489
0.8 5.94 16.8454 -5.49727 16.8454
0.8 6.16 -4.20713 -1.16876 -4.20713
0.8 6.38 -4.88941 18.8763 -4.88941
0.8 6.6 -2.93803 25.4938 -2.93803
0.8 6.82 -3.11372 26.3875 -3.11372
0.8 7.04 -3.50123 26.3216 -3.50123
0.8 7.26 -3.75837 26.1769 -3.75837
0.8 7.48 -3.87735 26.0988 -3.87735
0.8 7.7 -3.91029 26.0809 -3.91029
0.8 7.92 -3.90358 26.0929 -3.90358
0.8 8.14 -3.88472 26.1137 -3.88472
0.8 8.36 -3.86644 26.1326 -3.86644
0.8 8.58 -3.85387 26.1457 -3.85387
0.8 8.8 -3.84505 26.155 -3.84505
0.8 9.02 -3.84096 26.1591 -3.84096
0.8 9.24 -3.83889 26.1611 -3.83889
0.8 9.46 -3.83785 26.1626 -3.83785
0.8 9.68 -3.83762 26.1629 -3.83762
0.8 9.9 -3.83795 26.1627 -3.83795
0.8 10.12 -3.83758 26.163 -3.83758
0.8 10.34 -2.76697 27.2338 -2.76697
0.8 10.56 2.05028 32.0508 2.05028
0.8 10.78 -20.0713 9.92932 -20.0713
1 0 -4.37373 25.6267 -4.37373
1 0.22 -5.25353 24.747 -5.25353
1 0.44 -4.01406 25.9867 -4.01406
1 0.66 -3.83748 26.1632 -3.83748
1 0.88 -3.83731 26.1637 -3.83731
1 1.1 -3.83836 26.1623 -3.83836
1 1.32 -3.83905 26.1614 -3.83905
1 1.54 -3.84041 26.1596 -3.84041
1 1.76 -3.84492 26.1548 -3.84492
1 1.98 -3.85203 26.1476 -3.85203
1 2.2 -3.8654 26.1338 -3.8654
1 2.42 -3.88205 26.1161 -3.88205
1 2.64 -3.90084 26.0956 -3.90084
1 2.86 -3.90985 26.0817 -3.90985
1 3.08 -3.88178 26.0959 -3.88178
1 3.3 -3.77201 26.1671 -3.77201
1 3.52 -3.52777 26.3061 -3.52777
1 3.74 -3.14675 26.3876 -3.14675
1 3.96 -2.9247 25.6292 -2.9247
1 4.18 -4.60344 19.7516 -4.60344
1 4.4 -5.06704 0.217772 -5.06704
1 4.62 15.7767 -5.81055 15.7767
1 4.84 25.0785 -3.02946 25.0785
1 5.06 26.3224 -3.09908 26.3224
1 5.28 26.3595 -3.31632 26.3595
1 5.5 26.3302 -3.12433 26.3302
1 5.72 25.2609 -2.99987 25.2609
1 5.94 16.9134 -5.47615 16.9134
1 6.16 -4.14629 -1.25212 -4.14629
1 6.38 -4.90907 18.8186 -4.90907
1 6.6 -2.94014 25.4842 -2.94014
1 6.82 -3.11254 26.3868 -3.11254
1 7.04 -3.5 26.3222 -3.5
1 7.26 -3.75741 26.1777 -3.75741
1 7.48 -3.87662 26.0994 -3.87662
1 7.7 -3.90979 26.0813 -3.90979
1 7.92 -3.90326 26.0932 -3.90326
1 8.14 -3.88444 26.114 -3.88444
1 8.36 -3.86614 26.1329 -3.86614
1 8.58 -3.85354 26.146 -3.85354
1 8.8 -3.84466 26.1554 -3.84466
1 9.02 -3.84058 26.1596 -3.84058
1 9.24 -3.8385 26.1616 -3.8385
1 9.46 -3.83742 26.1631 -3.83742
1 9.68 -3.83719 26.1634 -3.83719
1 9.9 -3.83752 26.1632 -3.83752
1 10.12 -3.83714 26.1635 -3.83714
1 10.34 -2.76654 27.2342 -2.76654
1 10.56 2.0507 32.0512 2.0507
1 10.78 -20.0709 9.92967 -20.0709
1.2 0 -4.37331 25.6271 -4.37331
1.2 0.22 -5.2533 24.7472 -5.2533
1.2 0.44 -4.01373 25.987 -4.01373
1.2 0.66 -3.83713 26.1636 -3.83713
1.2 0.88 -3.837 26.1641 -3.837
1.2 1.1 -3.8381 26.1627 -3.8381
1.2 1.32 -3.83882 26.1617 -3.83882
1.2 1.54 -3.84019 26.1599 -3.84019
1.2 1.76 -3.8447 26.155 -3.8447
1.2 1.98 -3.85178 26.1478 -3.85178
1.2 2.2 -3.86514 26.134 -3.86514
1.2 2.42 -3.88181 26.1163 -3.88181
1.2 2.64 -3.90066 26.0958 -3.90066
1.2 2.86 -3.90973 26.0818 -3.90973
1.2 3.08 -3.88178 26.0961 -3.88178
1.2 3.3 -3.77222 26.1672 -3.77222
1.2 3.52 -3.52831 26.3061 -3.52831
1.2 3.74 -3.14736 26.3885 -3.14736
1.2 3.96 -2.92316 25.6361 -2.92316
1.2 4.18 -4.59018 19.7902 -4.59018
1.2 4.4 -5.10107 0.282059 -5.10107
1.2 4.62 15.7275 -5.8249 15.7275
1.2 4.84 25.069 -3.03211 25.069
1.2 5.06 26.3208 -3.09898 26.3208
1.2 5.28 26.3587 -3.31688 26.3587
1.2 5.5 26.3306 -3.12535 26.3306
1.2 5.72 25.2713 -2.99713 25.2713
1.2 5.94 16.9738 -5.45677 16.9738
1.2 6.16 -4.09076 -1.32611 -4.09076
1.2 6.38 -4.92679 18.7659 -4.92679
1.2 6.6 -2.94184 25.4755 -2.94184
1.2 6.82 -3.11118 26.3864 -3.11118
1.2 7.04 -3.49868 26.3231 -3.49868
1.2 7.26 -3.75647 26.1785 -3.75647
1.2 7.48 -3.87602 26.0999 -3.87602
1.2 7.7 -3.90943 26.0816 -3.90943
1.2 7.92 -3.90302 26.0934 -3.90302
1.2 8.14 -3.88425 26.1141 -3.88425
1.2 8.36 -3.86597 26.133 -3.86597
1.2 8.58 -3.85338 26.1461 -3.85338
1.2 8.8 -3.84448 26.1556 -3.84448
1.2 9.02 -3.84036 26.1599 -3.84036
1.2 9.24 -3.83823 26.162 -3.83823
1.2 9.46 -3.8371 26.1636 -3.8371
1.2 9.68 -3.83686 26.1639 -3.83686
1.2 9.9 -3.83719 26.1636 -3.83719
1.2 10.12 -3.83683 26.1638 -3.83683
1.2 10.34 -2.76628 27.2344 -2.76628
1.2 10.56 2.05096 32.0514 2.05096
1.2 10.78 -20.0706 9.92986 -20.0706
1.4 0 -4.3729 25.6275 -4.3729
1.4 0.22 -5.25312 24.7474 -5.25312
1.4 0.44 -4.0135 25.9872 -4.0135
1.4 0.66 -3.83696 26.1638 -3.83696
1.4 0.88 -3.83687 26.1643 -3.83687
1.4 1.1 -3.83798 26.1629 -3.83798
1.4 1.32 -3.83873 26.1619 -3.83873
1.4 1.54 -3.84013 26.16 -3.84013
1.4 1.76 -3.84465 26.1551 -3.84465
1.4 1.98 -3.85172 26.1478 -3.85172
1.4 2.2 -3.86507 26.1341 -3.86507
1.4 2.42 -3.88178 26.1163 -3.88178
1.4 2.64 -3.90069 26.0957 -3.90069
1.4 2.86 -3.90985 26.0817 -3.90985
1.4 3.08 -3.88202 26.0959 -3.88202
1.4 3.3 -3.77268 26.1669 -3.77268
1.4 3.52 -3.52908 26.3057 -3.52908
1.4 3.74 -3.14817 26.3889 -3.14817
1.4 3.96 -2.92201 25.6418 -2.92201
1.4 4.18 -4.57847 19.8238 -4.57847
1.4 4.4 -5.13032 0.33906 -5.13032
1.4 4.62 15.684 -5.83744 15.684
1.4 4.84 25.0607 -3.03456 25.0607
1.4 5.06 26.3196 -3.09906 26.3196
1.4 5.28 26.3583 -3.31761 26.3583
1.4 5.5 26.331 -3.12661 26.331
1.4 5.72 25.2802 -2.99515 25.2802
1.4 5.94 17.0263 -5.43994 17.0263
1.4 6.16 -4.04168 -1.38996 -4.04168
1.4 6.38 -4.94215 18.7195 -4.94215
1.4 6.6 -2.94327 25.4676 -2.94327
1.4 6.82 -3.11002 26.3858 -3.11002
1.4 7.04 -3.49769 26.3234 -3.49769
1.4 7.26 -3.75593 26.1787 -3.75593
1.4 7.48 -3.87587 26.0999 -3.87587
1.4 7.7 -3.90949 26.0814 -3.90949
1.4 7.92 -3.90312 26.0932 -3.90312
1.4 8.14 -3.88433 26.114 -3.88433
1.4 8.36 -3.86604 26.1329 -3.86604
1.4 8.58 -3.85344 26.146 -3.85344
1.4 8.8 -3.84451 26.1556 -3.84451
1.4 9.02 -3.84035 26.1599 -3.84035
1.4 9.24 -3.83815 26.1622 -3.83815
1.4 9.46 -3.83697 26.1638 -3.83697
1.4 9.68 -3.8367 26.1641 -3.8367
1.4 9.9 -3.83703 26.1638 -3.83703
1.4 10.12 -3.83673 26.1639 -3.83673
1.4 10.34 -2.76622 27.2344 -2.76622
1.4 10.56 2.0511 32.0514 2.0511
1.4 10.78 -20.0705 9.92986 -20.0705
1.6 0 -4.37251 25.6279 -4.37251
1.6 0.22 -5.25298 24.7476 -5.25298
1.6 0.44 -4.01355 25.9872 -4.01355
1.6 0.66 -3.83705 26.1637 -3.83705
1.6 0.88 -3.83699 26.1643 -3.83699
1.6 1.1 -3.83815 26.1628 -3.83815
1.6 1.32 -3.83895 26.1618 -3.83895
1.6 1.54 -3.84039 26.1598 -3.84039
1.6 1.76 -3.84494 26.1549 -3.84494
1.6 1.98 -3.85202 26.1476 -3.85202
1.6 2.2 -3.86538 26.1338 -3.86538
1.6 2.42 -3.88214 26.116 -3.88214
1.6 2.64 -3.90113 26.0954 -3.90113
1.6 2.86 -3.91039 26.0812 -3.91039
1.6 3.08 -3.88273 26.0953 -3.88273
1.6 3.3 -3.77361 26.1661 -3.77361
1.6 3.52 -3.53029 26.3048 -3.53029
1.6 3.74 -3.14945 26.3886 -3.14945
1.6 3.96 -2.92159 25.646 -2.92159
1.6 4.18 -4.56879 19.8522 -4.56879
1.6 4.4 -5.15511 0.388151 -5.15511
1.6 4.62 15.647 -5.84767 15.647
1.6 4.84 25.0546 -3.03574 25.0546
1.6 5.06 26.3199 -3.09797 26.3199
1.6 5.28 26.3593 -3.31708 26.3593
1.6 5.5 26.3326 -3.12674 26.3326
1.6 5.72 25.2886 -2.99282 25.2886
1.6 5.94 17.0712 -5.42524 17.0712
1.6 6.16 -3.99969 -1.44374 -3.99969
1.6 6.38 -4.95547 18.6796 -4.95547
1.6 6.6 -2.94482 25.4604 -2.94482
1.6 6.82 -3.10937 26.3849 -3.10937
1.6 7.04 -3.49726 26.3233 -3.49726
1.6 7.26 -3.75598 26.1785 -3.75598
1.6 7.48 -3.87629 26.0994 -3.87629
1.6 7.7 -3.91006 26.0809 -3.91006
1.6 7.92 -3.90367 26.0927 -3.90367
1.6 8.14 -3.8848 26.1136 -3.8848
1.6 8.36 -3.86646 26.1326 -3.86646
1.6 8.58 -3.85381 26.1458 -3.85381
1.6 8.8 -3.84484 26.1554 -3.84484
1.6 9.02 -3.84062 26.1598 -3.84062
1.6 9.24 -3.83838 26.1621 -3.83838
1.6 9.46 -3.83715 26.1637 -3.83715
1.6 9.68 -3.83684 26.1641 -3.83684
1.6 9.9 -3.83717 26.1638 -3.83717
1.6 10.12 -3.8369 26.1638 -3.8369
1.6 10.34 -2.76644 27.2342 -2.76644
1.6 10.56 2.05076 32.0511 2.05076
1.6 10.78 -20.0705 9.92984 -20.0705
1.8 0 -4.37211 25.6283 -4.37211
1.8 0.22 -5.25277 24.7478 -5.25277
1.8 0.44 -4.01317 25.9876 -4.01317
1.8 0.66 -3.83664 26.1641 -3.83664
1.8 0.88 -3.83661 26.1647 -3.83661
1.8 1.1 -3.83782 26.1631 -3.83782
1.8 1.32 -3.83868 26.162 -3.83868
1.8 1.54 -3.84016 26.16 -3.84016
1.8 1.76 -3.84473 26.1551 -3.84473
1.8 1.98 -3.85182 26.1478 -3.85182
1.8 2.2 -3.86519 26.134 -3.86519
1.8 2.42 -3.88195 26.1162 -3.88195
1.8 2.64 -3.90094 26.0956 -3.90094
1.8 2.86 -3.91022 26.0815 -3.91022
1.8 3.08 -3.88263 26.0954 -3.88263
1.8 3.3 -3.77365 26.1661 -3.77365
1.8 3.52 -3.53052 26.3049 -3.53052
1.8 3.74 -3.14972 26.3892 -3.14972
1.8 3.96 -2.92043 25.6504 -2.92043
1.8 4.18 -4.55978 19.877 -4.55978
1.8 4.4 -5.17514 0.430187 -5.17514
1.8 4.62 15.616 -5.85602 15.616
1.8 4.84 25.0495 -3.03656 25.0495
1.8 5.06 26.3204 -3.09694 26.3204
1.8 5.28 26.3601 -3.31665 26.3601
1.8 5.5 26.3338 -3.12692 26.3338
1.8 5.72 25.2956 -2.99095 25.2956
1.8 5.94 17.1083 -5.41296 17.1083
1.8 6.16 -3.96429 -1.48729 -3.96429
1.8 6.38 -4.96553 18.6475 -4.96553
1.8 6.6 -2.94508 25.4555 -2.94508
1.8 6.82 -3.10783 26.3851 -3.10783
1.8 7.04 -3.49598 26.3241 -3.49598
1.8 7.26 -3.75522 26.1791 -3.75522
1.8 7.48 -3.87591 26.0998 -3.87591
1.8 7.7 -3.90988 26.0811 -3.90988
1.8 7.92 -3.90355 26.0929 -3.90355
1.8 8.14 -3.88469 26.1138 -3.88469
1.8 8.36 -3.86632 26.1328 -3.86632
1.8 8.58 -3.85364 26.146 -3.85364
1.8 8.8 -3.84462 26.1556 -3.84462
1.8 9.02 -3.84036 26.1601 -3.84036
1.8 9.24 -3.8381 26.1624 -3.8381
1.8 9.46 -3.83685 26.164 -3.83685
1.8 9.68 -3.83651 26.1644 -3.83651
1.8 9.9 -3.83684 26.1641 -3.83684
1.8 10.12 -3.83658 26.164 -3.83658
1.8 10.34 -2.7661 27.2344 -2.7661
1.8 10.56 2.05111 32.0513 2.05111
1.8 10.78 -20.0703 9.92988 -20.0703
2 0 -4.37149 25.629 -4.37149
2 0.22 -5.2524 24.7482 -5.2524
2 0.44 -4.01287 25.9879 -4.01287
2 0.66 -3.83632 26.1645 -3.83632
2 0.88 -3.83625 26.165 -3.83625
2 1.1 -3.83749 26.1635 -3.83749
2 1.32 -3.83839 26.1624 -3.83839
2 1.54 -3.83992 26.1604 -3.83992
2 1.76 -3.84453 26.1554 -3.84453
2 1.98 -3.85167 26.1481 -3.85167
2 2.2 -3.86509 26.1343 -3.86509
2 2.42 -3.88188 26.1164 -3.88188
2 2.64 -3.90088 26.0958 -3.90088
2 2.86 -3.9102 26.0816 -3.9102
2 3.08 -3.8827 26.0954 -3.8827
2 3.3 -3.7739 26.166 -3.7739
2 3.52 -3.53102 26.3046 -3.53102
2 3.74 -3.1503 26.3893 -3.1503
2 3.96 -2.91982 25.6536 -2.91982
2 4.18 -4.55274 19.8969 -4.55274
2 4.4 -5.19189 0.464399 -5.19189
2 4.62 15.5899 -5.86338 15.5899
2 4.84 25.0448 -3.03771 25.0448
2 5.06 26.3201 -3.09654 26.3201
2 5.28 26.3602 -3.31679 26.3602
2 5.5 26.3341 -3.12766 26.3341
2 5.72 25.3004 -2.99012 25.3004
2 5.94 17.1377 -5.40366 17.1377
2 6.16 -3.93608 -1.5227 -3.93608
2 6.38 -4.97395 18.6211 -4.97395
2 6.6 -2.94549 25.4512 -2.94549
2 6.82 -3.10677 26.385 -3.10677
2 7.04 -3.49512 26.3246 -3.49512
2 7.26 -3.75474 26.1794 -3.75474
2 7.48 -3.8757 26.1 -3.8757
2 7.7 -3.9098 26.0812 -3.9098
2 7.92 -3.90352 26.093 -3.90352
2 8.14 -3.88464 26.114 -3.88464
2 8.36 -3.86622 26.1331 -3.86622
2 8.58 -3.85347 26.1463 -3.85347
2 8.8 -3.84439 26.156 -3.84439
2 9.02 -3.84008 26.1605 -3.84008
2 9.24 -3.83779 26.1628 -3.83779
2 9.46 -3.83653 26.1644 -3.83653
2 9.68 -3.83617 26.1648 -3.83617
2 9.9 -3.83648 26.1644 -3.83648
2 10.12 -3.83621 26.1644 -3.83621
2 10.34 -2.76579 27.2347 -2.76579
2 10.56 2.05136 32.0515 2.05136
2 10.78 -20.0699 9.93023 -20.0699
2.2 0 -4.37076 25.6297 -4.37076
2.2 0.22 -5.25195 24.7487 -5.25195
2.2 0.44 -4.01241 25.9884 -4.01241
2.2 0.66 -3.83585 26.165 -3.83585
2.2 0.88 -3.83577 26.1656 -3.83577
2.2 1.1 -3.837 26.1641 -3.837
2.2 1.32 -3.83793 26.163 -3.83793
2.2 1.54 -3.83951 26.161 -3.83951
2.2 1.76 -3.84417 26.156 -3.84417
2.2 1.98 -3.85139 26.1486 -3.85139
2.2 2.2 -3.86487 26.1347 -3.86487
2.2 2.42 -3.88169 26.1168 -3.88169
2.2 2.64 -3.90069 26.0962 -3.90069
2.2 2.86 -3.91 26.082 -3.91
2.2 3.08 -3.88254 26.0957 -3.88254
2.2 3.3 -3.77386 26.1662 -3.77386
2.2 3.52 -3.53116 26.3048 -3.53116
2.2 3.74 -3.15051 26.3898 -3.15051
2.2 3.96 -2.9191 25.6567 -2.9191
2.2 4.18 -4.54682 19.9135 -4.54682
2.2 4.4 -5.20532 0.492272 -5.20532
2.2 4.62 15.5685 -5.86945 15.5685
2.2 4.84 25.0408 -3.03881 25.0408
2.2 5.06 26.3196 -3.09649 26.3196
2.2 5.28 26.3598 -3.31727 26.3598
2.2 5.5 26.3339 -3.12866 26.3339
2.2 5.72 25.3039 -2.98982 25.3039
2.2 5.94 17.1604 -5.39659 17.1604
2.2 6.16 -3.91389 -1.55034 -3.91389
2.2 6.38 -4.98033 18.6008 -4.98033
2.2 6.6 -2.94547 25.4483 -2.94547
2.2 6.82 -3.10559 26.3855 -3.10559
2.2 7.04 -3.4941 26.3255 -3.4941
2.2 7.26 -3.75405 26.1801 -3.75405
2.2 7.48 -3.87528 26.1005 -3.87528
2.2 7.7 -3.90954 26.0816 -3.90954
2.2 7.92 -3.90333 26.0934 -3.90333
2.2 8.14 -3.88446 26.1144 -3.88446
2.2 8.36 -3.86599 26.1335 -3.86599
2.2 8.58 -3.85316 26.1469 -3.85316
2.2 8.8 -3.844 26.1566 -3.844
2.2 9.02 -3.83964 26.1611 -3.83964
2.2 9.24 -3.83732 26.1634 -3.83732
2.2 9.46 -3.83605 26.165 -3.83605
2.2 9.68 -3.83568 26.1653 -3.83568
2.2 9.9 -3.83597 26.165 -3.83597
2.2 10.12 -3.83573 26.1649 -3.83573
2.2 10.34 -2.76535 27.2352 -2.76535
2.2 10.56 2.05181 32.052 2.05181
2.2 10.78 -20.0695 9.93069 -20.0695
2.4 0 -4.37015 25.6304 -4.37015
2.4 0.22 -5.25161 24.7491 -5.25161
2.4 0.44 -4.01217 25.9887 -4.01217
2.4 0.66 -3.83565 26.1653 -3.83565
2.4 0.88 -3.83558 26.1659 -3.83558
2.4 1.1 -3.83684 26.1644 -3.83684
2.4 1.32 -3.8378 26.1633 -3.8378
2.4 1.54 -3.83942 26.1613 -3.83942
2.4 1.76 -3.84415 26.1563 -3.84415
2.4 1.98 -3.85144 26.1489 -3.85144
2.4 2.2 -3.86499 26.1349 -3.86499
2.4 2.42 -3.88185 26.117 -3.88185
2.4 2.64 -3.90082 26.0963 -3.90082
2.4 2.86 -3.91006 26.0821 -3.91006
2.4 3.08 -3.88252 26.0959 -3.88252
2.4 3.3 -3.77383 26.1665 -3.77383
2.4 3.52 -3.53119 26.3051 -3.53119
2.4 3.74 -3.15056 26.3904 -3.15056
2.4 3.96 -2.91843 25.6593 -2.91843
2.4 4.18 -4.5421 19.9267 -4.5421
2.4 4.4 -5.21554 0.514638 -5.21554
2.4 4.62 15.5524 -5.87338 15.5524
2.4 4.84 25.0384 -3.0387 25.0384
2.4 5.06 26.3199 -3.09552 26.3199
2.4 5.28 26.3602 -3.31679 26.3602
2.4 5.5 26.3344 -3.12862 26.3344
2.4 5.72 25.3072 -2.98877 25.3072
2.4 5.94 17.1787 -5.39037 17.1787
2.4 6.16 -3.89643 -1.57119 -3.89643
2.4 6.38 -4.98515 18.5853 -4.98515
2.4 6.6 -2.94528 25.4464 -2.94528
2.4 6.82 -3.10447 26.3861 -3.10447
2.4 7.04 -3.49319 26.3263 -3.49319
2.4 7.26 -3.75348 26.1807 -3.75348
2.4 7.48 -3.87502 26.1009 -3.87502
2.4 7.7 -3.90952 26.0818 -3.90952
2.4 7.92 -3.90344 26.0935 -3.90344
2.4 8.14 -3.8846 26.1145 -3.8846
2.4 8.36 -3.8661 26.1338 -3.8661
2.4 8.58 -3.85319 26.1472 -3.85319
2.4 8.8 -3.84395 26.157 -3.84395
2.4 9.02 -3.83953 26.1615 -3.83953
2.4 9.24 -3.83718 26.1638 -3.83718
2.4 9.46 -3.83589 26.1654 -3.83589
2.4 9.68 -3.83553 26.1656 -3.83553
2.4 9.9 -3.83584 26.1652 -3.83584
2.4 10.12 -3.83561 26.1651 -3.83561
2.4 10.34 -2.76528 27.2354 -2.76528
2.4 10.56 2.05177 32.052 2.05177
2.4 10.78 -20.0693 9.93094 -20.0693
2.6 0 -4.36968 25.6309 -4.36968
2.6 0.22 -5.25122 24.7494 -5.25122
2.6 0.44 -4.01144 25.9894 -4.01144
2.6 0.66 -3.83483 26.166 -3.83483
2.6 0.88 -3.8348 26.1666 -3.8348
2.6 1.1 -3.83611 26.1651 -3.83611
2.6 1.32 -3.8371 26.164 -3.8371
2.6 1.54 -3.83875 26.1621 -3.83875
2.6 1.76 -3.84353 26.157 -3.84353
2.6 1.98 -3.8509 26.1496 -3.8509
2.6 2.2 -3.86454 26.1355 -3.86454
2.6 2.42 -3.88145 26.1175 -3.88145
2.6 2.64 -3.90043 26.0967 -3.90043
2.6 2.86 -3.90966 26.0825 -3.90966
2.6 3.08 -3.8821 26.0963 -3.8821
2.6 3.3 -3.77341 26.1669 -3.77341
2.6 3.52 -3.53084 26.3055 -3.53084
2.6 3.74 -3.15023 26.3911 -3.15023
2.6 3.96 -2.91753 25.6616 -2.91753
2.6 4.18 -4.53815 19.9372 -4.53815
2.6 4.4 -5.2235 0.531991 -5.2235
2.6 4.62 15.5392 -5.87698 15.5392
2.6 4.84 25.0356 -3.03946 25.0356
2.6 5.06 26.3192 -3.0957 26.3192
2.6 5.28 26.3595 -3.3174 26.3595
2.6 5.5 26.3337 -3.12961 26.3337
2.6 5.72 25.3087 -2.98896 25.3087
2.6 5.94 17.1916 -5.38636 17.1916
2.6 6.16 -3.88347 -1.58685 -3.88347
2.6 6.38 -4.98844 18.5739 -4.98844
2.6 6.6 -2.94467 25.4452 -2.94467
2.6 6.82 -3.10319 26.3868 -3.10319
2.6 7.04 -3.49209 26.3271 -3.49209
2.6 7.26 -3.75264 26.1814 -3.75264
2.6 7.48 -3.87441 26.1014 -3.87441
2.6 7.7 -3.90905 26.0823 -3.90905
2.6 7.92 -3.90304 26.0939 -3.90304
2.6 8.14 -3.8842 26.115 -3.8842
2.6 8.36 -3.86563 26.1344 -3.86563
2.6 8.58 -3.85263 26.1479 -3.85263
2.6 8.8 -3.84331 26.1578 -3.84331
2.6 9.02 -3.83883 26.1623 -3.83883
2.6 9.24 -3.83644 26.1646 -3.83644
2.6 9.46 -3.83515 26.1661 -3.83515
2.6 9.68 -3.83481 26.1663 -3.83481
2.6 9.9 -3.83516 26.1658 -3.83516
2.6 10.12 -3.83492 26.1657 -3.83492
2.6 10.34 -2.76451 27.236 -2.76451
2.6 10.56 2.0526 32.0528 2.0526
2.6 10.78 -20.0689 9.93126 -20.0689
2.8 0 -4.36925 25.6313 -4.36925
2.8 0.22 -5.25093 24.7497 -5.25093
2.8 0.44 -4.01137 25.9894 -4.01137
2.8 0.66 -3.83481 26.1659 -3.83481
2.8 0.88 -3.83478 26.1664 -3.83478
2.8 1.1 -3.83609 26.165 -3.83609
2.8 1.32 -3.83709 26.164 -3.83709
2.8 1.54 -3.83876 26.1621 -3.83876
2.8 1.76 -3.84358 26.1571 -3.84358
2.8 1.98 -3.851 26.1496 -3.851
2.8 2.2 -3.86468 26.1355 -3.86468
2.8 2.42 -3.88163 26.1174 -3.88163
2.8 2.64 -3.90062 26.0966 -3.90062
2.8 2.86 -3.90982 26.0824 -3.90982
2.8 3.08 -3.88222 26.0962 -3.88222
2.8 3.3 -3.77351 26.1668 -3.77351
2.8 3.52 -3.53095 26.3055 -3.53095
2.8 3.74 -3.15032 26.3913 -3.15032
2.8 3.96 -2.91718 25.663 -2.91718
2.8 4.18 -4.53541 19.9449 -4.53541
2.8 4.4 -5.22956 0.545227 -5.22956
2.8 4.62 15.5296 -5.87931 15.5296
2.8 4.84 25.0342 -3.03938 25.0342
2.8 5.06 26.3196 -3.09506 26.3196
2.8 5.28 26.3599 -3.31706 26.3599
2.8 5.5 26.334 -3.12965 26.334
2.8 5.72 25.3104 -2.98857 25.3104
2.8 5.94 17.2014 -5.3831 17.2014
2.8 6.16 -3.87402 -1.5982 -3.87402
2.8 6.38 -4.99104 18.5653 -4.99104
2.8 6.6 -2.94446 25.4441 -2.94446
2.8 6.82 -3.1025 26.3871 -3.1025
2.8 7.04 -3.49158 26.3274 -3.49158
2.8 7.26 -3.75239 26.1816 -3.75239
2.8 7.48 -3.87437 26.1014 -3.87437
2.8 7.7 -3.90914 26.0822 -3.90914
2.8 7.92 -3.90319 26.0938 -3.90319
2.8 8.14 -3.88436 26.1149 -3.88436
2.8 8.36 -3.86577 26.1343 -3.86577
2.8 8.58 -3.85272 26.1479 -3.85272
2.8 8.8 -3.84335 26.1578 -3.84335
2.8 9.02 -3.83882 26.1623 -3.83882
2.8 9.24 -3.8364 26.1646 -3.8364
2.8 9.46 -3.83511 26.1661 -3.83511
2.8 9.68 -3.8348 26.1662 -3.8348
2.8 9.9 -3.83517 26.1657 -3.83517
2.8 10.12 -3.83495 26.1656 -3.83495
2.8 10.34 -2.76462 27.2358 -2.76462
2.8 10.56 2.05239 32.0524 2.05239
2.8 10.78 -20.0688 9.9314 -20.0688
3 0 -4.36901 25.6315 -4.36901
3 0.22 -5.2505 24.7501 -5.2505
3 0.44 -4.01096 25.9897 -4.01096
3 0.66 -3.83441 26.1663 -3.83441
3 0.88 -3.83434 26.1669 -3.83434
3 1.1 -3.83561 26.1655 -3.83561
3 1.32 -3.8366 26.1646 -3.8366
3 1.54 -3.83828 26.1627 -3.83828
3 1.76 -3.84312 26.1577 -3.84312
3 1.98 -3.85057 26.1503 -3.85057
3 2.2 -3.8643 26.1362 -3.8643
3 2.42 -3.8813 26.118 -3.8813
3 2.64 -3.90034 26.0972 -3.90034
3 2.86 -3.9096 26.0829 -3.9096
3 3.08 -3.88208 26.0966 -3.88208
3 3.3 -3.77346 26.167 -3.77346
3 3.52 -3.53101 26.3056 -3.53101
3 3.74 -3.15045 26.3914 -3.15045
3 3.96 -2.91702 25.664 -2.91702
3 4.18 -4.53342 19.9506 -4.53342
3 4.4 -5.23416 0.555035 -5.23416
3 4.62 15.5223 -5.88115 15.5223
3 4.84 25.0331 -3.03938 25.0331
3 5.06 26.3197 -3.09465 26.3197
3 5.28 26.36 -3.31691 26.36
3 5.5 26.3341 -3.12981 26.3341
3 5.72 25.3114 -2.98844 25.3114
3 5.94 17.2082 -5.38097 17.2082
3 6.16 -3.86745 -1.6063 -3.86745
3 6.38 -4.99287 18.5593 -4.99287
3 6.6 -2.94431 25.4434 -2.94431
3 6.82 -3.102 26.3874 -3.102
3 7.04 -3.49117 26.3279 -3.49117
3 7.26 -3.75209 26.182 -3.75209
3 7.48 -3.87411 26.1018 -3.87411
3 7.7 -3.90888 26.0827 -3.90888
3 7.92 -3.9029 26.0944 -3.9029
3 8.14 -3.88403 26.1155 -3.88403
3 8.36 -3.86539 26.135 -3.86539
3 8.58 -3.85231 26.1486 -3.85231
3 8.8 -3.84291 26.1584 -3.84291
3 9.02 -3.83835 26.163 -3.83835
3 9.24 -3.8359 26.1652 -3.8359
3 9.46 -3.8346 26.1667 -3.8346
3 9.68 -3.8343 26.1668 -3.8343
3 9.9 -3.83468 26.1662 -3.83468
3 10.12 -3.83451 26.1661 -3.83451
3 10.34 -2.76421 27.2363 -2.76421
3 10.56 2.05285 32.053 2.05285
3 10.78 -20.0683 9.93194 -20.0683
3.2 0 -4.36919 25.6312 -4.36919
3.2 0.22 -5.24991 24.7506 -5.24991
3.2 0.44 -4.01027 25.9904 -4.01027
3.2 0.66 -3.8336 26.1671 -3.8336
3.2 0.88 -3.83347 26.1678 -3.83347
3.2 1.1 -3.8347 26.1665 -3.8347
3.2 1.32 -3.83569 26.1656 -3.83569
3.2 1.54 -3.83737 26.1637 -3.83737
3.2 1.76 -3.84223 26.1588 -3.84223
3.2 1.98 -3.84969 26.1513 -3.84969
3.2 2.2 -3.86345 26.1373 -3.86345
3.2 2.42 -3.88049 26.1191 -3.88049
3.2 2.64 -3.89961 26.0982 -3.89961
3.2 2.86 -3.90896 26.0838 -3.90896
3.2 3.08 -3.88154 26.0974 -3.88154
3.2 3.3 -3.77306 26.1676 -3.77306
3.2 3.52 -3.53076 26.3061 -3.53076
3.2 3.74 -3.15033 26.3918 -3.15033
3.2 3.96 -2.91678 25.6649 -2.91678
3.2 4.18 -4.53195 19.9549 -4.53195
3.2 4.4 -5.2376 0.56219 -5.2376
3.2 4.62 15.5167 -5.88265 15.5167
3.2 4.84 25.032 -3.03956 25.032
3.2 5.06 26.3195 -3.09455 26.3195
3.2 5.28 26.3598 -3.31702 26.3598
3.2 5.5 26.3338 -3.13019 26.3338
3.2 5.72 25.3117 -2.98865 25.3117
3.2 5.94 17.2124 -5.37977 17.2124
3.2 6.16 -3.86314 -1.61183 -3.86314
3.2 6.38 -4.99406 18.5553 -4.99406
3.2 6.6 -2.94402 25.4431 -2.94402
3.2 6.82 -3.10137 26.3879 -3.10137
3.2 7.04 -3.49054 26.3285 -3.49054
3.2 7.26 -3.7515 26.1827 -3.7515
3.2 7.48 -3.87352 26.1026 -3.87352
3.2 7.7 -3.90823 26.0835 -3.90823
3.2 7.92 -3.90217 26.0954 -3.90217
3.2 8.14 -3.88322 26.1166 -3.88322
3.2 8.36 -3.86454 26.136 -3.86454
3.2 8.58 -3.85144 26.1496 -3.85144
3.2 8.8 -3.84202 26.1595 -3.84202
3.2 9.02 -3.83744 26.164 -3.83744
3.2 9.24 -3.83498 26.1662 -3.83498
3.2 9.46 -3.83366 26.1676 -3.83366
3.2 9.68 -3.83336 26.1677 -3.83336
3.2 9.9 -3.83376 26.1672 -3.83376
3.2 10.12 -3.83359 26.1671 -3.83359
3.2 10.34 -2.76325 27.2373 -2.76325
3.2 10.56 2.05378 32.054 2.05378
3.2 10.78 -20.0674 9.93283 -20.0674
3.4 0 -4.36978 25.6305 -4.36978
3.4 0.22 -5.24935 24.7511 -5.24935
3.4 0.44 -4.00977 25.9909 -4.00977
3.4 0.66 -3.83309 26.1676 -3.83309
3.4 0.88 -3.83291 26.1684 -3.83291
3.4 1.1 -3.8341 26.1671 -3.8341
3.4 1.32 -3.83506 26.1662 -3.83506
3.4 1.54 -3.83673 26.1644 -3.83673
3.4 1.76 -3.84158 26.1595 -3.84158
3.4 1.98 -3.84903 26.1521 -3.84903
3.4 2.2 -3.86277 26.1381 -3.86277
3.4 2.42 -3.87983 26.12 -3.87983
3.4 2.64 -3.89899 26.099 -3.89899
3.4 2.86 -3.9084 26.0846 -3.9084
3.4 3.08 -3.88107 26.098 -3.88107
3.4 3.3 -3.77269 26.1681 -3.77269
3.4 3.52 -3.53052 26.3064 -3.53052
3.4 3.74 -3.15022 26.3921 -3.15022
3.4 3.96 -2.91662 25.6655 -2.91662
3.4 4.18 -4.53085 19.9579 -4.53085
3.4 4.4 -5.23977 0.56761 -5.23977
3.4 4.62 15.5134 -5.88293 15.5134
3.4 4.84 25.0322 -3.03864 25.0322
3.4 5.06 26.3204 -3.09341 26.3204
3.4 5.28 26.3606 -3.31608 26.3606
3.4 5.5 26.3344 -3.12944 26.3344
3.4 5.72 25.3128 -2.98783 25.3128
3.4 5.94 17.2158 -5.37826 17.2158
3.4 6.16 -3.86007 -1.61502 -3.86007
3.4 6.38 -4.9947 18.5529 -4.9947
3.4 6.6 -2.94377 25.443 -2.94377
3.4 6.82 -3.10087 26.3884 -3.10087
3.4 7.04 -3.49002 26.3291 -3.49002
3.4 7.26 -3.751 26.1833 -3.751
3.4 7.48 -3.873 26.1032 -3.873
3.4 7.7 -3.90767 26.0842 -3.90767
3.4 7.92 -3.90155 26.0962 -3.90155
3.4 8.14 -3.88255 26.1174 -3.88255
3.4 8.36 -3.86385 26.1369 -3.86385
3.4 8.58 -3.85075 26.1504 -3.85075
3.4 8.8 -3.84135 26.1602 -3.84135
3.4 9.02 -3.83678 26.1647 -3.83678
3.4 9.24 -3.83432 26.1668 -3.83432
3.4 9.46 -3.83299 26.1683 -3.83299
3.4 9.68 -3.83268 26.1684 -3.83268
3.4 9.9 -3.83309 26.1679 -3.83309
3.4 10.12 -3.83292 26.1677 -3.83292
3.4 10.34 -2.7626 27.238 -2.7626
3.4 10.56 2.05453 32.0548 2.05453
3.4 10.78 -20.0668 9.93355 -20.0668
3.6 0 -4.36995 25.6302 -4.36995
3.6 0.22 -5.24889 24.7513 -5.24889
3.6 0.44 -4.00928 25.9912 -4.00928
3.6 0.66 -3.83254 26.168 -3.83254
3.6 0.88 -3.83233 26.1688 -3.83233
3.6 1.1 -3.8335 26.1676 -3.8335
3.6 1.32 -3.83444 26.1667 -3.83444
3.6 1.54 -3.8361 26.1649 -3.8361
3.6 1.76 -3.84092 26.16 -3.84092
3.6 1.98 -3.84832 26.1527 -3.84832
3.6 2.2 -3.86203 26.1388 -3.86203
3.6 2.42 -3.87908 26.1207 -3.87908
3.6 2.64 -3.89828 26.0998 -3.89828
3.6 2.86 -3.90774 26.0853 -3.90774
3.6 3.08 -3.88047 26.0987 -3.88047
3.6 3.3 -3.77218 26.1687 -3.77218
3.6 3.52 -3.53013 26.3069 -3.53013
3.6 3.74 -3.14997 26.3925 -3.14997
3.6 3.96 -2.91637 25.6661 -2.91637
3.6 4.18 -4.52996 19.9603 -4.52996
3.6 4.4 -5.24131 0.571349 -5.24131
3.6 4.62 15.5107 -5.88356 15.5107
3.6 4.84 25.0317 -3.03868 25.0317
3.6 5.06 26.3202 -3.09345 26.3202
3.6 5.28 26.3603 -3.31633 26.3603
3.6 5.5 26.3341 -3.12981 26.3341
3.6 5.72 25.3128 -2.98807 25.3128
3.6 5.94 17.2173 -5.37785 17.2173
3.6 6.16 -3.85834 -1.61692 -3.85834
3.6 6.38 -4.9949 18.5516 -4.9949
3.6 6.6 -2.9434 25.4432 -2.9434
3.6 6.82 -3.10033 26.3889 -3.10033
3.6 7.04 -3.48944 26.3297 -3.48944
3.6 7.26 -3.75041 26.1839 -3.75041
3.6 7.48 -3.8724 26.1039 -3.8724
3.6 7.7 -3.90701 26.0849 -3.90701
3.6 7.92 -3.90083 26.0969 -3.90083
3.6 8.14 -3.8818 26.1181 -3.8818
3.6 8.36 -3.8631 26.1375 -3.8631
3.6 8.58 -3.85002 26.151 -3.85002
3.6 8.8 -3.84066 26.1607 -3.84066
3.6 9.02 -3.83612 26.1651 -3.83612
3.6 9.24 -3.83368 26.1673 -3.83368
3.6 9.46 -3.83236 26.1687 -3.83236
3.6 9.68 -3.83203 26.1688 -3.83203
3.6 9.9 -3.83243 26.1683 -3.83243
3.6 10.12 -3.83224 26.1682 -3.83224
3.6 10.34 -2.76189 27.2385 -2.76189
3.6 10.56 2.05525 32.0554 2.05525
3.6 10.78 -20.066 9.93411 -20.066
3.8 0 -4.36431 25.6356 -4.36431
3.8 0.22 -5.24897 24.7511 -5.24897
3.8 0.44 -4.00899 25.9913 -4.00899
3.8 0.66 -3.83225 26.1682 -3.83225
3.8 0.88 -3.83201 26.169 -3.83201
3.8 1.1 -3.8332 26.1678 -3.8332
3.8 1.32 -3.83412 26.1669 -3.83412
3.8 1.54 -3.83574 26.1651 -3.83574
3.8 1.76 -3.84049 26.1603 -3.84049
3.8 1.98 -3.84781 26.1532 -3.84781
3.8 2.2 -3.86145 26.1393 -3.86145
3.8 2.42 -3.87846 26.1214 -3.87846
3.8 2.64 -3.89765 26.1005 -3.89765
3.8 2.86 -3.90711 26.086 -3.90711
3.8 3.08 -3.87984 26.0995 -3.87984
3.8 3.3 -3.77157 26.1695 -3.77157
3.8 3.52 -3.52955 26.3077 -3.52955
3.8 3.74 -3.14944 26.3934 -3.14944
3.8 3.96 -2.91582 25.6672 -2.91582
3.8 4.18 -4.52903 19.9624 -4.52903
3.8 4.4 -5.24228 0.574198 -5.24228
3.8 4.62 15.5087 -5.88416 15.5087
3.8 4.84 25.031 -3.0391 25.031
3.8 5.06 26.3197 -3.09395 26.3197
3.8 5.28 26.3597 -3.31699 26.3597
3.8 5.5 26.3334 -3.13058 26.3334
3.8 5.72 25.3123 -2.98871 25.3123
3.8 5.94 17.2177 -5.37793 17.2177
3.8 6.16 -3.85749 -1.6175 -3.85749
3.8 6.38 -4.99457 18.5517 -4.99457
3.8 6.6 -2.94272 25.444 -2.94272
3.8 6.82 -3.09959 26.3898 -3.09959
3.8 7.04 -3.48872 26.3306 -3.48872
3.8 7.26 -3.74973 26.1847 -3.74973
3.8 7.48 -3.87176 26.1046 -3.87176
3.8 7.7 -3.90639 26.0856 -3.90639
3.8 7.92 -3.90021 26.0976 -3.90021
3.8 8.14 -3.88119 26.1188 -3.88119
3.8 8.36 -3.86253 26.1381 -3.86253
3.8 8.58 -3.84952 26.1514 -3.84952
3.8 8.8 -3.84022 26.161 -3.84022
3.8 9.02 -3.83573 26.1654 -3.83573
3.8 9.24 -3.83333 26.1675 -3.83333
3.8 9.46 -3.83202 26.1689 -3.83202
3.8 9.68 -3.83168 26.169 -3.83168
3.8 9.9 -3.83205 26.1686 -3.83205
3.8 10.12 -3.83184 26.1685 -3.83184
3.8 10.34 -2.76146 27.2388 -2.76146
3.8 10.56 2.05567 32.0557 2.05567
3.8 10.78 -20.0655 9.93444 -20.0655
4 0 -4.36374 25.636 -4.36374
4 0.22 -5.2488 24.7511 -5.2488
4 0.44 -4.00881 25.9914 -4.00881
4 0.66 -3.83207 26.1682 -3.83207
4 0.88 -3.83184 26.1691 -3.83184
4 1.1 -3.83306 26.1678 -3.83306
4 1.32 -3.83398 26.1669 -3.83398
4 1.54 -3.83553 26.1652 -3.83553
4 1.76 -3.84023 26.1604 -3.84023
4 1.98 -3.84748 26.1534 -3.84748
4 2.2 -3.86106 26.1396 -3.86106
4 2.42 -3.87807 26.1217 -3.87807
4 2.64 -3.89727 26.1008 -3.89727
4 2.86 -3.90678 26.0864 -3.90678
4 3.08 -3.87955 26.0998 -3.87955
4 3.3 -3.77135 26.1698 -3.77135
4 3.52 -3.52941 26.3079 -3.52941
4 3.74 -3.14932 26.3936 -3.14932
4 3.96 -2.91569 25.6675 -2.91569
4 4.18 -4.52859 19.9636 -4.52859
4 4.4 -5.24305 0.576273 -5.24305
4 4.62 15.5075 -5.88424 15.5075
4 4.84 25.0309 -3.03892 25.0309
4 5.06 26.3198 -3.09382 26.3198
4 5.28 26.3597 -3.31699 26.3597
4 5.5 26.3333 -3.13066 26.3333
4 5.72 25.3122 -2.98872 25.3122
4 5.94 17.2177 -5.37783 17.2177
4 6.16 -3.85743 -1.61718 -3.85743
4 6.38 -4.99435 18.5521 -4.99435
4 6.6 -2.94247 25.4443 -2.94247
4 6.82 -3.09934 26.3901 -3.09934
4 7.04 -3.48847 26.3308 -3.48847
4 7.26 -3.74948 26.185 -3.74948
4 7.48 -3.8715 26.1049 -3.8715
4 7.7 -3.90609 26.0859 -3.90609
4 7.92 -3.89985 26.0979 -3.89985
4 8.14 -3.8808 26.1191 -3.8808
4 8.36 -3.86217 26.1383 -3.86217
4 8.58 -3.84921 26.1516 -3.84921
4 8.8 -3.83998 26.1611 -3.83998
4 9.02 -3.8355 26.1654 -3.8355
4 9.24 -3.83317 26.1674 -3.83317
4 9.46 -3.83186 26.1689 -3.83186
4 9.68 -3.83153 26.169 -3.83153
4 9.9 -3.83185 26.1686 -3.83185
4 10.12 -3.83162 26.1685 -3.83162
4 10.34 -2.76119 27.2389 -2.76119
4 10.56 2.05593 32.0558 2.05593
4 10.78 -20.0653 9.93454 -20.0653
4.2 0 -4.42362 25.5759 -4.42362
4.2 0.22 -5.24448 24.7552 -5.24448
4.2 0.44 -4.00911 25.9908 -4.00911
4.2 0.66 -3.83244 26.1675 -3.83244
4.2 0.88 -3.83227 26.1683 -3.83227
4.2 1.1 -3.8335 26.167 -3.8335
4.2 1.32 -3.83445 26.1661 -3.83445
4.2 1.54 -3.83594 26.1644 -3.83594
4.2 1.76 -3.84061 26.1597 -3.84061
4.2 1.98 -3.84781 26.1527 -3.84781
4.2 2.2 -3.86136 26.139 -3.86136
4.2 2.42 -3.87832 26.1211 -3.87832
4.2 2.64 -3.89748 26.1004 -3.89748
4.2 2.86 -3.90702 26.0859 -3.90702
4.2 3.08 -3.87975 26.0994 -3.87975
4.2 3.3 -3.77153 26.1694 -3.77153
4.2 3.52 -3.5296 26.3075 -3.5296
4.2 3.74 -3.14957 26.3932 -3.14957
4.2 3.96 -2.91587 25.6673 -2.91587
4.2 4.18 -4.52839 19.9643 -4.52839
4.2 4.4 -5.24385 0.57772 -5.24385
4.2 4.62 15.5063 -5.88458 15.5063
4.2 4.84 25.0309 -3.03875 25.0309
4.2 5.06 26.3201 -3.09345 26.3201
4.2 5.28 26.3599 -3.31667 26.3599
4.2 5.5 26.3335 -3.13045 26.3335
4.2 5.72 25.3121 -2.98872 25.3121
4.2 5.94 17.2168 -5.37821 17.2168
4.2 6.16 -3.85822 -1.61636 -3.85822
4.2 6.38 -4.99408 18.5527 -4.99408
4.2 6.6 -2.94249 25.4442 -2.94249
4.2 6.82 -3.09947 26.3898 -3.09947
4.2 7.04 -3.48861 26.3305 -3.48861
4.2 7.26 -3.74965 26.1846 -3.74965
4.2 7.48 -3.87171 26.1044 -3.87171
4.2 7.7 -3.90633 26.0854 -3.90633
4.2 7.92 -3.90009 26.0974 -3.90009
4.2 8.14 -3.88101 26.1185 -3.88101
4.2 8.36 -3.86243 26.1377 -3.86243
4.2 8.58 -3.84957 26.1508 -3.84957
4.2 8.8 -3.84039 26.1603 -3.84039
4.2 9.02 -3.83592 26.1646 -3.83592
4.2 9.24 -3.83363 26.1666 -3.83363
4.2 9.46 -3.83233 26.168 -3.83233
4.2 9.68 -3.83203 26.1681 -3.83203
4.2 9.9 -3.83231 26.1677 -3.83231
4.2 10.12 -3.83209 26.1676 -3.83209
4.2 10.34 -2.76159 27.2381 -2.76159
4.2 10.56 2.05555 32.0549 2.05555
4.2 10.78 -20.0656 9.93385 -20.0656
4.4 0 -4.44879 25.5505 -4.44879
4.4 0.22 -5.24264 24.7567 -5.24264
4.4 0.44 -4.0092 25.9904 -4.0092
4.4 0.66 -3.83245 26.1672 -3.83245
4.4 0.88 -3.83228 26.168 -3.83228
4.4 1.1 -3.83355 26.1666 -3.83355
4.4 1.32 -3.83454 26.1657 -3.83454
4.4 1.54 -3.83599 26.164 -3.83599
4.4 1.76 -3.84063 26.1593 -3.84063
4.4 1.98 -3.84778 26.1524 -3.84778
4.4 2.2 -3.86128 26.1387 -3.86128
4.4 2.42 -3.87817 26.121 -3.87817
4.4 2.64 -3.89728 26.1003 -3.89728
4.4 2.86 -3.90681 26.0859 -3.90681
4.4 3.08 -3.87952 26.0994 -3.87952
4.4 3.3 -3.77133 26.1694 -3.77133
4.4 3.52 -3.52947 26.3075 -3.52947
4.4 3.74 -3.14947 26.3931 -3.14947
4.4 3.96 -2.91564 25.6675 -2.91564
4.4 4.18 -4.52773 19.9654 -4.52773
4.4 4.4 -5.24404 0.579532 -5.24404
4.4 4.62 15.5057 -5.88438 15.5057
4.4 4.84 25.0314 -3.03817 25.0314
4.4 5.06 26.3208 -3.09273 26.3208
4.4 5.28 26.3607 -3.31596 26.3607
4.4 5.5 26.3341 -3.12984 26.3341
4.4 5.72 25.3124 -2.98833 25.3124
4.4 5.94 17.216 -5.37826 17.216
4.4 6.16 -3.85895 -1.61439 -3.85895
4.4 6.38 -4.99318 18.5542 -4.99318
4.4 6.6 -2.94211 25.4446 -2.94211
4.4 6.82 -3.09929 26.3899 -3.09929
4.4 7.04 -3.48846 26.3305 -3.48846
4.4 7.26 -3.74947 26.1846 -3.74947
4.4 7.48 -3.87153 26.1044 -3.87153
4.4 7.7 -3.90616 26.0854 -3.90616
4.4 7.92 -3.89993 26.0972 -3.89993
4.4 8.14 -3.88087 26.1183 -3.88087
4.4 8.36 -3.86233 26.1374 -3.86233
4.4 8.58 -3.84958 26.1504 -3.84958
4.4 8.8 -3.84042 26.1599 -3.84042
4.4 9.02 -3.83598 26.1642 -3.83598
4.4 9.24 -3.83374 26.1661 -3.83374
4.4 9.46 -3.83243 26.1676 -3.83243
4.4 9.68 -3.83215 26.1676 -3.83215
4.4 9.9 -3.83241 26.1672 -3.83241
4.4 10.12 -3.83215 26.1671 -3.83215
4.4 10.34 -2.76158 27.2377 -2.76158
4.4 10.56 2.05544 32.0545 2.05544
4.4 10.78 -20.0655 9.93348 -20.0655
4.6 0 -4.4521 25.5469 -4.4521
4.6 0.22 -5.24248 24.7566 -5.24248
4.6 0.44 -4.00913 25.9902 -4.00913
4.6 0.66 -3.83235 26.1669 -3.83235
4.6 0.88 -3.83216 26.1678 -3.83216
4.6 1.1 -3.83344 26.1663 -3.83344
4.6 1.32 -3.83445 26.1654 -3.83445
4.6 1.54 -3.8359 26.1637 -3.8359
4.6 1.76 -3.84051 26.1591 -3.84051
4.6 1.98 -3.8476 26.1522 -3.8476
4.6 2.2 -3.86105 26.1386 -3.86105
4.6 2.42 -3.87789 26.1209 -3.87789
4.6 2.64 -3.89697 26.1003 -3.89697
4.6 2.86 -3.90649 26.0859 -3.90649
4.6 3.08 -3.8792 26.0995 -3.8792
4.6 3.3 -3.77108 26.1695 -3.77108
4.6 3.52 -3.52931 26.3076 -3.52931
4.6 3.74 -3.14937 26.3931 -3.14937
4.6 3.96 -2.91552 25.6676 -2.91552
4.6 4.18 -4.52734 19.9663 -4.52734
4.6 4.4 -5.24469 0.581054 -5.24469
4.6 4.62 15.5046 -5.88467 15.5046
4.6 4.84 25.0313 -3.03813 25.0313
4.6 5.06 26.3209 -3.09255 26.3209
4.6 5.28 26.3609 -3.31577 26.3609
4.6 5.5 26.3342 -3.12973 26.3342
4.6 5.72 25.3121 -2.98847 25.3121
4.6 5.94 17.2141 -5.37892 17.2141
4.6 6.16 -3.86058 -1.61221 -3.86058
4.6 6.38 -4.99246 18.556 -4.99246
4.6 6.6 -2.94188 25.445 -2.94188
4.6 6.82 -3.09916 26.39 -3.09916
4.6 7.04 -3.48831 26.3305 -3.48831
4.6 7.26 -3.74926 26.1847 -3.74926
4.6 7.48 -3.87128 26.1045 -3.87128
4.6 7.7 -3.90591 26.0853 -3.90591
4.6 7.92 -3.89969 26.0972 -3.89969
4.6 8.14 -3.88065 26.1182 -3.88065
4.6 8.36 -3.86214 26.1372 -3.86214
4.6 8.58 -3.84945 26.1501 -3.84945
4.6 8.8 -3.84032 26.1596 -3.84032
4.6 9.02 -3.83592 26.1638 -3.83592
4.6 9.24 -3.8337 26.1657 -3.8337
4.6 9.46 -3.83239 26.1672 -3.83239
4.6 9.68 -3.83211 26.1672 -3.83211
4.6 9.9 -3.83235 26.1668 -3.83235
4.6 10.12 -3.83209 26.1667 -3.83209
4.6 10.34 -2.76145 27.2374 -2.76145
4.6 10.56 2.05565 32.0542 2.05565
4.6 10.78 -20.0656 9.93302 -20.0656
4.8 0 -4.45201 25.5468 -4.45201
4.8 0.22 -5.24245 24.7564 -5.24245
4.8 0.44 -4.00917 25.9899 -4.00917
4.8 0.66 -3.83238 26.1667 -3.83238
4.8 0.88 -3.83214 26.1676 -3.83214
4.8 1.1 -3.8334 26.1662 -3.8334
4.8 1.32 -3.8344 26.1653 -3.8344
4.8 1.54 -3.83586 26.1636 -3.83586
4.8 1.76 -3.84045 26.1589 -3.84045
4.8 1.98 -3.84751 26.1521 -3.84751
4.8 2.2 -3.86093 26.1385 -3.86093
4.8 2.42 -3.87776 26.1209 -3.87776
4.8 2.64 -3.89685 26.1002 -3.89685
4.8 2.86 -3.90639 26.0858 -3.90639
4.8 3.08 -3.87912 26.0994 -3.87912
4.8 3.3 -3.77106 26.1693 -3.77106
4.8 3.52 -3.52937 26.3073 -3.52937
4.8 3.74 -3.14948 26.3929 -3.14948
4.8 3.96 -2.91558 25.6675 -2.91558
4.8 4.18 -4.52705 19.9671 -4.52705
4.8 4.4 -5.24559 0.58272 -5.24559
4.8 4.62 15.5032 -5.88506 15.5032
4.8 4.84 25.0309 -3.03825 25.0309
4.8 5.06 26.3207 -3.09267 26.3207
4.8 5.28 26.3606 -3.31593 26.3606
4.8 5.5 26.3339 -3.12991 26.3339
4.8 5.72 25.3114 -2.98874 25.3114
4.8 5.94 17.2117 -5.37976 17.2117
4.8 6.16 -3.8628 -1.60954 -3.8628
4.8 6.38 -4.99173 18.558 -4.99173
4.8 6.6 -2.94182 25.4452 -2.94182
4.8 6.82 -3.09925 26.3898 -3.09925
4.8 7.04 -3.4884 26.3303 -3.4884
4.8 7.26 -3.74931 26.1845 -3.74931
4.8 7.48 -3.87128 26.1043 -3.87128
4.8 7.7 -3.90588 26.0852 -3.90588
4.8 7.92 -3.89964 26.097 -3.89964
4.8 8.14 -3.88059 26.1181 -3.88059
4.8 8.36 -3.86208 26.1371 -3.86208
4.8 8.58 -3.8494 26.15 -3.8494
4.8 8.8 -3.84029 26.1594 -3.84029
4.8 9.02 -3.83592 26.1636 -3.83592
4.8 9.24 -3.83371 26.1655 -3.83371
4.8 9.46 -3.83239 26.167 -3.83239
4.8 9.68 -3.83209 26.167 -3.83209
4.8 9.9 -3.83234 26.1666 -3.83234
4.8 10.12 -3.8321 26.1665 -3.8321
4.8 10.34 -2.76146 27.2372 -2.76146
4.8 10.56 2.05563 32.054 2.05563
4.8 10.78 -20.0655 9.93284 -20.0655
5 0 -4.45192 25.5467 -4.45192
5 0.22 -5.24261 24.756 -5.24261
5 0.44 -4.00943 25.9894 -4.00943
5 0.66 -3.83273 26.1661 -3.83273
5 0.88 -3.83251 26.167 -3.83251
5 1.1 -3.83374 26.1656 -3.83374
5 1.32 -3.83472 26.1647 -3.83472
5 1.54 -3.83617 26.163 -3.83617
5 1.76 -3.84075 26.1584 -3.84075
5 1.98 -3.84777 26.1516 -3.84777
5 2.2 -3.86115 26.1381 -3.86115
5 2.42 -3.87795 26.1205 -3.87795
5 2.64 -3.89701 26.0999 -3.89701
5 2.86 -3.90653 26.0855 -3.90653
5 3.08 -3.87925 26.0991 -3.87925
5 3.3 -3.7712 26.1691 -3.7712
5 3.52 -3.52955 26.3071 -3.52955
5 3.74 -3.14972 26.3926 -3.14972
5 3.96 -2.91583 25.6674 -2.91583
5 4.18 -4.52696 19.9679 -4.52696
5 4.4 -5.24688 0.584516 -5.24688
5 4.62 15.5016 -5.88548 15.5016
5 4.84 25.0308 -3.03803 25.0308
5 5.06 26.3209 -3.09221 26.3209
5 5.28 26.3608 -3.31544 26.3608
5 5.5 26.334 -3.12948 26.334
5 5.72 25.3111 -2.98861 25.3111
5 5.94 17.2089 -5.38064 17.2089
5 6.16 -3.86563 -1.60652 -3.86563
5 6.38 -4.99116 18.5601 -4.99116
5 6.6 -2.94196 25.4453 -2.94196
5 6.82 -3.09949 26.3896 -3.09949
5 7.04 -3.4886 26.3301 -3.4886
5 7.26 -3.74947 26.1842 -3.74947
5 7.48 -3.87145 26.104 -3.87145
5 7.7 -3.90607 26.0848 -3.90607
5 7.92 -3.89986 26.0966 -3.89986
5 8.14 -3.88084 26.1176 -3.88084
5 8.36 -3.86235 26.1366 -3.86235
5 8.58 -3.8497 26.1494 -3.8497
5 8.8 -3.84061 26.1588 -3.84061
5 9.02 -3.83626 26.163 -3.83626
5 9.24 -3.83407 26.1649 -3.83407
5 9.46 -3.83274 26.1664 -3.83274
5 9.68 -3.83244 26.1664 -3.83244
5 9.9 -3.83272 26.166 -3.83272
5 10.12 -3.83252 26.1658 -3.83252
5 10.34 -2.76191 27.2364 -2.76191
5 10.56 2.05521 32.0533 2.05521
5 10.78 -20.0659 9.93225 -20.0659
5.2 0 -4.44927 25.5491 -4.44927
5.2 0.22 -5.24299 24.7554 -5.24299
5.2 0.44 -4.00951 25.9891 -4.00951
5.2 0.66 -3.83279 26.1658 -3.83279
5.2 0.88 -3.83262 26.1666 -3.83262
5.2 1.1 -3.83386 26.1652 -3.83386
5.2 1.32 -3.83484 26.1643 -3.83484
5.2 1.54 -3.83628 26.1627 -3.83628
5.2 1.76 -3.84084 26.1581 -3.84084
5.2 1.98 -3.84785 26.1513 -3.84785
5.2 2.2 -3.86121 26.1378 -3.86121
5.2 2.42 -3.87802 26.1202 -3.87802
5.2 2.64 -3.8971 26.0995 -3.8971
5.2 2.86 -3.90664 26.0852 -3.90664
5.2 3.08 -3.87941 26.0988 -3.87941
5.2 3.3 -3.7714 26.1687 -3.7714
5.2 3.52 -3.52982 26.3067 -3.52982
5.2 3.74 -3.15007 26.3923 -3.15007
5.2 3.96 -2.91614 25.6672 -2.91614
5.2 4.18 -4.52674 19.9692 -4.52674
5.2 4.4 -5.24853 0.58697 -5.24853
5.2 4.62 15.4993 -5.88633 15.4993
5.2 4.84 25.0302 -3.03826 25.0302
5.2 5.06 26.3207 -3.09227 26.3207
5.2 5.28 26.3606 -3.3155 26.3606
5.2 5.5 26.3338 -3.12955 26.3338
5.2 5.72 25.3103 -2.98891 25.3103
5.2 5.94 17.2054 -5.38199 17.2054
5.2 6.16 -3.8691 -1.60281 -3.8691
5.2 6.38 -4.9904 18.5629 -4.9904
5.2 6.6 -2.94213 25.4455 -2.94213
5.2 6.82 -3.09983 26.3893 -3.09983
5.2 7.04 -3.48888 26.3298 -3.48888
5.2 7.26 -3.7497 26.1839 -3.7497
5.2 7.48 -3.87162 26.1036 -3.87162
5.2 7.7 -3.90621 26.0845 -3.90621
5.2 7.92 -3.9 26.0962 -3.9
5.2 8.14 -3.88096 26.1172 -3.88096
5.2 8.36 -3.86246 26.1362 -3.86246
5.2 8.58 -3.84979 26.1491 -3.84979
5.2 8.8 -3.84073 26.1584 -3.84073
5.2 9.02 -3.83639 26.1626 -3.83639
5.2 9.24 -3.8342 26.1645 -3.8342
5.2 9.46 -3.83288 26.1659 -3.83288
5.2 9.68 -3.8326 26.1659 -3.8326
5.2 9.9 -3.8329 26.1655 -3.8329
5.2 10.12 -3.83269 26.1653 -3.83269
5.2 10.34 -2.7621 27.2359 -2.7621
5.2 10.56 2.05502 32.0528 2.05502
5.2 10.78 -20.0661 9.93169 -20.0661
5.4 0 -4.42751 25.5706 -4.42751
5.4 0.22 -5.24473 24.7535 -5.24473
5.4 0.44 -4.00945 25.989 -4.00945
5.4 0.66 -3.83267 26.1657 -3.83267
5.4 0.88 -3.83251 26.1664 -3.83251
5.4 1.1 -3.83377 26.1651 -3.83377
5.4 1.32 -3.83475 26.1642 -3.83475
5.4 1.54 -3.8362 26.1625 -3.8362
5.4 1.76 -3.84072 26.158 -3.84072
5.4 1.98 -3.8477 26.1512 -3.8477
5.4 2.2 -3.86102 26.1378 -3.86102
5.4 2.42 -3.87783 26.1201 -3.87783
5.4 2.64 -3.89691 26.0995 -3.89691
5.4 2.86 -3.90643 26.0852 -3.90643
5.4 3.08 -3.8792 26.0989 -3.8792
5.4 3.3 -3.77118 26.1689 -3.77118
5.4 3.52 -3.52958 26.307 -3.52958
5.4 3.74 -3.14983 26.3927 -3.14983
5.4 3.96 -2.91579 25.668 -2.91579
5.4 4.18 -4.52587 19.9714 -4.52587
5.4 4.4 -5.25008 0.590453 -5.25008
5.4 4.62 15.4966 -5.88704 15.4966
5.4 4.84 25.0295 -3.03852 25.0295
5.4 5.06 26.3204 -3.09242 26.3204
5.4 5.28 26.3603 -3.31568 26.3603
5.4 5.5 26.3334 -3.12971 26.3334
5.4 5.72 25.3094 -2.98923 25.3094
5.4 5.94 17.2015 -5.38325 17.2015
5.4 6.16 -3.87264 -1.59812 -3.87264
5.4 6.38 -4.98899 18.5667 -4.98899
5.4 6.6 -2.94167 25.4466 -2.94167
5.4 6.82 -3.09958 26.3898 -3.09958
5.4 7.04 -3.48866 26.3301 -3.48866
5.4 7.26 -3.74949 26.1841 -3.74949
5.4 7.48 -3.87143 26.1038 -3.87143
5.4 7.7 -3.90603 26.0845 -3.90603
5.4 7.92 -3.89984 26.0962 -3.89984
5.4 8.14 -3.88084 26.1171 -3.88084
5.4 8.36 -3.86236 26.1361 -3.86236
5.4 8.58 -3.84965 26.149 -3.84965
5.4 8.8 -3.84063 26.1583 -3.84063
5.4 9.02 -3.83631 26.1624 -3.83631
5.4 9.24 -3.83412 26.1643 -3.83412
5.4 9.46 -3.83284 26.1657 -3.83284
5.4 9.68 -3.83256 26.1657 -3.83256
5.4 9.9 -3.83288 26.1652 -3.83288
5.4 10.12 -3.83263 26.1651 -3.83263
5.4 10.34 -2.7621 27.2356 -2.7621
5.4 10.56 2.05498 32.0524 2.05498
5.4 10.78 -20.0662 9.93133 -20.0662
5.6 0 -4.36744 25.6306 -4.36744
5.6 0.22 -5.24931 24.7489 -5.24931
5.6 0.44 -4.00944 25.9889 -4.00944
5.6 0.66 -3.83266 26.1657 -3.83266
5.6 0.88 -3.8325 26.1664 -3.8325
5.6 1.1 -3.83383 26.165 -3.83383
5.6 1.32 -3.83477 26.1641 -3.83477
5.6 1.54 -3.83623 26.1625 -3.83623
5.6 1.76 -3.84072 26.158 -3.84072
5.6 1.98 -3.84768 26.1512 -3.84768
5.6 2.2 -3.86098 26.1378 -3.86098
5.6 2.42 -3.8778 26.1202 -3.8778
5.6 2.64 -3.89687 26.0996 -3.89687
5.6 2.86 -3.90633 26.0853 -3.90633
5.6 3.08 -3.87912 26.099 -3.87912
5.6 3.3 -3.77109 26.1691 -3.77109
5.6 3.52 -3.52946 26.3073 -3.52946
5.6 3.74 -3.14964 26.3931 -3.14964
5.6 3.96 -2.91547 25.6687 -2.91547
5.6 4.18 -4.52493 19.9739 -4.52493
5.6 4.4 -5.25184 0.594307 -5.25184
5.6 4.62 15.4935 -5.88803 15.4935
5.6 4.84 25.0286 -3.03898 25.0286
5.6 5.06 26.32 -3.09271 26.32
5.6 5.28 26.36 -3.31595 26.36
5.6 5.5 26.333 -3.12999 26.333
5.6 5.72 25.3084 -2.98975 25.3084
5.6 5.94 17.1972 -5.38479 17.1972
5.6 6.16 -3.87644 -1.59318 -3.87644
5.6 6.38 -4.98753 18.5708 -4.98753
5.6 6.6 -2.94124 25.4477 -2.94124
5.6 6.82 -3.09938 26.3903 -3.09938
5.6 7.04 -3.48853 26.3303 -3.48853
5.6 7.26 -3.7494 26.1842 -3.7494
5.6 7.48 -3.87136 26.1039 -3.87136
5.6 7.7 -3.90598 26.0846 -3.90598
5.6 7.92 -3.89982 26.0962 -3.89982
5.6 8.14 -3.88088 26.1171 -3.88088
5.6 8.36 -3.8624 26.136 -3.8624
5.6 8.58 -3.84964 26.149 -3.84964
5.6 8.8 -3.84063 26.1583 -3.84063
5.6 9.02 -3.83635 26.1624 -3.83635
5.6 9.24 -3.83416 26.1642 -3.83416
5.6 9.46 -3.83291 26.1656 -3.83291
5.6 9.68 -3.83261 26.1656 -3.83261
5.6 9.9 -3.83295 26.1651 -3.83295
5.6 10.12 -3.83269 26.165 -3.83269
5.6 10.34 -2.76223 27.2355 -2.76223
5.6 10.56 2.05474 32.0522 2.05474
5.6 10.78 -20.0664 9.93113 -20.0664
5.8 0 -4.36243 25.6357 -4.36243
5.8 0.22 -5.24983 24.7483 -5.24983
5.8 0.44 -4.00958 25.9887 -4.00958
5.8 0.66 -3.83286 26.1654 -3.83286
5.8 0.88 -3.83271 26.1661 -3.83271
5.8 1.1 -3.834 26.1648 -3.834
5.8 1.32 -3.83492 26.1639 -3.83492
5.8 1.54 -3.83639 26.1623 -3.83639
5.8 1.76 -3.84087 26.1578 -3.84087
5.8 1.98 -3.84785 26.151 -3.84785
5.8 2.2 -3.86118 26.1376 -3.86118
5.8 2.42 -3.87798 26.12 -3.87798
5.8 2.64 -3.89704 26.0994 -3.89704
5.8 2.86 -3.90645 26.0852 -3.90645
5.8 3.08 -3.87922 26.0988 -3.87922
5.8 3.3 -3.77113 26.169 -3.77113
5.8 3.52 -3.52945 26.3072 -3.52945
5.8 3.74 -3.1496 26.3932 -3.1496
5.8 3.96 -2.91531 25.6692 -2.91531
5.8 4.18 -4.52405 19.9763 -4.52405
5.8 4.4 -5.25384 0.598431 -5.25384
5.8 4.62 15.49 -5.8891 15.49
5.8 4.84 25.0276 -3.03937 25.0276
5.8 5.06 26.3196 -3.09283 26.3196
5.8 5.28 26.3598 -3.31602 26.3598
5.8 5.5 26.3327 -3.13011 26.3327
5.8 5.72 25.3073 -2.99022 25.3073
5.8 5.94 17.1927 -5.38636 17.1927
5.8 6.16 -3.88043 -1.58814 -3.88043
5.8 6.38 -4.98613 18.5747 -4.98613
5.8 6.6 -2.94094 25.4485 -2.94094
5.8 6.82 -3.09931 26.3904 -3.09931
5.8 7.04 -3.48853 26.3303 -3.48853
5.8 7.26 -3.74946 26.1841 -3.74946
5.8 7.48 -3.87146 26.1037 -3.87146
5.8 7.7 -3.90612 26.0844 -3.90612
5.8 7.92 -3.9 26.096 -3.9
5.8 8.14 -3.88109 26.1169 -3.88109
5.8 8.36 -3.86261 26.1358 -3.86261
5.8 8.58 -3.84981 26.1488 -3.84981
5.8 8.8 -3.84079 26.1581 -3.84079
5.8 9.02 -3.83654 26.1621 -3.83654
5.8 9.24 -3.83432 26.164 -3.83432
5.8 9.46 -3.8331 26.1654 -3.8331
5.8 9.68 -3.83281 26.1654 -3.83281
5.8 9.9 -3.83316 26.1649 -3.83316
5.8 10.12 -3.83291 26.1648 -3.83291
5.8 10.34 -2.76258 27.2351 -2.76258
5.8 10.56 2.05452 32.052 2.05452
5.8 10.78 -20.0667 9.9308 -20.0667
6 0 -4.36886 25.6291 -4.36886
6 0.22 -5.24934 24.7487 -5.24934
6 0.44 -4.00944 25.9888 -4.00944
6 0.66 -3.83264 26.1656 -3.83264
6 0.88 -3.83248 26.1663 -3.83248
6 1.1 -3.83371 26.165 -3.83371
6 1.32 -3.83461 26.1642 -3.83461
6 1.54 -3.83608 26.1625 -3.83608
6 1.76 -3.84058 26.158 -3.84058
6 1.98 -3.84762 26.1512 -3.84762
6 2.2 -3.86102 26.1377 -3.86102
6 2.42 -3.87787 26.12 -3.87787
6 2.64 -3.89698 26.0993 -3.89698
6 2.86 -3.90645 26.0851 -3.90645
6 3.08 -3.8793 26.0987 -3.8793
6 3.3 -3.77129 26.1688 -3.77129
6 3.52 -3.52968 26.307 -3.52968
6 3.74 -3.14988 26.393 -3.14988
6 3.96 -2.91548 25.6694 -2.91548
6 4.18 -4.52341 19.9786 -4.52341
6 4.4 -5.25611 0.602621 -5.25611
6 4.62 15.4863 -5.89028 15.4863
6 4.84 25.0266 -3.03982 25.0266
6 5.06 26.3192 -3.09303 26.3192
6 5.28 26.3594 -3.31617 26.3594
6 5.5 26.3322 -3.13031 26.3322
6 5.72 25.3062 -2.99071 25.3062
6 5.94 17.1883 -5.38796 17.1883
6 6.16 -3.8845 -1.58333 -3.8845
6 6.38 -4.98503 18.5782 -4.98503
6 6.6 -2.94098 25.449 -2.94098
6 6.82 -3.09955 26.3903 -3.09955
6 7.04 -3.48875 26.3302 -3.48875
6 7.26 -3.74963 26.1839 -3.74963
6 7.48 -3.87156 26.1036 -3.87156
6 7.7 -3.90615 26.0843 -3.90615
6 7.92 -3.89998 26.0959 -3.89998
6 8.14 -3.881 26.1169 -3.881
6 8.36 -3.86244 26.1359 -3.86244
6 8.58 -3.8496 26.149 -3.8496
6 8.8 -3.84053 26.1583 -3.84053
6 9.02 -3.83627 26.1623 -3.83627
6 9.24 -3.83404 26.1642 -3.83404
6 9.46 -3.83283 26.1655 -3.83283
6 9.68 -3.83255 26.1656 -3.83255
6 9.9 -3.83291 26.165 -3.83291
6 10.12 -3.83268 26.165 -3.83268
6 10.34 -2.76233 27.2353 -2.76233
6 10.56 2.05476 32.0522 2.05476
6 10.78 -20.0666 9.93084 -20.0666
6.2 0 -4.36818 25.6297 -4.36818
6.2 0.22 -5.24929 24.7487 -5.24929
6.2 0.44 -4.00943 25.9888 -4.00943
6.2 0.66 -3.83261 26.1656 -3.83261
6.2 0.88 -3.83242 26.1663 -3.83242
6.2 1.1 -3.83359 26.1651 -3.83359
6.2 1.32 -3.83444 26.1643 -3.83444
6.2 1.54 -3.83588 26.1627 -3.83588
6.2 1.76 -3.8404 26.1582 -3.8404
6.2 1.98 -3.84749 26.1513 -3.84749
6.2 2.2 -3.86092 26.1378 -3.86092
6.2 2.42 -3.87778 26.1201 -3.87778
6.2 2.64 -3.89684 26.0995 -3.89684
6.2 2.86 -3.90625 26.0853 -3.90625
6.2 3.08 -3.87905 26.099 -3.87905
6.2 3.3 -3.77098 26.1692 -3.77098
6.2 3.52 -3.52931 26.3075 -3.52931
6.2 3.74 -3.14944 26.3937 -3.14944
6.2 3.96 -2.91486 25.6705 -2.91486
6.2 4.18 -4.52203 19.9817 -4.52203
6.2 4.4 -5.25796 0.607388 -5.25796
6.2 4.62 15.4827 -5.89118 15.4827
6.2 4.84 25.0256 -3.04004 25.0256
6.2 5.06 26.3187 -3.09305 26.3187
6.2 5.28 26.359 -3.31619 26.359
6.2 5.5 26.3317 -3.13036 26.3317
6.2 5.72 25.3051 -2.99097 25.3051
6.2 5.94 17.1842 -5.38917 17.1842
6.2 6.16 -3.88787 -1.57841 -3.88787
6.2 6.38 -4.98333 18.5823 -4.98333
6.2 6.6 -2.94025 25.4502 -2.94025
6.2 6.82 -3.09907 26.3911 -3.09907
6.2 7.04 -3.48836 26.3307 -3.48836
6.2 7.26 -3.74931 26.1844 -3.74931
6.2 7.48 -3.8713 26.1039 -3.8713
6.2 7.7 -3.90596 26.0845 -3.90596
6.2 7.92 -3.89986 26.0961 -3.89986
6.2 8.14 -3.88091 26.117 -3.88091
6.2 8.36 -3.86235 26.136 -3.86235
6.2 8.58 -3.84948 26.1491 -3.84948
6.2 8.8 -3.84039 26.1584 -3.84039
6.2 9.02 -3.83614 26.1624 -3.83614
6.2 9.24 -3.8339 26.1643 -3.8339
6.2 9.46 -3.8327 26.1656 -3.8327
6.2 9.68 -3.83243 26.1657 -3.83243
6.2 9.9 -3.8328 26.1651 -3.8328
6.2 10.12 -3.83258 26.1651 -3.83258
6.2 10.34 -2.76225 27.2354 -2.76225
6.2 10.56 2.05476 32.0521 2.05476
6.2 10.78 -20.0664 9.931 -20.0664
6.4 0 -4.36655 25.6313 -4.36655
6.4 0.22 -5.24921 24.7488 -5.24921
6.4 0.44 -4.00957 25.9886 -4.00957
6.4 0.66 -3.83285 26.1654 -3.83285
6.4 0.88 -3.83263 26.1662 -3.83263
6.4 1.1 -3.83373 26.165 -3.83373
6.4 1.32 -3.83451 26.1643 -3.83451
6.4 1.54 -3.83593 26.1628 -3.83593
6.4 1.76 -3.84046 26.1582 -3.84046
6.4 1.98 -3.8476 26.1513 -3.8476
6.4 2.2 -3.86109 26.1377 -3.86109
6.4 2.42 -3.87796 26.12 -3.87796
6.4 2.64 -3.89698 26.0994 -3.89698
6.4 2.86 -3.90632 26.0852 -3.90632
6.4 3.08 -3.87904 26.099 -3.87904
6.4 3.3 -3.7709 26.1693 -3.7709
6.4 3.52 -3.52914 26.3077 -3.52914
6.4 3.74 -3.14917 26.394 -3.14917
6.4 3.96 -2.91439 25.6712 -2.91439
6.4 4.18 -4.52078 19.9844 -4.52078
6.4 4.4 -5.25973 0.611823 -5.25973
6.4 4.62 15.4792 -5.89222 15.4792
6.4 4.84 25.0246 -3.04049 25.0246
6.4 5.06 26.3182 -3.09337 26.3182
6.4 5.28 26.3585 -3.31653 26.3585
6.4 5.5 26.3311 -3.13072 26.3311
6.4 5.72 25.3041 -2.99146 25.3041
6.4 5.94 17.1808 -5.39036 17.1808
6.4 6.16 -3.89062 -1.57442 -3.89062
6.4 6.38 -4.98192 18.5855 -4.98192
6.4 6.6 -2.93969 25.4512 -2.93969
6.4 6.82 -3.09874 26.3915 -3.09874
6.4 7.04 -3.48815 26.3309 -3.48815
6.4 7.26 -3.74919 26.1845 -3.74919
6.4 7.48 -3.87127 26.1039 -3.87127
6.4 7.7 -3.90603 26.0844 -3.90603
6.4 7.92 -3.9 26.0959 -3.9
6.4 8.14 -3.88109 26.1168 -3.88109
6.4 8.36 -3.86252 26.1359 -3.86252
6.4 8.58 -3.84962 26.149 -3.84962
6.4 8.8 -3.8405 26.1584 -3.8405
6.4 9.02 -3.83623 26.1624 -3.83623
6.4 9.24 -3.83399 26.1643 -3.83399
6.4 9.46 -3.83278 26.1656 -3.83278
6.4 9.68 -3.83251 26.1657 -3.83251
6.4 9.9 -3.8329 26.1651 -3.8329
6.4 10.12 -3.83271 26.165 -3.83271
6.4 10.34 -2.76242 27.2353 -2.76242
6.4 10.56 2.05447 32.0519 2.05447
6.4 10.78 -20.0663 9.93122 -20.0663
6.6 0 -4.36518 25.6328 -4.36518
6.6 0.22 -5.24891 24.7491 -5.24891
6.6 0.44 -4.00907 25.9892 -4.00907
6.6 0.66 -3.83241 26.166 -3.83241
6.6 0.88 -3.83217 26.1669 -3.83217
6.6 1.1 -3.8332 26.1658 -3.8332
6.6 1.32 -3.83392 26.1652 -3.83392
6.6 1.54 -3.83533 26.1636 -3.83533
6.6 1.76 -3.83989 26.159 -3.83989
6.6 1.98 -3.84709 26.152 -3.84709
6.6 2.2 -3.86064 26.1383 -3.86064
6.6 2.42 -3.87756 26.1205 -3.87756
6.6 2.64 -3.8966 26.0999 -3.8966
6.6 2.86 -3.90594 26.0857 -3.90594
6.6 3.08 -3.87866 26.0995 -3.87866
6.6 3.3 -3.77054 26.1697 -3.77054
6.6 3.52 -3.52879 26.3081 -3.52879
6.6 3.74 -3.14878 26.3944 -3.14878
6.6 3.96 -2.91383 25.672 -2.91383
6.6 4.18 -4.51953 19.9869 -4.51953
6.6 4.4 -5.26105 0.615695 -5.26105
6.6 4.62 15.4761 -5.89314 15.4761
6.6 4.84 25.0236 -3.04098 25.0236
6.6 5.06 26.3177 -3.09374 26.3177
6.6 5.28 26.3581 -3.31693 26.3581
6.6 5.5 26.3306 -3.13115 26.3306
6.6 5.72 25.3033 -2.99197 25.3033
6.6 5.94 17.1785 -5.3912 17.1785
6.6 6.16 -3.89216 -1.57176 -3.89216
6.6 6.38 -4.98074 18.5876 -4.98074
6.6 6.6 -2.93906 25.4519 -2.93906
6.6 6.82 -3.09829 26.3919 -3.09829
6.6 7.04 -3.48775 26.3313 -3.48775
6.6 7.26 -3.74881 26.1849 -3.74881
6.6 7.48 -3.87088 26.1044 -3.87088
6.6 7.7 -3.90563 26.0849 -3.90563
6.6 7.92 -3.8996 26.0965 -3.8996
6.6 8.14 -3.88068 26.1174 -3.88068
6.6 8.36 -3.86207 26.1366 -3.86207
6.6 8.58 -3.84912 26.1498 -3.84912
6.6 8.8 -3.83996 26.1591 -3.83996
6.6 9.02 -3.83566 26.1632 -3.83566
6.6 9.24 -3.8334 26.1651 -3.8334
6.6 9.46 -3.83218 26.1664 -3.83218
6.6 9.68 -3.8319 26.1665 -3.8319
6.6 9.9 -3.8323 26.166 -3.8323
6.6 10.12 -3.83214 26.1658 -3.83214
6.6 10.34 -2.76185 27.2361 -2.76185
6.6 10.56 2.05525 32.0529 2.05525
6.6 10.78 -20.0659 9.93185 -20.0659
6.8 0 -4.36428 25.6337 -4.36428
6.8 0.22 -5.24859 24.7496 -5.24859
6.8 0.44 -4.00888 25.9896 -4.00888
6.8 0.66 -3.83224 26.1664 -3.83224
6.8 0.88 -3.83196 26.1674 -3.83196
6.8 1.1 -3.83296 26.1663 -3.83296
6.8 1.32 -3.83367 26.1657 -3.83367
6.8 1.54 -3.83509 26.1641 -3.83509
6.8 1.76 -3.8397 26.1595 -3.8397
6.8 1.98 -3.84696 26.1524 -3.84696
6.8 2.2 -3.86058 26.1387 -3.86058
6.8 2.42 -3.87753 26.1208 -3.87753
6.8 2.64 -3.89659 26.1001 -3.89659
6.8 2.86 -3.90593 26.0859 -3.90593
6.8 3.08 -3.87862 26.0997 -3.87862
6.8 3.3 -3.77042 26.17 -3.77042
6.8 3.52 -3.52853 26.3085 -3.52853
6.8 3.74 -3.14833 26.395 -3.14833
6.8 3.96 -2.9131 25.6729 -2.9131
6.8 4.18 -4.51823 19.989 -4.51823
6.8 4.4 -5.26145 0.618844 -5.26145
6.8 4.62 15.4744 -5.89325 15.4744
6.8 4.84 25.0235 -3.04075 25.0235
6.8 5.06 26.3181 -3.09333 26.3181
6.8 5.28 26.3586 -3.31651 26.3586
6.8 5.5 26.331 -3.13081 26.331
6.8 5.72 25.3035 -2.99172 25.3035
6.8 5.94 17.1784 -5.39093 17.1784
6.8 6.16 -3.8917 -1.57075 -3.8917
6.8 6.38 -4.9798 18.5886 -4.9798
6.8 6.6 -2.9383 25.4526 -2.9383
6.8 6.82 -3.09773 26.3925 -3.09773
6.8 7.04 -3.48742 26.3318 -3.48742
6.8 7.26 -3.74864 26.1852 -3.74864
6.8 7.48 -3.87081 26.1046 -3.87081
6.8 7.7 -3.9056 26.0851 -3.9056
6.8 7.92 -3.89957 26.0967 -3.89957
6.8 8.14 -3.88063 26.1177 -3.88063
6.8 8.36 -3.86197 26.1369 -3.86197
6.8 8.58 -3.84896 26.1502 -3.84896
6.8 8.8 -3.83975 26.1596 -3.83975
6.8 9.02 -3.83541 26.1637 -3.83541
6.8 9.24 -3.83313 26.1657 -3.83313
6.8 9.46 -3.8319 26.167 -3.8319
6.8 9.68 -3.83161 26.1671 -3.83161
6.8 9.9 -3.83199 26.1666 -3.83199
6.8 10.12 -3.83184 26.1664 -3.83184
6.8 10.34 -2.76158 27.2367 -2.76158
6.8 10.56 2.05546 32.0534 2.05546
6.8 10.78 -20.0655 9.93253 -20.0655
7 0 -4.36387 25.6342 -4.36387
7 0.22 -5.24844 24.7498 -5.24844
7 0.44 -4.00888 25.9896 -4.00888
7 0.66 -3.83229 26.1664 -3.83229
7 0.88 -3.83204 26.1673 -3.83204
7 1.1 -3.83306 26.1663 -3.83306
7 1.32 -3.83379 26.1656 -3.83379
7 1.54 -3.83525 26.164 -3.83525
7 1.76 -3.83991 26.1593 -3.83991
7 1.98 -3.84721 26.1522 -3.84721
7 2.2 -3.86084 26.1384 -3.86084
7 2.42 -3.87781 26.1205 -3.87781
7 2.64 -3.89686 26.0999 -3.89686
7 2.86 -3.90617 26.0857 -3.90617
7 3.08 -3.87881 26.0995 -3.87881
7 3.3 -3.77053 26.1698 -3.77053
7 3.52 -3.52851 26.3084 -3.52851
7 3.74 -3.14816 26.395 -3.14816
7 3.96 -2.9128 25.673 -2.9128
7 4.18 -4.51775 19.9895 -4.51775
7 4.4 -5.26153 0.619656 -5.26153
7 4.62 15.4734 -5.89374 15.4734
7 4.84 25.0229 -3.0413 25.0229
7 5.06 26.3178 -3.09381 26.3178
7 5.28 26.3583 -3.31702 26.3583
7 5.5 26.3307 -3.13139 26.3307
7 5.72 25.3033 -2.99224 25.3033
7 5.94 17.18 -5.39067 17.18
7 6.16 -3.88954 -1.57317 -3.88954
7 6.38 -4.98009 18.5868 -4.98009
7 6.6 -2.93801 25.4524 -2.93801
7 6.82 -3.09745 26.3925 -3.09745
7 7.04 -3.4873 26.3317 -3.4873
7 7.26 -3.7487 26.185 -3.7487
7 7.48 -3.87097 26.1044 -3.87097
7 7.7 -3.90581 26.0849 -3.90581
7 7.92 -3.89981 26.0965 -3.89981
7 8.14 -3.88085 26.1175 -3.88085
7 8.36 -3.86218 26.1367 -3.86218
7 8.58 -3.84915 26.1501 -3.84915
7 8.8 -3.8399 26.1595 -3.8399
7 9.02 -3.83554 26.1637 -3.83554
7 9.24 -3.83324 26.1656 -3.83324
7 9.46 -3.832 26.167 -3.832
7 9.68 -3.83171 26.167 -3.83171
7 9.9 -3.83209 26.1665 -3.83209
7 10.12 -3.83192 26.1664 -3.83192
7 10.34 -2.76169 27.2366 -2.76169
7 10.56 2.05526 32.0532 2.05526
7 10.78 -20.0654 9.93266 -20.0654
7.2 0 -4.36369 25.6345 -4.36369
7.2 0.22 -5.24824 24.75 -5.24824
7.2 0.44 -4.00836 25.9902 -4.00836
7.2 0.66 -3.83172 26.1669 -3.83172
7.2 0.88 -3.83151 26.1678 -3.83151
7.2 1.1 -3.83258 26.1667 -3.83258
7.2 1.32 -3.83337 26.166 -3.83337
7.2 1.54 -3.83487 26.1643 -3.83487
7.2 1.76 -3.83958 26.1596 -3.83958
7.2 1.98 -3.84691 26.1524 -3.84691
7.2 2.2 -3.86056 26.1386 -3.86056
7.2 2.42 -3.87752 26.1208 -3.87752
7.2 2.64 -3.89658 26.1001 -3.89658
7.2 2.86 -3.90591 26.0859 -3.90591
7.2 3.08 -3.87857 26.0996 -3.87857
7.2 3.3 -3.77027 26.17 -3.77027
7.2 3.52 -3.52821 26.3086 -3.52821
7.2 3.74 -3.14779 26.3952 -3.14779
7.2 3.96 -2.91239 25.6731 -2.91239
7.2 4.18 -4.51762 19.9888 -4.51762
7.2 4.4 -5.26032 0.618167 -5.26032
7.2 4.62 15.474 -5.89378 15.474
7.2 4.84 25.0225 -3.04196 25.0225
7.2 5.06 26.3173 -3.09453 26.3173
7.2 5.28 26.3578 -3.31778 26.3578
7.2 5.5 26.3302 -3.13223 26.3302
7.2 5.72 25.3034 -2.99284 25.3034
7.2 5.94 17.1844 -5.38953 17.1844
7.2 6.16 -3.88441 -1.57918 -3.88441
7.2 6.38 -4.9812 18.5824 -4.9812
7.2 6.6 -2.9377 25.4519 -2.9377
7.2 6.82 -3.09693 26.3927 -3.09693
7.2 7.04 -3.48689 26.332 -3.48689
7.2 7.26 -3.74838 26.1853 -3.74838
7.2 7.48 -3.8707 26.1046 -3.8707
7.2 7.7 -3.90554 26.0851 -3.90554
7.2 7.92 -3.8995 26.0967 -3.8995
7.2 8.14 -3.88052 26.1178 -3.88052
7.2 8.36 -3.86183 26.1371 -3.86183
7.2 8.58 -3.84877 26.1504 -3.84877
7.2 8.8 -3.8395 26.1599 -3.8395
7.2 9.02 -3.83511 26.1641 -3.83511
7.2 9.24 -3.83279 26.1661 -3.83279
7.2 9.46 -3.83154 26.1674 -3.83154
7.2 9.68 -3.83124 26.1675 -3.83124
7.2 9.9 -3.83161 26.167 -3.83161
7.2 10.12 -3.83142 26.1669 -3.83142
7.2 10.34 -2.7611 27.2371 -2.7611
7.2 10.56 2.05597 32.0539 2.05597
7.2 10.78 -20.0652 9.9328 -20.0652
7.4 0 -4.36347 25.6348 -4.36347
7.4 0.22 -5.24802 24.7503 -5.24802
7.4 0.44 -4.00818 25.9904 -4.00818
7.4 0.66 -3.8315 26.1672 -3.8315
7.4 0.88 -3.83132 26.1681 -3.83132
7.4 1.1 -3.83243 26.1669 -3.83243
7.4 1.32 -3.83326 26.1661 -3.83326
7.4 1.54 -3.83481 26.1644 -3.83481
7.4 1.76 -3.83955 26.1596 -3.83955
7.4 1.98 -3.8469 26.1525 -3.8469
7.4 2.2 -3.86055 26.1387 -3.86055
7.4 2.42 -3.8775 26.1208 -3.8775
7.4 2.64 -3.89656 26.1001 -3.89656
7.4 2.86 -3.90588 26.086 -3.90588
7.4 3.08 -3.87849 26.0997 -3.87849
7.4 3.3 -3.77007 26.1702 -3.77007
7.4 3.52 -3.5278 26.309 -3.5278
7.4 3.74 -3.14708 26.3957 -3.14708
7.4 3.96 -2.9115 25.6735 -2.9115
7.4 4.18 -4.51745 19.9869 -4.51745
7.4 4.4 -5.257 0.613974 -5.257
7.4 4.62 15.477 -5.89298 15.477
7.4 4.84 25.0219 -3.04271 25.0219
7.4 5.06 26.3159 -3.09573 26.3159
7.4 5.28 26.3563 -3.31913 26.3563
7.4 5.5 26.3289 -3.13359 26.3289
7.4 5.72 25.3036 -2.99351 25.3036
7.4 5.94 17.1924 -5.38708 17.1924
7.4 6.16 -3.87519 -1.58929 -3.87519
7.4 6.38 -4.98281 18.5752 -4.98281
7.4 6.6 -2.93695 25.4514 -2.93695
7.4 6.82 -3.09602 26.3933 -3.09602
7.4 7.04 -3.48629 26.3324 -3.48629
7.4 7.26 -3.74808 26.1855 -3.74808
7.4 7.48 -3.87057 26.1047 -3.87057
7.4 7.7 -3.90548 26.0852 -3.90548
7.4 7.92 -3.89945 26.0968 -3.89945
7.4 8.14 -3.88047 26.1178 -3.88047
7.4 8.36 -3.86176 26.1371 -3.86176
7.4 8.58 -3.8487 26.1505 -3.8487
7.4 8.8 -3.83941 26.1601 -3.83941
7.4 9.02 -3.835 26.1643 -3.835
7.4 9.24 -3.83265 26.1663 -3.83265
7.4 9.46 -3.83138 26.1677 -3.83138
7.4 9.68 -3.83106 26.1677 -3.83106
7.4 9.9 -3.83142 26.1672 -3.83142
7.4 10.12 -3.83122 26.1671 -3.83122
7.4 10.34 -2.76087 27.2374 -2.76087
7.4 10.56 2.05607 32.054 2.05607
7.4 10.78 -20.0649 9.93305 -20.0649
7.6 0 -4.36329 25.6351 -4.36329
7.6 0.22 -5.24785 24.7506 -5.24785
7.6 0.44 -4.00792 25.9908 -4.00792
7.6 0.66 -3.83125 26.1676 -3.83125
7.6 0.88 -3.83109 26.1684 -3.83109
7.6 1.1 -3.83223 26.1672 -3.83223
7.6 1.32 -3.83309 26.1664 -3.83309
7.6 1.54 -3.83467 26.1646 -3.83467
7.6 1.76 -3.83942 26.1598 -3.83942
7.6 1.98 -3.84678 26.1527 -3.84678
7.6 2.2 -3.86042 26.1389 -3.86042
7.6 2.42 -3.87736 26.121 -3.87736
7.6 2.64 -3.89639 26.1003 -3.89639
7.6 2.86 -3.90568 26.0862 -3.90568
7.6 3.08 -3.87822 26.1 -3.87822
7.6 3.3 -3.76966 26.1706 -3.76966
7.6 3.52 -3.52717 26.3095 -3.52717
7.6 3.74 -3.14622 26.3963 -3.14622
7.6 3.96 -2.9107 25.6734 -2.9107
7.6 4.18 -4.5181 19.9824 -4.5181
7.6 4.4 -5.25104 0.60573 -5.25104
7.6 4.62 15.4845 -5.89021 15.4845
7.6 4.84 25.0235 -3.042 25.0235
7.6 5.06 26.3163 -3.09572 26.3163
7.6 5.28 26.3564 -3.31935 26.3564
7.6 5.5 26.3292 -3.13376 26.3292
7.6 5.72 25.3061 -2.99266 25.3061
7.6 5.94 17.2063 -5.38204 17.2063
7.6 6.16 -3.86083 -1.6047 -3.86083
7.6 6.38 -4.98582 18.5635 -4.98582
7.6 6.6 -2.9364 25.45 -2.9364
7.6 6.82 -3.09493 26.3938 -3.09493
7.6 7.04 -3.48545 26.3331 -3.48545
7.6 7.26 -3.74753 26.186 -3.74753
7.6 7.48 -3.87023 26.105 -3.87023
7.6 7.7 -3.90525 26.0854 -3.90525
7.6 7.92 -3.89927 26.097 -3.89927
7.6 8.14 -3.88031 26.118 -3.88031
7.6 8.36 -3.86162 26.1374 -3.86162
7.6 8.58 -3.84855 26.1508 -3.84855
7.6 8.8 -3.83925 26.1603 -3.83925
7.6 9.02 -3.83481 26.1646 -3.83481
7.6 9.24 -3.83244 26.1666 -3.83244
7.6 9.46 -3.83116 26.168 -3.83116
7.6 9.68 -3.83082 26.1681 -3.83082
7.6 9.9 -3.83117 26.1676 -3.83117
7.6 10.12 -3.83098 26.1675 -3.83098
7.6 10.34 -2.7606 27.2378 -2.7606
7.6 10.56 2.05639 32.0544 2.05639
7.6 10.78 -20.0648 9.93331 -20.0648
7.8 0 -4.36305 25.6355 -4.36305
7.8 0.22 -5.24766 24.751 -5.24766
7.8 0.44 -4.0078 25.9912 -4.0078
7.8 0.66 -3.8311 26.168 -3.8311
7.8 0.88 -3.83093 26.1688 -3.83093
7.8 1.1 -3.83207 26.1676 -3.83207
7.8 1.32 -3.83296 26.1668 -3.83296
7.8 1.54 -3.83455 26.1651 -3.83455
7.8 1.76 -3.8393 26.1603 -3.8393
7.8 1.98 -3.84666 26.1531 -3.84666
7.8 2.2 -3.86031 26.1392 -3.86031
7.8 2.42 -3.87726 26.1213 -3.87726
7.8 2.64 -3.89629 26.1006 -3.89629
7.8 2.86 -3.90555 26.0865 -3.90555
7.8 3.08 -3.87803 26.1004 -3.87803
7.8 3.3 -3.76935 26.171 -3.76935
7.8 3.52 -3.52668 26.3099 -3.52668
7.8 3.74 -3.14559 26.3965 -3.14559
7.8 3.96 -2.9104 25.6723 -2.9104
7.8 4.18 -4.52027 19.9742 -4.52027
7.8 4.4 -5.24276 0.591478 -5.24276
7.8 4.62 15.4955 -5.88693 15.4955
7.8 4.84 25.025 -3.04186 25.025
7.8 5.06 26.3158 -3.09655 26.3158
7.8 5.28 26.3555 -3.32041 26.3555
7.8 5.5 26.3287 -3.13478 26.3287
7.8 5.72 25.3088 -2.99235 25.3088
7.8 5.94 17.2249 -5.37592 17.2249
7.8 6.16 -3.84149 -1.62734 -3.84149
7.8 6.38 -4.99099 18.5463 -4.99099
7.8 6.6 -2.93649 25.4473 -2.93649
7.8 6.82 -3.09409 26.3939 -3.09409
7.8 7.04 -3.48475 26.3336 -3.48475
7.8 7.26 -3.74709 26.1865 -3.74709
7.8 7.48 -3.86999 26.1054 -3.86999
7.8 7.7 -3.90509 26.0858 -3.90509
7.8 7.92 -3.89915 26.0973 -3.89915
7.8 8.14 -3.8802 26.1184 -3.8802
7.8 8.36 -3.86151 26.1377 -3.86151
7.8 8.58 -3.84843 26.1512 -3.84843
7.8 8.8 -3.83911 26.1608 -3.83911
7.8 9.02 -3.83465 26.1651 -3.83465
7.8 9.24 -3.83227 26.1671 -3.83227
7.8 9.46 -3.83097 26.1685 -3.83097
7.8 9.68 -3.83062 26.1687 -3.83062
7.8 9.9 -3.83097 26.1682 -3.83097
7.8 10.12 -3.83077 26.168 -3.83077
7.8 10.34 -2.76041 27.2383 -2.76041
7.8 10.56 2.05652 32.0549 2.05652
7.8 10.78 -20.0645 9.93388 -20.0645
8 0 -4.36284 25.6359 -4.36284
8 0.22 -5.24754 24.7513 -5.24754
8 0.44 -4.00765 25.9916 -4.00765
8 0.66 -3.831 26.1684 -3.831
8 0.88 -3.83082 26.1692 -3.83082
8 1.1 -3.83196 26.1681 -3.83196
8 1.32 -3.83284 26.1673 -3.83284
8 1.54 -3.83442 26.1655 -3.83442
8 1.76 -3.83916 26.1607 -3.83916
8 1.98 -3.84651 26.1535 -3.84651
8 2.2 -3.86017 26.1396 -3.86017
8 2.42 -3.87712 26.1217 -3.87712
8 2.64 -3.89613 26.101 -3.89613
8 2.86 -3.90534 26.0869 -3.90534
8 3.08 -3.8777 26.1009 -3.8777
8 3.3 -3.76881 26.1717 -3.76881
8 3.52 -3.52585 26.3107 -3.52585
8 3.74 -3.14452 26.3972 -3.14452
8 3.96 -2.90981 25.6711 -2.90981
8 4.18 -4.52337 19.9628 -4.52337
8 4.4 -5.23116 0.570841 -5.23116
8 4.62 15.5112 -5.88255 15.5112
8 4.84 25.027 -3.04198 25.027
8 5.06 26.3148 -3.09812 26.3148
8 5.28 26.354 -3.32233 26.354
8 5.5 26.3277 -3.13657 26.3277
8 5.72 25.312 -2.9923 25.312
8 5.94 17.2494 -5.36818 17.2494
8 6.16 -3.81607 -1.65734 -3.81607
8 6.38 -4.99775 18.5239 -4.99775
8 6.6 -2.93643 25.4441 -2.93643
8 6.82 -3.09282 26.3944 -3.09282
8 7.04 -3.48371 26.3345 -3.48371
8 7.26 -3.74642 26.1873 -3.74642
8 7.48 -3.86959 26.106 -3.86959
8 7.7 -3.90486 26.0863 -3.90486
8 7.92 -3.899 26.0977 -3.899
8 8.14 -3.88009 26.1188 -3.88009
8 8.36 -3.86141 26.1381 -3.86141
8 8.58 -3.84832 26.1516 -3.84832
8 8.8 -3.83898 26.1612 -3.83898
8 9.02 -3.83451 26.1655 -3.83451
8 9.24 -3.83211 26.1676 -3.83211
8 9.46 -3.8308 26.169 -3.8308
8 9.68 -3.83045 26.1692 -3.83045
8 9.9 -3.83082 26.1687 -3.83082
8 10.12 -3.83065 26.1685 -3.83065
8 10.34 -2.7603 27.2388 -2.7603
8 10.56 2.05671 32.0555 2.05671
8 10.78 -20.0644 9.93429 -20.0644
8.2 0 -4.36281 25.636 -4.36281
8.2 0.22 -5.24753 24.7515 -5.24753
8.2 0.44 -4.00756 25.9917 -4.00756
8.2 0.66 -3.83089 26.1685 -3.83089
8.2 0.88 -3.83074 26.1694 -3.83074
8.2 1.1 -3.83189 26.1682 -3.83189
8.2 1.32 -3.83275 26.1674 -3.83275
8.2 1.54 -3.83432 26.1657 -3.83432
8.2 1.76 -3.83905 26.1609 -3.83905
8.2 1.98 -3.8464 26.1537 -3.8464
8.2 2.2 -3.86007 26.1398 -3.86007
8.2 2.42 -3.87705 26.1218 -3.87705
8.2 2.64 -3.89608 26.1011 -3.89608
8.2 2.86 -3.90527 26.0871 -3.90527
8.2 3.08 -3.87756 26.1011 -3.87756
8.2 3.3 -3.76848 26.172 -3.76848
8.2 3.52 -3.5252 26.3112 -3.5252
8.2 3.74 -3.1436 26.3975 -3.1436
8.2 3.96 -2.90963 25.6689 -2.90963
8.2 4.18 -4.52825 19.9467 -4.52825
8.2 4.4 -5.21588 0.542467 -5.21588
8.2 4.62 15.5329 -5.87629 15.5329
8.2 4.84 25.0304 -3.0414 25.0304
8.2 5.06 26.3142 -3.09929 26.3142
8.2 5.28 26.3529 -3.32381 26.3529
8.2 5.5 26.3272 -3.13794 26.3272
8.2 5.72 25.3166 -2.99154 25.3166
8.2 5.94 17.2805 -5.35808 17.2805
8.2 6.16 -3.78417 -1.69543 -3.78417
8.2 6.38 -5.00686 18.4951 -5.00686
8.2 6.6 -2.93696 25.4395 -2.93696
8.2 6.82 -3.09174 26.3944 -3.09174
8.2 7.04 -3.48285 26.3351 -3.48285
8.2 7.26 -3.74595 26.1877 -3.74595
8.2 7.48 -3.86939 26.1063 -3.86939
8.2 7.7 -3.90478 26.0864 -3.90478
8.2 7.92 -3.89897 26.0978 -3.89897
8.2 8.14 -3.88007 26.1189 -3.88007
8.2 8.36 -3.86138 26.1382 -3.86138
8.2 8.58 -3.84827 26.1517 -3.84827
8.2 8.8 -3.83892 26.1613 -3.83892
8.2 9.02 -3.83443 26.1657 -3.83443
8.2 9.24 -3.83203 26.1678 -3.83203
8.2 9.46 -3.83072 26.1692 -3.83072
8.2 9.68 -3.83038 26.1693 -3.83038
8.2 9.9 -3.83076 26.1688 -3.83076
8.2 10.12 -3.8306 26.1686 -3.8306
8.2 10.34 -2.76022 27.2389 -2.76022
8.2 10.56 2.05678 32.0556 2.05678
8.2 10.78 -20.0645 9.93438 -20.0645
8.4 0 -4.36282 25.6361 -4.36282
8.4 0.22 -5.24769 24.7514 -5.24769
8.4 0.44 -4.00799 25.9913 -4.00799
8.4 0.66 -3.83142 26.168 -3.83142
8.4 0.88 -3.8313 26.1688 -3.8313
8.4 1.1 -3.83243 26.1676 -3.83243
8.4 1.32 -3.83326 26.1669 -3.83326
8.4 1.54 -3.8348 26.1651 -3.8348
8.4 1.76 -3.8395 26.1604 -3.8395
8.4 1.98 -3.84684 26.1532 -3.84684
8.4 2.2 -3.8605 26.1393 -3.8605
8.4 2.42 -3.87749 26.1213 -3.87749
8.4 2.64 -3.89651 26.1006 -3.89651
8.4 2.86 -3.90567 26.0866 -3.90567
8.4 3.08 -3.87785 26.1008 -3.87785
8.4 3.3 -3.76853 26.1718 -3.76853
8.4 3.52 -3.52487 26.3112 -3.52487
8.4 3.74 -3.14299 26.3972 -3.14299
8.4 3.96 -2.91003 25.6654 -2.91003
8.4 4.18 -4.53516 19.9253 -4.53516
8.4 4.4 -5.19632 0.505463 -5.19632
8.4 4.62 15.5612 -5.86799 15.5612
8.4 4.84 25.0351 -3.04028 25.0351
8.4 5.06 26.3139 -3.10043 26.3139
8.4 5.28 26.3517 -3.32537 26.3517
8.4 5.5 26.3269 -3.13931 26.3269
8.4 5.72 25.3225 -2.99027 25.3225
8.4 5.94 17.3183 -5.34566 17.3183
8.4 6.16 -3.74549 -1.74166 -3.74549
8.4 6.38 -5.01841 18.4598 -5.01841
8.4 6.6 -2.93819 25.4333 -2.93819
8.4 6.82 -3.09099 26.3938 -3.09099
8.4 7.04 -3.48228 26.3352 -3.48228
8.4 7.26 -3.74582 26.1877 -3.74582
8.4 7.48 -3.86957 26.106 -3.86957
8.4 7.7 -3.90513 26.086 -3.90513
8.4 7.92 -3.89939 26.0974 -3.89939
8.4 8.14 -3.88053 26.1183 -3.88053
8.4 8.36 -3.86186 26.1376 -3.86186
8.4 8.58 -3.84877 26.1511 -3.84877
8.4 8.8 -3.83942 26.1607 -3.83942
8.4 9.02 -3.83494 26.1651 -3.83494
8.4 9.24 -3.83255 26.1672 -3.83255
8.4 9.46 -3.83127 26.1686 -3.83127
8.4 9.68 -3.83094 26.1687 -3.83094
8.4 9.9 -3.83133 26.1682 -3.83133
8.4 10.12 -3.83116 26.168 -3.83116
8.4 10.34 -2.76086 27.2383 -2.76086
8.4 10.56 2.056 32.0548 2.056
8.4 10.78 -20.0648 9.93408 -20.0648
8.6 0 -4.36288 25.6361 -4.36288
8.6 0.22 -5.24779 24.7513 -5.24779
8.6 0.44 -4.00795 25.9914 -4.00795
8.6 0.66 -3.83134 26.1681 -3.83134
8.6 0.88 -3.83122 26.1689 -3.83122
8.6 1.1 -3.83237 26.1677 -3.83237
8.6 1.32 -3.83318 26.1669 -3.83318
8.6 1.54 -3.83468 26.1652 -3.83468
8.6 1.76 -3.83935 26.1605 -3.83935
8.6 1.98 -3.84666 26.1533 -3.84666
8.6 2.2 -3.86032 26.1394 -3.86032
8.6 2.42 -3.87731 26.1215 -3.87731
8.6 2.64 -3.89632 26.1008 -3.89632
8.6 2.86 -3.90545 26.0868 -3.90545
8.6 3.08 -3.87755 26.101 -3.87755
8.6 3.3 -3.76802 26.1723 -3.76802
8.6 3.52 -3.52406 26.3118 -3.52406
8.6 3.74 -3.14202 26.3972 -3.14202
8.6 3.96 -2.91039 25.6613 -2.91039
8.6 4.18 -4.5437 19.899 -4.5437
8.6 4.4 -5.17215 0.459523 -5.17215
8.6 4.62 15.5963 -5.85799 15.5963
8.6 4.84 25.0411 -3.03902 25.0411
8.6 5.06 26.3135 -3.1019 26.3135
8.6 5.28 26.3503 -3.32733 26.3503
8.6 5.5 26.3265 -3.14102 26.3265
8.6 5.72 25.3294 -2.98895 25.3294
8.6 5.94 17.3621 -5.33153 17.3621
8.6 6.16 -3.70037 -1.79529 -3.70037
8.6 6.38 -5.03171 18.4191 -5.03171
8.6 6.6 -2.93945 25.4265 -2.93945
8.6 6.82 -3.08987 26.3935 -3.08987
8.6 7.04 -3.48123 26.3358 -3.48123
8.6 7.26 -3.7451 26.1883 -3.7451
8.6 7.48 -3.8691 26.1065 -3.8691
8.6 7.7 -3.90479 26.0864 -3.90479
8.6 7.92 -3.89913 26.0976 -3.89913
8.6 8.14 -3.88032 26.1185 -3.88032
8.6 8.36 -3.86167 26.1378 -3.86167
8.6 8.58 -3.84859 26.1512 -3.84859
8.6 8.8 -3.83925 26.1608 -3.83925
8.6 9.02 -3.83479 26.1652 -3.83479
8.6 9.24 -3.83243 26.1672 -3.83243
8.6 9.46 -3.83118 26.1686 -3.83118
8.6 9.68 -3.83089 26.1688 -3.83089
8.6 9.9 -3.83127 26.1683 -3.83127
8.6 10.12 -3.83108 26.1681 -3.83108
8.6 10.34 -2.76077 27.2384 -2.76077
8.6 10.56 2.05616 32.055 2.05616
8.6 10.78 -20.0648 9.93405 -20.0648
8.8 0 -4.36284 25.6361 -4.36284
8.8 0.22 -5.24782 24.7512 -5.24782
8.8 0.44 -4.00784 25.9915 -4.00784
8.8 0.66 -3.83114 26.1682 -3.83114
8.8 0.88 -3.83099 26.169 -3.83099
8.8 1.1 -3.83215 26.1677 -3.83215
8.8 1.32 -3.83299 26.1669 -3.83299
8.8 1.54 -3.83449 26.1652 -3.83449
8.8 1.76 -3.83915 26.1604 -3.83915
8.8 1.98 -3.84646 26.1532 -3.84646
8.8 2.2 -3.86012 26.1394 -3.86012
8.8 2.42 -3.87709 26.1215 -3.87709
8.8 2.64 -3.89608 26.1009 -3.89608
8.8 2.86 -3.90518 26.0869 -3.90518
8.8 3.08 -3.87717 26.1013 -3.87717
8.8 3.3 -3.76743 26.1726 -3.76743
8.8 3.52 -3.52313 26.3122 -3.52313
8.8 3.74 -3.14091 26.3971 -3.14091
8.8 3.96 -2.91083 25.6565 -2.91083
8.8 4.18 -4.55387 19.8679 -4.55387
8.8 4.4 -5.14345 0.404802 -5.14345
8.8 4.62 15.6383 -5.84616 15.6383
8.8 4.84 25.0489 -3.03719 25.0489
8.8 5.06 26.314 -3.10304 26.314
8.8 5.28 26.3496 -3.32892 26.3496
8.8 5.5 26.3268 -3.14243 26.3268
8.8 5.72 25.3375 -2.98723 25.3375
8.8 5.94 17.4109 -5.31595 17.4109
8.8 6.16 -3.64999 -1.85479 -3.64999
8.8 6.38 -5.04638 18.3742 -5.04638
8.8 6.6 -2.9408 25.419 -2.9408
8.8 6.82 -3.08867 26.3931 -3.08867
8.8 7.04 -3.48012 26.3364 -3.48012
8.8 7.26 -3.74437 26.1888 -3.74437
8.8 7.48 -3.86862 26.1069 -3.86862
8.8 7.7 -3.90446 26.0866 -3.90446
8.8 7.92 -3.8989 26.0978 -3.8989
8.8 8.14 -3.88011 26.1186 -3.88011
8.8 8.36 -3.86144 26.1378 -3.86144
8.8 8.58 -3.84835 26.1512 -3.84835
8.8 8.8 -3.839 26.1609 -3.839
8.8 9.02 -3.83457 26.1652 -3.83457
8.8 9.24 -3.83225 26.1672 -3.83225
8.8 9.46 -3.83102 26.1686 -3.83102
8.8 9.68 -3.83074 26.1687 -3.83074
8.8 9.9 -3.83111 26.1683 -3.83111
8.8 10.12 -3.83089 26.1682 -3.83089
8.8 10.34 -2.76054 27.2385 -2.76054
8.8 10.56 2.05643 32.0552 2.05643
8.8 10.78 -20.0647 9.93406 -20.0647
9 0 -4.36272 25.6362 -4.36272
9 0.22 -5.2478 24.7512 -5.2478
9 0.44 -4.00787 25.9914 -4.00787
9 0.66 -3.83115 26.1682 -3.83115
9 0.88 -3.83094 26.1689 -3.83094
9 1.1 -3.83208 26.1676 -3.83208
9 1.32 -3.83293 26.1668 -3.83293
9 1.54 -3.83442 26.165 -3.83442
9 1.76 -3.83909 26.1603 -3.83909
9 1.98 -3.84636 26.1531 -3.84636
9 2.2 -3.86 26.1393 -3.86
9 2.42 -3.8769 26.1214 -3.8769
9 2.64 -3.89581 26.101 -3.89581
9 2.86 -3.90483 26.0871 -3.90483
9 3.08 -3.87665 26.1016 -3.87665
9 3.3 -3.76668 26.1731 -3.76668
9 3.52 -3.52202 26.3128 -3.52202
9 3.74 -3.1396 26.397 -3.1396
9 3.96 -2.91133 25.6512 -2.91133
9 4.18 -4.5656 19.8327 -4.5656
9 4.4 -5.11066 0.342295 -5.11066
9 4.62 15.6869 -5.83231 15.6869
9 4.84 25.0586 -3.03433 25.0586
9 5.06 26.3153 -3.10349 26.3153
9 5.28 26.3497 -3.3298 26.3497
9 5.5 26.3279 -3.14311 26.3279
9 5.72 25.3469 -2.98471 25.3469
9 5.94 17.4629 -5.29918 17.4629
9 6.16 -3.59641 -1.91768 -3.59641
9 6.38 -5.06196 18.3271 -5.06196
9 6.6 -2.94219 25.4113 -2.94219
9 6.82 -3.08734 26.3927 -3.08734
9 7.04 -3.47892 26.337 -3.47892
9 7.26 -3.74361 26.1893 -3.74361
9 7.48 -3.86819 26.1072 -3.86819
9 7.7 -3.90424 26.0868 -3.90424
9 7.92 -3.89879 26.0977 -3.89879
9 8.14 -3.88001 26.1185 -3.88001
9 8.36 -3.86137 26.1377 -3.86137
9 8.58 -3.84829 26.1511 -3.84829
9 8.8 -3.83896 26.1607 -3.83896
9 9.02 -3.83458 26.165 -3.83458
9 9.24 -3.83233 26.1669 -3.83233
9 9.46 -3.83111 26.1684 -3.83111
9 9.68 -3.83078 26.1685 -3.83078
9 9.9 -3.83114 26.1681 -3.83114
9 10.12 -3.8309 26.1681 -3.8309
9 10.34 -2.76051 27.2385 -2.76051
9 10.56 2.0564 32.0551 2.0564
9 10.78 -20.0646 9.93405 -20.0646
9.2 0 -4.36277 25.6361 -4.36277
9.2 0.22 -5.24793 24.751 -5.24793
9.2 0.44 -4.00794 25.9912 -4.00794
9.2 0.66 -3.83128 26.1679 -3.83128
9.2 0.88 -3.83108 26.1686 -3.83108
9.2 1.1 -3.83225 26.1672 -3.83225
9.2 1.32 -3.83305 26.1664 -3.83305
9.2 1.54 -3.83448 26.1647 -3.83448
9.2 1.76 -3.83911 26.1599 -3.83911
9.2 1.98 -3.84636 26.1528 -3.84636
9.2 2.2 -3.86001 26.139 -3.86001
9.2 2.42 -3.87688 26.1212 -3.87688
9.2 2.64 -3.89576 26.1007 -3.89576
9.2 2.86 -3.90471 26.087 -3.90471
9.2 3.08 -3.87635 26.1016 -3.87635
9.2 3.3 -3.7662 26.1732 -3.7662
9.2 3.52 -3.52128 26.3128 -3.52128
9.2 3.74 -3.13874 26.3962 -3.13874
9.2 3.96 -2.91255 25.6448 -2.91255
9.2 4.18 -4.57923 19.7939 -4.57923
9.2 4.4 -5.0757 0.272866 -5.0757
9.2 4.62 15.7398 -5.81792 15.7398
9.2 4.84 25.0692 -3.03137 25.0692
9.2 5.06 26.3167 -3.10396 26.3167
9.2 5.28 26.3498 -3.33058 26.3498
9.2 5.5 26.329 -3.1436 26.329
9.2 5.72 25.3562 -2.98228 25.3562
9.2 5.94 17.5146 -5.28328 17.5146
9.2 6.16 -3.54375 -1.98164 -3.54375
9.2 6.38 -5.07832 18.2801 -5.07832
9.2 6.6 -2.9441 25.4034 -2.9441
9.2 6.82 -3.08652 26.3918 -3.08652
9.2 7.04 -3.47819 26.337 -3.47819
9.2 7.26 -3.74326 26.1893 -3.74326
9.2 7.48 -3.8681 26.107 -3.8681
9.2 7.7 -3.90425 26.0865 -3.90425
9.2 7.92 -3.8988 26.0974 -3.8988
9.2 8.14 -3.88009 26.1181 -3.88009
9.2 8.36 -3.86149 26.1373 -3.86149
9.2 8.58 -3.84843 26.1506 -3.84843
9.2 8.8 -3.83912 26.1603 -3.83912
9.2 9.02 -3.83475 26.1645 -3.83475
9.2 9.24 -3.83247 26.1665 -3.83247
9.2 9.46 -3.83124 26.1679 -3.83124
9.2 9.68 -3.83088 26.1682 -3.83088
9.2 9.9 -3.83126 26.1678 -3.83126
9.2 10.12 -3.83104 26.1677 -3.83104
9.2 10.34 -2.76054 27.2382 -2.76054
9.2 10.56 2.05644 32.0549 2.05644
9.2 10.78 -20.0648 9.93371 -20.0648
9.4 0 -4.36617 25.6327 -4.36617
9.4 0.22 -5.24767 24.7512 -5.24767
9.4 0.44 -4.00781 25.9913 -4.00781
9.4 0.66 -3.83117 26.1679 -3.83117
9.4 0.88 -3.83098 26.1686 -3.83098
9.4 1.1 -3.83225 26.1671 -3.83225
9.4 1.32 -3.83289 26.1664 -3.83289
9.4 1.54 -3.83429 26.1647 -3.83429
9.4 1.76 -3.83894 26.16 -3.83894
9.4 1.98 -3.84631 26.1527 -3.84631
9.4 2.2 -3.85997 26.1388 -3.85997
9.4 2.42 -3.87671 26.1212 -3.87671
9.4 2.64 -3.89563 26.1008 -3.89563
9.4 2.86 -3.90442 26.0872 -3.90442
9.4 3.08 -3.8759 26.1019 -3.8759
9.4 3.3 -3.76539 26.1737 -3.76539
9.4 3.52 -3.52019 26.3132 -3.52019
9.4 3.74 -3.13753 26.3959 -3.13753
9.4 3.96 -2.91333 25.639 -2.91333
9.4 4.18 -4.59334 19.7551 -4.59334
9.4 4.4 -5.03995 0.199817 -5.03995
9.4 4.62 15.7969 -5.80261 15.7969
9.4 4.84 25.0814 -3.02723 25.0814
9.4 5.06 26.3186 -3.10349 26.3186
9.4 5.28 26.3501 -3.33062 26.3501
9.4 5.5 26.3308 -3.14301 26.3308
9.4 5.72 25.3659 -2.97898 25.3659
9.4 5.94 17.5646 -5.26823 17.5646
9.4 6.16 -3.49585 -2.04197 -3.49585
9.4 6.38 -5.09338 18.2392 -5.09338
9.4 6.6 -2.94516 25.3976 -2.94516
9.4 6.82 -3.08532 26.3916 -3.08532
9.4 7.04 -3.47711 26.3374 -3.47711
9.4 7.26 -3.74254 26.1896 -3.74254
9.4 7.48 -3.86766 26.1072 -3.86766
9.4 7.7 -3.90396 26.0866 -3.90396
9.4 7.92 -3.8985 26.0976 -3.8985
9.4 8.14 -3.87998 26.1181 -3.87998
9.4 8.36 -3.86127 26.1373 -3.86127
9.4 8.58 -3.84838 26.1505 -3.84838
9.4 8.8 -3.83907 26.1601 -3.83907
9.4 9.02 -3.83471 26.1644 -3.83471
9.4 9.24 -3.83224 26.1665 -3.83224
9.4 9.46 -3.83097 26.1681 -3.83097
9.4 9.68 -3.83076 26.1682 -3.83076
9.4 9.9 -3.83118 26.1678 -3.83118
9.4 10.12 -3.8309 26.1678 -3.8309
9.4 10.34 -2.76028 27.2384 -2.76028
9.4 10.56 2.05665 32.0551 2.05665
9.4 10.78 -20.0648 9.9337 -20.0648
9.6 0 8.56216 38.5609 8.56216
9.6 0.22 7.95232 37.9511 7.95232
9.6 0.44 9.08157 39.0806 9.08157
9.6 0.66 9.24664 39.2456 9.24664
9.6 0.88 9.24643 39.246 9.24643
9.6 1.1 9.24583 39.245 9.24583
9.6 1.32 9.24513 39.2444 9.24513
9.6 1.54 9.24367 39.2426 9.24367
9.6 1.76 9.23881 39.2376 9.23881
9.6 1.98 9.23202 39.2309 9.23202
9.6 2.2 9.21854 39.2172 9.21854
9.6 2.42 9.20259 39.2003 9.20259
9.6 2.64 9.18444 39.1807 9.18444
9.6 2.86 9.17595 39.1674 9.17595
9.6 3.08 9.20286 39.1804 9.20286
9.6 3.3 9.3102 39.2487 9.3102
9.6 3.52 9.54677 39.379 9.54677
9.6 3.74 9.91258 39.4436 9.91258
9.6 3.96 10.1125 38.6594 10.1125
9.6 4.18 8.41224 32.7394 8.41224
9.6 4.4 8.00428 13.1369 8.00428
9.6 4.62 28.8924 7.24819 28.8924
9.6 4.84 38.1291 10.0127 38.1291
9.6 5.06 39.3652 9.94249 39.3652
9.6 5.28 39.4063 9.72612 39.4063
9.6 5.5 39.3796 9.90561 39.3796
9.6 5.72 38.4008 10.0511 38.4008
9.6 5.94 30.6379 7.77172 30.6379
9.6 6.16 9.54625 10.9105 9.54625
9.6 6.38 7.92878 31.2456 7.92878
9.6 6.6 10.0855 38.4247 10.0855
9.6 6.82 9.96023 39.4353 9.96023
9.6 7.04 9.58624 39.3997 9.58624
9.6 7.26 9.3314 39.263 9.3314
9.6 7.48 9.21104 39.1856 9.21104
9.6 7.7 9.17619 39.1666 9.17619
9.6 7.92 9.1814 39.1774 9.1814
9.6 8.14 9.2 39.1979 9.2
9.6 8.36 9.21765 39.2161 9.21765
9.6 8.58 9.22985 39.2285 9.22985
9.6 8.8 9.23874 39.2378 9.23874
9.6 9.02 9.24346 39.2424 9.24346
9.6 9.24 9.24562 39.2443 9.24562
9.6 9.46 9.24655 39.2456 9.24655
9.6 9.68 9.24692 39.2458 9.24692
9.6 9.9 9.24683 39.2457 9.24683
9.6 10.12 9.2467 39.2453 9.2467
9.6 10.34 10.2866 40.2854 10.2866
9.6 10.56 14.6676 44.666 14.6676
9.6 10.78 -5.79763 24.2008 -5.79763
9.8 0 -27.9807 2.01808 -27.9807
9.8 0.22 -29.2846 0.714345 -29.2846
9.8 0.44 -27.8442 2.1549 -27.8442
9.8 0.66 -27.6505 2.34874 -27.6505
9.8 0.88 -27.6502 2.34928 -27.6502
9.8 1.1 -27.6512 2.34834 -27.6512
9.8 1.32 -27.6522 2.34721 -27.6522
9.8 1.54 -27.6539 2.34522 -27.6539
9.8 1.76 -27.6582 2.34071 -27.6582
9.8 1.98 -27.6662 2.33275 -27.6662
9.8 2.2 -27.6798 2.31893 -27.6798
9.8 2.42 -27.6982 2.2997 -27.6982
9.8 2.64 -27.7182 2.27793 -27.7182
9.8 2.86 -27.7275 2.26323 -27.7275
9.8 3.08 -27.697 2.2782 -27.697
9.8 3.3 -27.5796 2.35289 -27.5796
9.8 3.52 -27.3183 2.4978 -27.3183
9.8 3.74 -26.9118 2.57599 -26.9118
9.8 3.96 -26.6778 1.74641 -26.6778
9.8 4.18 -28.38 -4.40885 -28.38
9.8 4.4 -28.4393 -23.7392 -28.4393
9.8 4.62 -8.09179 -29.4548 -8.09179
9.8 4.84 1.19566 -26.7911 1.19566
9.8 5.06 2.49806 -26.8754 2.49806
9.8 5.28 2.53431 -27.1163 2.53431
9.8 5.5 2.50709 -26.9205 2.50709
9.8 5.72 1.48531 -26.7407 1.48531
9.8 5.94 -6.43311 -28.973 -6.43311
9.8 6.16 -27.0028 -25.7318 -27.0028
9.8 6.38 -28.8467 -5.86714 -28.8467
9.8 6.6 -26.7128 1.49577 -26.7128
9.8 6.82 -26.8548 2.57298 -26.8548
9.8 7.04 -27.2707 2.52504 -27.2707
9.8 7.26 -27.5538 2.37132 -27.5538
9.8 7.48 -27.6876 2.28479 -27.6876
9.8 7.7 -27.7265 2.26315 -27.7265
9.8 7.92 -27.721 2.27481 -27.721
9.8 8.14 -27.7017 2.29624 -27.7017
9.8 8.36 -27.6824 2.31614 -27.6824
9.8 8.58 -27.668 2.33077 -27.668
9.8 8.8 -27.6585 2.3405 -27.6585
9.8 9.02 -27.6538 2.34512 -27.6538
9.8 9.24 -27.6515 2.34733 -27.6515
9.8 9.46 -27.6502 2.3487 -27.6502
9.8 9.68 -27.65 2.349 -27.65
9.8 9.9 -27.6504 2.34862 -27.6504
9.8 10.12 -27.6498 2.34899 -27.6498
9.8 10.34 -26.5259 3.47266 -26.5259
9.8 10.56 -20.8664 9.13209 -20.8664
9.8 10.78 -46.2269 -16.2285 -46.2269
