0 0 5.87572e-05 4.61796e-06 1.0003
0 0.22 7.84634e-05 4.62147e-06 1.00017
0 0.44 0.000149278 4.56285e-06 0.999726
0 0.66 0.000312551 4.51969e-06 0.999334
0 0.88 0.000659126 4.49406e-06 0.998835
0 1.1 0.00136439 4.48725e-06 0.997997
0 1.32 0.00275159 4.5135e-06 0.996422
0 1.54 0.00539073 4.6256e-06 0.99352
0 1.76 0.0102437 4.98944e-06 0.988362
0 1.98 0.0188583 6.10594e-06 0.97943
0 2.2 0.0335951 9.46472e-06 0.964425
0 2.42 0.0578177 1.94391e-05 0.939996
0 2.64 0.0958827 4.86735e-05 0.901801
0 2.86 0.152588 0.000132993 0.845025
0 3.08 0.231599 0.000371423 0.765833
0 3.3 0.332671 0.00103196 0.664174
0 3.52 0.448606 0.00284449 0.546502
0 3.74 0.564313 0.00799155 0.425716
0 3.96 0.657583 0.0248763 0.315642
0 4.18 0.682326 0.0973239 0.218582
0 4.4 0.470065 0.423483 0.105526
0 4.62 0.118497 0.863087 0.0185712
0 4.84 0.0283197 0.968986 0.00286851
0 5.06 0.00899443 0.990555 0.000629032
0 5.28 0.00513082 0.994724 0.000309898
0 5.5 0.00864128 0.990891 0.000593688
0 5.72 0.0269145 0.970598 0.00264869
0 5.94 0.112121 0.871233 0.0170307
0 6.16 0.453446 0.446972 0.098672
0 6.38 0.682563 0.103625 0.21175
0 6.6 0.663807 0.026252 0.307782
0 6.82 0.572611 0.00839225 0.416651
0 7.04 0.457409 0.00298797 0.537113
0 7.26 0.340775 0.00108658 0.655598
0 7.48 0.23824 0.000392075 0.758858
0 7.7 0.157538 0.000140599 0.839919
0 7.92 0.0993073 5.14003e-05 0.898381
0 8.14 0.0600485 2.03937e-05 0.937825
0 8.36 0.0349785 9.79252e-06 0.963071
0 8.58 0.0196807 6.21572e-06 0.978551
0 8.8 0.010714 5.02343e-06 0.987696
0 9.02 0.00565027 4.63221e-06 0.99294
0 9.24 0.00288994 4.50832e-06 0.99584
0 9.46 0.00143561 4.47441e-06 0.997367
0 9.68 0.000694311 4.47368e-06 0.998126
0 9.9 0.000328577 4.49025e-06 0.998465
0 10.12 0.000154291 4.52293e-06 0.998559
0 10.34 7.53373e-05 4.58068e-06 0.998506
0 10.56 4.45767e-05 4.68372e-06 0.998404
0 10.78 3.05214e-05 5.13983e-06 0.998734
0.2 0 5.87336e-05 4.63322e-06 1.00039
0.2 0.22 7.84253e-05 4.63709e-06 1.00032
0.2 0.44 0.000149226 4.57972e-06 1.00011
0.2 0.66 0.000312485 4.53686e-06 0.999801
0.2 0.88 0.000659007 4.51128e-06 0.999324
0.2 1.1 0.00136417 4.50452e-06 0.998497
0.2 1.32 0.00275116 4.53089e-06 0.996922
0.2 1.54 0.00538992 4.64341e-06 0.994019
0.2 1.76 0.0102422 5.00866e-06 0.988863
0.2 1.98 0.0188558 6.12951e-06 0.97993
0.2 2.2 0.0335909 9.50151e-06 0.964922
0.2 2.42 0.0578105 1.95156e-05 0.940474
0.2 2.64 0.0958715 4.88676e-05 0.902253
0.2 2.86 0.152571 0.000133537 0.845462
0.2 3.08 0.231576 0.00037298 0.76624
0.2 3.3 0.332646 0.00103639 0.664534
0.2 3.52 0.448581 0.00285689 0.546818
0.2 3.74 0.564281 0.00802612 0.425967
0.2 3.96 0.6575 0.0249756 0.315805
0.2 4.18 0.682078 0.0976012 0.218638
0.2 4.4 0.469995 0.423466 0.105573
0.2 4.62 0.118799 0.8626 0.0186295
0.2 4.84 0.0284057 0.968748 0.00287893
0.2 5.06 0.00901803 0.990379 0.00063098
0.2 5.28 0.00513908 0.994554 0.000310504
0.2 5.5 0.0086478 0.990705 0.000594234
0.2 5.72 0.0269178 0.970434 0.00264914
0.2 5.94 0.111979 0.871259 0.0170126
0.2 6.16 0.452088 0.448541 0.098418
0.2 6.38 0.682001 0.104329 0.211676
0.2 6.6 0.663705 0.0264336 0.307859
0.2 6.82 0.572624 0.00844692 0.416811
0.2 7.04 0.457448 0.00300644 0.537336
0.2 7.26 0.340813 0.001093 0.655888
0.2 7.48 0.23827 0.000394296 0.759198
0.2 7.7 0.15756 0.000141364 0.840316
0.2 7.92 0.0993221 5.16674e-05 0.898818
0.2 8.14 0.0600579 2.04935e-05 0.938288
0.2 8.36 0.0349842 9.83669e-06 0.963548
0.2 8.58 0.0196841 6.24162e-06 0.979042
0.2 8.8 0.0107159 5.04333e-06 0.988193
0.2 9.02 0.00565132 4.65019e-06 0.993441
0.2 9.24 0.00289048 4.52567e-06 0.996338
0.2 9.46 0.00143588 4.49156e-06 0.997863
0.2 9.68 0.000694442 4.49082e-06 0.998624
0.2 9.9 0.000328638 4.50747e-06 0.998966
0.2 10.12 0.000154319 4.5403e-06 0.999062
0.2 10.34 7.53544e-05 4.59824e-06 0.99904
0.2 10.56 4.45879e-05 4.70209e-06 0.999013
0.2 10.78 3.04965e-05 5.16127e-06 0.999018
0.4 0 5.86621e-05 4.5604e-06 1.00053
0.4 0.22 7.83422e-05 4.56268e-06 1.00049
0.4 0.44 0.000149102 4.50692e-06 1.00032
0.4 0.66 0.000312274 4.46529e-06 1.00005
0.4 0.88 0.000658617 4.44032e-06 0.999601
0.4 1.1 0.00136345 4.43383e-06 0.998791
0.4 1.32 0.00274985 4.45989e-06 0.997223
0.4 1.54 0.00538759 4.5709e-06 0.994325
0.4 1.76 0.0102384 4.93117e-06 0.989185
0.4 1.98 0.0188495 6.03658e-06 0.980259
0.4 2.2 0.0335811 9.36261e-06 0.965263
0.4 2.42 0.0577942 1.9241e-05 0.940794
0.4 2.64 0.0958473 4.81951e-05 0.902518
0.4 2.86 0.152537 0.000131762 0.845767
0.4 3.08 0.231533 0.000368144 0.766553
0.4 3.3 0.332596 0.00102331 0.664796
0.4 3.52 0.448543 0.00282189 0.547105
0.4 3.74 0.564279 0.00793079 0.426238
0.4 3.96 0.657611 0.0246898 0.316061
0.4 4.18 0.682694 0.09662 0.218976
0.4 4.4 0.471601 0.421288 0.106024
0.4 4.62 0.118707 0.862576 0.0186402
0.4 4.84 0.0282332 0.96884 0.00286522
0.4 5.06 0.00893428 0.990365 0.000625612
0.4 5.28 0.00507476 0.994496 0.000306725
0.4 5.5 0.00852398 0.990657 0.000585696
0.4 5.72 0.0265371 0.970722 0.00261122
0.4 5.94 0.11061 0.872703 0.0168098
0.4 6.16 0.449761 0.451229 0.0979486
0.4 6.38 0.681798 0.10449 0.21165
0.4 6.6 0.663805 0.0263429 0.307878
0.4 6.82 0.572764 0.00839635 0.416842
0.4 7.04 0.457596 0.00298437 0.537357
0.4 7.26 0.340947 0.001084 0.655969
0.4 7.48 0.238377 0.000390776 0.759298
0.4 7.7 0.157638 0.000140011 0.840513
0.4 7.92 0.0993745 5.1135e-05 0.899071
0.4 8.14 0.0600903 2.02607e-05 0.938566
0.4 8.36 0.0350032 9.71053e-06 0.963844
0.4 8.58 0.0196951 6.15268e-06 0.979359
0.4 8.8 0.0107219 4.96704e-06 0.988512
0.4 9.02 0.00565442 4.57809e-06 0.993756
0.4 9.24 0.00289202 4.45488e-06 0.996647
0.4 9.46 0.00143662 4.42108e-06 0.998168
0.4 9.68 0.000694775 4.42029e-06 0.998925
0.4 9.9 0.000328779 4.43667e-06 0.999271
0.4 10.12 0.000154372 4.46902e-06 0.999349
0.4 10.34 7.53676e-05 4.52621e-06 0.999308
0.4 10.56 4.45757e-05 4.62831e-06 0.999204
0.4 10.78 3.05118e-05 5.07581e-06 0.999253
0.6 0 5.85791e-05 4.51007e-06 1.00068
0.6 0.22 7.82407e-05 4.51209e-06 1.00065
0.6 0.44 0.000148937 4.45731e-06 1.00051
0.6 0.66 0.000311975 4.41644e-06 1.00028
0.6 0.88 0.00065805 4.39191e-06 0.999852
0.6 1.1 0.00136239 4.38566e-06 0.999069
0.6 1.32 0.00274789 4.41161e-06 0.997516
0.6 1.54 0.00538409 4.52169e-06 0.994629
0.6 1.76 0.0102323 4.87881e-06 0.989504
0.6 1.98 0.0188394 5.97455e-06 0.98059
0.6 2.2 0.033565 9.27193e-06 0.965606
0.6 2.42 0.0577689 1.9067e-05 0.941134
0.6 2.64 0.0958097 4.77829e-05 0.902851
0.6 2.86 0.152484 0.000130691 0.846115
0.6 3.08 0.231463 0.000365289 0.766905
0.6 3.3 0.332517 0.00101574 0.665141
0.6 3.52 0.448466 0.00280198 0.547447
0.6 3.74 0.564214 0.00787644 0.426547
0.6 3.96 0.657588 0.0245186 0.31633
0.6 4.18 0.682986 0.0959493 0.219278
0.6 4.4 0.473049 0.419214 0.106488
0.6 4.62 0.118988 0.862179 0.018721
0.6 4.84 0.0282193 0.968869 0.00287046
0.6 5.06 0.00890613 0.990412 0.000624865
0.6 5.28 0.00503975 0.994533 0.000305053
0.6 5.5 0.00844268 0.99072 0.000580616
0.6 5.72 0.0262723 0.971005 0.00258624
0.6 5.94 0.109557 0.873871 0.0166587
0.6 6.16 0.447225 0.454111 0.097444
0.6 6.38 0.681222 0.105075 0.211517
0.6 6.6 0.663813 0.0264156 0.307826
0.6 6.82 0.572936 0.00840312 0.416799
0.6 7.04 0.457815 0.00298326 0.537333
0.6 7.26 0.341153 0.00108267 0.655997
0.6 7.48 0.238542 0.000390006 0.759384
0.6 7.7 0.157758 0.000139632 0.840679
0.6 7.92 0.0994551 5.09494e-05 0.899301
0.6 8.14 0.0601409 2.01594e-05 0.938838
0.6 8.36 0.0350333 9.64296e-06 0.964134
0.6 8.58 0.0197123 6.09797e-06 0.979662
0.6 8.8 0.0107313 4.91695e-06 0.988817
0.6 9.02 0.0056594 4.5296e-06 0.994062
0.6 9.24 0.00289455 4.40685e-06 0.996947
0.6 9.46 0.00143785 4.37311e-06 0.998458
0.6 9.68 0.000695349 4.37222e-06 0.999206
0.6 9.9 0.000329033 4.38841e-06 0.999548
0.6 10.12 0.000154476 4.42042e-06 0.999612
0.6 10.34 7.54024e-05 4.47694e-06 0.999549
0.6 10.56 4.45832e-05 4.57761e-06 0.999418
0.6 10.78 3.05164e-05 5.01864e-06 0.999465
0.8 0 5.84889e-05 4.47598e-06 1.00082
0.8 0.22 7.81288e-05 4.478e-06 1.00081
0.8 0.44 0.00014875 4.42389e-06 1.00073
0.8 0.66 0.000311622 4.3835e-06 1.00053
0.8 0.88 0.000657368 4.35927e-06 1.00013
0.8 1.1 0.0013611 4.35322e-06 0.99937
0.8 1.32 0.00274549 4.37911e-06 0.99784
0.8 1.54 0.00537974 4.48858e-06 0.994969
0.8 1.76 0.0102248 4.84352e-06 0.989859
0.8 1.98 0.0188266 5.93252e-06 0.980958
0.8 2.2 0.0335445 9.21011e-06 0.965989
0.8 2.42 0.0577372 1.89482e-05 0.941526
0.8 2.64 0.0957635 4.75038e-05 0.903252
0.8 2.86 0.152422 0.000129971 0.846532
0.8 3.08 0.231391 0.000363387 0.767329
0.8 3.3 0.332454 0.00101074 0.665565
0.8 3.52 0.448451 0.00278878 0.547853
0.8 3.74 0.564308 0.0078395 0.426905
0.8 3.96 0.657897 0.0243939 0.316628
0.8 4.18 0.683819 0.0954004 0.219581
0.8 4.4 0.475119 0.417243 0.10695
0.8 4.62 0.119661 0.861705 0.0188236
0.8 4.84 0.0283502 0.968919 0.00288233
0.8 5.06 0.00893353 0.990525 0.000625987
0.8 5.28 0.00503747 0.994653 0.000304323
0.8 5.5 0.00841169 0.990878 0.000577057
0.8 5.72 0.02614 0.971333 0.00256652
0.8 5.94 0.108894 0.874963 0.016527
0.8 6.16 0.4454 0.456993 0.0969337
0.8 6.38 0.681246 0.105787 0.211341
0.8 6.6 0.66423 0.0265451 0.307741
0.8 6.82 0.573361 0.00843242 0.416726
0.8 7.04 0.458187 0.00299114 0.537288
0.8 7.26 0.341454 0.00108485 0.656009
0.8 7.48 0.238768 0.000390569 0.759471
0.8 7.7 0.157917 0.000139745 0.840851
0.8 7.92 0.0995605 5.09477e-05 0.899547
0.8 8.14 0.0602069 2.01315e-05 0.939132
0.8 8.36 0.0350726 9.61059e-06 0.964453
0.8 8.58 0.0197348 6.06538e-06 0.979993
0.8 8.8 0.0107437 4.88461e-06 0.989149
0.8 9.02 0.00566601 4.4974e-06 0.994394
0.8 9.24 0.00289795 4.37467e-06 0.997274
0.8 9.46 0.00143953 4.34085e-06 0.998775
0.8 9.68 0.000696148 4.33986e-06 0.999513
0.8 9.9 0.000329398 4.3559e-06 0.999847
0.8 10.12 0.000154633 4.38767e-06 0.999902
0.8 10.34 7.54656e-05 4.44373e-06 0.999832
0.8 10.56 4.46102e-05 4.5435e-06 0.9997
0.8 10.78 3.05273e-05 4.98053e-06 0.999692
1 0 5.83955e-05 4.45342e-06 1.00094
1 0.22 7.80114e-05 4.4554e-06 1.00094
1 0.44 0.000148548 4.40145e-06 1.00084
1 0.66 0.000311235 4.3613e-06 1.00065
1 0.88 0.000656615 4.33727e-06 1.00027
1 1.1 0.00135965 4.33134e-06 0.999536
1 1.32 0.0027428 4.35721e-06 0.998031
1 1.54 0.00537485 4.46621e-06 0.99518
1 1.76 0.0102162 4.81946e-06 0.99009
1 1.98 0.0188122 5.90321e-06 0.981205
1 2.2 0.0335211 9.16537e-06 0.966255
1 2.42 0.0577011 1.88592e-05 0.941813
1 2.64 0.0957112 4.72902e-05 0.903562
1 2.86 0.152352 0.000129414 0.846867
1 3.08 0.231309 0.000361903 0.767686
1 3.3 0.33238 0.0010068 0.665933
1 3.52 0.448422 0.0027782 0.548211
1 3.74 0.564375 0.00780905 0.427222
1 3.96 0.658138 0.0242864 0.31689
1 4.18 0.684484 0.0949001 0.219845
1 4.4 0.476934 0.415334 0.107376
1 4.62 0.120287 0.861111 0.0189267
1 4.84 0.0284751 0.968876 0.00289571
1 5.06 0.00896072 0.990586 0.000627718
1 5.28 0.00503612 0.994741 0.000303978
1 5.5 0.00838205 0.990995 0.000574173
1 5.72 0.0260127 0.971565 0.0025492
1 5.94 0.10826 0.87586 0.0164053
1 6.16 0.443573 0.459645 0.0964267
1 6.38 0.68118 0.106484 0.211109
1 6.6 0.664633 0.0266826 0.30758
1 6.82 0.573818 0.00846705 0.416564
1 7.04 0.458607 0.00300169 0.537142
1 7.26 0.3418 0.00108825 0.655911
1 7.48 0.23903 0.000391648 0.759443
1 7.7 0.158102 0.000140069 0.840902
1 7.92 0.0996832 5.10311e-05 0.899668
1 8.14 0.060284 2.01411e-05 0.939301
1 8.36 0.0351188 9.59819e-06 0.964648
1 8.58 0.0197614 6.04656e-06 0.980199
1 8.8 0.0107584 4.86389e-06 0.989355
1 9.02 0.00567392 4.47608e-06 0.994596
1 9.24 0.00290204 4.35311e-06 0.997468
1 9.46 0.00144157 4.31916e-06 0.998957
1 9.68 0.000697129 4.31806e-06 0.999685
1 9.9 0.00032985 4.334e-06 1.00001
1 10.12 0.000154832 4.3656e-06 1.00006
1 10.34 7.55495e-05 4.42134e-06 0.999978
1 10.56 4.4649e-05 4.52047e-06 0.999831
1 10.78 3.05454e-05 4.95533e-06 0.999852
1.2 0 5.83022e-05 4.43884e-06 1.00106
1.2 0.22 7.7893e-05 4.44082e-06 1.00105
1.2 0.44 0.000148342 4.38706e-06 1.00096
1.2 0.66 0.000310838 4.34707e-06 1.00078
1.2 0.88 0.000655836 4.32319e-06 1.00041
1.2 1.1 0.00135815 4.31736e-06 0.999709
1.2 1.32 0.00273998 4.34321e-06 0.998228
1.2 1.54 0.00536973 4.45185e-06 0.9954
1.2 1.76 0.0102072 4.80376e-06 0.99033
1.2 1.98 0.0187969 5.88332e-06 0.981465
1.2 2.2 0.0334962 9.13314e-06 0.966535
1.2 2.42 0.0576627 1.87915e-05 0.942117
1.2 2.64 0.0956555 4.71221e-05 0.903893
1.2 2.86 0.152278 0.000128967 0.847225
1.2 3.08 0.23122 0.000360694 0.768065
1.2 3.3 0.332293 0.00100354 0.66632
1.2 3.52 0.448368 0.00276932 0.548581
1.2 3.74 0.564397 0.00778304 0.427547
1.2 3.96 0.658296 0.0241926 0.317156
1.2 4.18 0.684997 0.0944546 0.220102
1.2 4.4 0.478503 0.413599 0.107772
1.2 4.62 0.120849 0.860556 0.0190249
1.2 4.84 0.0285887 0.968846 0.00290899
1.2 5.06 0.00898611 0.990662 0.000629602
1.2 5.28 0.00503529 0.994847 0.000303807
1.2 5.5 0.00835469 0.991125 0.000571722
1.2 5.72 0.0258948 0.971792 0.00253388
1.2 5.94 0.107676 0.876672 0.0162954
1.2 6.16 0.441853 0.462056 0.0959556
1.2 6.38 0.681063 0.107133 0.210871
1.2 6.6 0.664994 0.0268146 0.307402
1.2 6.82 0.574266 0.00850167 0.416384
1.2 7.04 0.459038 0.00301275 0.536982
1.2 7.26 0.342166 0.00109202 0.655807
1.2 7.48 0.239312 0.000392923 0.759419
1.2 7.7 0.158303 0.000140485 0.840961
1.2 7.92 0.0998171 5.11573e-05 0.899797
1.2 8.14 0.0603685 2.01721e-05 0.939478
1.2 8.36 0.0351697 9.59868e-06 0.964854
1.2 8.58 0.0197909 6.03738e-06 0.980417
1.2 8.8 0.0107748 4.85164e-06 0.989574
1.2 9.02 0.00568274 4.4628e-06 0.994808
1.2 9.24 0.00290662 4.33945e-06 0.997668
1.2 9.46 0.00144386 4.30532e-06 0.999144
1.2 9.68 0.00069824 4.30412e-06 0.999862
1.2 9.9 0.000330368 4.31999e-06 1.00018
1.2 10.12 0.000155064 4.35151e-06 1.00022
1.2 10.34 7.565e-05 4.40707e-06 1.00014
1.2 10.56 4.46978e-05 4.50587e-06 0.999989
1.2 10.78 3.05706e-05 4.93927e-06 1.00001
1.4 0 5.82118e-05 4.42961e-06 1.00116
1.4 0.22 7.77776e-05 4.43162e-06 1.00116
1.4 0.44 0.00014814 4.37812e-06 1.00108
1.4 0.66 0.000310444 4.33829e-06 1.00092
1.4 0.88 0.00065506 4.3145e-06 1.00057
1.4 1.1 0.00135665 4.30874e-06 0.999893
1.4 1.32 0.00273715 4.33457e-06 0.998436
1.4 1.54 0.00536458 4.44293e-06 0.995632
1.4 1.76 0.0101981 4.79376e-06 0.990584
1.4 1.98 0.0187815 5.86992e-06 0.981741
1.4 2.2 0.0334712 9.10965e-06 0.966834
1.4 2.42 0.057624 1.87388e-05 0.942442
1.4 2.64 0.095599 4.69863e-05 0.904246
1.4 2.86 0.152201 0.000128599 0.847604
1.4 3.08 0.231127 0.000359687 0.768463
1.4 3.3 0.332197 0.00100079 0.666721
1.4 3.52 0.448294 0.00276178 0.548961
1.4 3.74 0.56438 0.0077607 0.427876
1.4 3.96 0.658385 0.0241112 0.31742
1.4 4.18 0.685382 0.0940642 0.220347
1.4 4.4 0.479833 0.412065 0.10813
1.4 4.62 0.121337 0.860055 0.0191144
1.4 4.84 0.0286885 0.968822 0.00292126
1.4 5.06 0.0090087 0.990736 0.000631399
1.4 5.28 0.00503458 0.994949 0.000303704
1.4 5.5 0.00833 0.991248 0.000569587
1.4 5.72 0.025789 0.971998 0.00252038
1.4 5.94 0.107154 0.877386 0.016198
1.4 6.16 0.440303 0.464179 0.0955314
1.4 6.38 0.680924 0.107713 0.21064
1.4 6.6 0.66531 0.0269343 0.307221
1.4 6.82 0.574687 0.00853372 0.416203
1.4 7.04 0.45946 0.00302327 0.536828
1.4 7.26 0.342534 0.00109571 0.655717
1.4 7.48 0.239601 0.000394212 0.759415
1.4 7.7 0.15851 0.000140922 0.841044
1.4 7.92 0.0999558 5.12986e-05 0.899948
1.4 8.14 0.0604562 2.02131e-05 0.939675
1.4 8.36 0.0352227 9.60644e-06 0.965077
1.4 8.58 0.0198217 6.03428e-06 0.980651
1.4 8.8 0.0107921 4.84499e-06 0.989806
1.4 9.02 0.00569202 4.45495e-06 0.995031
1.4 9.24 0.00291145 4.33114e-06 0.997878
1.4 9.46 0.00144629 4.29683e-06 0.999341
1.4 9.68 0.000699422 4.29554e-06 1.00005
1.4 9.9 0.000330923 4.31137e-06 1.00036
1.4 10.12 0.000155315 4.34285e-06 1.0004
1.4 10.34 7.57613e-05 4.39836e-06 1.00032
1.4 10.56 4.47539e-05 4.49702e-06 1.00017
1.4 10.78 3.06011e-05 4.92935e-06 1.00018
1.6 0 5.81259e-05 4.42378e-06 1.00123
1.6 0.22 7.76675e-05 4.42576e-06 1.00124
1.6 0.44 0.000147945 4.3722e-06 1.0012
1.6 0.66 0.000310063 4.33239e-06 1.00106
1.6 0.88 0.000654306 4.30866e-06 1.00074
1.6 1.1 0.00135519 4.30295e-06 1.00008
1.6 1.32 0.0027344 4.32878e-06 0.998646
1.6 1.54 0.00535955 4.43691e-06 0.995867
1.6 1.76 0.0101892 4.78685e-06 0.990844
1.6 1.98 0.0187664 5.8602e-06 0.982025
1.6 2.2 0.0334466 9.09154e-06 0.967143
1.6 2.42 0.0575857 1.86963e-05 0.942777
1.6 2.64 0.0955428 4.68739e-05 0.904607
1.6 2.86 0.152124 0.00012829 0.84799
1.6 3.08 0.231031 0.000358835 0.768864
1.6 3.3 0.332092 0.000998462 0.667122
1.6 3.52 0.448202 0.00275533 0.549337
1.6 3.74 0.564329 0.00774148 0.428199
1.6 3.96 0.658416 0.0240405 0.317677
1.6 4.18 0.685662 0.0937226 0.220577
1.6 4.4 0.48094 0.410704 0.108447
1.6 4.62 0.121752 0.85951 0.0191935
1.6 4.84 0.0287734 0.968647 0.00293216
1.6 5.06 0.00902795 0.99062 0.000633005
1.6 5.28 0.00503375 0.994847 0.000303625
1.6 5.5 0.00830811 0.991173 0.000567728
1.6 5.72 0.0256964 0.972023 0.00250864
1.6 5.94 0.106703 0.877885 0.0161135
1.6 6.16 0.438954 0.465949 0.0951598
1.6 6.38 0.680784 0.108205 0.210424
1.6 6.6 0.665581 0.0270374 0.307046
1.6 6.82 0.575068 0.00856182 0.41603
1.6 7.04 0.459854 0.00303267 0.536685
1.6 7.26 0.342885 0.00109907 0.655643
1.6 7.48 0.23988 0.000395409 0.75943
1.6 7.7 0.158713 0.000141337 0.841143
1.6 7.92 0.100092 5.14369e-05 0.900113
1.6 8.14 0.0605427 2.02558e-05 0.939883
1.6 8.36 0.0352751 9.61692e-06 0.965308
1.6 8.58 0.0198522 6.03402e-06 0.980889
1.6 8.8 0.0108092 4.84116e-06 0.99004
1.6 9.02 0.00570127 4.44989e-06 0.995254
1.6 9.24 0.00291629 4.32565e-06 0.998088
1.6 9.46 0.00144873 4.29115e-06 0.999536
1.6 9.68 0.000700613 4.28979e-06 1.00023
1.6 9.9 0.000331485 4.30559e-06 1.00054
1.6 10.12 0.000155571 4.33705e-06 1.00058
1.6 10.34 7.58768e-05 4.39249e-06 1.0005
1.6 10.56 4.48136e-05 4.491e-06 1.00036
1.6 10.78 3.06348e-05 4.92296e-06 1.00033
1.8 0 5.80457e-05 4.42009e-06 1.00125
1.8 0.22 7.75636e-05 4.42204e-06 1.00125
1.8 0.44 0.000147758 4.36847e-06 1.00119
1.8 0.66 0.000309694 4.32867e-06 1.00105
1.8 0.88 0.000653573 4.30497e-06 1.00074
1.8 1.1 0.00135376 4.29929e-06 1.0001
1.8 1.32 0.00273169 4.3251e-06 0.998697
1.8 1.54 0.00535459 4.43304e-06 0.995945
1.8 1.76 0.0101804 4.78223e-06 0.99095
1.8 1.98 0.0187514 5.85319e-06 0.982158
1.8 2.2 0.0334219 9.07739e-06 0.967304
1.8 2.42 0.057547 1.86613e-05 0.942967
1.8 2.64 0.0954848 4.6779e-05 0.904826
1.8 2.86 0.152042 0.000128025 0.848235
1.8 3.08 0.230925 0.000358102 0.769131
1.8 3.3 0.331969 0.00099645 0.667399
1.8 3.52 0.448079 0.00274976 0.549604
1.8 3.74 0.56423 0.00772491 0.428433
1.8 3.96 0.65838 0.0239799 0.317865
1.8 4.18 0.685835 0.0934312 0.220751
1.8 4.4 0.481837 0.409542 0.108705
1.8 4.62 0.122098 0.859029 0.0192591
1.8 4.84 0.0288447 0.968482 0.00294123
1.8 5.06 0.00904425 0.990507 0.000634346
1.8 5.28 0.00503304 0.994748 0.000303542
1.8 5.5 0.00828947 0.991098 0.000566091
1.8 5.72 0.0256181 0.972029 0.00249837
1.8 5.94 0.106323 0.878284 0.0160397
1.8 6.16 0.43781 0.467409 0.094828
1.8 6.38 0.680633 0.108614 0.210192
1.8 6.6 0.665785 0.0271231 0.306828
1.8 6.82 0.575379 0.00858536 0.415797
1.8 7.04 0.46019 0.00304063 0.536465
1.8 7.26 0.343193 0.00110195 0.655472
1.8 7.48 0.24013 0.00039645 0.759331
1.8 7.7 0.158896 0.000141704 0.841116
1.8 7.92 0.100217 5.15614e-05 0.900142
1.8 8.14 0.0606225 2.02958e-05 0.939947
1.8 8.36 0.0353238 9.62803e-06 0.965389
1.8 8.58 0.0198806 6.03539e-06 0.980972
1.8 8.8 0.0108251 4.83924e-06 0.990115
1.8 9.02 0.00570995 4.44686e-06 0.995317
1.8 9.24 0.00292084 4.32221e-06 0.998137
1.8 9.46 0.00145104 4.28757e-06 0.999573
1.8 9.68 0.000701745 4.28615e-06 1.00026
1.8 9.9 0.000332021 4.30193e-06 1.00056
1.8 10.12 0.000155817 4.33339e-06 1.0006
1.8 10.34 7.59887e-05 4.38881e-06 1.00052
1.8 10.56 4.48724e-05 4.48726e-06 1.00037
1.8 10.78 3.0669e-05 4.91894e-06 1.00038
2 0 5.79715e-05 4.41769e-06 1.00122
2 0.22 7.74672e-05 4.41964e-06 1.00123
2 0.44 0.000147584 4.36607e-06 1.00116
2 0.66 0.000309347 4.32627e-06 1.00102
2 0.88 0.000652877 4.30257e-06 1.00072
2 1.1 0.0013524 4.2969e-06 1.0001
2 1.32 0.0027291 4.32268e-06 0.998723
2 1.54 0.00534984 4.43045e-06 0.995998
2 1.76 0.010172 4.779e-06 0.991031
2 1.98 0.018737 5.84795e-06 0.982269
2 2.2 0.0333982 9.06606e-06 0.967445
2 2.42 0.0575094 1.86321e-05 0.943136
2 2.64 0.0954278 4.66986e-05 0.905021
2 2.86 0.151961 0.0001278 0.848453
2 3.08 0.230817 0.000357478 0.769368
2 3.3 0.33184 0.000994737 0.667645
2 3.52 0.447943 0.00274504 0.549842
2 3.74 0.564109 0.00771095 0.428642
2 3.96 0.658309 0.0239292 0.318033
2 4.18 0.685943 0.0931891 0.220905
2 4.4 0.482559 0.408581 0.108924
2 4.62 0.122383 0.858637 0.0193148
2 4.84 0.0289042 0.968361 0.00294899
2 5.06 0.00905806 0.990434 0.000635508
2 5.28 0.00503264 0.994688 0.000303486
2 5.5 0.00827428 0.991056 0.000564741
2 5.72 0.0255544 0.97205 0.00248989
2 5.94 0.106015 0.878616 0.0159788
2 6.16 0.436879 0.468594 0.0945509
2 6.38 0.680504 0.108946 0.209985
2 6.6 0.665949 0.027193 0.306625
2 6.82 0.575638 0.00860462 0.415577
2 7.04 0.460475 0.00304719 0.536254
2 7.26 0.343458 0.00110434 0.655304
2 7.48 0.240348 0.000397322 0.759227
2 7.7 0.159058 0.000142014 0.841078
2 7.92 0.100328 5.16682e-05 0.900155
2 8.14 0.060694 2.03309e-05 0.939992
2 8.36 0.0353676 9.63839e-06 0.965447
2 8.58 0.0199063 6.03733e-06 0.981028
2 8.8 0.0108396 4.83833e-06 0.990161
2 9.02 0.00571784 4.44496e-06 0.995349
2 9.24 0.00292499 4.31998e-06 0.998155
2 9.46 0.00145315 4.28521e-06 0.99958
2 9.68 0.000702783 4.28376e-06 1.00026
2 9.9 0.000332515 4.29954e-06 1.00055
2 10.12 0.000156045 4.33101e-06 1.00059
2 10.34 7.60934e-05 4.38643e-06 1.00051
2 10.56 4.49281e-05 4.48487e-06 1.00036
2 10.78 3.0702e-05 4.91634e-06 1.00038
2.2 0 5.79041e-05 4.41607e-06 1.00116
2.2 0.22 7.73791e-05 4.41801e-06 1.00117
2.2 0.44 0.000147423 4.36445e-06 1.0011
2.2 0.66 0.000309024 4.32464e-06 1.00098
2.2 0.88 0.000652229 4.30093e-06 1.00069
2.2 1.1 0.00135113 4.29524e-06 1.00009
2.2 1.32 0.00272668 4.32098e-06 0.998726
2.2 1.54 0.00534537 4.42859e-06 0.996027
2.2 1.76 0.0101641 4.7766e-06 0.99109
2.2 1.98 0.0187234 5.84382e-06 0.982359
2.2 2.2 0.0333757 9.05675e-06 0.967566
2.2 2.42 0.0574736 1.86076e-05 0.943284
2.2 2.64 0.0953731 4.66305e-05 0.905191
2.2 2.86 0.151882 0.000127609 0.848642
2.2 3.08 0.230709 0.000356946 0.769571
2.2 3.3 0.331706 0.00099328 0.667855
2.2 3.52 0.447796 0.00274104 0.550044
2.2 3.74 0.563969 0.00769919 0.42882
2.2 3.96 0.658208 0.0238871 0.318178
2.2 4.18 0.685994 0.0929901 0.221037
2.2 4.4 0.483126 0.407796 0.109107
2.2 4.62 0.122612 0.858315 0.0193612
2.2 4.84 0.0289527 0.968266 0.00295548
2.2 5.06 0.00906952 0.990386 0.000636489
2.2 5.28 0.00503247 0.994654 0.00030345
2.2 5.5 0.00826219 0.991035 0.000563645
2.2 5.72 0.0255036 0.972072 0.00248302
2.2 5.94 0.105771 0.878878 0.0159294
2.2 6.16 0.436137 0.469527 0.0943239
2.2 6.38 0.680391 0.109207 0.209802
2.2 6.6 0.666073 0.0272479 0.306438
2.2 6.82 0.575843 0.0086198 0.41537
2.2 7.04 0.460708 0.00305239 0.536052
2.2 7.26 0.343679 0.00110625 0.655139
2.2 7.48 0.240531 0.000398026 0.759119
2.2 7.7 0.159196 0.000142267 0.841028
2.2 7.92 0.100423 5.17561e-05 0.900153
2.2 8.14 0.0607562 2.03602e-05 0.94002
2.2 8.36 0.0354059 9.64727e-06 0.965484
2.2 8.58 0.0199288 6.03923e-06 0.981062
2.2 8.8 0.0108524 4.83784e-06 0.990182
2.2 9.02 0.00572479 4.44366e-06 0.995355
2.2 9.24 0.00292865 4.3184e-06 0.998147
2.2 9.46 0.00145502 4.28355e-06 0.999562
2.2 9.68 0.000703706 4.28208e-06 1.00023
2.2 9.9 0.000332956 4.29787e-06 1.00052
2.2 10.12 0.000156249 4.32935e-06 1.00056
2.2 10.34 7.6188e-05 4.38479e-06 1.00048
2.2 10.56 4.49789e-05 4.48322e-06 1.00034
2.2 10.78 3.07325e-05 4.91455e-06 1.00036
2.4 0 5.7844e-05 4.41498e-06 1.00107
2.4 0.22 7.73001e-05 4.41692e-06 1.00109
2.4 0.44 0.000147278 4.36335e-06 1.00104
2.4 0.66 0.000308732 4.32351e-06 1.00093
2.4 0.88 0.00065164 4.29977e-06 1.00065
2.4 1.1 0.00134997 4.29405e-06 1.00006
2.4 1.32 0.00272447 4.31973e-06 0.998722
2.4 1.54 0.00534129 4.42718e-06 0.996046
2.4 1.76 0.0101568 4.77472e-06 0.991136
2.4 1.98 0.0187109 5.84049e-06 0.982435
2.4 2.2 0.0333551 9.04908e-06 0.967672
2.4 2.42 0.0574407 1.85872e-05 0.943416
2.4 2.64 0.0953225 4.65737e-05 0.905343
2.4 2.86 0.151807 0.000127449 0.848807
2.4 3.08 0.230607 0.000356502 0.769745
2.4 3.3 0.331576 0.000992062 0.668032
2.4 3.52 0.447647 0.0027377 0.550215
2.4 3.74 0.563821 0.00768946 0.428971
2.4 3.96 0.658091 0.0238526 0.318302
2.4 4.18 0.686003 0.0928292 0.22115
2.4 4.4 0.483558 0.407161 0.109255
2.4 4.62 0.12279 0.858033 0.0193987
2.4 4.84 0.0289906 0.968166 0.00296074
2.4 5.06 0.00907858 0.990328 0.000637287
2.4 5.28 0.00503234 0.994609 0.000303421
2.4 5.5 0.00825256 0.990998 0.000562758
2.4 5.72 0.0254635 0.972064 0.00247749
2.4 5.94 0.105579 0.879056 0.01589
2.4 6.16 0.435556 0.470237 0.094141
2.4 6.38 0.680298 0.109408 0.209644
2.4 6.6 0.666165 0.02729 0.306271
2.4 6.82 0.576003 0.00863143 0.415183
2.4 7.04 0.460894 0.00305641 0.535868
2.4 7.26 0.34386 0.00110775 0.654985
2.4 7.48 0.240685 0.000398581 0.759015
2.4 7.7 0.159313 0.000142468 0.840978
2.4 7.92 0.100505 5.18266e-05 0.900146
2.4 8.14 0.0608095 2.03839e-05 0.940039
2.4 8.36 0.0354388 9.65454e-06 0.965511
2.4 8.58 0.0199482 6.04085e-06 0.981082
2.4 8.8 0.0108634 4.83753e-06 0.990189
2.4 9.02 0.00573078 4.44268e-06 0.995347
2.4 9.24 0.00293182 4.3172e-06 0.998127
2.4 9.46 0.00145664 4.28229e-06 0.999533
2.4 9.68 0.000704507 4.28083e-06 1.0002
2.4 9.9 0.00033334 4.29664e-06 1.00049
2.4 10.12 0.000156428 4.32814e-06 1.00053
2.4 10.34 7.62714e-05 4.3836e-06 1.00046
2.4 10.56 4.50242e-05 4.48203e-06 1.00031
2.4 10.78 3.07599e-05 4.91325e-06 1.00032
2.6 0 5.77911e-05 4.41432e-06 1.00097
2.6 0.22 7.72299e-05 4.41623e-06 1.00098
2.6 0.44 0.000147146 4.36259e-06 1.00096
2.6 0.66 0.000308466 4.32269e-06 1.00086
2.6 0.88 0.000651101 4.29889e-06 1.0006
2.6 1.1 0.0013489 4.2931e-06 1.00002
2.6 1.32 0.00272242 4.3187e-06 0.998695
2.6 1.54 0.00533751 4.42599e-06 0.996039
2.6 1.76 0.0101501 4.7731e-06 0.991153
2.6 1.98 0.0186993 5.83764e-06 0.982479
2.6 2.2 0.0333359 9.04257e-06 0.967744
2.6 2.42 0.05741 1.85701e-05 0.943513
2.6 2.64 0.0952752 4.65261e-05 0.90546
2.6 2.86 0.151738 0.000127316 0.84894
2.6 3.08 0.23051 0.000356134 0.769888
2.6 3.3 0.331452 0.000991061 0.668178
2.6 3.52 0.447503 0.00273497 0.550357
2.6 3.74 0.563674 0.00768158 0.429099
2.6 3.96 0.657969 0.023825 0.318409
2.6 4.18 0.685985 0.092702 0.221247
2.6 4.4 0.483883 0.406663 0.109377
2.6 4.62 0.122929 0.857815 0.0194294
2.6 4.84 0.0290207 0.968102 0.00296508
2.6 5.06 0.00908594 0.990301 0.000637952
2.6 5.28 0.00503241 0.994594 0.000303411
2.6 5.5 0.00824536 0.990988 0.000562078
2.6 5.72 0.0254335 0.972072 0.00247326
2.6 5.94 0.105435 0.879194 0.0158597
2.6 6.16 0.435119 0.470769 0.0939987
2.6 6.38 0.680225 0.109557 0.209514
2.6 6.6 0.666233 0.0273213 0.306127
2.6 6.82 0.576126 0.00864014 0.41502
2.6 7.04 0.46104 0.00305944 0.535704
2.6 7.26 0.344004 0.00110889 0.654844
2.6 7.48 0.240808 0.000399006 0.758914
2.6 7.7 0.159407 0.000142623 0.84092
2.6 7.92 0.100571 5.18809e-05 0.900122
2.6 8.14 0.060853 2.04021e-05 0.940033
2.6 8.36 0.0354657 9.66005e-06 0.96551
2.6 8.58 0.0199641 6.04198e-06 0.981074
2.6 8.8 0.0108724 4.83716e-06 0.990168
2.6 9.02 0.00573571 4.4418e-06 0.995312
2.6 9.24 0.00293443 4.31616e-06 0.99808
2.6 9.46 0.00145798 4.28121e-06 0.999479
2.6 9.68 0.000705172 4.27977e-06 1.00014
2.6 9.9 0.00033366 4.2956e-06 1.00043
2.6 10.12 0.000156578 4.32713e-06 1.00048
2.6 10.34 7.63412e-05 4.38259e-06 1.00041
2.6 10.56 4.50622e-05 4.481e-06 1.00027
2.6 10.78 3.07834e-05 4.91217e-06 1.00025
2.8 0 5.7745e-05 4.41407e-06 1.00082
2.8 0.22 7.71686e-05 4.41594e-06 1.00084
2.8 0.44 0.000147032 4.36222e-06 1.0008
2.8 0.66 0.000308233 4.32222e-06 1.0007
2.8 0.88 0.000650628 4.2983e-06 1.00044
2.8 1.1 0.00134796 4.2924e-06 0.999866
2.8 1.32 0.00272062 4.31787e-06 0.998548
2.8 1.54 0.00533416 4.42499e-06 0.995906
2.8 1.76 0.0101441 4.77173e-06 0.991039
2.8 1.98 0.018689 5.83522e-06 0.982388
2.8 2.2 0.0333188 9.03712e-06 0.967679
2.8 2.42 0.0573827 1.85559e-05 0.943474
2.8 2.64 0.0952332 4.64871e-05 0.905446
2.8 2.86 0.151676 0.000127208 0.848949
2.8 3.08 0.230425 0.000355838 0.769918
2.8 3.3 0.331344 0.000990263 0.668226
2.8 3.52 0.447379 0.00273282 0.550417
2.8 3.74 0.563547 0.00767543 0.429161
2.8 3.96 0.657864 0.0238037 0.318466
2.8 4.18 0.685964 0.0926042 0.221306
2.8 4.4 0.484127 0.406279 0.109463
2.8 4.62 0.123033 0.857637 0.0194514
2.8 4.84 0.0290434 0.968036 0.00296819
2.8 5.06 0.00909147 0.99026 0.000638426
2.8 5.28 0.00503242 0.994562 0.000303383
2.8 5.5 0.00823983 0.990961 0.000561506
2.8 5.72 0.0254109 0.972061 0.00246977
2.8 5.94 0.10533 0.879285 0.0158349
2.8 6.16 0.434802 0.471156 0.0938794
2.8 6.38 0.680183 0.109668 0.209385
2.8 6.6 0.666297 0.0273445 0.305974
2.8 6.82 0.576232 0.00864661 0.414838
2.8 7.04 0.461163 0.0030617 0.535506
2.8 7.26 0.344123 0.00110974 0.65465
2.8 7.48 0.240909 0.000399327 0.758738
2.8 7.7 0.159485 0.000142739 0.840766
2.8 7.92 0.100625 5.19219e-05 0.899986
2.8 8.14 0.0608884 2.04157e-05 0.939906
2.8 8.36 0.0354877 9.66409e-06 0.965382
2.8 8.58 0.0199771 6.04271e-06 0.980938
2.8 8.8 0.0108797 4.83675e-06 0.99002
2.8 9.02 0.00573976 4.44102e-06 0.995152
2.8 9.24 0.00293657 4.31527e-06 0.997911
2.8 9.46 0.00145908 4.28031e-06 0.999304
2.8 9.68 0.000705721 4.27888e-06 0.999966
2.8 9.9 0.000333925 4.29474e-06 1.00026
2.8 10.12 0.000156702 4.32629e-06 1.0003
2.8 10.34 7.63996e-05 4.38175e-06 1.00023
2.8 10.56 4.50942e-05 4.48016e-06 1.00009
2.8 10.78 3.08029e-05 4.91121e-06 1.00009
3 0 5.77048e-05 4.41433e-06 1.00065
3 0.22 7.71149e-05 4.41609e-06 1.00067
3 0.44 0.00014693 4.36218e-06 1.00064
3 0.66 0.000308024 4.32195e-06 1.00054
3 0.88 0.000650198 4.29782e-06 1.00027
3 1.1 0.0013471 4.29174e-06 0.999699
3 1.32 0.00271896 4.31706e-06 0.998384
3 1.54 0.00533106 4.42398e-06 0.995749
3 1.76 0.0101385 4.77036e-06 0.990894
3 1.98 0.0186793 5.83291e-06 0.982261
3 2.2 0.0333026 9.03217e-06 0.967572
3 2.42 0.0573568 1.85434e-05 0.943392
3 2.64 0.0951936 4.64537e-05 0.905391
3 2.86 0.151619 0.000127117 0.848922
3 3.08 0.230347 0.000355593 0.76992
3 3.3 0.331246 0.000989614 0.668254
3 3.52 0.447269 0.00273111 0.550462
3 3.74 0.563438 0.00767065 0.429214
3 3.96 0.657774 0.0237874 0.318519
3 4.18 0.685941 0.0925305 0.221358
3 4.4 0.484307 0.405991 0.109532
3 4.62 0.123112 0.857504 0.019469
3 4.84 0.0290605 0.967985 0.00297068
3 5.06 0.00909569 0.990229 0.000638807
3 5.28 0.00503248 0.994536 0.000303367
3 5.5 0.00823583 0.990939 0.000561082
3 5.72 0.0253948 0.972052 0.0024672
3 5.94 0.105255 0.87935 0.0158167
3 6.16 0.434583 0.471432 0.0937908
3 6.38 0.680163 0.109746 0.209284
3 6.6 0.666354 0.0273609 0.305851
3 6.82 0.576318 0.00865119 0.414688
3 7.04 0.46126 0.00306331 0.535338
3 7.26 0.344216 0.00111034 0.654477
3 7.48 0.240986 0.00039955 0.758568
3 7.7 0.159542 0.00014282 0.840604
3 7.92 0.100666 5.19498e-05 0.899828
3 8.14 0.0609146 2.04247e-05 0.939749
3 8.36 0.0355039 9.66647e-06 0.965221
3 8.58 0.0199867 6.04283e-06 0.98077
3 8.8 0.0108853 4.83611e-06 0.989845
3 9.02 0.0057428 4.44014e-06 0.994969
3 9.24 0.00293819 4.31432e-06 0.997721
3 9.46 0.00145992 4.27937e-06 0.99911
3 9.68 0.000706138 4.27796e-06 0.999771
3 9.9 0.000334127 4.29384e-06 1.00006
3 10.12 0.000156797 4.32539e-06 1.00011
3 10.34 7.64444e-05 4.38085e-06 1.00005
3 10.56 4.51187e-05 4.47923e-06 0.999914
3 10.78 3.08179e-05 4.91019e-06 0.999888
3.2 0 5.76704e-05 4.41541e-06 1.00045
3.2 0.22 7.70683e-05 4.41691e-06 1.00046
3.2 0.44 0.00014684 4.3626e-06 1.00039
3.2 0.66 0.000307836 4.32199e-06 1.00027
3.2 0.88 0.000649809 4.29754e-06 0.999985
3.2 1.1 0.00134632 4.2912e-06 0.999403
3.2 1.32 0.00271743 4.3163e-06 0.998085
3.2 1.54 0.00532818 4.42302e-06 0.995453
3.2 1.76 0.0101333 4.76903e-06 0.990604
3.2 1.98 0.0186702 5.83074e-06 0.981982
3.2 2.2 0.0332872 9.02768e-06 0.96731
3.2 2.42 0.057332 1.85325e-05 0.943153
3.2 2.64 0.0951558 4.64246e-05 0.905184
3.2 2.86 0.151564 0.00012704 0.848754
3.2 3.08 0.230273 0.000355387 0.769794
3.2 3.3 0.331155 0.000989081 0.668171
3.2 3.52 0.447167 0.00272974 0.550419
3.2 3.74 0.563338 0.00766691 0.429199
3.2 3.96 0.657694 0.0237751 0.318521
3.2 4.18 0.685915 0.0924757 0.221374
3.2 4.4 0.484436 0.405778 0.109573
3.2 4.62 0.12317 0.857408 0.0194801
3.2 4.84 0.0290732 0.967952 0.00297228
3.2 5.06 0.0090989 0.990212 0.000639052
3.2 5.28 0.00503262 0.994524 0.000303339
3.2 5.5 0.0082331 0.99093 0.000560727
3.2 5.72 0.0253839 0.97205 0.00246507
3.2 5.94 0.105205 0.879398 0.0158017
3.2 6.16 0.434438 0.47162 0.0937142
3.2 6.38 0.680156 0.109799 0.209178
3.2 6.6 0.666399 0.027372 0.30571
3.2 6.82 0.57638 0.0086542 0.414507
3.2 7.04 0.461328 0.00306434 0.535122
3.2 7.26 0.34428 0.00111073 0.654233
3.2 7.48 0.241039 0.000399693 0.758306
3.2 7.7 0.159582 0.000142871 0.840327
3.2 7.92 0.100693 5.19668e-05 0.89954
3.2 8.14 0.0609323 2.04298e-05 0.939451
3.2 8.36 0.0355149 9.6675e-06 0.964915
3.2 8.58 0.0199933 6.04248e-06 0.980459
3.2 8.8 0.0108891 4.83532e-06 0.989529
3.2 9.02 0.00574493 4.43923e-06 0.994649
3.2 9.24 0.00293934 4.31339e-06 0.997397
3.2 9.46 0.00146051 4.27844e-06 0.998783
3.2 9.68 0.000706438 4.27705e-06 0.999442
3.2 9.9 0.000334273 4.29293e-06 0.999735
3.2 10.12 0.000156866 4.32448e-06 0.999778
3.2 10.34 7.64766e-05 4.37992e-06 0.999708
3.2 10.56 4.51362e-05 4.47828e-06 0.999568
3.2 10.78 3.08286e-05 4.90916e-06 0.999585
3.4 0 5.76418e-05 4.41786e-06 1.00027
3.4 0.22 7.70293e-05 4.41883e-06 1.00027
3.4 0.44 0.000146764 4.36382e-06 1.00018
3.4 0.66 0.000307676 4.3226e-06 1.00004
3.4 0.88 0.000649476 4.29767e-06 0.999742
3.4 1.1 0.00134564 4.29099e-06 0.99915
3.4 1.32 0.00271611 4.31584e-06 0.997825
3.4 1.54 0.00532568 4.42231e-06 0.995189
3.4 1.76 0.0101287 4.76798e-06 0.990339
3.4 1.98 0.0186621 5.82893e-06 0.981719
3.4 2.2 0.0332735 9.02389e-06 0.967056
3.4 2.42 0.0573098 1.85232e-05 0.942916
3.4 2.64 0.0951216 4.64003e-05 0.904973
3.4 2.86 0.151514 0.000126975 0.848578
3.4 3.08 0.230206 0.000355218 0.76966
3.4 3.3 0.331072 0.000988648 0.66808
3.4 3.52 0.447074 0.00272864 0.550368
3.4 3.74 0.563248 0.007664 0.429178
3.4 3.96 0.657621 0.0237658 0.318519
3.4 4.18 0.685885 0.0924354 0.221385
3.4 4.4 0.484522 0.405623 0.109602
3.4 4.62 0.123209 0.85733 0.0194881
3.4 4.84 0.0290819 0.967919 0.00297343
3.4 5.06 0.00910111 0.990193 0.000639225
3.4 5.28 0.00503271 0.994512 0.000303315
3.4 5.5 0.00823116 0.990918 0.00056046
3.4 5.72 0.0253763 0.97204 0.0024635
3.4 5.94 0.105172 0.87942 0.0157906
3.4 6.16 0.434344 0.471738 0.0936568
3.4 6.38 0.680154 0.109833 0.209091
3.4 6.6 0.666431 0.0273788 0.305593
3.4 6.82 0.576423 0.00865602 0.414353
3.4 7.04 0.461374 0.00306496 0.534932
3.4 7.26 0.344322 0.00111095 0.654014
3.4 7.48 0.241075 0.000399776 0.758063
3.4 7.7 0.159608 0.0001429 0.840066
3.4 7.92 0.100711 5.19762e-05 0.899265
3.4 8.14 0.0609442 2.04324e-05 0.939166
3.4 8.36 0.0355224 9.6678e-06 0.964626
3.4 8.58 0.0199979 6.04202e-06 0.980169
3.4 8.8 0.0108918 4.83464e-06 0.989241
3.4 9.02 0.00574645 4.43851e-06 0.994362
3.4 9.24 0.00294016 4.31268e-06 0.997111
3.4 9.46 0.00146095 4.27775e-06 0.998496
3.4 9.68 0.000706657 4.27637e-06 0.999153
3.4 9.9 0.000334379 4.29225e-06 0.999444
3.4 10.12 0.000156916 4.32379e-06 0.999484
3.4 10.34 7.65003e-05 4.37921e-06 0.999409
3.4 10.56 4.5149e-05 4.47753e-06 0.999266
3.4 10.78 3.08365e-05 4.90834e-06 0.999297
3.6 0 5.76194e-05 4.42267e-06 1.00013
3.6 0.22 7.69982e-05 4.42236e-06 1.00012
3.6 0.44 0.000146702 4.36612e-06 1.00003
3.6 0.66 0.000307545 4.32395e-06 0.99987
3.6 0.88 0.000649202 4.29836e-06 0.999563
3.6 1.1 0.00134509 4.29124e-06 0.998961
3.6 1.32 0.00271501 4.31578e-06 0.997627
3.6 1.54 0.00532359 4.42199e-06 0.994982
3.6 1.76 0.0101248 4.76733e-06 0.990124
3.6 1.98 0.0186552 5.82763e-06 0.981498
3.6 2.2 0.0332617 9.02093e-06 0.966835
3.6 2.42 0.0572905 1.85157e-05 0.942704
3.6 2.64 0.0950918 4.63805e-05 0.90478
3.6 2.86 0.151471 0.000126922 0.848414
3.6 3.08 0.230147 0.00035508 0.769531
3.6 3.3 0.330998 0.000988296 0.667991
3.6 3.52 0.446992 0.00272776 0.550316
3.6 3.74 0.563167 0.00766173 0.429156
3.6 3.96 0.657554 0.0237588 0.318514
3.6 4.18 0.685852 0.0924067 0.221392
3.6 4.4 0.484579 0.405518 0.109624
3.6 4.62 0.123237 0.857304 0.0194941
3.6 4.84 0.0290887 0.967944 0.00297433
3.6 5.06 0.00910303 0.990243 0.000639371
3.6 5.28 0.00503304 0.994572 0.000303309
3.6 5.5 0.00823027 0.990974 0.000560287
3.6 5.72 0.0253725 0.972084 0.00246245
3.6 5.94 0.105154 0.879463 0.0157831
3.6 6.16 0.434293 0.471814 0.093616
3.6 6.38 0.680155 0.109852 0.209022
3.6 6.6 0.666451 0.0273824 0.305496
3.6 6.82 0.576449 0.0086569 0.414224
3.6 7.04 0.461402 0.00306525 0.53477
3.6 7.26 0.344349 0.00111106 0.653824
3.6 7.48 0.241097 0.000399815 0.757851
3.6 7.7 0.159625 0.000142913 0.839837
3.6 7.92 0.100723 5.19806e-05 0.899024
3.6 8.14 0.0609519 2.04335e-05 0.938919
3.6 8.36 0.0355273 9.6678e-06 0.964379
3.6 8.58 0.020001 6.04169e-06 0.979927
3.6 8.8 0.0108936 4.83425e-06 0.989006
3.6 9.02 0.00574753 4.43813e-06 0.994135
3.6 9.24 0.00294077 4.31234e-06 0.996889
3.6 9.46 0.00146127 4.27744e-06 0.998276
3.6 9.68 0.000706819 4.27607e-06 0.998932
3.6 9.9 0.000334459 4.29195e-06 0.99922
3.6 10.12 0.000156954 4.32348e-06 0.999255
3.6 10.34 7.65179e-05 4.37889e-06 0.999175
3.6 10.56 4.51586e-05 4.47719e-06 0.999028
3.6 10.78 3.08423e-05 4.9079e-06 0.999062
3.8 0 5.76029e-05 4.43156e-06 1.00004
3.8 0.22 7.69749e-05 4.42803e-06 1.00004
3.8 0.44 0.000146655 4.36969e-06 0.999941
3.8 0.66 0.000307445 4.32614e-06 0.999781
3.8 0.88 0.000648992 4.29968e-06 0.999468
3.8 1.1 0.00134466 4.29203e-06 0.998859
3.8 1.32 0.00271418 4.31622e-06 0.997516
3.8 1.54 0.00532198 4.42216e-06 0.994858
3.8 1.76 0.0101218 4.76719e-06 0.989986
3.8 1.98 0.0186498 5.82693e-06 0.981348
3.8 2.2 0.0332524 9.0189e-06 0.966676
3.8 2.42 0.0572752 1.85101e-05 0.942545
3.8 2.64 0.0950679 4.63652e-05 0.904632
3.8 2.86 0.151436 0.000126881 0.848285
3.8 3.08 0.230099 0.00035497 0.769429
3.8 3.3 0.330938 0.000988015 0.667921
3.8 3.52 0.446924 0.00272706 0.550275
3.8 3.74 0.563098 0.00765994 0.429138
3.8 3.96 0.657496 0.0237535 0.318512
3.8 4.18 0.685822 0.0923865 0.221399
3.8 4.4 0.484619 0.405452 0.109641
3.8 4.62 0.123259 0.857318 0.0194989
3.8 4.84 0.0290941 0.968017 0.00297506
3.8 5.06 0.0091047 0.990345 0.000639497
3.8 5.28 0.00503352 0.994684 0.000303317
3.8 5.5 0.00823015 0.99108 0.00056019
3.8 5.72 0.0253714 0.972169 0.00246184
3.8 5.94 0.105149 0.879522 0.0157786
3.8 6.16 0.434276 0.471857 0.0935892
3.8 6.38 0.680159 0.10986 0.20897
3.8 6.6 0.666463 0.0273835 0.305421
3.8 6.82 0.576465 0.00865709 0.414123
3.8 7.04 0.46142 0.0030653 0.534643
3.8 7.26 0.344367 0.00111108 0.653675
3.8 7.48 0.241112 0.000399825 0.757686
3.8 7.7 0.159637 0.000142917 0.839661
3.8 7.92 0.100731 5.1982e-05 0.898842
3.8 8.14 0.0609575 2.04339e-05 0.938737
3.8 8.36 0.0355311 9.66788e-06 0.964204
3.8 8.58 0.0200034 6.0417e-06 0.979763
3.8 8.8 0.0108951 4.83429e-06 0.988856
3.8 9.02 0.0057484 4.43822e-06 0.993996
3.8 9.24 0.00294125 4.31248e-06 0.996759
3.8 9.46 0.00146153 4.27762e-06 0.99815
3.8 9.68 0.000706951 4.27626e-06 0.998806
3.8 9.9 0.000334523 4.29214e-06 0.99909
3.8 10.12 0.000156984 4.32366e-06 0.99912
3.8 10.34 7.65324e-05 4.37907e-06 0.999034
3.8 10.56 4.51666e-05 4.4774e-06 0.998883
3.8 10.78 3.08474e-05 4.9079e-06 0.99891
4 0 5.75908e-05 4.44709e-06 1.00001
4 0.22 7.69584e-05 4.43569e-06 1.00001
4 0.44 0.000146622 4.37382e-06 0.999934
4 0.66 0.000307375 4.3284e-06 0.999779
4 0.88 0.000648846 4.30091e-06 0.999465
4 1.1 0.00134437 4.29267e-06 0.998852
4 1.32 0.00271359 4.3165e-06 0.997499
4 1.54 0.00532086 4.42217e-06 0.994826
4 1.76 0.0101197 4.76693e-06 0.989938
4 1.98 0.018646 5.82623e-06 0.981282
4 2.2 0.0332458 9.01722e-06 0.966596
4 2.42 0.0572644 1.85058e-05 0.942458
4 2.64 0.0950511 4.63535e-05 0.904545
4 2.86 0.151412 0.00012685 0.848213
4 3.08 0.230067 0.000354893 0.769375
4 3.3 0.330899 0.000987819 0.667887
4 3.52 0.446881 0.00272657 0.550263
4 3.74 0.563058 0.00765867 0.429142
4 3.96 0.657465 0.0237495 0.318524
4 4.18 0.685812 0.0923687 0.221414
4 4.4 0.484655 0.405381 0.109657
4 4.62 0.123276 0.85726 0.0195031
4 4.84 0.0290983 0.96797 0.00297569
4 5.06 0.00910598 0.990298 0.000639606
4 5.28 0.00503398 0.994636 0.000303333
4 5.5 0.0082304 0.99103 0.000560148
4 5.72 0.0253721 0.972124 0.00246156
4 5.94 0.105152 0.879484 0.0157765
4 6.16 0.434291 0.471836 0.0935756
4 6.38 0.680182 0.109856 0.208937
4 6.6 0.666488 0.0273827 0.305372
4 6.82 0.576491 0.00865692 0.414059
4 7.04 0.461445 0.00306527 0.534564
4 7.26 0.344388 0.00111108 0.653584
4 7.48 0.241129 0.000399825 0.757585
4 7.7 0.159649 0.000142918 0.839557
4 7.92 0.100739 5.19821e-05 0.898739
4 8.14 0.0609629 2.04338e-05 0.938639
4 8.36 0.0355346 9.6677e-06 0.964117
4 8.58 0.0200056 6.04154e-06 0.979693
4 8.8 0.0108965 4.83418e-06 0.988802
4 9.02 0.00574919 4.43817e-06 0.993956
4 9.24 0.0029417 4.31249e-06 0.996731
4 9.46 0.00146176 4.27766e-06 0.998128
4 9.68 0.00070707 4.27632e-06 0.998786
4 9.9 0.000334581 4.29219e-06 0.999066
4 10.12 0.000157012 4.32369e-06 0.99909
4 10.34 7.65456e-05 4.37905e-06 0.998996
4 10.56 4.51741e-05 4.47732e-06 0.998838
4 10.78 3.08522e-05 4.90801e-06 0.998852
4.2 0 5.75808e-05 4.46512e-06 1.00003
4.2 0.22 7.6947e-05 4.44391e-06 1.00005
4.2 0.44 0.000146602 4.37839e-06 1.00001
4.2 0.66 0.000307332 4.33108e-06 0.999868
4.2 0.88 0.000648758 4.30257e-06 0.999555
4.2 1.1 0.00134419 4.29376e-06 0.998936
4.2 1.32 0.00271325 4.31725e-06 0.997575
4.2 1.54 0.0053202 4.42268e-06 0.994887
4.2 1.76 0.0101185 4.76722e-06 0.989981
4.2 1.98 0.0186438 5.82621e-06 0.981306
4.2 2.2 0.0332419 9.01657e-06 0.966603
4.2 2.42 0.0572579 1.85034e-05 0.942449
4.2 2.64 0.0950414 4.6344e-05 0.904519
4.2 2.86 0.151398 0.000126831 0.848202
4.2 3.08 0.230049 0.000354845 0.769372
4.2 3.3 0.330879 0.000987701 0.667886
4.2 3.52 0.446862 0.00272628 0.550283
4.2 3.74 0.563045 0.00765792 0.42917
4.2 3.96 0.65746 0.0237469 0.318551
4.2 4.18 0.68582 0.0923564 0.221437
4.2 4.4 0.484694 0.40533 0.109675
4.2 4.62 0.123292 0.857223 0.0195074
4.2 4.84 0.0291018 0.967932 0.00297634
4.2 5.06 0.00910701 0.990252 0.000639722
4.2 5.28 0.00503443 0.994583 0.000303363
4.2 5.5 0.00823096 0.99097 0.000560166
4.2 5.72 0.0253742 0.972084 0.00246163
4.2 5.94 0.105164 0.879453 0.0157769
4.2 6.16 0.434333 0.471798 0.0935744
4.2 6.38 0.68022 0.109847 0.20892
4.2 6.6 0.666527 0.0273811 0.305346
4.2 6.82 0.576529 0.00865664 0.414032
4.2 7.04 0.461479 0.00306521 0.534525
4.2 7.26 0.344415 0.00111107 0.653548
4.2 7.48 0.24115 0.000399825 0.757541
4.2 7.7 0.159663 0.000142919 0.839528
4.2 7.92 0.100749 5.19829e-05 0.898719
4.2 8.14 0.060969 2.04343e-05 0.93863
4.2 8.36 0.0355384 9.66808e-06 0.964124
4.2 8.58 0.020008 6.04192e-06 0.97972
4.2 8.8 0.0108979 4.8346e-06 0.988848
4.2 9.02 0.00575 4.43865e-06 0.994017
4.2 9.24 0.00294214 4.31302e-06 0.996804
4.2 9.46 0.00146199 4.27823e-06 0.998209
4.2 9.68 0.000707187 4.27691e-06 0.998869
4.2 9.9 0.000334638 4.29279e-06 0.999146
4.2 10.12 0.000157039 4.32427e-06 0.999165
4.2 10.34 7.65586e-05 4.37961e-06 0.999066
4.2 10.56 4.51817e-05 4.47787e-06 0.9989
4.2 10.78 3.08573e-05 4.90865e-06 0.998875
4.4 0 5.7575e-05 4.47601e-06 1.00008
4.4 0.22 7.69401e-05 4.4504e-06 1.00009
4.4 0.44 0.000146589 4.38235e-06 1.00002
4.4 0.66 0.000307304 4.33358e-06 0.999856
4.4 0.88 0.000648699 4.30424e-06 0.999535
4.4 1.1 0.00134407 4.29496e-06 0.998911
4.4 1.32 0.00271303 4.31818e-06 0.997542
4.4 1.54 0.00531978 4.42341e-06 0.994841
4.4 1.76 0.0101177 4.76776e-06 0.989919
4.4 1.98 0.0186423 5.82652e-06 0.981227
4.4 2.2 0.0332394 9.01642e-06 0.966507
4.4 2.42 0.0572536 1.8502e-05 0.94234
4.4 2.64 0.0950349 4.63378e-05 0.904399
4.4 2.86 0.151389 0.000126817 0.848095
4.4 3.08 0.230038 0.000354811 0.76928
4.4 3.3 0.330868 0.000987616 0.66781
4.4 3.52 0.446855 0.00272608 0.550234
4.4 3.74 0.563045 0.00765737 0.42914
4.4 3.96 0.657467 0.0237449 0.318532
4.4 4.18 0.685836 0.0923462 0.221425
4.4 4.4 0.484734 0.405286 0.109674
4.4 4.62 0.123307 0.857195 0.0195082
4.4 4.84 0.0291051 0.967904 0.00297644
4.4 5.06 0.00910795 0.990214 0.000639737
4.4 5.28 0.00503492 0.994538 0.000303359
4.4 5.5 0.00823182 0.990922 0.000560137
4.4 5.72 0.0253776 0.972052 0.0024615
4.4 5.94 0.105181 0.879423 0.0157761
4.4 6.16 0.434395 0.471742 0.0935657
4.4 6.38 0.680265 0.109832 0.208881
4.4 6.6 0.666568 0.0273784 0.30529
4.4 6.82 0.576568 0.00865611 0.413964
4.4 7.04 0.461511 0.00306507 0.534439
4.4 7.26 0.344441 0.00111103 0.65345
4.4 7.48 0.241168 0.000399814 0.757429
4.4 7.7 0.159676 0.000142916 0.839418
4.4 7.92 0.100757 5.19827e-05 0.898613
4.4 8.14 0.0609741 2.04347e-05 0.938532
4.4 8.36 0.0355416 9.6686e-06 0.964039
4.4 8.58 0.02001 6.04252e-06 0.979653
4.4 8.8 0.0108991 4.83527e-06 0.988797
4.4 9.02 0.00575068 4.43938e-06 0.99398
4.4 9.24 0.00294251 4.31381e-06 0.996779
4.4 9.46 0.00146218 4.27906e-06 0.99819
4.4 9.68 0.000707283 4.27777e-06 0.998854
4.4 9.9 0.000334684 4.29366e-06 0.999128
4.4 10.12 0.000157061 4.32514e-06 0.99914
4.4 10.34 7.65695e-05 4.38046e-06 0.999026
4.4 10.56 4.51883e-05 4.47874e-06 0.998841
4.4 10.78 3.08618e-05 4.90961e-06 0.998863
4.6 0 5.75726e-05 4.48177e-06 1.00015
4.6 0.22 7.69368e-05 4.45456e-06 1.00016
4.6 0.44 0.000146582 4.3852e-06 1.00006
4.6 0.66 0.000307286 4.33555e-06 0.999885
4.6 0.88 0.000648662 4.30569e-06 0.999554
4.6 1.1 0.001344 4.2961e-06 0.998923
4.6 1.32 0.00271289 4.31913e-06 0.997545
4.6 1.54 0.00531952 4.42422e-06 0.994833
4.6 1.76 0.0101172 4.76844e-06 0.989897
4.6 1.98 0.0186414 5.82703e-06 0.981188
4.6 2.2 0.0332379 9.01659e-06 0.966453
4.6 2.42 0.0572512 1.85013e-05 0.942273
4.6 2.64 0.0950313 4.63345e-05 0.904326
4.6 2.86 0.151385 0.000126808 0.848027
4.6 3.08 0.230034 0.000354786 0.769223
4.6 3.3 0.330867 0.000987556 0.667767
4.6 3.52 0.446862 0.00272594 0.55021
4.6 3.74 0.563062 0.00765699 0.429129
4.6 3.96 0.657495 0.0237435 0.318528
4.6 4.18 0.685877 0.0923385 0.221425
4.6 4.4 0.484794 0.405256 0.109681
4.6 4.62 0.123327 0.857199 0.0195103
4.6 4.84 0.0291095 0.967915 0.00297677
4.6 5.06 0.00910928 0.990219 0.0006398
4.6 5.28 0.0050357 0.994538 0.000303384
4.6 5.5 0.00823329 0.990923 0.000560181
4.6 5.72 0.0253831 0.972061 0.00246174
4.6 5.94 0.105208 0.87942 0.0157778
4.6 6.16 0.434487 0.471681 0.0935695
4.6 6.38 0.680333 0.109815 0.208864
4.6 6.6 0.666623 0.0273753 0.305262
4.6 6.82 0.576615 0.00865543 0.413929
4.6 7.04 0.461548 0.00306488 0.534393
4.6 7.26 0.344467 0.00111097 0.653396
4.6 7.48 0.241185 0.000399795 0.757366
4.6 7.7 0.159687 0.000142911 0.839356
4.6 7.92 0.100764 5.19816e-05 0.898555
4.6 8.14 0.0609787 2.04349e-05 0.938482
4.6 8.36 0.0355444 9.66917e-06 0.964001
4.6 8.58 0.0200117 6.04325e-06 0.979631
4.6 8.8 0.0109001 4.83607e-06 0.98879
4.6 9.02 0.00575124 4.44025e-06 0.993987
4.6 9.24 0.00294281 4.31474e-06 0.996797
4.6 9.46 0.00146234 4.28003e-06 0.998215
4.6 9.68 0.00070736 4.27877e-06 0.998881
4.6 9.9 0.000334721 4.29468e-06 0.999155
4.6 10.12 0.000157079 4.32618e-06 0.999164
4.6 10.34 7.65785e-05 4.3815e-06 0.999043
4.6 10.56 4.51939e-05 4.47979e-06 0.998852
4.6 10.78 3.0866e-05 4.91077e-06 0.998892
4.8 0 5.75721e-05 4.48418e-06 1.00024
4.8 0.22 7.69358e-05 4.45657e-06 1.00024
4.8 0.44 0.000146579 4.3868e-06 1.00014
4.8 0.66 0.000307281 4.33686e-06 0.999956
4.8 0.88 0.00064865 4.3068e-06 0.999616
4.8 1.1 0.00134398 4.29709e-06 0.998975
4.8 1.32 0.00271285 4.32003e-06 0.997589
4.8 1.54 0.00531945 4.42505e-06 0.994867
4.8 1.76 0.0101171 4.76918e-06 0.989918
4.8 1.98 0.0186413 5.82764e-06 0.981195
4.8 2.2 0.0332376 9.01699e-06 0.966447
4.8 2.42 0.0572509 1.85012e-05 0.942257
4.8 2.64 0.0950315 4.63329e-05 0.904305
4.8 2.86 0.151386 0.000126803 0.848008
4.8 3.08 0.230039 0.000354773 0.76921
4.8 3.3 0.330879 0.000987525 0.667763
4.8 3.52 0.446886 0.00272587 0.550215
4.8 3.74 0.563101 0.00765679 0.42914
4.8 3.96 0.657549 0.0237426 0.31854
4.8 4.18 0.685946 0.0923323 0.221438
4.8 4.4 0.484877 0.405231 0.109695
4.8 4.62 0.123353 0.857225 0.0195138
4.8 4.84 0.0291154 0.967956 0.00297729
4.8 5.06 0.00911106 0.99026 0.000639904
4.8 5.28 0.00503679 0.994578 0.000303433
4.8 5.5 0.00823537 0.990963 0.000560282
4.8 5.72 0.0253906 0.972101 0.00246227
4.8 5.94 0.105243 0.879438 0.0157815
4.8 6.16 0.434609 0.471616 0.0935847
4.8 6.38 0.680427 0.109796 0.208867
4.8 6.6 0.666699 0.027372 0.30526
4.8 6.82 0.576677 0.0086547 0.413926
4.8 7.04 0.461595 0.00306468 0.534388
4.8 7.26 0.344499 0.0011109 0.653388
4.8 7.48 0.241207 0.000399774 0.757357
4.8 7.7 0.159701 0.000142905 0.839348
4.8 7.92 0.100773 5.19802e-05 0.898551
4.8 8.14 0.0609838 2.0435e-05 0.938486
4.8 8.36 0.0355474 9.66977e-06 0.964016
4.8 8.58 0.0200135 6.04402e-06 0.979657
4.8 8.8 0.0109011 4.83694e-06 0.988829
4.8 9.02 0.00575177 4.44119e-06 0.994039
4.8 9.24 0.00294309 4.31574e-06 0.996858
4.8 9.46 0.00146248 4.28106e-06 0.998283
4.8 9.68 0.00070743 4.27984e-06 0.998953
4.8 9.9 0.000334756 4.29578e-06 0.999231
4.8 10.12 0.000157096 4.3273e-06 0.999241
4.8 10.34 7.65872e-05 4.38264e-06 0.999119
4.8 10.56 4.51994e-05 4.48096e-06 0.998928
4.8 10.78 3.087e-05 4.91205e-06 0.998971
5 0 5.7573e-05 4.48378e-06 1.00035
5 0.22 7.6937e-05 4.45654e-06 1.00035
5 0.44 0.000146581 4.38713e-06 1.00025
5 0.66 0.000307286 4.33746e-06 1.00006
5 0.88 0.000648663 4.30755e-06 0.999715
5 1.1 0.00134401 4.29791e-06 0.999067
5 1.32 0.00271292 4.32087e-06 0.997673
5 1.54 0.00531959 4.42587e-06 0.994942
5 1.76 0.0101174 4.76997e-06 0.989982
5 1.98 0.0186418 5.82836e-06 0.981247
5 2.2 0.0332386 9.0176e-06 0.966488
5 2.42 0.0572528 1.85016e-05 0.94229
5 2.64 0.0950352 4.63327e-05 0.904333
5 2.86 0.151393 0.000126801 0.848033
5 3.08 0.230052 0.000354765 0.769236
5 3.3 0.330902 0.000987503 0.667791
5 3.52 0.446923 0.00272581 0.550245
5 3.74 0.563156 0.00765662 0.429169
5 3.96 0.657624 0.0237416 0.318566
5 4.18 0.68604 0.0923258 0.221459
5 4.4 0.484984 0.405206 0.109715
5 4.62 0.123386 0.857263 0.0195184
5 4.84 0.0291224 0.968007 0.00297795
5 5.06 0.00911313 0.990309 0.00064003
5 5.28 0.00503806 0.994627 0.000303494
5 5.5 0.00823782 0.991013 0.000560419
5 5.72 0.0253994 0.972151 0.00246302
5 5.94 0.105285 0.879464 0.0157868
5 6.16 0.43476 0.471541 0.0936092
5 6.38 0.680544 0.109775 0.208884
5 6.6 0.666792 0.0273681 0.305278
5 6.82 0.57675 0.00865384 0.413948
5 7.04 0.461649 0.00306443 0.534414
5 7.26 0.344537 0.00111082 0.653418
5 7.48 0.241232 0.000399748 0.757391
5 7.7 0.159717 0.000142897 0.839386
5 7.92 0.100783 5.19785e-05 0.898596
5 8.14 0.0609897 2.0435e-05 0.938539
5 8.36 0.0355509 9.67039e-06 0.964078
5 8.58 0.0200154 6.04484e-06 0.979729
5 8.8 0.0109022 4.83786e-06 0.988912
5 9.02 0.00575236 4.44218e-06 0.994132
5 9.24 0.00294339 4.31678e-06 0.996961
5 9.46 0.00146263 4.28215e-06 0.998392
5 9.68 0.000707505 4.28096e-06 0.999069
5 9.9 0.000334792 4.29694e-06 0.999352
5 10.12 0.000157113 4.3285e-06 0.999367
5 10.34 7.65965e-05 4.38387e-06 0.99925
5 10.56 4.52053e-05 4.48222e-06 0.999061
5 10.78 3.08743e-05 4.91341e-06 0.999104
5.2 0 5.75751e-05 4.48003e-06 1.00048
5.2 0.22 7.69393e-05 4.45426e-06 1.00048
5.2 0.44 0.000146585 4.38608e-06 1.00036
5.2 0.66 0.000307295 4.33722e-06 1.00017
5.2 0.88 0.000648684 4.3078e-06 0.99982
5.2 1.1 0.00134406 4.29842e-06 0.999167
5.2 1.32 0.00271302 4.32151e-06 0.997767
5.2 1.54 0.0053198 4.42655e-06 0.995029
5.2 1.76 0.0101178 4.77064e-06 0.99006
5.2 1.98 0.0186426 5.82898e-06 0.981317
5.2 2.2 0.0332402 9.01811e-06 0.96655
5.2 2.42 0.0572557 1.85018e-05 0.942349
5.2 2.64 0.0950406 4.63325e-05 0.90439
5.2 2.86 0.151403 0.000126798 0.848085
5.2 3.08 0.230069 0.000354753 0.769285
5.2 3.3 0.330929 0.000987466 0.667839
5.2 3.52 0.446966 0.0027257 0.550287
5.2 3.74 0.563219 0.00765626 0.429205
5.2 3.96 0.657706 0.0237399 0.318596
5.2 4.18 0.686141 0.0923156 0.221485
5.2 4.4 0.485107 0.405168 0.10974
5.2 4.62 0.123425 0.857309 0.0195242
5.2 4.84 0.0291309 0.968079 0.00297876
5.2 5.06 0.00911563 0.990386 0.000640185
5.2 5.28 0.00503958 0.994706 0.00030357
5.2 5.5 0.00824072 0.991094 0.000560589
5.2 5.72 0.0254097 0.972223 0.00246394
5.2 5.94 0.105334 0.879498 0.0157935
5.2 6.16 0.43493 0.471449 0.0936402
5.2 6.38 0.680669 0.109747 0.20891
5.2 6.6 0.666888 0.0273631 0.305307
5.2 6.82 0.576825 0.00865266 0.413984
5.2 7.04 0.461705 0.00306408 0.53446
5.2 7.26 0.344576 0.00111071 0.65347
5.2 7.48 0.241258 0.000399711 0.75745
5.2 7.7 0.159733 0.000142885 0.83945
5.2 7.92 0.100793 5.19752e-05 0.898665
5.2 8.14 0.0609957 2.04345e-05 0.938614
5.2 8.36 0.0355544 9.67076e-06 0.964159
5.2 8.58 0.0200174 6.04552e-06 0.979818
5.2 8.8 0.0109032 4.83867e-06 0.989009
5.2 9.02 0.00575291 4.44306e-06 0.994237
5.2 9.24 0.00294368 4.31771e-06 0.997074
5.2 9.46 0.00146278 4.28313e-06 0.998513
5.2 9.68 0.000707575 4.28198e-06 0.999196
5.2 9.9 0.000334826 4.29799e-06 0.999487
5.2 10.12 0.00015713 4.32959e-06 0.999509
5.2 10.34 7.66052e-05 4.385e-06 0.999399
5.2 10.56 4.52109e-05 4.48339e-06 0.999218
5.2 10.78 3.08785e-05 4.91469e-06 0.999262
5.4 0 5.75789e-05 4.4711e-06 1.0006
5.4 0.22 7.69429e-05 4.44943e-06 1.0006
5.4 0.44 0.000146591 4.38364e-06 1.00047
5.4 0.66 0.000307306 4.33616e-06 1.00027
5.4 0.88 0.00064871 4.30753e-06 0.999921
5.4 1.1 0.00134412 4.29858e-06 0.999265
5.4 1.32 0.00271315 4.32187e-06 0.99786
5.4 1.54 0.00532007 4.42701e-06 0.995117
5.4 1.76 0.0101183 4.7711e-06 0.990142
5.4 1.98 0.0186436 5.82939e-06 0.981393
5.4 2.2 0.033242 9.01831e-06 0.966621
5.4 2.42 0.0572592 1.85015e-05 0.942418
5.4 2.64 0.0950466 4.63318e-05 0.904463
5.4 2.86 0.151413 0.00012679 0.848147
5.4 3.08 0.230086 0.000354727 0.769341
5.4 3.3 0.330955 0.000987383 0.667893
5.4 3.52 0.447004 0.00272545 0.550327
5.4 3.74 0.563271 0.00765544 0.429236
5.4 3.96 0.657775 0.0237367 0.31862
5.4 4.18 0.686232 0.0922992 0.221506
5.4 4.4 0.485234 0.405108 0.109766
5.4 4.62 0.123467 0.857342 0.0195305
5.4 4.84 0.0291402 0.968154 0.00297967
5.4 5.06 0.0091184 0.990473 0.000640357
5.4 5.28 0.00504127 0.9948 0.000303655
5.4 5.5 0.0082439 0.991191 0.000560779
5.4 5.72 0.0254209 0.9723 0.00246498
5.4 5.94 0.105387 0.879522 0.0158009
5.4 6.16 0.435107 0.471332 0.0936738
5.4 6.38 0.680783 0.109712 0.208937
5.4 6.6 0.666969 0.0273562 0.305336
5.4 6.82 0.576889 0.00865093 0.414019
5.4 7.04 0.461753 0.00306355 0.534509
5.4 7.26 0.34461 0.00111053 0.653526
5.4 7.48 0.241281 0.000399653 0.757521
5.4 7.7 0.159749 0.000142867 0.839522
5.4 7.92 0.100802 5.19697e-05 0.898743
5.4 8.14 0.0610017 2.04332e-05 0.938697
5.4 8.36 0.0355578 9.67074e-06 0.964248
5.4 8.58 0.0200192 6.04593e-06 0.97991
5.4 8.8 0.0109042 4.83926e-06 0.989107
5.4 9.02 0.00575345 4.44374e-06 0.994342
5.4 9.24 0.00294396 4.31844e-06 0.997185
5.4 9.46 0.00146291 4.2839e-06 0.998632
5.4 9.68 0.000707643 4.28279e-06 0.999323
5.4 9.9 0.000334859 4.29883e-06 0.999621
5.4 10.12 0.000157146 4.33045e-06 0.999651
5.4 10.34 7.66137e-05 4.38591e-06 0.999553
5.4 10.56 4.52163e-05 4.48434e-06 0.999386
5.4 10.78 3.08825e-05 4.91575e-06 0.999429
5.6 0 5.75844e-05 4.45481e-06 1.00073
5.6 0.22 7.69481e-05 4.44244e-06 1.00072
5.6 0.44 0.000146598 4.38016e-06 1.00058
5.6 0.66 0.000307324 4.3345e-06 1.00038
5.6 0.88 0.000648751 4.30685e-06 1.00002
5.6 1.1 0.00134421 4.29842e-06 0.999366
5.6 1.32 0.00271334 4.32198e-06 0.997957
5.6 1.54 0.00532045 4.42723e-06 0.99521
5.6 1.76 0.0101191 4.77135e-06 0.990231
5.6 1.98 0.018645 5.82956e-06 0.981479
5.6 2.2 0.0332446 9.01821e-06 0.966707
5.6 2.42 0.057264 1.85007e-05 0.942505
5.6 2.64 0.0950547 4.6331e-05 0.904558
5.6 2.86 0.151426 0.000126779 0.848222
5.6 3.08 0.230106 0.000354689 0.769407
5.6 3.3 0.330985 0.000987267 0.667957
5.6 3.52 0.447045 0.0027251 0.55037
5.6 3.74 0.563324 0.00765431 0.429266
5.6 3.96 0.657841 0.0237324 0.318641
5.6 4.18 0.68632 0.092278 0.221526
5.6 4.4 0.485366 0.405029 0.109793
5.6 4.62 0.123512 0.857361 0.0195371
5.6 4.84 0.0291501 0.96822 0.00298063
5.6 5.06 0.00912131 0.990554 0.000640535
5.6 5.28 0.00504301 0.994889 0.000303741
5.6 5.5 0.00824717 0.991287 0.000560974
5.6 5.72 0.0254325 0.972371 0.00246605
5.6 5.94 0.105441 0.879534 0.0158086
5.6 6.16 0.435288 0.471196 0.0937084
5.6 6.38 0.680892 0.109672 0.208964
5.6 6.6 0.667046 0.0273482 0.305366
5.6 6.82 0.57695 0.00864887 0.414054
5.6 7.04 0.461802 0.00306291 0.534563
5.6 7.26 0.344648 0.00111032 0.653589
5.6 7.48 0.241308 0.000399584 0.757604
5.6 7.7 0.159767 0.000142844 0.839606
5.6 7.92 0.100814 5.19627e-05 0.898833
5.6 8.14 0.0610088 2.04312e-05 0.938794
5.6 8.36 0.035562 9.67039e-06 0.964347
5.6 8.58 0.0200215 6.0461e-06 0.98001
5.6 8.8 0.0109055 4.83962e-06 0.98921
5.6 9.02 0.0057541 4.44418e-06 0.99445
5.6 9.24 0.00294429 4.31892e-06 0.997298
5.6 9.46 0.00146308 4.28443e-06 0.998751
5.6 9.68 0.000707724 4.28334e-06 0.999449
5.6 9.9 0.000334897 4.29942e-06 0.999755
5.6 10.12 0.000157164 4.33106e-06 0.999795
5.6 10.34 7.66233e-05 4.38656e-06 0.999711
5.6 10.56 4.52224e-05 4.48504e-06 0.999565
5.6 10.78 3.08868e-05 4.91653e-06 0.999599
5.8 0 5.75885e-05 4.43931e-06 1.00084
5.8 0.22 7.69533e-05 4.43533e-06 1.00082
5.8 0.44 0.00014661 4.37647e-06 1.00069
5.8 0.66 0.000307351 4.33262e-06 1.00048
5.8 0.88 0.00064881 4.30594e-06 1.00012
5.8 1.1 0.00134433 4.29804e-06 0.999463
5.8 1.32 0.00271359 4.32186e-06 0.99805
5.8 1.54 0.00532097 4.42724e-06 0.995302
5.8 1.76 0.0101201 4.7714e-06 0.990323
5.8 1.98 0.018647 5.82954e-06 0.981573
5.8 2.2 0.0332483 9.01786e-06 0.966804
5.8 2.42 0.0572704 1.84993e-05 0.942603
5.8 2.64 0.0950654 4.6327e-05 0.904655
5.8 2.86 0.151443 0.000126765 0.848307
5.8 3.08 0.230131 0.000354643 0.769481
5.8 3.3 0.33102 0.000987129 0.668018
5.8 3.52 0.447091 0.00272468 0.550413
5.8 3.74 0.56338 0.00765298 0.429295
5.8 3.96 0.657908 0.0237273 0.318661
5.8 4.18 0.686405 0.092253 0.221543
5.8 4.4 0.485499 0.404933 0.109819
5.8 4.62 0.123559 0.857357 0.0195438
5.8 4.84 0.0291601 0.968262 0.00298158
5.8 5.06 0.00912418 0.990607 0.000640708
5.8 5.28 0.00504469 0.994947 0.000303822
5.8 5.5 0.00825032 0.991347 0.000561159
5.8 5.72 0.0254438 0.972416 0.00246708
5.8 5.94 0.105495 0.879523 0.015816
5.8 6.16 0.435467 0.471045 0.0937415
5.8 6.38 0.680998 0.109629 0.208984
5.8 6.6 0.667124 0.0273395 0.305387
5.8 6.82 0.577016 0.00864667 0.414084
5.8 7.04 0.461857 0.00306224 0.534609
5.8 7.26 0.344691 0.0011101 0.65365
5.8 7.48 0.24134 0.00039951 0.757683
5.8 7.7 0.159789 0.000142821 0.839695
5.8 7.92 0.100829 5.19551e-05 0.89893
5.8 8.14 0.0610178 2.04289e-05 0.938897
5.8 8.36 0.0355672 9.66979e-06 0.964452
5.8 8.58 0.0200244 6.04605e-06 0.980113
5.8 8.8 0.010907 4.83976e-06 0.989313
5.8 9.02 0.00575493 4.4444e-06 0.994555
5.8 9.24 0.0029447 4.31918e-06 0.997405
5.8 9.46 0.00146329 4.28471e-06 0.998863
5.8 9.68 0.000707825 4.28365e-06 0.999567
5.8 9.9 0.000334946 4.29975e-06 0.999881
5.8 10.12 0.000157188 4.33142e-06 0.99993
5.8 10.34 7.6635e-05 4.38696e-06 0.999858
5.8 10.56 4.52294e-05 4.48546e-06 0.99972
5.8 10.78 3.08917e-05 4.917e-06 0.999756
6 0 5.75921e-05 4.4303e-06 1.00093
6 0.22 7.69593e-05 4.42983e-06 1.00091
6 0.44 0.000146625 4.37324e-06 1.00077
6 0.66 0.000307385 4.33076e-06 1.00057
6 0.88 0.000648885 4.3049e-06 1.00021
6 1.1 0.00134449 4.29743e-06 0.999539
6 1.32 0.00271391 4.3215e-06 0.998123
6 1.54 0.00532161 4.427e-06 0.995373
6 1.76 0.0101214 4.77118e-06 0.990398
6 1.98 0.0186494 5.82923e-06 0.981654
6 2.2 0.0332527 9.01714e-06 0.966891
6 2.42 0.0572782 1.84973e-05 0.942693
6 2.64 0.0950781 4.63207e-05 0.904742
6 2.86 0.151463 0.000126746 0.848386
6 3.08 0.23016 0.000354588 0.769548
6 3.3 0.331059 0.000986964 0.668071
6 3.52 0.447139 0.00272419 0.550451
6 3.74 0.563436 0.00765142 0.42932
6 3.96 0.657971 0.0237213 0.318676
6 4.18 0.686482 0.0922242 0.221555
6 4.4 0.485627 0.404818 0.109842
6 4.62 0.123603 0.857323 0.0195502
6 4.84 0.0291697 0.96827 0.00298248
6 5.06 0.00912688 0.990628 0.000640866
6 5.28 0.00504624 0.99497 0.000303893
6 5.5 0.00825318 0.991368 0.000561319
6 5.72 0.0254541 0.972425 0.00246799
6 5.94 0.105545 0.879484 0.0158227
6 6.16 0.435633 0.470884 0.09377
6 6.38 0.681093 0.109585 0.208996
6 6.6 0.667196 0.0273305 0.305399
6 6.82 0.577082 0.00864439 0.414105
6 7.04 0.461915 0.00306154 0.534643
6 7.26 0.344739 0.00110987 0.653701
6 7.48 0.241377 0.000399434 0.757749
6 7.7 0.159815 0.000142796 0.839774
6 7.92 0.100846 5.1947e-05 0.899019
6 8.14 0.0610286 2.04262e-05 0.938989
6 8.36 0.0355736 9.66891e-06 0.964543
6 8.58 0.020028 6.04574e-06 0.980201
6 8.8 0.0109089 4.83963e-06 0.989397
6 9.02 0.00575593 4.44434e-06 0.994638
6 9.24 0.00294522 4.31914e-06 0.997488
6 9.46 0.00146354 4.28469e-06 0.998949
6 9.68 0.000707949 4.28365e-06 0.999657
6 9.9 0.000335005 4.29976e-06 0.999978
6 10.12 0.000157216 4.33145e-06 1.00003
6 10.34 7.66487e-05 4.38701e-06 0.99997
6 10.56 4.52376e-05 4.48552e-06 0.999835
6 10.78 3.08969e-05 4.91709e-06 0.999876
6.2 0 5.75973e-05 4.4251e-06 1.00098
6.2 0.22 7.69672e-05 4.42599e-06 1.00096
6.2 0.44 0.000146641 4.37069e-06 1.00084
6.2 0.66 0.00030742 4.32914e-06 1.00064
6.2 0.88 0.000648956 4.30385e-06 1.00028
6.2 1.1 0.00134462 4.29672e-06 0.999611
6.2 1.32 0.00271416 4.32097e-06 0.998191
6.2 1.54 0.00532206 4.42657e-06 0.995442
6.2 1.76 0.0101222 4.77078e-06 0.990471
6.2 1.98 0.0186508 5.82872e-06 0.981735
6.2 2.2 0.0332551 9.01618e-06 0.966978
6.2 2.42 0.0572818 1.84948e-05 0.942781
6.2 2.64 0.0950829 4.63136e-05 0.904824
6.2 2.86 0.151468 0.000126724 0.848456
6.2 3.08 0.230165 0.000354521 0.769601
6.2 3.3 0.331062 0.000986762 0.668106
6.2 3.52 0.447137 0.00272358 0.550469
6.2 3.74 0.563428 0.00764948 0.429324
6.2 3.96 0.65796 0.0237141 0.318674
6.2 4.18 0.686486 0.0921904 0.221554
6.2 4.4 0.485711 0.404684 0.109859
6.2 4.62 0.123639 0.857251 0.0195555
6.2 4.84 0.0291775 0.968238 0.00298323
6.2 5.06 0.00912915 0.990608 0.000640994
6.2 5.28 0.00504752 0.994954 0.000303947
6.2 5.5 0.00825545 0.99135 0.000561435
6.2 5.72 0.0254622 0.972394 0.00246868
6.2 5.94 0.105584 0.879411 0.0158277
6.2 6.16 0.435749 0.470715 0.0937893
6.2 6.38 0.681116 0.109538 0.208991
6.2 6.6 0.667198 0.027321 0.305389
6.2 6.82 0.577086 0.00864194 0.414101
6.2 7.04 0.461925 0.00306079 0.534651
6.2 7.26 0.344754 0.00110963 0.653727
6.2 7.48 0.241392 0.000399358 0.757794
6.2 7.7 0.159828 0.000142771 0.839838
6.2 7.92 0.100856 5.19393e-05 0.899096
6.2 8.14 0.0610357 2.04237e-05 0.939075
6.2 8.36 0.0355781 9.66794e-06 0.96463
6.2 8.58 0.0200308 6.04526e-06 0.980284
6.2 8.8 0.0109106 4.8393e-06 0.989476
6.2 9.02 0.00575684 4.44405e-06 0.994713
6.2 9.24 0.00294571 4.31888e-06 0.997561
6.2 9.46 0.0014638 4.28443e-06 0.999023
6.2 9.68 0.000708079 4.28339e-06 0.999734
6.2 9.9 0.000335069 4.29951e-06 1.00006
6.2 10.12 0.000157246 4.33122e-06 1.00012
6.2 10.34 7.66637e-05 4.38679e-06 1.00006
6.2 10.56 4.52461e-05 4.48531e-06 0.999934
6.2 10.78 3.09027e-05 4.91685e-06 0.999968
6.4 0 5.76051e-05 4.42184e-06 1.00099
6.4 0.22 7.69787e-05 4.42331e-06 1.00099
6.4 0.44 0.000146666 4.36874e-06 1.00089
6.4 0.66 0.000307474 4.32776e-06 1.00071
6.4 0.88 0.000649065 4.30284e-06 1.00035
6.4 1.1 0.00134483 4.29594e-06 0.999682
6.4 1.32 0.00271456 4.32033e-06 0.998259
6.4 1.54 0.00532278 4.426e-06 0.995511
6.4 1.76 0.0101235 4.77024e-06 0.990546
6.4 1.98 0.0186531 5.8281e-06 0.981819
6.4 2.2 0.0332588 9.01516e-06 0.967069
6.4 2.42 0.0572874 1.84924e-05 0.942873
6.4 2.64 0.0950905 4.63069e-05 0.904908
6.4 2.86 0.151477 0.000126704 0.848524
6.4 3.08 0.230173 0.000354457 0.769649
6.4 3.3 0.331065 0.000986566 0.668132
6.4 3.52 0.447131 0.00272297 0.550476
6.4 3.74 0.563409 0.00764753 0.429317
6.4 3.96 0.657929 0.0237068 0.318659
6.4 4.18 0.686465 0.0921558 0.221543
6.4 4.4 0.485769 0.404544 0.109869
6.4 4.62 0.123669 0.857157 0.0195595
6.4 4.84 0.029184 0.96818 0.00298378
6.4 5.06 0.00913097 0.990561 0.000641077
6.4 5.28 0.00504847 0.994911 0.000303973
6.4 5.5 0.00825702 0.991304 0.000561487
6.4 5.72 0.0254678 0.972337 0.00246904
6.4 5.94 0.105611 0.879321 0.0158306
6.4 6.16 0.435824 0.470562 0.0937975
6.4 6.38 0.681109 0.109497 0.208973
6.4 6.6 0.667181 0.0273126 0.305363
6.4 6.82 0.577081 0.00863984 0.414079
6.4 7.04 0.461935 0.00306018 0.534643
6.4 7.26 0.344771 0.00110944 0.653737
6.4 7.48 0.241412 0.000399301 0.757828
6.4 7.7 0.159846 0.000142755 0.839894
6.4 7.92 0.10087 5.19341e-05 0.89917
6.4 8.14 0.0610458 2.04219e-05 0.939158
6.4 8.36 0.0355847 9.66714e-06 0.964715
6.4 8.58 0.0200348 6.04473e-06 0.980365
6.4 8.8 0.0109129 4.83883e-06 0.989551
6.4 9.02 0.00575814 4.44359e-06 0.994783
6.4 9.24 0.00294641 4.3184e-06 0.997628
6.4 9.46 0.00146417 4.28395e-06 0.999088
6.4 9.68 0.000708263 4.2829e-06 0.9998
6.4 9.9 0.000335159 4.29903e-06 1.00013
6.4 10.12 0.000157289 4.33074e-06 1.0002
6.4 10.34 7.66845e-05 4.38633e-06 1.00015
6.4 10.56 4.5258e-05 4.48485e-06 1.00002
6.4 10.78 3.09103e-05 4.9163e-06 1.00003
6.6 0 5.76165e-05 4.41962e-06 1.00097
6.6 0.22 7.69947e-05 4.42134e-06 1.00097
6.6 0.44 0.000146698 4.36713e-06 1.00092
6.6 0.66 0.00030754 4.32648e-06 1.00075
6.6 0.88 0.000649198 4.3018e-06 1.00041
6.6 1.1 0.00134509 4.29504e-06 0.999734
6.6 1.32 0.00271503 4.31952e-06 0.99831
6.6 1.54 0.00532365 4.42527e-06 0.995566
6.6 1.76 0.010125 4.76955e-06 0.990609
6.6 1.98 0.0186557 5.82736e-06 0.981892
6.6 2.2 0.033263 9.01412e-06 0.967149
6.6 2.42 0.0572935 1.84904e-05 0.942954
6.6 2.64 0.0950985 4.63015e-05 0.904981
6.6 2.86 0.151486 0.000126688 0.848582
6.6 3.08 0.23018 0.000354406 0.769687
6.6 3.3 0.331066 0.000986404 0.668148
6.6 3.52 0.447119 0.00272246 0.550471
6.6 3.74 0.563379 0.00764581 0.429297
6.6 3.96 0.65788 0.0237002 0.318633
6.6 4.18 0.686417 0.0921241 0.22152
6.6 4.4 0.485797 0.404412 0.10987
6.6 4.62 0.123689 0.857046 0.0195616
6.6 4.84 0.0291885 0.968094 0.00298405
6.6 5.06 0.0091322 0.990482 0.000641099
6.6 5.28 0.00504898 0.994833 0.000303963
6.6 5.5 0.00825767 0.991225 0.000561454
6.6 5.72 0.0254702 0.972254 0.00246897
6.6 5.94 0.105622 0.879223 0.0158304
6.6 6.16 0.435846 0.470445 0.093791
6.6 6.38 0.681071 0.109468 0.208939
6.6 6.6 0.667147 0.0273068 0.305321
6.6 6.82 0.577069 0.00863848 0.414039
6.6 7.04 0.461942 0.00305983 0.534616
6.6 7.26 0.34479 0.00110935 0.65373
6.6 7.48 0.241434 0.00039928 0.757844
6.6 7.7 0.159867 0.00014275 0.839932
6.6 7.92 0.100887 5.19329e-05 0.899225
6.6 8.14 0.0610575 2.04214e-05 0.939223
6.6 8.36 0.0355924 9.6666e-06 0.964781
6.6 8.58 0.0200396 6.04414e-06 0.980427
6.6 8.8 0.0109157 4.83819e-06 0.989606
6.6 9.02 0.00575972 4.4429e-06 0.994831
6.6 9.24 0.00294726 4.31769e-06 0.997671
6.6 9.46 0.00146461 4.28321e-06 0.999127
6.6 9.68 0.000708489 4.28215e-06 0.999838
6.6 9.9 0.000335269 4.29827e-06 1.00017
6.6 10.12 0.000157342 4.32999e-06 1.00024
6.6 10.34 7.67101e-05 4.38557e-06 1.0002
6.6 10.56 4.52725e-05 4.48407e-06 1.00007
6.6 10.78 3.09197e-05 4.91547e-06 1.00005
6.8 0 5.76332e-05 4.41803e-06 1.0009
6.8 0.22 7.70174e-05 4.41987e-06 1.00091
6.8 0.44 0.000146741 4.36587e-06 1.00084
6.8 0.66 0.000307627 4.3254e-06 1.00069
6.8 0.88 0.00064937 4.30087e-06 1.00034
6.8 1.1 0.00134542 4.29423e-06 0.99967
6.8 1.32 0.00271565 4.31879e-06 0.99825
6.8 1.54 0.00532475 4.42461e-06 0.995512
6.8 1.76 0.0101269 4.76896e-06 0.990565
6.8 1.98 0.0186588 5.82684e-06 0.981858
6.8 2.2 0.033268 9.01365e-06 0.967124
6.8 2.42 0.0573008 1.84898e-05 0.94293
6.8 2.64 0.095108 4.63004e-05 0.904953
6.8 2.86 0.151496 0.000126683 0.848541
6.8 3.08 0.230188 0.000354388 0.769631
6.8 3.3 0.331066 0.000986328 0.668076
6.8 3.52 0.447103 0.00272216 0.550388
6.8 3.74 0.56334 0.00764466 0.429211
6.8 3.96 0.657817 0.0236953 0.318553
6.8 4.18 0.686347 0.0920996 0.221458
6.8 4.4 0.485788 0.404304 0.109846
6.8 4.62 0.123697 0.856926 0.0195587
6.8 4.84 0.0291906 0.967979 0.00298361
6.8 5.06 0.00913268 0.990364 0.000640989
6.8 5.28 0.00504895 0.994714 0.000303887
6.8 5.5 0.00825715 0.991109 0.000561267
6.8 5.72 0.0254683 0.972143 0.00246806
6.8 5.94 0.105613 0.879124 0.0158243
6.8 6.16 0.4358 0.470391 0.0937543
6.8 6.38 0.681002 0.109458 0.208861
6.8 6.6 0.667099 0.0273052 0.305222
6.8 6.82 0.577052 0.00863834 0.413929
6.8 7.04 0.46195 0.00305991 0.534506
6.8 7.26 0.344814 0.00110943 0.653631
6.8 7.48 0.241462 0.00039932 0.757763
6.8 7.7 0.159892 0.000142767 0.839868
6.8 7.92 0.100906 5.19397e-05 0.899175
6.8 8.14 0.0610716 2.04235e-05 0.93918
6.8 8.36 0.0356017 9.667e-06 0.964738
6.8 8.58 0.0200453 6.04386e-06 0.980379
6.8 8.8 0.0109191 4.83765e-06 0.98955
6.8 9.02 0.00576167 4.44225e-06 0.994767
6.8 9.24 0.00294833 4.31697e-06 0.997599
6.8 9.46 0.00146518 4.28246e-06 0.999051
6.8 9.68 0.000708777 4.28138e-06 0.999759
6.8 9.9 0.000335411 4.29748e-06 1.00009
6.8 10.12 0.00015741 4.3292e-06 1.00016
6.8 10.34 7.67434e-05 4.38478e-06 1.00011
6.8 10.56 4.52917e-05 4.48327e-06 0.999982
6.8 10.78 3.09321e-05 4.91458e-06 0.999986
7 0 5.76568e-05 4.41691e-06 1.00082
7 0.22 7.70472e-05 4.4188e-06 1.00084
7 0.44 0.000146786 4.36493e-06 1.00079
7 0.66 0.000307703 4.32458e-06 1.00064
7 0.88 0.000649501 4.30015e-06 1.0003
7 1.1 0.00134564 4.2936e-06 0.99963
7 1.32 0.00271599 4.31825e-06 0.998217
7 1.54 0.00532523 4.42417e-06 0.995488
7 1.76 0.0101274 4.76864e-06 0.99055
7 1.98 0.0186592 5.82675e-06 0.981851
7 2.2 0.0332674 9.01409e-06 0.96712
7 2.42 0.0572979 1.84917e-05 0.942923
7 2.64 0.0951003 4.63058e-05 0.904936
7 2.86 0.15148 0.000126697 0.848509
7 3.08 0.230158 0.00035442 0.769578
7 3.3 0.331016 0.00098639 0.668003
7 3.52 0.447027 0.00272223 0.550299
7 3.74 0.563235 0.00764456 0.429118
7 3.96 0.65769 0.0236939 0.318466
7 4.18 0.686218 0.09209 0.221388
7 4.4 0.485715 0.404255 0.10981
7 4.62 0.123688 0.856845 0.0195531
7 4.84 0.0291898 0.967892 0.0029828
7 5.06 0.00913256 0.990269 0.000640807
7 5.28 0.00504848 0.994616 0.000303769
7 5.5 0.00825552 0.991015 0.000560972
7 5.72 0.0254616 0.972062 0.00246655
7 5.94 0.105577 0.879078 0.0158138
7 6.16 0.435655 0.470446 0.093697
7 6.38 0.680867 0.109477 0.208771
7 6.6 0.666989 0.0273102 0.305111
7 6.82 0.576973 0.00864009 0.413806
7 7.04 0.461902 0.00306065 0.534384
7 7.26 0.34479 0.00110974 0.653524
7 7.48 0.241454 0.000399447 0.757678
7 7.7 0.159892 0.000142816 0.839805
7 7.92 0.10091 5.19573e-05 0.899131
7 8.14 0.0610762 2.04295e-05 0.939147
7 8.36 0.0356058 9.66879e-06 0.96471
7 8.58 0.0200485 6.04415e-06 0.980349
7 8.8 0.0109213 4.83739e-06 0.989515
7 9.02 0.00576308 4.44178e-06 0.994725
7 9.24 0.00294919 4.31641e-06 0.997551
7 9.46 0.00146567 4.28185e-06 0.998998
7 9.68 0.000709043 4.28074e-06 0.999701
7 9.9 0.000335549 4.29683e-06 1.00003
7 10.12 0.000157479 4.32854e-06 1.0001
7 10.34 7.6777e-05 4.38412e-06 1.00005
7 10.56 4.53112e-05 4.4826e-06 0.999932
7 10.78 3.09473e-05 4.91383e-06 0.999908
7.2 0 5.76895e-05 4.41614e-06 1.00073
7.2 0.22 7.70864e-05 4.41805e-06 1.00073
7.2 0.44 0.000146825 4.3642e-06 1.00063
7.2 0.66 0.00030775 4.32392e-06 1.00047
7.2 0.88 0.000649562 4.29957e-06 1.00012
7.2 1.1 0.0013457 4.29311e-06 0.999465
7.2 1.32 0.00271599 4.31785e-06 0.998061
7.2 1.54 0.00532502 4.42387e-06 0.995342
7.2 1.76 0.0101267 4.76852e-06 0.990413
7.2 1.98 0.0186571 5.82703e-06 0.98172
7.2 2.2 0.0332628 9.01544e-06 0.96699
7.2 2.42 0.0572888 1.8496e-05 0.94279
7.2 2.64 0.0950837 4.63183e-05 0.904795
7.2 2.86 0.151452 0.000126732 0.848356
7.2 3.08 0.230115 0.000354509 0.769412
7.2 3.3 0.330953 0.000986606 0.667827
7.2 3.52 0.44694 0.00272273 0.550121
7.2 3.74 0.563121 0.00764565 0.428949
7.2 3.96 0.657553 0.0236965 0.318319
7.2 4.18 0.686071 0.0920986 0.221272
7.2 4.4 0.485589 0.404276 0.109741
7.2 4.62 0.12366 0.8568 0.0195402
7.2 4.84 0.029186 0.967826 0.00298098
7.2 5.06 0.00913171 0.990193 0.000640442
7.2 5.28 0.00504747 0.994536 0.000303561
7.2 5.5 0.00825254 0.990941 0.000560464
7.2 5.72 0.0254493 0.972006 0.00246387
7.2 5.94 0.105511 0.879083 0.0157949
7.2 6.16 0.435408 0.470631 0.0935982
7.2 6.38 0.6807 0.109534 0.208629
7.2 6.6 0.66687 0.0273229 0.304936
7.2 6.82 0.576888 0.008644 0.413604
7.2 7.04 0.461848 0.00306212 0.534167
7.2 7.26 0.344758 0.00111032 0.653309
7.2 7.48 0.241436 0.00039967 0.757477
7.2 7.7 0.159884 0.000142899 0.839621
7.2 7.92 0.100907 5.19868e-05 0.898961
7.2 8.14 0.0610754 2.04396e-05 0.938987
7.2 8.36 0.0356064 9.67202e-06 0.964555
7.2 8.58 0.0200496 6.04498e-06 0.980194
7.2 8.8 0.0109224 4.83737e-06 0.989356
7.2 9.02 0.0057639 4.44145e-06 0.99456
7.2 9.24 0.00294976 4.31595e-06 0.99738
7.2 9.46 0.00146603 4.28133e-06 0.998821
7.2 9.68 0.000709254 4.28019e-06 0.999519
7.2 9.9 0.000335666 4.29626e-06 0.999841
7.2 10.12 0.00015754 4.32796e-06 0.999908
7.2 10.34 7.68065e-05 4.38352e-06 0.999854
7.2 10.56 4.53258e-05 4.48199e-06 0.999723
7.2 10.78 3.09664e-05 4.91322e-06 0.999754
7.4 0 5.77365e-05 4.41571e-06 1.00063
7.4 0.22 7.71521e-05 4.41762e-06 1.00063
7.4 0.44 0.000146979 4.36379e-06 1.00052
7.4 0.66 0.000308093 4.32355e-06 1.00035
7.4 0.88 0.000650298 4.29926e-06 1
7.4 1.1 0.00134723 4.29287e-06 0.99935
7.4 1.32 0.00271909 4.31769e-06 0.997953
7.4 1.54 0.00533107 4.42384e-06 0.995241
7.4 1.76 0.0101381 4.76874e-06 0.990318
7.4 1.98 0.0186778 5.82788e-06 0.981627
7.4 2.2 0.0332987 9.01807e-06 0.966894
7.4 2.42 0.0573482 1.85037e-05 0.942686
7.4 2.64 0.0951773 4.63402e-05 0.904676
7.4 2.86 0.151591 0.000126792 0.848219
7.4 3.08 0.230307 0.00035467 0.769254
7.4 3.3 0.331196 0.000987021 0.66765
7.4 3.52 0.447217 0.00272376 0.549934
7.4 3.74 0.563401 0.00764823 0.428767
7.4 3.96 0.657798 0.0237041 0.318156
7.4 4.18 0.686235 0.0921297 0.221138
7.4 4.4 0.485575 0.404385 0.109649
7.4 4.62 0.12364 0.856786 0.0195218
7.4 4.84 0.0291822 0.967768 0.00297841
7.4 5.06 0.00913057 0.990125 0.000639941
7.4 5.28 0.00504608 0.994465 0.000303282
7.4 5.5 0.00824855 0.990875 0.000559782
7.4 5.72 0.0254336 0.971961 0.00246019
7.4 5.94 0.105434 0.879134 0.0157688
7.4 6.16 0.435196 0.470969 0.0934655
7.4 6.38 0.680818 0.109633 0.208464
7.4 6.6 0.667128 0.0273449 0.304741
7.4 6.82 0.577201 0.00865047 0.413382
7.4 7.04 0.462167 0.00306447 0.533935
7.4 7.26 0.345045 0.00111122 0.653087
7.4 7.48 0.241666 0.000400009 0.757278
7.4 7.7 0.160052 0.000143023 0.839449
7.4 7.92 0.101021 5.2031e-05 0.898812
7.4 8.14 0.0611488 2.04549e-05 0.938856
7.4 8.36 0.0356511 9.67713e-06 0.964435
7.4 8.58 0.0200755 6.04658e-06 0.980078
7.4 8.8 0.0109368 4.83776e-06 0.98924
7.4 9.02 0.00577164 4.4414e-06 0.994441
7.4 9.24 0.00295376 4.31574e-06 0.997255
7.4 9.46 0.00146803 4.28104e-06 0.998691
7.4 9.68 0.000710231 4.27987e-06 0.999385
7.4 9.9 0.00033613 4.29593e-06 0.999703
7.4 10.12 0.000157759 4.32761e-06 0.999766
7.4 10.34 7.69154e-05 4.38318e-06 0.999709
7.4 10.56 4.53929e-05 4.48165e-06 0.999582
7.4 10.78 3.10033e-05 4.91286e-06 0.99962
7.6 0 5.77964e-05 4.4157e-06 1.00056
7.6 0.22 7.72321e-05 4.41762e-06 1.00055
7.6 0.44 0.000147136 4.3638e-06 1.00044
7.6 0.66 0.000308425 4.32358e-06 1.00026
7.6 0.88 0.000650996 4.29933e-06 0.999917
7.6 1.1 0.00134866 4.29298e-06 0.999266
7.6 1.32 0.00272194 4.31788e-06 0.997874
7.6 1.54 0.00533659 4.42417e-06 0.995167
7.6 1.76 0.0101484 4.7694e-06 0.990245
7.6 1.98 0.0186965 5.82945e-06 0.981552
7.6 2.2 0.0333311 9.02223e-06 0.966812
7.6 2.42 0.0574024 1.85153e-05 0.94259
7.6 2.64 0.0952635 4.63731e-05 0.904561
7.6 2.86 0.151721 0.000126884 0.848079
7.6 3.08 0.230488 0.00035492 0.769087
7.6 3.3 0.331429 0.000987679 0.667458
7.6 3.52 0.447486 0.00272546 0.54973
7.6 3.74 0.563677 0.0076528 0.428567
7.6 3.96 0.65804 0.0237188 0.317978
7.6 4.18 0.686377 0.0921925 0.220986
7.6 4.4 0.485463 0.404612 0.109528
7.6 4.62 0.123583 0.856799 0.0194959
7.6 4.84 0.0291706 0.967691 0.00297474
7.6 5.06 0.00912736 0.990029 0.00063923
7.6 5.28 0.00504342 0.994365 0.000302898
7.6 5.5 0.00824189 0.990782 0.000558857
7.6 5.72 0.0254078 0.971898 0.00245522
7.6 5.94 0.105307 0.879224 0.0157336
7.6 6.16 0.434825 0.471498 0.0932927
7.6 6.38 0.680893 0.109788 0.208276
7.6 6.6 0.66738 0.0273785 0.304527
7.6 6.82 0.577512 0.00866012 0.413138
7.6 7.04 0.462482 0.00306787 0.533682
7.6 7.26 0.345324 0.00111249 0.652847
7.6 7.48 0.241888 0.000400482 0.757067
7.6 7.7 0.160213 0.000143194 0.839273
7.6 7.92 0.10113 5.20916e-05 0.898667
7.6 8.14 0.0612177 2.04759e-05 0.938736
7.6 8.36 0.0356928 9.6844e-06 0.96433
7.6 8.58 0.0200997 6.04912e-06 0.979984
7.6 8.8 0.0109503 4.83868e-06 0.989148
7.6 9.02 0.00577892 4.44176e-06 0.994348
7.6 9.24 0.00295756 4.31589e-06 0.99716
7.6 9.46 0.00146996 4.28112e-06 0.998592
7.6 9.68 0.000711178 4.27991e-06 0.999283
7.6 9.9 0.000336587 4.29595e-06 0.999599
7.6 10.12 0.000157978 4.32764e-06 0.999659
7.6 10.34 7.7025e-05 4.3832e-06 0.999601
7.6 10.56 4.54588e-05 4.48167e-06 0.999475
7.6 10.78 3.10467e-05 4.91291e-06 0.999519
7.8 0 5.78706e-05 4.41636e-06 1.00051
7.8 0.22 7.7329e-05 4.41827e-06 1.0005
7.8 0.44 0.000147315 4.36445e-06 1.00039
7.8 0.66 0.00030879 4.32423e-06 1.00021
7.8 0.88 0.000651743 4.3e-06 0.999868
7.8 1.1 0.00135017 4.29369e-06 0.999219
7.8 1.32 0.00272489 4.31866e-06 0.997829
7.8 1.54 0.00534222 4.4251e-06 0.995121
7.8 1.76 0.0101588 4.77076e-06 0.990197
7.8 1.98 0.018715 5.83202e-06 0.981497
7.8 2.2 0.0333632 9.02835e-06 0.966746
7.8 2.42 0.0574556 1.85317e-05 0.942508
7.8 2.64 0.0953479 4.6419e-05 0.904456
7.8 2.86 0.151848 0.000127012 0.847944
7.8 3.08 0.230667 0.000355273 0.768919
7.8 3.3 0.331659 0.000988628 0.667261
7.8 3.52 0.447755 0.00272798 0.549516
7.8 3.74 0.563954 0.00765985 0.428357
7.8 3.96 0.658283 0.0237423 0.31779
7.8 4.18 0.6865 0.0922966 0.220822
7.8 4.4 0.485242 0.405004 0.109378
7.8 4.62 0.123484 0.856902 0.0194622
7.8 4.84 0.0291514 0.967665 0.00296996
7.8 5.06 0.00912221 0.989974 0.00063832
7.8 5.28 0.00503958 0.994305 0.000302417
7.8 5.5 0.00823274 0.99073 0.0005577
7.8 5.72 0.0253719 0.971887 0.00244896
7.8 5.94 0.105126 0.879418 0.015689
7.8 6.16 0.434281 0.472269 0.0930787
7.8 6.38 0.68093 0.110009 0.208071
7.8 6.6 0.66763 0.027426 0.304302
7.8 6.82 0.577824 0.0086735 0.412883
7.8 7.04 0.462797 0.00307248 0.533416
7.8 7.26 0.345602 0.00111419 0.652598
7.8 7.48 0.242109 0.000401104 0.756853
7.8 7.7 0.160372 0.000143418 0.839101
7.8 7.92 0.101237 5.21703e-05 0.898534
7.8 8.14 0.0612862 2.05035e-05 0.938633
7.8 8.36 0.0357344 9.69422e-06 0.964249
7.8 8.58 0.020124 6.05289e-06 0.979915
7.8 8.8 0.010964 4.8404e-06 0.989086
7.8 9.02 0.00578637 4.44277e-06 0.994288
7.8 9.24 0.00296149 4.31666e-06 0.9971
7.8 9.46 0.00147197 4.28179e-06 0.998531
7.8 9.68 0.000712183 4.28055e-06 0.999221
7.8 9.9 0.000337079 4.29659e-06 0.999536
7.8 10.12 0.000158217 4.32828e-06 0.999597
7.8 10.34 7.71462e-05 4.38386e-06 0.999539
7.8 10.56 4.55326e-05 4.48235e-06 0.999413
7.8 10.78 3.10978e-05 4.91366e-06 0.999456
8 0 5.7961e-05 4.4181e-06 1.00049
8 0.22 7.74459e-05 4.42002e-06 1.00048
8 0.44 0.000147525 4.36618e-06 1.00037
8 0.66 0.000309209 4.32596e-06 1.0002
8 0.88 0.000652591 4.30174e-06 0.999861
8 1.1 0.00135185 4.29546e-06 0.999212
8 1.32 0.00272815 4.32049e-06 0.99782
8 1.54 0.00534834 4.42711e-06 0.995108
8 1.76 0.01017 4.7733e-06 0.990177
8 1.98 0.0187347 5.83613e-06 0.981467
8 2.2 0.0333969 9.0371e-06 0.966702
8 2.42 0.057511 1.8554e-05 0.942444
8 2.64 0.0954352 4.648e-05 0.904364
8 2.86 0.151978 0.000127182 0.847817
8 3.08 0.230848 0.000355742 0.768752
8 3.3 0.331892 0.000989899 0.667057
8 3.52 0.448023 0.00273141 0.549291
8 3.74 0.564228 0.0076696 0.428135
8 3.96 0.658517 0.0237757 0.317589
8 4.18 0.686591 0.0924477 0.220642
8 4.4 0.484885 0.405587 0.109194
8 4.62 0.123336 0.857109 0.0194194
8 4.84 0.0291225 0.967698 0.00296393
8 5.06 0.00911463 0.989973 0.000637185
8 5.28 0.00503435 0.994298 0.000301829
8 5.5 0.00822073 0.990732 0.0005563
8 5.72 0.0253247 0.971939 0.00244133
8 5.94 0.104887 0.879727 0.0156345
8 6.16 0.433542 0.473305 0.0928205
8 6.38 0.680913 0.110302 0.207846
8 6.6 0.667867 0.0274882 0.304065
8 6.82 0.578133 0.00869074 0.412615
8 7.04 0.463113 0.00307835 0.533139
8 7.26 0.345883 0.00111632 0.652342
8 7.48 0.242332 0.000401882 0.756641
8 7.7 0.160535 0.000143696 0.838937
8 7.92 0.101348 5.22685e-05 0.898416
8 8.14 0.0613571 2.05383e-05 0.938552
8 8.36 0.0357779 9.70716e-06 0.964194
8 8.58 0.0201496 6.05838e-06 0.979877
8 8.8 0.0109785 4.84338e-06 0.989058
8 9.02 0.00579438 4.44491e-06 0.994266
8 9.24 0.00296576 4.31851e-06 0.99708
8 9.46 0.00147418 4.28355e-06 0.998513
8 9.68 0.000713297 4.28229e-06 0.999204
8 9.9 0.000337629 4.29833e-06 0.999521
8 10.12 0.000158488 4.33004e-06 0.999584
8 10.34 7.7285e-05 4.38565e-06 0.999528
8 10.56 4.56182e-05 4.48418e-06 0.999401
8 10.78 3.11586e-05 4.91569e-06 0.999443
8.2 0 5.80698e-05 4.42163e-06 1.0005
8.2 0.22 7.75854e-05 4.42355e-06 1.00049
8.2 0.44 0.000147773 4.36969e-06 1.0004
8.2 0.66 0.000309697 4.32946e-06 1.00023
8.2 0.88 0.000653565 4.30525e-06 0.999899
8.2 1.1 0.00135377 4.29898e-06 0.999248
8.2 1.32 0.00273184 4.32408e-06 0.997851
8.2 1.54 0.00535521 4.43092e-06 0.995131
8.2 1.76 0.0101824 4.77778e-06 0.990189
8.2 1.98 0.0187565 5.84261e-06 0.981466
8.2 2.2 0.0334336 9.04945e-06 0.966684
8.2 2.42 0.057571 1.85834e-05 0.942403
8.2 2.64 0.095529 4.65585e-05 0.904293
8.2 2.86 0.152117 0.0001274 0.847706
8.2 3.08 0.231041 0.000356342 0.768596
8.2 3.3 0.332138 0.000991536 0.666859
8.2 3.52 0.448305 0.00273587 0.549066
8.2 3.74 0.564512 0.00768244 0.427909
8.2 3.96 0.658754 0.0238204 0.317385
8.2 4.18 0.68665 0.0926527 0.220452
8.2 4.4 0.48437 0.406386 0.108973
8.2 4.62 0.123126 0.85741 0.0193663
8.2 4.84 0.0290813 0.967765 0.00295644
8.2 5.06 0.00910379 0.989992 0.000635789
8.2 5.28 0.00502732 0.994307 0.000301123
8.2 5.5 0.00820532 0.990753 0.000554641
8.2 5.72 0.0252645 0.972023 0.00243228
8.2 5.94 0.104583 0.880134 0.0155697
8.2 6.16 0.432593 0.474618 0.0925179
8.2 6.38 0.680845 0.110671 0.207609
8.2 6.6 0.668102 0.0275659 0.303826
8.2 6.82 0.578448 0.00871204 0.412347
8.2 7.04 0.463438 0.00308552 0.532864
8.2 7.26 0.346175 0.00111891 0.652094
8.2 7.48 0.242566 0.000402819 0.75644
8.2 7.7 0.160706 0.000144031 0.838792
8.2 7.92 0.101464 5.23874e-05 0.898321
8.2 8.14 0.0614324 2.05813e-05 0.938497
8.2 8.36 0.0358243 9.72403e-06 0.96417
8.2 8.58 0.0201772 6.06636e-06 0.979874
8.2 8.8 0.0109943 4.84837e-06 0.989068
8.2 9.02 0.00580313 4.4489e-06 0.994285
8.2 9.24 0.00297046 4.32218e-06 0.997106
8.2 9.46 0.00147663 4.28712e-06 0.998544
8.2 9.68 0.000714541 4.28584e-06 0.999239
8.2 9.9 0.000338249 4.3019e-06 0.999559
8.2 10.12 0.000158795 4.33366e-06 0.999624
8.2 10.34 7.74446e-05 4.38932e-06 0.999571
8.2 10.56 4.5718e-05 4.48795e-06 0.999445
8.2 10.78 3.12304e-05 4.91982e-06 0.999477
8.4 0 5.81977e-05 4.42797e-06 1.00053
8.4 0.22 7.77486e-05 4.42992e-06 1.00053
8.4 0.44 0.00014806 4.37602e-06 1.00048
8.4 0.66 0.000310258 4.33578e-06 1.00032
8.4 0.88 0.00065468 4.31156e-06 0.999984
8.4 1.1 0.00135595 4.30531e-06 0.99933
8.4 1.32 0.00273599 4.33049e-06 0.997924
8.4 1.54 0.00536291 4.43759e-06 0.995193
8.4 1.76 0.0101962 4.78527e-06 0.990237
8.4 1.98 0.0187805 5.85257e-06 0.981497
8.4 2.2 0.0334741 9.06665e-06 0.966694
8.4 2.42 0.0576366 1.86216e-05 0.942386
8.4 2.64 0.0956308 4.66566e-05 0.904241
8.4 2.86 0.152267 0.000127666 0.84761
8.4 3.08 0.231248 0.000357076 0.768451
8.4 3.3 0.332399 0.000993539 0.666667
8.4 3.52 0.448601 0.00274136 0.548843
8.4 3.74 0.564808 0.00769844 0.427683
8.4 3.96 0.658993 0.023877 0.31718
8.4 4.18 0.686673 0.0929158 0.220253
8.4 4.4 0.483673 0.407418 0.108713
8.4 4.62 0.122848 0.857808 0.0193023
8.4 4.84 0.0290259 0.967866 0.00294742
8.4 5.06 0.00908923 0.990035 0.000634126
8.4 5.28 0.00501835 0.99434 0.000300303
8.4 5.5 0.00818639 0.990799 0.000552738
8.4 5.72 0.0251912 0.972139 0.00242188
8.4 5.94 0.104213 0.880632 0.0154951
8.4 6.16 0.43143 0.476202 0.0921728
8.4 6.38 0.680723 0.111115 0.207364
8.4 6.6 0.668331 0.0276584 0.30359
8.4 6.82 0.578768 0.00873707 0.412083
8.4 7.04 0.463772 0.00309386 0.532595
8.4 7.26 0.346476 0.0011219 0.651853
8.4 7.48 0.242809 0.000403899 0.756252
8.4 7.7 0.160885 0.000144418 0.838663
8.4 7.92 0.101587 5.25264e-05 0.898247
8.4 8.14 0.0615124 2.06332e-05 0.938469
8.4 8.36 0.035874 9.74582e-06 0.964176
8.4 8.58 0.0202068 6.07787e-06 0.979904
8.4 8.8 0.0110114 4.8564e-06 0.989117
8.4 9.02 0.00581267 4.45578e-06 0.994346
8.4 9.24 0.00297561 4.32868e-06 0.997178
8.4 9.46 0.00147933 4.29353e-06 0.998623
8.4 9.68 0.000715922 4.29224e-06 0.999323
8.4 9.9 0.00033894 4.30835e-06 0.999647
8.4 10.12 0.000159141 4.34017e-06 0.999715
8.4 10.34 7.76265e-05 4.39595e-06 0.999669
8.4 10.56 4.58333e-05 4.49475e-06 0.999554
8.4 10.78 3.1314e-05 4.92724e-06 0.99954
8.6 0 5.83445e-05 4.43871e-06 1.00055
8.6 0.22 7.79344e-05 4.44066e-06 1.00055
8.6 0.44 0.000148382 4.38663e-06 1.00046
8.6 0.66 0.00031088 4.3463e-06 1.00028
8.6 0.88 0.000655905 4.32204e-06 0.999942
8.6 1.1 0.00135833 4.3158e-06 0.999281
8.6 1.32 0.00274051 4.34107e-06 0.997866
8.6 1.54 0.00537122 4.44851e-06 0.995123
8.6 1.76 0.010211 4.7972e-06 0.990152
8.6 1.98 0.0188062 5.86752e-06 0.981394
8.6 2.2 0.0335169 9.09031e-06 0.96657
8.6 2.42 0.0577055 1.86701e-05 0.942235
8.6 2.64 0.0957369 4.67754e-05 0.904058
8.6 2.86 0.152422 0.000127981 0.847389
8.6 3.08 0.23146 0.00035793 0.76819
8.6 3.3 0.332664 0.000995862 0.666374
8.6 3.52 0.448899 0.00274775 0.548537
8.6 3.74 0.5651 0.00771726 0.427394
8.6 3.96 0.659216 0.0239446 0.316928
8.6 4.18 0.686641 0.0932361 0.220015
8.6 4.4 0.48278 0.408689 0.1084
8.6 4.62 0.122496 0.85831 0.0192249
8.6 4.84 0.0289553 0.96801 0.00293655
8.6 5.06 0.00907063 0.990112 0.000632152
8.6 5.28 0.0050074 0.994406 0.000299363
8.6 5.5 0.00816411 0.990878 0.000550592
8.6 5.72 0.0251056 0.972295 0.0024101
8.6 5.94 0.103782 0.881219 0.0154103
8.6 6.16 0.430065 0.478028 0.0917794
8.6 6.38 0.680535 0.111623 0.207084
8.6 6.6 0.668535 0.0277627 0.303314
8.6 6.82 0.579076 0.00876488 0.411763
8.6 7.04 0.4641 0.00310304 0.532251
8.6 7.26 0.346776 0.00112518 0.65152
8.6 7.48 0.243052 0.000405084 0.755956
8.6 7.7 0.161066 0.000144847 0.838415
8.6 7.92 0.101712 5.2684e-05 0.898048
8.6 8.14 0.0615943 2.06948e-05 0.938311
8.6 8.36 0.0359252 9.77385e-06 0.96405
8.6 8.58 0.0202376 6.09429e-06 0.979803
8.6 8.8 0.0110293 4.86884e-06 0.989034
8.6 9.02 0.00582269 4.46689e-06 0.994279
8.6 9.24 0.00298106 4.33938e-06 0.997122
8.6 9.46 0.00148221 4.30412e-06 0.998576
8.6 9.68 0.000717402 4.30284e-06 0.999283
8.6 9.9 0.000339687 4.31902e-06 0.999608
8.6 10.12 0.000159518 4.35096e-06 0.999676
8.6 10.34 7.78268e-05 4.40694e-06 0.999625
8.6 10.56 4.59618e-05 4.50601e-06 0.999501
8.6 10.78 3.14087e-05 4.93964e-06 0.999527
8.8 0 5.8509e-05 4.45624e-06 1.00057
8.8 0.22 7.81414e-05 4.4582e-06 1.00056
8.8 0.44 0.000148737 4.40394e-06 1.00044
8.8 0.66 0.00031156 4.36344e-06 1.00026
8.8 0.88 0.000657233 4.33909e-06 0.999904
8.8 1.1 0.0013609 4.33284e-06 0.999234
8.8 1.32 0.00274535 4.35823e-06 0.99781
8.8 1.54 0.00538009 4.46609e-06 0.995054
8.8 1.76 0.0102268 4.81609e-06 0.990068
8.8 1.98 0.0188333 5.89021e-06 0.981292
8.8 2.2 0.0335619 9.12378e-06 0.966445
8.8 2.42 0.0577773 1.87337e-05 0.942082
8.8 2.64 0.0958469 4.69222e-05 0.903869
8.8 2.86 0.152582 0.000128356 0.847161
8.8 3.08 0.231676 0.000358918 0.767922
8.8 3.3 0.332933 0.0009985 0.666073
8.8 3.52 0.449197 0.00275494 0.548225
8.8 3.74 0.565384 0.00773851 0.4271
8.8 3.96 0.65942 0.0240221 0.316674
8.8 4.18 0.686551 0.0936095 0.21977
8.8 4.4 0.481694 0.410187 0.108049
8.8 4.62 0.122071 0.858904 0.0191371
8.8 4.84 0.028869 0.968181 0.00292422
8.8 5.06 0.00904782 0.990201 0.00062993
8.8 5.28 0.00499457 0.99448 0.000298339
8.8 5.5 0.00813889 0.990967 0.000548297
8.8 5.72 0.0250097 0.972472 0.00239751
8.8 5.94 0.103302 0.881866 0.0153196
8.8 6.16 0.428541 0.480037 0.0913604
8.8 6.38 0.680289 0.112177 0.206804
8.8 6.6 0.668715 0.0278744 0.303044
8.8 6.82 0.579369 0.00879425 0.411449
8.8 7.04 0.46442 0.00311268 0.531913
8.8 7.26 0.347072 0.00112864 0.651191
8.8 7.48 0.243296 0.000406358 0.755663
8.8 7.7 0.161248 0.00014532 0.83817
8.8 7.92 0.101839 5.2865e-05 0.897851
8.8 8.14 0.0616777 2.07702e-05 0.938155
8.8 8.36 0.0359776 9.81132e-06 0.963927
8.8 8.58 0.0202693 6.11835e-06 0.979705
8.8 8.8 0.0110478 4.88822e-06 0.988956
8.8 9.02 0.00583312 4.48468e-06 0.994216
8.8 9.24 0.00298677 4.35666e-06 0.997072
8.8 9.46 0.00148524 4.32127e-06 0.998536
8.8 9.68 0.00071897 4.32003e-06 0.999247
8.8 9.9 0.000340484 4.33632e-06 0.999574
8.8 10.12 0.000159923 4.36848e-06 0.99964
8.8 10.34 7.80448e-05 4.42478e-06 0.999585
8.8 10.56 4.61032e-05 4.52435e-06 0.99946
8.8 10.78 3.15141e-05 4.95986e-06 0.9995
9 0 5.86889e-05 4.4841e-06 1.00058
9 0.22 7.83672e-05 4.48606e-06 1.00056
9 0.44 0.000149122 4.43145e-06 1.00044
9 0.66 0.000312292 4.39068e-06 1.00025
9 0.88 0.000658655 4.36617e-06 0.999883
9 1.1 0.00136363 4.35988e-06 0.999203
9 1.32 0.00275046 4.3854e-06 0.997768
9 1.54 0.00538941 4.49382e-06 0.995
9 1.76 0.0102433 4.84556e-06 0.989999
9 1.98 0.0188614 5.92469e-06 0.981204
9 2.2 0.0336084 9.17225e-06 0.966333
9 2.42 0.0578512 1.88204e-05 0.941938
9 2.64 0.0959593 4.71113e-05 0.903688
9 2.86 0.152744 0.000128815 0.846939
9 3.08 0.231895 0.000360079 0.767658
9 3.3 0.333203 0.00100148 0.665777
9 3.52 0.449493 0.00276284 0.547918
9 3.74 0.565663 0.00776154 0.426813
9 3.96 0.659609 0.0241068 0.316427
9 4.18 0.686417 0.094026 0.219524
9 4.4 0.480438 0.411883 0.10767
9 4.62 0.121579 0.85957 0.0190403
9 4.84 0.0287678 0.968364 0.0029106
9 5.06 0.00902128 0.990289 0.000627517
9 5.28 0.00498048 0.99455 0.000297278
9 5.5 0.00811185 0.991052 0.000545957
9 5.72 0.0249071 0.97265 0.0023846
9 5.94 0.102795 0.882539 0.0152265
9 6.16 0.426931 0.482139 0.0909334
9 6.38 0.680017 0.112748 0.206535
9 6.6 0.668879 0.0279872 0.30279
9 6.82 0.57965 0.00882349 0.411152
9 7.04 0.464731 0.00312238 0.531592
9 7.26 0.347364 0.00113223 0.650881
9 7.48 0.243537 0.000407732 0.75539
9 7.7 0.16143 0.000145856 0.837945
9 7.92 0.101966 5.30822e-05 0.897673
9 8.14 0.0617616 2.0867e-05 0.938017
9 8.36 0.0360307 9.86345e-06 0.963822
9 8.58 0.0203015 6.15415e-06 0.979626
9 8.8 0.0110667 4.91819e-06 0.988897
9 9.02 0.00584386 4.51263e-06 0.994174
9 9.24 0.00299268 4.38395e-06 0.997042
9 9.46 0.00148839 4.3484e-06 0.998513
9 9.68 0.000720611 4.34721e-06 0.999228
9 9.9 0.000341323 4.3637e-06 0.999556
9 10.12 0.000160354 4.39621e-06 0.99962
9 10.34 7.82787e-05 4.4531e-06 0.999561
9 10.56 4.62561e-05 4.55355e-06 0.999437
9 10.78 3.16293e-05 4.99208e-06 0.999481
9.2 0 5.88806e-05 4.52729e-06 1.00059
9.2 0.22 7.86072e-05 4.52923e-06 1.00058
9.2 0.44 0.00014953 4.47405e-06 1.00045
9.2 0.66 0.000313063 4.43287e-06 1.00025
9.2 0.88 0.000660143 4.40809e-06 0.999877
9.2 1.1 0.00136647 4.4017e-06 0.999188
9.2 1.32 0.00275575 4.42737e-06 0.997742
9.2 1.54 0.00539898 4.53655e-06 0.99496
9.2 1.76 0.0102601 4.89069e-06 0.989944
9.2 1.98 0.01889 5.97674e-06 0.981132
9.2 2.2 0.0336554 9.24355e-06 0.966239
9.2 2.42 0.0579254 1.89436e-05 0.941815
9.2 2.64 0.0960717 4.73703e-05 0.903529
9.2 2.86 0.152906 0.000129419 0.846741
9.2 3.08 0.232112 0.000361536 0.767418
9.2 3.3 0.33347 0.00100501 0.665504
9.2 3.52 0.449787 0.00277158 0.547635
9.2 3.74 0.56594 0.00778575 0.426548
9.2 3.96 0.659799 0.0241948 0.316198
9.2 4.18 0.68627 0.0944675 0.21929
9.2 4.4 0.479072 0.413726 0.107273
9.2 4.62 0.121034 0.860308 0.0189369
9.2 4.84 0.0286542 0.968573 0.00289607
9.2 5.06 0.00899255 0.990392 0.000625051
9.2 5.28 0.00496676 0.994629 0.000296296
9.2 5.5 0.00808528 0.991141 0.000543759
9.2 5.72 0.0248034 0.972838 0.00237204
9.2 5.94 0.102286 0.883224 0.0151355
9.2 6.16 0.425349 0.48422 0.0905218
9.2 6.38 0.679771 0.113296 0.206291
9.2 6.6 0.669048 0.0280919 0.302563
9.2 6.82 0.579926 0.00885066 0.410887
9.2 7.04 0.465035 0.00313188 0.531305
9.2 7.26 0.347648 0.00113603 0.650606
9.2 7.48 0.243772 0.00040931 0.755148
9.2 7.7 0.161607 0.000146515 0.837748
9.2 7.92 0.10209 5.33642e-05 0.897518
9.2 8.14 0.061844 2.09995e-05 0.9379
9.2 8.36 0.0360831 9.9384e-06 0.963737
9.2 8.58 0.0203336 6.20763e-06 0.979567
9.2 8.8 0.0110856 4.96388e-06 0.988857
9.2 9.02 0.00585467 4.55558e-06 0.994147
9.2 9.24 0.00299865 4.42601e-06 0.997023
9.2 9.46 0.00149161 4.39025e-06 0.998501
9.2 9.68 0.000722293 4.38913e-06 0.999219
9.2 9.9 0.00034219 4.40592e-06 0.999549
9.2 10.12 0.000160802 4.43902e-06 0.999612
9.2 10.34 7.85235e-05 4.4969e-06 0.99955
9.2 10.56 4.64161e-05 4.59887e-06 0.999423
9.2 10.78 3.17519e-05 5.04227e-06 0.999475
9.4 0 5.90772e-05 4.59271e-06 1.0006
9.4 0.22 7.88536e-05 4.59446e-06 1.00058
9.4 0.44 0.000149947 4.53845e-06 1.00045
9.4 0.66 0.000313851 4.4966e-06 1.00025
9.4 0.88 0.000661656 4.47137e-06 0.999871
9.4 1.1 0.00136933 4.4648e-06 0.999175
9.4 1.32 0.00276104 4.49065e-06 0.997716
9.4 1.54 0.00540848 4.60086e-06 0.994924
9.4 1.76 0.0102766 4.95836e-06 0.989898
9.4 1.98 0.018918 6.05424e-06 0.981073
9.4 2.2 0.0337009 9.34865e-06 0.966161
9.4 2.42 0.0579967 1.91236e-05 0.941709
9.4 2.64 0.0961791 4.77461e-05 0.903388
9.4 2.86 0.153059 0.000130288 0.846569
9.4 3.08 0.232318 0.000363575 0.767211
9.4 3.3 0.33372 0.00100968 0.665258
9.4 3.52 0.45006 0.00278209 0.54738
9.4 3.74 0.566196 0.00781143 0.426308
9.4 3.96 0.659975 0.0242802 0.31599
9.4 4.18 0.686126 0.0948964 0.21907
9.4 4.4 0.47766 0.415619 0.106868
9.4 4.62 0.120446 0.861077 0.0188272
9.4 4.84 0.0285311 0.968775 0.00288098
9.4 5.06 0.00896523 0.99048 0.000622841
9.4 5.28 0.00495722 0.994693 0.00029565
9.4 5.5 0.00806374 0.991209 0.000542075
9.4 5.72 0.0247055 0.973004 0.00236065
9.4 5.94 0.101797 0.883863 0.0150493
9.4 6.16 0.423918 0.48611 0.0901466
9.4 6.38 0.679593 0.113753 0.206077
9.4 6.6 0.669218 0.0281753 0.302364
9.4 6.82 0.58018 0.00887447 0.410654
9.4 7.04 0.465312 0.00314183 0.531051
9.4 7.26 0.347907 0.00114064 0.650363
9.4 7.48 0.243988 0.0004114 0.754931
9.4 7.7 0.16177 0.000147428 0.837572
9.4 7.92 0.102206 5.37646e-05 0.897379
9.4 8.14 0.0619214 2.11904e-05 0.937796
9.4 8.36 0.0361327 1.0048e-05 0.96366
9.4 8.58 0.0203643 6.2869e-06 0.979515
9.4 8.8 0.0111039 5.03222e-06 0.988822
9.4 9.02 0.0058652 4.62013e-06 0.99412
9.4 9.24 0.00300452 4.48931e-06 0.997001
9.4 9.46 0.00149478 4.45324e-06 0.998484
9.4 9.68 0.000723972 4.45224e-06 0.999209
9.4 9.9 0.000343062 4.46946e-06 0.999542
9.4 10.12 0.000161256 4.50342e-06 0.999605
9.4 10.34 7.87723e-05 4.56297e-06 0.999542
9.4 10.56 4.65731e-05 4.6677e-06 0.99941
9.4 10.78 3.18793e-05 5.11876e-06 0.999471
9.6 0 5.92691e-05 4.69009e-06 1.0006
9.6 0.22 7.90961e-05 4.69121e-06 1.00058
9.6 0.44 0.000150362 4.63416e-06 1.00045
9.6 0.66 0.000314634 4.59127e-06 1.00025
9.6 0.88 0.000663151 4.56533e-06 0.999871
9.6 1.1 0.00137213 4.55841e-06 0.99916
9.6 1.32 0.00276618 4.58449e-06 0.997697
9.6 1.54 0.00541764 4.69614e-06 0.994901
9.6 1.76 0.0102924 5.0584e-06 0.989869
9.6 1.98 0.0189442 6.16843e-06 0.981027
9.6 2.2 0.0337431 9.50369e-06 0.9661
9.6 2.42 0.0580619 1.93929e-05 0.94163
9.6 2.64 0.0962762 4.83218e-05 0.903267
9.6 2.86 0.153197 0.000131667 0.84644
9.6 3.08 0.232501 0.000366908 0.767063
9.6 3.3 0.33394 0.00101742 0.665058
9.6 3.52 0.450292 0.00279901 0.547175
9.6 3.74 0.56641 0.00784767 0.426112
9.6 3.96 0.660122 0.0243714 0.315816
9.6 4.18 0.686031 0.0952601 0.218876
9.6 4.4 0.476305 0.417451 0.106459
9.6 4.62 0.119827 0.86187 0.0187072
9.6 4.84 0.0284145 0.968947 0.00286675
9.6 5.06 0.00895382 0.990526 0.000622041
9.6 5.28 0.00496333 0.994723 0.000296116
9.6 5.5 0.00806239 0.991251 0.000542075
9.6 5.72 0.0246368 0.973131 0.00235279
9.6 5.94 0.101345 0.884441 0.014966
9.6 6.16 0.422804 0.487626 0.0898257
9.6 6.38 0.679571 0.114025 0.205906
9.6 6.6 0.66939 0.0282356 0.302203
9.6 6.82 0.580398 0.00890348 0.410474
9.6 7.04 0.465545 0.00315738 0.530843
9.6 7.26 0.348128 0.00114832 0.650174
9.6 7.48 0.244174 0.000414852 0.754751
9.6 7.7 0.161913 0.000148893 0.837436
9.6 7.92 0.102308 5.43857e-05 0.897272
9.6 8.14 0.0619907 2.14776e-05 0.937708
9.6 8.36 0.036178 1.021e-05 0.9636
9.6 8.58 0.0203927 6.4037e-06 0.979474
9.6 8.8 0.0111211 5.13316e-06 0.988795
9.6 9.02 0.00587514 4.71564e-06 0.994096
9.6 9.24 0.00301013 4.58311e-06 0.996986
9.6 9.46 0.00149786 4.54665e-06 0.998479
9.6 9.68 0.00072561 4.54578e-06 0.999205
9.6 9.9 0.000343916 4.56351e-06 0.99954
9.6 10.12 0.000161705 4.59858e-06 0.999606
9.6 10.34 7.90209e-05 4.66075e-06 0.999559
9.6 10.56 4.6699e-05 4.77085e-06 0.999396
9.6 10.78 3.20156e-05 5.23384e-06 0.999477
9.8 0 5.95984e-05 5.25477e-06 1.00057
9.8 0.22 7.95009e-05 5.26238e-06 1.00055
9.8 0.44 0.000151054 5.19546e-06 1.00043
9.8 0.66 0.000315917 5.14596e-06 1.00022
9.8 0.88 0.000665564 5.11654e-06 0.999848
9.8 1.1 0.00137658 5.10851e-06 0.999136
9.8 1.32 0.00277414 5.13727e-06 0.997674
9.8 1.54 0.00543141 5.26093e-06 0.994872
9.8 1.76 0.0103153 5.66223e-06 0.989812
9.8 1.98 0.0189812 6.892e-06 0.980959
9.8 2.2 0.0338003 1.05852e-05 0.965999
9.8 2.42 0.0581492 2.15294e-05 0.941536
9.8 2.64 0.0964008 5.3527e-05 0.903229
9.8 2.86 0.153365 0.000145558 0.846292
9.8 3.08 0.232707 0.000404914 0.766846
9.8 3.3 0.334156 0.00112048 0.664862
9.8 3.52 0.450423 0.00307387 0.546841
9.8 3.74 0.566207 0.00858142 0.425644
9.8 3.96 0.658895 0.0264327 0.315066
9.8 4.18 0.681675 0.101228 0.217354
9.8 4.4 0.47073 0.424584 0.104992
9.8 4.62 0.123962 0.857201 0.0192655
9.8 4.84 0.030381 0.966788 0.00305744
9.8 5.06 0.00971923 0.989692 0.00067534
9.8 5.28 0.00542317 0.994223 0.000323866
9.8 5.5 0.00877531 0.990565 0.000590345
9.8 5.72 0.0264966 0.971126 0.00252618
9.8 5.94 0.106103 0.879098 0.0156034
9.8 6.16 0.422089 0.488764 0.0894629
9.8 6.38 0.675417 0.119708 0.204496
9.8 6.6 0.668035 0.0304499 0.301466
9.8 6.82 0.580154 0.00970805 0.410019
9.8 7.04 0.465664 0.00346131 0.530565
9.8 7.26 0.348341 0.00126309 0.64993
9.8 7.48 0.244383 0.000457403 0.754615
9.8 7.7 0.162084 0.000164479 0.83727
9.8 7.92 0.102436 6.01921e-05 0.897129
9.8 8.14 0.0620822 2.38293e-05 0.937607
9.8 8.36 0.0362396 1.13658e-05 0.963525
9.8 8.58 0.0204321 7.15215e-06 0.9794
9.8 8.8 0.0111456 5.74498e-06 0.988737
9.8 9.02 0.0058899 5.28245e-06 0.994058
9.8 9.24 0.00301871 5.13564e-06 0.99696
9.8 9.46 0.00150267 5.09534e-06 0.998456
9.8 9.68 0.000728233 5.09455e-06 0.999186
9.8 9.9 0.000345315 5.11455e-06 0.999511
9.8 10.12 0.000162452 5.15396e-06 0.999599
9.8 10.34 7.94767e-05 5.2229e-06 0.999567
9.8 10.56 4.71771e-05 5.35148e-06 0.999511
9.8 10.78 3.18079e-05 5.92633e-06 0.99949
