0 0 9.41703e-05 5.08987e-06 0.974443
0 0.2 0.000119847 5.12022e-06 0.978753
0 0.4 0.000208434 5.12621e-06 0.989915
0 0.6 0.000398519 5.13521e-06 0.999855
0 0.8 0.000767487 5.10529e-06 0.999365
0 1 0.00145784 5.06691e-06 0.994129
0 1.2 0.00271254 5.06461e-06 0.986927
0 1.4 0.0049373 5.20415e-06 0.980894
0 1.6 0.00877491 5.69462e-06 0.976115
0 1.8 0.0151727 7.04598e-06 0.968757
0 2 0.0255271 1.06611e-05 0.958065
0 2.2 0.0418957 2.03138e-05 0.946165
0 2.4 0.066931 4.59032e-05 0.929838
0 2.6 0.103266 0.000112784 0.898906
0 2.8 0.153071 0.000284846 0.84662
0 3 0.218335 0.000724188 0.776415
0 3.2 0.299257 0.00184983 0.693033
0 3.4 0.390426 0.00480407 0.598207
0 3.6 0.481745 0.0133125 0.499382
0 3.8 0.553051 0.0430971 0.40145
0 4 0.539783 0.168401 0.287379
0 4.2 0.299343 0.587697 0.120489
0 4.4 0.0739141 0.917379 0.0222004
0 4.6 0.0202655 0.987717 0.00436688
0 4.8 0.0113591 0.999905 0.00207035
0 5 0.0204895 0.988908 0.00442596
0 5.2 0.0749079 0.916286 0.0225485
0 5.4 0.3012 0.579882 0.121519
0 5.6 0.53604 0.164566 0.286493
0 5.8 0.549278 0.0421466 0.401088
0 6 0.481826 0.0131156 0.502714
0 6.2 0.392911 0.00476967 0.604537
0 6.4 0.300691 0.00184035 0.696384
0 6.6 0.217254 0.000716449 0.770376
0 6.8 0.150886 0.000279472 0.833148
0 7 0.101871 0.000110415 0.889521
0 7.2 0.0667594 4.5307e-05 0.934306
0 7.4 0.0421703 2.02836e-05 0.959105
0 7.6 0.0255884 1.06591e-05 0.96339
0 7.8 0.0150533 6.97834e-06 0.962226
0 8 0.00871759 5.63938e-06 0.972743
0 8.2 0.00495945 5.21449e-06 0.988496
0 8.4 0.00271425 5.04555e-06 0.986203
0 8.6 0.00143541 4.9364e-06 0.977175
0 8.8 0.000760743 5.00242e-06 0.997894
0 9 0.000398846 5.13605e-06 1.0179
0 9.2 0.0002013 5.07936e-06 0.994506
0 9.4 0.00010762 5.11943e-06 0.992012
0 9.6 6.79414e-05 5.2214e-06 0.983467
0 9.8 4.95153e-05 5.64564e-06 0.972751
0.2 0 9.4068e-05 5.0821e-06 0.973715
0.2 0.2 0.000119709 5.11308e-06 0.977994
0.2 0.4 0.000208199 5.11961e-06 0.98913
0.2 0.6 0.000398057 5.12901e-06 0.998993
0.2 0.8 0.000766628 5.10002e-06 0.998537
0.2 1 0.00145638 5.06286e-06 0.99341
0.2 1.2 0.00271015 5.06181e-06 0.986325
0.2 1.4 0.00493297 5.20221e-06 0.980293
0.2 1.6 0.00876579 5.69311e-06 0.975348
0.2 1.8 0.0151533 7.04501e-06 0.96774
0.2 2 0.0254903 1.06624e-05 0.956882
0.2 2.2 0.0418374 2.03248e-05 0.945026
0.2 2.4 0.0668538 4.59513e-05 0.928946
0.2 2.6 0.10317 0.000112953 0.89828
0.2 2.8 0.152923 0.000285327 0.846024
0.2 3 0.218038 0.000725303 0.77558
0.2 3.2 0.298714 0.0018522 0.691965
0.2 3.4 0.38967 0.00481034 0.597198
0.2 3.6 0.480966 0.013336 0.49869
0.2 3.8 0.552424 0.043198 0.40109
0.2 4 0.539004 0.168681 0.287043
0.2 4.2 0.298698 0.586848 0.120267
0.2 4.4 0.0738844 0.915885 0.0221989
0.2 4.6 0.0202521 0.986397 0.00436544
0.2 4.8 0.0113404 0.998511 0.00206737
0.2 5 0.0204513 0.987645 0.00441834
0.2 5.2 0.0747329 0.91507 0.0225007
0.2 5.4 0.300071 0.579993 0.121103
0.2 5.6 0.535244 0.165216 0.286164
0.2 5.8 0.548853 0.0423268 0.400885
0.2 6 0.481252 0.0131586 0.502234
0.2 6.2 0.392313 0.00478177 0.603767
0.2 6.4 0.300265 0.00184467 0.695584
0.2 6.6 0.217043 0.000718228 0.769832
0.2 6.8 0.150803 0.000280198 0.832891
0.2 7 0.10183 0.000110689 0.88934
0.2 7.2 0.0667236 4.54031e-05 0.933944
0.2 7.4 0.042135 2.03157e-05 0.95841
0.2 7.6 0.0255593 1.06688e-05 0.962392
0.2 7.8 0.0150345 6.98039e-06 0.96113
0.2 8 0.00870851 5.63934e-06 0.971883
0.2 8.2 0.00495705 5.21529e-06 0.988188
0.2 8.4 0.00271434 5.0483e-06 0.986309
0.2 8.6 0.00143505 4.93733e-06 0.976807
0.2 8.8 0.000759655 4.9968e-06 0.99626
0.2 9 0.000397992 5.12535e-06 1.01566
0.2 9.2 0.000200997 5.07096e-06 0.993101
0.2 9.4 0.00010753 5.1137e-06 0.991258
0.2 9.6 6.79717e-05 5.22102e-06 0.983799
0.2 9.8 4.94386e-05 5.64539e-06 0.971814
0.4 0 9.40943e-05 4.97422e-06 0.975152
0.4 0.2 0.000119771 5.0071e-06 0.979685
0.4 0.4 0.000208391 5.01679e-06 0.991218
0.4 0.6 0.000398567 5.02946e-06 1.00149
0.4 0.8 0.000767725 5.00344e-06 1.00121
0.4 1 0.00145832 4.96801e-06 0.995934
0.4 1.2 0.00271316 4.96749e-06 0.988497
0.4 1.4 0.00493763 5.10678e-06 0.98216
0.4 1.6 0.00877393 5.59286e-06 0.977085
0.4 1.8 0.0151685 6.92958e-06 0.969481
0.4 2 0.025518 1.05033e-05 0.958641
0.4 2.2 0.0418824 2.00459e-05 0.94676
0.4 2.4 0.0669184 4.53549e-05 0.930547
0.4 2.6 0.10325 0.000111535 0.899655
0.4 2.8 0.153017 0.000281845 0.847138
0.4 3 0.218165 0.000716762 0.776563
0.4 3.2 0.2989 0.00183122 0.692874
0.4 3.4 0.389796 0.00475667 0.597832
0.4 3.6 0.480729 0.013184 0.498816
0.4 3.8 0.551833 0.0427154 0.400927
0.4 4 0.538852 0.16721 0.287138
0.4 4.2 0.299106 0.585109 0.120521
0.4 4.4 0.0736125 0.915109 0.0221397
0.4 4.6 0.0200736 0.985247 0.00433027
0.4 4.8 0.0112057 0.997291 0.00204337
0.4 5 0.0202066 0.986732 0.0043668
0.4 5.2 0.074033 0.915211 0.0223059
0.4 5.4 0.29897 0.581153 0.120753
0.4 5.6 0.534903 0.164879 0.2862
0.4 5.8 0.548717 0.0420677 0.401082
0.4 6 0.481531 0.0130579 0.502911
0.4 6.2 0.392912 0.00474352 0.605144
0.4 6.4 0.300857 0.00182924 0.697432
0.4 6.6 0.217464 0.000711797 0.771814
0.4 6.8 0.151088 0.000277531 0.834977
0.4 7 0.102029 0.000109577 0.891608
0.4 7.2 0.0668598 4.49184e-05 0.936414
0.4 7.4 0.042223 2.00808e-05 0.960963
0.4 7.6 0.0256122 1.05322e-05 0.964928
0.4 7.8 0.0150658 6.8808e-06 0.963628
0.4 8 0.00872666 5.5513e-06 0.974433
0.4 8.2 0.0049672 5.12763e-06 0.990709
0.4 8.4 0.00271917 4.96069e-06 0.988408
0.4 8.6 0.00143678 4.84679e-06 0.978179
0.4 8.8 0.000760527 4.90227e-06 0.997695
0.4 9 0.000398768 5.03099e-06 1.01819
0.4 9.2 0.000201392 4.97797e-06 0.995596
0.4 9.4 0.000107573 5.01192e-06 0.992061
0.4 9.6 6.79221e-05 5.11099e-06 0.983681
0.4 9.8 4.94185e-05 5.51857e-06 0.971107
0.6 0 9.43415e-05 4.88933e-06 0.979504
0.6 0.2 0.000120104 4.92287e-06 0.984178
0.6 0.4 0.000209048 4.93534e-06 0.996112
0.6 0.6 0.000399919 4.95071e-06 1.00671
0.6 0.8 0.000770333 4.92699e-06 1.00644
0.6 1 0.00146304 4.89312e-06 1.00087
0.6 1.2 0.0027215 4.89386e-06 0.993054
0.6 1.4 0.00495264 5.03401e-06 0.986468
0.6 1.6 0.00880146 5.51928e-06 0.981336
0.6 1.8 0.015218 6.84954e-06 0.973755
0.6 2 0.025603 1.04008e-05 0.962894
0.6 2.2 0.0420208 1.98792e-05 0.950918
0.6 2.4 0.0671339 4.50201e-05 0.934538
0.6 2.6 0.103568 0.000110778 0.903351
0.6 2.8 0.153448 0.000280046 0.850353
0.6 3 0.21872 0.000712409 0.779253
0.6 3.2 0.29963 0.00182077 0.695177
0.6 3.4 0.390729 0.00473131 0.599795
0.6 3.6 0.481734 0.0131155 0.500308
0.6 3.8 0.552706 0.0424944 0.40191
0.6 4 0.539465 0.166431 0.287701
0.6 4.2 0.299557 0.583631 0.120806
0.6 4.4 0.0736011 0.914835 0.0221576
0.6 4.6 0.0200248 0.985739 0.00432284
0.6 4.8 0.0111545 0.998132 0.00203458
0.6 5 0.0201042 0.987516 0.00434588
0.6 5.2 0.0737308 0.91583 0.0222296
0.6 5.4 0.298501 0.58189 0.120669
0.6 5.6 0.535651 0.165005 0.286868
0.6 5.8 0.550225 0.0420562 0.402554
0.6 6 0.483239 0.0130446 0.505156
0.6 6.2 0.394527 0.00473659 0.608171
0.6 6.4 0.302167 0.00182579 0.701059
0.6 6.6 0.218432 0.00071014 0.775888
0.6 6.8 0.151784 0.000276763 0.839518
0.6 7 0.102515 0.000109213 0.8966
0.6 7.2 0.0671853 4.47366e-05 0.941746
0.6 7.4 0.0424307 1.99789e-05 0.966453
0.6 7.6 0.0257361 1.04623e-05 0.970318
0.6 7.8 0.0151352 6.82088e-06 0.96875
0.6 8 0.00876531 5.49214e-06 0.979457
0.6 8.2 0.00498973 5.06691e-06 0.995922
0.6 8.4 0.00273157 4.89881e-06 0.993457
0.6 8.6 0.00144222 4.77998e-06 0.982154
0.6 8.8 0.000762697 4.82693e-06 1.00087
0.6 9 0.000400052 4.95298e-06 1.02224
0.6 9.2 0.000202238 4.90521e-06 1.00075
0.6 9.4 0.000107986 4.93678e-06 0.996695
0.6 9.6 6.8149e-05 5.03114e-06 0.98766
0.6 9.8 4.95009e-05 5.42316e-06 0.973162
0.8 0 9.4284e-05 4.81715e-06 0.980916
0.8 0.2 0.000120048 4.85109e-06 0.985698
0.8 0.4 0.000208996 4.86509e-06 0.997845
0.8 0.6 0.00039986 4.88192e-06 1.00856
0.8 0.8 0.00077019 4.85984e-06 1.00819
0.8 1 0.00146258 4.82748e-06 1.00235
0.8 1.2 0.00272033 4.82976e-06 0.99421
0.8 1.4 0.0049503 4.97103e-06 0.987392
0.8 1.6 0.00879755 5.45565e-06 0.982147
0.8 1.8 0.0152119 6.78007e-06 0.974524
0.8 2 0.0255933 1.03111e-05 0.963631
0.8 2.2 0.0420045 1.9732e-05 0.951603
0.8 2.4 0.0671043 4.47214e-05 0.935127
0.8 2.6 0.103507 0.000110096 0.903754
0.8 2.8 0.153316 0.0002784 0.850445
0.8 3 0.218455 0.000708336 0.77901
0.8 3.2 0.299188 0.00181058 0.694731
0.8 3.4 0.390083 0.0047052 0.599282
0.8 3.6 0.480847 0.0130427 0.499771
0.8 3.8 0.55165 0.0422579 0.401428
0.8 4 0.538613 0.165575 0.287434
0.8 4.2 0.2994 0.581372 0.120825
0.8 4.4 0.0735051 0.912197 0.022146
0.8 4.6 0.0199647 0.982883 0.0043128
0.8 4.8 0.0111028 0.995292 0.00202591
0.8 5 0.020008 0.984971 0.00432654
0.8 5.2 0.0734514 0.913988 0.0221569
0.8 5.4 0.297809 0.581277 0.120465
0.8 5.6 0.535075 0.164832 0.286753
0.8 5.8 0.549811 0.0419886 0.402531
0.8 6 0.48304 0.0130194 0.505318
0.8 6.2 0.394539 0.00472723 0.608649
0.8 6.4 0.302288 0.00182216 0.701872
0.8 6.6 0.21859 0.000708695 0.777042
0.8 6.8 0.151943 0.000276164 0.841043
0.8 7 0.102644 0.00010894 0.898412
0.8 7.2 0.067273 4.45982e-05 0.943674
0.8 7.4 0.0424824 1.98981e-05 0.968317
0.8 7.6 0.0257626 1.04046e-05 0.971962
0.8 7.8 0.0151476 6.77043e-06 0.97016
0.8 8 0.00877183 5.44197e-06 0.980844
0.8 8.2 0.00499432 5.01518e-06 0.997539
0.8 8.4 0.00273437 4.84579e-06 0.99505
0.8 8.6 0.00144284 4.72294e-06 0.982893
0.8 8.8 0.000762338 4.76195e-06 1.00068
0.8 9 0.000399833 4.88321e-06 1.02231
0.8 9.2 0.00020226 4.83851e-06 1.00178
0.8 9.4 0.000107973 4.86836e-06 0.997441
0.8 9.6 6.80963e-05 4.95749e-06 0.987692
0.8 9.8 4.94513e-05 5.34305e-06 0.972924
1 0 9.45925e-05 4.79311e-06 0.986201
1 0.2 0.000120455 4.8275e-06 0.991092
1 0.4 0.00020972 4.84198e-06 1.00333
1 0.6 0.000401238 4.85925e-06 1.01401
1 0.8 0.000772777 4.83779e-06 1.01344
1 1 0.00146731 4.80616e-06 1.00728
1 1.2 0.00272888 4.80951e-06 0.998822
1 1.4 0.00496576 4.9522e-06 0.991767
1 1.6 0.00882527 5.43861e-06 0.986382
1 1.8 0.0152607 6.76524e-06 0.97868
1 2 0.0256755 1.02987e-05 0.967687
1 2.2 0.0421352 1.97215e-05 0.955464
1 2.4 0.0673001 4.47114e-05 0.938676
1 2.6 0.103785 0.000110086 0.906897
1 2.8 0.153689 0.0002784 0.853124
1 3 0.218935 0.000708375 0.781212
1 3.2 0.299781 0.00181064 0.6965
1 3.4 0.390788 0.00470483 0.600675
1 3.6 0.481614 0.0130378 0.50081
1 3.8 0.552348 0.0422204 0.402111
1 4 0.539195 0.165369 0.287851
1 4.2 0.299903 0.580937 0.12107
1 4.4 0.0736144 0.912201 0.0221874
1 4.6 0.0199802 0.983079 0.00431739
1 4.8 0.0111021 0.99569 0.00202592
1 5 0.0200009 0.985469 0.00432502
1 5.2 0.0734477 0.914648 0.0221583
1 5.4 0.297992 0.582009 0.120563
1 5.6 0.53586 0.1651 0.287252
1 5.8 0.550956 0.0420703 0.403501
1 6 0.48432 0.0130496 0.506846
1 6.2 0.395766 0.00473978 0.610789
1 6.4 0.303341 0.00182751 0.704615
1 6.6 0.219418 0.000710895 0.780317
1 6.8 0.152548 0.000277021 0.844757
1 7 0.103064 0.000109259 0.902487
1 7.2 0.0675534 4.47151e-05 0.948068
1 7.4 0.0426637 1.99407e-05 0.972946
1 7.6 0.0258729 1.04179e-05 0.976606
1 7.8 0.0152101 6.77013e-06 0.974614
1 8 0.00880609 5.43393e-06 0.985164
1 8.2 0.00501373 5.00296e-06 1.00201
1 8.4 0.00274547 4.83229e-06 0.999725
1 8.6 0.00144851 4.70762e-06 0.987265
1 8.8 0.000764886 4.74163e-06 1.00445
1 9 0.000401034 4.85842e-06 1.026
1 9.2 0.000202974 4.81546e-06 1.00623
1 9.4 0.000108373 4.84618e-06 1.00209
1 9.6 6.82812e-05 4.92993e-06 0.991231
1 9.8 4.95616e-05 5.31129e-06 0.976001
1.2 0 9.47979e-05 4.78993e-06 0.989966
1.2 0.2 0.000120722 4.82445e-06 0.994889
1.2 0.4 0.000210171 4.83855e-06 1.00701
1.2 0.6 0.000402073 4.85567e-06 1.01755
1.2 0.8 0.00077433 4.8343e-06 1.01678
1.2 1 0.0014702 4.80299e-06 1.01042
1.2 1.2 0.00273424 4.80677e-06 1.00178
1.2 1.4 0.00497542 4.94977e-06 0.994541
1.2 1.6 0.00884213 5.43666e-06 0.98897
1.2 1.8 0.0152895 6.76465e-06 0.981119
1.2 2 0.0257231 1.03011e-05 0.969991
1.2 2.2 0.0422085 1.97299e-05 0.95757
1.2 2.4 0.0674046 4.47305e-05 0.940495
1.2 2.6 0.103929 0.000110128 0.908419
1.2 2.8 0.15389 0.000278513 0.854417
1.2 3 0.219213 0.000708694 0.782319
1.2 3.2 0.300144 0.00181141 0.697415
1.2 3.4 0.391255 0.0047064 0.601429
1.2 3.6 0.482219 0.0130406 0.501453
1.2 3.8 0.553042 0.0422202 0.402615
1.2 4 0.539835 0.165335 0.288179
1.2 4.2 0.300346 0.580971 0.121239
1.2 4.4 0.0737209 0.912762 0.0222173
1.2 4.6 0.0200021 0.98383 0.00432124
1.2 4.8 0.0111084 0.996556 0.00202626
1.2 5 0.0200076 0.986459 0.00432447
1.2 5.2 0.0734785 0.91568 0.0221588
1.2 5.4 0.298201 0.582807 0.12061
1.2 5.6 0.536528 0.165367 0.287536
1.2 5.8 0.551812 0.0421444 0.404041
1.2 6 0.485153 0.0130742 0.50763
1.2 6.2 0.3965 0.0047495 0.61184
1.2 6.4 0.30396 0.00183168 0.705971
1.2 6.6 0.219893 0.000712622 0.781908
1.2 6.8 0.152874 0.000277686 0.846449
1.2 7 0.103277 0.000109508 0.904278
1.2 7.2 0.0676989 4.48127e-05 0.950109
1.2 7.4 0.0427646 1.99821e-05 0.975322
1.2 7.6 0.0259376 1.04361e-05 0.979139
1.2 7.8 0.0152462 6.77726e-06 0.976997
1.2 8 0.00882464 5.43493e-06 0.987345
1.2 8.2 0.00502394 5.00122e-06 1.00432
1.2 8.4 0.00275187 4.831e-06 1.00252
1.2 8.6 0.00145233 4.7076e-06 0.990369
1.2 8.8 0.000766753 4.74015e-06 1.0073
1.2 9 0.000401801 4.85288e-06 1.02834
1.2 9.2 0.000203378 4.80909e-06 1.00881
1.2 9.4 0.000108653 4.84277e-06 1.00543
1.2 9.6 6.84294e-05 4.92515e-06 0.994126
1.2 9.8 4.96556e-05 5.30517e-06 0.978669
1.4 0 9.47289e-05 4.79857e-06 0.989979
1.4 0.2 0.000120631 4.83279e-06 0.994821
1.4 0.4 0.000209998 4.84628e-06 1.00673
1.4 0.6 0.000401733 4.8631e-06 1.01714
1.4 0.8 0.000773678 4.84153e-06 1.0163
1.4 1 0.00146899 4.81004e-06 1.0099
1.4 1.2 0.00273195 4.8132e-06 1.00118
1.4 1.4 0.00497065 4.95478e-06 0.993733
1.4 1.6 0.00883216 5.43976e-06 0.987883
1.4 1.8 0.0152706 6.76598e-06 0.979829
1.4 2 0.0256908 1.0301e-05 0.968629
1.4 2.2 0.0421558 1.97276e-05 0.956186
1.4 2.4 0.0673195 4.47215e-05 0.939073
1.4 2.6 0.103802 0.000110102 0.907025
1.4 2.8 0.153731 0.000278474 0.853216
1.4 3 0.21904 0.000708711 0.781398
1.4 3.2 0.299959 0.00181162 0.69671
1.4 3.4 0.391062 0.00470691 0.600887
1.4 3.6 0.482088 0.0130421 0.5011
1.4 3.8 0.553078 0.0422278 0.402455
1.4 4 0.540097 0.165387 0.288174
1.4 4.2 0.300674 0.581329 0.121305
1.4 4.4 0.0738229 0.9136 0.0222343
1.4 4.6 0.0200277 0.984644 0.00432341
1.4 4.8 0.0111182 0.997297 0.00202603
1.4 5 0.0200208 0.987411 0.00432283
1.4 5.2 0.0735182 0.916773 0.0221495
1.4 5.4 0.298304 0.583585 0.120546
1.4 5.6 0.53661 0.165579 0.287348
1.4 5.8 0.551712 0.0421881 0.403659
1.4 6 0.484934 0.0130852 0.507038
1.4 6.2 0.396277 0.00475334 0.611079
1.4 6.4 0.303787 0.00183325 0.705087
1.4 6.6 0.21974 0.000713202 0.7808
1.4 6.8 0.15272 0.000277859 0.844965
1.4 7 0.103145 0.000109556 0.902485
1.4 7.2 0.0676092 4.4829e-05 0.948297
1.4 7.4 0.042715 1.99899e-05 0.973734
1.4 7.6 0.0259114 1.04405e-05 0.977741
1.4 7.8 0.0152303 6.77964e-06 0.975559
1.4 8 0.00881389 5.43606e-06 0.985755
1.4 8.2 0.00501759 5.00216e-06 1.00284
1.4 8.4 0.00274935 4.83392e-06 1.00167
1.4 8.6 0.00145199 4.71451e-06 0.990404
1.4 8.8 0.000766844 4.74974e-06 1.00759
1.4 9 0.000401655 4.86025e-06 1.02789
1.4 9.2 0.000203185 4.81258e-06 1.00777
1.4 9.4 0.000108599 4.84836e-06 1.0051
1.4 9.6 6.84202e-05 4.93391e-06 0.994318
1.4 9.8 4.96508e-05 5.31497e-06 0.979038
1.6 0 9.44735e-05 4.81422e-06 0.987116
1.6 0.2 0.000120299 4.84786e-06 0.991819
1.6 0.4 0.000209429 4.86085e-06 1.00356
1.6 0.6 0.000400676 4.87728e-06 1.01395
1.6 0.8 0.000771684 4.85513e-06 1.01318
1.6 1 0.00146521 4.82274e-06 1.00683
1.6 1.2 0.00272463 4.82418e-06 0.998049
1.6 1.4 0.00495632 4.9631e-06 0.990375
1.6 1.6 0.00880495 5.44482e-06 0.984273
1.6 1.8 0.0152225 6.76751e-06 0.976113
1.6 2 0.0256118 1.02983e-05 0.965008
1.6 2.2 0.0420324 1.97179e-05 0.952755
1.6 2.4 0.0671315 4.46958e-05 0.935832
1.6 2.6 0.103531 0.000110041 0.904044
1.6 2.8 0.153382 0.000278362 0.85069
1.6 3 0.218643 0.00070863 0.779444
1.6 3.2 0.299543 0.00181197 0.695279
1.6 3.4 0.39066 0.00470897 0.599879
1.6 3.6 0.481773 0.0130505 0.500449
1.6 3.8 0.552961 0.0422632 0.402109
1.6 4 0.540281 0.16556 0.288077
1.6 4.2 0.300993 0.582097 0.12134
1.6 4.4 0.0739434 0.915066 0.0222484
1.6 4.6 0.0200657 0.986213 0.00432547
1.6 4.8 0.0111372 0.998802 0.00202585
1.6 5 0.0200462 0.988993 0.00432102
1.6 5.2 0.073575 0.918259 0.0221365
1.6 5.4 0.29836 0.584472 0.120433
1.6 5.6 0.536416 0.165797 0.286946
1.6 5.8 0.551207 0.0422286 0.402886
1.6 6 0.484279 0.013093 0.505857
1.6 6.2 0.395612 0.00475476 0.609461
1.6 6.4 0.303188 0.00183327 0.702993
1.6 6.6 0.219217 0.000712962 0.778118
1.6 6.8 0.152275 0.000277657 0.841583
1.6 7 0.102799 0.000109444 0.89853
1.6 7.2 0.0673744 4.47786e-05 0.944136
1.6 7.4 0.0425724 1.99689e-05 0.969719
1.6 7.6 0.0258301 1.04323e-05 0.973972
1.6 7.8 0.0151835 6.77713e-06 0.971863
1.6 8 0.008786 5.43635e-06 0.981935
1.6 8.2 0.00500128 5.00409e-06 0.998985
1.6 8.4 0.00274112 4.83822e-06 0.998364
1.6 8.6 0.00144881 4.72378e-06 0.988216
1.6 8.8 0.000765767 4.76467e-06 1.00614
1.6 9 0.000401047 4.87639e-06 1.02594
1.6 9.2 0.00020269 4.8241e-06 1.0047
1.6 9.4 0.000108327 4.85975e-06 1.00216
1.6 9.6 6.83086e-05 4.95122e-06 0.992551
1.6 9.8 4.9585e-05 5.33567e-06 0.977879
1.8 0 9.40108e-05 4.82313e-06 0.981476
1.8 0.2 0.000119708 4.85618e-06 0.986147
1.8 0.4 0.000208423 4.86854e-06 0.998049
1.8 0.6 0.000398805 4.88425e-06 1.00861
1.8 0.8 0.000768157 4.86127e-06 1.00805
1.8 1 0.00145854 4.82771e-06 1.00186
1.8 1.2 0.00271198 4.82724e-06 0.993095
1.8 1.4 0.00493266 4.96344e-06 0.985357
1.8 1.6 0.00876243 5.44151e-06 0.979235
1.8 1.8 0.01515 6.7588e-06 0.971208
1.8 2 0.0254945 1.02797e-05 0.960379
1.8 2.2 0.041848 1.96773e-05 0.948435
1.8 2.4 0.0668475 4.46009e-05 0.931785
1.8 2.6 0.103111 0.00010981 0.900313
1.8 2.8 0.152802 0.000277815 0.847429
1.8 3 0.217906 0.000707442 0.776791
1.8 3.2 0.298685 0.00180973 0.693287
1.8 3.4 0.389774 0.00470573 0.598539
1.8 3.6 0.480981 0.0130487 0.499673
1.8 3.8 0.552388 0.0422761 0.40176
1.8 4 0.540038 0.165656 0.288025
1.8 4.2 0.301048 0.582536 0.121413
1.8 4.4 0.0739943 0.915898 0.022279
1.8 4.6 0.0200866 0.987169 0.00433493
1.8 4.8 0.0111478 0.999736 0.00203052
1.8 5 0.0200532 0.989824 0.00432636
1.8 5.2 0.0735552 0.918869 0.0221382
1.8 5.4 0.298108 0.584777 0.120338
1.8 5.6 0.535653 0.165849 0.286513
1.8 5.8 0.550085 0.0422232 0.401992
1.8 6 0.482998 0.0130833 0.504393
1.8 6.2 0.394332 0.00474806 0.607309
1.8 6.4 0.302041 0.00182955 0.700098
1.8 6.6 0.218274 0.000711135 0.774474
1.8 6.8 0.151543 0.000276828 0.837198
1.8 7 0.102268 0.000109086 0.893548
1.8 7.2 0.067019 4.46257e-05 0.938892
1.8 7.4 0.0423539 1.99017e-05 0.964589
1.8 7.6 0.0257039 1.04008e-05 0.96914
1.8 7.8 0.0151116 6.76114e-06 0.967197
1.8 8 0.00874415 5.42749e-06 0.977142
1.8 8.2 0.00497668 4.99836e-06 0.993965
1.8 8.4 0.00272767 4.83441e-06 0.993526
1.8 8.6 0.00144249 4.72374e-06 0.98421
1.8 8.8 0.000763037 4.77046e-06 1.00293
1.8 9 0.000399736 4.88625e-06 1.02268
1.8 9.2 0.000201869 4.83143e-06 1.00039
1.8 9.4 0.000107834 4.86531e-06 0.997515
1.8 9.6 6.80592e-05 4.96265e-06 0.989231
1.8 9.8 4.94432e-05 5.35283e-06 0.975412
2 0 9.34615e-05 4.82147e-06 0.974744
2 0.2 0.000119011 4.85404e-06 0.979408
2 0.4 0.000207227 4.8654e-06 0.991356
2 0.6 0.000396567 4.87995e-06 1.00205
2 0.8 0.000763959 4.8561e-06 1.00176
2 1 0.00145071 4.82173e-06 0.995841
2 1.2 0.00269755 4.82019e-06 0.987299
2 1.4 0.00490678 4.9548e-06 0.979785
2 1.6 0.0087178 5.43005e-06 0.973957
2 1.8 0.015076 6.74146e-06 0.966296
2 2 0.0253752 1.02491e-05 0.955845
2 2.2 0.041659 1.96149e-05 0.944218
2 2.4 0.0665533 4.44596e-05 0.927833
2 2.6 0.102668 0.000109472 0.896649
2 2.8 0.152168 0.000276996 0.844133
2 3 0.217046 0.000705495 0.773944
2 3.2 0.297613 0.00180543 0.690994
2 3.4 0.388596 0.0046974 0.596906
2 3.6 0.479866 0.0130348 0.498681
2 3.8 0.55149 0.0422562 0.401272
2 4 0.539479 0.165627 0.287873
2 4.2 0.300877 0.582427 0.121419
2 4.4 0.0739681 0.915586 0.0222885
2 4.6 0.0200827 0.986798 0.00433835
2 4.8 0.011144 0.999317 0.00203191
2 5 0.0200346 0.989212 0.00432559
2 5.2 0.0734546 0.918147 0.0221184
2 5.4 0.297613 0.584356 0.120176
2 5.6 0.534522 0.165717 0.285963
2 5.8 0.548588 0.0421703 0.400937
2 6 0.481353 0.0130572 0.502692
2 6.2 0.392731 0.00473474 0.604845
2 6.4 0.300662 0.00182318 0.696899
2 6.6 0.217208 0.000708346 0.770681
2 6.8 0.150768 0.000275663 0.832889
2 7 0.101726 0.000108601 0.888779
2 7.2 0.0666575 4.44184e-05 0.933843
2 7.4 0.0421287 1.98078e-05 0.959566
2 7.6 0.0255729 1.03543e-05 0.964389
2 7.8 0.0150379 6.73548e-06 0.962671
2 8 0.00870188 5.41137e-06 0.972535
2 8.2 0.00495177 4.98619e-06 0.989001
2 8.4 0.00271343 4.82335e-06 0.988326
2 8.6 0.00143507 4.71397e-06 0.979219
2 8.8 0.000759423 4.76404e-06 0.998321
2 9 0.000398018 4.88467e-06 1.01829
2 9.2 0.00020093 4.83062e-06 0.995463
2 9.4 0.000107262 4.86248e-06 0.991974
2 9.6 6.77333e-05 4.96321e-06 0.984562
2 9.8 4.92615e-05 5.35956e-06 0.972049
2.2 0 9.30678e-05 4.81474e-06 0.970073
2.2 0.2 0.000118515 4.84694e-06 0.974746
2.2 0.4 0.000206369 4.85696e-06 0.986656
2.2 0.6 0.000394961 4.87013e-06 0.997416
2.2 0.8 0.000760994 4.8456e-06 0.997379
2.2 1 0.00144534 4.81109e-06 0.99179
2.2 1.2 0.00268805 4.80971e-06 0.983619
2.2 1.4 0.00489069 4.94433e-06 0.976541
2.2 1.6 0.00869169 5.41839e-06 0.971194
2.2 1.8 0.0150347 6.72554e-06 0.963974
2.2 2 0.0253099 1.02222e-05 0.95385
2.2 2.2 0.0415561 1.95617e-05 0.942445
2.2 2.4 0.0663965 4.43451e-05 0.926258
2.2 2.6 0.10244 0.000109215 0.895296
2.2 2.8 0.151843 0.000276397 0.842977
2.2 3 0.216588 0.000704057 0.772923
2.2 3.2 0.297003 0.00180208 0.690121
2.2 3.4 0.387889 0.00469026 0.596276
2.2 3.6 0.479172 0.0130209 0.498341
2.2 3.8 0.550914 0.0422278 0.401172
2.2 4 0.539083 0.165542 0.287907
2.2 4.2 0.300694 0.582052 0.121457
2.2 4.4 0.0739177 0.914741 0.0222952
2.2 4.6 0.020068 0.985805 0.00433968
2.2 4.8 0.0111333 0.998258 0.00203199
2.2 5 0.0200062 0.987929 0.00432314
2.2 5.2 0.0733361 0.91682 0.0220993
2.2 5.4 0.297136 0.583601 0.120065
2.2 5.6 0.533602 0.165508 0.285646
2.2 5.8 0.547468 0.0421045 0.40034
2.2 6 0.480185 0.0130299 0.501735
2.2 6.2 0.391654 0.00472233 0.60351
2.2 6.4 0.299798 0.00181771 0.69529
2.2 6.6 0.216594 0.000706096 0.768952
2.2 6.8 0.150352 0.000274757 0.831057
2.2 7 0.101438 0.000108223 0.886737
2.2 7.2 0.0664591 4.42507e-05 0.931564
2.2 7.4 0.0420005 1.97285e-05 0.957225
2.2 7.6 0.025498 1.03136e-05 0.962235
2.2 7.8 0.0149971 6.71257e-06 0.96077
2.2 8 0.00867938 5.39701e-06 0.970673
2.2 8.2 0.00493853 4.97558e-06 0.986848
2.2 8.4 0.00270541 4.8133e-06 0.985703
2.2 8.6 0.00143039 4.7029e-06 0.97621
2.2 8.8 0.000756876 4.75287e-06 0.995165
2.2 9 0.000396804 4.87698e-06 1.01539
2.2 9.2 0.000200334 4.82635e-06 0.992593
2.2 9.4 0.000106887 4.85719e-06 0.98852
2.2 9.6 6.74982e-05 4.95832e-06 0.981335
2.2 9.8 4.91332e-05 5.35849e-06 0.969849
2.4 0 9.297e-05 4.80865e-06 0.969454
2.4 0.2 0.000118394 4.8406e-06 0.974141
2.4 0.4 0.00020616 4.84953e-06 0.986008
2.4 0.6 0.000394584 4.86161e-06 0.996793
2.4 0.8 0.000760384 4.83682e-06 0.99694
2.4 1 0.00144447 4.80294e-06 0.991652
2.4 1.2 0.00268708 4.80288e-06 0.983878
2.4 1.4 0.00489033 4.93896e-06 0.977278
2.4 1.6 0.00869341 5.41359e-06 0.972398
2.4 1.8 0.0150402 6.71916e-06 0.965504
2.4 2 0.0253209 1.02105e-05 0.955521
2.4 2.2 0.0415755 1.95376e-05 0.944158
2.4 2.4 0.066434 4.42964e-05 0.928035
2.4 2.6 0.102513 0.000109123 0.897163
2.4 2.8 0.151965 0.00027622 0.844832
2.4 3 0.216744 0.000703635 0.774574
2.4 3.2 0.297153 0.00180087 0.691436
2.4 3.4 0.387991 0.00468681 0.597246
2.4 3.6 0.479203 0.0130109 0.499029
2.4 3.8 0.550862 0.0421947 0.401649
2.4 4 0.538937 0.165403 0.288193
2.4 4.2 0.300525 0.581481 0.121542
2.4 4.4 0.0738547 0.913709 0.0223044
2.4 4.6 0.020047 0.984691 0.00434052
2.4 4.8 0.0111188 0.997098 0.00203172
2.4 5 0.0199749 0.986545 0.00432117
2.4 5.2 0.0732221 0.915351 0.0220896
2.4 5.4 0.296753 0.582687 0.120044
2.4 5.6 0.533088 0.16526 0.285688
2.4 5.8 0.547042 0.0420401 0.400475
2.4 6 0.47989 0.013009 0.501998
2.4 6.2 0.391505 0.00471456 0.603997
2.4 6.4 0.299782 0.00181482 0.696114
2.4 6.6 0.216663 0.000705056 0.770171
2.4 6.8 0.150439 0.000274369 0.832579
2.4 7 0.101498 0.000108058 0.888344
2.4 7.2 0.0664867 4.41723e-05 0.933084
2.4 7.4 0.0420107 1.96893e-05 0.95868
2.4 7.6 0.0255041 1.02934e-05 0.9638
2.4 7.8 0.0150033 6.7019e-06 0.962584
2.4 8 0.00868462 5.39143e-06 0.972668
2.4 8.2 0.00494174 4.97249e-06 0.988744
2.4 8.4 0.00270661 4.8103e-06 0.987108
2.4 8.6 0.00143036 4.69747e-06 0.976884
2.4 8.8 0.000756513 4.74448e-06 0.995305
2.4 9 0.000396627 4.86942e-06 1.01567
2.4 9.2 0.000200317 4.82307e-06 0.993285
2.4 9.4 0.000106853 4.85454e-06 0.988898
2.4 9.6 6.74567e-05 4.95412e-06 0.98142
2.4 9.8 4.91109e-05 5.35396e-06 0.97013
2.6 0 9.32001e-05 4.8109e-06 0.973473
2.6 0.2 0.000118688 4.8427e-06 0.978165
2.6 0.4 0.000206672 4.85109e-06 0.990017
2.6 0.6 0.000395575 4.86271e-06 1.00081
2.6 0.8 0.000762381 4.8382e-06 1.00104
2.6 1 0.00144853 4.80563e-06 0.995969
2.6 1.2 0.0026953 4.80786e-06 0.988531
2.6 1.4 0.00490652 4.94668e-06 0.982328
2.6 1.6 0.00872364 5.42385e-06 0.977762
2.6 1.8 0.0150928 6.73171e-06 0.970958
2.6 2 0.0254069 1.02264e-05 0.960839
2.6 2.2 0.0417122 1.95621e-05 0.949251
2.6 2.4 0.06665 4.43461e-05 0.932932
2.6 2.6 0.102849 0.000109245 0.901862
2.6 2.8 0.152458 0.000276521 0.8492
2.6 3 0.217401 0.000704284 0.778402
2.6 3.2 0.297923 0.00180191 0.694533
2.6 3.4 0.388755 0.00468732 0.599516
2.6 3.6 0.47981 0.0130058 0.500532
2.6 3.8 0.551195 0.0421598 0.402552
2.6 4 0.53894 0.16522 0.288644
2.6 4.2 0.300351 0.580761 0.121652
2.6 4.4 0.0737806 0.912559 0.022313
2.6 4.6 0.0200203 0.983479 0.00434015
2.6 4.8 0.011101 0.995842 0.00203073
2.6 5 0.0199425 0.985131 0.00431926
2.6 5.2 0.0731214 0.913888 0.0220888
2.6 5.4 0.296483 0.581738 0.120107
2.6 5.6 0.53296 0.165013 0.286047
2.6 5.8 0.547259 0.0419889 0.401256
2.6 6 0.480393 0.0129983 0.503339
2.6 6.2 0.392184 0.00471284 0.606061
2.6 6.4 0.300492 0.00181496 0.698971
2.6 6.6 0.217292 0.000705378 0.773775
2.6 6.8 0.150933 0.000274571 0.836819
2.6 7 0.101849 0.000108154 0.89303
2.6 7.2 0.0667143 4.42147e-05 0.937993
2.6 7.4 0.0421496 1.97099e-05 0.963673
2.6 7.6 0.0255874 1.03063e-05 0.968902
2.6 7.8 0.0150544 6.71252e-06 0.967932
2.6 8 0.00871609 5.40167e-06 0.97831
2.6 8.2 0.00496027 4.98273e-06 0.994463
2.6 8.4 0.00271642 4.81955e-06 0.992392
2.6 8.6 0.00143486 4.70345e-06 0.981322
2.6 8.8 0.000758433 4.74597e-06 0.999073
2.6 9 0.000397542 4.86899e-06 1.01943
2.6 9.2 0.000200863 4.8258e-06 0.997572
2.6 9.4 0.000107156 4.85936e-06 0.993252
2.6 9.6 6.76219e-05 4.95691e-06 0.985229
2.6 9.8 4.92022e-05 5.3531e-06 0.97322
2.8 0 9.37477e-05 4.83141e-06 0.981938
2.8 0.2 0.00011938 4.86316e-06 0.986619
2.8 0.4 0.000207868 4.87133e-06 0.998474
2.8 0.6 0.00039786 4.88296e-06 1.00924
2.8 0.8 0.000766828 4.85896e-06 1.00944
2.8 1 0.00145722 4.82803e-06 1.00445
2.8 1.2 0.00271208 4.83306e-06 0.997245
2.8 1.4 0.00493802 4.97559e-06 0.991298
2.8 1.6 0.00878006 5.45746e-06 0.986841
2.8 1.8 0.0151884 6.77275e-06 0.979864
2.8 2 0.0255609 1.02833e-05 0.969323
2.8 2.2 0.0419526 1.96575e-05 0.957214
2.8 2.4 0.0670162 4.45351e-05 0.940353
2.8 2.6 0.103388 0.000109656 0.908673
2.8 2.8 0.153212 0.00027744 0.855273
2.8 3 0.218395 0.000706286 0.783617
2.8 3.2 0.299119 0.00180592 0.698759
2.8 3.4 0.390004 0.00469413 0.602641
2.8 3.6 0.480898 0.0130137 0.502611
2.8 3.8 0.551945 0.0421547 0.403802
2.8 4 0.539262 0.165125 0.28928
2.8 4.2 0.300339 0.580321 0.12183
2.8 4.4 0.0737405 0.911783 0.0223324
2.8 4.6 0.0199999 0.982542 0.00434129
2.8 4.8 0.0110863 0.994809 0.00203045
2.8 5 0.0199209 0.984069 0.00432012
2.8 5.2 0.0730785 0.912938 0.0221078
2.8 5.4 0.296489 0.581203 0.120295
2.8 5.6 0.533395 0.164908 0.286745
2.8 5.8 0.548169 0.0419856 0.402612
2.8 6 0.481618 0.0130073 0.505527
2.8 6.2 0.393517 0.00471995 0.609244
2.8 6.4 0.301718 0.00181898 0.703147
2.8 6.6 0.218291 0.000707352 0.778847
2.8 6.8 0.151697 0.000275485 0.84276
2.8 7 0.102405 0.000108572 0.8998
2.8 7.2 0.0670945 4.441e-05 0.945398
2.8 7.4 0.0423926 1.98079e-05 0.971425
2.8 7.6 0.0257357 1.03632e-05 0.976839
2.8 7.8 0.0151437 6.75246e-06 0.97613
2.8 8 0.00876975 5.43453e-06 0.986875
2.8 8.2 0.00499143 5.01227e-06 1.0032
2.8 8.4 0.00273312 4.84637e-06 1.00073
2.8 8.6 0.00144305 4.72645e-06 0.988853
2.8 8.8 0.000762327 4.76446e-06 1.00604
2.8 9 0.000399428 4.88393e-06 1.0263
2.8 9.2 0.000201883 4.8417e-06 1.00493
2.8 9.4 0.000107742 4.8779e-06 1.00099
2.8 9.6 6.79708e-05 4.97387e-06 0.992352
2.8 9.8 4.94038e-05 5.36587e-06 0.979034
3 0 9.45003e-05 4.87191e-06 0.993186
3 0.2 0.000120327 4.90363e-06 0.997826
3 0.4 0.000209491 4.9115e-06 1.00964
3 0.6 0.000400928 4.92302e-06 1.02028
3 0.8 0.000772713 4.89912e-06 1.02026
3 1 0.00146854 4.86929e-06 1.0152
3 1.2 0.00273361 4.8767e-06 1.00806
3 1.4 0.00497778 5.02294e-06 1.00219
3 1.6 0.00885026 5.51076e-06 0.997638
3 1.8 0.0153061 6.83759e-06 0.990287
3 2 0.0257497 1.03747e-05 0.979144
3 2.2 0.0422452 1.98135e-05 0.966335
3 2.4 0.0674534 4.48457e-05 0.948702
3 2.6 0.104011 0.000110324 0.91612
3 2.8 0.154061 0.000278913 0.861718
3 3 0.219505 0.000709543 0.789068
3 3.2 0.300485 0.00181293 0.703203
3 3.4 0.391508 0.00470829 0.606004
3 3.6 0.48233 0.0130405 0.504923
3 3.8 0.553113 0.0422058 0.405254
3 4 0.54004 0.165236 0.290084
3 4.2 0.300637 0.580571 0.1221
3 4.4 0.0737826 0.911967 0.0223711
3 4.6 0.0200014 0.982472 0.00434621
3 4.8 0.0110842 0.994584 0.00203205
3 5 0.0199242 0.983925 0.00432562
3 5.2 0.0731331 0.91304 0.0221522
3 5.4 0.296878 0.58145 0.120614
3 5.6 0.534441 0.165048 0.287716
3 5.8 0.549678 0.042052 0.404329
3 6 0.483347 0.0130404 0.508134
3 6.2 0.395213 0.00473641 0.612835
3 6.4 0.303161 0.00182671 0.707634
3 6.6 0.219407 0.000710792 0.78412
3 6.8 0.152534 0.000277005 0.848916
3 7 0.103025 0.000109258 0.906976
3 7.2 0.0675311 4.47293e-05 0.953473
3 7.4 0.0426788 1.99676e-05 0.980045
3 7.6 0.0259122 1.04548e-05 0.985714
3 7.8 0.0152498 6.81564e-06 0.985268
3 8 0.00883305 5.48562e-06 0.996406
3 8.2 0.00502796 5.05761e-06 1.01296
3 8.4 0.0027527 4.88767e-06 1.01016
3 8.6 0.00145285 4.76399e-06 0.997635
3 8.8 0.000767188 4.79888e-06 1.01452
3 9 0.000401838 4.91506e-06 1.03481
3 9.2 0.000203153 4.87193e-06 1.01384
3 9.4 0.000108474 4.91024e-06 1.01044
3 9.6 6.84152e-05 5.00531e-06 1.00123
3 9.8 4.96746e-05 5.39519e-06 0.986552
3.2 0 9.51762e-05 4.91774e-06 1.00343
3.2 0.2 0.000121171 4.9493e-06 1.008
3.2 0.4 0.00021091 4.9564e-06 1.01964
3.2 0.6 0.000403548 4.96701e-06 1.02999
3.2 0.8 0.000777617 4.94204e-06 1.02955
3.2 1 0.00147777 4.91187e-06 1.02418
3.2 1.2 0.0027509 4.92006e-06 1.01688
3.2 1.4 0.00500923 5.06849e-06 1.01088
3.2 1.6 0.00890496 5.561e-06 1.00607
3.2 1.8 0.0153967 6.89834e-06 0.998276
3.2 2 0.0258936 1.04608e-05 0.986557
3.2 2.2 0.0424661 1.99616e-05 0.973129
3.2 2.4 0.0677786 4.51414e-05 0.954818
3.2 2.6 0.104464 0.000110958 0.921439
3.2 2.8 0.154662 0.000280311 0.866201
3.2 3 0.220293 0.00071268 0.792828
3.2 3.2 0.30149 0.00181999 0.706335
3.2 3.4 0.392682 0.00472375 0.608472
3.2 3.6 0.48353 0.013074 0.506697
3.2 3.8 0.554192 0.0422863 0.406424
3.2 4 0.540903 0.165484 0.29079
3.2 4.2 0.301088 0.581334 0.122377
3.2 4.4 0.0738818 0.912939 0.0224175
3.2 4.6 0.0200219 0.983186 0.00435369
3.2 4.8 0.0110936 0.995119 0.00203517
3.2 5 0.019947 0.984574 0.00433397
3.2 5.2 0.073247 0.913945 0.022206
3.2 5.4 0.297426 0.582229 0.120947
3.2 5.6 0.535579 0.165331 0.288607
3.2 5.8 0.55111 0.0421509 0.405794
3.2 6 0.48486 0.0130816 0.510245
3.2 6.2 0.396586 0.00475484 0.615561
3.2 6.4 0.304235 0.00183473 0.7108
3.2 6.6 0.220177 0.00071417 0.787621
3.2 6.8 0.153094 0.00027845 0.852933
3.2 7 0.103444 0.000109901 0.911761
3.2 7.2 0.0678355 4.50277e-05 0.959023
3.2 7.4 0.0428829 2.01164e-05 0.986088
3.2 7.6 0.0260391 1.05399e-05 0.991972
3.2 7.8 0.015326 6.87384e-06 0.991712
3.2 8 0.00887865 5.53247e-06 1.00318
3.2 8.2 0.00505446 5.09908e-06 1.01999
3.2 8.4 0.002767 4.9256e-06 1.01708
3.2 8.6 0.00146007 4.79948e-06 1.00423
3.2 8.8 0.000770874 4.83362e-06 1.02116
3.2 9 0.000403733 4.94856e-06 1.04173
3.2 9.2 0.000204169 4.90404e-06 1.0212
3.2 9.4 0.000109063 4.9432e-06 1.01829
3.2 9.6 6.87768e-05 5.03814e-06 1.00869
3.2 9.8 4.99076e-05 5.42883e-06 0.99319
3.4 0 9.54313e-05 4.94409e-06 1.00813
3.4 0.2 0.000121478 4.9752e-06 1.01262
3.4 0.4 0.000211372 4.98079e-06 1.02397
3.4 0.6 0.00040428 4.98928e-06 1.03383
3.4 0.8 0.000778756 4.96178e-06 1.0328
3.4 1 0.00147956 4.92937e-06 1.02691
3.4 1.2 0.00275377 4.93602e-06 1.01923
3.4 1.4 0.00501366 5.08381e-06 1.0129
3.4 1.6 0.00891109 5.57694e-06 1.00774
3.4 1.8 0.015404 6.91722e-06 0.999572
3.4 2 0.0259013 1.04876e-05 0.987512
3.4 2.2 0.0424726 2.00075e-05 0.973808
3.4 2.4 0.0677797 4.52314e-05 0.955255
3.4 2.6 0.104449 0.000111143 0.921633
3.4 2.8 0.154622 0.000280705 0.866212
3.4 3 0.220244 0.0007136 0.792824
3.4 3.2 0.301483 0.00182234 0.706462
3.4 3.4 0.392752 0.00472971 0.608723
3.4 3.6 0.48365 0.0130887 0.506958
3.4 3.8 0.554326 0.0423276 0.406631
3.4 4 0.541096 0.165642 0.290966
3.4 4.2 0.301288 0.581915 0.122488
3.4 4.4 0.0739444 0.913762 0.0224423
3.4 4.6 0.0200387 0.983841 0.00435872
3.4 4.8 0.0111026 0.995625 0.00203757
3.4 5 0.0199647 0.985134 0.00433956
3.4 5.2 0.0733146 0.914642 0.0222356
3.4 5.4 0.297667 0.582765 0.121094
3.4 5.6 0.535908 0.165501 0.288902
3.4 5.8 0.55144 0.0422029 0.406198
3.4 6 0.485162 0.0131016 0.510734
3.4 6.2 0.396764 0.0047629 0.615975
3.4 6.4 0.304244 0.00183776 0.710899
3.4 6.6 0.22008 0.000715235 0.787322
3.4 6.8 0.152987 0.000278851 0.852419
3.4 7 0.103374 0.000110075 0.911299
3.4 7.2 0.0678011 4.51108e-05 0.958757
3.4 7.4 0.0428675 2.01592e-05 0.985986
3.4 7.6 0.0260308 1.05643e-05 0.991913
3.4 7.8 0.015321 6.88991e-06 0.99166
3.4 8 0.00887623 5.54474e-06 1.00326
3.4 8.2 0.00505382 5.1095e-06 1.02033
3.4 8.4 0.00276699 4.9351e-06 1.01765
3.4 8.6 0.00146013 4.80925e-06 1.00498
3.4 8.8 0.000770992 4.84524e-06 1.02225
3.4 9 0.0004039 4.96163e-06 1.04337
3.4 9.2 0.000204331 4.91671e-06 1.02341
3.4 9.4 0.00010918 4.95546e-06 1.02084
3.4 9.6 6.88523e-05 5.05096e-06 1.0112
3.4 9.8 4.9969e-05 5.44459e-06 0.995752
3.6 0 9.50985e-05 4.93387e-06 1.00503
3.6 0.2 0.000121034 4.96385e-06 1.0094
3.6 0.4 0.000210521 4.96718e-06 1.02036
3.6 0.6 0.000402476 4.97255e-06 1.02965
3.6 0.8 0.000774935 4.94149e-06 1.028
3.6 1 0.00147169 4.90541e-06 1.02151
3.6 1.2 0.00273816 4.90854e-06 1.01331
3.6 1.4 0.00498383 5.05277e-06 1.00655
3.6 1.6 0.00885621 5.54145e-06 1.00106
3.6 1.8 0.0153074 6.87385e-06 0.992701
3.6 2 0.0257389 1.0426e-05 0.980637
3.6 2.2 0.0422113 1.99004e-05 0.967098
3.6 2.4 0.0673768 4.50106e-05 0.948864
3.6 2.6 0.103856 0.000110647 0.915728
3.6 2.8 0.153794 0.000279569 0.860967
3.6 3 0.219163 0.000711072 0.788404
3.6 3.2 0.300189 0.00181701 0.703002
3.6 3.4 0.391345 0.00471893 0.606231
3.6 3.6 0.48223 0.0130663 0.505264
3.6 3.8 0.553001 0.0422754 0.405534
3.6 4 0.540106 0.165508 0.290364
3.6 4.2 0.300921 0.581628 0.122316
3.6 4.4 0.0738883 0.913439 0.0224228
3.6 4.6 0.0200294 0.983468 0.00435683
3.6 4.8 0.0110985 0.995163 0.00203712
3.6 5 0.0199533 0.984616 0.00433759
3.6 5.2 0.0732465 0.914092 0.0222154
3.6 5.4 0.297245 0.582324 0.12092
3.6 5.6 0.534828 0.165333 0.288302
3.6 5.8 0.550051 0.042146 0.405123
3.6 6 0.483705 0.0130789 0.509077
3.6 6.2 0.395322 0.0047523 0.613493
3.6 6.4 0.302899 0.00183247 0.70736
3.6 6.6 0.218932 0.000712664 0.782678
3.6 6.8 0.152091 0.000277667 0.846776
3.6 7 0.102725 0.000109549 0.904854
3.6 7.2 0.0673618 4.48757e-05 0.951779
3.6 7.4 0.0425879 2.0046e-05 0.978737
3.6 7.6 0.0258595 1.05001e-05 0.984493
3.6 7.8 0.0152178 6.84448e-06 0.984024
3.6 8 0.00881563 5.50623e-06 0.995463
3.6 8.2 0.00502007 5.07389e-06 1.01271
3.6 8.4 0.00274949 4.90209e-06 1.01063
3.6 8.6 0.00145141 4.77968e-06 0.99864
3.6 8.8 0.000766674 4.81943e-06 1.01641
3.6 9 0.000401845 4.93916e-06 1.03815
3.6 9.2 0.000203377 4.89547e-06 1.01883
3.6 9.4 0.000108687 4.93328e-06 1.01648
3.6 9.6 6.85571e-05 5.0297e-06 1.00718
3.6 9.8 4.97939e-05 5.42632e-06 0.992631
3.8 0 9.43456e-05 4.89196e-06 0.996072
3.8 0.2 0.000120059 4.91957e-06 1.00031
3.8 0.4 0.000208753 4.91986e-06 1.01088
3.8 0.6 0.000398946 4.92174e-06 1.01969
3.8 0.8 0.000767844 4.88719e-06 1.01761
3.8 1 0.0014576 4.84727e-06 1.01065
3.8 1.2 0.00271086 4.84625e-06 1.002
3.8 1.4 0.00493264 4.98549e-06 0.994869
3.8 1.6 0.00876382 5.46649e-06 0.989165
3.8 1.8 0.0151477 6.78337e-06 0.980836
3.8 2 0.0254741 1.02982e-05 0.969042
3.8 2.2 0.0417894 1.96789e-05 0.955968
3.8 2.4 0.066733 4.45586e-05 0.93842
3.8 2.6 0.102922 0.000109647 0.906252
3.8 2.8 0.152508 0.000277303 0.852693
3.8 3 0.217476 0.000705968 0.781437
3.8 3.2 0.298111 0.00180578 0.697409
3.8 3.4 0.388996 0.00469473 0.602035
3.8 3.6 0.479789 0.0130127 0.502316
3.8 3.8 0.550672 0.04214 0.403573
3.8 4 0.538231 0.165093 0.289212
3.8 4.2 0.300061 0.580432 0.121917
3.8 4.4 0.0737143 0.911851 0.0223633
3.8 4.6 0.019991 0.981933 0.0043479
3.8 4.8 0.0110788 0.993608 0.00203352
3.8 5 0.01991 0.982891 0.00432787
3.8 5.2 0.0730436 0.912184 0.0221498
3.8 5.4 0.296238 0.580866 0.12048
3.8 5.6 0.532641 0.164835 0.287034
3.8 5.8 0.547409 0.0419891 0.403016
3.8 6 0.481024 0.0130192 0.505993
3.8 6.2 0.392817 0.00472616 0.6092
3.8 6.4 0.300733 0.0018206 0.701724
3.8 6.6 0.217193 0.000707341 0.775687
3.8 6.8 0.150763 0.000275314 0.838417
3.8 7 0.101757 0.000108511 0.895186
3.8 7.2 0.0666967 4.4408e-05 0.941115
3.8 7.4 0.04216 1.9819e-05 0.967533
3.8 7.6 0.0255971 1.03712e-05 0.972998
3.8 7.8 0.0150596 6.75376e-06 0.972144
3.8 8 0.00872166 5.42969e-06 0.983133
3.8 8.2 0.00496681 5.00323e-06 1.00035
3.8 8.4 0.0027216 4.83645e-06 0.99905
3.8 8.6 0.00143755 4.71961e-06 0.988042
3.8 8.8 0.000759725 4.76347e-06 1.00629
3.8 9 0.000398405 4.8866e-06 1.02842
3.8 9.2 0.000201698 4.84537e-06 1.00961
3.8 9.4 0.000107802 4.88263e-06 1.00744
3.8 9.6 6.80217e-05 4.97971e-06 0.998709
3.8 9.8 4.94567e-05 5.37743e-06 0.985422
4 0 9.35982e-05 4.8447e-06 0.986491
4 0.2 0.000119106 4.86768e-06 0.990696
4 0.4 0.000207064 4.86443e-06 1.00105
4 0.6 0.000395661 4.86337e-06 1.00967
4 0.8 0.000761418 4.82657e-06 1.00753
4 1 0.00144509 4.78415e-06 1.00047
4 1.2 0.00268688 4.78006e-06 0.991633
4 1.4 0.00488809 4.91515e-06 0.984351
4 1.6 0.00868422 5.38915e-06 0.978627
4 1.8 0.0150117 6.69113e-06 0.970485
4 2 0.0252507 1.01695e-05 0.959058
4 2.2 0.0414355 1.94584e-05 0.946463
4 2.4 0.066196 4.41134e-05 0.92956
4 2.6 0.102151 0.000108672 0.898295
4 2.8 0.151458 0.000275114 0.845823
4 3 0.216096 0.000701025 0.77565
4 3.2 0.296377 0.00179471 0.692678
4 3.4 0.38699 0.00467036 0.598397
4 3.6 0.477689 0.0129578 0.499727
4 3.8 0.548656 0.041998 0.401841
4 4 0.536528 0.164633 0.288152
4 4.2 0.299183 0.579025 0.12151
4 4.4 0.0735181 0.909967 0.0222957
4 4.6 0.019945 0.980201 0.00433675
4 4.8 0.0110545 0.99192 0.00202873
4 5 0.0198574 0.980958 0.00431552
4 5.2 0.0728088 0.909944 0.0220727
4 5.4 0.295158 0.579137 0.120008
4 5.6 0.530502 0.16426 0.285793
4 5.8 0.544943 0.0418141 0.401051
4 6 0.478586 0.012954 0.503206
4 6.2 0.390624 0.00469846 0.60549
4 6.4 0.298938 0.00180852 0.697114
4 6.6 0.215814 0.000702124 0.770191
4 6.8 0.149727 0.000273048 0.831886
4 7 0.100994 0.00010751 0.887525
4 7.2 0.0661665 4.39541e-05 0.932559
4 7.4 0.0418183 1.95973e-05 0.958516
4 7.6 0.0253883 1.02445e-05 0.963749
4 7.8 0.0149332 6.66377e-06 0.962477
4 8 0.00864489 5.35266e-06 0.972828
4 8.2 0.00492225 4.93119e-06 0.989773
4 8.4 0.00269814 4.76929e-06 0.989081
4 8.6 0.00142606 4.65792e-06 0.979017
4 8.8 0.00075396 4.70466e-06 0.997548
4 9 0.000395457 4.82947e-06 1.0196
4 9.2 0.000200207 4.79061e-06 1.00088
4 9.4 0.000107014 4.82812e-06 0.998881
4 9.6 6.75423e-05 4.92495e-06 0.990664
4 9.8 4.91475e-05 5.32125e-06 0.978389
4.2 0 9.32897e-05 4.82581e-06 0.981708
4.2 0.2 0.000118729 4.83936e-06 0.985973
4.2 0.4 0.000206452 4.83281e-06 0.996488
4.2 0.6 0.000394578 4.8304e-06 1.00538
4.2 0.8 0.000759515 4.79346e-06 1.00366
4.2 1 0.00144168 4.75088e-06 0.996932
4.2 1.2 0.00268063 4.74604e-06 0.988297
4.2 1.4 0.00487684 4.87973e-06 0.981149
4.2 1.6 0.00866505 5.35114e-06 0.975599
4.2 1.8 0.0149809 6.6475e-06 0.967714
4.2 2 0.0252037 1.01118e-05 0.956555
4.2 2.2 0.0413644 1.93651e-05 0.944182
4.2 2.4 0.0660929 4.39353e-05 0.927502
4.2 2.6 0.102016 0.000108303 0.896552
4.2 2.8 0.151292 0.000274329 0.844428
4.2 3 0.215881 0.000699282 0.774479
4.2 3.2 0.296075 0.00179072 0.69161
4.2 3.4 0.386606 0.00466147 0.597496
4.2 3.6 0.477319 0.0129385 0.499101
4.2 3.8 0.548357 0.0419491 0.401454
4.2 4 0.536202 0.164462 0.287881
4.2 4.2 0.298899 0.578463 0.121358
4.2 4.4 0.0734386 0.909312 0.0222642
4.2 4.6 0.0199261 0.979796 0.00433102
4.2 4.8 0.0110443 0.991607 0.00202612
4.2 5 0.0198322 0.980391 0.00430862
4.2 5.2 0.0726929 0.908987 0.0220319
4.2 5.4 0.294681 0.578275 0.119792
4.2 5.6 0.529771 0.163974 0.285353
4.2 5.8 0.544236 0.0417305 0.400466
4.2 6 0.47795 0.0129238 0.502465
4.2 6.2 0.390141 0.00468621 0.604692
4.2 6.4 0.298669 0.00180365 0.696449
4.2 6.6 0.215692 0.000700216 0.769665
4.2 6.8 0.149646 0.000272248 0.831247
4.2 7 0.100917 0.000107146 0.88656
4.2 7.2 0.0661029 4.37809e-05 0.931319
4.2 7.4 0.0417781 1.95095e-05 0.957209
4.2 7.6 0.0253659 1.01923e-05 0.962418
4.2 7.8 0.014918 6.62453e-06 0.960841
4.2 8 0.00863213 5.31665e-06 0.970549
4.2 8.2 0.00491282 4.89572e-06 0.986995
4.2 8.4 0.00269305 4.73599e-06 0.986481
4.2 8.6 0.00142397 4.62781e-06 0.976988
4.2 8.8 0.000752983 4.67526e-06 0.995555
4.2 9 0.000394825 4.79923e-06 1.01699
4.2 9.2 0.000199796 4.76102e-06 0.997726
4.2 9.4 0.000106794 4.79929e-06 0.995807
4.2 9.6 6.7407e-05 4.89477e-06 0.987808
4.2 9.8 4.90582e-05 5.28806e-06 0.975859
4.4 0 9.35859e-05 4.84766e-06 0.983921
4.4 0.2 0.00011913 4.85228e-06 0.98826
4.4 0.4 0.000207255 4.8439e-06 0.999258
4.4 0.6 0.000396334 4.8424e-06 1.00885
4.4 0.8 0.00076334 4.80774e-06 1.00794
4.4 1 0.00144965 4.76752e-06 1.00194
4.4 1.2 0.00269639 4.76456e-06 0.993855
4.4 1.4 0.00490668 4.90017e-06 0.987094
4.4 1.6 0.00871977 5.37486e-06 0.981849
4.4 1.8 0.0150776 6.67859e-06 0.974192
4.4 2 0.0253688 1.01609e-05 0.963089
4.4 2.2 0.0416315 1.94599e-05 0.950565
4.4 2.4 0.0665056 4.41458e-05 0.933548
4.4 2.6 0.102628 0.000108804 0.902129
4.4 2.8 0.152156 0.000275534 0.849404
4.4 3 0.217023 0.000702086 0.778665
4.4 3.2 0.297466 0.00179696 0.694843
4.4 3.4 0.388183 0.00467542 0.599873
4.4 3.6 0.479071 0.0129726 0.500859
4.4 3.8 0.550208 0.0420453 0.402729
4.4 4 0.537709 0.164771 0.288638
4.4 4.2 0.299514 0.579384 0.12158
4.4 4.4 0.0735585 0.910801 0.0222933
4.4 4.6 0.0199567 0.981582 0.00433547
4.4 4.8 0.0110607 0.993497 0.00202796
4.4 5 0.0198592 0.982104 0.00431246
4.4 5.2 0.0727911 0.910319 0.0220556
4.4 5.4 0.295182 0.579011 0.11998
4.4 5.6 0.531061 0.164203 0.286031
4.4 5.8 0.545895 0.0418017 0.401689
4.4 6 0.479652 0.0129505 0.504307
4.4 6.2 0.391796 0.00469819 0.607435
4.4 6.4 0.300228 0.00180958 0.700381
4.4 6.6 0.217023 0.000703099 0.77478
4.4 6.8 0.150661 0.000273534 0.837264
4.4 7 0.10163 0.000107689 0.893241
4.4 7.2 0.0665803 4.40116e-05 0.938505
4.4 7.4 0.0420877 1.96156e-05 0.964786
4.4 7.6 0.0255587 1.02489e-05 0.970207
4.4 7.8 0.0150318 6.66052e-06 0.968542
4.4 8 0.00869498 5.34295e-06 0.97781
4.4 8.2 0.00494568 4.91718e-06 0.993677
4.4 8.4 0.00271011 4.75583e-06 0.992821
4.4 8.6 0.00143309 4.64748e-06 0.983376
4.4 8.8 0.000757751 4.69366e-06 1.00178
4.4 9 0.00039704 4.81457e-06 1.02223
4.4 9.2 0.000200735 4.774e-06 1.00173
4.4 9.4 0.000107275 4.81266e-06 0.999685
4.4 9.6 6.76989e-05 4.90625e-06 0.991581
4.4 9.8 4.92506e-05 5.29685e-06 0.97929
4.6 0 9.42401e-05 4.89778e-06 0.990326
4.6 0.2 0.000119989 4.89944e-06 0.994779
4.6 0.4 0.000208886 4.89185e-06 1.00643
4.6 0.6 0.000399729 4.89332e-06 1.01689
4.6 0.8 0.000770427 4.86268e-06 1.01693
4.6 1 0.00146409 4.82664e-06 1.01185
4.6 1.2 0.00272464 4.82748e-06 1.00449
4.6 1.4 0.0049598 4.96737e-06 0.998251
4.6 1.6 0.00881601 5.44949e-06 0.99334
4.6 1.8 0.0152451 6.76984e-06 0.985806
4.6 2 0.0256491 1.02935e-05 0.97456
4.6 2.2 0.0420802 1.96972e-05 0.961624
4.6 2.4 0.0671911 4.46435e-05 0.943908
4.6 2.6 0.103626 0.000109933 0.911509
4.6 2.8 0.15354 0.000278149 0.857588
4.6 3 0.218846 0.000708086 0.785509
4.6 3.2 0.299721 0.00181046 0.700254
4.6 3.4 0.390794 0.00470583 0.603945
4.6 3.6 0.481983 0.0130462 0.503869
4.6 3.8 0.55329 0.0422535 0.404916
4.6 4 0.540406 0.165474 0.290024
4.6 4.2 0.300811 0.58156 0.122073
4.6 4.4 0.0738454 0.914032 0.0223718
4.6 4.6 0.0200306 0.985037 0.00434901
4.6 4.8 0.0111012 0.997025 0.00203398
4.6 5 0.0199337 0.985613 0.00432623
4.6 5.2 0.0730804 0.91361 0.0221355
4.6 5.4 0.296491 0.581192 0.120485
4.6 5.6 0.533819 0.164891 0.287474
4.6 5.8 0.549103 0.0420044 0.404027
4.6 6 0.48278 0.0130232 0.507636
4.6 6.2 0.394682 0.00472906 0.612082
4.6 6.4 0.302766 0.00182364 0.706632
4.6 6.6 0.219089 0.000709462 0.782629
4.6 6.8 0.152224 0.000276324 0.846534
4.6 7 0.102748 0.000108892 0.903756
4.6 7.2 0.067339 4.45405e-05 0.94999
4.6 7.4 0.0425773 1.98663e-05 0.976873
4.6 7.6 0.025861 1.03877e-05 0.982602
4.6 7.8 0.0152122 6.75488e-06 0.981084
4.6 8 0.00879857 5.41943e-06 0.990281
4.6 8.2 0.00500224 4.98579e-06 1.00571
4.6 8.4 0.00273958 4.81995e-06 1.00417
4.6 8.6 0.00144833 4.7086e-06 0.994302
4.6 8.8 0.000765652 4.75254e-06 1.01247
4.6 9 0.000400855 4.86929e-06 1.03187
4.6 9.2 0.000202435 4.82316e-06 1.00976
4.6 9.4 0.000108136 4.86091e-06 1.00729
4.6 9.6 6.82249e-05 4.95307e-06 0.998939
4.6 9.8 4.95997e-05 5.34262e-06 0.985987
4.8 0 9.47222e-05 4.94962e-06 0.994842
4.8 0.2 0.000120625 4.95129e-06 0.999411
4.8 0.4 0.000210102 4.94604e-06 1.01158
4.8 0.6 0.000402274 4.95141e-06 1.02272
4.8 0.8 0.000775766 4.92521e-06 1.02349
4.8 1 0.00147504 4.89372e-06 1.01916
4.8 1.2 0.00274624 4.89874e-06 1.01244
4.8 1.4 0.0050006 5.04317e-06 1.00667
4.8 1.6 0.0088897 5.53257e-06 1.00203
4.8 1.8 0.0153723 6.86887e-06 0.994535
4.8 2 0.0258593 1.04325e-05 0.983111
4.8 2.2 0.0424135 1.99376e-05 0.969809
4.8 2.4 0.0676939 4.51338e-05 0.951492
4.8 2.6 0.104342 0.000111017 0.918221
4.8 2.8 0.154509 0.000280601 0.863267
4.8 3 0.220109 0.000713648 0.790163
4.8 3.2 0.301297 0.00182299 0.703941
4.8 3.4 0.392657 0.00473426 0.606746
4.8 3.6 0.484112 0.0131158 0.505967
4.8 3.8 0.555658 0.0424566 0.406509
4.8 4 0.542686 0.166191 0.291134
4.8 4.2 0.302065 0.583817 0.122531
4.8 4.4 0.0741466 0.917232 0.022453
4.8 4.6 0.0201101 0.988258 0.00436398
4.8 4.8 0.0111459 1.00027 0.00204093
4.8 5 0.0200187 0.98903 0.00434237
4.8 5.2 0.0734119 0.917119 0.0222257
4.8 5.4 0.297902 0.58368 0.121005
4.8 5.6 0.536463 0.165677 0.288778
4.8 5.8 0.551914 0.0422265 0.405944
4.8 6 0.485356 0.0130999 0.5102
4.8 6.2 0.396942 0.00476058 0.615496
4.8 6.4 0.304659 0.00183753 0.711045
4.8 6.6 0.22058 0.000715593 0.788062
4.8 6.8 0.153347 0.000279003 0.853016
4.8 7 0.103564 0.000110064 0.911277
4.8 7.2 0.067899 4.50638e-05 0.958296
4.8 7.4 0.042936 2.01173e-05 0.985553
4.8 7.6 0.0260799 1.05286e-05 0.99145
4.8 7.8 0.0153443 6.85354e-06 0.990221
4.8 8 0.00887709 5.50287e-06 0.999745
4.8 8.2 0.00504638 5.06313e-06 1.01507
4.8 8.4 0.00276246 4.89256e-06 1.01283
4.8 8.6 0.00145985 4.77713e-06 1.00232
4.8 8.8 0.000771615 4.81915e-06 1.02027
4.8 9 0.000403782 4.9322e-06 1.03899
4.8 9.2 0.000203719 4.87881e-06 1.01547
4.8 9.4 0.000108755 4.91381e-06 1.01234
4.8 9.6 6.86034e-05 5.00575e-06 1.00385
4.8 9.8 4.98514e-05 5.39619e-06 0.990458
5 0 9.45739e-05 4.96679e-06 0.992329
5 0.2 0.000120445 4.96999e-06 0.996947
5 0.4 0.000209816 4.96724e-06 1.0092
5 0.6 0.000401795 4.97584e-06 1.0205
5 0.8 0.000774963 4.95284e-06 1.02147
5 1 0.00147375 4.92444e-06 1.01738
5 1.2 0.0027443 4.93222e-06 1.01095
5 1.4 0.00499768 5.07906e-06 1.00543
5 1.6 0.00888476 5.57106e-06 1.00095
5 1.8 0.0153627 6.91201e-06 0.993507
5 2 0.0258409 1.04873e-05 0.98209
5 2.2 0.0423805 2.00222e-05 0.968799
5 2.4 0.0676339 4.5288e-05 0.950433
5 2.6 0.104227 0.000111317 0.916993
5 2.8 0.154306 0.000281194 0.86187
5 3 0.219812 0.000714869 0.788793
5 3.2 0.300944 0.00182568 0.702807
5 3.4 0.392294 0.00474047 0.605897
5 3.6 0.483799 0.0131323 0.505381
5 3.8 0.555554 0.0425162 0.406215
5 4 0.542962 0.166449 0.291127
5 4.2 0.302454 0.584676 0.122629
5 4.4 0.0742708 0.918251 0.022482
5 4.6 0.0201457 0.989052 0.00437055
5 4.8 0.0111675 1.00104 0.00204441
5 5 0.0200641 0.990149 0.00435084
5 5.2 0.0735912 0.918679 0.0222693
5 5.4 0.298569 0.584981 0.121201
5 5.6 0.53733 0.16608 0.289041
5 5.8 0.552452 0.0423274 0.406035
5 6 0.485579 0.01313 0.510043
5 6.2 0.39696 0.00477167 0.615049
5 6.4 0.304539 0.00184196 0.710239
5 6.6 0.220417 0.000717418 0.786959
5 6.8 0.153224 0.00027981 0.851862
5 7 0.103496 0.000110441 0.910246
5 7.2 0.0678596 4.5242e-05 0.957284
5 7.4 0.0429042 2.02053e-05 0.984337
5 7.6 0.0260556 1.058e-05 0.990084
5 7.8 0.0153319 6.89308e-06 0.989113
5 8 0.00887427 5.54074e-06 0.999205
5 8.2 0.00504667 5.10128e-06 1.01481
5 8.4 0.00276224 4.92864e-06 1.01217
5 8.6 0.00145917 4.81015e-06 1.00108
5 8.8 0.000771223 4.85135e-06 1.01889
5 9 0.000403629 4.96278e-06 1.03763
5 9.2 0.000203576 4.90349e-06 1.01361
5 9.4 0.000108611 4.93434e-06 1.00975
5 9.6 6.85114e-05 5.02736e-06 1.00134
5 9.8 4.97883e-05 5.41995e-06 0.988148
5.2 0 9.37894e-05 4.92896e-06 0.983035
5.2 0.2 0.000119439 4.93623e-06 0.987641
5.2 0.4 0.000208005 4.93562e-06 0.999546
5.2 0.6 0.000398203 4.94533e-06 1.01039
5.2 0.8 0.000767762 4.92278e-06 1.01089
5.2 1 0.00145958 4.8946e-06 1.00638
5.2 1.2 0.00271739 4.90246e-06 0.999713
5.2 1.4 0.00494827 5.04836e-06 0.994151
5.2 1.6 0.00879664 5.53652e-06 0.989726
5.2 1.8 0.0152105 6.86687e-06 0.982425
5.2 2 0.0255868 1.04152e-05 0.971318
5.2 2.2 0.0419736 1.98816e-05 0.958511
5.2 2.4 0.0670054 4.49717e-05 0.940743
5.2 2.6 0.103287 0.000110551 0.907968
5.2 2.8 0.152959 0.000279311 0.853663
5.2 3 0.218004 0.000710367 0.781704
5.2 3.2 0.298711 0.00181533 0.697112
5.2 3.4 0.389733 0.0047169 0.601575
5.2 3.6 0.481001 0.0130759 0.50219
5.2 3.8 0.552774 0.0423673 0.403994
5.2 4 0.540823 0.165996 0.289859
5.2 4.2 0.301615 0.583312 0.122251
5.2 4.4 0.0741119 0.916011 0.0224309
5.2 4.6 0.0201071 0.986446 0.00436268
5.2 4.8 0.0111488 0.998427 0.00204141
5.2 5 0.0200377 0.987957 0.00434512
5.2 5.2 0.0735009 0.917134 0.0222345
5.2 5.4 0.298066 0.584198 0.120926
5.2 5.6 0.53584 0.16582 0.288026
5.2 5.8 0.550304 0.042232 0.404104
5.2 6 0.483211 0.0130897 0.50705
5.2 6.2 0.394613 0.00475317 0.61071
5.2 6.4 0.302365 0.00183315 0.704293
5.2 6.6 0.218597 0.000713357 0.779498
5.2 6.8 0.151853 0.000278061 0.843244
5.2 7 0.102533 0.000109716 0.900734
5.2 7.2 0.0672088 4.49331e-05 0.946961
5.2 7.4 0.0424758 2.00604e-05 0.973281
5.2 7.6 0.0257859 1.05013e-05 0.978604
5.2 7.8 0.0151729 6.84354e-06 0.977727
5.2 8 0.00878674 5.50609e-06 0.988338
5.2 8.2 0.00500033 5.07417e-06 1.00443
5.2 8.4 0.00273752 4.90352e-06 1.00184
5.2 8.6 0.00144574 4.78433e-06 0.9904
5.2 8.8 0.000764159 4.8258e-06 1.00815
5.2 9 0.000400221 4.93846e-06 1.02764
5.2 9.2 0.000201963 4.87787e-06 1.00439
5.2 9.4 0.000107709 4.90482e-06 1.00008
5.2 9.6 6.79513e-05 4.99969e-06 0.991938
5.2 9.8 4.94124e-05 5.39471e-06 0.979485
5.4 0 9.29264e-05 4.85318e-06 0.973698
5.4 0.2 0.000118318 4.86953e-06 0.978224
5.4 0.4 0.000205937 4.87062e-06 0.989525
5.4 0.6 0.000393976 4.87886e-06 0.999481
5.4 0.8 0.000759037 4.85364e-06 0.998959
5.4 1 0.001442 4.82258e-06 0.993495
5.4 1.2 0.00268341 4.82789e-06 0.98616
5.4 1.4 0.00488541 4.97037e-06 0.980282
5.4 1.6 0.00868483 5.45101e-06 0.975832
5.4 1.8 0.0150194 6.76256e-06 0.968763
5.4 2 0.0252715 1.02626e-05 0.95815
5.4 2.2 0.0414742 1.96054e-05 0.946035
5.4 2.4 0.0662439 4.4384e-05 0.929116
5.4 2.6 0.102169 0.000109193 0.897339
5.4 2.8 0.151391 0.0002761 0.84422
5.4 3 0.215929 0.000702861 0.773696
5.4 3.2 0.29615 0.00179815 0.690753
5.4 3.4 0.386765 0.00467737 0.596751
5.4 3.6 0.477644 0.0129783 0.498553
5.4 3.8 0.549156 0.0420888 0.401298
5.4 4 0.53763 0.165058 0.288127
5.4 4.2 0.300051 0.580412 0.121621
5.4 4.4 0.0737564 0.911666 0.0223273
5.4 4.6 0.0200132 0.981815 0.00434406
5.4 4.8 0.011099 0.993864 0.00203323
5.4 5 0.0199557 0.983762 0.00432826
5.4 5.2 0.0732116 0.913517 0.0221441
5.4 5.4 0.296807 0.581895 0.12037
5.4 5.6 0.533164 0.165075 0.286433
5.4 5.8 0.547108 0.042004 0.401479
5.4 6 0.480022 0.0130058 0.503267
5.4 6.2 0.391608 0.00471723 0.605392
5.4 6.4 0.299659 0.00181678 0.697124
5.4 6.6 0.216368 0.000705994 0.770569
5.4 6.8 0.15017 0.000274873 0.832874
5.4 7 0.101337 0.000108356 0.889128
5.4 7.2 0.0663946 4.4337e-05 0.934304
5.4 7.4 0.041944 1.97757e-05 0.959843
5.4 7.6 0.0254545 1.03428e-05 0.964742
5.4 7.8 0.0149758 6.737e-06 0.963785
5.4 8 0.00867518 5.42216e-06 0.974623
5.4 8.2 0.00493996 5.00079e-06 0.991131
5.4 8.4 0.00270561 4.83479e-06 0.988866
5.4 8.6 0.00142873 4.71699e-06 0.977332
5.4 8.8 0.000755167 4.75909e-06 0.995051
5.4 9 0.000395885 4.87524e-06 1.01575
5.4 9.2 0.000200026 4.81929e-06 0.994319
5.4 9.4 0.000106688 4.845e-06 0.990112
5.4 9.6 6.73184e-05 4.94176e-06 0.982205
5.4 9.8 4.89899e-05 5.33888e-06 0.97056
5.6 0 9.27486e-05 4.79593e-06 0.973187
5.6 0.2 0.000118061 4.82055e-06 0.97756
5.6 0.4 0.00020536 4.8218e-06 0.98827
5.6 0.6 0.000392582 4.82668e-06 0.997315
5.6 0.8 0.000755726 4.79664e-06 0.995629
5.6 1 0.00143464 4.76074e-06 0.989013
5.6 1.2 0.00266845 4.7623e-06 0.980829
5.6 1.4 0.0048573 4.90144e-06 0.974512
5.6 1.6 0.00863545 5.37671e-06 0.96999
5.6 1.8 0.0149375 6.67533e-06 0.96313
5.6 2 0.0251412 1.01413e-05 0.952888
5.6 2.2 0.041274 1.93958e-05 0.941192
5.6 2.4 0.0659477 4.39537e-05 0.924731
5.6 2.6 0.101751 0.00010823 0.89347
5.6 2.8 0.150831 0.000273885 0.840935
5.6 3 0.215223 0.000697784 0.771069
5.6 3.2 0.295319 0.00178662 0.688819
5.6 3.4 0.385809 0.00465061 0.595368
5.6 3.6 0.476427 0.0129091 0.49743
5.6 3.8 0.547512 0.0418741 0.400256
5.6 4 0.535779 0.164278 0.287255
5.6 4.2 0.298907 0.577955 0.121211
5.6 4.4 0.0734583 0.908172 0.0222472
5.6 4.6 0.0199292 0.978302 0.00432785
5.6 4.8 0.011053 0.990516 0.00202561
5.6 5 0.0198806 0.980636 0.00431293
5.6 5.2 0.0729617 0.910651 0.0220695
5.6 5.4 0.295864 0.57993 0.119979
5.6 5.6 0.531577 0.164443 0.285535
5.6 5.8 0.545571 0.0418241 0.400246
5.6 6 0.478689 0.0129441 0.501668
5.6 6.2 0.390385 0.0046916 0.603164
5.6 6.4 0.298531 0.00180515 0.694061
5.6 6.6 0.215424 0.00070076 0.766742
5.6 6.8 0.149451 0.000272583 0.828444
5.6 7 0.100819 0.00010736 0.884173
5.6 7.2 0.0660411 4.38919e-05 0.928938
5.6 7.4 0.0417165 1.95601e-05 0.954259
5.6 7.6 0.0253149 1.02203e-05 0.959057
5.6 7.8 0.0148917 6.65128e-06 0.957956
5.6 8 0.008626 5.35084e-06 0.96868
5.6 8.2 0.00491297 4.93602e-06 0.985307
5.6 8.4 0.00269158 4.77387e-06 0.983298
5.6 8.6 0.00142125 4.65778e-06 0.971761
5.6 8.8 0.000751072 4.69996e-06 0.989468
5.6 9 0.000393981 4.82027e-06 1.01133
5.6 9.2 0.000199363 4.77336e-06 0.992076
5.6 9.4 0.000106413 4.80232e-06 0.988697
5.6 9.6 6.71512e-05 4.90056e-06 0.980762
5.6 9.8 4.88815e-05 5.29933e-06 0.969254
5.8 0 9.36195e-05 4.80515e-06 0.98521
5.8 0.2 0.000119148 4.83271e-06 0.989489
5.8 0.4 0.00020717 4.83283e-06 0.999931
5.8 0.6 0.00039586 4.83399e-06 1.00846
5.8 0.8 0.000761638 4.79884e-06 1.00592
5.8 1 0.00144525 4.75819e-06 0.998418
5.8 1.2 0.00268759 4.75682e-06 0.989571
5.8 1.4 0.00489205 4.89529e-06 0.982889
5.8 1.6 0.00869834 5.37216e-06 0.978266
5.8 1.8 0.0150491 6.67504e-06 0.971427
5.8 2 0.0253316 1.01499e-05 0.961132
5.8 2.2 0.0415838 1.94251e-05 0.949204
5.8 2.4 0.0664314 4.40371e-05 0.932347
5.8 2.6 0.102479 0.000108462 0.900567
5.8 2.8 0.151884 0.000274521 0.847402
5.8 3 0.216679 0.000699453 0.7768
5.8 3.2 0.297213 0.00179076 0.693698
5.8 3.4 0.388067 0.00466011 0.599274
5.8 3.6 0.4788 0.0129281 0.500282
5.8 3.8 0.549555 0.0419024 0.402052
5.8 4 0.537003 0.164287 0.288115
5.8 4.2 0.299184 0.577911 0.121399
5.8 4.4 0.0734655 0.908289 0.0222607
5.8 4.6 0.0199219 0.978662 0.00432751
5.8 4.8 0.0110476 0.991081 0.00202474
5.8 5 0.0198777 0.981276 0.00431235
5.8 5.2 0.0729905 0.9112 0.0220796
5.8 5.4 0.2962 0.580194 0.120126
5.8 5.6 0.532786 0.16453 0.286215
5.8 5.8 0.547428 0.0418653 0.401651
5.8 6 0.480729 0.0129637 0.50385
5.8 6.2 0.392248 0.00469987 0.606105
5.8 6.4 0.300077 0.00180845 0.697794
5.8 6.6 0.216641 0.000702078 0.771345
5.8 6.8 0.150364 0.000273101 0.83394
5.8 7 0.101474 0.000107558 0.890515
5.8 7.2 0.0664928 4.39679e-05 0.936053
5.8 7.4 0.0420177 1.95915e-05 0.962022
5.8 7.6 0.0255056 1.02337e-05 0.967177
5.8 7.8 0.0150041 6.65541e-06 0.966018
5.8 8 0.00868833 5.3493e-06 0.976432
5.8 8.2 0.00494675 4.93171e-06 0.992811
5.8 8.4 0.0027097 4.76917e-06 0.990682
5.8 8.6 0.00143063 4.65295e-06 0.979025
5.8 8.8 0.000755742 4.69437e-06 0.996751
5.8 9 0.000396407 4.81788e-06 1.01933
5.8 9.2 0.000200815 4.78095e-06 1.00177
5.8 9.4 0.000107319 4.81784e-06 0.999821
5.8 9.6 6.77229e-05 4.91717e-06 0.991536
5.8 9.8 4.92612e-05 5.3164e-06 0.978971
6 0 9.50904e-05 4.87481e-06 1.00372
6 0.2 0.000121016 4.90346e-06 1.00804
6 0.4 0.000210421 4.90277e-06 1.01867
6 0.6 0.000402077 4.90198e-06 1.02731
6 0.8 0.000773603 4.8638e-06 1.02462
6 1 0.00146808 4.82073e-06 1.01691
6 1.2 0.00273046 4.81891e-06 1.00788
6 1.4 0.0049708 4.96017e-06 1.00107
6 1.6 0.00883916 5.44547e-06 0.996308
6 1.8 0.0152923 6.76863e-06 0.989197
6 2 0.0257344 1.02928e-05 0.978348
6 2.2 0.0422225 1.96913e-05 0.965539
6 2.4 0.0674028 4.46133e-05 0.947522
6 2.6 0.103899 0.00010981 0.914352
6 2.8 0.153881 0.000277755 0.859621
6 3 0.219367 0.000707183 0.787317
6 3.2 0.30063 0.00180893 0.702378
6 3.4 0.39213 0.00470252 0.60609
6 3.6 0.483312 0.0130306 0.505399
6 3.8 0.554073 0.0421764 0.405644
6 4 0.54064 0.165137 0.290244
6 4.2 0.300786 0.580394 0.12211
6 4.4 0.073792 0.911886 0.0223666
6 4.6 0.0199999 0.982512 0.00434434
6 4.8 0.0110886 0.995073 0.00203158
6 5 0.0199554 0.985278 0.00432797
6 5.2 0.0733128 0.915002 0.022175
6 5.4 0.297742 0.582786 0.120755
6 5.6 0.536204 0.165389 0.288082
6 5.8 0.551594 0.0421325 0.404784
6 6 0.484832 0.013061 0.508303
6 6.2 0.395923 0.00473957 0.61209
6 6.4 0.303208 0.00182547 0.705614
6 6.6 0.219168 0.000709425 0.781153
6 6.8 0.152297 0.00027624 0.845738
6 7 0.102885 0.000108896 0.904224
6 7.2 0.0674767 4.45543e-05 0.951425
6 7.4 0.0426692 1.9869e-05 0.978589
6 7.6 0.0259146 1.03847e-05 0.984375
6 7.8 0.0152479 6.75349e-06 0.983338
6 8 0.0088268 5.42356e-06 0.993494
6 8.2 0.00502216 4.9945e-06 1.00937
6 8.4 0.0027494 4.8263e-06 1.00666
6 8.6 0.00145121 4.70718e-06 0.994713
6 8.8 0.000766336 4.74743e-06 1.01254
6 9 0.000401717 4.87237e-06 1.0352
6 9.2 0.000203561 4.84252e-06 1.01822
6 9.4 0.000108925 4.88983e-06 1.01784
6 9.6 6.87357e-05 4.98991e-06 1.00912
6 9.8 4.99159e-05 5.38686e-06 0.994439
6.2 0 9.60385e-05 4.94532e-06 1.01493
6.2 0.2 0.000122234 4.97475e-06 1.01936
6.2 0.4 0.000212623 4.97535e-06 1.03054
6.2 0.6 0.000406482 4.97621e-06 1.03994
6.2 0.8 0.000782458 4.93914e-06 1.03791
6.2 1 0.0014856 4.89751e-06 1.03078
6.2 1.2 0.00276401 4.89797e-06 1.02211
6.2 1.4 0.00503252 5.0435e-06 1.01536
6.2 1.6 0.00894811 5.5378e-06 1.01039
6.2 1.8 0.0154761 6.88156e-06 1.00278
6.2 2 0.02603 1.04562e-05 0.991139
6.2 2.2 0.042676 1.99809e-05 0.977311
6.2 2.4 0.0680677 4.5215e-05 0.958102
6.2 2.6 0.104834 0.00011117 0.923633
6.2 2.8 0.155148 0.000280926 0.86757
6.2 3 0.221016 0.000714614 0.793938
6.2 3.2 0.302663 0.00182622 0.707651
6.2 3.4 0.394516 0.0047431 0.610112
6.2 3.6 0.486086 0.0131328 0.508478
6.2 3.8 0.557186 0.0424707 0.40801
6.2 4 0.543552 0.166106 0.291843
6.2 4.2 0.302317 0.583172 0.122737
6.2 4.4 0.0741467 0.915586 0.0224725
6.2 4.6 0.0200923 0.98625 0.00436312
6.2 4.8 0.0111386 0.998848 0.00203971
6.2 5 0.0200449 0.989062 0.00434517
6.2 5.2 0.073649 0.918727 0.0222681
6.2 5.4 0.299159 0.585523 0.121292
6.2 5.6 0.53884 0.16632 0.289431
6.2 5.8 0.554362 0.042409 0.406766
6.2 6 0.487271 0.0131557 0.510903
6.2 6.2 0.398051 0.00477718 0.615619
6.2 6.4 0.305105 0.00184175 0.710536
6.2 6.6 0.220793 0.000716609 0.787718
6.2 6.8 0.153607 0.000279396 0.854003
6.2 7 0.103885 0.000110288 0.914158
6.2 7.2 0.0681934 4.5184e-05 0.962752
6.2 7.4 0.043147 2.0174e-05 0.990784
6.2 7.6 0.0262148 1.05547e-05 0.997005
6.2 7.8 0.0154292 6.86775e-06 0.996215
6.2 8 0.0089314 5.51344e-06 1.00636
6.2 8.2 0.00507891 5.07166e-06 1.02177
6.2 8.4 0.00277854 4.89536e-06 1.01834
6.2 8.6 0.00146622 4.772e-06 1.00615
6.2 8.8 0.000774246 4.8116e-06 1.02423
6.2 9 0.000405613 4.93623e-06 1.04645
6.2 9.2 0.000205413 4.90796e-06 1.02877
6.2 9.4 0.000109991 4.96347e-06 1.02925
6.2 9.6 6.94154e-05 5.06398e-06 1.02037
6.2 9.8 5.03269e-05 5.45495e-06 1.0037
6.4 0 9.55202e-05 4.94131e-06 1.00783
6.4 0.2 0.000121601 4.97184e-06 1.01243
6.4 0.4 0.00021166 4.97657e-06 1.02436
6.4 0.6 0.000404934 4.9829e-06 1.03485
6.4 0.8 0.000780001 4.95136e-06 1.03404
6.4 1 0.00148168 4.91458e-06 1.02792
6.4 1.2 0.00275722 4.91838e-06 1.01979
6.4 1.4 0.00501954 5.0658e-06 1.01305
6.4 1.6 0.00892205 5.56117e-06 1.00774
6.4 1.8 0.015424 6.90602e-06 0.999625
6.4 2 0.0259301 1.04831e-05 0.987482
6.4 2.2 0.0424944 2.00123e-05 0.973265
6.4 2.4 0.0677549 4.52496e-05 0.953827
6.4 2.6 0.104325 0.000111188 0.919321
6.4 2.8 0.154367 0.000280857 0.863414
6.4 3 0.219876 0.000714254 0.790054
6.4 3.2 0.301084 0.00182503 0.704103
6.4 3.4 0.392514 0.00474022 0.607047
6.4 3.6 0.483928 0.0131297 0.50615
6.4 3.8 0.555357 0.0424829 0.406556
6.4 4 0.542459 0.166173 0.291156
6.4 4.2 0.302048 0.583177 0.122583
6.4 4.4 0.0741283 0.915209 0.0224587
6.4 4.6 0.020096 0.985776 0.00436246
6.4 4.8 0.0111427 0.998401 0.00203971
6.4 5 0.0200458 0.988588 0.00434329
6.4 5.2 0.0736139 0.918303 0.0222449
6.4 5.4 0.2988 0.585431 0.121077
6.4 5.6 0.537554 0.166336 0.288586
6.4 5.8 0.55232 0.0424025 0.405097
6.4 6 0.484946 0.0131461 0.508367
6.4 6.2 0.39598 0.00477217 0.612473
6.4 6.4 0.303569 0.00184008 0.707193
6.4 6.6 0.219768 0.000716252 0.784403
6.4 6.8 0.152955 0.000279414 0.850729
6.4 7 0.103481 0.000110372 0.910867
6.4 7.2 0.0679415 4.5251e-05 0.959304
6.4 7.4 0.0429852 2.02159e-05 0.987017
6.4 7.6 0.0261137 1.05822e-05 0.993035
6.4 7.8 0.015372 6.88929e-06 0.992411
6.4 8 0.00890076 5.53194e-06 1.00281
6.4 8.2 0.00506148 5.08626e-06 1.01815
6.4 8.4 0.0027683 4.90533e-06 1.0145
6.4 8.6 0.00146088 4.77972e-06 1.0025
6.4 8.8 0.000771786 4.81989e-06 1.02093
6.4 9 0.000404295 4.94316e-06 1.04255
6.4 9.2 0.000204528 4.91087e-06 1.02334
6.4 9.4 0.000109465 4.9669e-06 1.02321
6.4 9.6 6.91005e-05 5.06732e-06 1.01467
6.4 9.8 5.00777e-05 5.45083e-06 0.997653
6.6 0 9.38034e-05 4.84632e-06 0.986402
6.6 0.2 0.000119452 4.87838e-06 0.991256
6.6 0.4 0.000208045 4.88876e-06 1.00385
6.6 0.6 0.000398261 4.90225e-06 1.0153
6.6 0.8 0.000767536 4.87834e-06 1.01565
6.6 1 0.00145824 4.84709e-06 1.01035
6.6 1.2 0.00271292 4.85252e-06 1.0024
6.6 1.4 0.00493652 4.99682e-06 0.995346
6.6 1.6 0.00877032 5.4825e-06 0.989571
6.6 1.8 0.015157 6.8044e-06 0.981175
6.6 2 0.0254809 1.03256e-05 0.969196
6.6 2.2 0.0417735 1.97142e-05 0.95566
6.6 2.4 0.0666498 4.45955e-05 0.937386
6.6 2.6 0.102705 0.000109647 0.904444
6.6 2.8 0.152079 0.00027714 0.850297
6.6 3 0.216742 0.000705268 0.778653
6.6 3.2 0.296941 0.00180342 0.69435
6.6 3.4 0.387347 0.00468844 0.598977
6.6 3.6 0.477988 0.0130024 0.499812
6.6 3.8 0.549294 0.0421353 0.401969
6.6 4 0.537426 0.165039 0.288328
6.6 4.2 0.299704 0.579672 0.121573
6.6 4.4 0.0736394 0.910331 0.0222994
6.6 4.6 0.0199842 0.98114 0.00433648
6.6 4.8 0.0110864 0.99397 0.00202883
6.6 5 0.0199334 0.983958 0.00431696
6.6 5.2 0.0731212 0.913401 0.0220831
6.6 5.4 0.29643 0.581853 0.12005
6.6 5.6 0.532441 0.165162 0.285703
6.6 5.8 0.546171 0.0420411 0.400448
6.6 6 0.478976 0.0130143 0.502037
6.6 6.2 0.390889 0.00471936 0.604624
6.6 6.4 0.299594 0.00181851 0.697994
6.6 6.6 0.216819 0.000707469 0.773846
6.6 6.8 0.15081 0.000275825 0.83854
6.6 7 0.101943 0.000108886 0.89676
6.6 7.2 0.0668694 4.46121e-05 0.94328
6.6 7.4 0.0422689 1.99165e-05 0.969448
6.6 7.6 0.0256609 1.04194e-05 0.974617
6.6 7.8 0.0151025 6.78305e-06 0.973902
6.6 8 0.00874786 5.4494e-06 0.984642
6.6 8.2 0.00497745 5.01273e-06 1.00048
6.6 8.4 0.00272377 4.83504e-06 0.997564
6.6 8.6 0.00143815 4.71178e-06 0.986357
6.6 8.8 0.000760355 4.75345e-06 1.0051
6.6 9 0.000398525 4.87525e-06 1.02632
6.6 9.2 0.000201414 4.83598e-06 1.00549
6.6 9.4 0.000107617 4.88267e-06 1.00323
6.6 9.6 6.79421e-05 4.98187e-06 0.995234
6.6 9.8 4.93111e-05 5.36197e-06 0.980136
6.8 0 9.23997e-05 4.73881e-06 0.96918
6.8 0.2 0.000117689 4.77256e-06 0.974297
6.8 0.4 0.000205 4.78772e-06 0.987275
6.8 0.6 0.000392511 4.80711e-06 0.999245
6.8 0.8 0.000756561 4.78927e-06 1.0002
6.8 1 0.00143703 4.76093e-06 0.995045
6.8 1.2 0.00267181 4.76456e-06 0.98665
6.8 1.4 0.00485857 4.90211e-06 0.978901
6.8 1.6 0.00862868 5.37447e-06 0.972597
6.8 1.8 0.0149137 6.6692e-06 0.96422
6.8 2 0.0250882 1.01277e-05 0.952984
6.8 2.2 0.0411782 1.93633e-05 0.94087
6.8 2.4 0.065801 4.38731e-05 0.92453
6.8 2.6 0.101556 0.000108036 0.893753
6.8 2.8 0.150564 0.000273412 0.841583
6.8 3 0.214734 0.000696418 0.771433
6.8 3.2 0.294288 0.00178208 0.68824
6.8 3.4 0.383933 0.00463614 0.5938
6.8 3.6 0.473758 0.0128665 0.495445
6.8 3.8 0.544447 0.0417374 0.398417
6.8 4 0.532854 0.163714 0.28583
6.8 4.2 0.297279 0.575928 0.120552
6.8 4.4 0.0731101 0.906076 0.0221279
6.8 4.6 0.0198651 0.977847 0.00430809
6.8 4.8 0.011028 0.991121 0.00201707
6.8 5 0.0198157 0.98068 0.00428896
6.8 5.2 0.0725984 0.909151 0.0219144
6.8 5.4 0.294015 0.578067 0.119039
6.8 5.6 0.527819 0.163806 0.2832
6.8 5.8 0.541254 0.0416314 0.39689
6.8 6 0.474744 0.0128748 0.497752
6.8 6.2 0.387592 0.00466647 0.599747
6.8 6.4 0.297122 0.00179738 0.692428
6.8 6.6 0.21496 0.000698807 0.767227
6.8 6.8 0.149362 0.000272152 0.830205
6.8 7 0.1008 0.000107268 0.886096
6.8 7.2 0.0660052 4.38706e-05 0.930237
6.8 7.4 0.0416638 1.95514e-05 0.95461
6.8 7.6 0.0252688 1.02139e-05 0.958795
6.8 7.8 0.0148643 6.64521e-06 0.957782
6.8 8 0.00861107 5.3415e-06 0.968793
6.8 8.2 0.00490339 4.91956e-06 0.985516
6.8 8.4 0.00268612 4.75111e-06 0.984025
6.8 8.6 0.0014195 4.63386e-06 0.973946
6.8 8.8 0.000750966 4.67732e-06 0.992946
6.8 9 0.000393859 4.79824e-06 1.01401
6.8 9.2 0.000198942 4.75196e-06 0.991944
6.8 9.4 0.000106053 4.78316e-06 0.986915
6.8 9.6 6.69292e-05 4.87942e-06 0.979041
6.8 9.8 4.87173e-05 5.26491e-06 0.967099
7 0 9.27418e-05 4.72743e-06 0.972934
7 0.2 0.000118111 4.76292e-06 0.978237
7 0.4 0.000205548 4.78061e-06 0.991285
7 0.6 0.000393443 4.80302e-06 1.00331
7 0.8 0.000758242 4.78729e-06 1.00415
7 1 0.00143966 4.75771e-06 0.998461
7 1.2 0.00267529 4.75676e-06 0.989229
7 1.4 0.00486294 4.88817e-06 0.980678
7 1.6 0.00863636 5.35488e-06 0.973963
7 1.8 0.014935 6.64589e-06 0.965797
7 2 0.0251505 1.01042e-05 0.9554
7 2.2 0.0413381 1.93513e-05 0.944574
7 2.4 0.0661553 4.39172e-05 0.929662
7 2.6 0.102233 0.000108278 0.90001
7 2.8 0.15168 0.000274197 0.848235
7 3 0.216342 0.000698425 0.777658
7 3.2 0.29635 0.00178644 0.693479
7 3.4 0.38629 0.00464419 0.597789
7 3.6 0.476039 0.0128768 0.498084
7 3.8 0.546149 0.0417369 0.399806
7 4 0.533715 0.163725 0.286334
7 4.2 0.297445 0.576597 0.120607
7 4.4 0.073161 0.908643 0.0221339
7 4.6 0.0198943 0.981702 0.00431123
7 4.8 0.0110498 0.995391 0.0020194
7 5 0.0198458 0.984478 0.00429261
7 5.2 0.0726516 0.911629 0.0219236
7 5.4 0.294163 0.578644 0.119104
7 5.6 0.528561 0.163769 0.283688
7 5.8 0.542819 0.0416145 0.398259
7 6 0.476988 0.0128804 0.500459
7 6.2 0.39003 0.00467366 0.603957
7 6.4 0.299289 0.00180172 0.697918
7 6.6 0.216596 0.00070077 0.773436
7 6.8 0.150422 0.000272824 0.836374
7 7 0.101393 0.000107412 0.891543
7 7.2 0.0663007 4.38609e-05 0.934721
7 7.4 0.0418057 1.9517e-05 0.958365
7 7.6 0.0253375 1.0184e-05 0.962107
7 7.8 0.0148972 6.62232e-06 0.960808
7 8 0.008628 5.32536e-06 0.971903
7 8.2 0.00491443 4.9111e-06 0.989383
7 8.4 0.00269431 4.75089e-06 0.989122
7 8.6 0.00142484 4.63957e-06 0.979978
7 8.8 0.000753916 4.68518e-06 0.999285
7 9 0.000395421 4.80602e-06 1.02031
7 9.2 0.000199668 4.75369e-06 0.99736
7 9.4 0.000106245 4.77071e-06 0.990332
7 9.6 6.69691e-05 4.86249e-06 0.981766
7 9.8 4.8912e-05 5.2613e-06 0.972228
7.2 0 9.46007e-05 4.8356e-06 0.994213
7.2 0.2 0.000120494 4.87237e-06 0.999487
7.2 0.4 0.000209796 4.89013e-06 1.01224
7.2 0.6 0.000401533 4.91253e-06 1.02385
7.2 0.8 0.000773564 4.89469e-06 1.02399
7.2 1 0.00146824 4.86083e-06 1.01755
7.2 1.2 0.00272784 4.85508e-06 1.00773
7.2 1.4 0.00495824 4.98448e-06 0.998876
7.2 1.6 0.00880716 5.4576e-06 0.992203
7.2 1.8 0.0152369 6.77471e-06 0.984382
7.2 2 0.0256727 1.03073e-05 0.974453
7.2 2.2 0.0422139 1.97531e-05 0.963968
7.2 2.4 0.0675626 4.48405e-05 0.948959
7.2 2.6 0.104372 0.000110523 0.918445
7.2 2.8 0.154745 0.000279656 0.865002
7.2 3 0.220505 0.000711459 0.792262
7.2 3.2 0.301728 0.00181704 0.705726
7.2 3.4 0.392842 0.00471577 0.607642
7.2 3.6 0.483453 0.0130506 0.505614
7.2 3.8 0.553683 0.0422161 0.405132
7.2 4 0.540161 0.165384 0.289628
7.2 4.2 0.300716 0.582249 0.121847
7.2 4.4 0.0739354 0.917432 0.0223485
7.2 4.6 0.0201011 0.990848 0.00435113
7.2 4.8 0.0111638 1.00442 0.00203768
7.2 5 0.0200502 0.993387 0.00433249
7.2 5.2 0.0734101 0.920073 0.0221378
7.2 5.4 0.297347 0.584052 0.120338
7.2 5.6 0.534833 0.165346 0.286966
7.2 5.8 0.550228 0.0420719 0.403603
7.2 6 0.484408 0.0130491 0.508103
7.2 6.2 0.396658 0.00474433 0.613956
7.2 6.4 0.304681 0.00183204 0.710076
7.2 6.6 0.220657 0.000713495 0.787421
7.2 6.8 0.153326 0.000278023 0.852011
7.2 7 0.103396 0.000109504 0.908767
7.2 7.2 0.0676371 4.47176e-05 0.953358
7.2 7.4 0.0426679 1.98984e-05 0.978076
7.2 7.6 0.0258713 1.03847e-05 0.982312
7.2 7.8 0.0152123 6.75395e-06 0.980865
7.2 8 0.00880753 5.43192e-06 0.991601
7.2 8.2 0.00501463 5.01136e-06 1.00892
7.2 8.4 0.00274909 4.85213e-06 1.00872
7.2 8.6 0.00145425 4.74357e-06 0.999881
7.2 8.8 0.000769502 4.79242e-06 1.01966
7.2 9 0.000403403 4.91364e-06 1.04057
7.2 9.2 0.000203688 4.85635e-06 1.01713
7.2 9.4 0.000108437 4.86794e-06 1.01022
7.2 9.6 6.83194e-05 4.95511e-06 1.00057
7.2 9.8 4.98396e-05 5.36642e-06 0.991072
7.4 0 9.58169e-05 4.95071e-06 1.00819
7.4 0.2 0.000122003 4.98702e-06 1.01306
7.4 0.4 0.000212341 5.00259e-06 1.02505
7.4 0.6 0.00040623 5.02213e-06 1.03572
7.4 0.8 0.000782319 4.99951e-06 1.03488
7.4 1 0.00148496 4.9614e-06 1.02804
7.4 1.2 0.00276031 4.95388e-06 1.01859
7.4 1.4 0.00502067 5.08597e-06 1.01055
7.4 1.6 0.00892314 5.57005e-06 1.00474
7.4 1.8 0.0154418 6.9158e-06 0.997463
7.4 2 0.0260131 1.05194e-05 0.987474
7.4 2.2 0.04274 2.01417e-05 0.976175
7.4 2.4 0.0683113 4.5658e-05 0.95958
7.4 2.6 0.105352 0.000112347 0.92693
7.4 2.8 0.155967 0.000283801 0.871409
7.4 3 0.22207 0.00072108 0.797243
7.4 3.2 0.303841 0.00183999 0.709949
7.4 3.4 0.395742 0.00477235 0.611462
7.4 3.6 0.48735 0.0132002 0.509153
7.4 3.8 0.558474 0.0426664 0.408244
7.4 4 0.545064 0.166965 0.292004
7.4 4.2 0.303649 0.587075 0.122944
7.4 4.4 0.0746287 0.923061 0.0225465
7.4 4.6 0.020267 0.995007 0.00438566
7.4 4.8 0.0112477 1.00773 0.00205246
7.4 5 0.0202105 0.997119 0.00436651
7.4 5.2 0.0740736 0.925082 0.0223332
7.4 5.4 0.300179 0.588481 0.121437
7.4 5.6 0.53969 0.166831 0.289418
7.4 5.8 0.55514 0.0425051 0.406924
7.4 6 0.488537 0.0131972 0.511959
7.4 6.2 0.399727 0.00480125 0.617991
7.4 6.4 0.306781 0.00185486 0.71408
7.4 6.6 0.222068 0.000722748 0.791603
7.4 6.8 0.154377 0.000281896 0.857317
7.4 7 0.104268 0.000111203 0.916408
7.4 7.2 0.06835 4.5496e-05 0.963888
7.4 7.4 0.0432018 2.02833e-05 0.991055
7.4 7.6 0.0262305 1.06029e-05 0.996559
7.4 7.8 0.0154294 6.90062e-06 0.994986
7.4 8 0.00892736 5.54662e-06 1.00457
7.4 8.2 0.0050762 5.11122e-06 1.02028
7.4 8.4 0.00277933 4.9452e-06 1.01867
7.4 8.6 0.00146959 4.8364e-06 1.00951
7.4 8.8 0.000777702 4.88994e-06 1.02984
7.4 9 0.000407491 5.0118e-06 1.05066
7.4 9.2 0.000205749 4.95237e-06 1.02752
7.4 9.4 0.000109784 4.97125e-06 1.02324
7.4 9.6 6.9185e-05 5.05649e-06 1.0133
7.4 9.8 5.03562e-05 5.46622e-06 1.00134
7.6 0 9.48042e-05 4.93466e-06 0.996591
7.6 0.2 0.000120645 4.96814e-06 1.00076
7.6 0.4 0.00020985 4.97995e-06 1.01165
7.6 0.6 0.000401224 4.99451e-06 1.02106
7.6 0.8 0.000772396 4.96702e-06 1.01936
7.6 1 0.00146658 4.92753e-06 1.01275
7.6 1.2 0.00272862 4.9228e-06 1.00459
7.6 1.4 0.00496834 5.05999e-06 0.998315
7.6 1.6 0.00883653 5.54815e-06 0.994009
7.6 1.8 0.0152916 6.8915e-06 0.987381
7.6 2 0.0257371 1.04739e-05 0.976937
7.6 2.2 0.0422181 2.00186e-05 0.964214
7.6 2.4 0.067344 4.52849e-05 0.945726
7.6 2.6 0.103674 0.00011123 0.911552
7.6 2.8 0.153341 0.000280712 0.855797
7.6 3 0.218426 0.000713411 0.783046
7.6 3.2 0.299336 0.00182273 0.698335
7.6 3.4 0.390748 0.00473603 0.602823
7.6 3.6 0.48245 0.0131259 0.503335
7.6 3.8 0.554346 0.0424986 0.404758
7.6 4 0.542267 0.166415 0.290248
7.6 4.2 0.302646 0.584797 0.122467
7.6 4.4 0.0743803 0.917773 0.0224687
7.6 4.6 0.0201768 0.987653 0.00436797
7.6 4.8 0.0111884 0.999444 0.00204307
7.6 5 0.0201156 0.98933 0.0043487
7.6 5.2 0.0738057 0.919169 0.0222575
7.6 5.4 0.299176 0.585842 0.121007
7.6 5.6 0.537164 0.166229 0.28791
7.6 5.8 0.551534 0.0423424 0.403913
7.6 6 0.484173 0.0131296 0.506713
7.6 6.2 0.39505 0.0047677 0.609734
7.6 6.4 0.302321 0.00183813 0.702391
7.6 6.6 0.218319 0.000714957 0.776915
7.6 6.8 0.151649 0.000278687 0.841189
7.6 7 0.102554 0.000110056 0.900959
7.6 7.2 0.0674008 4.51348e-05 0.950648
7.6 7.4 0.0427148 2.01798e-05 0.980215
7.6 7.6 0.0259794 1.05726e-05 0.987066
7.6 7.8 0.015287 6.88388e-06 0.985184
7.6 8 0.0088372 5.52425e-06 0.993017
7.6 8.2 0.0050174 5.07836e-06 1.00641
7.6 8.4 0.0027431 4.90463e-06 1.00305
7.6 8.6 0.0014495 4.79576e-06 0.993443
7.6 8.8 0.000767401 4.85415e-06 1.01413
7.6 9 0.000402189 4.97736e-06 1.03519
7.6 9.2 0.000203145 4.92118e-06 1.01338
7.6 9.4 0.000108711 4.95557e-06 1.01262
7.6 9.6 6.86083e-05 5.04388e-06 1.00382
7.6 9.8 4.97937e-05 5.43335e-06 0.98846
7.8 0 9.3091e-05 4.82127e-06 0.976859
7.8 0.2 0.000118407 4.85113e-06 0.980431
7.8 0.4 0.000205856 4.85879e-06 0.990409
7.8 0.6 0.000393388 4.86786e-06 0.998755
7.8 0.8 0.000757162 4.83727e-06 0.996618
7.8 1 0.00143814 4.79933e-06 0.990526
7.8 1.2 0.00267774 4.80011e-06 0.983709
7.8 1.4 0.00487988 4.94265e-06 0.979086
7.8 1.6 0.00868304 5.42803e-06 0.97598
7.8 1.8 0.0150207 6.74552e-06 0.969576
7.8 2 0.0252528 1.0243e-05 0.958352
7.8 2.2 0.041364 1.95469e-05 0.944323
7.8 2.4 0.0659041 4.41595e-05 0.924812
7.8 2.6 0.101416 0.000108415 0.890739
7.8 2.8 0.150093 0.000273803 0.83659
7.8 3 0.214125 0.000697134 0.766616
7.8 3.2 0.294022 0.00178557 0.685127
7.8 3.4 0.384504 0.00465103 0.592616
7.8 3.6 0.475436 0.0129195 0.49564
7.8 3.8 0.547049 0.0419174 0.399209
7.8 4 0.535663 0.164383 0.286614
7.8 4.2 0.299082 0.578189 0.121006
7.8 4.4 0.0735294 0.908438 0.0222125
7.8 4.6 0.0199498 0.978372 0.00432031
7.8 4.8 0.0110624 0.99016 0.00202128
7.8 5 0.0198898 0.979868 0.00430217
7.8 5.2 0.0729688 0.9096 0.0220127
7.8 5.4 0.295771 0.579164 0.119652
7.8 5.6 0.531118 0.164243 0.284651
7.8 5.8 0.544994 0.0417935 0.398961
7.8 6 0.4778 0.0129367 0.499642
7.8 6.2 0.389153 0.00468713 0.599921
7.8 6.4 0.297085 0.00180205 0.689218
7.8 6.6 0.213974 0.000698854 0.760312
7.8 6.8 0.148363 0.00027182 0.821941
7.8 7 0.100309 0.000107287 0.880536
7.8 7.2 0.066007 4.40529e-05 0.930601
7.8 7.4 0.0419034 1.97383e-05 0.961279
7.8 7.6 0.0255132 1.03578e-05 0.9688
7.8 7.8 0.0150122 6.74194e-06 0.966525
7.8 8 0.00867198 5.39918e-06 0.973126
7.8 8.2 0.00492044 4.95259e-06 0.985364
7.8 8.4 0.00268947 4.77779e-06 0.981633
7.8 8.6 0.00142108 4.67123e-06 0.971957
7.8 8.8 0.000752571 4.73145e-06 0.992412
7.8 9 0.000394699 4.85634e-06 1.01394
7.8 9.2 0.000199528 4.80762e-06 0.993796
7.8 9.4 0.000106948 4.85424e-06 0.994918
7.8 9.6 6.75992e-05 4.94797e-06 0.987498
7.8 9.8 4.89461e-05 5.31199e-06 0.96943
8 0 9.35089e-05 4.78822e-06 0.980871
8 0.2 0.000118929 4.81627e-06 0.984322
8 0.4 0.000206724 4.82038e-06 0.993939
8 0.6 0.000395002 4.82541e-06 1.00189
8 0.8 0.000760432 4.79398e-06 0.999835
8 1 0.00144488 4.75896e-06 0.99426
8 1.2 0.00269124 4.76552e-06 0.988198
8 1.4 0.00490517 4.91395e-06 0.984181
8 1.6 0.00872527 5.40107e-06 0.981054
8 1.8 0.015082 6.71097e-06 0.973839
8 2 0.0253336 1.01824e-05 0.961412
8 2.2 0.0414795 1.94195e-05 0.946531
8 2.4 0.0661217 4.38816e-05 0.927133
8 2.6 0.101894 0.000107858 0.894159
8 2.8 0.151051 0.000272864 0.841354
8 3 0.215711 0.000695798 0.772021
8 3.2 0.296157 0.00178348 0.690082
8 3.4 0.386769 0.00464446 0.59622
8 3.6 0.47719 0.0128894 0.497601
8 3.8 0.547874 0.0417909 0.399914
8 4 0.535444 0.163901 0.286564
8 4.2 0.298416 0.57717 0.120756
8 4.4 0.0734069 0.909703 0.0221739
8 4.6 0.0199475 0.982199 0.00431873
8 4.8 0.0110711 0.994892 0.00202242
8 5 0.0198943 0.983825 0.00430267
8 5.2 0.0728874 0.911113 0.0219915
8 5.4 0.295349 0.578428 0.119525
8 5.6 0.531485 0.163896 0.284951
8 5.8 0.546441 0.0417127 0.400118
8 6 0.479942 0.0129201 0.501931
8 6.2 0.391523 0.00468387 0.603547
8 6.4 0.299154 0.00180055 0.693892
8 6.6 0.215466 0.00069759 0.765376
8 6.8 0.14928 0.000270921 0.826657
8 7 0.100811 0.000106785 0.884434
8 7.2 0.0662755 4.38211e-05 0.933733
8 7.4 0.0420484 1.96363e-05 0.963844
8 7.6 0.0255879 1.03036e-05 0.970914
8 7.8 0.0150507 6.70167e-06 0.968556
8 8 0.00869558 5.36181e-06 0.975787
8 8.2 0.00493886 4.91782e-06 0.989451
8 8.4 0.00270376 4.74834e-06 0.987162
8 8.6 0.00142947 4.64356e-06 0.977394
8 8.8 0.000756445 4.69946e-06 0.996625
8 9 0.000396664 4.82369e-06 1.01808
8 9.2 0.000200681 4.78104e-06 0.998819
8 9.4 0.00010749 4.82896e-06 0.999147
8 9.6 6.79227e-05 4.92342e-06 0.991352
8 9.8 4.91312e-05 5.27649e-06 0.97224
8.2 0 9.56089e-05 4.87818e-06 1.00341
8.2 0.2 0.000121641 4.90749e-06 1.00725
8.2 0.4 0.000211424 4.9092e-06 1.01679
8.2 0.6 0.000404104 4.91323e-06 1.02496
8.2 0.8 0.000778474 4.8838e-06 1.0235
8.2 1 0.00147993 4.85293e-06 1.01858
8.2 1.2 0.0027568 4.86471e-06 1.01286
8.2 1.4 0.00502184 5.01842e-06 1.00846
8.2 1.6 0.0089227 5.51267e-06 1.00409
8.2 1.8 0.0154056 6.84136e-06 0.99519
8.2 2 0.0258659 1.03726e-05 0.981528
8.2 2.2 0.0423837 1.97934e-05 0.966666
8.2 2.4 0.0676891 4.48001e-05 0.948527
8.2 2.6 0.10453 0.000110328 0.916965
8.2 2.8 0.155123 0.000279416 0.864132
8.2 3 0.221318 0.000712044 0.7925
8.2 3.2 0.303005 0.00182077 0.706532
8.2 3.4 0.394296 0.00472591 0.608209
8.2 3.6 0.484873 0.0130735 0.505843
8.2 3.8 0.555372 0.0422931 0.405507
8.2 4 0.542049 0.1657 0.290166
8.2 4.2 0.301823 0.58332 0.122159
8.2 4.4 0.07426 0.919684 0.022434
8.2 4.6 0.0201937 0.993405 0.00437178
8.2 4.8 0.0112135 1.00651 0.00204819
8.2 5 0.0201468 0.995216 0.00435744
8.2 5.2 0.0737765 0.921451 0.0222648
8.2 5.4 0.298939 0.584958 0.121013
8.2 5.6 0.538448 0.165836 0.288748
8.2 5.8 0.554164 0.0422505 0.405839
8.2 6 0.487528 0.0131103 0.509983
8.2 6.2 0.398706 0.00476478 0.614904
8.2 6.4 0.305635 0.00183679 0.709451
8.2 6.6 0.22086 0.000713386 0.7852
8.2 6.8 0.15332 0.000277409 0.849511
8.2 7 0.103513 0.000109306 0.908069
8.2 7.2 0.067906 4.47864e-05 0.955933
8.2 7.4 0.0429566 2.0025e-05 0.983465
8.2 7.6 0.0260808 1.04859e-05 0.988653
8.2 7.8 0.0153349 6.81604e-06 0.986791
8.2 8 0.0088745 5.46138e-06 0.996937
8.2 8.2 0.00505392 5.02273e-06 1.01423
8.2 8.4 0.00277294 4.86041e-06 1.01383
8.2 8.6 0.00146623 4.75145e-06 1.00285
8.2 8.8 0.000774249 4.795e-06 1.01949
8.2 9 0.000405364 4.91305e-06 1.03974
8.2 9.2 0.000205142 4.87134e-06 1.0205
8.2 9.4 0.000109664 4.91123e-06 1.0186
8.2 9.6 6.91268e-05 4.99704e-06 1.00843
8.2 9.8 5.01074e-05 5.36382e-06 0.991834
8.4 0 9.56354e-05 4.90185e-06 1.00272
8.4 0.2 0.000121702 4.93303e-06 1.00686
8.4 0.4 0.000211398 4.93185e-06 1.01572
8.4 0.6 0.000404027 4.93537e-06 1.02362
8.4 0.8 0.000778623 4.90884e-06 1.02251
8.4 1 0.00148091 4.88287e-06 1.01828
8.4 1.2 0.0027591 4.89895e-06 1.01306
8.4 1.4 0.00502361 5.0535e-06 1.00841
8.4 1.6 0.00891704 5.54498e-06 1.00304
8.4 1.8 0.0153828 6.87196e-06 0.99309
8.4 2 0.0258288 1.0416e-05 0.979261
8.4 2.2 0.0423729 1.99022e-05 0.965552
8.4 2.4 0.0677874 4.51382e-05 0.94932
8.4 2.6 0.104783 0.000111308 0.919044
8.4 2.8 0.155384 0.000281773 0.865774
8.4 3 0.22119 0.000716457 0.792274
8.4 3.2 0.302092 0.00182688 0.704451
8.4 3.4 0.392703 0.00473306 0.605599
8.4 3.6 0.483398 0.0130928 0.504095
8.4 3.8 0.554933 0.0424006 0.405052
8.4 4 0.542962 0.166217 0.290634
8.4 4.2 0.302789 0.584225 0.122586
8.4 4.4 0.0743914 0.917082 0.0224911
8.4 4.6 0.0201876 0.987714 0.00437534
8.4 4.8 0.0112001 0.999978 0.00204818
8.4 5 0.0201401 0.989429 0.00436107
8.4 5.2 0.0739072 0.918779 0.0223229
8.4 5.4 0.299924 0.585935 0.12145
8.4 5.6 0.539374 0.166397 0.289214
8.4 5.8 0.553543 0.0423632 0.405203
8.4 6 0.485588 0.013125 0.507676
8.4 6.2 0.39651 0.00476748 0.611355
8.4 6.4 0.304254 0.00184059 0.706462
8.4 6.6 0.220582 0.000717124 0.784832
8.4 6.8 0.153691 0.000279774 0.852199
8.4 7 0.103935 0.000110404 0.911799
8.4 7.2 0.068085 4.5183e-05 0.957485
8.4 7.4 0.0429224 2.01363e-05 0.980988
8.4 7.6 0.0259849 1.05098e-05 0.983464
8.4 7.8 0.0152762 6.82897e-06 0.982412
8.4 8 0.00886343 5.4898e-06 0.996108
8.4 8.2 0.00506272 5.06917e-06 1.01659
8.4 8.4 0.0027801 4.9112e-06 1.01613
8.4 8.6 0.00146745 4.78937e-06 1.00216
8.4 8.8 0.000773012 4.81582e-06 1.01573
8.4 9 0.000404364 4.92684e-06 1.03522
8.4 9.2 0.000204734 4.88629e-06 1.0167
8.4 9.4 0.000109337 4.91836e-06 1.01369
8.4 9.6 6.87964e-05 4.99461e-06 1.00231
8.4 9.8 5.01896e-05 5.39503e-06 0.992998
8.6 0 9.3751e-05 4.80281e-06 0.980706
8.6 0.2 0.000119234 4.83191e-06 0.984328
8.6 0.4 0.000206856 4.82486e-06 0.99189
8.6 0.6 0.000394865 4.82234e-06 0.99834
8.6 0.8 0.000760349 4.79325e-06 0.996332
8.6 1 0.00144585 4.76854e-06 0.991951
8.6 1.2 0.00269431 4.78709e-06 0.987129
8.6 1.4 0.00490774 4.94092e-06 0.983134
8.6 1.6 0.00871576 5.4228e-06 0.978532
8.6 1.8 0.0150435 6.72119e-06 0.969527
8.6 2 0.0252733 1.01915e-05 0.956877
8.6 2.2 0.0414792 1.94873e-05 0.944304
8.6 2.4 0.0663413 4.42153e-05 0.928624
8.6 2.6 0.102408 0.000108967 0.898003
8.6 2.8 0.15155 0.000275414 0.844116
8.6 3 0.21547 0.000699372 0.771194
8.6 3.2 0.294631 0.00178428 0.686235
8.6 3.4 0.384453 0.00463661 0.592108
8.6 3.6 0.475524 0.0128828 0.495401
8.6 3.8 0.547849 0.0418693 0.39972
8.6 4 0.536621 0.164301 0.287275
8.6 4.2 0.298923 0.576651 0.121084
8.6 4.4 0.0732327 0.902468 0.0221614
8.6 4.6 0.0198306 0.970825 0.0043031
8.6 4.8 0.0109948 0.98289 0.0020132
8.6 5 0.0197761 0.972203 0.00428743
8.6 5.2 0.0727126 0.90366 0.0219837
8.6 5.4 0.295915 0.578044 0.119895
8.6 5.6 0.532786 0.164406 0.285719
8.6 5.8 0.54612 0.041809 0.399603
8.6 6 0.477335 0.0129052 0.498581
8.6 6.2 0.387969 0.00466701 0.597515
8.6 6.4 0.2967 0.00179676 0.688341
8.6 6.6 0.214992 0.000700009 0.764704
8.6 6.8 0.15009 0.000273659 0.832232
8.6 7 0.101728 0.000108215 0.892203
8.6 7.2 0.0666728 4.42968e-05 0.936725
8.6 7.4 0.041982 1.97069e-05 0.95801
8.6 7.6 0.0253842 1.02648e-05 0.959232
8.6 7.8 0.0149263 6.67052e-06 0.958882
8.6 8 0.0086743 5.3766e-06 0.974087
8.6 8.2 0.00495918 4.97455e-06 0.994462
8.6 8.4 0.00271841 4.81074e-06 0.991136
8.6 8.6 0.00143058 4.67218e-06 0.973956
8.6 8.8 0.000753103 4.68993e-06 0.986896
8.6 9 0.000394909 4.80816e-06 1.00883
8.6 9.2 0.000200262 4.77705e-06 0.992261
8.6 9.4 0.000106984 4.80853e-06 0.98962
8.6 9.6 6.74448e-05 4.89201e-06 0.980951
8.6 9.8 4.94955e-05 5.32326e-06 0.977783
8.8 0 9.48351e-05 4.8496e-06 0.990436
8.8 0.2 0.000120482 4.87321e-06 0.993078
8.8 0.4 0.000208962 4.86168e-06 1.00064
8.8 0.6 0.000398499 4.85112e-06 1.00632
8.8 0.8 0.000766497 4.81454e-06 1.00317
8.8 1 0.00145636 4.78593e-06 0.997838
8.8 1.2 0.00271308 4.80461e-06 0.992512
8.8 1.4 0.00494437 4.96306e-06 0.988835
8.8 1.6 0.00879164 5.45422e-06 0.985438
8.8 1.8 0.0151966 6.76821e-06 0.978072
8.8 2 0.0255543 1.02668e-05 0.966703
8.8 2.2 0.0419261 1.96143e-05 0.954182
8.8 2.4 0.0669323 4.44134e-05 0.936849
8.8 2.6 0.103056 0.000109183 0.903467
8.8 2.8 0.152266 0.0002755 0.847447
8.8 3 0.216675 0.000699933 0.77451
8.8 3.2 0.297238 0.0017908 0.691338
8.8 3.4 0.389207 0.00467028 0.598838
8.8 3.6 0.481836 0.0129982 0.501816
8.8 3.8 0.553594 0.0421837 0.403994
8.8 4 0.539495 0.165065 0.288923
8.8 4.2 0.299044 0.57868 0.121164
8.8 4.4 0.0732257 0.907837 0.0221564
8.8 4.6 0.0198666 0.979445 0.00430885
8.8 4.8 0.0110294 0.992835 0.00201849
8.8 5 0.0198044 0.980587 0.00429157
8.8 5.2 0.0726636 0.908622 0.0219671
8.8 5.4 0.295857 0.579768 0.119911
8.8 5.6 0.535423 0.16509 0.287259
8.8 5.8 0.551664 0.0421018 0.403763
8.8 6 0.483579 0.0130144 0.504991
8.8 6.2 0.392861 0.0046999 0.604581
8.8 6.4 0.299581 0.00180393 0.694272
8.8 6.6 0.216463 0.000701161 0.769168
8.8 6.8 0.150953 0.000274002 0.836444
8.8 7 0.102381 0.000108471 0.897506
8.8 7.2 0.0671829 4.44588e-05 0.94344
8.8 7.4 0.0423482 1.97955e-05 0.965869
8.8 7.6 0.0256326 1.03205e-05 0.968245
8.8 7.8 0.0150885 6.71782e-06 0.969037
8.8 8 0.00877082 5.42224e-06 0.984318
8.8 8.2 0.00500588 5.01039e-06 1.00233
8.8 8.4 0.00273537 4.82586e-06 0.995212
8.8 8.6 0.00143735 4.67379e-06 0.976881
8.8 8.8 0.000758397 4.70096e-06 0.993062
8.8 9 0.000399204 4.84185e-06 1.01914
8.8 9.2 0.000202528 4.81731e-06 1.0022
8.8 9.4 0.000108132 4.84868e-06 0.999004
8.8 9.6 6.84716e-05 4.95666e-06 0.994843
8.8 9.8 5.00848e-05 5.38854e-06 0.98797
9 0 9.67105e-05 5.01269e-06 1.00799
9 0.2 0.00012281 5.03261e-06 1.01021
9 0.4 0.000213256 5.0239e-06 1.01931
9 0.6 0.000407068 5.01429e-06 1.02646
9 0.8 0.000783249 4.97589e-06 1.02399
9 1 0.00148802 4.9457e-06 1.01868
9 1.2 0.00277037 4.96372e-06 1.0127
9 1.4 0.00504472 5.12532e-06 1.00803
9 1.6 0.00896616 5.63051e-06 1.00398
9 1.8 0.0155012 6.98453e-06 0.996688
9 2 0.0260781 1.0587e-05 0.985777
9 2.2 0.0427848 2.01953e-05 0.973255
9 2.4 0.068248 4.56321e-05 0.954834
9 2.6 0.104994 0.000111962 0.919787
9 2.8 0.155194 0.000282339 0.862826
9 3 0.221215 0.000717942 0.789881
9 3.2 0.303759 0.0018384 0.706035
9 3.4 0.39699 0.00478782 0.610734
9 3.6 0.489197 0.0132721 0.509537
9 3.8 0.559638 0.0428963 0.408383
9 4 0.544805 0.16763 0.291671
9 4.2 0.302282 0.587926 0.122404
9 4.4 0.0741992 0.922361 0.022432
9 4.6 0.0201553 0.993715 0.00436793
9 4.8 0.0111869 1.00585 0.0020459
9 5 0.0200871 0.994725 0.00434944
9 5.2 0.073612 0.922999 0.0222365
9 5.4 0.299044 0.588985 0.121141
9 5.6 0.540855 0.167679 0.290093
9 5.8 0.55787 0.0428228 0.408288
9 6 0.490972 0.0132889 0.512768
9 6.2 0.400597 0.00481675 0.61645
9 6.4 0.306078 0.00185122 0.708978
9 6.6 0.221 0.000719099 0.78459
9 6.8 0.153854 0.000280788 0.851666
9 7 0.104245 0.000111181 0.913059
9 7.2 0.068397 4.56116e-05 0.959892
9 7.4 0.0431275 2.0332e-05 0.983321
9 7.6 0.0261314 1.06212e-05 0.987097
9 7.8 0.0154085 6.93542e-06 0.989697
9 8 0.00896414 5.60955e-06 1.00563
9 8.2 0.00510858 5.17553e-06 1.02176
9 8.4 0.00278648 4.97005e-06 1.01264
9 8.6 0.00146662 4.81737e-06 0.996471
9 8.8 0.000776837 4.86685e-06 1.0172
9 9 0.000408897 5.01817e-06 1.04268
9 9.2 0.000206479 4.97169e-06 1.01959
9 9.4 0.000110086 4.99806e-06 1.01544
9 9.6 6.99685e-05 5.13084e-06 1.01497
9 9.8 5.08031e-05 5.53427e-06 0.999789
9.2 0 9.42374e-05 4.95002e-06 0.978719
9.2 0.2 0.000119696 4.97075e-06 0.981226
9.2 0.4 0.000207841 4.96507e-06 0.990225
9.2 0.6 0.000397165 4.96347e-06 0.99865
9.2 0.8 0.000764906 4.93172e-06 0.99769
9.2 1 0.00145417 4.90615e-06 0.993713
9.2 1.2 0.00270701 4.92331e-06 0.988141
9.2 1.4 0.00492322 5.07561e-06 0.982504
9.2 1.6 0.00873539 5.56282e-06 0.976859
9.2 1.8 0.0150834 6.88525e-06 0.968494
9.2 2 0.0253664 1.04193e-05 0.957596
9.2 2.2 0.0416356 1.98554e-05 0.945918
9.2 2.4 0.0664735 4.48411e-05 0.928823
9.2 2.6 0.102382 0.00011 0.895707
9.2 2.8 0.151537 0.000277413 0.841429
9.2 3 0.216159 0.000705317 0.771131
9.2 3.2 0.29647 0.00180352 0.688772
9.2 3.4 0.386454 0.00468534 0.594318
9.2 3.6 0.475871 0.0129801 0.495352
9.2 3.8 0.546498 0.0421218 0.398445
9.2 4 0.535215 0.165587 0.286305
9.2 4.2 0.297499 0.581464 0.120392
9.2 4.4 0.0729458 0.908541 0.022045
9.2 4.6 0.0197415 0.973826 0.00427871
9.2 4.8 0.0109197 0.982337 0.00199769
9.2 5 0.019671 0.97469 0.00425987
9.2 5.2 0.0723581 0.909095 0.0218506
9.2 5.4 0.29434 0.582585 0.119164
9.2 5.6 0.531581 0.165701 0.284893
9.2 5.8 0.545071 0.0420714 0.398564
9.2 6 0.477659 0.0129999 0.498533
9.2 6.2 0.389706 0.00471171 0.599468
9.2 6.4 0.298355 0.00181407 0.690816
9.2 6.6 0.215655 0.000705404 0.765044
9.2 6.8 0.150077 0.000275503 0.829858
9.2 7 0.10161 0.000109126 0.888927
9.2 7.2 0.0666224 4.47935e-05 0.933986
9.2 7.4 0.0419825 1.99803e-05 0.95642
9.2 7.6 0.0254369 1.04522e-05 0.960279
9.2 7.8 0.0150119 6.84244e-06 0.963589
9.2 8 0.00874227 5.54669e-06 0.979644
9.2 8.2 0.00498341 5.11946e-06 0.995151
9.2 8.4 0.00271922 4.91651e-06 0.986831
9.2 8.6 0.0014345 4.77831e-06 0.973832
9.2 8.8 0.000761271 4.84083e-06 0.995422
9.2 9 0.000399126 4.97125e-06 1.01476
9.2 9.2 0.00020051 4.89334e-06 0.986978
9.2 9.4 0.000107303 4.93427e-06 0.987552
9.2 9.6 6.8391e-05 5.08205e-06 0.989644
9.2 9.8 4.9744e-05 5.47816e-06 0.975557
9.4 0 9.62308e-05 5.09759e-06 0.997145
9.4 0.2 0.000122265 5.12181e-06 1.00027
9.4 0.4 0.000212006 5.11191e-06 1.00824
9.4 0.6 0.000404981 5.11208e-06 1.01665
9.4 0.8 0.000779636 5.08014e-06 1.01551
9.4 1 0.00148161 5.05295e-06 1.01125
9.4 1.2 0.00275774 5.06805e-06 1.00555
9.4 1.4 0.00501524 5.2192e-06 0.999775
9.4 1.6 0.00890023 5.71321e-06 0.994193
9.4 1.8 0.0153749 7.06407e-06 0.98621
9.4 2 0.025864 1.06763e-05 0.975561
9.4 2.2 0.0424398 2.03086e-05 0.963485
9.4 2.4 0.0677156 4.5777e-05 0.945416
9.4 2.6 0.104263 0.000112119 0.911283
9.4 2.8 0.154349 0.000282413 0.856189
9.4 3 0.220188 0.00071718 0.784852
9.4 3.2 0.301927 0.0018316 0.700964
9.4 3.4 0.393837 0.00475753 0.605241
9.4 3.6 0.486032 0.0132041 0.505601
9.4 3.8 0.558239 0.0428974 0.406864
9.4 4 0.543461 0.168158 0.290684
9.4 4.2 0.299334 0.588387 0.121109
9.4 4.4 0.0732919 0.920558 0.0221342
9.4 4.6 0.0199064 0.991363 0.0043099
9.4 4.8 0.0110386 1.00248 0.0020175
9.4 5 0.0198376 0.992306 0.00429141
9.4 5.2 0.0726969 0.921151 0.0219368
9.4 5.4 0.296059 0.589468 0.119828
9.4 5.6 0.539433 0.168196 0.289058
9.4 5.8 0.556488 0.0428162 0.406775
9.4 6 0.487787 0.0132166 0.508807
9.4 6.2 0.39721 0.00478263 0.61065
9.4 6.4 0.303925 0.00184194 0.703342
9.4 6.6 0.219718 0.000717113 0.77895
9.4 6.8 0.152844 0.000280326 0.844427
9.4 7 0.103425 0.000111119 0.904023
9.4 7.2 0.0678357 4.56744e-05 0.950451
9.4 7.4 0.0428124 2.04254e-05 0.975113
9.4 7.6 0.025981 1.07201e-05 0.980671
9.4 7.8 0.0153321 7.0326e-06 0.983544
9.4 8 0.00891153 5.69933e-06 0.99733
9.4 8.2 0.00507013 5.25422e-06 1.01095
9.4 8.4 0.00276702 5.04947e-06 1.00327
9.4 8.6 0.0014625 4.92059e-06 0.992548
9.4 8.8 0.000776156 4.98716e-06 1.01412
9.4 9 0.000405928 5.1052e-06 1.03065
9.4 9.2 0.000204584 5.03564e-06 1.0063
9.4 9.4 0.000110352 5.11981e-06 1.0147
9.4 9.6 7.00079e-05 5.25218e-06 1.01069
9.4 9.8 5.07895e-05 5.64445e-06 0.993423
9.6 0 9.58055e-05 5.23371e-06 0.990584
9.6 0.2 0.000121877 5.26719e-06 0.995263
9.6 0.4 0.000211237 5.25457e-06 1.00292
9.6 0.6 0.000403628 5.25593e-06 1.01164
9.6 0.8 0.000776972 5.22273e-06 1.01058
9.6 1 0.00147515 5.19045e-06 1.00546
9.6 1.2 0.0027433 5.20167e-06 0.998916
9.6 1.4 0.00498729 5.3533e-06 0.992869
9.6 1.6 0.00885417 5.85669e-06 0.987825
9.6 1.8 0.01531 7.23519e-06 0.98104
9.6 2 0.025772 1.09142e-05 0.971385
9.6 2.2 0.0422698 2.06984e-05 0.959113
9.6 2.4 0.0673443 4.64966e-05 0.939678
9.6 2.6 0.103568 0.000113568 0.904485
9.6 2.8 0.153386 0.000285728 0.850056
9.6 3 0.219159 0.000725558 0.780553
9.6 3.2 0.300773 0.00185171 0.69788
9.6 3.4 0.391994 0.00479804 0.602148
9.6 3.6 0.482521 0.0132619 0.50177
9.6 3.8 0.552384 0.042887 0.402407
9.6 4 0.53857 0.168077 0.287845
9.6 4.2 0.297973 0.589775 0.120442
9.6 4.4 0.072769 0.915992 0.021957
9.6 4.6 0.0197711 0.982558 0.00427894
9.6 4.8 0.0109967 0.99371 0.00201009
9.6 5 0.0197187 0.983646 0.00426442
9.6 5.2 0.072206 0.916683 0.0217696
9.6 5.4 0.294644 0.590787 0.119125
9.6 5.6 0.5341 0.167973 0.285944
9.6 5.8 0.549865 0.0427255 0.401722
9.6 6 0.483516 0.0132457 0.504212
9.6 6.2 0.394878 0.00481357 0.606905
9.6 6.4 0.302606 0.00185929 0.700068
9.6 6.6 0.218759 0.000724907 0.775162
9.6 6.8 0.152 0.000283563 0.839162
9.6 7 0.102752 0.000112513 0.897431
9.6 7.2 0.0673969 4.6329e-05 0.943719
9.6 7.4 0.0425801 2.07749e-05 0.969472
9.6 7.6 0.0258848 1.09479e-05 0.976759
9.6 7.8 0.0152961 7.21225e-06 0.980535
9.6 8 0.00888182 5.85165e-06 0.992574
9.6 8.2 0.00503543 5.37886e-06 1.00226
9.6 8.4 0.00274244 5.15932e-06 0.993251
9.6 8.6 0.00145406 5.04412e-06 0.986541
9.6 8.8 0.000775328 5.13748e-06 1.01247
9.6 9 0.00040583 5.26288e-06 1.02909
9.6 9.2 0.00020453 5.19148e-06 1.00452
9.6 9.4 0.000109919 5.26166e-06 1.00813
9.6 9.6 6.89685e-05 5.33777e-06 0.993409
9.6 9.8 5.06436e-05 5.78544e-06 0.987707
9.8 0 9.74075e-05 5.94117e-06 1.00413
9.8 0.2 0.000123791 5.97631e-06 1.00822
9.8 0.4 0.000213686 5.93159e-06 1.01211
9.8 0.6 0.000407031 5.91096e-06 1.01759
9.8 0.8 0.00078276 5.86495e-06 1.01541
9.8 1 0.00148621 5.82765e-06 1.0103
9.8 1.2 0.00276745 5.84824e-06 1.0052
9.8 1.4 0.00503813 6.02781e-06 1.00091
9.8 1.6 0.00894726 6.59384e-06 0.996632
9.8 1.8 0.0154596 8.12478e-06 0.989492
9.8 2 0.0259921 1.21988e-05 0.978844
9.8 2.2 0.0425859 2.30226e-05 0.965493
9.8 2.4 0.0678315 5.15547e-05 0.9456
9.8 2.6 0.104395 0.000125775 0.910805
9.8 2.8 0.154687 0.000316229 0.856609
9.8 3 0.220711 0.000801275 0.78565
9.8 3.2 0.302132 0.00203739 0.700647
9.8 3.4 0.393667 0.00526456 0.604305
9.8 3.6 0.485681 0.0145223 0.504765
9.8 3.8 0.555835 0.0465609 0.404802
9.8 4 0.538116 0.17783 0.287451
9.8 4.2 0.296503 0.595524 0.119615
9.8 4.4 0.075553 0.915526 0.022712
9.8 4.6 0.0211922 0.98681 0.00457826
9.8 4.8 0.0119439 1.00032 0.0021837
9.8 5 0.0211957 0.987602 0.00457717
9.8 5.2 0.075472 0.915282 0.022673
9.8 5.4 0.295114 0.592973 0.119064
9.8 5.6 0.533847 0.176366 0.285581
9.8 5.8 0.552655 0.0461645 0.403589
9.8 6 0.485874 0.0144563 0.506374
9.8 6.2 0.395876 0.00526649 0.608125
9.8 6.4 0.303577 0.00204049 0.702159
9.8 6.6 0.220252 0.000799144 0.780329
9.8 6.8 0.153424 0.000313617 0.846615
9.8 7 0.103725 0.000124647 0.905199
9.8 7.2 0.06797 5.14099e-05 0.950833
9.8 7.4 0.0429076 2.31133e-05 0.976025
9.8 7.6 0.0260741 1.22224e-05 0.982899
9.8 7.8 0.0154021 8.07557e-06 0.986086
9.8 8 0.0089401 6.55902e-06 0.997401
9.8 8.2 0.005074 6.03684e-06 1.00829
9.8 8.4 0.00277503 5.81036e-06 1.00384
9.8 8.6 0.00147603 5.70394e-06 0.999808
9.8 8.8 0.000782679 5.7841e-06 1.01889
9.8 9 0.000406655 5.87802e-06 1.02787
9.8 9.2 0.000206596 5.83821e-06 1.01264
9.8 9.4 0.000111873 5.96248e-06 1.02248
9.8 9.6 7.02532e-05 6.03122e-06 1.00384
9.8 9.8 5.1024e-05 6.63604e-06 1.00314
