0 0 13.1751 -6.32962 13.1752
0 0.16 12.5069 -6.91821 12.507
0 0.32 15.7544 -3.37022 15.7545
0 0.48 15.7498 -2.71396 15.7499
0 0.64 14.5505 -2.51639 14.5506
0 0.8 11.1413 -2.89072 11.1414
0 0.96 4.58666 -3.20221 4.58677
0 1.12 -1.91249 -0.0604281 -1.91238
0 1.28 -3.73326 6.85767 -3.73315
0 1.44 -3.26328 12.2743 -3.26318
0 1.6 -3.04065 14.7797 -3.04055
0 1.76 -3.16105 15.6706 -3.16095
0 1.92 -3.30665 15.938 -3.30656
0 2.08 -3.29848 16.0107 -3.29839
0 2.24 -3.10221 15.9658 -3.10211
0 2.4 -2.81658 15.5757 -2.81649
0 2.56 -2.68323 14.1744 -2.68314
0 2.72 -3.02172 10.4152 -3.02163
0 2.88 -3.02542 3.54067 -3.02533
0 3.04 0.692476 -2.47055 0.69256
0 3.2 7.52058 -3.72375 7.52066
0 3.36 12.5824 -3.14242 12.5825
0 3.52 14.9342 -2.91055 14.9342
0 3.68 15.7751 -3.05236 15.7752
0 3.84 16.0075 -3.25724 16.0076
0 4 16.0461 -3.34131 16.0462
0 4.16 16.0151 -3.23599 16.0152
0 4.32 15.8025 -2.98096 15.8026
0 4.48 14.9638 -2.74972 14.9639
0 4.64 12.4621 -2.87195 12.4622
0 4.8 6.87948 -3.33031 6.87954
0 4.96 -0.313072 -1.66471 -0.313014
0 5.12 -3.6188 4.47725 -3.61874
0 5.28 -3.3562 10.8053 -3.35615
0 5.44 -2.89012 14.2497 -2.89006
0 5.6 -2.91899 15.5936 -2.91894
0 5.76 -3.13615 16.0059 -3.1361
0 5.92 -3.29504 16.0975 -3.29499
0 6.08 -3.29535 16.0935 -3.29531
0 6.24 -3.12378 16.0015 -3.12374
0 6.4 -2.88496 15.5802 -2.88492
0 6.56 -2.87146 14.1339 -2.87142
0 6.72 -3.42101 10.3299 -3.42097
0 6.88 -3.62373 3.41214 -3.62369
0 7.04 0.331405 -2.685 0.331443
0 7.2 7.8088 -3.76497 7.80884
0 7.36 13.091 -3.01707 13.091
0 7.52 19.1532 1.0856 19.1533
0 7.68 20.1661 1.33689 20.1661
0 7.84 -9.8577 -28.9934 -9.85766
0.16 0 7.84188 -11.6594 7.84199
0.16 0.16 6.17129 -13.2487 6.1714
0.16 0.32 9.55003 -9.56462 9.55014
0.16 0.48 9.55834 -8.88562 9.55845
0.16 0.64 8.35499 -8.67105 8.35509
0.16 0.8 4.92354 -9.02318 4.92364
0.16 0.96 -1.63728 -9.27399 -1.63717
0.16 1.12 -8.04388 -6.02224 -8.04378
0.16 1.28 -9.78534 0.909231 -9.78523
0.16 1.44 -9.31982 6.26367 -9.31972
0.16 1.6 -9.11974 8.72011 -9.11964
0.16 1.76 -9.25668 9.58419 -9.25659
0.16 1.92 -9.41129 9.83895 -9.41119
0.16 2.08 -9.40485 9.90932 -9.40476
0.16 2.24 -9.20282 9.87213 -9.20273
0.16 2.4 -8.90354 9.5016 -8.90345
0.16 2.56 -8.74993 8.13685 -8.74984
0.16 2.72 -9.06979 4.43695 -9.0697
0.16 2.88 -9.10185 -2.39668 -9.10177
0.16 3.04 -5.48333 -8.47997 -5.48325
0.16 3.2 1.30199 -9.83001 1.30207
0.16 3.36 6.38231 -9.28569 6.38239
0.16 3.52 8.74761 -9.07015 8.74769
0.16 3.68 9.58855 -9.22595 9.58863
0.16 3.84 9.81719 -9.44121 9.81727
0.16 4 9.85458 -9.53009 9.85465
0.16 4.16 9.82823 -9.42272 9.8283
0.16 4.32 9.62878 -9.15795 9.62885
0.16 4.48 8.81745 -8.90719 8.81751
0.16 4.64 6.36698 -8.99937 6.36704
0.16 4.8 0.859123 -9.43183 0.859183
0.16 4.96 -6.3023 -7.79012 -6.30224
0.16 5.12 -9.65569 -1.67774 -9.65563
0.16 5.28 -9.42013 4.67737 -9.42007
0.16 5.44 -8.96193 8.14853 -8.96188
0.16 5.6 -9.00057 9.49873 -9.00052
0.16 5.76 -9.22776 9.90793 -9.22771
0.16 5.92 -9.39308 9.99571 -9.39303
0.16 6.08 -9.39397 9.99141 -9.39393
0.16 6.24 -9.2178 9.902 -9.21776
0.16 6.4 -8.96935 9.4846 -8.96931
0.16 6.56 -8.94431 8.03548 -8.94427
0.16 6.72 -9.48501 4.20946 -9.48497
0.16 6.88 -9.66438 -2.72952 -9.66434
0.16 7.04 -5.67363 -8.79515 -5.67359
0.16 7.2 1.76504 -9.86571 1.76508
0.16 7.36 6.97054 -9.15924 6.97058
0.16 7.52 13.1147 -4.96024 13.1147
0.16 7.68 14.6529 -4.17854 14.653
0.16 7.84 -18.2328 -37.3713 -18.2328
0.32 0 13.4554 -6.04485 13.4555
0.32 0.16 12.4987 -6.9204 12.4988
0.32 0.32 15.7061 -3.40542 15.7062
0.32 0.48 15.6503 -2.78369 15.6504
0.32 0.64 14.3926 -2.60204 14.3927
0.32 0.8 10.8627 -2.99313 10.8628
0.32 0.96 4.19351 -3.23351 4.19361
0.32 1.12 -2.15005 0.157894 -2.14995
0.32 1.28 -3.73848 7.16182 -3.73838
0.32 1.44 -3.22292 12.4663 -3.22282
0.32 1.6 -3.01569 14.8752 -3.01559
0.32 1.76 -3.14588 15.7223 -3.14578
0.32 1.92 -3.2944 15.9753 -3.2943
0.32 2.08 -3.28901 16.0473 -3.28891
0.32 2.24 -3.09815 16.0129 -3.09805
0.32 2.4 -2.80267 15.6717 -2.80258
0.32 2.56 -2.65093 14.3817 -2.65084
0.32 2.72 -2.97757 10.8388 -2.97749
0.32 2.88 -3.14885 4.09813 -3.14876
0.32 3.04 0.176476 -2.24531 0.17656
0.32 3.2 6.97808 -3.80858 6.97817
0.32 3.36 12.2615 -3.25292 12.2616
0.32 3.52 14.7645 -2.99032 14.7646
0.32 3.68 15.6696 -3.12002 15.6697
0.32 3.84 15.929 -3.32244 15.929
0.32 4 15.9807 -3.40951 15.9807
0.32 4.16 15.9625 -3.30911 15.9625
0.32 4.32 15.7772 -3.0562 15.7773
0.32 4.48 15.0151 -2.81095 15.0151
0.32 4.64 12.6873 -2.90117 12.6873
0.32 4.8 7.34633 -3.38963 7.34639
0.32 4.96 0.0862919 -2.02603 0.0863502
0.32 5.12 -3.57995 3.9199 -3.57989
0.32 5.28 -3.40823 10.4555 -3.40818
0.32 5.44 -2.8988 14.1146 -2.89874
0.32 5.6 -2.8981 15.5608 -2.89805
0.32 5.76 -3.10496 16.0132 -3.10491
0.32 5.92 -3.26147 16.1196 -3.26143
0.32 6.08 -3.2625 16.1199 -3.26246
0.32 6.24 -3.09615 16.0231 -3.09611
0.32 6.4 -2.86355 15.5891 -2.86351
0.32 6.56 -2.86345 14.1046 -2.86341
0.32 6.72 -3.44129 10.203 -3.44125
0.32 6.88 -3.62254 3.17495 -3.6225
0.32 7.04 0.469057 -2.85069 0.469095
0.32 7.2 7.96098 -3.81192 7.96102
0.32 7.36 13.1364 -3.06694 13.1364
0.32 7.52 19.1844 1.07135 19.1844
0.32 7.68 20.2837 1.42758 20.2837
0.32 7.84 -10.0651 -29.2209 -10.065
0.48 0 13.41 -6.08302 13.4101
0.48 0.16 12.4539 -6.95601 12.454
0.48 0.32 15.6299 -3.4641 15.63
0.48 0.48 15.5462 -2.84846 15.5463
0.48 0.64 14.2162 -2.68386 14.2164
0.48 0.8 10.5355 -3.09463 10.5356
0.48 0.96 3.73669 -3.24324 3.73679
0.48 1.12 -2.42339 0.417592 -2.42329
0.48 1.28 -3.78888 7.45355 -3.78878
0.48 1.44 -3.2506 12.5989 -3.2505
0.48 1.6 -3.06434 14.8983 -3.06424
0.48 1.76 -3.20615 15.6981 -3.20605
0.48 1.92 -3.35964 15.9341 -3.35955
0.48 2.08 -3.35773 16.0039 -3.35763
0.48 2.24 -3.1673 15.9834 -3.1672
0.48 2.4 -2.86488 15.6859 -2.86479
0.48 2.56 -2.69073 14.5071 -2.69064
0.48 2.72 -2.9857 11.1953 -2.98561
0.48 2.88 -3.27742 4.64816 -3.27734
0.48 3.04 -0.33799 -1.97924 -0.337905
0.48 3.2 6.39469 -3.88944 6.39478
0.48 3.36 11.9085 -3.3707 11.9086
0.48 3.52 14.5833 -3.07103 14.5833
0.48 3.68 15.5645 -3.18324 15.5646
0.48 3.84 15.8534 -3.384 15.8535
0.48 4 15.9182 -3.47574 15.9183
0.48 4.16 15.913 -3.38119 15.9131
0.48 4.32 15.7576 -3.12936 15.7577
0.48 4.48 15.075 -2.87001 15.0751
0.48 4.64 12.9337 -2.9235 12.9338
0.48 4.8 7.87151 -3.43003 7.87157
0.48 4.96 0.569575 -2.39935 0.569633
0.48 5.12 -3.5485 3.23888 -3.54845
0.48 5.28 -3.5398 9.95302 -3.53974
0.48 5.44 -2.99329 13.8581 -2.99324
0.48 5.6 -2.95774 15.4308 -2.95769
0.48 5.76 -3.15252 15.9331 -3.15247
0.48 5.92 -3.3068 16.0572 -3.30676
0.48 6.08 -3.30991 16.0604 -3.30987
0.48 6.24 -3.14864 15.9559 -3.1486
0.48 6.4 -2.9224 15.5007 -2.92236
0.48 6.56 -2.93686 13.9581 -2.93682
0.48 6.72 -3.53332 9.92896 -3.53328
0.48 6.88 -3.6291 2.79945 -3.62906
0.48 7.04 0.690853 -3.062 0.690891
0.48 7.2 8.18022 -3.85997 8.18026
0.48 7.36 13.2158 -3.10997 13.2159
0.48 7.52 19.1765 1.00706 19.1766
0.48 7.68 20.2365 1.34762 20.2366
0.48 7.84 -10.0774 -29.2567 -10.0774
0.64 0 13.4159 -6.06377 13.416
0.64 0.16 12.4533 -6.94006 12.4534
0.64 0.32 15.6128 -3.4516 15.6129
0.64 0.48 15.487 -2.8447 15.4871
0.64 0.64 14.0499 -2.70483 14.05
0.64 0.8 10.1551 -3.1401 10.1552
0.64 0.96 3.203 -3.1443 3.2031
0.64 1.12 -2.67342 0.875129 -2.67332
0.64 1.28 -3.75781 7.91709 -3.75771
0.64 1.44 -3.20204 12.844 -3.20194
0.64 1.6 -3.04504 15.0034 -3.04494
0.64 1.76 -3.20171 15.7442 -3.20161
0.64 1.92 -3.36078 15.9595 -3.36068
0.64 2.08 -3.36267 16.0256 -3.36257
0.64 2.24 -3.1733 16.0183 -3.17321
0.64 2.4 -2.86378 15.7663 -2.86369
0.64 2.56 -2.66538 14.7058 -2.66529
0.64 2.72 -2.91936 11.6515 -2.91927
0.64 2.88 -3.31926 5.36176 -3.31917
0.64 3.04 -0.824832 -1.53914 -0.824748
0.64 3.2 5.77246 -3.88364 5.77254
0.64 3.36 11.5463 -3.43122 11.5463
0.64 3.52 14.4336 -3.08966 14.4337
0.64 3.68 15.5124 -3.17954 15.5125
0.64 3.84 15.8394 -3.37753 15.8395
0.64 4 15.9209 -3.4744 15.9209
0.64 4.16 15.9301 -3.38692 15.9302
0.64 4.32 15.8071 -3.13703 15.8072
0.64 4.48 15.211 -2.86308 15.2111
0.64 4.64 13.2782 -2.87417 13.2782
0.64 4.8 8.55669 -3.38294 8.55675
0.64 4.96 1.27698 -2.71539 1.27704
0.64 5.12 -3.38025 2.4954 -3.38019
0.64 5.28 -3.61602 9.38308 -3.61597
0.64 5.44 -3.03404 13.5979 -3.03399
0.64 5.6 -2.95341 15.3386 -2.95336
0.64 5.76 -3.13087 15.9089 -3.13083
0.64 5.92 -3.28041 16.058 -3.28036
0.64 6.08 -3.28469 16.0653 -3.28465
0.64 6.24 -3.12902 15.9486 -3.12898
0.64 6.4 -2.9137 15.4567 -2.91366
0.64 6.56 -2.95333 13.8188 -2.95329
0.64 6.72 -3.57419 9.59762 -3.57415
0.64 6.88 -3.52607 2.34648 -3.52603
0.64 7.04 1.11723 -3.24534 1.11727
0.64 7.2 8.57592 -3.82161 8.57596
0.64 7.36 13.4109 -3.07316 13.411
0.64 7.52 19.2565 1.01633 19.2566
0.64 7.68 20.2754 1.34719 20.2754
0.64 7.84 -10.0503 -29.2573 -10.0503
0.8 0 13.4156 -6.04576 13.4158
0.8 0.16 12.4414 -6.92981 12.4415
0.8 0.32 15.5816 -3.44425 15.5818
0.8 0.48 15.4035 -2.84809 15.4036
0.8 0.64 13.8339 -2.73776 13.834
0.8 0.8 9.68385 -3.19614 9.68395
0.8 0.96 2.58504 -3.0056 2.58514
0.8 1.12 -2.92917 1.41817 -2.92907
0.8 1.28 -3.71781 8.42734 -3.71771
0.8 1.44 -3.15605 13.1007 -3.15595
0.8 1.6 -3.03428 15.1056 -3.03418
0.8 1.76 -3.20818 15.7815 -3.20808
0.8 1.92 -3.37347 15.9737 -3.37337
0.8 2.08 -3.37874 16.0358 -3.37865
0.8 2.24 -3.19052 16.0408 -3.19042
0.8 2.4 -2.8734 15.8337 -2.87331
0.8 2.56 -2.64921 14.8909 -2.64912
0.8 2.72 -2.85581 12.0985 -2.85572
0.8 2.88 -3.33812 6.10979 -3.33804
0.8 3.04 -1.30409 -1.01769 -1.30401
0.8 3.2 5.08754 -3.85494 5.08762
0.8 3.36 11.1241 -3.50331 11.1242
0.8 3.52 14.2509 -3.11942 14.251
0.8 3.68 15.4425 -3.18367 15.4426
0.8 3.84 15.814 -3.37778 15.814
0.8 4 15.9146 -3.4797 15.9147
0.8 4.16 15.9394 -3.3997 15.9394
0.8 4.32 15.8489 -3.15241 15.849
0.8 4.48 15.3402 -2.86384 15.3403
0.8 4.64 13.621 -2.8295 13.6211
0.8 4.8 9.27406 -3.32119 9.27412
0.8 4.96 2.0974 -3.00228 2.09746
0.8 5.12 -3.13385 1.68223 -3.1338
0.8 5.28 -3.70047 8.70216 -3.70041
0.8 5.44 -3.0943 13.2699 -3.09425
0.8 5.6 -2.96195 15.212 -2.9619
0.8 5.76 -3.11831 15.865 -3.11826
0.8 5.92 -3.26208 16.044 -3.26204
0.8 6.08 -3.26707 16.0563 -3.26702
0.8 6.24 -3.11686 15.9246 -3.11681
0.8 6.4 -2.91461 15.3856 -2.91456
0.8 6.56 -2.98469 13.6263 -2.98465
0.8 6.72 -3.62817 9.17029 -3.62813
0.8 6.88 -3.38197 1.80176 -3.38193
0.8 7.04 1.63605 -3.44042 1.63609
0.8 7.2 9.02505 -3.77582 9.02508
0.8 7.36 13.6222 -3.03774 13.6222
0.8 7.52 19.3388 1.02094 19.3388
0.8 7.68 20.3105 1.33968 20.3105
0.8 7.84 -10.0296 -29.2659 -10.0295
0.96 0 13.4153 -6.02653 13.4154
0.96 0.16 12.4317 -6.91571 12.4318
0.96 0.32 15.5508 -3.43314 15.5509
0.96 0.48 15.3134 -2.84945 15.3135
0.96 0.64 13.5962 -2.77141 13.5963
0.96 0.8 9.17282 -3.24739 9.17292
0.96 0.96 1.95707 -2.82426 1.95718
0.96 1.12 -3.15237 2.00226 -3.15227
0.96 1.28 -3.66739 8.93823 -3.66728
0.96 1.44 -3.1119 13.3503 -3.1118
0.96 1.6 -3.02672 15.2028 -3.02662
0.96 1.76 -3.21821 15.8147 -3.21811
0.96 1.92 -3.39014 15.9834 -3.39004
0.96 2.08 -3.39816 16.0415 -3.39807
0.96 2.24 -3.21089 16.0579 -3.21079
0.96 2.4 -2.88681 15.8917 -2.88672
0.96 2.56 -2.6376 15.0573 -2.63751
0.96 2.72 -2.79504 12.5109 -2.79495
0.96 2.88 -3.32934 6.83886 -3.32925
0.96 3.04 -1.72815 -0.44581 -1.72806
0.96 3.2 4.40102 -3.79264 4.40111
0.96 3.36 10.6795 -3.57322 10.6796
0.96 3.52 14.0571 -3.14955 14.0572
0.96 3.68 15.3702 -3.18611 15.3703
0.96 3.84 15.7896 -3.37553 15.7896
0.96 4 15.9103 -3.48238 15.9104
0.96 4.16 15.9504 -3.40987 15.9505
0.96 4.32 15.8904 -3.16608 15.8905
0.96 4.48 15.4633 -2.86456 15.4633
0.96 4.64 13.9461 -2.78586 13.9462
0.96 4.8 9.97534 -3.24413 9.9754
0.96 4.96 2.97869 -3.22495 2.97875
0.96 5.12 -2.80215 0.876084 -2.80209
0.96 5.28 -3.77522 7.95913 -3.77516
0.96 5.44 -3.16376 12.8982 -3.1637
0.96 5.6 -2.97589 15.066 -2.97584
0.96 5.76 -3.1079 15.8129 -3.10785
0.96 5.92 -3.24509 16.0254 -3.24505
0.96 6.08 -3.25043 16.0433 -3.25038
0.96 6.24 -3.10555 15.895 -3.10551
0.96 6.4 -2.91824 15.3017 -2.9182
0.96 6.56 -3.02216 13.4041 -3.02211
0.96 6.72 -3.6823 8.69162 -3.68226
0.96 6.88 -3.19428 1.23208 -3.19424
0.96 7.04 2.20747 -3.61162 2.20751
0.96 7.2 9.49045 -3.71753 9.49049
0.96 7.36 13.8368 -3.00019 13.8368
0.96 7.52 19.4225 1.02568 19.4225
0.96 7.68 20.3477 1.33306 20.3478
0.96 7.84 -10.0083 -29.275 -10.0082
1.12 0 13.3867 -6.03453 13.3868
1.12 0.16 12.4246 -6.89816 12.4247
1.12 0.32 15.5211 -3.41984 15.5212
1.12 0.48 15.2227 -2.84974 15.2228
1.12 0.64 13.3558 -2.8038 13.3559
1.12 0.8 8.66738 -3.28897 8.66749
1.12 0.96 1.37885 -2.6149 1.37895
1.12 1.12 -3.32283 2.57661 -3.32273
1.12 1.28 -3.60596 9.41326 -3.60586
1.12 1.44 -3.06406 13.582 -3.06395
1.12 1.6 -3.01217 15.2978 -3.01207
1.12 1.76 -3.21959 15.852 -3.21949
1.12 1.92 -3.39803 15.9987 -3.39794
1.12 2.08 -3.40818 16.0531 -3.40808
1.12 2.24 -3.22164 16.0793 -3.22154
1.12 2.4 -2.89226 15.9477 -2.89217
1.12 2.56 -2.6213 15.2065 -2.62121
1.12 2.72 -2.73339 12.8743 -2.73331
1.12 2.88 -3.29484 7.50343 -3.29475
1.12 3.04 -2.06943 0.130703 -2.06935
1.12 3.2 3.76563 -3.70004 3.76571
1.12 3.36 10.2447 -3.63546 10.2448
1.12 3.52 13.8645 -3.17865 13.8646
1.12 3.68 15.2984 -3.18787 15.2985
1.12 3.84 15.7653 -3.37239 15.7654
1.12 4 15.9054 -3.48415 15.9054
1.12 4.16 15.9597 -3.41885 15.9597
1.12 4.32 15.9265 -3.1791 15.9265
1.12 4.48 15.5709 -2.86694 15.571
1.12 4.64 14.233 -2.74776 14.2331
1.12 4.8 10.6126 -3.16207 10.6126
1.12 4.96 3.8515 -3.3741 3.85156
1.12 5.12 -2.40023 0.144547 -2.40017
1.12 5.28 -3.82321 7.21357 -3.82315
1.12 5.44 -3.22805 12.515 -3.22799
1.12 5.6 -2.98419 14.919 -2.98414
1.12 5.76 -3.0898 15.7654 -3.08975
1.12 5.92 -3.21976 16.0132 -3.21971
1.12 6.08 -3.22508 16.0372 -3.22503
1.12 6.24 -3.08516 15.8723 -3.08512
1.12 6.4 -2.91355 15.2224 -2.9135
1.12 6.56 -3.05278 13.1807 -3.05274
1.12 6.72 -3.72366 8.21153 -3.72362
1.12 6.88 -2.97472 0.695503 -2.97468
1.12 7.04 2.77704 -3.74471 2.77708
1.12 7.2 9.92856 -3.65432 9.9286
1.12 7.36 14.0361 -2.96336 14.0361
1.12 7.52 19.4999 1.03046 19.4999
1.12 7.68 20.3827 1.32785 20.3827
1.12 7.84 -9.9877 -29.2826 -9.98766
1.28 0 13.3303 -6.07276 13.3304
1.28 0.16 12.4146 -6.88624 12.4147
1.28 0.32 15.4898 -3.41253 15.4899
1.28 0.48 15.1347 -2.85529 15.1348
1.28 0.64 13.1303 -2.83835 13.1304
1.28 0.8 8.20851 -3.32472 8.20861
1.28 0.96 0.888148 -2.41029 0.888253
1.28 1.12 -3.4489 3.07876 -3.4488
1.28 1.28 -3.55604 9.80509 -3.55594
1.28 1.44 -3.03381 13.7645 -3.03371
1.28 1.6 -3.0115 15.3657 -3.0114
1.28 1.76 -3.23325 15.8709 -3.23315
1.28 1.92 -3.41805 15.9983 -3.41795
1.28 2.08 -3.42986 16.0497 -3.42977
1.28 2.24 -3.2433 16.0844 -3.2432
1.28 2.4 -2.90922 15.9811 -2.90913
1.28 2.56 -2.61925 15.3159 -2.61916
1.28 2.72 -2.69071 13.1594 -2.69062
1.28 2.88 -3.25862 8.05219 -3.25853
1.28 3.04 -2.3299 0.649745 -2.32982
1.28 3.2 3.21835 -3.59766 3.21843
1.28 3.36 9.84836 -3.69201 9.84844
1.28 3.52 13.6835 -3.21025 13.6836
1.28 3.68 15.2283 -3.19446 15.2283
1.28 3.84 15.7388 -3.37426 15.7389
1.28 4 15.896 -3.49075 15.896
1.28 4.16 15.9624 -3.43212 15.9624
1.28 4.32 15.9515 -3.19645 15.9515
1.28 4.48 15.6551 -2.87611 15.6551
1.28 4.64 14.4667 -2.72231 14.4667
1.28 4.8 11.1491 -3.08995 11.1491
1.28 4.96 4.64196 -3.46535 4.64201
1.28 5.12 -1.9771 -0.477594 -1.97705
1.28 5.28 -3.85498 6.50711 -3.85493
1.28 5.44 -3.29968 12.1316 -3.29962
1.28 5.6 -3.00555 14.763 -3.0055
1.28 5.76 -3.08594 15.7066 -3.08589
1.28 5.92 -3.20918 15.9884 -3.20913
1.28 6.08 -3.21445 16.0185 -3.2144
1.28 6.24 -3.07862 15.8386 -3.07858
1.28 6.4 -2.92094 15.1359 -2.9209
1.28 6.56 -3.09176 12.9591 -3.09172
1.28 6.72 -3.76372 7.75876 -3.76368
1.28 6.88 -2.75708 0.224811 -2.75704
1.28 7.04 3.28766 -3.8442 3.2877
1.28 7.2 10.3015 -3.60053 10.3015
1.28 7.36 14.2008 -2.93743 14.2008
1.28 7.52 19.5605 1.02829 19.5606
1.28 7.68 20.4071 1.31696 20.4071
1.28 7.84 -9.97469 -29.2944 -9.97465
1.44 0 13.2938 -6.09503 13.2939
1.44 0.16 12.4094 -6.8741 12.4095
1.44 0.32 15.4676 -3.4037 15.4677
1.44 0.48 15.066 -2.85716 15.0661
1.44 0.64 12.949 -2.86409 12.9491
1.44 0.8 7.84372 -3.34672 7.84382
1.44 0.96 0.520406 -2.22994 0.520511
1.44 1.12 -3.52692 3.4791 -3.52682
1.44 1.28 -3.51156 10.1068 -3.51146
1.44 1.44 -3.00847 13.9051 -3.00837
1.44 1.6 -3.00911 15.4198 -3.00901
1.44 1.76 -3.24181 15.8881 -3.24171
1.44 1.92 -3.43169 16.0007 -3.43159
1.44 2.08 -3.44491 16.0494 -3.44481
1.44 2.24 -3.2583 16.0904 -3.2582
1.44 2.4 -2.92087 16.0081 -2.92077
1.44 2.56 -2.61647 15.3994 -2.61638
1.44 2.72 -2.65582 13.3745 -2.65573
1.44 2.88 -3.21974 8.47422 -3.21966
1.44 3.04 -2.50577 1.07574 -2.50569
1.44 3.2 2.79683 -3.4958 2.79691
1.44 3.36 9.52837 -3.73236 9.52845
1.44 3.52 13.5367 -3.23359 13.5368
1.44 3.68 15.1734 -3.19687 15.1735
1.44 3.84 15.7203 -3.37258 15.7203
1.44 4 15.891 -3.49342 15.8911
1.44 4.16 15.9667 -3.44077 15.9668
1.44 4.32 15.973 -3.20898 15.9731
1.44 4.48 15.7221 -2.88312 15.7222
1.44 4.64 14.6498 -2.70219 14.6498
1.44 4.8 11.5741 -3.02722 11.5741
1.44 4.96 5.30313 -3.50759 5.30319
1.44 5.12 -1.57381 -0.955918 -1.57376
1.44 5.28 -3.86093 5.9063 -3.86088
1.44 5.44 -3.35847 11.7951 -3.35842
1.44 5.6 -3.02174 14.628 -3.02169
1.44 5.76 -3.07926 15.6591 -3.07921
1.44 5.92 -3.19629 15.9715 -3.19624
1.44 6.08 -3.20162 16.0072 -3.20157
1.44 6.24 -3.06948 15.8145 -3.06943
1.44 6.4 -2.92391 15.0667 -2.92387
1.44 6.56 -3.12154 12.7751 -3.1215
1.44 6.72 -3.78947 7.38602 -3.78943
1.44 6.88 -2.55943 -0.140226 -2.55939
1.44 7.04 3.7067 -3.9054 3.70674
1.44 7.2 10.5968 -3.55301 10.5968
1.44 7.36 14.3313 -2.91522 14.3313
1.44 7.52 19.6105 1.02856 19.6105
1.44 7.68 20.4286 1.31025 20.4286
1.44 7.84 -9.96278 -29.3027 -9.96275
1.6 0 13.2796 -6.09925 13.2797
1.6 0.16 12.4066 -6.86488 12.4067
1.6 0.32 15.4532 -3.39694 15.4533
1.6 0.48 15.0195 -2.85808 15.0196
1.6 0.64 12.8248 -2.8821 12.8249
1.6 0.8 7.59747 -3.36066 7.59758
1.6 0.96 0.282895 -2.10317 0.282999
1.6 1.12 -3.57103 3.74627 -3.57093
1.6 1.28 -3.48148 10.3035 -3.48138
1.6 1.44 -2.99323 13.9955 -2.99313
1.6 1.6 -3.00963 15.4534 -3.00953
1.6 1.76 -3.24982 15.8973 -3.24973
1.6 1.92 -3.44332 15.9998 -3.44322
1.6 2.08 -3.45782 16.0465 -3.45772
1.6 2.24 -3.27131 16.0917 -3.27121
1.6 2.4 -2.93158 16.0232 -2.93149
1.6 2.56 -2.61741 15.4518 -2.61732
1.6 2.72 -2.63436 13.5138 -2.63427
1.6 2.88 -3.1906 8.75451 -3.19051
1.6 3.04 -2.61269 1.37219 -2.6126
1.6 3.2 2.51281 -3.41687 2.5129
1.6 3.36 9.30356 -3.75906 9.30364
1.6 3.52 13.4321 -3.24977 13.4322
1.6 3.68 15.1347 -3.19785 15.1348
1.6 3.84 15.7076 -3.37067 15.7077
1.6 4 15.8877 -3.49521 15.8878
1.6 4.16 15.9695 -3.44757 15.9695
1.6 4.32 15.9877 -3.21912 15.9878
1.6 4.48 15.7687 -2.89 15.7688
1.6 4.64 14.7783 -2.68997 14.7783
1.6 4.8 11.8769 -2.98156 11.877
1.6 4.96 5.79415 -3.52329 5.7942
1.6 5.12 -1.2456 -1.29001 -1.24554
1.6 5.28 -3.85435 5.44879 -3.85429
1.6 5.44 -3.40448 11.5298 -3.40443
1.6 5.6 -3.03557 14.5206 -3.03552
1.6 5.76 -3.07486 15.6212 -3.07481
1.6 5.92 -3.18694 15.9581 -3.18689
1.6 6.08 -3.19252 15.9983 -3.19248
1.6 6.24 -3.06342 15.7963 -3.06337
1.6 6.4 -2.92698 15.0157 -2.92694
1.6 6.56 -3.14443 12.6405 -3.14439
1.6 6.72 -3.80721 7.11863 -3.80717
1.6 6.88 -2.41298 -0.38981 -2.41294
1.6 7.04 4.00091 -3.94057 4.00095
1.6 7.2 10.7997 -3.51893 10.7998
1.6 7.36 14.4209 -2.89989 14.4209
1.6 7.52 19.6452 1.02878 19.6452
1.6 7.68 20.4434 1.30531 20.4434
1.6 7.84 -9.95344 -29.3074 -9.95341
1.76 0 13.2749 -6.0991 13.275
1.76 0.16 12.4045 -6.86112 12.4046
1.76 0.32 15.4458 -3.39414 15.4459
1.76 0.48 14.9967 -2.8595 14.9968
1.76 0.64 12.7653 -2.89258 12.7654
1.76 0.8 7.48228 -3.36969 7.48239
1.76 0.96 0.174998 -2.04564 0.175102
1.76 1.12 -3.58983 3.86914 -3.58973
1.76 1.28 -3.46815 10.3936 -3.46805
1.76 1.44 -2.98824 14.0358 -2.98814
1.76 1.6 -3.013 15.4664 -3.0129
1.76 1.76 -3.25723 15.8984 -3.25713
1.76 1.92 -3.45276 15.996 -3.45266
1.76 2.08 -3.46834 16.0414 -3.46825
1.76 2.24 -3.28217 16.0884 -3.28208
1.76 2.4 -2.9412 16.027 -2.94111
1.76 2.56 -2.62178 15.4745 -2.62168
1.76 2.72 -2.6262 13.5809 -2.62611
1.76 2.88 -3.17547 8.8941 -3.17538
1.76 3.04 -2.66279 1.52401 -2.6627
1.76 3.2 2.36795 -3.37487 2.36803
1.76 3.36 9.18368 -3.77401 9.18376
1.76 3.52 13.3745 -3.25945 13.3746
1.76 3.68 15.1124 -3.19924 15.1125
1.76 3.84 15.6993 -3.37085 15.6993
1.76 4 15.8839 -3.49827 15.884
1.76 4.16 15.9686 -3.45436 15.9687
1.76 4.32 15.9937 -3.22841 15.9937
1.76 4.48 15.7936 -2.89769 15.7937
1.76 4.64 14.8521 -2.68616 14.8522
1.76 4.8 12.0563 -2.95603 12.0563
1.76 4.96 6.09405 -3.52807 6.09411
1.76 5.12 -1.03346 -1.48647 -1.0334
1.76 5.28 -3.84659 5.16241 -3.84653
1.76 5.44 -3.43505 11.3587 -3.435
1.76 5.6 -3.04601 14.4503 -3.04596
1.76 5.76 -3.07354 15.5957 -3.07349
1.76 5.92 -3.18255 15.9484 -3.1825
1.76 6.08 -3.18866 15.9918 -3.18862
1.76 6.24 -3.0618 15.7848 -3.06176
1.76 6.4 -2.9307 14.9865 -2.93066
1.76 6.56 -3.15915 12.5669 -3.15911
1.76 6.72 -3.81904 6.97578 -3.819
1.76 6.88 -2.33696 -0.51929 -2.33692
1.76 7.04 4.15308 -3.95793 4.15312
1.76 7.2 10.9037 -3.5023 10.9038
1.76 7.36 14.4658 -2.89389 14.4658
1.76 7.52 19.6616 1.02698 19.6616
1.76 7.68 20.4495 1.30108 20.4496
1.76 7.84 -9.95049 -29.312 -9.95046
1.92 0 13.2767 -6.0977 13.2768
1.92 0.16 12.4076 -6.85862 12.4077
1.92 0.32 15.4502 -3.39118 15.4503
1.92 0.48 15.0027 -2.85701 15.0028
1.92 0.64 12.7754 -2.89165 12.7755
1.92 0.8 7.50017 -3.37238 7.50028
1.92 0.96 0.191587 -2.05872 0.191691
1.92 1.12 -3.58638 3.85233 -3.58627
1.92 1.28 -3.46905 10.3847 -3.46895
1.92 1.44 -2.98963 14.032 -2.98953
1.92 1.6 -3.01515 15.4638 -3.01505
1.92 1.76 -3.26005 15.8957 -3.25995
1.92 1.92 -3.4562 15.9931 -3.4561
1.92 2.08 -3.47264 16.038 -3.47254
1.92 2.24 -3.28706 16.0848 -3.28697
1.92 2.4 -2.94594 16.0242 -2.94585
1.92 2.56 -2.62558 15.4737 -2.62549
1.92 2.72 -2.6272 13.5846 -2.62711
1.92 2.88 -3.17283 8.90414 -3.17275
1.92 3.04 -2.66303 1.53423 -2.66294
1.92 3.2 2.35778 -3.37249 2.35786
1.92 3.36 9.1722 -3.77521 9.17228
1.92 3.52 13.3692 -3.25847 13.3692
1.92 3.68 15.1118 -3.19643 15.1119
1.92 3.84 15.7006 -3.36823 15.7007
1.92 4 15.8853 -3.49739 15.8854
1.92 4.16 15.97 -3.45571 15.97
1.92 4.32 15.9967 -3.23151 15.9968
1.92 4.48 15.8028 -2.90088 15.8029
1.92 4.64 14.8783 -2.68571 14.8784
1.92 4.8 12.1195 -2.94763 12.1196
1.92 4.96 6.19974 -3.5288 6.1998
1.92 5.12 -0.958227 -1.55346 -0.95817
1.92 5.28 -3.84405 5.06142 -3.844
1.92 5.44 -3.44587 11.2979 -3.44582
1.92 5.6 -3.04871 14.4262 -3.04866
1.92 5.76 -3.07171 15.5883 -3.07166
1.92 5.92 -3.17978 15.947 -3.17973
1.92 6.08 -3.18667 15.9918 -3.18662
1.92 6.24 -3.06121 15.7842 -3.06117
1.92 6.4 -2.93157 14.9844 -2.93153
1.92 6.56 -3.16203 12.5618 -3.16199
1.92 6.72 -3.8237 6.96616 -3.82366
1.92 6.88 -2.33667 -0.528332 -2.33663
1.92 7.04 4.1626 -3.95932 4.16264
1.92 7.2 10.9135 -3.50023 10.9136
1.92 7.36 14.4718 -2.89235 14.4718
1.92 7.52 19.6655 1.02842 19.6655
1.92 7.68 20.4523 1.3022 20.4523
1.92 7.84 -9.94892 -29.3116 -9.94888
2.08 0 13.2826 -6.09714 13.2827
2.08 0.16 12.4155 -6.85741 12.4156
2.08 0.32 15.464 -3.38943 15.4641
2.08 0.48 15.0346 -2.85143 15.0347
2.08 0.64 12.85 -2.87875 12.8501
2.08 0.8 7.64179 -3.36559 7.64189
2.08 0.96 0.325326 -2.13122 0.32543
2.08 1.12 -3.55943 3.71149 -3.55933
2.08 1.28 -3.48125 10.2871 -3.48114
2.08 1.44 -2.99601 13.9887 -2.99591
2.08 1.6 -3.01586 15.4472 -3.01576
2.08 1.76 -3.25883 15.8897 -3.25874
2.08 1.92 -3.45466 15.9909 -3.45456
2.08 2.08 -3.4718 16.0361 -3.4717
2.08 2.24 -3.28684 16.081 -3.28675
2.08 2.4 -2.94626 16.0158 -2.94617
2.08 2.56 -2.62833 15.4525 -2.62823
2.08 2.72 -2.63521 13.5329 -2.63512
2.08 2.88 -3.17974 8.79941 -3.17966
2.08 3.04 -2.61613 1.41898 -2.61605
2.08 3.2 2.47258 -3.40338 2.47266
2.08 3.36 9.26223 -3.7617 9.26231
2.08 3.52 13.413 -3.24686 13.4131
2.08 3.68 15.1313 -3.19016 15.1314
2.08 3.84 15.71 -3.36432 15.71
2.08 4 15.8902 -3.49449 15.8903
2.08 4.16 15.9721 -3.4535 15.9722
2.08 4.32 15.9961 -3.22979 15.9962
2.08 4.48 15.7973 -2.89996 15.7974
2.08 4.64 14.8609 -2.6873 14.861
2.08 4.8 12.0754 -2.95345 12.0755
2.08 4.96 6.12107 -3.52536 6.12113
2.08 5.12 -1.01848 -1.49664 -1.01842
2.08 5.28 -3.84709 5.14472 -3.84704
2.08 5.44 -3.4358 11.349 -3.43575
2.08 5.6 -3.04317 14.4493 -3.04312
2.08 5.76 -3.0696 15.5988 -3.06955
2.08 5.92 -3.17926 15.9532 -3.17922
2.08 6.08 -3.18713 15.9977 -3.18709
2.08 6.24 -3.06191 15.7941 -3.06187
2.08 6.4 -2.92961 15.0084 -2.92957
2.08 6.56 -3.15291 12.6223 -3.15287
2.08 6.72 -3.81977 7.08407 -3.81973
2.08 6.88 -2.40534 -0.421527 -2.4053
2.08 7.04 4.04001 -3.94354 4.04005
2.08 7.2 10.8362 -3.51048 10.8362
2.08 7.36 14.4415 -2.89469 14.4416
2.08 7.52 19.6565 1.0316 19.6566
2.08 7.68 20.4507 1.30719 20.4507
2.08 7.84 -9.94756 -29.3057 -9.94752
2.24 0 13.2882 -6.10106 13.2883
2.24 0.16 12.4249 -6.85974 12.425
2.24 0.32 15.4844 -3.38981 15.4845
2.24 0.48 15.0852 -2.84508 15.0853
2.24 0.64 12.9731 -2.85857 12.9732
2.24 0.8 7.8804 -3.35212 7.8805
2.24 0.96 0.556701 -2.25048 0.556805
2.24 1.12 -3.51131 3.46624 -3.51121
2.24 1.28 -3.50392 10.1118 -3.50381
2.24 1.44 -3.00752 13.9104 -3.00742
2.24 1.6 -3.0156 15.4183 -3.0155
2.24 1.76 -3.25409 15.8808 -3.25399
2.24 1.92 -3.44869 15.9894 -3.44859
2.24 2.08 -3.46628 16.0354 -3.46618
2.24 2.24 -3.28193 16.0773 -3.28183
2.24 2.4 -2.94267 16.0025 -2.94258
2.24 2.56 -2.63026 15.4136 -2.63017
2.24 2.72 -2.64969 13.4329 -2.6496
2.24 2.88 -3.19515 8.59606 -3.19507
2.24 3.04 -2.52857 1.19951 -2.52849
2.24 3.2 2.69009 -3.46088 2.69017
2.24 3.36 9.43333 -3.7376 9.43341
2.24 3.52 13.4957 -3.2281 13.4957
2.24 3.68 15.1665 -3.18189 15.1665
2.24 3.84 15.7258 -3.35944 15.7259
2.24 4 15.8982 -3.48953 15.8982
2.24 4.16 15.975 -3.44775 15.9751
2.24 4.32 15.9919 -3.22366 15.992
2.24 4.48 15.7772 -2.89601 15.7772
2.24 4.64 14.8007 -2.6926 14.8007
2.24 4.8 11.9276 -2.97514 11.9277
2.24 4.96 5.86843 -3.51937 5.86848
2.24 5.12 -1.20213 -1.32493 -1.20208
2.24 5.28 -3.85451 5.39509 -3.85445
2.24 5.44 -3.40738 11.5003 -3.40733
2.24 5.6 -3.03075 14.5141 -3.0307
2.24 5.76 -3.06771 15.625 -3.06766
2.24 5.92 -3.18128 15.9657 -3.18123
2.24 6.08 -3.19034 16.0081 -3.19029
2.24 6.24 -3.06428 15.8123 -3.06423
2.24 6.4 -2.92578 15.0542 -2.92574
2.24 6.56 -3.13415 12.7383 -3.13411
2.24 6.72 -3.80811 7.3112 -3.80807
2.24 6.88 -2.53251 -0.211391 -2.53247
2.24 7.04 3.79768 -3.9122 3.79772
2.24 7.2 10.6765 -3.53406 10.6766
2.24 7.36 14.3762 -2.90212 14.3763
2.24 7.52 19.6357 1.03653 19.6357
2.24 7.68 20.4452 1.31593 20.4453
2.24 7.84 -9.94889 -29.2971 -9.94885
2.4 0 13.2932 -6.10857 13.2933
2.4 0.16 12.433 -6.86707 12.4331
2.4 0.32 15.5059 -3.39506 15.506
2.4 0.48 15.1453 -2.84174 15.1454
2.4 0.64 13.1268 -2.83574 13.127
2.4 0.8 8.18629 -3.33305 8.1864
2.4 0.96 0.864737 -2.3984 0.864842
2.4 1.12 -3.44314 3.1418 -3.44304
2.4 1.28 -3.53659 9.87169 -3.53649
2.4 1.44 -3.02623 13.8004 -3.02613
2.4 1.6 -3.0177 15.3761 -3.0176
2.4 1.76 -3.24961 15.8663 -3.24951
2.4 1.92 -3.44228 15.9851 -3.44218
2.4 2.08 -3.46007 16.0327 -3.45997
2.4 2.24 -3.27625 16.0704 -3.27615
2.4 2.4 -2.93901 15.9823 -2.93892
2.4 2.56 -2.63465 15.3573 -2.63456
2.4 2.72 -2.67239 13.2905 -2.67231
2.4 2.88 -3.21839 8.3117 -3.2183
2.4 3.04 -2.40583 0.902881 -2.40574
2.4 3.2 2.98592 -3.5345 2.986
2.4 3.36 9.6615 -3.70683 9.66158
2.4 3.52 13.6033 -3.20706 13.6034
2.4 3.68 15.2096 -3.17564 15.2096
2.4 3.84 15.7427 -3.35752 15.7427
2.4 4 15.9043 -3.48675 15.9044
2.4 4.16 15.9742 -3.44287 15.9743
2.4 4.32 15.9804 -3.21744 15.9805
2.4 4.48 15.7398 -2.89297 15.7398
2.4 4.64 14.6976 -2.70452 14.6976
2.4 4.8 11.6823 -3.01298 11.6824
2.4 4.96 5.46242 -3.50662 5.46247
2.4 5.12 -1.48122 -1.04516 -1.48116
2.4 5.28 -3.86127 5.78427 -3.86122
2.4 5.44 -3.36612 11.7293 -3.36607
2.4 5.6 -3.01602 14.6093 -3.01597
2.4 5.76 -3.06942 15.6606 -3.06938
2.4 5.92 -3.18892 15.9797 -3.18887
2.4 6.08 -3.1995 16.0183 -3.19945
2.4 6.24 -3.0717 15.8333 -3.07166
2.4 6.4 -2.92414 15.1128 -2.9241
2.4 6.56 -3.11107 12.8926 -3.11103
2.4 6.72 -3.79034 7.62076 -3.7903
2.4 6.88 -2.70098 0.0861936 -2.70095
2.4 7.04 3.45617 -3.86437 3.45621
2.4 7.2 10.4429 -3.57085 10.4429
2.4 7.36 14.2768 -2.91722 14.2769
2.4 7.52 19.6006 1.0392 19.6006
2.4 7.68 20.4325 1.32416 20.4325
2.4 7.84 -9.95453 -29.2881 -9.95449
2.56 0 13.3027 -6.11313 13.3028
2.56 0.16 12.4393 -6.87795 12.4394
2.56 0.32 15.5282 -3.40294 15.5283
2.56 0.48 15.2105 -2.83985 15.2106
2.56 0.64 13.2969 -2.81092 13.297
2.56 0.8 8.53114 -3.30757 8.53125
2.56 0.96 1.22733 -2.55525 1.22744
2.56 1.12 -3.35478 2.76798 -3.35468
2.56 1.28 -3.57588 9.5839 -3.57578
2.56 1.44 -3.05131 13.6652 -3.05121
2.56 1.6 -3.02277 15.3225 -3.02267
2.56 1.76 -3.24657 15.846 -3.24647
2.56 1.92 -3.43682 15.977 -3.43672
2.56 2.08 -3.45456 16.0267 -3.45446
2.56 2.24 -3.27118 16.0596 -3.27108
2.56 2.4 -2.93654 15.9552 -2.93645
2.56 2.56 -2.64217 15.2861 -2.64208
2.56 2.72 -2.70237 13.1146 -2.70229
2.56 2.88 -3.24607 7.96831 -3.24598
2.56 3.04 -2.25228 0.560068 -2.2522
2.56 3.2 3.33586 -3.61171 3.33595
2.56 3.36 9.92494 -3.67031 9.92502
2.56 3.52 13.7264 -3.18413 13.7265
2.56 3.68 15.2581 -3.1699 15.2582
2.56 3.84 15.7609 -3.35636 15.7609
2.56 4 15.9101 -3.48399 15.9102
2.56 4.16 15.9715 -3.43698 15.9716
2.56 4.32 15.9638 -3.20955 15.9639
2.56 4.48 15.6881 -2.8896 15.6882
2.56 4.64 14.5566 -2.72161 14.5567
2.56 4.8 11.3513 -3.06325 11.3513
2.56 4.96 4.93358 -3.47815 4.93364
2.56 5.12 -1.81755 -0.66502 -1.81749
2.56 5.28 -3.8597 6.27767 -3.85964
2.56 5.44 -3.31614 12.0105 -3.31608
2.56 5.6 -3.00136 14.7233 -3.00131
2.56 5.76 -3.07544 15.7004 -3.07539
2.56 5.92 -3.20241 15.9925 -3.20236
2.56 6.08 -3.21483 16.0259 -3.21479
2.56 6.24 -3.0846 15.8537 -3.08456
2.56 6.4 -2.9259 15.1773 -2.92586
2.56 6.56 -3.08654 13.0691 -3.0865
2.56 6.72 -3.76616 7.98447 -3.76612
2.56 6.88 -2.88912 0.453627 -2.88908
2.56 7.04 3.04384 -3.79617 3.04388
2.56 7.2 10.1505 -3.61601 10.1505
2.56 7.36 14.1505 -2.93706 14.1505
2.56 7.52 19.5555 1.04202 19.5555
2.56 7.68 20.4158 1.33411 20.4158
2.56 7.84 -9.96265 -29.2773 -9.96261
2.72 0 13.3271 -6.10291 13.3272
2.72 0.16 12.443 -6.89174 12.4431
2.72 0.32 15.5471 -3.4146 15.5472
2.72 0.48 15.2728 -2.84191 15.2729
2.72 0.64 13.4661 -2.7889 13.4662
2.72 0.8 8.88389 -3.27981 8.88399
2.72 0.96 1.6167 -2.70735 1.61681
2.72 1.12 -3.24944 2.37416 -3.24934
2.72 1.28 -3.61731 9.26892 -3.61721
2.72 1.44 -3.07892 13.5156 -3.07882
2.72 1.6 -3.02721 15.264 -3.02711
2.72 1.76 -3.24101 15.8252 -3.24091
2.72 1.92 -3.42796 15.9703 -3.42786
2.72 2.08 -3.44533 16.0225 -3.44523
2.72 2.24 -3.2627 16.0498 -3.26261
2.72 2.4 -2.9319 15.9264 -2.93181
2.72 2.56 -2.6499 15.207 -2.64981
2.72 2.72 -2.73636 12.9175 -2.73627
2.72 2.88 -3.27467 7.59019 -3.27458
2.72 3.04 -2.07656 0.199522 -2.07648
2.72 3.2 3.71099 -3.68583 3.71107
2.72 3.36 10.1983 -3.63344 10.1984
2.72 3.52 13.8512 -3.16391 13.8513
2.72 3.68 15.3052 -3.16739 15.3053
2.72 3.84 15.7765 -3.35793 15.7765
2.72 4 15.9127 -3.48316 15.9128
2.72 4.16 15.9647 -3.43226 15.9648
2.72 4.32 15.9401 -3.2027 15.9401
2.72 4.48 15.6208 -2.88908 15.6209
2.72 4.64 14.3793 -2.74666 14.3794
2.72 4.8 10.9452 -3.12552 10.9453
2.72 4.96 4.31527 -3.42784 4.31533
2.72 5.12 -2.17366 -0.199735 -2.17361
2.72 5.28 -3.84435 6.83672 -3.84429
2.72 5.44 -3.26006 12.3198 -3.26001
2.72 5.6 -2.98572 14.8479 -2.98567
2.72 5.76 -3.08189 15.7445 -3.08184
2.72 5.92 -3.21669 16.0069 -3.21664
2.72 6.08 -3.23113 16.0343 -3.23108
2.72 6.24 -3.09836 15.8752 -3.09831
2.72 6.4 -2.92813 15.2451 -2.92809
2.72 6.56 -3.06065 13.2554 -3.06061
2.72 6.72 -3.73543 8.37535 -3.73539
2.72 6.88 -3.07854 0.869071 -3.0785
2.72 7.04 2.58781 -3.70802 2.58784
2.72 7.2 9.8122 -3.66848 9.81224
2.72 7.36 14.0003 -2.96339 14.0003
2.72 7.52 19.4993 1.04166 19.4993
2.72 7.68 20.3925 1.34216 20.3925
2.72 7.84 -9.97332 -29.2658 -9.97328
2.88 0 13.3768 -6.06739 13.3769
2.88 0.16 12.4472 -6.90457 12.4473
2.88 0.32 15.5682 -3.42285 15.5683
2.88 0.48 15.3351 -2.84091 15.3352
2.88 0.64 13.6302 -2.76428 13.6303
2.88 0.8 9.22783 -3.2452 9.22794
2.88 0.96 2.01358 -2.83796 2.01369
2.88 1.12 -3.12702 1.99245 -3.12692
2.88 1.28 -3.65353 8.95091 -3.65342
2.88 1.44 -3.1042 13.3642 -3.1041
2.88 1.6 -3.02856 15.2069 -3.02846
2.88 1.76 -3.2318 15.8074 -3.2317
2.88 1.92 -3.41521 15.9671 -3.41511
2.88 2.08 -3.43196 16.0221 -3.43186
2.88 2.24 -3.25004 16.0435 -3.24994
2.88 2.4 -2.92336 15.9001 -2.92326
2.88 2.56 -2.6545 15.1278 -2.65441
2.88 2.72 -2.76844 12.7149 -2.76836
2.88 2.88 -3.29661 7.20615 -3.29652
2.88 3.04 -1.88243 -0.147762 -1.88235
2.88 3.2 4.09296 -3.74497 4.09304
2.88 3.36 10.4697 -3.5921 10.4697
2.88 3.52 13.9759 -3.14104 13.976
2.88 3.68 15.3546 -3.1614 15.3547
2.88 3.84 15.7956 -3.35513 15.7957
2.88 4 15.9192 -3.47725 15.9193
2.88 4.16 15.9612 -3.422 15.9612
2.88 4.32 15.9173 -3.19044 15.9173
2.88 4.48 15.5476 -2.8849 15.5477
2.88 4.64 14.1796 -2.77205 14.1797
2.88 4.8 10.49 -3.18842 10.4901
2.88 4.96 3.6557 -3.34266 3.65576
2.88 5.12 -2.50961 0.333639 -2.50955
2.88 5.28 -3.8097 7.42533 -3.80965
2.88 5.44 -3.19911 12.6364 -3.19906
2.88 5.6 -2.9683 14.9761 -2.96825
2.88 5.76 -3.08686 15.7913 -3.08681
2.88 5.92 -3.22957 16.0236 -3.22953
2.88 6.08 -3.24601 16.0447 -3.24596
2.88 6.24 -3.11041 15.8987 -3.11036
2.88 6.4 -2.92847 15.3145 -2.92843
2.88 6.56 -3.03208 13.4424 -3.03203
2.88 6.72 -3.69566 8.77199 -3.69562
2.88 6.88 -3.24877 1.31385 -3.24874
2.88 7.04 2.1242 -3.59473 2.12424
2.88 7.2 9.45301 -3.71784 9.45304
2.88 7.36 13.8404 -2.98834 13.8404
2.88 7.52 19.4425 1.0457 19.4425
2.88 7.68 20.3727 1.35647 20.3727
2.88 7.84 -9.98399 -29.2526 -9.98396
3.04 0 13.4261 -6.03208 13.4262
3.04 0.16 12.4522 -6.91563 12.4523
3.04 0.32 15.5874 -3.43108 15.5875
3.04 0.48 15.3915 -2.84052 15.3916
3.04 0.64 13.7784 -2.7419 13.7785
3.04 0.8 9.54173 -3.20995 9.54184
3.04 0.96 2.3909 -2.94504 2.39101
3.04 1.12 -2.99846 1.64209 -2.99836
3.04 1.28 -3.68522 8.64633 -3.68512
3.04 1.44 -3.12852 13.2174 -3.12842
3.04 1.6 -3.02962 15.1519 -3.02952
3.04 1.76 -3.2223 15.791 -3.2222
3.04 1.92 -3.40209 15.965 -3.40199
3.04 2.08 -3.41805 16.0228 -3.41795
3.04 2.24 -3.23675 16.0386 -3.23666
3.04 2.4 -2.91427 15.8752 -2.91417
3.04 2.56 -2.65863 15.0503 -2.65854
3.04 2.72 -2.79964 12.5159 -2.79955
3.04 2.88 -3.3131 6.83615 -3.31302
3.04 3.04 -1.68426 -0.464951 -1.68417
3.04 3.2 4.45708 -3.79005 4.45716
3.04 3.36 10.7217 -3.55195 10.7217
3.04 3.52 14.0914 -3.11998 14.0914
3.04 3.68 15.401 -3.15581 15.4011
3.04 3.84 15.8142 -3.35207 15.8143
3.04 4 15.926 -3.47084 15.926
3.04 4.16 15.9579 -3.411 15.9579
3.04 4.32 15.8934 -3.17758 15.8935
3.04 4.48 15.4691 -2.88117 15.4692
3.04 4.64 13.9646 -2.79996 13.9647
3.04 4.8 10.0074 -3.25016 10.0075
3.04 4.96 2.9955 -3.22418 2.99555
3.04 5.12 -2.80374 0.901242 -2.80368
3.04 5.28 -3.76181 8.00265 -3.76175
3.04 5.44 -3.14047 12.9377 -3.14042
3.04 5.6 -2.95323 15.097 -2.95318
3.04 5.76 -3.09286 15.8352 -3.09282
3.04 5.92 -3.24297 16.039 -3.24292
3.04 6.08 -3.26119 16.054 -3.26115
3.04 6.24 -3.12283 15.9203 -3.12278
3.04 6.4 -2.9299 15.3788 -2.92986
3.04 6.56 -3.00565 13.6172 -3.0056
3.04 6.72 -3.65291 9.14963 -3.65287
3.04 6.88 -3.39396 1.75971 -3.39392
3.04 7.04 1.67692 -3.46433 1.67695
3.04 7.2 9.08946 -3.76431 9.0895
3.04 7.36 13.6764 -3.01415 13.6764
3.04 7.52 19.384 1.04888 19.384
3.04 7.68 20.3518 1.36965 20.3518
3.04 7.84 -9.99305 -29.2378 -9.99301
3.2 0 13.4373 -6.03369 13.4374
3.2 0.16 12.4558 -6.92656 12.4559
3.2 0.32 15.6026 -3.43999 15.6027
3.2 0.48 15.4385 -2.84186 15.4386
3.2 0.64 13.9042 -2.72359 13.9043
3.2 0.8 9.81211 -3.17704 9.81221
3.2 0.96 2.72851 -3.02692 2.72861
3.2 1.12 -2.87218 1.34096 -2.87208
3.2 1.28 -3.7096 8.37426 -3.7095
3.2 1.44 -3.14917 13.0855 -3.14907
3.2 1.6 -3.02936 15.1038 -3.02926
3.2 1.76 -3.2124 15.7782 -3.2123
3.2 1.92 -3.38888 15.9652 -3.38878
3.2 2.08 -3.40399 16.0256 -3.40389
3.2 2.24 -3.22309 16.0362 -3.22299
3.2 2.4 -2.90431 15.8546 -2.90421
3.2 2.56 -2.66082 14.9808 -2.66073
3.2 2.72 -2.82651 12.3335 -2.82643
3.2 2.88 -3.32189 6.50194 -3.3218
3.2 3.04 -1.49272 -0.737073 -1.49264
3.2 3.2 4.78624 -3.8207 4.78632
3.2 3.36 10.9436 -3.51515 10.9437
3.2 3.52 14.1921 -3.10231 14.1921
3.2 3.68 15.4409 -3.15224 15.4409
3.2 3.84 15.8294 -3.35081 15.8295
3.2 4 15.9303 -3.46648 15.9304
3.2 4.16 15.9526 -3.40216 15.9527
3.2 4.32 15.8677 -3.16695 15.8678
3.2 4.48 15.3882 -2.87966 15.3882
3.2 4.64 13.7455 -2.82949 13.7455
3.2 4.8 9.52596 -3.3059 9.52602
3.2 4.96 2.37679 -3.07675 2.37685
3.2 5.12 -3.04111 1.46823 -3.04106
3.2 5.28 -3.70454 8.53811 -3.70448
3.2 5.44 -3.08577 13.2106 -3.08572
3.2 5.6 -2.93959 15.2069 -2.93954
3.2 5.76 -3.09811 15.8763 -3.09806
3.2 5.92 -3.25485 16.0542 -3.25481
3.2 6.08 -3.27459 16.0638 -3.27455
3.2 6.24 -3.13368 15.941 -3.13364
3.2 6.4 -2.93092 15.4376 -2.93088
3.2 6.56 -2.98113 13.7745 -2.98109
3.2 6.72 -3.60894 9.49299 -3.6089
3.2 6.88 -3.50907 2.18372 -3.50904
3.2 7.04 1.26927 -3.32419 1.2693
3.2 7.2 8.74074 -3.80568 8.74078
3.2 7.36 13.5156 -3.04072 13.5156
3.2 7.52 19.3255 1.04981 19.3255
3.2 7.68 20.3297 1.38013 20.3297
3.2 7.84 -10.004 -29.2263 -10.004
3.36 0 13.4281 -6.05306 13.4282
3.36 0.16 12.4548 -6.93943 12.4549
3.36 0.32 15.6107 -3.45153 15.6108
3.36 0.48 15.4725 -2.8471 15.4726
3.36 0.64 14.0015 -2.71248 14.0016
3.36 0.8 10.0276 -3.15182 10.0277
3.36 0.96 3.00676 -3.08902 3.00686
3.36 1.12 -2.76225 1.09515 -2.76214
3.36 1.28 -3.73077 8.14369 -3.73066
3.36 1.44 -3.16962 12.9707 -3.16952
3.36 1.6 -3.03244 15.0599 -3.03234
3.36 1.76 -3.20743 15.764 -3.20733
3.36 1.92 -3.38119 15.9619 -3.38109
3.36 2.08 -3.3955 16.0244 -3.39541
3.36 2.24 -3.21479 16.0307 -3.2147
3.36 2.4 -2.89901 15.8333 -2.89892
3.36 2.56 -2.66588 14.917 -2.66579
3.36 2.72 -2.85251 12.1719 -2.85242
3.36 2.88 -3.3282 6.21366 -3.32811
3.36 3.04 -1.32327 -0.961127 -1.32319
3.36 3.2 5.06401 -3.84247 5.06409
3.36 3.36 11.126 -3.48631 11.126
3.36 3.52 14.2722 -3.09127 14.2723
3.36 3.68 15.47 -3.15356 15.47
3.36 3.84 15.8375 -3.35432 15.8376
3.36 4 15.9289 -3.46739 15.9289
3.36 4.16 15.9425 -3.39903 15.9426
3.36 4.32 15.8384 -3.16219 15.8385
3.36 4.48 15.3069 -2.88327 15.3069
3.36 4.64 13.5337 -2.86134 13.5338
3.36 4.8 9.07426 -3.35481 9.07432
3.36 4.96 1.83173 -2.91688 1.83179
3.36 5.12 -3.22259 1.9914 -3.22254
3.36 5.28 -3.64898 9.00071 -3.64892
3.36 5.44 -3.04168 13.4396 -3.04163
3.36 5.6 -2.9317 15.2969 -2.93165
3.36 5.76 -3.10631 15.9079 -3.10626
3.36 5.92 -3.26877 16.0637 -3.26872
3.36 6.08 -3.28978 16.0686 -3.28973
3.36 6.24 -3.14669 15.9552 -3.14665
3.36 6.4 -2.93564 15.4838 -2.9356
3.36 6.56 -2.96379 13.9044 -2.96375
3.36 6.72 -3.57147 9.78398 -3.57143
3.36 6.88 -3.59871 2.5588 -3.59867
3.36 7.04 0.915555 -3.18887 0.915594
3.36 7.2 8.42312 -3.84306 8.42316
3.36 7.36 13.3646 -3.06881 13.3646
3.36 7.52 19.2676 1.0461 19.2676
3.36 7.68 20.3046 1.38469 20.3047
3.36 7.84 -10.0182 -29.22 -10.0182
3.52 0 13.4192 -6.06857 13.4193
3.52 0.16 12.4509 -6.95134 12.451
3.52 0.32 15.6141 -3.46196 15.6142
3.52 0.48 15.4946 -2.85313 15.4947
3.52 0.64 14.0698 -2.70683 14.0699
3.52 0.8 10.1834 -3.13515 10.1835
3.52 0.96 3.21355 -3.13421 3.21366
3.52 1.12 -2.67784 0.910674 -2.67774
3.52 1.28 -3.74816 7.96585 -3.74806
3.52 1.44 -3.18716 12.8805 -3.18706
3.52 1.6 -3.03612 15.0245 -3.03602
3.52 1.76 -3.20439 15.7517 -3.20429
3.52 1.92 -3.37573 15.9582 -3.37563
3.52 2.08 -3.38932 16.0223 -3.38923
3.52 2.24 -3.20893 16.0249 -3.20884
3.52 2.4 -2.89595 15.8144 -2.89586
3.52 2.56 -2.6717 14.8634 -2.67161
3.52 2.72 -2.87553 12.0389 -2.87544
3.52 2.88 -3.33328 5.98198 -3.3332
3.52 3.04 -1.18629 -1.13469 -1.18621
3.52 3.2 5.28098 -3.85804 5.28106
3.52 3.36 11.265 -3.4656 11.2651
3.52 3.52 14.3314 -3.08512 14.3315
3.52 3.68 15.4894 -3.15693 15.4895
3.52 3.84 15.8406 -3.35919 15.8406
3.52 4 15.9243 -3.47005 15.9244
3.52 4.16 15.9305 -3.39846 15.9306
3.52 4.32 15.8096 -3.16065 15.8097
3.52 4.48 15.2324 -2.88939 15.2325
3.52 4.64 13.3454 -2.89177 13.3455
3.52 4.8 8.6836 -3.39444 8.68366
3.52 4.96 1.38658 -2.7641 1.38664
3.52 5.12 -3.3529 2.43358 -3.35284
3.52 5.28 -3.6011 9.37132 -3.60105
3.52 5.44 -3.00811 13.6191 -3.00805
3.52 5.6 -2.92685 15.3666 -2.9268
3.52 5.76 -3.11373 15.9318 -3.11368
3.52 5.92 -3.28049 16.0703 -3.28044
3.52 6.08 -3.30249 16.0715 -3.30244
3.52 6.24 -3.1579 15.9653 -3.15786
3.52 6.4 -2.94082 15.5189 -2.94078
3.52 6.56 -2.95187 14.0051 -2.95183
3.52 6.72 -3.54198 10.0144 -3.54194
3.52 6.88 -3.66534 2.8662 -3.6653
3.52 7.04 0.628547 -3.07013 0.628585
3.52 7.2 8.15464 -3.87428 8.15467
3.52 7.36 13.2341 -3.09446 13.2341
3.52 7.52 19.2163 1.0416 19.2164
3.52 7.68 20.2818 1.38776 20.2819
3.52 7.84 -10.0328 -29.2164 -10.0328
3.68 0 13.4169 -6.07426 13.417
3.68 0.16 12.4493 -6.95723 12.4495
3.68 0.32 15.617 -3.46701 15.6171
3.68 0.48 15.5089 -2.85591 15.509
3.68 0.64 14.1124 -2.70304 14.1125
3.68 0.8 10.2807 -3.12499 10.2808
3.68 0.96 3.34415 -3.16288 3.34426
3.68 1.12 -2.62405 0.791926 -2.62395
3.68 1.28 -3.76065 7.84929 -3.76055
3.68 1.44 -3.19945 12.8208 -3.19935
3.68 1.6 -3.03847 15.0011 -3.03837
3.68 1.76 -3.20151 15.7442 -3.20141
3.68 1.92 -3.37066 15.9567 -3.37056
3.68 2.08 -3.38356 16.0218 -3.38346
3.68 2.24 -3.20364 16.0213 -3.20355
3.68 2.4 -2.89329 15.8006 -2.8932
3.68 2.56 -2.67635 14.8234 -2.67626
3.68 2.72 -2.8934 11.9407 -2.89331
3.68 2.88 -3.33746 5.81416 -3.33738
3.68 3.04 -1.08765 -1.25685 -1.08756
3.68 3.2 5.43399 -3.86818 5.43408
3.68 3.36 11.3619 -3.45111 11.362
3.68 3.52 14.3724 -3.0806 14.3725
3.68 3.68 15.503 -3.15852 15.503
3.68 3.84 15.8429 -3.36135 15.843
3.68 4 15.9212 -3.47038 15.9213
3.68 4.16 15.9217 -3.39655 15.9218
3.68 4.32 15.7876 -3.15852 15.7877
3.68 4.48 15.1746 -2.89384 15.1747
3.68 4.64 13.1994 -2.91521 13.1995
3.68 4.8 8.38553 -3.42194 8.38559
3.68 4.96 1.06188 -2.63861 1.06194
3.68 5.12 -3.43856 2.76396 -3.4385
3.68 5.28 -3.5654 9.63685 -3.56534
3.68 5.44 -2.9848 13.7456 -2.98475
3.68 5.6 -2.92339 15.4159 -2.92334
3.68 5.76 -3.1183 15.9493 -3.11826
3.68 5.92 -3.28777 16.0758 -3.28772
3.68 6.08 -3.31043 16.0745 -3.31038
3.68 6.24 -3.16504 15.9731 -3.16499
3.68 6.4 -2.94428 15.5439 -2.94423
3.68 6.56 -2.94375 14.0765 -2.94371
3.68 6.72 -3.52091 10.1793 -3.52087
3.68 6.88 -3.71077 3.09216 -3.71073
3.68 7.04 0.419277 -2.97772 0.419315
3.68 7.2 7.95323 -3.89626 7.95327
3.68 7.36 13.1356 -3.11292 13.1357
3.68 7.52 19.1784 1.03959 19.1784
3.68 7.68 20.2655 1.39173 20.2656
3.68 7.84 -10.0425 -29.2118 -10.0425
3.84 0 13.4206 -6.07184 13.4207
3.84 0.16 12.4517 -6.95645 12.4519
3.84 0.32 15.6209 -3.46625 15.621
3.84 0.48 15.5172 -2.85445 15.5173
3.84 0.64 14.132 -2.69918 14.1322
3.84 0.8 10.3223 -3.11895 10.3224
3.84 0.96 3.39922 -3.1733 3.39933
3.84 1.12 -2.6009 0.743614 -2.6008
3.84 1.28 -3.76489 7.80171 -3.76479
3.84 1.44 -3.20272 12.7977 -3.20262
3.84 1.6 -3.03635 14.9944 -3.03625
3.84 1.76 -3.19596 15.7453 -3.19586
3.84 1.92 -3.3632 15.9611 -3.3631
3.84 2.08 -3.37531 16.0268 -3.37521
3.84 2.24 -3.19581 16.0239 -3.19571
3.84 2.4 -2.88768 15.7962 -2.88758
3.84 2.56 -2.67612 14.8022 -2.67603
3.84 2.72 -2.90206 11.8839 -2.90197
3.84 2.88 -3.3382 5.71656 -3.33811
3.84 3.04 -1.02767 -1.32582 -1.02759
3.84 3.2 5.52481 -3.87168 5.52489
3.84 3.36 11.4196 -3.44074 11.4197
3.84 3.52 14.3979 -3.07596 14.398
3.84 3.68 15.5129 -3.15721 15.513
3.84 3.84 15.8465 -3.36019 15.8466
3.84 4 15.9217 -3.46815 15.9218
3.84 4.16 15.9187 -3.39313 15.9188
3.84 4.32 15.7763 -3.15524 15.7764
3.84 4.48 15.1412 -2.89477 15.1413
3.84 4.64 13.1122 -2.92746 13.1123
3.84 4.8 8.20769 -3.4349 8.20775
3.84 4.96 0.873924 -2.55694 0.873983
3.84 5.12 -3.4833 2.96159 -3.48324
3.84 5.28 -3.54235 9.79127 -3.54229
3.84 5.44 -2.96892 13.8199 -2.96887
3.84 5.6 -2.91779 15.4472 -2.91774
3.84 5.76 -3.11638 15.9636 -3.11633
3.84 5.92 -3.28694 16.0839 -3.2869
3.84 6.08 -3.30993 16.0812 -3.30989
3.84 6.24 -3.16442 15.9824 -3.16438
3.84 6.4 -2.94229 15.5623 -2.94225
3.84 6.56 -2.93599 14.121 -2.93595
3.84 6.72 -3.50612 10.2781 -3.50608
3.84 6.88 -3.73439 3.22888 -3.73435
3.84 7.04 0.297379 -2.91824 0.297418
3.84 7.2 7.83384 -3.90668 7.83387
3.84 7.36 13.0781 -3.12191 13.0782
3.84 7.52 19.1575 1.0403 19.1575
3.84 7.68 20.2579 1.39605 20.2579
3.84 7.84 -10.0458 -29.2065 -10.0458
4 0 13.4234 -6.06855 13.4235
4 0.16 12.4535 -6.95399 12.4536
4 0.32 15.6223 -3.46344 15.6224
4 0.48 15.517 -2.85164 15.5171
4 0.64 14.1271 -2.69717 14.1272
4 0.8 10.3081 -3.11765 10.3082
4 0.96 3.37942 -3.16429 3.37953
4 1.12 -2.60609 0.770714 -2.60599
4 1.28 -3.75671 7.83044 -3.75661
4 1.44 -3.19407 12.8165 -3.19397
4 1.6 -3.02954 15.0064 -3.02944
4 1.76 -3.18997 15.7544 -3.18987
4 1.92 -3.35713 15.9692 -3.35703
4 2.08 -3.36862 16.0346 -3.36852
4 2.24 -3.18832 16.0314 -3.18823
4 2.4 -2.8797 15.8024 -2.87961
4 2.56 -2.66867 14.8041 -2.66858
4 2.72 -2.8966 11.8758 -2.89651
4 2.88 -3.33065 5.6965 -3.33056
4 3.04 -1.00389 -1.33861 -1.0038
4 3.2 5.55525 -3.86782 5.55533
4 3.36 11.4386 -3.43498 11.4387
4 3.52 14.4064 -3.07322 14.4065
4 3.68 15.5163 -3.15628 15.5164
4 3.84 15.8477 -3.35992 15.8478
4 4 15.9218 -3.46803 15.9218
4 4.16 15.9177 -3.39286 15.9178
4 4.32 15.7734 -3.15484 15.7734
4 4.48 15.1333 -2.89474 15.1334
4 4.64 13.092 -2.92868 13.092
4 4.8 8.16672 -3.43363 8.16678
4 4.96 0.833177 -2.52969 0.833235
4 5.12 -3.48706 3.01666 -3.48701
4 5.28 -3.52952 9.83483 -3.52947
4 5.44 -2.95763 13.8447 -2.95758
4 5.6 -2.90904 15.4623 -2.90899
4 5.76 -3.10894 15.9747 -3.1089
4 5.92 -3.2803 16.0933 -3.28025
4 6.08 -3.30358 16.0903 -3.30353
4 6.24 -3.15778 15.9924 -3.15773
4 6.4 -2.93479 15.5754 -2.93475
4 6.56 -2.92648 14.1415 -2.92644
4 6.72 -3.49466 10.3135 -3.49462
4 6.88 -3.73429 3.2742 -3.73425
4 7.04 0.268405 -2.89593 0.268443
4 7.2 7.80358 -3.90628 7.80361
4 7.36 13.0635 -3.12317 13.0635
4 7.52 19.152 1.04056 19.152
4 7.68 20.2557 1.39692 20.2557
4 7.84 -10.0474 -29.2062 -10.0474
4.16 0 13.4211 -6.06795 13.4212
4.16 0.16 12.4507 -6.95321 12.4508
4.16 0.32 15.6165 -3.46304 15.6166
4.16 0.48 15.5033 -2.85251 15.5034
4.16 0.64 14.0923 -2.70302 14.0924
4.16 0.8 10.2317 -3.12889 10.2318
4.16 0.96 3.27648 -3.14712 3.27659
4.16 1.12 -2.65222 0.856635 -2.65212
4.16 1.28 -3.75225 7.91605 -3.75214
4.16 1.44 -3.18983 12.8587 -3.18972
4.16 1.6 -3.0332 15.0201 -3.0331
4.16 1.76 -3.19755 15.7556 -3.19745
4.16 1.92 -3.36576 15.9658 -3.36566
4.16 2.08 -3.3767 16.0303 -3.37661
4.16 2.24 -3.19495 16.0283 -3.19486
4.16 2.4 -2.88416 15.8026 -2.88407
4.16 2.56 -2.67002 14.8114 -2.66993
4.16 2.72 -2.89389 11.8974 -2.8938
4.16 2.88 -3.33062 5.73463 -3.33054
4.16 3.04 -1.02719 -1.311 -1.02711
4.16 3.2 5.51976 -3.86613 5.51984
4.16 3.36 11.415 -3.43986 11.4151
4.16 3.52 14.3943 -3.07714 14.3944
4.16 3.68 15.5092 -3.16007 15.5093
4.16 3.84 15.8422 -3.36479 15.8423
4.16 4 15.9169 -3.47434 15.917
4.16 4.16 15.9143 -3.40025 15.9144
4.16 4.32 15.7747 -3.16201 15.7747
4.16 4.48 15.1474 -2.89878 15.1474
4.16 4.64 13.137 -2.9246 13.137
4.16 4.8 8.2626 -3.4268 8.26266
4.16 4.96 0.934174 -2.57448 0.934232
4.16 5.12 -3.46466 2.9054 -3.4646
4.16 5.28 -3.5439 9.74557 -3.54385
4.16 5.44 -2.96684 13.8011 -2.96679
4.16 5.6 -2.91157 15.4444 -2.91152
4.16 5.76 -3.10916 15.9674 -3.10911
4.16 5.92 -3.28029 16.0897 -3.28024
4.16 6.08 -3.30382 16.0875 -3.30377
4.16 6.24 -3.15829 15.9884 -3.15825
4.16 6.4 -2.93625 15.5667 -2.9362
4.16 6.56 -2.93115 14.12 -2.93111
4.16 6.72 -3.50334 10.2656 -3.5033
4.16 6.88 -3.72552 3.20795 -3.72549
4.16 7.04 0.324089 -2.92577 0.324127
4.16 7.2 7.85905 -3.90304 7.85908
4.16 7.36 13.0887 -3.12169 13.0887
4.16 7.52 19.1582 1.03593 19.1582
4.16 7.68 20.2545 1.38965 20.2546
4.16 7.84 -10.0495 -29.2125 -10.0495
4.32 0 13.4164 -6.06617 13.4165
4.32 0.16 12.4454 -6.95097 12.4455
4.32 0.32 15.6054 -3.46201 15.6055
4.32 0.48 15.4773 -2.85489 15.4774
4.32 0.64 14.0289 -2.71468 14.0291
4.32 0.8 10.0966 -3.1495 10.0967
4.32 0.96 3.09845 -3.11645 3.09856
4.32 1.12 -2.72862 1.00594 -2.72852
4.32 1.28 -3.74142 8.06339 -3.74132
4.32 1.44 -3.17799 12.9331 -3.17789
4.32 1.6 -3.03295 15.0477 -3.03285
4.32 1.76 -3.20266 15.7632 -3.20256
4.32 1.92 -3.37224 15.966 -3.37215
4.32 2.08 -3.38281 16.029 -3.38272
4.32 2.24 -3.19983 16.029 -3.19974
4.32 2.4 -2.88669 15.8097 -2.8866
4.32 2.56 -2.66776 14.8344 -2.66767
4.32 2.72 -2.88383 11.9554 -2.88375
4.32 2.88 -3.32981 5.83406 -3.32972
4.32 3.04 -1.0893 -1.24031 -1.08921
4.32 3.2 5.42465 -3.86338 5.42473
4.32 3.36 11.352 -3.45302 11.3521
4.32 3.52 14.3628 -3.08587 14.3629
4.32 3.68 15.4927 -3.16655 15.4927
4.32 3.84 15.8312 -3.37231 15.8313
4.32 4 15.9084 -3.48427 15.9085
4.32 4.16 15.9096 -3.41243 15.9097
4.32 4.32 15.7808 -3.1742 15.7809
4.32 4.48 15.1833 -2.90479 15.1834
4.32 4.64 13.2459 -2.91333 13.2459
4.32 4.8 8.49484 -3.41043 8.4949
4.32 4.96 1.18474 -2.68131 1.1848
4.32 5.12 -3.40383 2.63642 -3.40377
4.32 5.28 -3.57507 9.53006 -3.57501
4.32 5.44 -2.98517 13.6982 -2.98511
4.32 5.6 -2.91225 15.4052 -2.9122
4.32 5.76 -3.10258 15.9549 -3.10253
4.32 5.92 -3.27164 16.0872 -3.2716
4.32 6.08 -3.29522 16.0869 -3.29518
4.32 6.24 -3.15107 15.9839 -3.15103
4.32 6.4 -2.93284 15.5488 -2.9328
4.32 6.56 -2.93776 14.067 -2.93772
4.32 6.72 -3.52166 10.1428 -3.52162
4.32 6.88 -3.69856 3.0375 -3.69852
4.32 7.04 0.470866 -3.00079 0.470904
4.32 7.2 8.00213 -3.89296 8.00217
4.32 7.36 13.1548 -3.11448 13.1549
4.32 7.52 19.1784 1.03047 19.1784
4.32 7.68 20.2582 1.37969 20.2582
4.32 7.84 -10.05 -29.2222 -10.05
4.48 0 13.4187 -6.05454 13.4188
4.48 0.16 12.4449 -6.94054 12.4451
4.48 0.32 15.5967 -3.45317 15.5968
4.48 0.48 15.4461 -2.85212 15.4462
4.48 0.64 13.9435 -2.72645 13.9436
4.48 0.8 9.90961 -3.17443 9.90972
4.48 0.96 2.85497 -3.06814 2.85507
4.48 1.12 -2.82817 1.21578 -2.82806
4.48 1.28 -3.72385 8.26523 -3.72375
4.48 1.44 -3.15929 13.0351 -3.15919
4.48 1.6 -3.02873 15.0877 -3.02863
4.48 1.76 -3.20462 15.7772 -3.20452
4.48 1.92 -3.37563 15.9706 -3.37553
4.48 2.08 -3.38599 16.0313 -3.3859
4.48 2.24 -3.20225 16.0336 -3.20216
4.48 2.4 -2.88702 15.823 -2.88693
4.48 2.56 -2.66222 14.8711 -2.66213
4.48 2.72 -2.86737 12.0453 -2.86728
4.48 2.88 -3.32761 5.98839 -3.32752
4.48 3.04 -1.18427 -1.12847 -1.18419
4.48 3.2 5.27769 -3.85656 5.27777
4.48 3.36 11.2564 -3.46976 11.2565
4.48 3.52 14.319 -3.09353 14.3191
4.48 3.68 15.4743 -3.1686 15.4744
4.48 3.84 15.8232 -3.37423 15.8233
4.48 4 15.9053 -3.48877 15.9054
4.48 4.16 15.9125 -3.42023 15.9126
4.48 4.32 15.7992 -3.1829 15.7992
4.48 4.48 15.2449 -2.90595 15.245
4.48 4.64 13.4156 -2.89074 13.4156
4.48 4.8 8.85365 -3.37945 8.85372
4.48 4.96 1.58609 -2.83355 1.58615
4.48 5.12 -3.29472 2.22118 -3.29466
4.48 5.28 -3.62166 9.18686 -3.62161
4.48 5.44 -3.01446 13.5328 -3.01441
4.48 5.6 -2.91315 15.3423 -2.9131
4.48 5.76 -3.09117 15.9353 -3.09112
4.48 5.92 -3.25613 16.0841 -3.25609
4.48 6.08 -3.27926 16.0873 -3.27922
4.48 6.24 -3.13734 15.9777 -3.1373
4.48 6.4 -2.92561 15.5204 -2.92556
4.48 6.56 -2.947 13.9814 -2.94696
4.48 6.72 -3.54901 9.94462 -3.54897
4.48 6.88 -3.64905 2.76772 -3.64901
4.48 7.04 0.710858 -3.11246 0.710896
4.48 7.2 8.23138 -3.8713 8.23142
4.48 7.36 13.2643 -3.09621 13.2644
4.48 7.52 19.2185 1.03101 19.2185
4.48 7.68 20.2738 1.37437 20.2738
4.48 7.84 -10.0419 -29.2284 -10.0419
4.64 0 13.4304 -6.03252 13.4305
4.64 0.16 12.4495 -6.9238 12.4496
4.64 0.32 15.5909 -3.43836 15.5911
4.64 0.48 15.4123 -2.84425 15.4124
4.64 0.64 13.841 -2.73632 13.8411
4.64 0.8 9.67989 -3.19893 9.68
4.64 0.96 2.56132 -2.99576 2.56143
4.64 1.12 -2.93865 1.48471 -2.93855
4.64 1.28 -3.69664 8.5151 -3.69654
4.64 1.44 -3.13337 13.1616 -3.13327
4.64 1.6 -3.02056 15.1396 -3.02046
4.64 1.76 -3.20383 15.7982 -3.20373
4.64 1.92 -3.37649 15.9805 -3.37639
4.64 2.08 -3.38665 16.0387 -3.38656
4.64 2.24 -3.20217 16.0436 -3.20208
4.64 2.4 -2.88452 15.844 -2.88443
4.64 2.56 -2.65227 14.922 -2.65218
4.64 2.72 -2.84293 12.165 -2.84284
4.64 2.88 -3.31966 6.19379 -3.31958
4.64 3.04 -1.30123 -0.974312 -1.30114
4.64 3.2 5.09003 -3.84094 5.09011
4.64 3.36 11.1357 -3.48672 11.1357
4.64 3.52 14.2671 -3.09862 14.2672
4.64 3.68 15.4568 -3.16606 15.4569
4.64 3.84 15.82 -3.37113 15.8201
4.64 4 15.909 -3.48861 15.9091
4.64 4.16 15.924 -3.42404 15.9241
4.64 4.32 15.8301 -3.18795 15.8302
4.64 4.48 15.3297 -2.90185 15.3298
4.64 4.64 13.6357 -2.85683 13.6358
4.64 4.8 9.31967 -3.32935 9.31973
4.64 4.96 2.13556 -3.00402 2.13561
4.64 5.12 -3.11955 1.68754 -3.11949
4.64 5.28 -3.67623 8.72361 -3.67618
4.64 5.44 -3.05356 13.3064 -3.05351
4.64 5.6 -2.91483 15.2564 -2.91478
4.64 5.76 -3.07633 15.909 -3.07628
4.64 5.92 -3.2355 16.0806 -3.23545
4.64 6.08 -3.25752 16.089 -3.25747
4.64 6.24 -3.11809 15.9708 -3.11805
4.64 6.4 -2.91462 15.4834 -2.91458
4.64 6.56 -2.95754 13.866 -2.95749
4.64 6.72 -3.58105 9.67663 -3.58101
4.64 6.88 -3.568 2.41271 -3.56796
4.64 7.04 1.04467 -3.24645 1.04471
4.64 7.2 8.53879 -3.83547 8.53883
4.64 7.36 13.4127 -3.06749 13.4127
4.64 7.52 19.2768 1.03628 19.2769
4.64 7.68 20.3002 1.37152 20.3002
4.64 7.84 -10.0258 -29.2326 -10.0258
4.8 0 13.4368 -6.01553 13.4369
4.8 0.16 12.4491 -6.91125 12.4492
4.8 0.32 15.5787 -3.42772 15.5789
4.8 0.48 15.3676 -2.84084 15.3677
4.8 0.64 13.7159 -2.75243 13.716
4.8 0.8 9.40729 -3.22843 9.40739
4.8 0.96 2.22505 -2.90373 2.22515
4.8 1.12 -3.05695 1.79884 -3.05685
4.8 1.28 -3.66624 8.79545 -3.66614
4.8 1.44 -3.10842 13.2998 -3.10831
4.8 1.6 -3.01673 15.1937 -3.01663
4.8 1.76 -3.20902 15.8174 -3.20892
4.8 1.92 -3.38395 15.9871 -3.38386
4.8 2.08 -3.39384 16.0427 -3.39375
4.8 2.24 -3.20808 16.0514 -3.20799
4.8 2.4 -2.8869 15.8652 -2.8868
4.8 2.56 -2.64507 14.9789 -2.64498
4.8 2.72 -2.81749 12.3036 -2.8174
4.8 2.88 -3.31042 6.43673 -3.31033
4.8 3.04 -1.43764 -0.786284 -1.43756
4.8 3.2 4.86437 -3.82078 4.86445
4.8 3.36 10.9875 -3.50953 10.9876
4.8 3.52 14.2016 -3.10862 14.2017
4.8 3.68 15.4323 -3.16771 15.4324
4.8 3.84 15.8122 -3.37271 15.8123
4.8 4 15.9093 -3.49388 15.9094
4.8 4.16 15.9334 -3.4338 15.9335
4.8 4.32 15.8617 -3.19888 15.8617
4.8 4.48 15.4222 -2.90207 15.4223
4.8 4.64 13.8812 -2.82235 13.8813
4.8 4.8 9.85367 -3.26748 9.85373
4.8 4.96 2.80875 -3.17232 2.80881
4.8 5.12 -2.86932 1.0672 -2.86927
4.8 5.28 -3.73653 8.14791 -3.73648
4.8 5.44 -3.10784 13.0161 -3.10779
4.8 5.6 -2.92456 15.1424 -2.92451
4.8 5.76 -3.06601 15.8698 -3.06596
4.8 5.92 -3.21818 16.0699 -3.21813
4.8 6.08 -3.23861 16.085 -3.23856
4.8 6.24 -3.10183 15.9563 -3.10179
4.8 6.4 -2.90798 15.4315 -2.90794
4.8 6.56 -2.97624 13.7163 -2.9762
4.8 6.72 -3.62136 9.33947 -3.62132
4.8 6.88 -3.45559 1.98409 -3.45555
4.8 7.04 1.45741 -3.39497 1.45745
4.8 7.2 8.90034 -3.79306 8.90038
4.8 7.36 13.582 -3.03873 13.582
4.8 7.52 19.3399 1.03615 19.3399
4.8 7.68 20.3251 1.36085 20.3252
4.8 7.84 -10.0124 -29.2443 -10.0124
4.96 0 13.4076 -6.03215 13.4077
4.96 0.16 12.4398 -6.90542 12.4399
4.96 0.32 15.5554 -3.42484 15.5555
4.96 0.48 15.308 -2.84613 15.3081
4.96 0.64 13.5665 -2.77874 13.5666
4.96 0.8 9.09646 -3.26565 9.09656
4.96 0.96 1.85764 -2.79748 1.85774
4.96 1.12 -3.17974 2.13966 -3.17964
4.96 1.28 -3.63854 9.08611 -3.63844
4.96 1.44 -3.09019 13.4365 -3.09009
4.96 1.6 -3.02178 15.2412 -3.02168
4.96 1.76 -3.22454 15.8273 -3.22444
4.96 1.92 -3.40266 15.9831 -3.40256
4.96 2.08 -3.41242 16.0359 -3.41232
4.96 2.24 -3.22487 16.0494 -3.22477
4.96 2.4 -2.89906 15.8789 -2.89897
4.96 2.56 -2.64595 15.0328 -2.64586
4.96 2.72 -2.79745 12.448 -2.79736
4.96 2.88 -3.30486 6.70042 -3.30477
4.96 3.04 -1.59069 -0.575428 -1.5906
4.96 3.2 4.60563 -3.7998 4.60572
4.96 3.36 10.8127 -3.54117 10.8128
4.96 3.52 14.1197 -3.12705 14.1198
4.96 3.68 15.3961 -3.17745 15.3961
4.96 3.84 15.7938 -3.38307 15.7939
4.96 4 15.8993 -3.50873 15.8993
4.96 4.16 15.9331 -3.45341 15.9332
4.96 4.32 15.8852 -3.21949 15.8852
4.96 4.48 15.5096 -2.91113 15.5097
4.96 4.64 14.1282 -2.7943 14.1283
4.96 4.8 10.4124 -3.20128 10.4125
4.96 4.96 3.5671 -3.32086 3.56716
4.96 5.12 -2.54079 0.401087 -2.54074
4.96 5.28 -3.79771 7.47668 -3.79765
4.96 5.44 -3.18016 12.6631 -3.18011
4.96 5.6 -2.94712 14.997 -2.94707
4.96 5.76 -3.06518 15.8127 -3.06513
4.96 5.92 -3.20941 16.046 -3.20936
4.96 6.08 -3.22814 16.0687 -3.2281
4.96 6.24 -3.09441 15.9278 -3.09436
4.96 6.4 -2.91166 15.359 -2.91162
4.96 6.56 -3.00843 13.529 -3.00839
4.96 6.72 -3.67227 8.93732 -3.67223
4.96 6.88 -3.31361 1.4992 -3.31357
4.96 7.04 1.92808 -3.54841 1.92812
4.96 7.2 9.29024 -3.74903 9.29028
4.96 7.36 13.7569 -3.01481 13.757
4.96 7.52 19.3991 1.02793 19.3992
4.96 7.68 20.3428 1.34097 20.3428
4.96 7.84 -10.0063 -29.2646 -10.0063
5.12 0 13.3536 -6.07101 13.3538
5.12 0.16 12.4329 -6.89478 12.433
5.12 0.32 15.5328 -3.41839 15.5329
5.12 0.48 15.2456 -2.84952 15.2457
5.12 0.64 13.4072 -2.80518 13.4073
5.12 0.8 8.76841 -3.30058 8.76852
5.12 0.96 1.48549 -2.67317 1.4856
5.12 1.12 -3.29151 2.49727 -3.29141
5.12 1.28 -3.60493 9.38013 -3.60482
5.12 1.44 -3.06719 13.5752 -3.06709
5.12 1.6 -3.02063 15.2926 -3.02053
5.12 1.76 -3.23305 15.8421 -3.23295
5.12 1.92 -3.41424 15.9841 -3.41415
5.12 2.08 -3.4242 16.034 -3.4241
5.12 2.24 -3.23545 16.052 -3.23536
5.12 2.4 -2.90582 15.8973 -2.90573
5.12 2.56 -2.6423 15.092 -2.64221
5.12 2.72 -2.77348 12.6003 -2.77339
5.12 2.88 -3.29485 6.97971 -3.29476
5.12 3.04 -1.74607 -0.343855 -1.74599
5.12 3.2 4.33078 -3.77188 4.33086
5.12 3.36 10.6245 -3.57327 10.6246
5.12 3.52 14.0326 -3.14439 14.0327
5.12 3.68 15.3595 -3.18401 15.3596
5.12 3.84 15.7772 -3.38913 15.7773
5.12 4 15.8916 -3.51888 15.8917
5.12 4.16 15.9355 -3.46825 15.9355
5.12 4.32 15.9104 -3.23596 15.9104
5.12 4.48 15.5958 -2.91765 15.5959
5.12 4.64 14.3677 -2.76585 14.3677
5.12 4.8 10.9632 -3.12854 10.9632
5.12 4.96 4.36854 -3.42912 4.3686
5.12 5.12 -2.13157 -0.252921 -2.13152
5.12 5.28 -3.84051 6.75295 -3.84045
5.12 5.44 -3.25621 12.2706 -3.25616
5.12 5.6 -2.9696 14.8363 -2.96955
5.12 5.76 -3.06019 15.7525 -3.06014
5.12 5.92 -3.19503 16.023 -3.19498
5.12 6.08 -3.21199 16.054 -3.21194
5.12 6.24 -3.08212 15.8988 -3.08208
5.12 6.4 -2.91271 15.2797 -2.91266
5.12 6.56 -3.04142 13.3209 -3.04138
5.12 6.72 -3.71979 8.49621 -3.71975
5.12 6.88 -3.13438 0.994892 -3.13435
5.12 7.04 2.43982 -3.68614 2.43985
5.12 7.2 9.69248 -3.69682 9.69252
5.12 7.36 13.9363 -2.98665 13.9364
5.12 7.52 19.4628 1.02473 19.4628
5.12 7.68 20.3651 1.3269 20.3652
5.12 7.84 -9.99554 -29.279 -9.9955
5.28 0 13.3212 -6.08938 13.3213
5.28 0.16 12.4356 -6.87562 12.4357
5.28 0.32 15.5198 -3.40309 15.5199
5.28 0.48 15.1919 -2.84437 15.192
5.28 0.64 13.2554 -2.82309 13.2555
5.28 0.8 8.45005 -3.3237 8.45015
5.28 0.96 1.13723 -2.53189 1.13733
5.28 1.12 -3.38241 2.85361 -3.3823
5.28 1.28 -3.56594 9.66236 -3.56584
5.28 1.44 -3.04011 13.7099 -3.04001
5.28 1.6 -3.0129 15.3473 -3.0128
5.28 1.76 -3.23321 15.8639 -3.23311
5.28 1.92 -3.41675 15.9936 -3.41666
5.28 2.08 -3.42699 16.0409 -3.42689
5.28 2.24 -3.23782 16.0629 -3.23772
5.28 2.4 -2.90554 15.9226 -2.90545
5.28 2.56 -2.63295 15.1561 -2.63286
5.28 2.72 -2.74494 12.7552 -2.74485
5.28 2.88 -3.27794 7.26361 -3.27785
5.28 3.04 -1.89115 -0.0981911 -1.89107
5.28 3.2 4.05916 -3.73249 4.05924
5.28 3.36 10.4383 -3.59863 10.4384
5.28 3.52 13.9515 -3.15413 13.9516
5.28 3.68 15.3322 -3.1809 15.3323
5.28 3.84 15.772 -3.38363 15.7721
5.28 4 15.8964 -3.51616 15.8965
5.28 4.16 15.95 -3.46963 15.95
5.28 4.32 15.9451 -3.23976 15.9452
5.28 4.48 15.6843 -2.9142 15.6843
5.28 4.64 14.593 -2.73221 14.5931
5.28 4.8 11.4774 -3.04929 11.4774
5.28 4.96 5.16131 -3.48838 5.16137
5.28 5.12 -1.6604 -0.842557 -1.66034
5.28 5.28 -3.85435 6.02681 -3.85429
5.28 5.44 -3.32972 11.8627 -3.32966
5.28 5.6 -2.99089 14.6705 -2.99084
5.28 5.76 -3.05206 15.6936 -3.05201
5.28 5.92 -3.17667 16.0036 -3.17662
5.28 6.08 -3.19155 16.0431 -3.1915
5.28 6.24 -3.06537 15.8729 -3.06533
5.28 6.4 -2.90987 15.2005 -2.90983
5.28 6.56 -3.07124 13.1056 -3.0712
5.28 6.72 -3.75662 8.04413 -3.75658
5.28 6.88 -2.92053 0.508316 -2.9205
5.28 7.04 2.96679 -3.79364 2.96683
5.28 7.2 10.0883 -3.63451 10.0883
5.28 7.36 14.1156 -2.95108 14.1157
5.28 7.52 19.5337 1.03158 19.5338
5.28 7.68 20.3985 1.32494 20.3985
5.28 7.84 -9.97478 -29.283 -9.97475
5.44 0 13.3058 -6.09442 13.3059
5.44 0.16 12.4346 -6.86365 12.4347
5.44 0.32 15.5062 -3.39254 15.5063
5.44 0.48 15.1419 -2.84143 15.142
5.44 0.64 13.1153 -2.83902 13.1154
5.44 0.8 8.15961 -3.33896 8.15972
5.44 0.96 0.832332 -2.38887 0.832437
5.44 1.12 -3.45258 3.18006 -3.45248
5.44 1.28 -3.52976 9.91101 -3.52965
5.44 1.44 -3.01748 13.8269 -3.01737
5.44 1.6 -3.00764 15.3949 -3.00754
5.44 1.76 -3.23478 15.8834 -3.23468
5.44 1.92 -3.42021 16.003 -3.42011
5.44 2.08 -3.43049 16.0484 -3.4304
5.44 2.24 -3.24094 16.0741 -3.24085
5.44 2.4 -2.90623 15.9473 -2.90614
5.44 2.56 -2.62493 15.217 -2.62484
5.44 2.72 -2.71835 12.9011 -2.71826
5.44 2.88 -3.25902 7.53421 -3.25893
5.44 3.04 -2.02134 0.145181 -2.02126
5.44 3.2 3.80229 -3.68781 3.80238
5.44 3.36 10.2592 -3.6222 10.2593
5.44 3.52 13.8733 -3.16475 13.8734
5.44 3.68 15.3061 -3.17948 15.3062
5.44 3.84 15.7678 -3.37943 15.7678
5.44 4 15.9023 -3.51377 15.9023
5.44 4.16 15.9649 -3.47038 15.9649
5.44 4.32 15.9773 -3.24266 15.9774
5.44 4.48 15.7614 -2.91138 15.7614
5.44 4.64 14.7856 -2.70346 14.7857
5.44 4.8 11.9204 -2.97616 11.9205
5.44 4.96 5.88189 -3.50898 5.88195
5.44 5.12 -1.17267 -1.33258 -1.17262
5.44 5.28 -3.84033 5.35222 -3.84028
5.44 5.44 -3.39895 11.4671 -3.3989
5.44 5.6 -3.01546 14.507 -3.01541
5.44 5.76 -3.04916 15.634 -3.04911
5.44 5.92 -3.16425 15.9821 -3.1642
5.44 6.08 -3.17672 16.03 -3.17668
5.44 6.24 -3.0527 15.8461 -3.05266
5.44 6.4 -2.90926 15.1223 -2.90922
5.44 6.56 -3.1003 12.8946 -3.10026
5.44 6.72 -3.7833 7.60981 -3.78326
5.44 6.88 -2.69121 0.0694172 -2.69117
5.44 7.04 3.46685 -3.87207 3.46689
5.44 7.2 10.4457 -3.57506 10.4457
5.44 7.36 14.2744 -2.92127 14.2745
5.44 7.52 19.596 1.03501 19.596
5.44 7.68 20.4278 1.32066 20.4278
5.44 7.84 -9.95835 -29.2904 -9.95831
5.6 0 13.2869 -6.10435 13.287
5.6 0.16 12.419 -6.86807 12.4191
5.6 0.32 15.481 -3.39735 15.4811
5.6 0.48 15.0877 -2.85108 15.0878
5.6 0.64 12.9874 -2.8621 12.9875
5.6 0.8 7.9099 -3.35671 7.91
5.6 0.96 0.580966 -2.26997 0.58107
5.6 1.12 -3.51029 3.44055 -3.51019
5.6 1.28 -3.5076 10.1007 -3.5075
5.6 1.44 -3.00817 13.9102 -3.00807
5.6 1.6 -3.01314 15.4225 -3.01304
5.6 1.76 -3.24669 15.8882 -3.24659
5.6 1.92 -3.43423 15.9994 -3.43413
5.6 2.08 -3.44454 16.0437 -3.44445
5.6 2.24 -3.25432 16.0734 -3.25423
5.6 2.4 -2.91688 15.9591 -2.91679
5.6 2.56 -2.62705 15.2617 -2.62696
5.6 2.72 -2.70325 13.0215 -2.70316
5.6 2.88 -3.24819 7.76752 -3.2481
5.6 3.04 -2.13968 0.361613 -2.1396
5.6 3.2 3.56565 -3.65058 3.56573
5.6 3.36 10.0883 -3.65181 10.0883
5.6 3.52 13.7916 -3.18527 13.7917
5.6 3.68 15.2701 -3.19051 15.2702
5.6 3.84 15.7504 -3.38865 15.7504
5.6 4 15.8933 -3.52465 15.8934
5.6 4.16 15.9637 -3.48332 15.9638
5.6 4.32 15.9906 -3.25637 15.9907
5.6 4.48 15.8105 -2.91973 15.8105
5.6 4.64 14.9254 -2.69029 14.9254
5.6 4.8 12.2587 -2.92433 12.2587
5.6 4.96 6.46331 -3.51343 6.46337
5.6 5.12 -0.736955 -1.70961 -0.736899
5.6 5.28 -3.814 4.77958 -3.81395
5.6 5.44 -3.46502 11.114 -3.46497
5.6 5.6 -3.04782 14.3534 -3.04777
5.6 5.76 -3.05889 15.5703 -3.05884
5.6 5.92 -3.16629 15.9508 -3.16624
5.6 6.08 -3.1765 16.006 -3.17646
5.6 6.24 -3.05314 15.811 -3.05309
5.6 6.4 -2.91899 15.0423 -2.91895
5.6 6.56 -3.13443 12.6969 -3.13439
5.6 6.72 -3.80752 7.22033 -3.80748
5.6 6.88 -2.48054 -0.301304 -2.4805
5.6 7.04 3.88906 -3.93219 3.8891
5.6 7.2 10.7306 -3.53316 10.7307
5.6 7.36 14.3921 -2.90792 14.3922
5.6 7.52 19.6343 1.02606 19.6343
5.6 7.68 20.4384 1.30461 20.4385
5.6 7.84 -9.95713 -29.3079 -9.9571
5.76 0 13.2784 -6.10435 13.2785
5.76 0.16 12.4096 -6.8675 12.4097
5.76 0.32 15.4638 -3.3984 15.4639
5.76 0.48 15.0493 -2.85653 15.0494
5.76 0.64 12.8968 -2.87743 12.8969
5.76 0.8 7.73469 -3.36751 7.73479
5.76 0.96 0.408813 -2.18575 0.408918
5.76 1.12 -3.54927 3.61458 -3.54917
5.76 1.28 -3.4941 10.2228 -3.494
5.76 1.44 -3.00185 13.9624 -3.00175
5.76 1.6 -3.01519 15.4393 -3.01509
5.76 1.76 -3.25263 15.8903 -3.25253
5.76 1.92 -3.44181 15.9959 -3.44172
5.76 2.08 -3.45243 16.0397 -3.45233
5.76 2.24 -3.26229 16.0723 -3.26219
5.76 2.4 -2.92372 15.9675 -2.92363
5.76 2.56 -2.62847 15.2957 -2.62838
5.76 2.72 -2.69254 13.1151 -2.69245
5.76 2.88 -3.24129 7.95296 -3.2412
5.76 3.04 -2.23595 0.538455 -2.23586
5.76 3.2 3.3711 -3.61887 3.37118
5.76 3.36 9.94718 -3.67568 9.94726
5.76 3.52 13.7251 -3.20047 13.7252
5.76 3.68 15.2419 -3.19648 15.242
5.76 3.84 15.7377 -3.39207 15.7378
5.76 4 15.8874 -3.52871 15.8875
5.76 4.16 15.9636 -3.48836 15.9637
5.76 4.32 16.0008 -3.26148 16.0009
5.76 4.48 15.8446 -2.92144 15.8446
5.76 4.64 15.0192 -2.67855 15.0193
5.76 4.8 12.4852 -2.88736 12.4853
5.76 4.96 6.86491 -3.50882 6.86497
5.76 5.12 -0.412122 -1.95947 -0.412066
5.76 5.28 -3.78433 4.36839 -3.78428
5.76 5.44 -3.51319 10.8512 -3.51314
5.76 5.6 -3.07261 14.2371 -3.07256
5.76 5.76 -3.06629 15.521 -3.06624
5.76 5.92 -3.1676 15.9254 -3.16755
5.76 6.08 -3.17617 15.9855 -3.17612
5.76 6.24 -3.05347 15.7814 -3.05343
5.76 6.4 -2.92708 14.9773 -2.92704
5.76 6.56 -3.16149 12.5398 -3.16145
5.76 6.72 -3.82257 6.91933 -3.82253
5.76 6.88 -2.31087 -0.572824 -2.31083
5.76 7.04 4.20356 -3.96934 4.20359
5.76 7.2 10.9356 -3.50084 10.9357
5.76 7.36 14.477 -2.89529 14.4771
5.76 7.52 19.6638 1.02448 19.6639
5.76 7.68 20.4479 1.29768 20.448
5.76 7.84 -9.95273 -29.3145 -9.9527
5.92 0 13.2888 -6.09104 13.2889
5.92 0.16 12.4188 -6.85475 12.4189
5.92 0.32 15.4686 -3.38729 15.4687
5.92 0.48 15.0439 -2.84822 15.044
5.92 0.64 12.8683 -2.87319 12.8684
5.92 0.8 7.66934 -3.36042 7.66945
5.92 0.96 0.344979 -2.13919 0.345083
5.92 1.12 -3.55739 3.69326 -3.55729
5.92 1.28 -3.48019 10.2782 -3.48008
5.92 1.44 -2.98797 13.9926 -2.98787
5.92 1.6 -3.00154 15.459 -3.00144
5.92 1.76 -3.2387 15.9066 -3.2386
5.92 1.92 -3.42795 16.0112 -3.42785
5.92 2.08 -3.43879 16.0554 -3.43869
5.92 2.24 -3.2497 16.0895 -3.24961
5.92 2.4 -2.91229 15.9895 -2.91219
5.92 2.56 -2.61574 15.3329 -2.61565
5.92 2.72 -2.67423 13.1909 -2.67414
5.92 2.88 -3.22782 8.09061 -3.22773
5.92 3.04 -2.29467 0.670934 -2.29459
5.92 3.2 3.24357 -3.588 3.24366
5.92 3.36 9.85849 -3.68367 9.85857
5.92 3.52 13.6907 -3.20059 13.6908
5.92 3.68 15.2364 -3.18764 15.2365
5.92 3.84 15.7448 -3.37904 15.7448
5.92 4 15.9 -3.51427 15.9001
5.92 4.16 15.9799 -3.47349 15.98
5.92 4.32 16.0218 -3.24652 16.0219
5.92 4.48 15.8751 -2.906 15.8752
5.92 4.64 15.0744 -2.65919 15.0745
5.92 4.8 12.5986 -2.85943 12.5986
5.92 4.96 7.06121 -3.49699 7.06127
5.92 5.12 -0.24284 -2.06768 -0.242784
5.92 5.28 -3.75648 4.17719 -3.75642
5.92 5.44 -3.52618 10.7313 -3.52613
5.92 5.6 -3.07403 14.1906 -3.07398
5.92 5.76 -3.05809 15.5088 -3.05805
5.92 5.92 -3.15564 15.9255 -3.15559
5.92 6.08 -3.16307 15.9874 -3.16302
5.92 6.24 -3.0408 15.7774 -3.04075
5.92 6.4 -2.91934 14.9515 -2.9193
5.92 6.56 -3.16469 12.4596 -3.16465
5.92 6.72 -3.8165 6.75712 -3.81646
5.92 6.88 -2.19785 -0.712646 -2.19782
5.92 7.04 4.38921 -3.97786 4.38925
5.92 7.2 11.0557 -3.47366 11.0557
5.92 7.36 14.5334 -2.87716 14.5334
5.92 7.52 19.6927 1.03682 19.6927
5.92 7.68 20.4666 1.3076 20.4667
5.92 7.84 -9.93738 -29.3051 -9.93735
6.08 0 13.2868 -6.09747 13.2869
6.08 0.16 12.4182 -6.86016 12.4183
6.08 0.32 15.4712 -3.39107 15.4713
6.08 0.48 15.0532 -2.84908 15.0533
6.08 0.64 12.893 -2.86749 12.8931
6.08 0.8 7.7163 -3.35111 7.71641
6.08 0.96 0.390132 -2.15374 0.390237
6.08 1.12 -3.54779 3.64706 -3.54769
6.08 1.28 -3.48629 10.2393 -3.48619
6.08 1.44 -2.99165 13.9734 -2.99155
6.08 1.6 -3.0016 15.4525 -3.0015
6.08 1.76 -3.23728 15.906 -3.23718
6.08 1.92 -3.42631 16.0132 -3.42622
6.08 2.08 -3.43716 16.0591 -3.43706
6.08 2.24 -3.24832 16.0948 -3.24822
6.08 2.4 -2.91098 15.9977 -2.91088
6.08 2.56 -2.61305 15.349 -2.61296
6.08 2.72 -2.6684 13.2258 -2.66831
6.08 2.88 -3.22421 8.15514 -3.22412
6.08 3.04 -2.32444 0.732968 -2.32435
6.08 3.2 3.18373 -3.57507 3.18381
6.08 3.36 9.81806 -3.6903 9.81814
6.08 3.52 13.6747 -3.20482 13.6748
6.08 3.68 15.2331 -3.18787 15.2332
6.08 3.84 15.7477 -3.37597 15.7478
6.08 4 15.9064 -3.50826 15.9064
6.08 4.16 15.9879 -3.46503 15.9879
6.08 4.32 16.0293 -3.23658 16.0294
6.08 4.48 15.879 -2.8962 15.879
6.08 4.64 15.0688 -2.65222 15.0688
6.08 4.8 12.5736 -2.85877 12.5737
6.08 4.96 7.01482 -3.49682 7.01488
6.08 5.12 -0.277319 -2.04132 -0.277263
6.08 5.28 -3.75718 4.22328 -3.75713
6.08 5.44 -3.52151 10.761 -3.52145
6.08 5.6 -3.07628 14.2008 -3.07623
6.08 5.76 -3.06453 15.5092 -3.06448
6.08 5.92 -3.16306 15.9221 -3.16302
6.08 6.08 -3.16915 15.9834 -3.1691
6.08 6.24 -3.04423 15.7741 -3.04419
6.08 6.4 -2.92036 14.9476 -2.92032
6.08 6.56 -3.16291 12.4521 -3.16286
6.08 6.72 -3.80844 6.74388 -3.8084
6.08 6.88 -2.1777 -0.721461 -2.17766
6.08 7.04 4.4075 -3.97659 4.40754
6.08 7.2 11.0621 -3.47266 11.0621
6.08 7.36 14.5358 -2.87652 14.5358
6.08 7.52 19.6944 1.0372 19.6944
6.08 7.68 20.4677 1.3074 20.4678
6.08 7.84 -9.93648 -29.3052 -9.93645
6.24 0 13.2714 -6.11891 13.2715
6.24 0.16 12.4054 -6.88067 12.4055
6.24 0.32 15.4665 -3.40974 15.4666
6.24 0.48 15.0711 -2.86139 15.0712
6.24 0.64 12.9645 -2.86568 12.9646
6.24 0.8 7.87079 -3.34841 7.8709
6.24 0.96 0.541127 -2.24308 0.541232
6.24 1.12 -3.52623 3.45867 -3.52613
6.24 1.28 -3.51718 10.0932 -3.51708
6.24 1.44 -3.01402 13.8976 -3.01391
6.24 1.6 -3.0145 15.4147 -3.0144
6.24 1.76 -3.24711 15.8839 -3.24701
6.24 1.92 -3.43604 15.997 -3.43594
6.24 2.08 -3.44731 16.0452 -3.44721
6.24 2.24 -3.25848 16.082 -3.25838
6.24 2.4 -2.92069 15.9855 -2.9206
6.24 2.56 -2.62261 15.3361 -2.62252
6.24 2.72 -2.67989 13.2083 -2.6798
6.24 2.88 -3.23831 8.12885 -3.23822
6.24 3.04 -2.33129 0.704557 -2.3312
6.24 3.2 3.19135 -3.59138 3.19143
6.24 3.36 9.82482 -3.70022 9.8249
6.24 3.52 13.6722 -3.21642 13.6723
6.24 3.68 15.2241 -3.20097 15.2241
6.24 3.84 15.7363 -3.38762 15.7364
6.24 4 15.8953 -3.51595 15.8953
6.24 4.16 15.9762 -3.46826 15.9762
6.24 4.32 16.0124 -3.23654 16.0124
6.24 4.48 15.845 -2.89664 15.845
6.24 4.64 14.9886 -2.66317 14.9887
6.24 4.8 12.3904 -2.89337 12.3905
6.24 4.96 6.69957 -3.51542 6.69963
6.24 5.12 -0.534682 -1.87757 -0.534626
6.24 5.28 -3.79386 4.51199 -3.7938
6.24 5.44 -3.50276 10.9398 -3.5027
6.24 5.6 -3.08087 14.2644 -3.08082
6.24 5.76 -3.08529 15.5184 -3.08524
6.24 5.92 -3.18825 15.9119 -3.1882
6.24 6.08 -3.19228 15.9707 -3.19224
6.24 6.24 -3.06247 15.7689 -3.06242
6.24 6.4 -2.93086 14.9629 -2.93082
6.24 6.56 -3.15974 12.5162 -3.1597
6.24 6.72 -3.80726 6.88143 -3.80722
6.24 6.88 -2.26987 -0.600982 -2.26983
6.24 7.04 4.23619 -3.97307 4.23623
6.24 7.2 10.9408 -3.50254 10.9409
6.24 7.36 14.4755 -2.89493 14.4755
6.24 7.52 19.662 1.02531 19.6621
6.24 7.68 20.4464 1.29863 20.4465
6.24 7.84 -9.95176 -29.3114 -9.95173
6.4 0 13.2869 -6.11271 13.287
6.4 0.16 12.4216 -6.87633 12.4217
6.4 0.32 15.4946 -3.40408 15.4947
6.4 0.48 15.1335 -2.84885 15.1337
6.4 0.64 13.1118 -2.83589 13.1119
6.4 0.8 8.15642 -3.3225 8.15653
6.4 0.96 0.826263 -2.37446 0.826368
6.4 1.12 -3.46329 3.15548 -3.46318
6.4 1.28 -3.54637 9.86455 -3.54627
6.4 1.44 -3.02579 13.7945 -3.02569
6.4 1.6 -3.00655 15.3804 -3.00645
6.4 1.76 -3.23087 15.8786 -3.23078
6.4 1.92 -3.41777 16.0026 -3.41767
6.4 2.08 -3.42983 16.0536 -3.42974
6.4 2.24 -3.24255 16.0892 -3.24246
6.4 2.4 -2.90702 15.9874 -2.90693
6.4 2.56 -2.61418 15.3239 -2.61409
6.4 2.72 -2.68248 13.1626 -2.68239
6.4 2.88 -3.24615 8.03049 -3.24606
6.4 3.04 -2.2891 0.604069 -2.28902
6.4 3.2 3.29577 -3.61339 3.29585
6.4 3.36 9.90978 -3.68529 9.90986
6.4 3.52 13.7176 -3.2027 13.7177
6.4 3.68 15.2474 -3.18986 15.2475
6.4 3.84 15.7516 -3.37401 15.7516
6.4 4 15.9082 -3.4966 15.9083
6.4 4.16 15.9852 -3.44338 15.9853
6.4 4.32 16.0087 -3.20885 16.0088
6.4 4.48 15.8061 -2.87359 15.8062
6.4 4.64 14.8591 -2.66349 14.8592
6.4 4.8 12.0648 -2.93815 12.0649
6.4 4.96 6.13561 -3.51858 6.13567
6.4 5.12 -0.967347 -1.53172 -0.967291
6.4 5.28 -3.82702 5.06201 -3.82697
6.4 5.44 -3.44233 11.2821 -3.44227
6.4 5.6 -3.05571 14.4084 -3.05566
6.4 5.76 -3.08264 15.5728 -3.08259
6.4 5.92 -3.19091 15.9353 -3.19086
6.4 6.08 -3.19319 15.9891 -3.19314
6.4 6.24 -3.05959 15.7979 -3.05955
6.4 6.4 -2.91882 15.0286 -2.91878
6.4 6.56 -3.12651 12.677 -3.12647
6.4 6.72 -3.78352 7.1921 -3.78348
6.4 6.88 -2.43882 -0.319552 -2.43878
6.4 7.04 3.90568 -3.93339 3.90572
6.4 7.2 10.7199 -3.53296 10.7199
6.4 7.36 14.3842 -2.90117 14.3842
6.4 7.52 19.6324 1.03642 19.6324
6.4 7.68 20.4414 1.31792 20.4414
6.4 7.84 -9.95108 -29.2932 -9.95104
6.56 0 13.3072 -6.11014 13.3073
6.56 0.16 12.4366 -6.88218 12.4368
6.56 0.32 15.5272 -3.40638 15.5273
6.56 0.48 15.2131 -2.84015 15.2132
6.56 0.64 13.306 -2.8018 13.3061
6.56 0.8 8.54273 -3.2868 8.54283
6.56 0.96 1.23128 -2.54033 1.23138
6.56 1.12 -3.36213 2.74467 -3.36203
6.56 1.28 -3.58798 9.54441 -3.58788
6.56 1.44 -3.0505 13.6458 -3.0504
6.56 1.6 -3.00644 15.3267 -3.00634
6.56 1.76 -3.21923 15.866 -3.21913
6.56 1.92 -3.40183 16.0066 -3.40173
6.56 2.08 -3.41366 16.0619 -3.41356
6.56 2.24 -3.22787 16.0951 -3.22777
6.56 2.4 -2.89537 15.9834 -2.89527
6.56 2.56 -2.61023 15.2939 -2.61014
6.56 2.72 -2.69418 13.0728 -2.69409
6.56 2.88 -3.25962 7.8486 -3.25953
6.56 3.04 -2.20473 0.425193 -2.20465
6.56 3.2 3.48559 -3.65068 3.48567
6.56 3.36 10.0548 -3.66387 10.0549
6.56 3.52 13.7896 -3.18766 13.7897
6.56 3.68 15.2815 -3.18092 15.2815
6.56 3.84 15.7718 -3.36228 15.7719
6.56 4 15.9234 -3.4779 15.9235
6.56 4.16 15.9929 -3.41833 15.993
6.56 4.32 15.9963 -3.18087 15.9964
6.56 4.48 15.74 -2.85346 15.7401
6.56 4.64 14.6569 -2.67705 14.6569
6.56 4.8 11.5748 -3.0089 11.5749
6.56 4.96 5.32819 -3.49584 5.32825
6.56 5.12 -1.52632 -0.98876 -1.52627
6.56 5.28 -3.84716 5.82985 -3.8471
6.56 5.44 -3.36407 11.7368 -3.36402
6.56 5.6 -3.02905 14.5969 -3.029
6.56 5.76 -3.08547 15.644 -3.08542
6.56 5.92 -3.20092 15.9661 -3.20087
6.56 6.08 -3.20271 16.012 -3.20267
6.56 6.24 -3.06561 15.8341 -3.06557
6.56 6.4 -2.91082 15.1172 -2.91078
6.56 6.56 -3.08503 12.9032 -3.08499
6.56 6.72 -3.74714 7.64127 -3.7471
6.56 6.88 -2.66907 0.110668 -2.66903
6.56 7.04 3.42318 -3.86022 3.42322
6.56 7.2 10.3847 -3.58316 10.3847
6.56 7.36 14.2377 -2.92411 14.2377
6.56 7.52 19.5796 1.03927 19.5797
6.56 7.68 20.4238 1.3306 20.4238
6.56 7.84 -9.96145 -29.2825 -9.96141
6.72 0 13.3193 -6.11538 13.3194
6.72 0.16 12.4264 -6.91359 12.4265
6.72 0.32 15.5369 -3.43418 15.537
6.72 0.48 15.2785 -2.85425 15.2786
6.72 0.64 13.5066 -2.78465 13.5067
6.72 0.8 8.97728 -3.26017 8.97738
6.72 0.96 1.71776 -2.73745 1.71787
6.72 1.12 -3.23406 2.23731 -3.23396
6.72 1.28 -3.65237 9.12895 -3.65227
6.72 1.44 -3.10181 13.4377 -3.10171
6.72 1.6 -3.03134 15.233 -3.03124
6.72 1.76 -3.23302 15.8201 -3.23292
6.72 1.92 -3.41139 15.9799 -3.41129
6.72 2.08 -3.42214 16.041 -3.42204
6.72 2.24 -3.2362 16.0722 -3.2361
6.72 2.4 -2.90519 15.9487 -2.9051
6.72 2.56 -2.6281 15.2245 -2.62801
6.72 2.72 -2.73109 12.92 -2.73101
6.72 2.88 -3.29334 7.56853 -3.29326
6.72 3.04 -2.09301 0.160785 -2.09292
6.72 3.2 3.73763 -3.71336 3.73771
6.72 3.36 10.2336 -3.65164 10.2337
6.72 3.52 13.8619 -3.18945 13.862
6.72 3.68 15.2983 -3.19474 15.2984
6.72 3.84 15.7675 -3.37535 15.7676
6.72 4 15.9105 -3.48412 15.9106
6.72 4.16 15.9697 -3.41682 15.9698
6.72 4.32 15.9478 -3.17455 15.9479
6.72 4.48 15.6209 -2.85647 15.621
6.72 4.64 14.357 -2.7219 14.3571
6.72 4.8 10.9011 -3.11634 10.9012
6.72 4.96 4.30161 -3.43086 4.30167
6.72 5.12 -2.14608 -0.254789 -2.14603
6.72 5.28 -3.8508 6.73683 -3.85075
6.72 5.44 -3.29296 12.2338 -3.29291
6.72 5.6 -3.02487 14.7837 -3.02481
6.72 5.76 -3.11655 15.6963 -3.1165
6.72 5.92 -3.24069 15.9719 -3.24064
6.72 6.08 -3.24182 16.009 -3.24178
6.72 6.24 -3.09886 15.8488 -3.09881
6.72 6.4 -2.92417 15.1976 -2.92413
6.72 6.56 -3.05636 13.1495 -3.05632
6.72 6.72 -3.7168 8.16434 -3.71676
6.72 6.88 -2.94745 0.648645 -2.94741
6.72 7.04 2.80385 -3.76175 2.80389
6.72 7.2 9.92876 -3.66398 9.9288
6.72 7.36 14.0227 -2.97541 14.0227
6.72 7.52 19.4865 1.02074 19.4866
6.72 7.68 20.3719 1.32053 20.372
6.72 7.84 -9.99672 -29.2881 -9.99668
6.88 0 13.3957 -6.05578 13.3958
6.88 0.16 12.4555 -6.90496 12.4556
6.88 0.32 15.5858 -3.42266 15.5859
6.88 0.48 15.382 -2.83192 15.3821
6.88 0.64 13.7448 -2.7358 13.7449
6.88 0.8 9.46266 -3.20143 9.46277
6.88 0.96 2.28892 -2.90502 2.28902
6.88 1.12 -3.04253 1.71089 -3.04243
6.88 1.28 -3.69399 8.68257 -3.69389
6.88 1.44 -3.13081 13.2275 -3.13071
6.88 1.6 -3.02693 15.1575 -3.02683
6.88 1.76 -3.21426 15.8002 -3.21416
6.88 1.92 -3.38773 15.9814 -3.38764
6.88 2.08 -3.39742 16.0484 -3.39733
6.88 2.24 -3.21167 16.0761 -3.21158
6.88 2.4 -2.88389 15.936 -2.8838
6.88 2.56 -2.61949 15.1647 -2.6194
6.88 2.72 -2.74937 12.7502 -2.74928
6.88 2.88 -3.3061 7.23869 -3.30602
6.88 3.04 -1.919 -0.136455 -1.91892
6.88 3.2 4.07535 -3.75763 4.07543
6.88 3.36 10.4765 -3.60651 10.4766
6.88 3.52 13.9795 -3.15796 13.9795
6.88 3.68 15.3525 -3.1746 15.3525
6.88 3.84 15.7971 -3.35373 15.7972
6.88 4 15.9288 -3.45548 15.9288
6.88 4.16 15.9744 -3.38026 15.9745
6.88 4.32 15.9193 -3.13471 15.9194
6.88 4.48 15.5002 -2.8328 15.5002
6.88 4.64 14.0058 -2.75327 14.0059
6.88 4.8 10.097 -3.21159 10.0971
6.88 4.96 3.16526 -3.25238 3.16532
6.88 5.12 -2.70295 0.686219 -2.70289
6.88 5.28 -3.78812 7.74294 -3.78807
6.88 5.44 -3.18918 12.7704 -3.18913
6.88 5.6 -2.99109 15.0031 -2.99104
6.88 5.76 -3.11569 15.7817 -3.11564
6.88 5.92 -3.24661 16.0115 -3.24656
6.88 6.08 -3.24631 16.0403 -3.24627
6.88 6.24 -3.0973 15.8989 -3.09726
6.88 6.4 -2.90407 15.3145 -2.90403
6.88 6.56 -2.99757 13.435 -2.99753
6.88 6.72 -3.65241 8.7485 -3.65237
6.88 6.88 -3.19583 1.29678 -3.19579
6.88 7.04 2.14409 -3.5877 2.14413
6.88 7.2 9.42493 -3.72135 9.42497
6.88 7.36 13.8015 -3.00165 13.8016
6.88 7.52 19.412 1.03451 19.412
6.88 7.68 20.3457 1.34407 20.3458
6.88 7.84 -10.0054 -29.2618 -10.0054
7.04 0 13.4421 -6.03108 13.4422
7.04 0.16 12.4634 -6.92245 12.4635
7.04 0.32 15.6142 -3.43557 15.6144
7.04 0.48 15.4644 -2.83186 15.4645
7.04 0.64 13.9569 -2.70704 13.957
7.04 0.8 9.91961 -3.15404 9.91971
7.04 0.96 2.86721 -3.05466 2.86732
7.04 1.12 -2.82527 1.18775 -2.82516
7.04 1.28 -3.74291 8.20842 -3.7428
7.04 1.44 -3.18048 12.9902 -3.18038
7.04 1.6 -3.04386 15.0615 -3.04376
7.04 1.76 -3.21495 15.7643 -3.21485
7.04 1.92 -3.38187 15.969 -3.38178
7.04 2.08 -3.3894 16.0424 -3.38931
7.04 2.24 -3.2034 16.0656 -3.20331
7.04 2.4 -2.87941 15.9051 -2.87932
7.04 2.56 -2.62873 15.0783 -2.62864
7.04 2.72 -2.78613 12.5364 -2.78604
7.04 2.88 -3.32598 6.84754 -3.32589
7.04 3.04 -1.71517 -0.471042 -1.71508
7.04 3.2 4.44674 -3.8105 4.44682
7.04 3.36 10.7275 -3.5738 10.7276
7.04 3.52 14.0903 -3.14443 14.0904
7.04 3.68 15.3952 -3.1736 15.3952
7.04 3.84 15.8133 -3.35142 15.8133
7.04 4 15.9317 -3.44637 15.9318
7.04 4.16 15.9613 -3.36308 15.9614
7.04 4.32 15.8663 -3.11544 15.8663
7.04 4.48 15.3377 -2.83299 15.3378
7.04 4.64 13.5746 -2.81303 13.5747
7.04 4.8 9.16765 -3.31554 9.16771
7.04 4.96 1.99274 -2.96492 1.9928
7.04 5.12 -3.16001 1.74348 -3.15995
7.04 5.28 -3.70372 8.72522 -3.70366
7.04 5.44 -3.10747 13.2612 -3.10742
7.04 5.6 -2.9803 15.194 -2.98024
7.04 5.76 -3.13472 15.8488 -3.13467
7.04 5.92 -3.27226 16.0353 -3.27221
7.04 6.08 -3.2718 16.0549 -3.27175
7.04 6.24 -3.11713 15.9307 -3.11709
7.04 6.4 -2.90569 15.4095 -2.90565
7.04 6.56 -2.95975 13.691 -2.9597
7.04 6.72 -3.59316 9.30584 -3.59312
7.04 6.88 -3.40958 1.97319 -3.40954
7.04 7.04 1.47961 -3.37366 1.47965
7.04 7.2 8.87216 -3.79221 8.8722
7.04 7.36 13.5413 -3.05445 13.5414
7.04 7.52 19.3088 1.02098 19.3089
7.04 7.68 20.2949 1.3409 20.2949
7.04 7.84 -10.0362 -29.2601 -10.0361
7.2 0 13.4427 -6.04226 13.4428
7.2 0.16 12.4638 -6.93721 12.4639
7.2 0.32 15.6288 -3.44991 15.629
7.2 0.48 15.5234 -2.83766 15.5235
7.2 0.64 14.1308 -2.68525 14.1309
7.2 0.8 10.3098 -3.11343 10.3099
7.2 0.96 3.39243 -3.17467 3.39253
7.2 1.12 -2.60267 0.719081 -2.60256
7.2 1.28 -3.78283 7.75892 -3.78273
7.2 1.44 -3.23014 12.7566 -3.23004
7.2 1.6 -3.06561 14.9592 -3.06551
7.2 1.76 -3.2233 15.7166 -3.2232
7.2 1.92 -3.38516 15.9419 -3.38506
7.2 2.08 -3.39004 16.0211 -3.38995
7.2 2.24 -3.20208 16.0403 -3.20198
7.2 2.4 -2.8806 15.8587 -2.88051
7.2 2.56 -2.64357 14.9718 -2.64348
7.2 2.72 -2.82954 12.2913 -2.82945
7.2 2.88 -3.34343 6.41959 -3.34334
7.2 3.04 -1.48565 -0.813826 -1.48556
7.2 3.2 4.83472 -3.85592 4.83481
7.2 3.36 10.9776 -3.54011 10.9777
7.2 3.52 14.1933 -3.13383 14.1934
7.2 3.68 15.4268 -3.17776 15.4269
7.2 3.84 15.8163 -3.35594 15.8163
7.2 4 15.9204 -3.4445 15.9205
7.2 4.16 15.9334 -3.35242 15.9335
7.2 4.32 15.795 -3.10305 15.7951
7.2 4.48 15.1469 -2.84173 15.1469
7.2 4.64 13.091 -2.8835 13.0911
7.2 4.8 8.18054 -3.40205 8.1806
7.2 4.96 0.896468 -2.56698 0.896526
7.2 5.12 -3.4819 2.82562 -3.48185
7.2 5.28 -3.60253 9.61187 -3.60248
7.2 5.44 -3.04135 13.6789 -3.0413
7.2 5.6 -2.98142 15.3459 -2.98137
7.2 5.76 -3.16261 15.8918 -3.16256
7.2 5.92 -3.30725 16.0383 -3.3072
7.2 6.08 -3.30601 16.0495 -3.30597
7.2 6.24 -3.14246 15.9437 -3.14242
7.2 6.4 -2.91194 15.4803 -2.9119
7.2 6.56 -2.93047 13.9016 -2.93043
7.2 6.72 -3.53816 9.78615 -3.53812
7.2 6.88 -3.57612 2.59985 -3.57608
7.2 7.04 0.871176 -3.14622 0.871214
7.2 7.2 8.33152 -3.85549 8.33155
7.2 7.36 13.2853 -3.10094 13.2853
7.2 7.52 19.2019 1.00712 19.202
7.2 7.68 20.2397 1.33827 20.2397
7.2 7.84 -10.0697 -29.2573 -10.0696
7.36 0 13.4687 -6.02942 13.4688
7.36 0.16 12.4987 -6.91797 12.4988
7.36 0.32 15.6784 -3.42571 15.6785
7.36 0.48 15.5994 -2.81312 15.5995
7.36 0.64 14.2898 -2.6427 14.2899
7.36 0.8 10.6338 -3.05484 10.6339
7.36 0.96 3.83557 -3.23286 3.83568
7.36 1.12 -2.38271 0.377973 -2.38261
7.36 1.28 -3.7872 7.41528 -3.7871
7.36 1.44 -3.24766 12.5888 -3.24756
7.36 1.6 -3.05814 14.9041 -3.05804
7.36 1.76 -3.20233 15.7094 -3.20223
7.36 1.92 -3.3588 15.9522 -3.3587
7.36 2.08 -3.36036 16.0361 -3.36026
7.36 2.24 -3.17004 16.0503 -3.16995
7.36 2.4 -2.85269 15.844 -2.8526
7.36 2.56 -2.63229 14.8905 -2.6322
7.36 2.72 -2.84906 12.063 -2.84897
7.36 2.88 -3.32911 6.01225 -3.32902
7.36 3.04 -1.21769 -1.11385 -1.21761
7.36 3.2 5.23984 -3.86728 5.23992
7.36 3.36 11.241 -3.48325 11.2411
7.36 3.52 14.3192 -3.09796 14.3193
7.36 3.68 15.4879 -3.15405 15.488
7.36 3.84 15.8512 -3.33165 15.8513
7.36 4 15.9423 -3.41336 15.9424
7.36 4.16 15.9384 -3.3133 15.9385
7.36 4.32 15.7529 -3.06548 15.7529
7.36 4.48 14.9788 -2.8289 14.9788
7.36 4.64 12.6245 -2.93178 12.6246
7.36 4.8 7.25189 -3.43206 7.25195
7.36 4.96 -0.00348118 -2.0727 -0.0034229
7.36 5.12 -3.65049 3.85456 -3.65043
7.36 5.28 -3.47551 10.3815 -3.47546
7.36 5.44 -2.96249 14.0466 -2.96243
7.36 5.6 -2.95661 15.5006 -2.95656
7.36 5.76 -3.15609 15.9617 -3.15604
7.36 5.92 -3.3041 16.0774 -3.30405
7.36 6.08 -3.29952 16.0834 -3.29948
7.36 6.24 -3.12746 15.9925 -3.12742
7.36 6.4 -2.88636 15.5681 -2.88632
7.36 6.56 -2.8845 14.0871 -2.88446
7.36 6.72 -3.47073 10.1772 -3.47069
7.36 6.88 -3.6622 3.13425 -3.66216
7.36 7.04 0.422196 -2.90314 0.422234
7.36 7.2 7.91211 -3.86726 7.91215
7.36 7.36 13.093 -3.11689 13.093
7.36 7.52 19.1288 1.00934 19.1288
7.36 7.68 20.2259 1.36467 20.2259
7.36 7.84 -10.0784 -29.2395 -10.0784
7.52 0 13.4005 -6.10037 13.4006
7.52 0.16 12.4672 -6.95329 12.4673
7.52 0.32 15.6557 -3.45809 15.6558
7.52 0.48 15.597 -2.83959 15.5971
7.52 0.64 14.3351 -2.65915 14.3352
7.52 0.8 10.7838 -3.05613 10.7839
7.52 0.96 4.07585 -3.29399 4.07595
7.52 1.12 -2.26377 0.14058 -2.26367
7.52 1.28 -3.81815 7.16028 -3.81805
7.52 1.44 -3.29872 12.4353 -3.29862
7.52 1.6 -3.09967 14.8173 -3.09957
7.52 1.76 -3.23682 15.6519 -3.23672
7.52 1.92 -3.38879 15.9063 -3.38869
7.52 2.08 -3.38619 15.9933 -3.3861
7.52 2.24 -3.19294 16.002 -3.19284
7.52 2.4 -2.8773 15.7725 -2.8772
7.52 2.56 -2.66786 14.7576 -2.66777
7.52 2.72 -2.90787 11.7926 -2.90778
7.52 2.88 -3.34134 5.58854 -3.34125
7.52 3.04 -0.984952 -1.40827 -0.984867
7.52 3.2 5.5736 -3.90254 5.57368
7.52 3.36 11.4279 -3.47307 11.428
7.52 3.52 14.3772 -3.11391 14.3773
7.52 3.68 15.4864 -3.18369 15.4864
7.52 3.84 15.8263 -3.36141 15.8264
7.52 4 15.9059 -3.43693 15.9059
7.52 4.16 15.8862 -3.32985 15.8863
7.52 4.32 15.6581 -3.08214 15.6582
7.52 4.48 14.7708 -2.86404 14.7709
7.52 4.64 12.1492 -3.01475 12.1493
7.52 4.8 6.40738 -3.46253 6.40744
7.52 4.96 -0.714227 -1.61238 -0.714169
7.52 5.12 -3.76002 4.67022 -3.75996
7.52 5.28 -3.41065 10.9224 -3.4106
7.52 5.44 -2.95376 14.2659 -2.95371
7.52 5.6 -2.9924 15.5579 -2.99235
7.52 5.76 -3.20647 15.9548 -3.20642
7.52 5.92 -3.35764 16.0462 -3.35759
7.52 6.08 -3.35037 16.0473 -3.35033
7.52 6.24 -3.17136 15.9651 -3.17131
7.52 6.4 -2.92101 15.5653 -2.92097
7.52 6.56 -2.89999 14.1488 -2.89995
7.52 6.72 -3.46104 10.3769 -3.461
7.52 6.88 -3.73476 3.44582 -3.73472
7.52 7.04 0.106417 -2.76303 0.106455
7.52 7.2 7.58695 -3.91113 7.58699
7.52 7.36 12.91 -3.17322 12.91
7.52 7.52 19.0406 0.978954 19.0406
7.52 7.68 20.1683 1.33798 20.1684
7.52 7.84 -10.131 -29.269 -10.131
7.68 0 34.1395 14.6404 34.1396
7.68 0.16 36.3843 16.9654 36.3844
7.68 0.32 38.9266 19.8149 38.9267
7.68 0.48 38.7613 20.3262 38.7614
7.68 0.64 37.4454 20.4482 37.4456
7.68 0.8 33.8458 19.9856 33.8459
7.68 0.96 27.0959 19.6656 27.096
7.68 1.12 20.7164 23.0296 20.7165
7.68 1.28 19.1845 30.0958 19.1846
7.68 1.44 19.7728 35.4732 19.7729
7.68 1.6 20.0271 37.9281 20.0272
7.68 1.76 19.9295 38.809 19.9296
7.68 1.92 19.8037 39.0903 19.8038
7.68 2.08 19.8158 39.1827 19.8159
7.68 2.24 19.9951 39.1675 19.9952
7.68 2.4 20.281 38.8859 20.2811
7.68 2.56 20.4288 37.7597 20.4288
7.68 2.72 20.098 34.5957 20.098
7.68 2.88 19.6379 28.1883 19.638
7.68 3.04 22.1733 21.2935 22.1734
7.68 3.2 28.8562 19.0791 28.8562
7.68 3.36 34.662 19.6217 34.662
7.68 3.52 37.5657 20.0171 37.5658
7.68 3.68 38.6685 19.9765 38.6686
7.68 3.84 39.0174 19.8257 39.0175
7.68 4 39.0996 19.7671 39.0997
7.68 4.16 39.0598 19.8732 39.0598
7.68 4.32 38.7689 20.0942 38.7689
7.68 4.48 37.7375 20.2479 37.7375
7.68 4.64 34.827 19.9885 34.8271
7.68 4.8 28.7398 19.5158 28.7398
7.68 4.96 21.7409 21.6965 21.741
7.68 5.12 19.178 28.2285 19.178
7.68 5.28 19.703 34.342 19.703
7.68 5.44 20.1778 37.5313 20.1779
7.68 5.6 20.1556 38.7654 20.1557
7.68 5.76 19.9643 39.1533 19.9643
7.68 5.92 19.8309 39.2479 19.8309
7.68 6.08 19.8442 39.2474 19.8443
7.68 6.24 20.0144 39.1527 20.0144
7.68 6.4 20.2338 38.723 20.2338
7.68 6.56 20.2054 37.2658 20.2054
7.68 6.72 19.5856 33.4643 19.5856
7.68 6.88 19.2248 26.5085 19.2249
7.68 7.04 22.9646 20.2414 22.9646
7.68 7.2 30.5002 19.1051 30.5002
7.68 7.36 35.9342 19.9001 35.9343
7.68 7.52 41.9612 23.9214 41.9613
7.68 7.68 41.7038 22.884 41.7038
7.68 7.84 20.1592 1.03191 20.1592
7.84 0 -21.7475 -41.2058 -21.7474
7.84 0.16 -28.5643 -47.9259 -28.5642
7.84 0.32 -24.305 -43.3207 -24.3049
7.84 0.48 -24.2629 -42.5276 -24.2628
7.84 0.64 -25.5999 -42.2865 -25.5998
7.84 0.8 -29.2952 -42.5996 -29.2951
7.84 0.96 -35.9446 -42.5481 -35.9445
7.84 1.12 -41.8382 -38.7615 -41.838
7.84 1.28 -43.23 -31.9298 -43.2299
7.84 1.44 -42.856 -27.0249 -42.8559
7.84 1.6 -42.7843 -24.8539 -42.7842
7.84 1.76 -42.9888 -24.116 -42.9887
7.84 1.92 -43.1641 -23.9049 -43.164
7.84 2.08 -43.148 -23.8353 -43.1479
7.84 2.24 -42.9131 -23.8431 -42.913
7.84 2.4 -42.5612 -24.1488 -42.5611
7.84 2.56 -42.3304 -25.375 -42.3303
7.84 2.72 -42.5408 -28.7758 -42.5407
7.84 2.88 -42.5984 -35.2693 -42.5983
7.84 3.04 -39.3621 -41.5403 -39.362
7.84 3.2 -32.7625 -43.3123 -32.7624
7.84 3.36 -27.5633 -42.9207 -27.5632
7.84 3.52 -25.0852 -42.7427 -25.0851
7.84 3.68 -24.1967 -42.9161 -24.1966
7.84 3.84 -23.9564 -43.1359 -23.9563
7.84 4 -23.9236 -43.2083 -23.9236
7.84 4.16 -23.9844 -43.0688 -23.9844
7.84 4.32 -24.3109 -42.7812 -24.3109
7.84 4.48 -25.4781 -42.5528 -25.478
7.84 4.64 -28.7062 -42.7036 -28.7062
7.84 4.8 -35.0019 -42.7455 -35.0018
7.84 4.96 -41.3193 -39.6618 -41.3192
7.84 5.12 -43.2013 -33.0523 -43.2012
7.84 5.28 -42.7587 -27.6318 -42.7586
7.84 5.44 -42.5247 -24.9836 -42.5247
7.84 5.6 -42.7084 -24.0307 -42.7083
7.84 5.76 -42.9879 -23.7813 -42.9879
7.84 5.92 -43.1566 -23.7511 -43.1565
7.84 6.08 -43.1298 -23.7675 -43.1297
7.84 6.24 -42.9042 -23.8505 -42.9042
7.84 6.4 -42.6089 -24.28 -42.6088
7.84 6.56 -42.5499 -25.7908 -42.5499
7.84 6.72 -43.0209 -29.6889 -43.0208
7.84 6.88 -42.9937 -36.524 -42.9937
7.84 7.04 -38.8285 -42.2905 -38.8285
7.84 7.2 -31.554 -43.3082 -31.554
7.84 7.36 -26.5754 -42.7178 -26.5753
7.84 7.52 -20.3577 -38.4055 -20.3577
7.84 7.68 -16.6901 -35.4766 -16.6901
7.84 7.84 -62.1279 -81.2427 -62.1278
