1 -0.0768359 0.923164 30.6069
2 -0.0496083 0.950392 38.2265
3 -0.0212207 0.978779 46.2073
4 0.0129076 1.01291 54.472
5 0.0606054 1.06061 62.5546
6 0.136228 1.13623 70.3899
7 0.267573 1.26757 77.8768
8 0.494932 1.49493 84.8924
9 0.973672 1.97367 90.9011
10 1.91942 2.91942 95.309
11 3.86876 4.86876 96.5045
12 7.43375 8.43375 92.2426
13 12.6713 13.6713 90.3357
14 16.593 17.593 95.6177
15 16.6032 17.6032 103.86
16 12.3764 13.3764 105.23
17 7.43569 8.43569 103.489
18 3.00449 4.00449 102.448
19 -0.683076 0.316924 101.412
20 -3.96993 -2.96993 100.138
21 -6.90023 -5.90023 97.6182
22 -9.76752 -8.76752 92.0378
23 -14.1959 -13.1959 93.9436
24 -21.4744 -20.4744 93.4582
25 -29.5261 -28.5261 89.081
26 -37.86 -36.86 85.6214
27 -47.7082 -46.7082 81.7202
28 -57.348 -56.348 75.3878
29 -66.2043 -65.2043 69.504
30 -72.786 -71.786 63.0238
31 -77.6179 -76.6179 56.9588
32 -82.4097 -81.4097 53.1789
33 -86.3741 -85.3741 49.831
34 -89.3723 -88.3723 47.0165
35 -91.892 -90.892 44.9307
36 -94.3066 -93.3066 43.4076
37 -96.1489 -95.1489 42.0608
38 -98.6072 -97.6072 41.5635
39 -100.629 -99.6285 41.1099
40 -102.155 -101.155 40.6781
41 -103.972 -102.972 40.6144
42 -105.16 -104.16 40.3963
43 -106.286 -105.286 40.3872
44 -107.059 -106.059 40.4639
45 -107.438 -106.438 40.515
46 -108.068 -107.068 40.8846
47 -107.589 -106.589 40.7356
48 -107.471 -106.471 40.8201
49 -106.988 -105.988 40.7555
50 -106.297 -105.297 40.5743
51 -104.179 -103.179 39.6272
52 -104.409 -103.409 39.8373
53 -103.426 -102.426 39.3618
54 -100.689 -99.6889 37.8629
55 -101.967 -100.967 38.3283
56 -101.468 -100.468 37.8096
57 -100.431 -99.4308 37.0165
58 -100.16 -99.1598 36.3689
59 -99.7687 -98.7687 35.5504
60 -99.4452 -98.4452 34.7036
61 -98.4929 -97.4929 33.436
62 -100.415 -99.4154 33.4117
63 -101.008 -100.008 32.7014
64 -101.479 -100.479 31.8378
65 -101.976 -100.976 30.9635
66 -102.244 -101.244 29.8738
67 -102.901 -101.901 28.936
68 -103.857 -102.857 28.156
69 -104.77 -103.77 27.2999
70 -105.975 -104.975 26.5185
71 -107.039 -106.039 25.8224
72 -108.289 -107.289 25.2041
73 -108.922 -107.922 24.3514
74 -111.166 -110.166 24.3314
75 -113.467 -112.467 24.1796
76 -114.06 -113.06 23.919
77 -117.181 -116.181 24.1556
78 -119.548 -118.548 24.403
79 -121.055 -120.055 24.5725
80 -122.807 -121.807 24.9635
81 -125.37 -124.37 25.3552
82 -127.413 -126.413 25.8173
83 -129.647 -128.647 26.329
84 -130.528 -129.528 26.7389
85 -135.722 -134.722 27.3392
86 -138.357 -137.357 27.7461
87 -142 -141 28.2341
88 -144.066 -143.066 28.5242
89 -146.931 -145.931 28.8959
90 -149.497 -148.497 29.2468
91 -153.054 -152.054 29.5316
92 -156.349 -155.349 29.8025
93 -160.163 -159.163 29.9737
94 -161.698 -160.698 30.0957
95 -167.579 -166.579 30.2908
96 -170.391 -169.391 30.2417
97 -174.564 -173.564 30.1532
98 -178.664 -177.664 30.1257
99 -182.4 -181.4 29.9966
100 -185.733 -184.733 29.769
101 -190.522 -189.522 29.6782
102 -193.57 -192.57 29.3615
103 -197.205 -196.205 28.9435
104 -200.936 -199.936 28.7525
105 -204.112 -203.112 28.3659
106 -207.602 -206.602 27.9752
107 -211.425 -210.425 27.6839
108 -214.559 -213.559 27.1608
109 -218.576 -217.576 26.9211
110 -221.995 -220.995 26.4127
111 -225.637 -224.637 26.1784
112 -228.281 -227.281 25.4966
113 -230.921 -229.921 24.811
114 -235.495 -234.495 24.7908
115 -238.295 -237.295 24.125
116 -241.917 -240.917 23.8911
117 -245.48 -244.48 23.5391
118 -247.495 -246.495 22.8434
119 -249.929 -248.929 22.3999
120 -252.867 -251.867 22.0752
121 -256.182 -255.182 21.83
122 -258.575 -257.575 21.4434
123 -261.059 -260.059 21.1183
124 -263.95 -262.95 21.0217
125 -267.596 -266.596 21.0476
126 -269.728 -268.728 20.845
127 -271.871 -270.871 20.7351
128 -273.767 -272.767 20.6717
129 -276.481 -275.481 20.6659
130 -279.039 -278.039 20.7433
131 -280.684 -279.684 20.6973
132 -282.589 -281.589 20.7527
133 -284.432 -283.432 20.841
134 -286.312 -285.312 20.8325
135 -288.607 -287.607 20.9376
136 -289.976 -288.976 20.8916
137 -292.266 -291.266 20.9701
138 -294.043 -293.043 20.9945
139 -295.796 -294.796 21.0279
140 -293.399 -292.399 20.3756
141 -300.685 -299.685 21.1385
142 -301.969 -300.969 21.0177
143 -303.038 -302.038 20.8748
144 -305.047 -304.047 20.8398
145 -304.963 -303.963 20.5689
146 -307.153 -306.153 20.4917
147 -306.766 -305.766 20.0619
148 -308.172 -307.172 19.8311
149 -309.377 -308.377 19.5994
150 -310.983 -309.983 19.3766
151 -312.354 -311.354 19.1621
152 -313.324 -312.324 18.7552
153 -313.557 -312.557 18.3199
154 -316.093 -315.093 18.0437
155 -317.672 -316.672 17.7188
156 -317.097 -316.097 17.0689
157 -318.206 -317.206 16.6027
158 -323.279 -322.279 16.6679
159 -326.43 -325.43 16.5373
160 -327.445 -326.445 16.1024
161 -329.187 -328.187 15.8089
162 -331.463 -330.463 15.5751
163 -330.771 -329.771 15.0306
164 -335.943 -334.943 15.1472
165 -338.04 -337.04 15.0065
166 -340.671 -339.671 14.8269
167 -342.662 -341.662 14.7096
168 -345.06 -344.06 14.63
169 -347.472 -346.472 14.4895
170 -348.472 -347.472 14.2982
171 -351.457 -350.457 14.3382
172 -352.977 -351.977 14.1614
173 -357.846 -356.846 14.3127
174 -358.958 -357.958 14.2024
175 -362.143 -361.143 14.1938
176 -366.097 -365.097 14.2724
177 -367.286 -366.286 14.1854
178 -369.122 -368.122 14.0513
179 -375.093 -374.093 14.2671
180 -376.002 -375.002 14.1049
181 -379.857 -378.857 14.1609
182 -382.233 -381.233 14.1034
183 -384.675 -383.675 14.0609
184 -387.454 -386.454 14.0435
185 -388.423 -387.423 13.8284
186 -390.492 -389.492 13.7591
187 -393.231 -392.231 13.7026
188 -394.051 -393.051 13.5376
189 -395.891 -394.891 13.4077
190 -397.117 -396.117 13.2481
191 -399.874 -398.874 13.2471
192 -401.582 -400.582 13.2234
193 -400.805 -399.805 12.8801
194 -402.792 -401.792 12.8007
195 -403.702 -402.702 12.7256
196 -403.112 -402.112 12.3008
197 -404.929 -403.929 12.2805
198 -405.745 -404.745 12.1334
199 -398.049 -397.049 11.0846
200 -409.883 -408.883 12.3552
201 -404.546 -403.546 11.3707
202 -412.487 -411.487 12.3638
203 -411.117 -410.117 12.0493
204 -410.647 -409.647 11.7745
205 -411.094 -410.094 11.758
206 -408.785 -407.785 11.2328
207 -409.085 -408.085 11.1908
208 -406.026 -405.026 10.7204
209 -408.264 -407.264 11.0282
210 -406.667 -405.667 10.7237
211 -405.201 -404.201 10.5075
212 -407.367 -406.367 10.7196
213 -406.739 -405.739 10.5775
214 -407.703 -406.703 10.6852
215 -403.18 -402.18 10.18
216 -408.618 -407.618 10.761
217 -408.187 -407.187 10.7238
218 -408.06 -407.06 10.7447
219 -410.047 -409.047 10.918
220 -406.437 -405.437 10.5213
221 -410.856 -409.856 10.9988
222 -410.409 -409.409 10.9626
223 -409.689 -408.689 10.9023
224 -409.966 -408.966 10.9512
225 -409.501 -408.501 10.9212
226 -409.363 -408.363 10.9769
227 -409.51 -408.51 10.866
228 -408.261 -407.261 10.7143
229 -409.661 -408.661 10.8027
230 -410.016 -409.016 10.7436
231 -409.718 -408.718 10.6907
232 -410.028 -409.028 10.6241
233 -409.751 -408.751 10.5756
234 -410.844 -409.844 10.5055
235 -410.737 -409.737 10.3588
236 -410.354 -409.354 10.2678
237 -413.425 -412.425 10.2792
238 -413.27 -412.27 10.1228
239 -413.684 -412.684 10.0854
240 -411.712 -410.712 9.76633
241 -414.925 -413.925 9.81385
242 -415.242 -414.242 9.66329
243 -420.461 -419.461 9.97073
244 -415.88 -414.88 9.37579
245 -421.104 -420.104 9.69276
246 -422.011 -421.011 9.57325
247 -421.369 -420.369 9.39772
248 -421.007 -420.007 9.15707
249 -421.934 -420.934 9.05534
250 -421.361 -420.361 8.93938
251 -420.824 -419.824 8.77974
252 -421.419 -420.419 8.68225
253 -421.074 -420.074 8.55543
254 -423.095 -422.095 8.58558
255 -424.146 -423.146 8.57766
256 -425.003 -424.003 8.53697
257 -425.222 -424.222 8.51163
258 -426.164 -425.164 8.4916
259 -428.003 -427.003 8.44723
260 -428.779 -427.779 8.43579
261 -429.952 -428.952 8.40579
262 -433.566 -432.566 8.51531
263 -432.772 -431.772 8.42961
264 -436.764 -435.764 8.51917
265 -438.268 -437.268 8.54577
266 -440.637 -439.637 8.60263
267 -439.664 -438.664 8.50289
268 -443.619 -442.619 8.64407
269 -442.572 -441.572 8.5085
270 -445.955 -444.955 8.63247
271 -447.009 -446.009 8.64565
272 -443.033 -442.033 8.43142
273 -447.22 -446.22 8.57268
274 -449.843 -448.843 8.61713
275 -447.931 -446.931 8.42201
276 -451.353 -450.353 8.53481
277 -451.856 -450.856 8.49013
278 -453.28 -452.28 8.44977
279 -453.809 -452.809 8.52795
280 -455.877 -454.877 8.54379
281 -454.579 -453.579 8.36066
282 -454.36 -453.36 8.24558
283 -455.262 -454.262 8.20068
284 -455.722 -454.722 8.18795
285 -455.598 -454.598 8.14934
286 -454.978 -453.978 8.04162
287 -454.921 -453.921 7.99119
288 -456.958 -455.958 8.00021
289 -455.295 -454.295 7.912
290 -456.941 -455.941 7.9671
291 -454.336 -453.336 7.73402
292 -455.625 -454.625 7.88414
293 -451.591 -450.591 7.41918
294 -456.4 -455.4 7.92084
295 -454.226 -453.226 7.727
296 -453.123 -452.123 7.63425
297 -454.086 -453.086 7.73432
298 -450.399 -449.399 7.4324
299 -449.496 -448.496 7.41631
300 -450.166 -449.166 7.47939
301 -448.45 -447.45 7.37252
302 -442.226 -441.226 7.03446
303 -450.961 -449.961 7.70903
304 -447.981 -446.981 7.48105
305 -448.085 -447.085 7.58671
306 -446.089 -445.089 7.48574
307 -446.481 -445.481 7.55962
308 -443.455 -442.455 7.41278
309 -442.914 -441.914 7.4944
310 -444.837 -443.837 7.73812
311 -442.904 -441.904 7.62881
312 -437.472 -436.472 7.4498
313 -443.332 -442.332 7.72548
314 -443.122 -442.122 7.81018
315 -442.144 -441.144 7.72711
316 -443.631 -442.631 7.85089
317 -444.476 -443.476 7.86203
318 -443.095 -442.095 7.82442
319 -445.59 -444.59 7.96373
320 -446.898 -445.898 8.05162
321 -445.029 -444.029 7.88489
322 -442.29 -441.29 7.78621
323 -446.975 -445.975 7.92169
324 -447.511 -446.511 7.8414
325 -447.714 -446.714 7.78684
326 -447.952 -446.952 7.69967
327 -449.407 -448.407 7.69962
328 -452.341 -451.341 7.73921
329 -451.646 -450.646 7.56635
330 -453.189 -452.189 7.49261
331 -453.716 -452.716 7.39964
332 -455.356 -454.356 7.32739
333 -455.192 -454.192 7.18
334 -458.97 -457.97 7.18934
335 -455.963 -454.963 7.04567
336 -461.015 -460.015 7.05632
337 -462.931 -461.931 6.90055
338 -465.016 -464.016 6.89669
339 -464.568 -463.568 6.69128
340 -465.908 -464.908 6.54243
341 -467.395 -466.395 6.52237
342 -469.782 -468.782 6.45943
343 -470.527 -469.527 6.3659
344 -472.212 -471.212 6.22831
345 -466.752 -465.752 6.18443
346 -475.775 -474.775 6.08694
347 -476.194 -475.194 5.99099
348 -476.926 -475.926 5.90118
349 -477.927 -476.927 5.78806
350 -482.241 -481.241 5.89897
351 -479.713 -478.713 5.7293
352 -482.922 -481.922 5.71599
353 -480.678 -479.678 5.57692
354 -481.869 -480.869 5.51133
355 -482.529 -481.529 5.46954
356 -484.77 -483.77 5.45274
357 -482.287 -481.287 5.4158
358 -485.428 -484.428 5.3912
359 -486.325 -485.325 5.37919
360 -485.861 -484.861 5.34821
361 -486.132 -485.132 5.30688
362 -486.149 -485.149 5.31
363 -484.887 -483.887 5.30973
364 -487.252 -486.252 5.32061
365 -487.487 -486.487 5.2933
366 -488.591 -487.591 5.30009
367 -487.119 -486.119 5.2516
368 -486.097 -485.097 5.24296
369 -489.339 -488.339 5.30098
370 -488.153 -487.153 5.20714
371 -488.785 -487.785 5.2351
372 -483.335 -482.335 5.2116
373 -489.94 -488.94 5.28008
374 -488.981 -487.981 5.25044
375 -489.986 -488.986 5.27712
376 -489.388 -488.388 5.26544
377 -488.714 -487.714 5.22622
378 -489.438 -488.438 5.15832
379 -487.297 -486.297 5.11603
380 -487.69 -486.69 5.11641
381 -483.674 -482.674 4.92329
382 -485.548 -484.548 4.98596
383 -484.117 -483.117 4.95167
384 -483.965 -482.965 4.84819
385 -484.267 -483.267 4.88174
386 -481.56 -480.56 4.74565
387 -484.619 -483.619 4.91191
388 -482.649 -481.649 4.8117
389 -482.016 -481.016 4.72148
390 -480.105 -479.105 4.66541
391 -482.28 -481.28 4.73653
392 -480.232 -479.232 4.58878
393 -481.412 -480.412 4.67565
394 -481.54 -480.54 4.6565
395 -476.971 -475.971 4.42734
396 -479.888 -478.888 4.52759
397 -473.053 -472.053 4.40222
398 -481.667 -480.667 4.62327
399 -480.361 -479.361 4.51684
400 -482.4 -481.4 4.74005
401 -480.15 -479.15 4.51931
402 -479.475 -478.475 4.44013
403 -478.038 -477.038 4.3658
404 -477.024 -476.024 4.24929
405 -476.666 -475.666 4.20338
406 -476.44 -475.44 4.18127
407 -476.351 -475.351 4.17039
408 -475.805 -474.805 4.14035
409 -473.96 -472.96 4.02495
410 -473.266 -472.266 3.97164
411 -472.325 -471.325 3.8794
412 -475.586 -474.586 4.02066
413 -471.927 -470.927 3.92631
414 -472.783 -471.783 3.80143
415 -475.5 -474.5 3.9364
416 -474.758 -473.758 3.86099
417 -473.271 -472.271 3.70911
418 -475.81 -474.81 3.83158
419 -475.785 -474.785 3.79303
420 -474.81 -473.81 3.64717
421 -475.04 -474.04 3.65524
422 -473.285 -472.285 3.50403
423 -471.169 -470.169 3.43943
424 -475.626 -474.626 3.51164
425 -476.388 -475.388 3.55368
426 -475.86 -474.86 3.43882
427 -477.075 -476.075 3.56314
428 -475.71 -474.71 3.37496
429 -475.363 -474.363 3.38459
430 -475.302 -474.302 3.33329
431 -473.831 -472.831 3.18751
432 -475.577 -474.577 3.2435
433 -474.017 -473.017 3.1219
434 -476.202 -475.202 3.27167
435 -474.56 -473.56 3.1288
436 -475.501 -474.501 3.14109
437 -475.353 -474.353 3.07986
438 -474.558 -473.558 3.02058
439 -474.046 -473.046 2.97799
440 -475.469 -474.469 3.01639
441 -475.719 -474.719 3.02774
442 -474.971 -473.971 3.0126
443 -475.93 -474.93 2.97566
444 -471.726 -470.726 2.93225
445 -474.525 -473.525 2.93003
446 -475.569 -474.569 2.93802
447 -475.887 -474.887 2.99299
448 -475.946 -474.946 2.91985
449 -476.492 -475.492 2.95367
450 -478.525 -477.525 3.04194
451 -479.222 -478.222 3.10691
452 -477.822 -476.822 3.04342
453 -477.527 -476.527 3.06715
454 -475.426 -474.426 3.01691
455 -476.719 -475.719 3.03856
456 -477.749 -476.749 3.11186
457 -474.213 -473.213 2.94106
458 -472.94 -471.94 2.95594
459 -474.137 -473.137 3.01212
460 -472.908 -471.908 2.93536
461 -473.677 -472.677 2.97017
462 -474.239 -473.239 3.00512
463 -474.596 -473.596 3.01706
464 -474.055 -473.055 2.99677
465 -473.209 -472.209 2.98168
466 -474.814 -473.814 3.14973
467 -474.087 -473.087 3.04746
468 -472.439 -471.439 2.95124
469 -470.312 -469.312 2.95945
470 -470.558 -469.558 2.89076
471 -472.375 -471.375 2.99
472 -470.788 -469.788 2.96195
473 -466.965 -465.965 2.91312
474 -471.181 -470.181 3.08735
475 -468.644 -467.644 2.88734
476 -470.118 -469.118 2.982
477 -464.621 -463.621 2.74621
478 -467.978 -466.978 2.91797
479 -459.969 -458.969 2.91178
480 -467.529 -466.529 2.85614
481 -465.655 -464.655 2.74574
482 -464.765 -463.765 2.77734
483 -465.715 -464.715 2.86562
484 -464.242 -463.242 2.83363
485 -457.429 -456.429 2.62061
486 -463.524 -462.524 2.87288
487 -459.826 -458.826 2.70006
488 -460.451 -459.451 2.65662
489 -459.742 -458.742 2.78449
490 -459.037 -458.037 2.61123
491 -457.577 -456.577 2.56777
492 -455.205 -454.205 2.43762
493 -453.487 -452.487 2.41967
494 -455.955 -454.955 2.55672
495 -453.333 -452.333 2.3832
496 -454.269 -453.269 2.43194
497 -452.076 -451.076 2.35048
498 -452.734 -451.734 2.37266
499 -452.332 -451.332 2.38633
500 -451.011 -450.011 2.34762
501 -451.638 -450.638 2.34474
502 -450.983 -449.983 2.32413
503 -450.686 -449.686 2.322
504 -449.131 -448.131 2.35386
505 -451.963 -450.963 2.38389
506 -450.447 -449.447 2.44923
507 -450.943 -449.943 2.37527
508 -447.378 -446.378 2.50874
509 -451.729 -450.729 2.48558
510 -453.261 -452.261 2.54711
511 -452.723 -451.723 2.51403
512 -451.467 -450.467 2.46841
513 -451.694 -450.694 2.41941
514 -452.367 -451.367 2.48768
515 -449.009 -448.009 2.38911
516 -451.374 -450.374 2.43618
517 -450.313 -449.313 2.42075
518 -451.179 -450.179 2.431
519 -450.593 -449.593 2.4045
520 -450.671 -449.671 2.35934
521 -450.896 -449.896 2.39152
522 -450.091 -449.091 2.40528
523 -449.527 -448.527 2.40531
524 -448.697 -447.697 2.46775
525 -445.403 -444.403 3.01367
526 -454.877 -453.877 2.54287
527 -454.745 -453.745 2.4917
528 -454.384 -453.384 2.43191
529 -447.809 -446.809 2.61302
530 -457.163 -456.163 2.65242
531 -455.951 -454.951 2.47959
532 -455.891 -454.891 2.45958
533 -455.632 -454.632 2.38424
534 -453.823 -452.823 2.2918
535 -453.97 -452.97 2.34589
536 -452.889 -451.889 2.26574
537 -453.038 -452.038 2.26298
538 -451.46 -450.46 2.3196
539 -454.627 -453.627 2.30258
540 -453.299 -452.299 2.42987
541 -452.882 -451.882 2.41664
542 -455.703 -454.703 2.24828
543 -455.919 -454.919 2.27909
544 -455.399 -454.399 2.22935
545 -455.996 -454.996 2.22176
546 -454.945 -453.945 2.20719
547 -455.26 -454.26 2.19864
548 -454.894 -453.894 2.20846
549 -454.505 -453.505 2.20702
550 -456.426 -455.426 2.18815
551 -456.991 -455.991 2.1399
552 -456.724 -455.724 2.1904
553 -457.916 -456.916 2.22391
554 -457.099 -456.099 2.15342
555 -457.858 -456.858 2.20982
556 -457.292 -456.292 2.17552
557 -457.376 -456.376 2.16094
558 -456.968 -455.968 2.0992
559 -458.119 -457.119 2.15056
560 -456.576 -455.576 2.07535
561 -455.783 -454.783 2.07948
562 -456.606 -455.606 2.07907
563 -455.64 -454.64 2.00839
564 -455.773 -454.773 1.98423
565 -455.893 -454.893 2.02894
566 -455.502 -454.502 2.06223
567 -455.791 -454.791 2.00162
568 -456.501 -455.501 2.05757
569 -456.666 -455.666 2.0017
570 -456.586 -455.586 1.99034
571 -452.243 -451.243 2.06479
572 -455.855 -454.855 2.00656
573 -454.562 -453.562 1.87775
574 -453.583 -452.583 1.88524
575 -454.588 -453.588 1.91051
576 -454.512 -453.512 1.92703
577 -453.584 -452.584 1.84698
578 -451.609 -450.609 1.84498
579 -454.665 -453.665 1.97128
580 -451.653 -450.653 1.7277
581 -450.216 -449.216 1.72108
582 -454.642 -453.642 1.95171
583 -450.706 -449.706 1.91173
584 -452.915 -451.915 1.71146
585 -452.866 -451.866 1.76854
586 -453.37 -452.37 1.73296
587 -452.863 -451.863 1.67285
588 -453.539 -452.539 1.78394
589 -447.172 -446.172 2.01527
590 -447.163 -446.163 1.83664
591 -454.634 -453.634 1.70698
592 -455.657 -454.657 1.89443
593 -454.862 -453.862 1.8177
594 -453.956 -452.956 1.64399
595 -454.739 -453.739 1.70269
596 -454.334 -453.334 1.79161
597 -452.855 -451.855 1.63428
598 -448.409 -447.409 2.01342
599 -455.25 -454.25 1.77139
600 -455.746 -454.746 1.82501
601 -455.006 -454.006 1.7442
602 -452.015 -451.015 1.63674
603 -454.535 -453.535 1.65016
604 -450.449 -449.449 1.67666
605 -453.286 -452.286 1.59428
606 -455.253 -454.253 1.73128
607 -453.59 -452.59 1.61368
608 -453.963 -452.963 1.66193
609 -453.018 -452.018 1.57832
610 -452.882 -451.882 1.59338
611 -453.698 -452.698 1.61064
612 -449.679 -448.679 1.84126
613 -456.392 -455.392 1.74061
614 -450.48 -449.48 1.85434
615 -455.712 -454.712 1.77378
616 -456.895 -455.895 1.80792
617 -457.512 -456.512 1.76743
618 -456.101 -455.101 1.59741
619 -455.343 -454.343 1.56754
620 -455.769 -454.769 1.61338
621 -455.939 -454.939 1.56859
622 -455.194 -454.194 1.5289
623 -450.269 -449.269 2.03866
624 -455.038 -454.038 1.46367
625 -455.759 -454.759 1.48631
626 -456.095 -455.095 1.55082
627 -454.433 -453.433 1.43513
628 -455.654 -454.654 1.45447
629 -455.469 -454.469 1.45786
630 -455.088 -454.088 1.38625
631 -455.36 -454.36 1.4862
632 -454.699 -453.699 1.39319
633 -454.528 -453.528 1.45553
634 -453.613 -452.613 1.34283
635 -454.244 -453.244 1.33801
636 -448.215 -447.215 2.06126
637 -452.881 -451.881 1.45149
638 -455.401 -454.401 1.29824
639 -455.879 -454.879 1.36579
640 -456.279 -455.279 1.39819
641 -455.358 -454.358 1.32031
642 -454.447 -453.447 1.29078
643 -453.109 -452.109 1.2247
644 -452.755 -451.755 1.21229
645 -451.615 -450.615 1.39237
646 -447.212 -446.212 1.95962
647 -456.564 -455.564 1.42156
648 -454.115 -453.115 1.3762
649 -455.549 -454.549 1.35871
650 -455.53 -454.53 1.32821
651 -453.679 -452.679 1.30632
652 -453.402 -452.402 1.20654
653 -451.754 -450.754 1.15023
654 -453.055 -452.055 1.09834
655 -439.13 -438.13 3.48077
656 -448.248 -447.248 1.56305
657 -458.299 -457.299 1.86993
658 -456.65 -455.65 1.48025
659 -450.097 -449.097 1.17998
660 -454.829 -453.829 1.13934
661 -457.053 -456.053 1.58399
662 -454.838 -453.838 1.34404
663 -452.138 -451.138 1.08361
664 -452.418 -451.418 1.19653
665 -452.462 -451.462 1.14298
666 -452.072 -451.072 1.03961
667 -451.839 -450.839 1.10353
668 -450.06 -449.06 0.935636
669 -450.537 -449.537 0.969573
670 -449.961 -448.961 0.945913
671 -449.378 -448.378 0.960169
672 -447.614 -446.614 0.942736
673 -446.489 -445.489 1.10466
674 -449.48 -448.48 0.944749
675 -448.342 -447.342 0.901982
676 -449.04 -448.04 0.913555
677 -448.318 -447.318 0.976681
678 -448.311 -447.311 0.911038
679 -448.079 -447.079 0.981237
680 -445.56 -444.56 1.16706
681 -446.06 -445.06 1.2063
682 -449.7 -448.7 1.09678
683 -450.853 -449.853 1.17115
684 -449.728 -448.728 1.03169
685 -448.029 -447.029 0.952513
686 -448.406 -447.406 1.06047
687 -447.061 -446.061 1.08128
688 -449.419 -448.419 1.06779
689 -449.326 -448.326 1.0508
690 -448.048 -447.048 1.05356
691 -447.388 -446.388 0.905997
692 -447.028 -446.028 0.914533
693 -444.625 -443.625 1.07402
694 -447.129 -446.129 1.04586
695 -441.585 -440.585 1.53309
696 -448.354 -447.354 1.02786
697 -445.876 -444.876 0.913418
698 -448.159 -447.159 1.03105
699 -448.486 -447.486 1.07826
700 -446.593 -445.593 0.962202
701 -445.772 -444.772 0.875184
702 -446.386 -445.386 0.90062
703 -444.551 -443.551 0.978902
704 -447.744 -446.744 1.05355
705 -446.43 -445.43 0.958035
706 -444.54 -443.54 0.922953
707 -446.32 -445.32 0.86831
708 -443.709 -442.709 1.02712
709 -444.891 -443.891 0.885209
710 -445.646 -444.646 0.887479
711 -446.359 -445.359 0.86008
712 -443.762 -442.762 0.946793
713 -446.626 -445.626 0.867263
714 -445.489 -444.489 0.83411
715 -441.61 -440.61 1.55126
716 -448.936 -447.936 1.09604
717 -448.286 -447.286 1.02724
718 -447.041 -446.041 0.870646
719 -447.79 -446.79 0.94474
720 -446.43 -445.43 0.819205
721 -442.707 -441.707 1.41988
722 -449.303 -448.303 1.08733
723 -449.486 -448.486 1.16045
724 -446.413 -445.413 0.895767
725 -446.161 -445.161 0.82406
726 -448.029 -447.029 0.904912
727 -448.048 -447.048 0.93124
728 -438.359 -437.359 2.27825
729 -448.035 -447.035 0.964391
730 -446.599 -445.599 0.893921
731 -444.199 -443.199 1.08947
732 -448.009 -447.009 0.888743
733 -448.043 -447.043 0.911394
734 -448.044 -447.044 0.817021
735 -447.881 -446.881 0.841508
736 -448.208 -447.208 1.01768
737 -447.01 -446.01 0.785487
738 -448.477 -447.477 0.918298
739 -446.31 -445.31 0.762223
740 -446.357 -445.357 0.739013
741 -446.126 -445.126 0.762586
742 -444.633 -443.633 0.910892
743 -445.827 -444.827 0.713002
744 -441.704 -440.704 1.40437
745 -445.913 -444.913 0.818823
746 -446.902 -445.902 0.798007
747 -441.348 -440.348 1.44508
748 -447.806 -446.806 0.954681
749 -448.751 -447.751 1.11319
750 -447.137 -446.137 0.944518
751 -447.412 -446.412 0.85886
752 -446.141 -445.141 0.826187
753 -446.134 -445.134 0.760001
754 -446.636 -445.636 0.85754
755 -446.177 -445.177 0.828345
756 -444.55 -443.55 0.741609
757 -444.273 -443.273 0.713085
758 -444.495 -443.495 0.719011
759 -442.026 -441.026 0.872683
760 -442.507 -441.507 0.948412
761 -442.803 -441.803 0.768229
762 -443.455 -442.455 0.737803
763 -443.378 -442.378 0.691736
764 -442.386 -441.386 0.923037
765 -441.902 -440.902 1.02919
766 -442.09 -441.09 0.735371
767 -445.351 -444.351 0.882295
768 -443.906 -442.906 0.968213
769 -444.69 -443.69 0.775598
770 -443.666 -442.666 0.723615
771 -444.172 -443.172 0.879307
772 -444.102 -443.102 0.803534
773 -445.115 -444.115 0.832647
774 -443.5 -442.5 0.732133
775 -442.691 -441.691 0.793339
776 -441.028 -440.028 1.24325
777 -442.091 -441.091 0.877318
778 -442.516 -441.516 1.19771
779 -443.64 -442.64 0.71221
780 -444.878 -443.878 0.923523
781 -444.025 -443.025 0.738321
782 -445.183 -444.183 0.884798
783 -443.976 -442.976 0.720185
784 -442.51 -441.51 0.875212
785 -442.043 -441.043 0.825679
786 -443.274 -442.274 0.691961
787 -444.405 -443.405 0.74592
788 -443.563 -442.563 0.70081
789 -441.981 -440.981 0.718777
790 -442.921 -441.921 0.668888
791 -442.923 -441.923 0.7383
792 -444.128 -443.128 0.789855
793 -442.031 -441.031 0.71767
794 -441.27 -440.27 0.769604
795 -440.925 -439.925 1.02089
796 -444.234 -443.234 0.713323
797 -442.869 -441.869 0.63891
798 -444.156 -443.156 0.714408
799 -442.283 -441.283 0.733266
800 -442.787 -441.787 0.776913
801 -442.458 -441.458 0.893135
802 -442.637 -441.637 0.66639
803 -441.542 -440.542 0.778053
804 -443.25 -442.25 0.688381
805 -444.243 -443.243 0.783005
806 -435.921 -434.921 1.84186
807 -444.479 -443.479 0.720536
808 -446.051 -445.051 0.976431
809 -444.482 -443.482 0.746654
810 -444.08 -443.08 0.704052
811 -441.141 -440.141 0.832713
812 -443.917 -442.917 0.667264
813 -443.438 -442.438 0.647498
814 -443.324 -442.324 0.652177
815 -441.409 -440.409 0.871156
816 -441.612 -440.612 0.93645
817 -443.254 -442.254 0.706388
818 -445.355 -444.355 0.942111
819 -444.345 -443.345 0.774801
820 -443.509 -442.509 0.684943
821 -441.186 -440.186 0.940723
822 -445.637 -444.637 0.924616
823 -444.144 -443.144 0.641265
824 -443.716 -442.716 0.590644
825 -444.275 -443.275 0.678335
826 -443.068 -442.068 0.579269
827 -442.429 -441.429 0.57382
828 -443.11 -442.11 0.555736
829 -443.081 -442.081 0.55001
830 -440.746 -439.746 0.846771
831 -440.124 -439.124 0.906463
832 -442.36 -441.36 0.525009
833 -441.081 -440.081 1.01799
834 -443.551 -442.551 0.645169
835 -441.293 -440.293 0.849855
836 -444.671 -443.671 0.713027
837 -445.562 -444.562 0.686364
838 -445.041 -444.041 0.596278
839 -443.613 -442.613 0.601006
840 -445.963 -444.963 0.738483
841 -443.042 -442.042 0.645225
842 -444.448 -443.448 0.505943
843 -444.127 -443.127 0.536317
844 -444.481 -443.481 0.562311
845 -443.439 -442.439 0.527489
846 -443.843 -442.843 0.486555
847 -438.179 -437.179 1.25145
848 -442.319 -441.319 0.949918
849 -446.451 -445.451 0.760634
850 -445.819 -444.819 0.764393
851 -446.895 -445.895 0.784602
852 -446.075 -445.075 0.600088
853 -444.798 -443.798 0.495
854 -444.526 -443.526 0.689934
855 -444.854 -443.854 0.582561
856 -444.777 -443.777 0.527168
857 -446.197 -445.197 0.766013
858 -438.123 -437.123 1.5838
859 -444.732 -443.732 0.503629
860 -445.795 -444.795 0.61141
861 -445.151 -444.151 0.609905
862 -445.805 -444.805 0.684366
863 -445.012 -444.012 0.573936
864 -445.452 -444.452 0.597724
865 -445.195 -444.195 0.519838
866 -442.883 -441.883 0.562336
867 -445.493 -444.493 0.595191
868 -443.414 -442.414 0.61365
869 -445.086 -444.086 0.522306
870 -444.142 -443.142 0.465063
871 -443.552 -442.552 0.528219
872 -444.119 -443.119 0.531166
873 -443.682 -442.682 0.473795
874 -444.446 -443.446 0.589803
875 -438.393 -437.393 1.17415
876 -443.346 -442.346 0.520812
877 -442.477 -441.477 0.489133
878 -443.748 -442.748 0.508463
879 -441.924 -440.924 0.635218
880 -442.95 -441.95 0.464298
881 -442.625 -441.625 0.43965
882 -441.643 -440.643 0.514865
883 -438.875 -437.875 0.742901
884 -437.602 -436.602 1.36765
885 -443.376 -442.376 0.483505
886 -444.434 -443.434 0.654105
887 -442.632 -441.632 0.734161
888 -445.616 -444.616 0.899788
889 -444.115 -443.115 0.747695
890 -442.743 -441.743 0.479992
891 -442.515 -441.515 0.506718
892 -442.504 -441.504 0.535051
893 -442.038 -441.038 0.488027
894 -440.37 -439.37 0.541579
895 -441.505 -440.505 0.396784
896 -438.791 -437.791 0.720916
897 -441.31 -440.31 0.763876
898 -441.188 -440.188 0.443553
899 -440.023 -439.023 0.512701
900 -442.245 -441.245 0.450001
901 -440.835 -439.835 0.510681
902 -441.686 -440.686 0.449138
903 -441.055 -440.055 0.489308
904 -442.028 -441.028 0.403444
905 -441.055 -440.055 0.517912
906 -441.801 -440.801 0.412338
907 -442.126 -441.126 0.444079
908 -442.604 -441.604 0.454061
909 -441.104 -440.104 0.438372
910 -436.725 -435.725 1.48351
911 -442.224 -441.224 0.438167
912 -443.904 -442.904 0.463122
913 -441.714 -440.714 0.736243
914 -445.551 -444.551 0.807497
915 -446.026 -445.026 0.908567
916 -441.91 -440.91 0.510066
917 -441.479 -440.479 0.742116
918 -442.342 -441.342 0.575091
919 -443.21 -442.21 0.453796
920 -440.8 -439.8 0.600818
921 -442.908 -441.908 0.527629
922 -443.246 -442.246 0.463633
923 -442.495 -441.495 0.363362
924 -442.296 -441.296 0.400662
925 -442.815 -441.815 0.508789
926 -441.328 -440.328 0.510359
927 -442.927 -441.927 0.407224
928 -442.702 -441.702 0.450768
929 -442.108 -441.108 0.347401
930 -441.016 -440.016 0.39006
931 -442.185 -441.185 0.410693
932 -441.453 -440.453 0.449438
933 -440.641 -439.641 0.420533
934 -442.258 -441.258 0.365145
935 -440.983 -439.983 0.562715
936 -441.491 -440.491 0.34966
937 -442.03 -441.03 0.37502
938 -442.443 -441.443 0.438159
939 -440.545 -439.545 0.340085
940 -439.319 -438.319 0.510583
941 -441.78 -440.78 0.425189
942 -439.338 -438.338 0.579238
943 -441.174 -440.174 0.383974
944 -439.107 -438.107 0.56433
945 -440.84 -439.84 0.350998
946 -441.341 -440.341 0.390069
947 -440.827 -439.827 0.364024
948 -436.83 -435.83 0.996793
949 -441.943 -440.943 0.4193
950 -442.45 -441.45 0.567176
951 -440.225 -439.225 0.376973
952 -440.179 -439.179 0.697077
953 -442.034 -441.034 0.483811
954 -439.434 -438.434 0.543606
955 -440.633 -439.633 0.387386
956 -442.045 -441.045 0.528663
957 -440.372 -439.372 0.331817
958 -442.18 -441.18 0.620396
959 -441.363 -440.363 0.52015
960 -439.934 -438.934 0.346211
961 -438.488 -437.488 0.415333
962 -440.192 -439.192 0.491959
963 -439.179 -438.179 0.467242
964 -436.617 -435.617 0.476341
965 -437 -436 0.793039
966 -440.075 -439.075 0.379157
967 -440.015 -439.015 0.360929
968 -440.155 -439.155 0.346906
969 -440.982 -439.982 0.481983
970 -438.693 -437.693 0.446192
971 -440.057 -439.057 0.309388
972 -440.51 -439.51 0.43902
973 -440.507 -439.507 0.37107
974 -438.48 -437.48 0.47786
975 -439.926 -438.926 0.587962
976 -440.388 -439.388 0.391506
977 -430.526 -429.526 2.52521
978 -440.438 -439.438 0.558139
979 -442.513 -441.513 0.83705
980 -439.634 -438.634 0.707114
981 -443.299 -442.299 0.725363
982 -445.231 -444.231 0.999879
983 -442.335 -441.335 0.724899
984 -443.325 -442.325 0.60382
985 -441.471 -440.471 0.740131
986 -440.76 -439.76 0.470358
987 -441.095 -440.095 0.518334
988 -436.398 -435.398 1.09556
989 -441.988 -440.988 0.48595
990 -441.076 -440.076 0.421334
991 -441.204 -440.204 0.373051
992 -441.198 -440.198 0.379213
993 -441.753 -440.753 0.364748
994 -439.38 -438.38 0.414696
995 -439.391 -438.391 0.512039
996 -438.989 -437.989 0.544471
997 -437.654 -436.654 0.971573
998 -441.425 -440.425 0.393112
999 -443.711 -442.711 0.636419
1000 -443.24 -442.24 0.50017
1001 -442.405 -441.405 0.468963
1002 -442.359 -441.359 0.382115
1003 -437.564 -436.564 0.913488
1004 -440.093 -439.093 0.39373
1005 -441.254 -440.254 0.418881
1006 -442.839 -441.839 0.485913
1007 -443.976 -442.976 0.724647
1008 -442.556 -441.556 0.635524
1009 -441.794 -440.794 0.352406
1010 -441.591 -440.591 0.392022
1011 -440.625 -439.625 0.536088
1012 -439.36 -438.36 0.484947
1013 -441.541 -440.541 0.390274
1014 -441.781 -440.781 0.465837
1015 -440.328 -439.328 0.279662
1016 -438.833 -437.833 0.356874
1017 -438.572 -437.572 0.529868
1018 -440.652 -439.652 0.360325
1019 -440.114 -439.114 0.367472
1020 -439.852 -438.852 0.305203
1021 -437.891 -436.891 0.397142
1022 -438.622 -437.622 0.39012
1023 -438.245 -437.245 0.328239
1024 -438.166 -437.166 0.360184
1025 -437.325 -436.325 0.528502
1026 -439.949 -438.949 0.362556
1027 -436.498 -435.498 0.454842
1028 -439.105 -438.105 0.413007
1029 -440.4 -439.4 0.495806
1030 -438.415 -437.415 0.348514
1031 -437.135 -436.135 0.479175
1032 -438.708 -437.708 0.271311
1033 -439.194 -438.194 0.406687
1034 -432.135 -431.135 2.01833
1035 -441.545 -440.545 0.663812
1036 -441.233 -440.233 0.556498
1037 -443.286 -442.286 0.880093
1038 -436.443 -435.443 0.844639
1039 -441.931 -440.931 0.700607
1040 -441.658 -440.658 0.625287
1041 -440.674 -439.674 0.632181
1042 -440.537 -439.537 0.484224
1043 -438.738 -437.738 0.378415
1044 -440.725 -439.725 0.432743
1045 -438.543 -437.543 0.402323
1046 -439.245 -438.245 0.271955
1047 -436.999 -435.999 0.426653
1048 -437.612 -436.612 0.383677
1049 -439.466 -438.466 0.496862
1050 -439.702 -438.702 0.274023
1051 -439.174 -438.174 0.312681
1052 -438.006 -437.006 0.464311
1053 -438.262 -437.262 0.529952
1054 -439.689 -438.689 0.344544
1055 -440.287 -439.287 0.258296
1056 -441.732 -440.732 0.403086
1057 -441.107 -440.107 0.376775
1058 -440.515 -439.515 0.396874
1059 -441.188 -440.188 0.405764
1060 -436.178 -435.178 0.855037
1061 -440.593 -439.593 0.410201
1062 -442.326 -441.326 0.509255
1063 -442.389 -441.389 0.475505
1064 -442.552 -441.552 0.522379
1065 -441.433 -440.433 0.32723
1066 -440.152 -439.152 0.37053
1067 -440.411 -439.411 0.250586
1068 -441.165 -440.165 0.388434
1069 -441.344 -440.344 0.362756
1070 -439.547 -438.547 0.342756
1071 -437.083 -436.083 0.785604
1072 -441.053 -440.053 0.307071
1073 -438.626 -437.626 0.603042
1074 -440.745 -439.745 0.451323
1075 -439.917 -438.917 0.331837
1076 -437.138 -436.138 0.90084
1077 -441.625 -440.625 0.477721
1078 -440.501 -439.501 0.272996
1079 -441.726 -440.726 0.561433
1080 -439.96 -438.96 0.246849
1081 -438.549 -437.549 0.378626
1082 -441.248 -440.248 0.537188
1083 -440.011 -439.011 0.381955
1084 -435.922 -434.922 0.884265
1085 -440.355 -439.355 0.389279
1086 -439.208 -438.208 0.446632
1087 -438.698 -437.698 0.481741
1088 -439.934 -438.934 0.305664
1089 -440.011 -439.011 0.340289
1090 -433.488 -432.488 1.60435
1091 -439.931 -438.931 0.379912
1092 -441.188 -440.188 0.578054
1093 -440.093 -439.093 0.279189
1094 -440.512 -439.512 0.354503
1095 -439.946 -438.946 0.421576
1096 -441.11 -440.11 0.550289
1097 -437.983 -436.983 0.363095
1098 -438.69 -437.69 0.248463
1099 -439.667 -438.667 0.291457
1100 -439.837 -438.837 0.311437
1101 -437.795 -436.795 0.389662
1102 -435.651 -434.651 0.84645
1103 -438.114 -437.114 0.412574
1104 -439.538 -438.538 0.285757
1105 -439.478 -438.478 0.282941
1106 -440.373 -439.373 0.438604
1107 -440.712 -439.712 0.327773
1108 -438.066 -437.066 0.497039
1109 -439.512 -438.512 0.316227
1110 -439.442 -438.442 0.345494
1111 -440.054 -439.054 0.259458
1112 -440.121 -439.121 0.335224
1113 -440.747 -439.747 0.292515
1114 -436.761 -435.761 0.866319
1115 -439.994 -438.994 0.362555
1116 -441.313 -440.313 0.323954
1117 -435.031 -434.031 1.58419
1118 -441.004 -440.004 0.58838
1119 -439.814 -438.814 0.541059
1120 -444.941 -443.941 0.972166
1121 -445.088 -444.088 0.989395
1122 -441.742 -440.742 0.425182
1123 -442.351 -441.351 0.747071
1124 -442.229 -441.229 0.800586
1125 -442.464 -441.464 0.786392
1126 -440.829 -439.829 0.483053
1127 -439.885 -438.885 0.330643
1128 -438.64 -437.64 0.330928
1129 -437.29 -436.29 0.624014
1130 -439.918 -438.918 0.304524
1131 -437.326 -436.326 0.451342
1132 -438.691 -437.691 0.250371
1133 -439.28 -438.28 0.257092
1134 -436.354 -435.354 0.673283
1135 -438.999 -437.999 0.279925
1136 -434.993 -433.993 0.986389
1137 -439.317 -438.317 0.331046
1138 -439.958 -438.958 0.408663
1139 -439.232 -438.232 0.231234
1140 -439.589 -438.589 0.256678
1141 -440.171 -439.171 0.280776
1142 -439.527 -438.527 0.28926
1143 -440.133 -439.133 0.332532
1144 -439.59 -438.59 0.344317
1145 -438.743 -437.743 0.323409
1146 -437.346 -436.346 0.415768
1147 -439.247 -438.247 0.333652
1148 -440.045 -439.045 0.460903
1149 -438.475 -437.475 0.261875
1150 -438.851 -437.851 0.276392
1151 -439.381 -438.381 0.308955
1152 -438.612 -437.612 0.308585
1153 -438.251 -437.251 0.2193
1154 -438.092 -437.092 0.28517
1155 -438.379 -437.379 0.179372
1156 -438.288 -437.288 0.286412
1157 -438.245 -437.245 0.244072
1158 -438.361 -437.361 0.206309
1159 -436.648 -435.648 0.32897
1160 -437.801 -436.801 0.363541
1161 -438.203 -437.203 0.298858
1162 -438.584 -437.584 0.259346
1163 -438.651 -437.651 0.212841
1164 -440.332 -439.332 0.429117
1165 -438.75 -437.75 0.212698
1166 -439.833 -438.833 0.317085
1167 -439.459 -438.459 0.292944
1168 -436.26 -435.26 0.392893
1169 -438.275 -437.275 0.308345
1170 -434.955 -433.955 0.983277
1171 -438.385 -437.385 0.374858
1172 -439.676 -438.676 0.347932
1173 -440.68 -439.68 0.390472
1174 -439.309 -438.309 0.182232
1175 -440.058 -439.058 0.363864
1176 -441.158 -440.158 0.456901
1177 -437.887 -436.887 0.53174
1178 -440.814 -439.814 0.330539
1179 -440.493 -439.493 0.372611
1180 -440.269 -439.269 0.355004
1181 -440.834 -439.834 0.48311
1182 -438.878 -437.878 0.538098
1183 -438.152 -437.152 0.499975
1184 -438.058 -437.058 0.438149
1185 -439.445 -438.445 0.277092
1186 -439.593 -438.593 0.421589
1187 -438.285 -437.285 0.2927
1188 -439.194 -438.194 0.311625
1189 -437.836 -436.836 0.502725
1190 -439.171 -438.171 0.412231
1191 -437.262 -436.262 0.47184
1192 -440.084 -439.084 0.408625
1193 -438.354 -437.354 0.300534
1194 -439.703 -438.703 0.367531
1195 -436.352 -435.352 0.426104
1196 -439.11 -438.11 0.432214
1197 -431.612 -430.612 1.67704
1198 -440.357 -439.357 0.520917
1199 -440.606 -439.606 0.529453
1200 -437.928 -436.928 0.349844
1201 -439.377 -438.377 0.452348
1202 -439.399 -438.399 0.302109
1203 -437.572 -436.572 0.387236
1204 -439.107 -438.107 0.280986
1205 -439.59 -438.59 0.319924
1206 -436.251 -435.251 0.835502
1207 -439.592 -438.592 0.282494
1208 -439.034 -438.034 0.198682
1209 -437.206 -436.206 0.450479
1210 -440.917 -439.917 0.538794
1211 -432.417 -431.417 1.5459
1212 -439.388 -438.388 0.802499
1213 -442.846 -441.846 0.85316
1214 -442.332 -441.332 0.809456
1215 -442.192 -441.192 0.797322
1216 -439.119 -438.119 0.287487
1217 -439.162 -438.162 0.451133
1218 -439.314 -438.314 0.383441
1219 -436.505 -435.505 0.816239
1220 -438.676 -437.676 0.296344
1221 -438.064 -437.064 0.218404
1222 -438.392 -437.392 0.280501
1223 -436.168 -435.168 0.518853
1224 -438.917 -437.917 0.319454
1225 -438.404 -437.404 0.292745
1226 -437.538 -436.538 0.23487
1227 -436.87 -435.87 0.43131
1228 -435.601 -434.601 0.592739
1229 -437.676 -436.676 0.338926
1230 -438.164 -437.164 0.428859
1231 -438.979 -437.979 0.399395
1232 -438.091 -437.091 0.263597
1233 -435.208 -434.208 0.675457
1234 -438.987 -437.987 0.383317
1235 -439.242 -438.242 0.299725
1236 -438.134 -437.134 0.468743
1237 -439.317 -438.317 0.30315
1238 -438.031 -437.031 0.239779
1239 -438.36 -437.36 0.374042
1240 -438.643 -437.643 0.219478
1241 -439.477 -438.477 0.276378
1242 -439.054 -438.054 0.248808
1243 -439.344 -438.344 0.238649
1244 -439.758 -438.758 0.417639
1245 -432.491 -431.491 1.46413
1246 -439.112 -438.112 0.497551
1247 -436.594 -435.594 0.636005
1248 -439.407 -438.407 0.263966
1249 -439.825 -438.825 0.461208
1250 -440.098 -439.098 0.417446
1251 -435.271 -434.271 1.02432
1252 -442.89 -441.89 0.872726
1253 -441.183 -440.183 0.560506
1254 -440.229 -439.229 0.407481
1255 -438.95 -437.95 0.331652
1256 -438.792 -437.792 0.412543
1257 -440.115 -439.115 0.708927
1258 -438.509 -437.509 0.215368
1259 -437.035 -436.035 0.641166
1260 -436.343 -435.343 0.359552
1261 -438.24 -437.24 0.370151
1262 -438.322 -437.322 0.314939
1263 -435.234 -434.234 0.751088
1264 -440.195 -439.195 0.529033
1265 -439.34 -438.34 0.31001
1266 -439.104 -438.104 0.376589
1267 -433.672 -432.672 1.06731
1268 -440.336 -439.336 0.481739
1269 -439.129 -438.129 0.38219
1270 -438.37 -437.37 0.178811
1271 -439.455 -438.455 0.42105
1272 -439.768 -438.768 0.518062
1273 -437.877 -436.877 0.405755
1274 -438.611 -437.611 0.353844
1275 -435.958 -434.958 0.35874
1276 -437.262 -436.262 0.191709
1277 -436.499 -435.499 0.280446
1278 -436.373 -435.373 0.291355
1279 -437.141 -436.141 0.225387
1280 -435.887 -434.887 0.459676
1281 -436.924 -435.924 0.311124
1282 -438.303 -437.303 0.311366
1283 -437.058 -436.058 0.206961
1284 -437.112 -436.112 0.200903
1285 -436.058 -435.058 0.402734
1286 -437.797 -436.797 0.192376
1287 -435.766 -434.766 0.396477
1288 -437.727 -436.727 0.318018
1289 -436.322 -435.322 0.548229
1290 -438.599 -437.599 0.252272
1291 -440.897 -439.897 0.837348
1292 -438.259 -437.259 0.434592
1293 -436.186 -435.186 0.431265
1294 -430.944 -429.944 1.41706
1295 -439.938 -438.938 0.522724
1296 -438.157 -437.157 0.20042
1297 -437.697 -436.697 0.826628
1298 -439.015 -438.015 0.452685
1299 -436.795 -435.795 0.580914
1300 -437.842 -436.842 0.548837
1301 -439.417 -438.417 0.412583
1302 -439.636 -438.636 0.384768
1303 -437.036 -436.036 0.268931
1304 -437.932 -436.932 0.284522
1305 -438.302 -437.302 0.318521
1306 -438.351 -437.351 0.241448
1307 -438.102 -437.102 0.301802
1308 -437.083 -436.083 0.352457
1309 -431.226 -430.226 1.82298
1310 -440.319 -439.319 0.641747
1311 -437.985 -436.985 0.586655
1312 -440.978 -439.978 0.511943
1313 -441.606 -440.606 0.57347
1314 -435.742 -434.742 0.979818
1315 -442.025 -441.025 0.602268
1316 -442.169 -441.169 0.656968
1317 -440.896 -439.896 0.592328
1318 -439.504 -438.504 0.458778
1319 -438.57 -437.57 0.266858
1320 -439.129 -438.129 0.367713
1321 -438.936 -437.936 0.295206
1322 -438.063 -437.063 0.515054
1323 -437.162 -436.162 0.444977
1324 -437.43 -436.43 0.414835
1325 -438.191 -437.191 0.279179
1326 -436.867 -435.867 0.299574
1327 -438.249 -437.249 0.362179
1328 -436.793 -435.793 0.362882
1329 -439.224 -438.224 0.457587
1330 -438.032 -437.032 0.301345
1331 -435.826 -434.826 0.285258
1332 -438.329 -437.329 0.235973
1333 -435.317 -434.317 0.574983
1334 -438.01 -437.01 0.216813
1335 -438.451 -437.451 0.295057
1336 -437.069 -436.069 0.216279
1337 -437.455 -436.455 0.195913
1338 -436.232 -435.232 0.369247
1339 -437.446 -436.446 0.353744
1340 -438.772 -437.772 0.332076
1341 -437.155 -436.155 0.552347
1342 -437.081 -436.081 0.247406
1343 -435.839 -434.839 0.445372
1344 -437.464 -436.464 0.280592
1345 -438.416 -437.416 0.290637
1346 -436.66 -435.66 0.689861
1347 -438.208 -437.208 0.237912
1348 -438.017 -437.017 0.403922
1349 -438.89 -437.89 0.618792
1350 -436.017 -435.017 0.609811
1351 -437.761 -436.761 0.402387
1352 -439.545 -438.545 0.469591
1353 -438.511 -437.511 0.488182
1354 -435.598 -434.598 0.524957
1355 -439.225 -438.225 0.424544
1356 -429.613 -428.613 1.7379
1357 -438.692 -437.692 0.499208
1358 -441.155 -440.155 0.706796
1359 -438.374 -437.374 0.369827
1360 -439.409 -438.409 0.315443
1361 -438.232 -437.232 0.396565
1362 -439.593 -438.593 0.444168
1363 -438.872 -437.872 0.236038
1364 -439.551 -438.551 0.422605
1365 -436.732 -435.732 0.572914
1366 -438.114 -437.114 0.419918
1367 -436.816 -435.816 0.649598
1368 -438.148 -437.148 0.234196
1369 -437.946 -436.946 0.218387
1370 -436.515 -435.515 0.314324
1371 -435.955 -434.955 0.539689
1372 -436.738 -435.738 0.43326
1373 -438.831 -437.831 0.304493
1374 -439.049 -438.049 0.573306
1375 -440.456 -439.456 0.687023
1376 -440.966 -439.966 0.589943
1377 -436.599 -435.599 0.679563
1378 -439.699 -438.699 0.382058
1379 -439.176 -438.176 0.375407
1380 -439.26 -438.26 0.497532
1381 -437.495 -436.495 0.371399
1382 -437.584 -436.584 0.392186
1383 -437.577 -436.577 0.690867
1384 -438.03 -437.03 0.606131
1385 -440.029 -439.029 0.434564
1386 -439.628 -438.628 0.411208
1387 -438.025 -437.025 0.238138
1388 -437.857 -436.857 0.198593
1389 -436.95 -435.95 0.261508
1390 -433.292 -432.292 1.07845
1391 -438.805 -437.805 0.248504
1392 -440.778 -439.778 0.535573
1393 -439.602 -438.602 0.417966
1394 -438.908 -437.908 0.356134
1395 -439.212 -438.212 0.390346
1396 -437.851 -436.851 0.237628
1397 -437.6 -436.6 0.385266
1398 -436.75 -435.75 0.371666
1399 -439.034 -438.034 0.24123
1400 -434.566 -433.566 0.848568
1401 -437.619 -436.619 0.210184
1402 -440.584 -439.584 0.527231
1403 -438.535 -437.535 0.30074
1404 -440.037 -439.037 0.516384
1405 -432.055 -431.055 1.20666
1406 -439.113 -438.113 0.413259
1407 -438.1 -437.1 0.169286
1408 -438.069 -437.069 0.219007
1409 -439.8 -438.8 0.37366
1410 -438.923 -437.923 0.230728
1411 -438.527 -437.527 0.203494
1412 -436.837 -435.837 0.406417
1413 -438.251 -437.251 0.265685
1414 -437.089 -436.089 0.364873
1415 -439.59 -438.59 0.35014
1416 -439.274 -438.274 0.389138
1417 -439.382 -438.382 0.342258
1418 -437.276 -436.276 0.402927
1419 -435.858 -434.858 0.355612
1420 -438.686 -437.686 0.281258
1421 -438.011 -437.011 0.147383
1422 -435.163 -434.163 0.665305
1423 -438.506 -437.506 0.25469
1424 -438.486 -437.486 0.224043
1425 -436.303 -435.303 0.524532
1426 -438.223 -437.223 0.164333
1427 -437.438 -436.438 0.441295
1428 -439.991 -438.991 0.484981
1429 -434.449 -433.449 0.908456
1430 -440.878 -439.878 0.604293
1431 -439.095 -438.095 0.463837
1432 -440.41 -439.41 0.493924
1433 -438.195 -437.195 0.334587
1434 -438.99 -437.99 0.373732
1435 -437.441 -436.441 0.24811
1436 -438.835 -437.835 0.226965
1437 -438.14 -437.14 0.314117
1438 -437.73 -436.73 0.276328
1439 -432.725 -431.725 1.2809
1440 -439.433 -438.433 0.500006
1441 -440.051 -439.051 0.451846
1442 -439.628 -438.628 0.396504
1443 -436.783 -435.783 0.434429
1444 -439.439 -438.439 0.335331
1445 -438.205 -437.205 0.270666
1446 -439.458 -438.458 0.357837
1447 -436.529 -435.529 0.367706
1448 -439.205 -438.205 0.41944
1449 -439.077 -438.077 0.403989
1450 -438.532 -437.532 0.579365
1451 -436.852 -435.852 0.349378
1452 -434.561 -433.561 0.793701
1453 -438.798 -437.798 0.433898
1454 -437.403 -436.403 0.311584
1455 -438.002 -437.002 0.357594
1456 -437.006 -436.006 0.290043
1457 -436.431 -435.431 0.204041
1458 -436.519 -435.519 0.244399
1459 -435.31 -434.31 0.351333
1460 -435.695 -434.695 0.429936
1461 -436.541 -435.541 0.253232
1462 -436.436 -435.436 0.255498
1463 -438.151 -437.151 0.277885
1464 -437.707 -436.707 0.197215
1465 -436.532 -435.532 0.296693
1466 -436.706 -435.706 0.166282
1467 -437.031 -436.031 0.246806
1468 -436.235 -435.235 0.293885
1469 -437.632 -436.632 0.266822
1470 -437.314 -436.314 0.258332
1471 -437.757 -436.757 0.305686
1472 -435.838 -434.838 0.390088
1473 -434.374 -433.374 0.767353
1474 -436.869 -435.869 0.538482
1475 -439.016 -438.016 0.409809
1476 -438.298 -437.298 0.297226
1477 -431.488 -430.488 1.78935
1478 -438.777 -437.777 0.679131
1479 -440.294 -439.294 0.600116
1480 -441.365 -440.365 0.895158
1481 -440.36 -439.36 0.506991
1482 -439.88 -438.88 0.48731
1483 -438.698 -437.698 0.467555
1484 -437.89 -436.89 0.356446
1485 -432.977 -431.977 1.09355
1486 -436.403 -435.403 0.507959
1487 -439.186 -438.186 0.309145
1488 -439.338 -438.338 0.442318
1489 -439.03 -438.03 0.41998
1490 -437.838 -436.838 0.360537
1491 -438.186 -437.186 0.219865
1492 -433.84 -432.84 0.599462
1493 -437.757 -436.757 0.354537
1494 -438.254 -437.254 0.41848
1495 -434.792 -433.792 0.641969
1496 -437.215 -436.215 0.20332
1497 -438.097 -437.097 0.285337
1498 -437.166 -436.166 0.207651
1499 -434.922 -433.922 0.76869
1500 -437.963 -436.963 0.235353
1501 -436.104 -435.104 0.409083
1502 -433.896 -432.896 1.02303
1503 -434.814 -433.814 0.92542
1504 -442.49 -441.49 1.0188
1505 -440.36 -439.36 0.553992
1506 -440.852 -439.852 0.678894
1507 -439.154 -438.154 0.29689
1508 -439.381 -438.381 0.431944
1509 -437.919 -436.919 0.227657
1510 -433.789 -432.789 0.764474
1511 -437.854 -436.854 0.195585
1512 -436.129 -435.129 0.396673
1513 -439.402 -438.402 0.441599
1514 -438.959 -437.959 0.445013
1515 -435.544 -434.544 0.628952
1516 -436.842 -435.842 0.285904
1517 -438.077 -437.077 0.231757
1518 -436.073 -435.073 0.352913
1519 -437.966 -436.966 0.432996
1520 -438.145 -437.145 0.344093
1521 -436.389 -435.389 0.360487
1522 -437.598 -436.598 0.308584
1523 -437.219 -436.219 0.288064
1524 -438.33 -437.33 0.252909
1525 -440.216 -439.216 0.462206
1526 -438.679 -437.679 0.291088
1527 -438.699 -437.699 0.288303
1528 -439.189 -438.189 0.541251
1529 -436.119 -435.119 0.40374
1530 -436.24 -435.24 0.368769
1531 -437.674 -436.674 0.434032
1532 -437.76 -436.76 0.260333
1533 -436.851 -435.851 0.313093
1534 -435.292 -434.292 0.751155
1535 -438.67 -437.67 0.254146
1536 -437.878 -436.878 0.399239
1537 -439.241 -438.241 0.584856
1538 -438.599 -437.599 0.212131
1539 -437.088 -436.088 0.201768
1540 -438.352 -437.352 0.284672
1541 -438.082 -437.082 0.316899
1542 -436.947 -435.947 0.462052
1543 -437.922 -436.922 0.180279
1544 -439.34 -438.34 0.471324
1545 -438.698 -437.698 0.307935
1546 -437.508 -436.508 0.267992
1547 -437.065 -436.065 0.191676
1548 -436.868 -435.868 0.226716
1549 -434.755 -433.755 0.728141
1550 -437.861 -436.861 0.208487
1551 -438.8 -437.8 0.293798
1552 -437.616 -436.616 0.219353
1553 -439.768 -438.768 0.492752
1554 -438.859 -437.859 0.481487
1555 -432.273 -431.273 1.43471
1556 -439.26 -438.26 0.347728
1557 -438.938 -437.938 0.266009
1558 -440.066 -439.066 0.545933
1559 -439.344 -438.344 0.426032
1560 -437.982 -436.982 0.254041
1561 -436.999 -435.999 0.228647
1562 -438.875 -437.875 0.406146
1563 -437.716 -436.716 0.1744
1564 -437.087 -436.087 0.248862
1565 -436.086 -435.086 0.346794
1566 -436.848 -435.848 0.223741
1567 -436.647 -435.647 0.269855
1568 -435.712 -434.712 0.498286
1569 -429.727 -428.727 2.03262
1570 -440.319 -439.319 0.610847
1571 -439.171 -438.171 0.376507
1572 -440.521 -439.521 0.536062
1573 -440.287 -439.287 0.499368
1574 -439.275 -438.275 0.781288
1575 -441.922 -440.922 0.819699
1576 -439.019 -438.019 0.620486
1577 -438.71 -437.71 0.230107
1578 -440.26 -439.26 0.662331
1579 -437.78 -436.78 0.335477
1580 -435.849 -434.849 0.440349
1581 -438.51 -437.51 0.348099
1582 -433.689 -432.689 0.914067
1583 -433.79 -432.79 0.970367
1584 -440.042 -439.042 0.533476
1585 -438.557 -437.557 0.330079
1586 -436.458 -435.458 0.470474
1587 -439.511 -438.511 0.380822
1588 -439.793 -438.793 0.512138
1589 -439.605 -438.605 0.490765
1590 -437.106 -436.106 0.270516
1591 -432.892 -431.892 1.38671
1592 -438.785 -437.785 0.388507
1593 -439.003 -438.003 0.322557
1594 -439.737 -438.737 0.636498
1595 -436.965 -435.965 0.386101
1596 -439.623 -438.623 0.684718
1597 -440.185 -439.185 0.686302
1598 -437.458 -436.458 0.497251
1599 -437.683 -436.683 0.253917
1600 -437.474 -436.474 0.420793
1601 -437.264 -436.264 0.263765
1602 -435.34 -434.34 0.464975
1603 -437.444 -436.444 0.282216
1604 -435.568 -434.568 0.366467
1605 -436.877 -435.877 0.237193
1606 -431.272 -430.272 1.41859
1607 -434.778 -433.778 0.577527
1608 -433.398 -432.398 1.22524
1609 -439.53 -438.53 0.623879
1610 -439.265 -438.265 0.4205
1611 -439.749 -438.749 0.563614
1612 -440.013 -439.013 0.576823
1613 -439.523 -438.523 0.60975
1614 -438.825 -437.825 0.460878
1615 -437.21 -436.21 0.277102
1616 -436.889 -435.889 0.264546
1617 -437.554 -436.554 0.348549
1618 -435.93 -434.93 0.408974
1619 -436.225 -435.225 0.23616
1620 -436.903 -435.903 0.203061
1621 -437.073 -436.073 0.23402
1622 -432.803 -431.803 0.869525
1623 -436.323 -435.323 0.264041
1624 -435.143 -434.143 0.404716
1625 -436.388 -435.388 0.235986
1626 -437.074 -436.074 0.23371
1627 -437.904 -436.904 0.270986
1628 -436.342 -435.342 0.214553
1629 -436.503 -435.503 0.288692
1630 -436.721 -435.721 0.373633
1631 -437.53 -436.53 0.312354
1632 -436.65 -435.65 0.30969
1633 -435.772 -434.772 0.395838
1634 -436.443 -435.443 0.402257
1635 -438.224 -437.224 0.283243
1636 -437.999 -436.999 0.285205
1637 -436.322 -435.322 0.567048
1638 -434.86 -433.86 0.613749
1639 -439.481 -438.481 0.543021
1640 -439.458 -438.458 0.512664
1641 -438.148 -437.148 0.410523
1642 -436.828 -435.828 0.337787
1643 -438.113 -437.113 0.355916
1644 -437.699 -436.699 0.210833
1645 -436.851 -435.851 0.173591
1646 -435.187 -434.187 0.441327
1647 -437.264 -436.264 0.270053
1648 -436.945 -435.945 0.237956
1649 -437.063 -436.063 0.188579
1650 -431.337 -430.337 1.39936
1651 -436.983 -435.983 0.257358
1652 -437.211 -436.211 0.271818
1653 -439.189 -438.189 0.549564
1654 -437.623 -436.623 0.330852
1655 -438.172 -437.172 0.429294
1656 -436.615 -435.615 0.187047
1657 -435.955 -434.955 0.282497
1658 -433.151 -432.151 0.924806
1659 -436.794 -435.794 0.326234
1660 -438.281 -437.281 0.551764
1661 -437.016 -436.016 0.253358
1662 -437.675 -436.675 0.305656
1663 -436.536 -435.536 0.233421
1664 -437.913 -436.913 0.370025
1665 -434.521 -433.521 0.535161
1666 -436.524 -435.524 0.205261
1667 -435.194 -434.194 0.409697
1668 -437.887 -436.887 0.393399
1669 -435.766 -434.766 0.293597
1670 -436.885 -435.885 0.204344
1671 -436.724 -435.724 0.31955
1672 -436.314 -435.314 0.280874
1673 -437.778 -436.778 0.402739
1674 -436.994 -435.994 0.264551
1675 -433.072 -432.072 1.00673
1676 -437.848 -436.848 0.337926
1677 -434.353 -433.353 0.731715
1678 -439.274 -438.274 0.512678
1679 -437.312 -436.312 0.249963
1680 -438.742 -437.742 0.410505
1681 -438.679 -437.679 0.441022
1682 -436.424 -435.424 0.270836
1683 -436.51 -435.51 0.262367
1684 -437.351 -436.351 0.425556
1685 -437.136 -436.136 0.226347
1686 -438.162 -437.162 0.429198
1687 -437.768 -436.768 0.247258
1688 -437.955 -436.955 0.315707
1689 -436.45 -435.45 0.258702
1690 -437.997 -436.997 0.291877
1691 -437.093 -436.093 0.240677
1692 -435.473 -434.473 0.489464
1693 -436.459 -435.459 0.305682
1694 -435.587 -434.587 0.46897
1695 -435.422 -434.422 0.582662
1696 -436.453 -435.453 0.542935
1697 -436.57 -435.57 0.366457
1698 -432.454 -431.454 1.35831
1699 -440.441 -439.441 0.645862
1700 -441.074 -440.074 0.768627
1701 -437.58 -436.58 0.393298
1702 -439.898 -438.898 0.512693
1703 -439.413 -438.413 0.707952
1704 -439.275 -438.275 0.403092
1705 -437.893 -436.893 0.418371
1706 -437.615 -436.615 0.294106
1707 -438.097 -437.097 0.408099
1708 -438.026 -437.026 0.24703
1709 -436.505 -435.505 0.288682
1710 -437.598 -436.598 0.178892
1711 -434.845 -433.845 0.558247
1712 -437.587 -436.587 0.302883
1713 -434.387 -433.387 0.672135
1714 -436.32 -435.32 0.281952
1715 -437.616 -436.616 0.261783
1716 -437.061 -436.061 0.248137
1717 -438.654 -437.654 0.294908
1718 -437.509 -436.509 0.312587
1719 -437.821 -436.821 0.201642
1720 -438.591 -437.591 0.243185
1721 -435.519 -434.519 0.591936
1722 -437.087 -436.087 0.371339
1723 -436.53 -435.53 0.571525
1724 -439.979 -438.979 0.503456
1725 -437.603 -436.603 0.234499
1726 -438.273 -437.273 0.276733
1727 -438.931 -437.931 0.302385
1728 -437.754 -436.754 0.365363
1729 -437.527 -436.527 0.646278
1730 -437.526 -436.526 0.303208
1731 -438.453 -437.453 0.458112
1732 -438.187 -437.187 0.511379
1733 -438.812 -437.812 0.648552
1734 -439.532 -438.532 0.371313
1735 -438.347 -437.347 0.483406
1736 -440.259 -439.259 0.62515
1737 -437.513 -436.513 0.671938
1738 -439.109 -438.109 0.524044
1739 -437.18 -436.18 0.332097
1740 -436.595 -435.595 0.317921
1741 -437.961 -436.961 0.390235
1742 -435.645 -434.645 0.349397
1743 -433.56 -432.56 0.788271
1744 -436.626 -435.626 0.247036
1745 -437.627 -436.627 0.354729
1746 -436.814 -435.814 0.29379
1747 -437.877 -436.877 0.248945
1748 -437.369 -436.369 0.280399
1749 -436.265 -435.265 0.396346
1750 -432.881 -431.881 0.954981
1751 -435.71 -434.71 0.625119
1752 -437.825 -436.825 0.345015
1753 -440.517 -439.517 0.839992
1754 -438.344 -437.344 0.445698
1755 -439.218 -438.218 0.604184
1756 -435.507 -434.507 0.572445
1757 -437.484 -436.484 0.350655
1758 -438.407 -437.407 0.572662
1759 -438.463 -437.463 0.49303
1760 -431.171 -430.171 1.44688
1761 -435.949 -434.949 0.485709
1762 -439.712 -438.712 0.569529
1763 -438.114 -437.114 0.321903
1764 -437.325 -436.325 0.185209
1765 -437.292 -436.292 0.375572
1766 -438.363 -437.363 0.387383
1767 -437.331 -436.331 0.224222
1768 -435.237 -434.237 0.450897
1769 -430.445 -429.445 1.85139
1770 -439.425 -438.425 0.602093
1771 -438.918 -437.918 0.363489
1772 -438.393 -437.393 0.387212
1773 -440.808 -439.808 0.672797
1774 -440.723 -439.723 0.870465
1775 -437.539 -436.539 0.560573
1776 -438.308 -437.308 0.417288
1777 -436.469 -435.469 0.251605
1778 -436.807 -435.807 0.537673
1779 -436.592 -435.592 0.217422
1780 -437.772 -436.772 0.304388
1781 -432.305 -431.305 0.688681
1782 -436.382 -435.382 0.221819
1783 -437.155 -436.155 0.36162
1784 -437.015 -436.015 0.282755
1785 -435.152 -434.152 0.540868
1786 -438.625 -437.625 0.414463
1787 -436.97 -435.97 0.197463
1788 -435.667 -434.667 0.419725
1789 -438.423 -437.423 0.384283
1790 -437.554 -436.554 0.266324
1791 -436.071 -435.071 0.286575
1792 -436.871 -435.871 0.204238
1793 -436.39 -435.39 0.392685
1794 -436.277 -435.277 0.326982
1795 -436.032 -435.032 0.423506
1796 -438.671 -437.671 0.371278
1797 -436.861 -435.861 0.206019
1798 -437.123 -436.123 0.301881
1799 -437.182 -436.182 0.347573
1800 -438.307 -437.307 0.524873
1801 -435.322 -434.322 0.538274
1802 -437.874 -436.874 0.282776
1803 -435.761 -434.761 0.633437
1804 -436.811 -435.811 0.457584
1805 -438.344 -437.344 0.331224
1806 -438.501 -437.501 0.509785
1807 -439.171 -438.171 0.592277
1808 -437.458 -436.458 0.49629
1809 -437.243 -436.243 0.175599
1810 -437.145 -436.145 0.522222
1811 -437.352 -436.352 0.389086
1812 -435.769 -434.769 0.391709
1813 -437.432 -436.432 0.280241
1814 -432.077 -431.077 1.23661
1815 -437.181 -436.181 0.295774
1816 -437.185 -436.185 0.298488
1817 -438.747 -437.747 0.531159
1818 -438.535 -437.535 0.534244
1819 -435.858 -434.858 0.346255
1820 -435.431 -434.431 0.330099
1821 -436.405 -435.405 0.197289
1822 -436.985 -435.985 0.360708
1823 -436.717 -435.717 0.258064
1824 -435.464 -434.464 0.234219
1825 -431.965 -430.965 1.11939
1826 -436.722 -435.722 0.226913
1827 -437.821 -436.821 0.460813
1828 -437.121 -436.121 0.295901
1829 -438.199 -437.199 0.372335
1830 -436.536 -435.536 0.2636
1831 -438.096 -437.096 0.411973
1832 -437.354 -436.354 0.359718
1833 -436.883 -435.883 0.283064
1834 -436.233 -435.233 0.193914
1835 -430.786 -429.786 1.38718
1836 -432.265 -431.265 1.2414
1837 -440.076 -439.076 0.680513
1838 -441.393 -440.393 0.961215
1839 -438.59 -437.59 0.340906
1840 -437.656 -436.656 0.302881
1841 -436.924 -435.924 0.752625
1842 -439.45 -438.45 0.574765
1843 -438.974 -437.974 0.604966
1844 -437.848 -436.848 0.469844
1845 -435.342 -434.342 0.348118
1846 -436.709 -435.709 0.28962
1847 -436.323 -435.323 0.227506
1848 -436.798 -435.798 0.220293
1849 -433.552 -432.552 0.537155
1850 -435.886 -434.886 0.148479
1851 -433.803 -432.803 0.64445
1852 -428.649 -427.649 1.71181
1853 -436.185 -435.185 0.507227
1854 -438.335 -437.335 0.434667
1855 -438.494 -437.494 0.434609
1856 -436.249 -435.249 0.570076
1857 -438.89 -437.89 0.660064
1858 -437.735 -436.735 0.250651
1859 -440.368 -439.368 0.7262
1860 -438.885 -437.885 0.537612
1861 -438.616 -437.616 0.484287
1862 -438.633 -437.633 0.63776
1863 -436.825 -435.825 0.214231
1864 -430.28 -429.28 1.40787
1865 -436.154 -435.154 0.281455
1866 -437.779 -436.779 0.306485
1867 -436.699 -435.699 0.233692
1868 -436.492 -435.492 0.30259
1869 -434.348 -433.348 0.824823
1870 -436.39 -435.39 0.768671
1871 -437.969 -436.969 0.486204
1872 -437.255 -436.255 0.315509
1873 -437.395 -436.395 0.419032
1874 -439.386 -438.386 0.526639
1875 -439.814 -438.814 0.654276
1876 -437.481 -436.481 0.444855
1877 -438.527 -437.527 0.39524
1878 -438.502 -437.502 0.456769
1879 -436.888 -435.888 0.297712
1880 -434.491 -433.491 0.395363
1881 -436.033 -435.033 0.274545
1882 -435.609 -434.609 0.44504
1883 -434.601 -433.601 0.481902
1884 -433.114 -432.114 0.873477
1885 -437.513 -436.513 0.251789
1886 -436.383 -435.383 0.300009
1887 -438.466 -437.466 0.336514
1888 -438.423 -437.423 0.371587
1889 -428.218 -427.218 1.26198
1890 -429.25 -428.25 1.39139
1891 -438.244 -437.244 0.670214
1892 -440.955 -439.955 0.777723
1893 -441.399 -440.399 0.702785
1894 -441.437 -440.437 0.788171
1895 -440.283 -439.283 0.495744
1896 -439.345 -438.345 0.289271
1897 -439.639 -438.639 0.37129
1898 -437.655 -436.655 0.477071
1899 -438.706 -437.706 0.506228
1900 -439.736 -438.736 0.546442
1901 -438.131 -437.131 0.311575
1902 -436.992 -435.992 0.346963
1903 -436.814 -435.814 0.36366
1904 -436.069 -435.069 0.387898
1905 -435.925 -434.925 0.443726
1906 -437.705 -436.705 0.218174
1907 -437.805 -436.805 0.181102
1908 -433.762 -432.762 0.551038
1909 -435.181 -434.181 0.58867
1910 -436.934 -435.934 0.38239
1911 -441.226 -440.226 0.807328
1912 -438.269 -437.269 0.246025
1913 -434.7 -433.7 0.78743
1914 -439.097 -438.097 0.320485
1915 -441.066 -440.066 0.781043
1916 -433.641 -432.641 1.07035
1917 -439.082 -438.082 0.504604
1918 -438.888 -437.888 0.363632
1919 -439.156 -438.156 0.504085
1920 -433.305 -432.305 1.11577
1921 -440.076 -439.076 0.628688
1922 -440.741 -439.741 0.78686
1923 -440.194 -439.194 0.800625
1924 -437.81 -436.81 0.461837
1925 -437.293 -436.293 0.456348
1926 -436.614 -435.614 0.474556
1927 -436.841 -435.841 0.433754
1928 -436.24 -435.24 0.380104
1929 -434.583 -433.583 0.406942
1930 -435.393 -434.393 0.354543
1931 -434.202 -433.202 0.426686
1932 -429.258 -428.258 1.56313
1933 -431.967 -430.967 0.743139
1934 -437.667 -436.667 0.541307
1935 -436.52 -435.52 0.389811
1936 -436.356 -435.356 0.347026
1937 -435.912 -434.912 0.244012
1938 -435.894 -434.894 0.185414
1939 -437.255 -436.255 0.464126
1940 -435.199 -434.199 0.241474
1941 -435.361 -434.361 0.305319
1942 -430.495 -429.495 1.25619
1943 -435.958 -434.958 0.342347
1944 -429.653 -428.653 1.72886
1945 -437.784 -436.784 0.492975
1946 -439.306 -438.306 0.725879
1947 -438.317 -437.317 0.419427
1948 -438.053 -437.053 0.596528
1949 -438.77 -437.77 0.573022
1950 -438.586 -437.586 0.53304
1951 -434.901 -433.901 0.458337
1952 -436.376 -435.376 0.424754
1953 -436.69 -435.69 0.308523
1954 -436.832 -435.832 0.24066
1955 -435.732 -434.732 0.371918
1956 -437.533 -436.533 0.312864
1957 -433.877 -432.877 0.700107
1958 -437.025 -436.025 0.382669
1959 -435.818 -434.818 0.453241
1960 -435.724 -434.724 0.440897
1961 -438.176 -437.176 0.361399
1962 -438.528 -437.528 0.280869
1963 -437.399 -436.399 0.409166
1964 -436.082 -435.082 0.380523
1965 -439.354 -438.354 0.359369
1966 -437.816 -436.816 0.343123
1967 -435.438 -434.438 0.43432
1968 -437.595 -436.595 0.401799
1969 -436.36 -435.36 0.380177
1970 -437.934 -436.934 0.184471
1971 -438.459 -437.459 0.26712
1972 -438.55 -437.55 0.398202
1973 -437.724 -436.724 0.210425
1974 -436.193 -435.193 0.40191
1975 -435.069 -434.069 0.655683
1976 -439.395 -438.395 0.485962
1977 -436.921 -435.921 0.33483
1978 -438.524 -437.524 0.433415
1979 -438.04 -437.04 0.236768
1980 -438.563 -437.563 0.373854
1981 -438.393 -437.393 0.45228
1982 -436.851 -435.851 0.209843
1983 -436.556 -435.556 0.279122
1984 -435.773 -434.773 0.262093
1985 -434.193 -433.193 0.514528
1986 -435.293 -434.293 0.263229
