0 0 -25.8847 23.9286 -25.8847
0 0.12 -21.0836 28.7385 -21.0836
0 0.24 -20.2309 29.6244 -20.2309
0 0.36 -14.6984 35.1933 -14.6984
0 0.48 -13.691 36.2352 -13.691
0 0.6 -12.5389 37.4143 -12.5389
0 0.72 -11.3887 38.5821 -11.3887
0 0.84 -10.2666 39.7127 -10.2666
0 0.96 -9.19532 40.7841 -9.19532
0 1.08 -8.18564 41.787 -8.18564
0 1.2 -7.24032 42.7183 -7.24032
0 1.32 -6.35978 43.5765 -6.35978
0 1.44 -5.54431 44.3582 -5.54431
0 1.56 -4.79407 45.0588 -4.79407
0 1.68 -4.11348 45.6662 -4.11348
0 1.8 -3.51096 46.1569 -3.51096
0 1.92 -3.00324 46.4843 -3.00324
0 2.04 -2.63564 46.5313 -2.63564
0 2.16 -2.5638 45.9174 -2.5638
0 2.28 -3.36398 43.2404 -3.36398
0 2.4 -6.69768 33.745 -6.69768
0 2.52 -11.0483 10.1888 -11.0483
0 2.64 4.78913 -8.72457 4.78913
0 2.76 29.8255 -5.27959 29.8255
0 2.88 38.602 -2.17332 38.602
0 3 32.4443 -4.37417 32.4443
0 3.12 9.34427 -9.04921 9.34427
0 3.24 -10.5498 5.68094 -10.5498
0 3.36 -7.69574 30.7834 -7.69574
0 3.48 -3.78283 42.1936 -3.78283
0 3.6 -2.65434 45.5901 -2.65434
0 3.72 -2.59827 46.4506 -2.59827
0 3.84 -2.90837 46.5068 -2.90837
0 3.96 -3.38047 46.2379 -3.38047
0 4.08 -3.95564 45.7888 -3.95564
0 4.2 -4.61256 45.2149 -4.61256
0 4.32 -5.34151 44.5426 -5.34151
0 4.44 -6.13715 43.7855 -6.13715
0 4.56 -6.99796 42.9501 -6.99796
0 4.68 -7.92303 42.04 -7.92303
0 4.8 -8.91313 41.0554 -8.91313
0 4.92 -9.96603 39.9981 -9.96603
0 5.04 -11.0745 38.8736 -11.0745
0 5.16 -12.2249 37.6932 -12.2249
0 5.28 -13.387 36.4857 -13.387
0 5.4 -14.5069 35.3061 -14.5069
0 5.52 -15.351 34.3938 -15.351
0 5.64 -4.79715 44.8789 -4.79715
0 5.76 -31.2206 18.4205 -31.2206
0 5.88 -22.406 27.1607 -22.406
0.12 0 -41.3036 8.50898 -41.3036
0.12 0.12 -36.6219 13.1992 -36.6219
0.12 0.24 -35.3407 14.5133 -35.3407
0.12 0.36 -29.4164 20.4743 -29.4164
0.12 0.48 -28.4202 21.5053 -28.4202
0.12 0.6 -27.2125 22.7403 -27.2125
0.12 0.72 -26.0104 23.9603 -26.0104
0.12 0.84 -24.8371 25.1422 -24.8371
0.12 0.96 -23.717 26.2626 -23.717
0.12 1.08 -22.6618 27.3109 -22.6618
0.12 1.2 -21.6738 28.2849 -21.6738
0.12 1.32 -20.7534 29.1829 -20.7534
0.12 1.44 -19.9008 30.0013 -19.9008
0.12 1.56 -19.1158 30.7359 -19.1158
0.12 1.68 -18.4033 31.3741 -18.4033
0.12 1.8 -17.7716 31.8922 -17.7716
0.12 1.92 -17.2368 32.2439 -17.2368
0.12 2.04 -16.8449 32.3102 -16.8449
0.12 2.16 -16.7493 31.7094 -16.7493
0.12 2.28 -17.5295 29.0244 -17.5295
0.12 2.4 -20.8777 19.4357 -20.8777
0.12 2.52 -25.1921 -4.17384 -25.1921
0.12 2.64 -9.11631 -22.6485 -9.11631
0.12 2.76 16.1976 -18.8798 16.1976
0.12 2.88 25.1164 -15.6607 25.1164
0.12 3 18.9482 -17.898 18.9482
0.12 3.12 -4.34003 -22.8963 -4.34003
0.12 3.24 -24.6094 -8.78106 -24.6094
0.12 3.36 -21.9158 16.3456 -21.9158
0.12 3.48 -17.9629 27.9367 -17.9629
0.12 3.6 -16.8347 31.3787 -16.8347
0.12 3.72 -16.7957 32.2378 -16.7957
0.12 3.84 -17.128 32.2785 -17.128
0.12 3.96 -17.6247 31.9884 -17.6247
0.12 4.08 -18.227 31.5144 -18.227
0.12 4.2 -18.9134 30.9124 -18.9134
0.12 4.32 -19.6757 30.2077 -19.6757
0.12 4.44 -20.5062 29.4161 -20.5062
0.12 4.56 -21.4054 28.5425 -21.4054
0.12 4.68 -22.3717 27.5912 -22.3717
0.12 4.8 -23.4052 26.5633 -23.4052
0.12 4.92 -24.5046 25.4594 -24.5046
0.12 5.04 -25.6624 24.2855 -25.6624
0.12 5.16 -26.8638 23.0539 -26.8638
0.12 5.28 -28.0778 21.7941 -28.0778
0.12 5.4 -29.2515 20.5603 -29.2515
0.12 5.52 -30.2535 19.49 -30.2535
0.12 5.64 -18.1434 31.5314 -18.1434
0.12 5.76 -45.5036 4.13536 -45.5036
0.12 5.88 -40.1303 9.43466 -40.1303
0.24 0 -24.4946 25.3322 -24.4946
0.24 0.12 -20.9423 28.8912 -20.9423
0.24 0.24 -19.985 29.8783 -19.985
0.24 0.36 -14.3154 35.582 -14.3154
0.24 0.48 -13.4677 36.4624 -13.4677
0.24 0.6 -12.3079 37.6484 -12.3079
0.24 0.72 -11.1752 38.798 -11.1752
0.24 0.84 -10.0681 39.9134 -10.0681
0.24 0.96 -9.01124 40.9704 -9.01124
0.24 1.08 -8.01634 41.9587 -8.01634
0.24 1.2 -7.08664 42.8747 -7.08664
0.24 1.32 -6.22077 43.7195 -6.22077
0.24 1.44 -5.41777 44.4891 -5.41777
0.24 1.56 -4.67505 45.1829 -4.67505
0.24 1.68 -4.00534 45.7811 -4.00534
0.24 1.8 -3.41058 46.266 -3.41058
0.24 1.92 -2.90751 46.5921 -2.90751
0.24 2.04 -2.54538 46.6396 -2.54538
0.24 2.16 -2.46274 46.0472 -2.46274
0.24 2.28 -3.23673 43.4209 -3.23673
0.24 2.4 -6.55828 33.9797 -6.55828
0.24 2.52 -11.0416 10.2838 -11.0416
0.24 2.64 5.12093 -8.54973 5.12093
0.24 2.76 30.8404 -4.57873 30.8404
0.24 2.88 39.6644 -1.45446 39.6644
0.24 3 33.6487 -3.69202 33.6487
0.24 3.12 10.4467 -8.8836 10.4467
0.24 3.24 -10.3565 5.09124 -10.3565
0.24 3.36 -7.51227 30.7866 -7.51227
0.24 3.48 -3.61184 42.3565 -3.61184
0.24 3.6 -2.54018 45.7172 -2.54018
0.24 3.72 -2.50734 46.554 -2.50734
0.24 3.84 -2.81785 46.6075 -2.81785
0.24 3.96 -3.28694 46.3384 -3.28694
0.24 4.08 -3.85382 45.8967 -3.85382
0.24 4.2 -4.5017 45.331 -4.5017
0.24 4.32 -5.22585 44.6625 -5.22585
0.24 4.44 -6.00763 43.9185 -6.00763
0.24 4.56 -6.85725 43.0928 -6.85725
0.24 4.68 -7.77393 42.1904 -7.77393
0.24 4.8 -8.74663 41.224 -8.74663
0.24 4.92 -9.78543 40.1812 -9.78543
0.24 5.04 -10.8806 39.0703 -10.8806
0.24 5.16 -12.0132 37.9098 -12.0132
0.24 5.28 -13.1593 36.7208 -13.1593
0.24 5.4 -14.2666 35.5569 -14.2666
0.24 5.52 -15.1866 34.573 -15.1866
0.24 5.64 -3.44621 46.2486 -3.44621
0.24 5.76 -31.0727 18.5902 -31.0727
0.24 5.88 -20.124 29.4695 -20.124
0.36 0 -24.9093 24.927 -24.9093
0.36 0.12 -21.1736 28.6685 -21.1736
0.36 0.24 -20.3061 29.5636 -20.3061
0.36 0.36 -14.6867 35.2154 -14.6867
0.36 0.48 -13.8292 36.1041 -13.8292
0.36 0.6 -12.6677 37.2909 -12.6677
0.36 0.72 -11.5324 38.4426 -11.5324
0.36 0.84 -10.4226 39.5605 -10.4226
0.36 0.96 -9.36301 40.6202 -9.36301
0.36 1.08 -8.36636 41.6105 -8.36636
0.36 1.2 -7.43511 42.5285 -7.43511
0.36 1.32 -6.56805 43.3752 -6.56805
0.36 1.44 -5.76439 44.1461 -5.76439
0.36 1.56 -5.02071 44.8416 -5.02071
0.36 1.68 -4.35005 45.442 -4.35005
0.36 1.8 -3.75454 45.9295 -3.75454
0.36 1.92 -3.25022 46.26 -3.25022
0.36 2.04 -2.88706 46.3138 -2.88706
0.36 2.16 -2.80076 45.7351 -2.80076
0.36 2.28 -3.56594 43.1398 -3.56594
0.36 2.4 -6.88696 33.744 -6.88696
0.36 2.52 -11.4513 9.97561 -11.4513
0.36 2.64 4.7927 -8.98113 4.7927
0.36 2.76 30.7081 -4.89585 30.7081
0.36 2.88 39.6066 -1.7141 39.6066
0.36 3 33.7604 -3.90248 33.7604
0.36 3.12 10.6461 -9.26435 10.6461
0.36 3.24 -10.6684 4.32734 -10.6684
0.36 3.36 -7.93701 30.2594 -7.93701
0.36 3.48 -3.9663 41.9997 -3.9663
0.36 3.6 -2.8766 45.392 -2.8766
0.36 3.72 -2.84259 46.2294 -2.84259
0.36 3.84 -3.15488 46.2791 -3.15488
0.36 3.96 -3.62517 46.0066 -3.62517
0.36 4.08 -4.19335 45.5621 -4.19335
0.36 4.2 -4.84205 44.9946 -4.84205
0.36 4.32 -5.56798 44.3236 -5.56798
0.36 4.44 -6.35067 43.5779 -6.35067
0.36 4.56 -7.20196 42.7498 -7.20196
0.36 4.68 -8.12007 41.8456 -8.12007
0.36 4.8 -9.09426 40.8777 -9.09426
0.36 4.92 -10.135 39.8332 -10.135
0.36 5.04 -11.2325 38.7208 -11.2325
0.36 5.16 -12.3677 37.559 -12.3677
0.36 5.28 -13.5171 36.3689 -13.5171
0.36 5.4 -14.6276 35.2048 -14.6276
0.36 5.52 -15.5482 34.2236 -15.5482
0.36 5.64 -3.88397 45.8264 -3.88397
0.36 5.76 -31.4433 18.2371 -31.4433
0.36 5.88 -20.5719 29.0428 -20.5719
0.48 0 -24.9365 24.9061 -24.9365
0.48 0.12 -21.1752 28.6726 -21.1752
0.48 0.24 -20.3148 29.5591 -20.3148
0.48 0.36 -14.6972 35.2077 -14.6972
0.48 0.48 -13.8389 36.0961 -13.8389
0.48 0.6 -12.6773 37.2824 -12.6773
0.48 0.72 -11.5416 38.4341 -11.5416
0.48 0.84 -10.4314 39.5521 -10.4314
0.48 0.96 -9.37158 40.6121 -9.37158
0.48 1.08 -8.37495 41.6027 -8.37495
0.48 1.2 -7.44394 42.5208 -7.44394
0.48 1.32 -6.57742 43.3675 -6.57742
0.48 1.44 -5.77462 44.138 -5.77462
0.48 1.56 -5.03161 44.8333 -5.03161
0.48 1.68 -4.36134 45.434 -4.36134
0.48 1.8 -3.76591 45.9224 -3.76591
0.48 1.92 -3.26125 46.2547 -3.26125
0.48 2.04 -2.89741 46.3118 -2.89741
0.48 2.16 -2.80944 45.7393 -2.80944
0.48 2.28 -3.57111 43.1569 -3.57111
0.48 2.4 -6.89451 33.7742 -6.89451
0.48 2.52 -11.4949 9.95731 -11.4949
0.48 2.64 4.81271 -9.04349 4.81271
0.48 2.76 30.8288 -4.89186 30.8288
0.48 2.88 39.7765 -1.67769 39.7765
0.48 3 34.0777 -3.81847 34.0777
0.48 3.12 11.0975 -9.28355 11.0975
0.48 3.24 -10.61 3.93807 -10.61
0.48 3.36 -8.02063 30.0311 -8.02063
0.48 3.48 -3.99221 41.944 -3.99221
0.48 3.6 -2.88385 45.3811 -2.88385
0.48 3.72 -2.84627 46.2275 -2.84627
0.48 3.84 -3.15884 46.2779 -3.15884
0.48 3.96 -3.63002 46.0043 -3.63002
0.48 4.08 -4.19898 45.5587 -4.19898
0.48 4.2 -4.84803 44.9905 -4.84803
0.48 4.32 -5.57409 44.3191 -5.57409
0.48 4.44 -6.3566 43.5732 -6.3566
0.48 4.56 -7.20765 42.7449 -7.20765
0.48 4.68 -8.12534 41.8406 -8.12534
0.48 4.8 -9.09932 40.8728 -9.09932
0.48 4.92 -10.14 39.8285 -10.14
0.48 5.04 -11.2373 38.7169 -11.2373
0.48 5.16 -12.3729 37.556 -12.3729
0.48 5.28 -13.523 36.3669 -13.523
0.48 5.4 -14.6345 35.2041 -14.6345
0.48 5.52 -15.5556 34.225 -15.5556
0.48 5.64 -3.90446 45.8171 -3.90446
0.48 5.76 -31.458 18.235 -31.458
0.48 5.88 -20.6084 29.0216 -20.6084
0.6 0 -24.97 24.8765 -24.97
0.6 0.12 -21.1712 28.6803 -21.1712
0.6 0.24 -20.3164 29.5605 -20.3164
0.6 0.36 -14.6982 35.2088 -14.6982
0.6 0.48 -13.8394 36.0971 -13.8394
0.6 0.6 -12.6771 37.2836 -12.6771
0.6 0.72 -11.5406 38.4359 -11.5406
0.6 0.84 -10.4297 39.5546 -10.4297
0.6 0.96 -9.36915 40.6153 -9.36915
0.6 1.08 -8.37217 41.6064 -8.37217
0.6 1.2 -7.44108 42.5249 -7.44108
0.6 1.32 -6.57474 43.3718 -6.57474
0.6 1.44 -5.77243 44.1422 -5.77243
0.6 1.56 -5.02996 44.8372 -5.02996
0.6 1.68 -4.36004 45.4377 -4.36004
0.6 1.8 -3.76461 45.9264 -3.76461
0.6 1.92 -3.25957 46.2595 -3.25957
0.6 2.04 -2.89502 46.3181 -2.89502
0.6 2.16 -2.80606 45.7482 -2.80606
0.6 2.28 -3.56673 43.1701 -3.56673
0.6 2.4 -6.89412 33.7869 -6.89412
0.6 2.52 -11.5117 9.93587 -11.5117
0.6 2.64 4.84317 -9.07825 4.84317
0.6 2.76 30.9129 -4.88714 30.9129
0.6 2.88 39.8963 -1.65228 39.8963
0.6 3 34.3251 -3.74863 34.3251
0.6 3.12 11.4894 -9.27974 11.4894
0.6 3.24 -10.5309 3.60655 -10.5309
0.6 3.36 -8.08639 29.8142 -8.08639
0.6 3.48 -4.00791 41.8886 -4.00791
0.6 3.6 -2.88022 45.3742 -2.88022
0.6 3.72 -2.83802 46.2329 -2.83802
0.6 3.84 -3.15021 46.2861 -3.15021
0.6 3.96 -3.62199 46.013 -3.62199
0.6 4.08 -4.19163 45.5673 -4.19163
0.6 4.2 -4.84106 44.9989 -4.84106
0.6 4.32 -5.5672 44.3275 -5.5672
0.6 4.44 -6.34967 43.5814 -6.34967
0.6 4.56 -7.20071 42.7528 -7.20071
0.6 4.68 -8.11847 41.8481 -8.11847
0.6 4.8 -9.0927 40.8798 -9.0927
0.6 4.92 -10.1337 39.8353 -10.1337
0.6 5.04 -11.2314 38.7236 -11.2314
0.6 5.16 -12.3677 37.5629 -12.3677
0.6 5.28 -13.5188 36.3743 -13.5188
0.6 5.4 -14.6316 35.212 -14.6316
0.6 5.52 -15.5541 34.2335 -15.5541
0.6 5.64 -3.90604 45.8245 -3.90604
0.6 5.76 -31.4593 18.2438 -31.4593
0.6 5.88 -20.6145 29.0276 -20.6145
0.72 0 -25.0043 24.8447 -25.0043
0.72 0.12 -21.1685 28.6855 -21.1685
0.72 0.24 -20.3187 29.56 -20.3187
0.72 0.36 -14.6998 35.2085 -14.6998
0.72 0.48 -13.8403 36.0969 -13.8403
0.72 0.6 -12.6771 37.2838 -12.6771
0.72 0.72 -11.5398 38.4366 -11.5398
0.72 0.84 -10.4283 39.5559 -10.4283
0.72 0.96 -9.36725 40.6171 -9.36725
0.72 1.08 -8.37004 41.6085 -8.37004
0.72 1.2 -7.43885 42.5274 -7.43885
0.72 1.32 -6.57257 43.3746 -6.57257
0.72 1.44 -5.77053 44.1449 -5.77053
0.72 1.56 -5.02839 44.8397 -5.02839
0.72 1.68 -4.35862 45.4401 -4.35862
0.72 1.8 -3.76302 45.9288 -3.76302
0.72 1.92 -3.25734 46.2624 -3.25734
0.72 2.04 -2.89167 46.3222 -2.89167
0.72 2.16 -2.80116 45.7541 -2.80116
0.72 2.28 -3.5604 43.1781 -3.5604
0.72 2.4 -6.88998 33.7925 -6.88998
0.72 2.52 -11.5158 9.91954 -11.5158
0.72 2.64 4.87116 -9.09806 4.87116
0.72 2.76 30.9717 -4.88365 30.9717
0.72 2.88 39.9836 -1.63443 39.9836
0.72 3 34.5211 -3.69132 34.5211
0.72 3.12 11.8222 -9.26622 11.8222
0.72 3.24 -10.4488 3.32887 -10.4488
0.72 3.36 -8.13938 29.6196 -8.13938
0.72 3.48 -4.01991 41.8352 -4.01991
0.72 3.6 -2.87562 45.3652 -2.87562
0.72 3.72 -2.82967 46.2357 -2.82967
0.72 3.84 -3.14174 46.2919 -3.14174
0.72 3.96 -3.61413 46.0196 -3.61413
0.72 4.08 -4.18432 45.5742 -4.18432
0.72 4.2 -4.83402 45.0061 -4.83402
0.72 4.32 -5.5602 44.3348 -5.5602
0.72 4.44 -6.34267 43.5886 -6.34267
0.72 4.56 -7.1938 42.7597 -7.1938
0.72 4.68 -8.11175 41.8546 -8.11175
0.72 4.8 -9.0863 40.8859 -9.0863
0.72 4.92 -10.1276 39.841 -10.1276
0.72 5.04 -11.2259 38.7292 -11.2259
0.72 5.16 -12.3628 37.5685 -12.3628
0.72 5.28 -13.515 36.3799 -13.515
0.72 5.4 -14.629 35.2178 -14.629
0.72 5.52 -15.5528 34.2395 -15.5528
0.72 5.64 -3.90649 45.8302 -3.90649
0.72 5.76 -31.4595 18.2504 -31.4595
0.72 5.88 -20.6175 29.0332 -20.6175
0.84 0 -25.0384 24.8118 -25.0384
0.84 0.12 -21.1661 28.689 -21.1661
0.84 0.24 -20.3206 29.5585 -20.3206
0.84 0.36 -14.7006 35.2074 -14.7006
0.84 0.48 -13.8404 36.096 -13.8404
0.84 0.6 -12.6767 37.2831 -12.6767
0.84 0.72 -11.5388 38.4363 -11.5388
0.84 0.84 -10.4267 39.5561 -10.4267
0.84 0.96 -9.3654 40.6177 -9.3654
0.84 1.08 -8.368 41.6095 -8.368
0.84 1.2 -7.43671 42.5288 -7.43671
0.84 1.32 -6.57047 43.3761 -6.57047
0.84 1.44 -5.76865 44.1465 -5.76865
0.84 1.56 -5.02681 44.8412 -5.02681
0.84 1.68 -4.35727 45.4413 -4.35727
0.84 1.8 -3.76174 45.9299 -3.76174
0.84 1.92 -3.25582 46.2636 -3.25582
0.84 2.04 -2.88962 46.3236 -2.88962
0.84 2.16 -2.79837 45.7561 -2.79837
0.84 2.28 -3.55708 43.1807 -3.55708
0.84 2.4 -6.88847 33.7926 -6.88847
0.84 2.52 -11.5192 9.90636 -11.5192
0.84 2.64 4.88858 -9.11238 4.88858
0.84 2.76 31.0112 -4.8831 31.0112
0.84 2.88 40.0481 -1.62231 40.0481
0.84 3 34.6766 -3.64574 34.6766
0.84 3.12 12.0973 -9.25236 12.0973
0.84 3.24 -10.3773 3.09469 -10.3773
0.84 3.36 -8.18758 29.4467 -8.18758
0.84 3.48 -4.03354 41.7833 -4.03354
0.84 3.6 -2.874 45.3534 -2.874
0.84 3.72 -2.82393 46.2352 -2.82393
0.84 3.84 -3.13519 46.2951 -3.13519
0.84 3.96 -3.60752 46.0242 -3.60752
0.84 4.08 -4.17771 45.5795 -4.17771
0.84 4.2 -4.8273 45.0119 -4.8273
0.84 4.32 -5.55327 44.341 -5.55327
0.84 4.44 -6.33563 43.5948 -6.33563
0.84 4.56 -7.18679 42.7657 -7.18679
0.84 4.68 -8.10489 41.8603 -8.10489
0.84 4.8 -9.07976 40.8911 -9.07976
0.84 4.92 -10.1215 39.8459 -10.1215
0.84 5.04 -11.2202 38.7337 -11.2202
0.84 5.16 -12.3579 37.5727 -12.3579
0.84 5.28 -13.5109 36.384 -13.5109
0.84 5.4 -14.626 35.2217 -14.626
0.84 5.52 -15.5508 34.2434 -15.5508
0.84 5.64 -3.90502 45.8346 -3.90502
0.84 5.76 -31.4583 18.255 -31.4583
0.84 5.88 -20.6173 29.0383 -20.6173
0.96 0 -25.0712 24.7799 -25.0712
0.96 0.12 -21.1645 28.6913 -21.1645
0.96 0.24 -20.3236 29.5559 -20.3236
0.96 0.36 -14.7028 35.2052 -14.7028
0.96 0.48 -13.8419 36.094 -13.8419
0.96 0.6 -12.6775 37.2814 -12.6775
0.96 0.72 -11.5391 38.435 -11.5391
0.96 0.84 -10.4265 39.5552 -10.4265
0.96 0.96 -9.36465 40.6174 -9.36465
0.96 1.08 -8.36674 41.6098 -8.36674
0.96 1.2 -7.43491 42.5298 -7.43491
0.96 1.32 -6.56816 43.3778 -6.56816
0.96 1.44 -5.76591 44.1488 -5.76591
0.96 1.56 -5.02368 44.8439 -5.02368
0.96 1.68 -4.35372 45.4444 -4.35372
0.96 1.8 -3.75765 45.9334 -3.75765
0.96 1.92 -3.251 46.2676 -3.251
0.96 2.04 -2.88395 46.3281 -2.88395
0.96 2.16 -2.79171 45.7614 -2.79171
0.96 2.28 -3.54946 43.1871 -3.54946
0.96 2.4 -6.88102 33.7997 -6.88102
0.96 2.52 -11.5164 9.90759 -11.5164
0.96 2.64 4.89708 -9.11824 4.89708
0.96 2.76 31.0359 -4.88302 31.0359
0.96 2.88 40.0959 -1.61276 40.0959
0.96 3 34.7995 -3.60806 34.7995
0.96 3.12 12.3221 -9.23628 12.3221
0.96 3.24 -10.3123 2.90874 -10.3123
0.96 3.36 -8.22304 29.3063 -8.22304
0.96 3.48 -4.04114 41.7427 -4.04114
0.96 3.6 -2.86892 45.3464 -2.86892
0.96 3.72 -2.81546 46.2379 -2.81546
0.96 3.84 -3.12621 46.3007 -3.12621
0.96 3.96 -3.59875 46.0308 -3.59875
0.96 4.08 -4.16931 45.5865 -4.16931
0.96 4.2 -4.81923 45.0189 -4.81923
0.96 4.32 -5.54555 44.3478 -5.54555
0.96 4.44 -6.32836 43.6011 -6.32836
0.96 4.56 -7.18004 42.7714 -7.18004
0.96 4.68 -8.0987 41.8654 -8.0987
0.96 4.8 -9.07417 40.8955 -9.07417
0.96 4.92 -10.1165 39.8498 -10.1165
0.96 5.04 -11.2159 38.7372 -11.2159
0.96 5.16 -12.3544 37.5757 -12.3544
0.96 5.28 -13.5084 36.3866 -13.5084
0.96 5.4 -14.6243 35.2241 -14.6243
0.96 5.52 -15.5499 34.2458 -15.5499
0.96 5.64 -3.90548 45.8366 -3.90548
0.96 5.76 -31.4584 18.2577 -31.4584
0.96 5.88 -20.6191 29.0405 -20.6191
1.08 0 -25.1011 24.7507 -25.1011
1.08 0.12 -21.1623 28.6942 -21.1623
1.08 0.24 -20.3257 29.5543 -20.3257
1.08 0.36 -14.704 35.2041 -14.704
1.08 0.48 -13.8425 36.0931 -13.8425
1.08 0.6 -12.6776 37.2807 -12.6776
1.08 0.72 -11.5387 38.4344 -11.5387
1.08 0.84 -10.4258 39.5548 -10.4258
1.08 0.96 -9.36362 40.6173 -9.36362
1.08 1.08 -8.36541 41.6101 -8.36541
1.08 1.2 -7.43329 42.5304 -7.43329
1.08 1.32 -6.56631 43.3788 -6.56631
1.08 1.44 -5.76394 44.15 -5.76394
1.08 1.56 -5.0217 44.8453 -5.0217
1.08 1.68 -4.35178 45.4458 -4.35178
1.08 1.8 -3.75582 45.9347 -3.75582
1.08 1.92 -3.24932 46.2686 -3.24932
1.08 2.04 -2.88251 46.329 -2.88251
1.08 2.16 -2.79054 45.7621 -2.79054
1.08 2.28 -3.54822 43.1886 -3.54822
1.08 2.4 -6.87909 33.8045 -6.87909
1.08 2.52 -11.5185 9.91348 -11.5185
1.08 2.64 4.89111 -9.12364 4.89111
1.08 2.76 31.0455 -4.8871 31.0455
1.08 2.88 40.1284 -1.60785 40.1284
1.08 3 34.8928 -3.58037 34.8928
1.08 3.12 12.4976 -9.22487 12.4976
1.08 3.24 -10.2635 2.75704 -10.2635
1.08 3.36 -8.25777 29.1872 -8.25777
1.08 3.48 -4.05358 41.704 -4.05358
1.08 3.6 -2.86993 45.3361 -2.86993
1.08 3.72 -2.81239 46.2366 -2.81239
1.08 3.84 -3.12152 46.3028 -3.12152
1.08 3.96 -3.59326 46.0345 -3.59326
1.08 4.08 -4.16338 45.5911 -4.16338
1.08 4.2 -4.81302 45.024 -4.81302
1.08 4.32 -5.53921 44.3531 -5.53921
1.08 4.44 -6.32206 43.6064 -6.32206
1.08 4.56 -7.17392 42.7765 -7.17392
1.08 4.68 -8.09282 41.8702 -8.09282
1.08 4.8 -9.06863 40.9001 -9.06863
1.08 4.92 -10.1113 39.854 -10.1113
1.08 5.04 -11.2112 38.7412 -11.2112
1.08 5.16 -12.3502 37.5795 -12.3502
1.08 5.28 -13.5049 36.3902 -13.5049
1.08 5.4 -14.6216 35.2276 -14.6216
1.08 5.52 -15.5478 34.2495 -15.5478
1.08 5.64 -3.90394 45.8406 -3.90394
1.08 5.76 -31.4565 18.2623 -31.4565
1.08 5.88 -20.6185 29.0449 -20.6185
1.2 0 -25.1285 24.7238 -25.1285
1.2 0.12 -21.1598 28.6972 -21.1598
1.2 0.24 -20.3272 29.553 -20.3272
1.2 0.36 -14.705 35.203 -14.705
1.2 0.48 -13.8431 36.0921 -13.8431
1.2 0.6 -12.6778 37.2797 -12.6778
1.2 0.72 -11.5386 38.4337 -11.5386
1.2 0.84 -10.4253 39.5543 -10.4253
1.2 0.96 -9.36281 40.6171 -9.36281
1.2 1.08 -8.36422 41.6104 -8.36422
1.2 1.2 -7.43164 42.5313 -7.43164
1.2 1.32 -6.56414 43.3804 -6.56414
1.2 1.44 -5.76121 44.1523 -5.76121
1.2 1.56 -5.01834 44.8482 -5.01834
1.2 1.68 -4.3477 45.4496 -4.3477
1.2 1.8 -3.75095 45.9393 -3.75095
1.2 1.92 -3.24367 46.2741 -3.24367
1.2 2.04 -2.87628 46.3352 -2.87628
1.2 2.16 -2.78397 45.769 -2.78397
1.2 2.28 -3.54123 43.1974 -3.54123
1.2 2.4 -6.87117 33.8191 -6.87117
1.2 2.52 -11.5186 9.93184 -11.5186
1.2 2.64 4.87217 -9.12726 4.87217
1.2 2.76 31.039 -4.89683 31.039
1.2 2.88 40.1441 -1.60978 40.1441
1.2 3 34.9574 -3.56367 34.9574
1.2 3.12 12.6286 -9.21769 12.6286
1.2 3.24 -10.2247 2.64204 -10.2247
1.2 3.36 -8.28129 29.0988 -8.28129
1.2 3.48 -4.05845 41.6792 -4.05845
1.2 3.6 -2.86538 45.3339 -2.86538
1.2 3.72 -2.80481 46.2412 -2.80481
1.2 3.84 -3.1132 46.3094 -3.1132
1.2 3.96 -3.58506 46.0415 -3.58506
1.2 4.08 -4.15561 45.598 -4.15561
1.2 4.2 -4.80574 45.0306 -4.80574
1.2 4.32 -5.5324 44.3592 -5.5324
1.2 4.44 -6.31574 43.6121 -6.31574
1.2 4.56 -7.16807 42.7817 -7.16807
1.2 4.68 -8.08737 41.8749 -8.08737
1.2 4.8 -9.06357 40.9044 -9.06357
1.2 4.92 -10.1067 39.8581 -10.1067
1.2 5.04 -11.2069 38.745 -11.2069
1.2 5.16 -12.3464 37.5832 -12.3464
1.2 5.28 -13.5016 36.3937 -13.5016
1.2 5.4 -14.6188 35.2312 -14.6188
1.2 5.52 -15.5458 34.253 -15.5458
1.2 5.64 -3.90295 45.8438 -3.90295
1.2 5.76 -31.4558 18.2656 -31.4558
1.2 5.88 -20.6185 29.0483 -20.6185
1.32 0 -25.1534 24.6996 -25.1534
1.32 0.12 -21.1571 28.7005 -21.1571
1.32 0.24 -20.3288 29.5517 -20.3288
1.32 0.36 -14.7064 35.2016 -14.7064
1.32 0.48 -13.8443 36.0905 -13.8443
1.32 0.6 -12.6787 37.2783 -12.6787
1.32 0.72 -11.5392 38.4324 -11.5392
1.32 0.84 -10.4256 39.5532 -10.4256
1.32 0.96 -9.36279 40.6163 -9.36279
1.32 1.08 -8.36394 41.6098 -8.36394
1.32 1.2 -7.43107 42.531 -7.43107
1.32 1.32 -6.56322 43.3805 -6.56322
1.32 1.44 -5.75992 44.1529 -5.75992
1.32 1.56 -5.01661 44.8494 -5.01661
1.32 1.68 -4.34545 45.4514 -4.34545
1.32 1.8 -3.74807 45.9418 -3.74807
1.32 1.92 -3.2401 46.2774 -3.2401
1.32 2.04 -2.87208 46.3394 -2.87208
1.32 2.16 -2.77917 45.7745 -2.77917
1.32 2.28 -3.53525 43.2059 -3.53525
1.32 2.4 -6.86247 33.8371 -6.86247
1.32 2.52 -11.5175 9.95878 -11.5175
1.32 2.64 4.84801 -9.12559 4.84801
1.32 2.76 31.0272 -4.90401 31.0272
1.32 2.88 40.1543 -1.60944 40.1543
1.32 3 35.006 -3.54869 35.006
1.32 3.12 12.728 -9.20934 12.728
1.32 3.24 -10.1939 2.55782 -10.1939
1.32 3.36 -8.29864 29.0327 -8.29864
1.32 3.48 -4.06232 41.6605 -4.06232
1.32 3.6 -2.86239 45.3319 -2.86239
1.32 3.72 -2.79964 46.2441 -2.79964
1.32 3.84 -3.10755 46.3136 -3.10755
1.32 3.96 -3.57952 46.0461 -3.57952
1.32 4.08 -4.15036 45.6024 -4.15036
1.32 4.2 -4.80076 45.0349 -4.80076
1.32 4.32 -5.52764 44.3633 -5.52764
1.32 4.44 -6.31123 43.6159 -6.31123
1.32 4.56 -7.1638 42.7853 -7.1638
1.32 4.68 -8.08328 41.8784 -8.08328
1.32 4.8 -9.05966 40.9078 -9.05966
1.32 4.92 -10.1029 39.8613 -10.1029
1.32 5.04 -11.2033 38.7483 -11.2033
1.32 5.16 -12.3431 37.5864 -12.3431
1.32 5.28 -13.4988 36.397 -13.4988
1.32 5.4 -14.6166 35.2345 -14.6166
1.32 5.52 -15.5442 34.2563 -15.5442
1.32 5.64 -3.90236 45.8466 -3.90236
1.32 5.76 -31.4554 18.2686 -31.4554
1.32 5.88 -20.6188 29.0511 -20.6188
1.44 0 -25.1757 24.6787 -25.1757
1.44 0.12 -21.1538 28.7053 -21.1538
1.44 0.24 -20.3291 29.5528 -20.3291
1.44 0.36 -14.7064 35.203 -14.7064
1.44 0.48 -13.8442 36.092 -13.8442
1.44 0.6 -12.6783 37.2801 -12.6783
1.44 0.72 -11.5382 38.4346 -11.5382
1.44 0.84 -10.4242 39.5558 -10.4242
1.44 0.96 -9.36098 40.6191 -9.36098
1.44 1.08 -8.36181 41.6128 -8.36181
1.44 1.2 -7.4287 42.5342 -7.4287
1.44 1.32 -6.5607 43.3839 -6.5607
1.44 1.44 -5.75737 44.1563 -5.75737
1.44 1.56 -5.01412 44.8527 -5.01412
1.44 1.68 -4.34304 45.4546 -4.34304
1.44 1.8 -3.74576 45.945 -3.74576
1.44 1.92 -3.23783 46.2807 -3.23783
1.44 2.04 -2.86984 46.3428 -2.86984
1.44 2.16 -2.77676 45.7788 -2.77676
1.44 2.28 -3.53164 43.2137 -3.53164
1.44 2.4 -6.85541 33.8564 -6.85541
1.44 2.52 -11.519 9.98944 -11.519
1.44 2.64 4.81424 -9.12539 4.81424
1.44 2.76 31.0049 -4.91635 31.0049
1.44 2.88 40.1534 -1.61487 40.1534
1.44 3 35.0347 -3.54272 35.0347
1.44 3.12 12.7949 -9.20663 12.7949
1.44 3.24 -10.1744 2.4957 -10.1744
1.44 3.36 -8.31326 28.984 -8.31326
1.44 3.48 -4.06698 41.6462 -4.06698
1.44 3.6 -2.86179 45.33 -2.86179
1.44 3.72 -2.79701 46.2462 -2.79701
1.44 3.84 -3.10397 46.3173 -3.10397
1.44 3.96 -3.57536 46.0506 -3.57536
1.44 4.08 -4.14576 45.6076 -4.14576
1.44 4.2 -4.79576 45.0406 -4.79576
1.44 4.32 -5.52229 44.3695 -5.52229
1.44 4.44 -6.30566 43.6224 -6.30566
1.44 4.56 -7.15818 42.7919 -7.15818
1.44 4.68 -8.07768 41.8851 -8.07768
1.44 4.8 -9.05418 40.9145 -9.05418
1.44 4.92 -10.0976 39.8681 -10.0976
1.44 5.04 -11.1983 38.755 -11.1983
1.44 5.16 -12.3384 37.5931 -12.3384
1.44 5.28 -13.4946 36.4035 -13.4946
1.44 5.4 -14.613 35.2408 -14.613
1.44 5.52 -15.5415 34.2622 -15.5415
1.44 5.64 -3.89955 45.853 -3.89955
1.44 5.76 -31.4538 18.2739 -31.4538
1.44 5.88 -20.6159 29.0582 -20.6159
1.56 0 -25.1961 24.66 -25.1961
1.56 0.12 -21.1511 28.7097 -21.1511
1.56 0.24 -20.3303 29.5533 -20.3303
1.56 0.36 -14.7077 35.2034 -14.7077
1.56 0.48 -13.8456 36.0923 -13.8456
1.56 0.6 -12.6794 37.2805 -12.6794
1.56 0.72 -11.5392 38.4351 -11.5392
1.56 0.84 -10.4249 39.5564 -10.4249
1.56 0.96 -9.36148 40.6199 -9.36148
1.56 1.08 -8.36207 41.6137 -8.36207
1.56 1.2 -7.42869 42.5353 -7.42869
1.56 1.32 -6.56044 43.3851 -6.56044
1.56 1.44 -5.75691 44.1576 -5.75691
1.56 1.56 -5.0135 44.8542 -5.0135
1.56 1.68 -4.34229 45.4562 -4.34229
1.56 1.8 -3.7449 45.9466 -3.7449
1.56 1.92 -3.23687 46.2825 -3.23687
1.56 2.04 -2.86879 46.3449 -2.86879
1.56 2.16 -2.77532 45.782 -2.77532
1.56 2.28 -3.52851 43.2211 -3.52851
1.56 2.4 -6.84797 33.8773 -6.84797
1.56 2.52 -11.5201 10.0243 -11.5201
1.56 2.64 4.77733 -9.12283 4.77733
1.56 2.76 30.9791 -4.92799 30.9791
1.56 2.88 40.1484 -1.62007 40.1484
1.56 3 35.052 -3.53924 35.052
1.56 3.12 12.8392 -9.20453 12.8392
1.56 3.24 -10.1613 2.45397 -10.1613
1.56 3.36 -8.32356 28.9509 -8.32356
1.56 3.48 -4.07058 41.6363 -4.07058
1.56 3.6 -2.86193 45.3283 -2.86193
1.56 3.72 -2.79578 46.2473 -2.79578
1.56 3.84 -3.10206 46.3195 -3.10206
1.56 3.96 -3.57305 46.0534 -3.57305
1.56 4.08 -4.1432 45.6108 -4.1432
1.56 4.2 -4.79301 45.0442 -4.79301
1.56 4.32 -5.51941 44.3733 -5.51941
1.56 4.44 -6.30274 43.6263 -6.30274
1.56 4.56 -7.15529 42.7959 -7.15529
1.56 4.68 -8.07485 41.8892 -8.07485
1.56 4.8 -9.0514 40.9188 -9.0514
1.56 4.92 -10.0949 39.8725 -10.0949
1.56 5.04 -11.1956 38.7596 -11.1956
1.56 5.16 -12.3359 37.5978 -12.3359
1.56 5.28 -13.4922 36.4084 -13.4922
1.56 5.4 -14.6111 35.2457 -14.6111
1.56 5.52 -15.5401 34.2669 -15.5401
1.56 5.64 -3.8989 45.8574 -3.8989
1.56 5.76 -31.4536 18.2781 -31.4536
1.56 5.88 -20.6157 29.0625 -20.6157
1.68 0 -25.2146 24.6427 -25.2146
1.68 0.12 -21.1488 28.7132 -21.1488
1.68 0.24 -20.3312 29.5536 -20.3312
1.68 0.36 -14.7087 35.2036 -14.7087
1.68 0.48 -13.8469 36.0923 -13.8469
1.68 0.6 -12.681 37.2802 -12.681
1.68 0.72 -11.541 38.4346 -11.541
1.68 0.84 -10.4269 39.5557 -10.4269
1.68 0.96 -9.36355 40.6189 -9.36355
1.68 1.08 -8.36414 41.6126 -8.36414
1.68 1.2 -7.43063 42.5343 -7.43063
1.68 1.32 -6.56218 43.3842 -6.56218
1.68 1.44 -5.75846 44.1569 -5.75846
1.68 1.56 -5.01485 44.8536 -5.01485
1.68 1.68 -4.3434 45.4557 -4.3434
1.68 1.8 -3.74572 45.9464 -3.74572
1.68 1.92 -3.23729 46.2826 -3.23729
1.68 2.04 -2.86867 46.3458 -2.86867
1.68 2.16 -2.77421 45.7845 -2.77421
1.68 2.28 -3.52494 43.2288 -3.52494
1.68 2.4 -6.8393 33.8999 -6.8393
1.68 2.52 -11.5207 10.0624 -11.5207
1.68 2.64 4.7367 -9.11965 4.7367
1.68 2.76 30.9486 -4.94094 30.9486
1.68 2.88 40.1378 -1.62704 40.1378
1.68 3 35.0575 -3.53985 35.0575
1.68 3.12 12.8631 -9.20456 12.8631
1.68 3.24 -10.1539 2.42893 -10.1539
1.68 3.36 -8.32926 28.9317 -8.32926
1.68 3.48 -4.07223 41.6308 -4.07223
1.68 3.6 -2.86195 45.3272 -2.86195
1.68 3.72 -2.79544 46.2474 -2.79544
1.68 3.84 -3.10166 46.3201 -3.10166
1.68 3.96 -3.57263 46.0543 -3.57263
1.68 4.08 -4.14279 45.6119 -4.14279
1.68 4.2 -4.79255 45.0454 -4.79255
1.68 4.32 -5.51887 44.3748 -5.51887
1.68 4.44 -6.30217 43.6279 -6.30217
1.68 4.56 -7.15472 42.7976 -7.15472
1.68 4.68 -8.07424 41.8911 -8.07424
1.68 4.8 -9.05068 40.9209 -9.05068
1.68 4.92 -10.094 39.875 -10.094
1.68 5.04 -11.1944 38.7624 -11.1944
1.68 5.16 -12.3344 37.6011 -12.3344
1.68 5.28 -13.4907 36.412 -13.4907
1.68 5.4 -14.6094 35.2496 -14.6094
1.68 5.52 -15.5384 34.2711 -15.5384
1.68 5.64 -3.89684 45.8622 -3.89684
1.68 5.76 -31.4519 18.2827 -31.4519
1.68 5.88 -20.6131 29.0683 -20.6131
1.8 0 -25.2308 24.6272 -25.2308
1.8 0.12 -21.1464 28.7163 -21.1464
1.8 0.24 -20.3313 29.5542 -20.3313
1.8 0.36 -14.7085 35.2045 -14.7085
1.8 0.48 -13.8466 36.0933 -13.8466
1.8 0.6 -12.6807 37.2811 -12.6807
1.8 0.72 -11.5406 38.4355 -11.5406
1.8 0.84 -10.4266 39.5565 -10.4266
1.8 0.96 -9.36331 40.6196 -9.36331
1.8 1.08 -8.36393 41.6133 -8.36393
1.8 1.2 -7.43039 42.535 -7.43039
1.8 1.32 -6.56186 43.385 -6.56186
1.8 1.44 -5.75806 44.1578 -5.75806
1.8 1.56 -5.01439 44.8546 -5.01439
1.8 1.68 -4.34285 45.4568 -4.34285
1.8 1.8 -3.74502 45.9477 -3.74502
1.8 1.92 -3.23636 46.2842 -3.23636
1.8 2.04 -2.86741 46.3479 -2.86741
1.8 2.16 -2.77223 45.7881 -2.77223
1.8 2.28 -3.52072 43.2374 -3.52072
1.8 2.4 -6.82979 33.9238 -6.82979
1.8 2.52 -11.5198 10.1026 -11.5198
1.8 2.64 4.69726 -9.11401 4.69726
1.8 2.76 30.9195 -4.95115 30.9195
1.8 2.88 40.1281 -1.63124 40.1281
1.8 3 35.0587 -3.53986 35.0587
1.8 3.12 12.8746 -9.20376 12.8746
1.8 3.24 -10.1494 2.41778 -10.1494
1.8 3.36 -8.3312 28.9234 -8.3312
1.8 3.48 -4.07214 41.6294 -4.07214
1.8 3.6 -2.86097 45.3281 -2.86097
1.8 3.72 -2.7941 46.2491 -2.7941
1.8 3.84 -3.10012 46.3221 -3.10012
1.8 3.96 -3.57096 46.0565 -3.57096
1.8 4.08 -4.14099 45.6143 -4.14099
1.8 4.2 -4.79058 45.0481 -4.79058
1.8 4.32 -5.51673 44.3776 -5.51673
1.8 4.44 -6.29988 43.6309 -6.29988
1.8 4.56 -7.15233 42.8007 -7.15233
1.8 4.68 -8.07173 41.8943 -8.07173
1.8 4.8 -9.04804 40.9243 -9.04804
1.8 4.92 -10.0912 39.8786 -10.0912
1.8 5.04 -11.1915 38.7663 -11.1915
1.8 5.16 -12.3314 37.605 -12.3314
1.8 5.28 -13.4876 36.4161 -13.4876
1.8 5.4 -14.6064 35.254 -14.6064
1.8 5.52 -15.5355 34.2758 -15.5355
1.8 5.64 -3.89441 45.8667 -3.89441
1.8 5.76 -31.4496 18.2872 -31.4496
1.8 5.88 -20.6114 29.0727 -20.6114
1.92 0 -25.2437 24.6145 -25.2437
1.92 0.12 -21.1442 28.7187 -21.1442
1.92 0.24 -20.3316 29.5542 -20.3316
1.92 0.36 -14.7086 35.2046 -14.7086
1.92 0.48 -13.8464 36.0935 -13.8464
1.92 0.6 -12.6802 37.2815 -12.6802
1.92 0.72 -11.5399 38.436 -11.5399
1.92 0.84 -10.4258 39.557 -10.4258
1.92 0.96 -9.36241 40.6203 -9.36241
1.92 1.08 -8.36292 41.6141 -8.36292
1.92 1.2 -7.42924 42.536 -7.42924
1.92 1.32 -6.56056 43.3863 -6.56056
1.92 1.44 -5.75668 44.1594 -5.75668
1.92 1.56 -5.01301 44.8564 -5.01301
1.92 1.68 -4.34151 45.4588 -4.34151
1.92 1.8 -3.74374 45.9499 -3.74374
1.92 1.92 -3.23509 46.2867 -3.23509
1.92 2.04 -2.8661 46.351 -2.8661
1.92 2.16 -2.77051 45.7926 -2.77051
1.92 2.28 -3.51707 43.2468 -3.51707
1.92 2.4 -6.82107 33.9481 -6.82107
1.92 2.52 -11.5198 10.143 -11.5198
1.92 2.64 4.65677 -9.10844 4.65677
1.92 2.76 30.8882 -4.96218 30.8882
1.92 2.88 40.1147 -1.63698 40.1147
1.92 3 35.0525 -3.54275 35.0525
1.92 3.12 12.8736 -9.20451 12.8736
1.92 3.24 -10.1492 2.41647 -10.1492
1.92 3.36 -8.33152 28.9238 -8.33152
1.92 3.48 -4.07164 41.6316 -4.07164
1.92 3.6 -2.86003 45.3308 -2.86003
1.92 3.72 -2.79274 46.252 -2.79274
1.92 3.84 -3.09836 46.3251 -3.09836
1.92 3.96 -3.56886 46.0597 -3.56886
1.92 4.08 -4.13856 45.6176 -4.13856
1.92 4.2 -4.78785 45.0515 -4.78785
1.92 4.32 -5.51376 44.3811 -5.51376
1.92 4.44 -6.29678 43.6344 -6.29678
1.92 4.56 -7.14921 42.8041 -7.14921
1.92 4.68 -8.06862 41.8975 -8.06862
1.92 4.8 -9.04498 40.9274 -9.04498
1.92 4.92 -10.0881 39.8816 -10.0881
1.92 5.04 -11.1885 38.7693 -11.1885
1.92 5.16 -12.3285 37.6081 -12.3285
1.92 5.28 -13.4847 36.4194 -13.4847
1.92 5.4 -14.6035 35.2576 -14.6035
1.92 5.52 -15.5327 34.2797 -15.5327
1.92 5.64 -3.89183 45.8709 -3.89183
1.92 5.76 -31.4474 18.2916 -31.4474
1.92 5.88 -20.6087 29.0776 -20.6087
2.04 0 -25.2524 24.606 -25.2524
2.04 0.12 -21.142 28.7211 -21.142
2.04 0.24 -20.3309 29.5552 -20.3309
2.04 0.36 -14.7076 35.206 -14.7076
2.04 0.48 -13.8451 36.0953 -13.8451
2.04 0.6 -12.6787 37.2835 -12.6787
2.04 0.72 -11.5383 38.4381 -11.5383
2.04 0.84 -10.4241 39.5592 -10.4241
2.04 0.96 -9.3608 40.6224 -9.3608
2.04 1.08 -8.36139 41.6162 -8.36139
2.04 1.2 -7.42774 42.5381 -7.42774
2.04 1.32 -6.559 43.3885 -6.559
2.04 1.44 -5.755 44.1617 -5.755
2.04 1.56 -5.01114 44.8589 -5.01114
2.04 1.68 -4.33934 45.4617 -4.33934
2.04 1.8 -3.74113 45.9531 -3.74113
2.04 1.92 -3.23193 46.2907 -3.23193
2.04 2.04 -2.86233 46.3558 -2.86233
2.04 2.16 -2.76589 45.7991 -2.76589
2.04 2.28 -3.51031 43.2583 -3.51031
2.04 2.4 -6.8095 33.9746 -6.8095
2.04 2.52 -11.5179 10.1851 -11.5179
2.04 2.64 4.61587 -9.10229 4.61587
2.04 2.76 30.8548 -4.97362 30.8548
2.04 2.88 40.098 -1.64374 40.098
2.04 3 35.0398 -3.54776 35.0398
2.04 3.12 12.8622 -9.20602 12.8622
2.04 3.24 -10.1506 2.42473 -10.1506
2.04 3.36 -8.32705 28.9332 -8.32705
2.04 3.48 -4.0671 41.6384 -4.0671
2.04 3.6 -2.85581 45.3363 -2.85581
2.04 3.72 -2.78869 46.257 -2.78869
2.04 3.84 -3.09455 46.3298 -3.09455
2.04 3.96 -3.56534 46.064 -3.56534
2.04 4.08 -4.13528 45.6218 -4.13528
2.04 4.2 -4.78469 45.0556 -4.78469
2.04 4.32 -5.51064 44.3852 -5.51064
2.04 4.44 -6.29367 43.6384 -6.29367
2.04 4.56 -7.14604 42.8082 -7.14604
2.04 4.68 -8.06535 41.9017 -8.06535
2.04 4.8 -9.04158 40.9317 -9.04158
2.04 4.92 -10.0846 39.886 -10.0846
2.04 5.04 -11.1848 38.7737 -11.1848
2.04 5.16 -12.3247 37.6127 -12.3247
2.04 5.28 -13.4808 36.4241 -13.4808
2.04 5.4 -14.5995 35.2626 -14.5995
2.04 5.52 -15.5289 34.2849 -15.5289
2.04 5.64 -3.88923 45.8753 -3.88923
2.04 5.76 -31.4449 18.296 -31.4449
2.04 5.88 -20.6074 29.081 -20.6074
2.16 0 -25.2538 24.6046 -25.2538
2.16 0.12 -21.1418 28.7215 -21.1418
2.16 0.24 -20.3308 29.5556 -20.3308
2.16 0.36 -14.7073 35.2066 -14.7073
2.16 0.48 -13.8447 36.0958 -13.8447
2.16 0.6 -12.6782 37.2842 -12.6782
2.16 0.72 -11.5377 38.4389 -11.5377
2.16 0.84 -10.4235 39.56 -10.4235
2.16 0.96 -9.36017 40.6233 -9.36017
2.16 1.08 -8.36079 41.6171 -8.36079
2.16 1.2 -7.42724 42.5389 -7.42724
2.16 1.32 -6.5586 43.3892 -6.5586
2.16 1.44 -5.75468 44.1624 -5.75468
2.16 1.56 -5.01093 44.8595 -5.01093
2.16 1.68 -4.33926 45.4621 -4.33926
2.16 1.8 -3.74114 45.9535 -3.74114
2.16 1.92 -3.23195 46.2911 -3.23195
2.16 2.04 -2.86229 46.3567 -2.86229
2.16 2.16 -2.76548 45.8013 -2.76548
2.16 2.28 -3.50808 43.2652 -3.50808
2.16 2.4 -6.80234 33.9962 -6.80234
2.16 2.52 -11.5189 10.2232 -11.5189
2.16 2.64 4.5752 -9.09686 4.5752
2.16 2.76 30.8224 -4.98396 30.8224
2.16 2.88 40.0817 -1.64922 40.0817
2.16 3 35.0248 -3.55277 35.0248
2.16 3.12 12.844 -9.20834 12.844
2.16 3.24 -10.1563 2.43644 -10.1563
2.16 3.36 -8.32505 28.9433 -8.32505
2.16 3.48 -4.06643 41.6422 -4.06643
2.16 3.6 -2.85576 45.3379 -2.85576
2.16 3.72 -2.78856 46.258 -2.78856
2.16 3.84 -3.09419 46.3308 -3.09419
2.16 3.96 -3.56474 46.0652 -3.56474
2.16 4.08 -4.1344 45.6232 -4.1344
2.16 4.2 -4.78351 45.0573 -4.78351
2.16 4.32 -5.50916 44.3872 -5.50916
2.16 4.44 -6.29193 43.6408 -6.29193
2.16 4.56 -7.14407 42.8107 -7.14407
2.16 4.68 -8.06316 41.9044 -8.06316
2.16 4.8 -9.0392 40.9346 -9.0392
2.16 4.92 -10.0821 39.889 -10.0821
2.16 5.04 -11.1821 38.7768 -11.1821
2.16 5.16 -12.322 37.6159 -12.322
2.16 5.28 -13.478 36.4276 -13.478
2.16 5.4 -14.5967 35.2663 -14.5967
2.16 5.52 -15.5261 34.2888 -15.5261
2.16 5.64 -3.8851 45.8808 -3.8851
2.16 5.76 -31.441 18.3015 -31.441
2.16 5.88 -20.6018 29.0883 -20.6018
2.28 0 -25.2335 24.6246 -25.2335
2.28 0.12 -21.1461 28.7169 -21.1461
2.28 0.24 -20.3311 29.555 -20.3311
2.28 0.36 -14.7076 35.206 -14.7076
2.28 0.48 -13.845 36.0953 -13.845
2.28 0.6 -12.6784 37.2838 -12.6784
2.28 0.72 -11.5379 38.4386 -11.5379
2.28 0.84 -10.4236 39.56 -10.4236
2.28 0.96 -9.3602 40.6234 -9.3602
2.28 1.08 -8.36083 41.6173 -8.36083
2.28 1.2 -7.4274 42.5391 -7.4274
2.28 1.32 -6.55893 43.3893 -6.55893
2.28 1.44 -5.75515 44.1624 -5.75515
2.28 1.56 -5.01149 44.8594 -5.01149
2.28 1.68 -4.33988 45.4619 -4.33988
2.28 1.8 -3.74169 45.9535 -3.74169
2.28 1.92 -3.23225 46.2914 -3.23225
2.28 2.04 -2.86217 46.3576 -2.86217
2.28 2.16 -2.76459 45.8037 -2.76459
2.28 2.28 -3.50497 43.2724 -3.50497
2.28 2.4 -6.79389 34.0182 -6.79389
2.28 2.52 -11.5177 10.262 -11.5177
2.28 2.64 4.53762 -9.08923 4.53762
2.28 2.76 30.7926 -4.99155 30.7926
2.28 2.88 40.0669 -1.65225 40.0669
2.28 3 35.0094 -3.55611 35.0094
2.28 3.12 12.8226 -9.20881 12.8226
2.28 3.24 -10.1615 2.45468 -10.1615
2.28 3.36 -8.32017 28.9584 -8.32017
2.28 3.48 -4.06424 41.6479 -4.06424
2.28 3.6 -2.85506 45.3402 -2.85506
2.28 3.72 -2.7883 46.2593 -2.7883
2.28 3.84 -3.09412 46.3316 -3.09412
2.28 3.96 -3.56479 46.0658 -3.56479
2.28 4.08 -4.13438 45.6239 -4.13438
2.28 4.2 -4.78329 45.0583 -4.78329
2.28 4.32 -5.50869 44.3884 -5.50869
2.28 4.44 -6.29116 43.6422 -6.29116
2.28 4.56 -7.143 42.8124 -7.143
2.28 4.68 -8.06181 41.9063 -8.06181
2.28 4.8 -9.0376 40.9366 -9.0376
2.28 4.92 -10.0803 39.8911 -10.0803
2.28 5.04 -11.1803 38.779 -11.1803
2.28 5.16 -12.3201 37.6182 -12.3201
2.28 5.28 -13.4763 36.4298 -13.4763
2.28 5.4 -14.5953 35.2685 -14.5953
2.28 5.52 -15.5249 34.291 -15.5249
2.28 5.64 -3.88401 45.8831 -3.88401
2.28 5.76 -31.4403 18.3034 -31.4403
2.28 5.88 -20.6005 29.0911 -20.6005
2.4 0 -25.1488 24.7083 -25.1488
2.4 0.12 -21.161 28.7014 -21.161
2.4 0.24 -20.3312 29.5546 -20.3312
2.4 0.36 -14.7082 35.2051 -14.7082
2.4 0.48 -13.8454 36.0946 -13.8454
2.4 0.6 -12.6788 37.2832 -12.6788
2.4 0.72 -11.5381 38.4383 -11.5381
2.4 0.84 -10.4237 39.5599 -10.4237
2.4 0.96 -9.36019 40.6236 -9.36019
2.4 1.08 -8.36071 41.6177 -8.36071
2.4 1.2 -7.42735 42.5395 -7.42735
2.4 1.32 -6.55916 43.3895 -6.55916
2.4 1.44 -5.75566 44.1623 -5.75566
2.4 1.56 -5.01237 44.859 -5.01237
2.4 1.68 -4.34115 45.4611 -4.34115
2.4 1.8 -3.74337 45.952 -3.74337
2.4 1.92 -3.23428 46.2895 -3.23428
2.4 2.04 -2.86444 46.3556 -2.86444
2.4 2.16 -2.76672 45.8024 -2.76672
2.4 2.28 -3.50539 43.2751 -3.50539
2.4 2.4 -6.78925 34.035 -6.78925
2.4 2.52 -11.5196 10.296 -11.5196
2.4 2.64 4.49871 -9.08433 4.49871
2.4 2.76 30.7618 -5.0006 30.7618
2.4 2.88 40.0506 -1.65663 40.0506
2.4 3 34.9907 -3.5617 34.9907
2.4 3.12 12.7952 -9.21203 12.7952
2.4 3.24 -10.1708 2.47281 -10.1708
2.4 3.36 -8.31799 28.9719 -8.31799
2.4 3.48 -4.06545 41.6499 -4.06545
2.4 3.6 -2.85769 45.3385 -2.85769
2.4 3.72 -2.79083 46.2572 -2.79083
2.4 3.84 -3.0962 46.3299 -3.0962
2.4 3.96 -3.56646 46.0646 -3.56646
2.4 4.08 -4.13544 45.6234 -4.13544
2.4 4.2 -4.78375 45.0585 -4.78375
2.4 4.32 -5.50863 44.3892 -5.50863
2.4 4.44 -6.29057 43.6435 -6.29057
2.4 4.56 -7.14201 42.814 -7.14201
2.4 4.68 -8.06053 41.9081 -8.06053
2.4 4.8 -9.03614 40.9385 -9.03614
2.4 4.92 -10.0788 39.8929 -10.0788
2.4 5.04 -11.1788 38.7808 -11.1788
2.4 5.16 -12.3186 37.62 -12.3186
2.4 5.28 -13.475 36.4317 -13.475
2.4 5.4 -14.5943 35.2703 -14.5943
2.4 5.52 -15.5243 34.2927 -15.5243
2.4 5.64 -3.88405 45.8845 -3.88405
2.4 5.76 -31.4405 18.3047 -31.4405
2.4 5.88 -20.601 29.0922 -20.601
2.52 0 -25.0425 24.8128 -25.0425
2.52 0.12 -21.1783 28.683 -21.1783
2.52 0.24 -20.3306 29.5544 -20.3306
2.52 0.36 -14.7084 35.2042 -14.7084
2.52 0.48 -13.8455 36.0938 -13.8455
2.52 0.6 -12.6789 37.2824 -12.6789
2.52 0.72 -11.5382 38.4376 -11.5382
2.52 0.84 -10.4236 39.5594 -10.4236
2.52 0.96 -9.36003 40.6233 -9.36003
2.52 1.08 -8.36045 41.6177 -8.36045
2.52 1.2 -7.42705 42.5396 -7.42705
2.52 1.32 -6.55903 43.3895 -6.55903
2.52 1.44 -5.75578 44.1621 -5.75578
2.52 1.56 -5.01274 44.8586 -5.01274
2.52 1.68 -4.34155 45.4605 -4.34155
2.52 1.8 -3.74393 45.9513 -3.74393
2.52 1.92 -3.23483 46.2888 -3.23483
2.52 2.04 -2.86481 46.3552 -2.86481
2.52 2.16 -2.76657 45.8032 -2.76657
2.52 2.28 -3.50343 43.28 -3.50343
2.52 2.4 -6.78262 34.0533 -6.78262
2.52 2.52 -11.5194 10.3308 -11.5194
2.52 2.64 4.46302 -9.07718 4.46302
2.52 2.76 30.7334 -5.00691 30.7334
2.52 2.88 40.0355 -1.65874 40.0355
2.52 3 34.972 -3.56546 34.972
2.52 3.12 12.7668 -9.2131 12.7668
2.52 3.24 -10.179 2.49526 -10.179
2.52 3.36 -8.31307 28.9894 -8.31307
2.52 3.48 -4.06403 41.6549 -4.06403
2.52 3.6 -2.85802 45.3392 -2.85802
2.52 3.72 -2.79154 46.2568 -2.79154
2.52 3.84 -3.09685 46.3292 -3.09685
2.52 3.96 -3.56713 46.0639 -3.56713
2.52 4.08 -4.13582 45.6231 -4.13582
2.52 4.2 -4.78382 45.0585 -4.78382
2.52 4.32 -5.50837 44.3895 -5.50837
2.52 4.44 -6.28991 43.6442 -6.28991
2.52 4.56 -7.14107 42.8149 -7.14107
2.52 4.68 -8.05935 41.9091 -8.05935
2.52 4.8 -9.0349 40.9394 -9.0349
2.52 4.92 -10.0775 39.8938 -10.0775
2.52 5.04 -11.1775 38.7816 -11.1775
2.52 5.16 -12.3173 37.621 -12.3173
2.52 5.28 -13.4738 36.4328 -13.4738
2.52 5.4 -14.5933 35.2716 -14.5933
2.52 5.52 -15.5235 34.2941 -15.5235
2.52 5.64 -3.88434 45.8851 -3.88434
2.52 5.76 -31.4405 18.3056 -31.4405
2.52 5.88 -20.6018 29.0924 -20.6018
2.64 0 -25.4226 24.4307 -25.4226
2.64 0.12 -21.1122 28.7477 -21.1122
2.64 0.24 -20.33 29.5539 -20.33
2.64 0.36 -14.7052 35.2063 -14.7052
2.64 0.48 -13.8434 36.0948 -13.8434
2.64 0.6 -12.6772 37.2829 -12.6772
2.64 0.72 -11.5363 38.4383 -11.5363
2.64 0.84 -10.422 39.5599 -10.422
2.64 0.96 -9.35842 40.624 -9.35842
2.64 1.08 -8.35905 41.6183 -8.35905
2.64 1.2 -7.42578 42.5401 -7.42578
2.64 1.32 -6.55792 43.3899 -6.55792
2.64 1.44 -5.7552 44.1621 -5.7552
2.64 1.56 -5.0127 44.8579 -5.0127
2.64 1.68 -4.34137 45.4599 -4.34137
2.64 1.8 -3.74408 45.9504 -3.74408
2.64 1.92 -3.23487 46.288 -3.23487
2.64 2.04 -2.86465 46.3549 -2.86465
2.64 2.16 -2.76596 45.804 -2.76596
2.64 2.28 -3.50137 43.2847 -3.50137
2.64 2.4 -6.77587 34.0713 -6.77587
2.64 2.52 -11.5196 10.3641 -11.5196
2.64 2.64 4.42729 -9.07116 4.42729
2.64 2.76 30.7031 -5.01534 30.7031
2.64 2.88 40.017 -1.66408 40.017
2.64 3 34.9494 -3.5724 34.9494
2.64 3.12 12.7348 -9.21576 12.7348
2.64 3.24 -10.188 2.51928 -10.188
2.64 3.36 -8.30748 29.0083 -8.30748
2.64 3.48 -4.06186 41.6606 -4.06186
2.64 3.6 -2.85765 45.3402 -2.85765
2.64 3.72 -2.79183 46.2563 -2.79183
2.64 3.84 -3.09721 46.3283 -3.09721
2.64 3.96 -3.56719 46.0631 -3.56719
2.64 4.08 -4.13579 45.6224 -4.13579
2.64 4.2 -4.78351 45.0581 -4.78351
2.64 4.32 -5.50736 44.3898 -5.50736
2.64 4.44 -6.28847 43.6449 -6.28847
2.64 4.56 -7.13937 42.8158 -7.13937
2.64 4.68 -8.057 41.9106 -8.057
2.64 4.8 -9.03261 40.9407 -9.03261
2.64 4.92 -10.075 39.8952 -10.075
2.64 5.04 -11.1745 38.7836 -11.1745
2.64 5.16 -12.3142 37.6231 -12.3142
2.64 5.28 -13.4707 36.4351 -13.4707
2.64 5.4 -14.5898 35.2746 -14.5898
2.64 5.52 -15.5201 34.2974 -15.5201
2.64 5.64 -3.87945 45.8898 -3.87945
2.64 5.76 -31.4357 18.3102 -31.4357
2.64 5.88 -20.5958 29.0984 -20.5958
2.76 0 -25.9942 23.857 -25.9942
2.76 0.12 -21.0138 28.8453 -21.0138
2.76 0.24 -20.3317 29.5515 -20.3317
2.76 0.36 -14.7033 35.2076 -14.7033
2.76 0.48 -13.8428 36.0948 -13.8428
2.76 0.6 -12.6767 37.2825 -12.6767
2.76 0.72 -11.5356 38.4381 -11.5356
2.76 0.84 -10.4213 39.5597 -10.4213
2.76 0.96 -9.35753 40.6241 -9.35753
2.76 1.08 -8.35821 41.6184 -8.35821
2.76 1.2 -7.42486 42.5404 -7.42486
2.76 1.32 -6.55669 43.3906 -6.55669
2.76 1.44 -5.75406 44.1626 -5.75406
2.76 1.56 -5.01161 44.8582 -5.01161
2.76 1.68 -4.33963 45.4609 -4.33963
2.76 1.8 -3.74202 45.9517 -3.74202
2.76 1.92 -3.23207 46.2901 -3.23207
2.76 2.04 -2.86124 46.3577 -2.86124
2.76 2.16 -2.76184 45.8083 -2.76184
2.76 2.28 -3.496 43.2927 -3.496
2.76 2.4 -6.76627 34.0917 -6.76627
2.76 2.52 -11.5171 10.3979 -11.5171
2.76 2.64 4.39646 -9.06356 4.39646
2.76 2.76 30.6776 -5.02162 30.6776
2.76 2.88 40.0024 -1.66767 40.0024
2.76 3 34.9304 -3.57761 34.9304
2.76 3.12 12.7056 -9.2167 12.7056
2.76 3.24 -10.1941 2.54609 -10.1941
2.76 3.36 -8.29868 29.0307 -8.29868
2.76 3.48 -4.05589 41.6703 -4.05589
2.76 3.6 -2.8534 45.3451 -2.8534
2.76 3.72 -2.78866 46.2592 -2.78866
2.76 3.84 -3.09466 46.3302 -3.09466
2.76 3.96 -3.56471 46.0648 -3.56471
2.76 4.08 -4.13392 45.6235 -4.13392
2.76 4.2 -4.78202 45.0588 -4.78202
2.76 4.32 -5.50567 44.3907 -5.50567
2.76 4.44 -6.28686 43.6458 -6.28686
2.76 4.56 -7.13792 42.8165 -7.13792
2.76 4.68 -8.0552 41.9115 -8.0552
2.76 4.8 -9.03115 40.9412 -9.03115
2.76 4.92 -10.0736 39.8956 -10.0736
2.76 5.04 -11.1725 38.7844 -11.1725
2.76 5.16 -12.3124 37.624 -12.3124
2.76 5.28 -13.4691 36.436 -13.4691
2.76 5.4 -14.5878 35.2763 -14.5878
2.76 5.52 -15.5182 34.2993 -15.5182
2.76 5.64 -3.8777 45.8919 -3.8777
2.76 5.76 -31.4338 18.3126 -31.4338
2.76 5.88 -20.5943 29.1004 -20.5943
2.88 0 -26.1878 23.6621 -26.1878
2.88 0.12 -20.9796 28.879 -20.9796
2.88 0.24 -20.3334 29.5492 -20.3334
2.88 0.36 -14.7037 35.2066 -14.7037
2.88 0.48 -13.8437 36.093 -13.8437
2.88 0.6 -12.6778 37.2805 -12.6778
2.88 0.72 -11.5367 38.4359 -11.5367
2.88 0.84 -10.4227 39.5572 -10.4227
2.88 0.96 -9.35909 40.6215 -9.35909
2.88 1.08 -8.36011 41.6154 -8.36011
2.88 1.2 -7.42699 42.5373 -7.42699
2.88 1.32 -6.55898 43.3872 -6.55898
2.88 1.44 -5.75665 44.1589 -5.75665
2.88 1.56 -5.01447 44.8542 -5.01447
2.88 1.68 -4.34251 45.4568 -4.34251
2.88 1.8 -3.74495 45.9475 -3.74495
2.88 1.92 -3.23486 46.2861 -3.23486
2.88 2.04 -2.86382 46.3542 -2.86382
2.88 2.16 -2.76397 45.8059 -2.76397
2.88 2.28 -3.49672 43.294 -3.49672
2.88 2.4 -6.76282 34.1048 -6.76282
2.88 2.52 -11.5189 10.4253 -11.5189
2.88 2.64 4.3646 -9.05929 4.3646
2.88 2.76 30.6517 -5.0296 30.6517
2.88 2.88 39.987 -1.67281 39.987
2.88 3 34.9101 -3.58455 34.9101
2.88 3.12 12.6742 -9.22025 12.6742
2.88 3.24 -10.2042 2.56865 -10.2042
2.88 3.36 -8.2953 29.0473 -8.2953
2.88 3.48 -4.05611 41.6734 -4.05611
2.88 3.6 -2.85548 45.3434 -2.85548
2.88 3.72 -2.79151 46.2557 -2.79151
2.88 3.84 -3.09776 46.3261 -3.09776
2.88 3.96 -3.56773 46.0606 -3.56773
2.88 4.08 -4.13695 45.6192 -4.13695
2.88 4.2 -4.78491 45.0547 -4.78491
2.88 4.32 -5.50818 44.387 -5.50818
2.88 4.44 -6.28906 43.6424 -6.28906
2.88 4.56 -7.13983 42.8134 -7.13983
2.88 4.68 -8.05667 41.9087 -8.05667
2.88 4.8 -9.03239 40.9387 -9.03239
2.88 4.92 -10.0745 39.8933 -10.0745
2.88 5.04 -11.173 38.7826 -11.173
2.88 5.16 -12.3126 37.6226 -12.3126
2.88 5.28 -13.4691 36.4349 -13.4691
2.88 5.4 -14.5875 35.2759 -14.5875
2.88 5.52 -15.5179 34.2991 -15.5179
2.88 5.64 -3.87696 45.8924 -3.87696
2.88 5.76 -31.4335 18.3129 -31.4335
2.88 5.88 -20.5929 29.1017 -20.5929
3 0 -26.0646 23.7852 -26.0646
3 0.12 -21.001 28.8575 -21.001
3 0.24 -20.3342 29.5481 -20.3342
3 0.36 -14.7052 35.2045 -14.7052
3 0.48 -13.8448 36.0911 -13.8448
3 0.6 -12.6786 37.2785 -12.6786
3 0.72 -11.5376 38.4338 -11.5376
3 0.84 -10.4236 39.5548 -10.4236
3 0.96 -9.36022 40.6188 -9.36022
3 1.08 -8.36131 41.6126 -8.36131
3 1.2 -7.4283 42.5343 -7.4283
3 1.32 -6.56041 43.3841 -6.56041
3 1.44 -5.75809 44.1557 -5.75809
3 1.56 -5.01594 44.851 -5.01594
3 1.68 -4.34413 45.4533 -4.34413
3 1.8 -3.74656 45.944 -3.74656
3 1.92 -3.23641 46.2827 -3.23641
3 2.04 -2.86513 46.3513 -2.86513
3 2.16 -2.76473 45.8042 -2.76473
3 2.28 -3.49584 43.296 -3.49584
3 2.4 -6.75813 34.1177 -6.75813
3 2.52 -11.5184 10.4525 -11.5184
3 2.64 4.33795 -9.05271 4.33795
3 2.76 30.6313 -5.03366 30.6313
3 2.88 39.9763 -1.67398 39.9763
3 3 34.8945 -3.58754 34.8945
3 3.12 12.6473 -9.22057 12.6473
3 3.24 -10.2116 2.59247 -10.2116
3 3.36 -8.29016 29.0648 -8.29016
3 3.48 -4.05485 41.6774 -4.05485
3 3.6 -2.85615 45.3424 -2.85615
3 3.72 -2.79277 46.2532 -2.79277
3 3.84 -3.09929 46.323 -3.09929
3 3.96 -3.56947 46.0571 -3.56947
3 4.08 -4.13862 45.6158 -4.13862
3 4.2 -4.78641 45.0515 -4.78641
3 4.32 -5.50957 44.3839 -5.50957
3 4.44 -6.29027 43.6395 -6.29027
3 4.56 -7.14085 42.8106 -7.14085
3 4.68 -8.05759 41.9062 -8.05759
3 4.8 -9.03308 40.9364 -9.03308
3 4.92 -10.0751 39.8913 -10.0751
3 5.04 -11.1736 38.7806 -11.1736
3 5.16 -12.3131 37.6208 -12.3131
3 5.28 -13.4695 36.4335 -13.4695
3 5.4 -14.5879 35.2747 -14.5879
3 5.52 -15.5183 34.2983 -15.5183
3 5.64 -3.87782 45.8913 -3.87782
3 5.76 -31.4343 18.3121 -31.4343
3 5.88 -20.5945 29.1001 -20.5945
3.12 0 -25.5641 24.2868 -25.5641
3.12 0.12 -21.0879 28.771 -21.0879
3.12 0.24 -20.3342 29.548 -20.3342
3.12 0.36 -14.7088 35.2005 -14.7088
3.12 0.48 -13.8472 36.088 -13.8472
3.12 0.6 -12.6807 37.2754 -12.6807
3.12 0.72 -11.5398 38.4302 -11.5398
3.12 0.84 -10.4257 39.5511 -10.4257
3.12 0.96 -9.36253 40.6147 -9.36253
3.12 1.08 -8.3636 41.6084 -8.3636
3.12 1.2 -7.43073 42.5299 -7.43073
3.12 1.32 -6.56316 43.3794 -6.56316
3.12 1.44 -5.76083 44.1511 -5.76083
3.12 1.56 -5.01871 44.8464 -5.01871
3.12 1.68 -4.34749 45.4481 -4.34749
3.12 1.8 -3.75012 45.9386 -3.75012
3.12 1.92 -3.24037 46.2769 -3.24037
3.12 2.04 -2.86923 46.3456 -2.86923
3.12 2.16 -2.76865 45.7992 -2.76865
3.12 2.28 -3.49834 43.2942 -3.49834
3.12 2.4 -6.75771 34.1251 -6.75771
3.12 2.52 -11.5212 10.4732 -11.5212
3.12 2.64 4.31164 -9.04951 4.31164
3.12 2.76 30.6112 -5.03933 30.6112
3.12 2.88 39.9653 -1.6767 39.9653
3.12 3 34.8787 -3.59209 34.8787
3.12 3.12 12.6203 -9.22333 12.6203
3.12 3.24 -10.2217 2.61099 -10.2217
3.12 3.36 -8.2891 29.077 -8.2891
3.12 3.48 -4.05735 41.6773 -4.05735
3.12 3.6 -2.86017 45.3381 -2.86017
3.12 3.72 -2.79678 46.2479 -2.79678
3.12 3.84 -3.10314 46.3175 -3.10314
3.12 3.96 -3.57345 46.0515 -3.57345
3.12 4.08 -4.14209 45.6106 -4.14209
3.12 4.2 -4.7894 45.0467 -4.7894
3.12 4.32 -5.51252 44.3792 -5.51252
3.12 4.44 -6.29291 43.635 -6.29291
3.12 4.56 -7.14314 42.8065 -7.14314
3.12 4.68 -8.05999 41.902 -8.05999
3.12 4.8 -9.03503 40.9327 -9.03503
3.12 4.92 -10.0769 39.8878 -10.0769
3.12 5.04 -11.1758 38.7769 -11.1758
3.12 5.16 -12.3152 37.6174 -12.3152
3.12 5.28 -13.4714 36.4305 -13.4714
3.12 5.4 -14.5901 35.2716 -14.5901
3.12 5.52 -15.5203 34.2957 -15.5203
3.12 5.64 -3.87995 45.8889 -3.87995
3.12 5.76 -31.4363 18.31 -31.4363
3.12 5.88 -20.5966 29.098 -20.5966
3.24 0 -25.0586 24.795 -25.0586
3.24 0.12 -21.1762 28.6835 -21.1762
3.24 0.24 -20.3327 29.55 -20.3327
3.24 0.36 -14.7101 35.199 -14.7101
3.24 0.48 -13.8471 36.0875 -13.8471
3.24 0.6 -12.6802 37.2752 -12.6802
3.24 0.72 -11.5393 38.4297 -11.5393
3.24 0.84 -10.4249 39.5508 -10.4249
3.24 0.96 -9.36172 40.6143 -9.36172
3.24 1.08 -8.3627 41.6082 -8.3627
3.24 1.2 -7.42991 42.5296 -7.42991
3.24 1.32 -6.5626 43.379 -6.5626
3.24 1.44 -5.7602 44.1508 -5.7602
3.24 1.56 -5.01804 44.8463 -5.01804
3.24 1.68 -4.34742 45.4475 -4.34742
3.24 1.8 -3.74995 45.9381 -3.74995
3.24 1.92 -3.24027 46.2764 -3.24027
3.24 2.04 -2.86885 46.3456 -2.86885
3.24 2.16 -2.76751 45.8004 -2.76751
3.24 2.28 -3.49526 43.2989 -3.49526
3.24 2.4 -6.7518 34.1379 -6.7518
3.24 2.52 -11.5189 10.4965 -11.5189
3.24 2.64 4.29136 -9.04356 4.29136
3.24 2.76 30.594 -5.04326 30.594
3.24 2.88 39.9551 -1.67899 39.9551
3.24 3 34.8647 -3.59539 34.8647
3.24 3.12 12.598 -9.22328 12.598
3.24 3.24 -10.2263 2.63253 -10.2263
3.24 3.36 -8.28254 29.0943 -8.28254
3.24 3.48 -4.05393 41.6838 -4.05393
3.24 3.6 -2.85872 45.3402 -2.85872
3.24 3.72 -2.79602 46.2486 -2.79602
3.24 3.84 -3.10277 46.3176 -3.10277
3.24 3.96 -3.57355 46.0509 -3.57355
3.24 4.08 -4.14197 45.6102 -4.14197
3.24 4.2 -4.789 45.0465 -4.789
3.24 4.32 -5.51221 44.3788 -5.51221
3.24 4.44 -6.29237 43.6346 -6.29237
3.24 4.56 -7.14225 42.8064 -7.14225
3.24 4.68 -8.05934 41.9016 -8.05934
3.24 4.8 -9.03392 40.9327 -9.03392
3.24 4.92 -10.0757 39.8878 -10.0757
3.24 5.04 -11.1753 38.7764 -11.1753
3.24 5.16 -12.3148 37.6167 -12.3148
3.24 5.28 -13.471 36.4299 -13.471
3.24 5.4 -14.5903 35.2706 -14.5903
3.24 5.52 -15.5202 34.2951 -15.5202
3.24 5.64 -3.87939 45.8891 -3.87939
3.24 5.76 -31.4356 18.3104 -31.4356
3.24 5.88 -20.5961 29.0985 -20.5961
3.36 0 -25.1132 24.743 -25.1132
3.36 0.12 -21.1719 28.6891 -21.1719
3.36 0.24 -20.335 29.5483 -20.335
3.36 0.36 -14.7123 35.1969 -14.7123
3.36 0.48 -13.849 36.0852 -13.849
3.36 0.6 -12.6818 37.2729 -12.6818
3.36 0.72 -11.5406 38.4276 -11.5406
3.36 0.84 -10.4258 39.5491 -10.4258
3.36 0.96 -9.36222 40.613 -9.36222
3.36 1.08 -8.36289 41.6073 -8.36289
3.36 1.2 -7.4299 42.529 -7.4299
3.36 1.32 -6.56236 43.3787 -6.56236
3.36 1.44 -5.75979 44.1508 -5.75979
3.36 1.56 -5.0176 44.8464 -5.0176
3.36 1.68 -4.34727 45.4474 -4.34727
3.36 1.8 -3.74981 45.9379 -3.74981
3.36 1.92 -3.24019 46.2762 -3.24019
3.36 2.04 -2.8688 46.3453 -2.8688
3.36 2.16 -2.76725 45.8007 -2.76725
3.36 2.28 -3.49407 43.3012 -3.49407
3.36 2.4 -6.74826 34.1467 -6.74826
3.36 2.52 -11.5182 10.5136 -11.5182
3.36 2.64 4.27504 -9.03916 4.27504
3.36 2.76 30.5809 -5.04588 30.5809
3.36 2.88 39.9477 -1.68009 39.9477
3.36 3 34.8539 -3.59755 34.8539
3.36 3.12 12.5799 -9.22343 12.5799
3.36 3.24 -10.2307 2.64908 -10.2307
3.36 3.36 -8.27847 29.1068 -8.27847
3.36 3.48 -4.05208 41.688 -4.05208
3.36 3.6 -2.85805 45.3414 -2.85805
3.36 3.72 -2.79577 46.2488 -2.79577
3.36 3.84 -3.10268 46.3175 -3.10268
3.36 3.96 -3.57336 46.0509 -3.57336
3.36 4.08 -4.14173 45.6102 -4.14173
3.36 4.2 -4.78866 45.0466 -4.78866
3.36 4.32 -5.51182 44.3788 -5.51182
3.36 4.44 -6.29204 43.6345 -6.29204
3.36 4.56 -7.14201 42.806 -7.14201
3.36 4.68 -8.05934 41.9009 -8.05934
3.36 4.8 -9.03404 40.9317 -9.03404
3.36 4.92 -10.0761 39.8865 -10.0761
3.36 5.04 -11.1761 38.7746 -11.1761
3.36 5.16 -12.3161 37.6145 -12.3161
3.36 5.28 -13.4727 36.4274 -13.4727
3.36 5.4 -14.5923 35.2678 -14.5923
3.36 5.52 -15.5224 34.2925 -15.5224
3.36 5.64 -3.88166 45.8866 -3.88166
3.36 5.76 -31.4376 18.3084 -31.4376
3.36 5.88 -20.5985 29.0961 -20.5985
3.48 0 -25.2211 24.6365 -25.2211
3.48 0.12 -21.1563 28.7057 -21.1563
3.48 0.24 -20.3376 29.546 -20.3376
3.48 0.36 -14.7143 35.1948 -14.7143
3.48 0.48 -13.851 36.0827 -13.851
3.48 0.6 -12.6837 37.2704 -12.6837
3.48 0.72 -11.5422 38.4253 -11.5422
3.48 0.84 -10.4271 39.5473 -10.4271
3.48 0.96 -9.36314 40.6116 -9.36314
3.48 1.08 -8.36352 41.6063 -8.36352
3.48 1.2 -7.4302 42.5286 -7.4302
3.48 1.32 -6.56225 43.3789 -6.56225
3.48 1.44 -5.75943 44.1513 -5.75943
3.48 1.56 -5.01709 44.8471 -5.01709
3.48 1.68 -4.3467 45.4482 -4.3467
3.48 1.8 -3.74916 45.9387 -3.74916
3.48 1.92 -3.23952 46.277 -3.23952
3.48 2.04 -2.86818 46.346 -2.86818
3.48 2.16 -2.76666 45.8014 -2.76666
3.48 2.28 -3.4932 43.3029 -3.4932
3.48 2.4 -6.74608 34.1525 -6.74608
3.48 2.52 -11.5181 10.525 -11.5181
3.48 2.64 4.26377 -9.03635 4.26377
3.48 2.76 30.5722 -5.04776 30.5722
3.48 2.88 39.9428 -1.68095 39.9428
3.48 3 34.8464 -3.59928 34.8464
3.48 3.12 12.5669 -9.22383 12.5669
3.48 3.24 -10.2342 2.66048 -10.2342
3.48 3.36 -8.27597 29.1154 -8.27597
3.48 3.48 -4.05083 41.691 -4.05083
3.48 3.6 -2.85734 45.3427 -2.85734
3.48 3.72 -2.79524 46.2496 -2.79524
3.48 3.84 -3.10219 46.3182 -3.10219
3.48 3.96 -3.57276 46.0518 -3.57276
3.48 4.08 -4.14124 45.6109 -4.14124
3.48 4.2 -4.78824 45.0472 -4.78824
3.48 4.32 -5.51148 44.3793 -5.51148
3.48 4.44 -6.29195 43.6346 -6.29195
3.48 4.56 -7.14221 42.8057 -7.14221
3.48 4.68 -8.05982 41.9 -8.05982
3.48 4.8 -9.03484 40.9303 -9.03484
3.48 4.92 -10.0772 39.8847 -10.0772
3.48 5.04 -11.1774 38.7724 -11.1774
3.48 5.16 -12.3178 37.6118 -12.3178
3.48 5.28 -13.4748 36.4244 -13.4748
3.48 5.4 -14.5946 35.2646 -14.5946
3.48 5.52 -15.5249 34.2892 -15.5249
3.48 5.64 -3.88475 45.8829 -3.88475
3.48 5.76 -31.4409 18.3048 -31.4409
3.48 5.88 -20.6021 29.0921 -20.6021
3.6 0 -25.2522 24.6065 -25.2522
3.6 0.12 -21.1513 28.7115 -21.1513
3.6 0.24 -20.3385 29.5455 -20.3385
3.6 0.36 -14.7152 35.194 -14.7152
3.6 0.48 -13.8523 36.0814 -13.8523
3.6 0.6 -12.6853 37.2685 -12.6853
3.6 0.72 -11.5443 38.4229 -11.5443
3.6 0.84 -10.4297 39.5444 -10.4297
3.6 0.96 -9.36628 40.6082 -9.36628
3.6 1.08 -8.36726 41.6024 -8.36726
3.6 1.2 -7.43447 42.5243 -7.43447
3.6 1.32 -6.56696 43.3743 -6.56696
3.6 1.44 -5.76456 44.1464 -5.76456
3.6 1.56 -5.02253 44.842 -5.02253
3.6 1.68 -4.35225 45.4429 -4.35225
3.6 1.8 -3.75466 45.9335 -3.75466
3.6 1.92 -3.24485 46.2718 -3.24485
3.6 2.04 -2.87329 46.3409 -2.87329
3.6 2.16 -2.77153 45.7964 -2.77153
3.6 2.28 -3.49775 43.2984 -3.49775
3.6 2.4 -6.74977 34.1501 -6.74977
3.6 2.52 -11.5217 10.5264 -11.5217
3.6 2.64 4.25634 -9.03679 4.25634
3.6 2.76 30.567 -5.04922 30.567
3.6 2.88 39.9396 -1.6817 39.9396
3.6 3 34.8417 -3.60071 34.8417
3.6 3.12 12.5583 -9.22558 12.5583
3.6 3.24 -10.2396 2.66299 -10.2396
3.6 3.36 -8.27928 29.115 -8.27928
3.6 3.48 -4.0552 41.6873 -4.0552
3.6 3.6 -2.86222 45.3379 -2.86222
3.6 3.72 -2.8005 46.2444 -2.8005
3.6 3.84 -3.10774 46.3129 -3.10774
3.6 3.96 -3.57848 46.0463 -3.57848
3.6 4.08 -4.14707 45.6054 -4.14707
3.6 4.2 -4.79402 45.0418 -4.79402
3.6 4.32 -5.51703 44.374 -5.51703
3.6 4.44 -6.29718 43.6295 -6.29718
3.6 4.56 -7.14701 42.8008 -7.14701
3.6 4.68 -8.06414 41.8954 -8.06414
3.6 4.8 -9.03865 40.9261 -9.03865
3.6 4.92 -10.0804 39.8809 -10.0804
3.6 5.04 -11.1801 38.7691 -11.1801
3.6 5.16 -12.32 37.6089 -12.32
3.6 5.28 -13.4765 36.4219 -13.4765
3.6 5.4 -14.5959 35.2627 -14.5959
3.6 5.52 -15.526 34.2876 -15.526
3.6 5.64 -3.88594 45.8813 -3.88594
3.6 5.76 -31.4417 18.3036 -31.4417
3.6 5.88 -20.6034 29.0905 -20.6034
3.72 0 -25.2527 24.6068 -25.2527
3.72 0.12 -21.1497 28.7139 -21.1497
3.72 0.24 -20.3369 29.5479 -20.3369
3.72 0.36 -14.7131 35.1967 -14.7131
3.72 0.48 -13.8499 36.0841 -13.8499
3.72 0.6 -12.6825 37.2714 -12.6825
3.72 0.72 -11.5409 38.426 -11.5409
3.72 0.84 -10.4258 39.5477 -10.4258
3.72 0.96 -9.36176 40.6119 -9.36176
3.72 1.08 -8.3621 41.6065 -8.3621
3.72 1.2 -7.42867 42.5289 -7.42867
3.72 1.32 -6.56064 43.3792 -6.56064
3.72 1.44 -5.75791 44.1516 -5.75791
3.72 1.56 -5.01573 44.8473 -5.01573
3.72 1.68 -4.34545 45.4483 -4.34545
3.72 1.8 -3.74794 45.9388 -3.74794
3.72 1.92 -3.23826 46.2771 -3.23826
3.72 2.04 -2.86678 46.3461 -2.86678
3.72 2.16 -2.76499 45.8018 -2.76499
3.72 2.28 -3.49118 43.304 -3.49118
3.72 2.4 -6.74343 34.1557 -6.74343
3.72 2.52 -11.516 10.532 -11.516
3.72 2.64 4.26055 -9.03226 4.26055
3.72 2.76 30.5706 -5.04591 30.5706
3.72 2.88 39.9429 -1.67897 39.9429
3.72 3 34.8447 -3.59788 34.8447
3.72 3.12 12.561 -9.22182 12.561
3.72 3.24 -10.2349 2.66936 -10.2349
3.72 3.36 -8.27294 29.1217 -8.27294
3.72 3.48 -4.04866 41.6934 -4.04866
3.72 3.6 -2.85578 45.3435 -2.85578
3.72 3.72 -2.7942 46.2496 -2.7942
3.72 3.84 -3.10142 46.318 -3.10142
3.72 3.96 -3.57202 46.0515 -3.57202
3.72 4.08 -4.14048 45.6106 -4.14048
3.72 4.2 -4.78739 45.0469 -4.78739
3.72 4.32 -5.51051 44.379 -5.51051
3.72 4.44 -6.29096 43.6342 -6.29096
3.72 4.56 -7.14129 42.8051 -7.14129
3.72 4.68 -8.05907 41.8992 -8.05907
3.72 4.8 -9.03427 40.9293 -9.03427
3.72 4.92 -10.0767 39.8836 -10.0767
3.72 5.04 -11.1769 38.7715 -11.1769
3.72 5.16 -12.3172 37.6111 -12.3172
3.72 5.28 -13.474 36.4241 -13.474
3.72 5.4 -14.5935 35.2649 -14.5935
3.72 5.52 -15.5237 34.2899 -15.5237
3.72 5.64 -3.88301 45.8844 -3.88301
3.72 5.76 -31.439 18.3066 -31.439
3.72 5.88 -20.6002 29.094 -20.6002
3.84 0 -25.243 24.6173 -25.243
3.84 0.12 -21.1507 28.7138 -21.1507
3.84 0.24 -20.3369 29.5486 -20.3369
3.84 0.36 -14.7138 35.1967 -14.7138
3.84 0.48 -13.8507 36.0839 -13.8507
3.84 0.6 -12.6833 37.271 -12.6833
3.84 0.72 -11.5418 38.4252 -11.5418
3.84 0.84 -10.4268 39.5465 -10.4268
3.84 0.96 -9.36294 40.6102 -9.36294
3.84 1.08 -8.36347 41.6043 -8.36347
3.84 1.2 -7.43023 42.5262 -7.43023
3.84 1.32 -6.56241 43.3761 -6.56241
3.84 1.44 -5.7599 44.1481 -5.7599
3.84 1.56 -5.01795 44.8435 -5.01795
3.84 1.68 -4.34788 45.4442 -4.34788
3.84 1.8 -3.75052 45.9345 -3.75052
3.84 1.92 -3.24087 46.2727 -3.24087
3.84 2.04 -2.86929 46.3418 -2.86929
3.84 2.16 -2.76722 45.7977 -2.76722
3.84 2.28 -3.49321 43.2999 -3.49321
3.84 2.4 -6.74577 34.1502 -6.74577
3.84 2.52 -11.5165 10.5252 -11.5165
3.84 2.64 4.26703 -9.03303 4.26703
3.84 2.76 30.5766 -5.04397 30.5766
3.84 2.88 39.9467 -1.67784 39.9467
3.84 3 34.8493 -3.59641 34.8493
3.84 3.12 12.567 -9.22127 12.567
3.84 3.24 -10.234 2.66434 -10.234
3.84 3.36 -8.27505 29.1165 -8.27505
3.84 3.48 -4.05059 41.6896 -4.05059
3.84 3.6 -2.85796 45.3397 -2.85796
3.84 3.72 -2.79677 46.2455 -2.79677
3.84 3.84 -3.10419 46.3136 -3.10419
3.84 3.96 -3.57482 46.047 -3.57482
3.84 4.08 -4.14321 45.6063 -4.14321
3.84 4.2 -4.78997 45.0427 -4.78997
3.84 4.32 -5.51291 44.3751 -5.51291
3.84 4.44 -6.29315 43.6305 -6.29315
3.84 4.56 -7.14329 42.8017 -7.14329
3.84 4.68 -8.0609 41.8962 -8.0609
3.84 4.8 -9.03589 40.9268 -9.03589
3.84 4.92 -10.0781 39.8816 -10.0781
3.84 5.04 -11.178 38.7699 -11.178
3.84 5.16 -12.3181 37.61 -12.3181
3.84 5.28 -13.4746 36.4234 -13.4746
3.84 5.4 -14.5939 35.2647 -14.5939
3.84 5.52 -15.5239 34.29 -15.5239
3.84 5.64 -3.88382 45.884 -3.88382
3.84 5.76 -31.4392 18.3067 -31.4392
3.84 5.88 -20.6012 29.0932 -20.6012
3.96 0 -25.2288 24.6322 -25.2288
3.96 0.12 -21.1521 28.7129 -21.1521
3.96 0.24 -20.3365 29.5494 -20.3365
3.96 0.36 -14.7139 35.1969 -14.7139
3.96 0.48 -13.8512 36.0836 -13.8512
3.96 0.6 -12.6841 37.2703 -12.6841
3.96 0.72 -11.5429 38.4242 -11.5429
3.96 0.84 -10.4282 39.5451 -10.4282
3.96 0.96 -9.36478 40.6082 -9.36478
3.96 1.08 -8.36565 41.6019 -8.36565
3.96 1.2 -7.43269 42.5233 -7.43269
3.96 1.32 -6.5651 43.3728 -6.5651
3.96 1.44 -5.76278 44.1445 -5.76278
3.96 1.56 -5.02099 44.8395 -5.02099
3.96 1.68 -4.35108 45.4399 -4.35108
3.96 1.8 -3.75379 45.93 -3.75379
3.96 1.92 -3.24412 46.268 -3.24412
3.96 2.04 -2.87235 46.3371 -2.87235
3.96 2.16 -2.76992 45.793 -2.76992
3.96 2.28 -3.49572 43.2946 -3.49572
3.96 2.4 -6.74909 34.1417 -6.74909
3.96 2.52 -11.5173 10.5128 -11.5173
3.96 2.64 4.27815 -9.03557 4.27815
3.96 2.76 30.5865 -5.04142 30.5865
3.96 2.88 39.9531 -1.67633 39.9531
3.96 3 34.8573 -3.59436 34.8573
3.96 3.12 12.578 -9.22113 12.578
3.96 3.24 -10.232 2.65402 -10.232
3.96 3.36 -8.27823 29.1074 -8.27823
3.96 3.48 -4.05297 41.6844 -4.05297
3.96 3.6 -2.8605 45.3351 -2.8605
3.96 3.72 -2.79977 46.2408 -2.79977
3.96 3.84 -3.10747 46.3089 -3.10747
3.96 3.96 -3.57825 46.0424 -3.57825
3.96 4.08 -4.14664 45.6017 -4.14664
3.96 4.2 -4.79332 45.0384 -4.79332
3.96 4.32 -5.51612 44.371 -5.51612
3.96 4.44 -6.29616 43.6268 -6.29616
3.96 4.56 -7.14606 42.7984 -7.14606
3.96 4.68 -8.06337 41.8933 -8.06337
3.96 4.8 -9.03797 40.9244 -9.03797
3.96 4.92 -10.0797 39.8797 -10.0797
3.96 5.04 -11.1793 38.7685 -11.1793
3.96 5.16 -12.319 37.609 -12.319
3.96 5.28 -13.4753 36.4227 -13.4753
3.96 5.4 -14.5943 35.2642 -14.5943
3.96 5.52 -15.524 34.2897 -15.524
3.96 5.64 -3.88349 45.884 -3.88349
3.96 5.76 -31.4388 18.3068 -31.4388
3.96 5.88 -20.6005 29.0936 -20.6005
4.08 0 -25.2119 24.6497 -25.2119
4.08 0.12 -21.1539 28.7114 -21.1539
4.08 0.24 -20.3355 29.5503 -20.3355
4.08 0.36 -14.7133 35.1971 -14.7133
4.08 0.48 -13.851 36.0834 -13.851
4.08 0.6 -12.6843 37.27 -12.6843
4.08 0.72 -11.5434 38.4238 -11.5434
4.08 0.84 -10.429 39.5445 -10.429
4.08 0.96 -9.36584 40.6074 -9.36584
4.08 1.08 -8.36692 41.6007 -8.36692
4.08 1.2 -7.43413 42.5219 -7.43413
4.08 1.32 -6.56667 43.3712 -6.56667
4.08 1.44 -5.76447 44.1426 -5.76447
4.08 1.56 -5.0228 44.8373 -5.0228
4.08 1.68 -4.35299 45.4373 -4.35299
4.08 1.8 -3.75571 45.927 -3.75571
4.08 1.92 -3.24593 46.2647 -3.24593
4.08 2.04 -2.87385 46.3336 -2.87385
4.08 2.16 -2.77093 45.7893 -2.77093
4.08 2.28 -3.49637 43.29 -3.49637
4.08 2.4 -6.75058 34.1328 -6.75058
4.08 2.52 -11.5154 10.4984 -11.5154
4.08 2.64 4.2957 -9.037 4.2957
4.08 2.76 30.6019 -5.03602 30.6019
4.08 2.88 39.9638 -1.67218 39.9638
4.08 3 34.8703 -3.5895 34.8703
4.08 3.12 12.5958 -9.21879 12.5958
4.08 3.24 -10.226 2.64202 -10.226
4.08 3.36 -8.27955 29.0974 -8.27955
4.08 3.48 -4.05342 41.6797 -4.05342
4.08 3.6 -2.86123 45.3316 -2.86123
4.08 3.72 -2.80108 46.2373 -2.80108
4.08 3.84 -3.10919 46.3055 -3.10919
4.08 3.96 -3.58019 46.0392 -3.58019
4.08 4.08 -4.14864 45.5989 -4.14864
4.08 4.2 -4.79526 45.0359 -4.79526
4.08 4.32 -5.51791 44.3688 -5.51791
4.08 4.44 -6.29779 43.6249 -6.29779
4.08 4.56 -7.14755 42.7968 -7.14755
4.08 4.68 -8.06471 41.8919 -8.06471
4.08 4.8 -9.03905 40.9233 -9.03905
4.08 4.92 -10.0805 39.879 -10.0805
4.08 5.04 -11.1798 38.768 -11.1798
4.08 5.16 -12.3193 37.6086 -12.3193
4.08 5.28 -13.4754 36.4223 -13.4754
4.08 5.4 -14.5945 35.2635 -14.5945
4.08 5.52 -15.524 34.2889 -15.524
4.08 5.64 -3.88332 45.883 -3.88332
4.08 5.76 -31.4386 18.3057 -31.4386
4.08 5.88 -20.5999 29.093 -20.5999
4.2 0 -25.1928 24.6694 -25.1928
4.2 0.12 -21.1558 28.7102 -21.1558
4.2 0.24 -20.3333 29.5532 -20.3333
4.2 0.36 -14.711 35.2003 -14.711
4.2 0.48 -13.849 36.0864 -13.849
4.2 0.6 -12.6828 37.2726 -12.6828
4.2 0.72 -11.5423 38.4261 -11.5423
4.2 0.84 -10.4281 39.5468 -10.4281
4.2 0.96 -9.36496 40.6097 -9.36496
4.2 1.08 -8.36593 41.6032 -8.36593
4.2 1.2 -7.43297 42.5246 -7.43297
4.2 1.32 -6.56534 43.3741 -6.56534
4.2 1.44 -5.76297 44.1457 -5.76297
4.2 1.56 -5.02114 44.8406 -5.02114
4.2 1.68 -4.35118 45.4406 -4.35118
4.2 1.8 -3.75377 45.9302 -3.75377
4.2 1.92 -3.2439 46.2677 -3.2439
4.2 2.04 -2.87182 46.336 -2.87182
4.2 2.16 -2.76902 45.7908 -2.76902
4.2 2.28 -3.49518 43.2893 -3.49518
4.2 2.4 -6.75189 34.1251 -6.75189
4.2 2.52 -11.5143 10.4814 -11.5143
4.2 2.64 4.31434 -9.04073 4.31434
4.2 2.76 30.6171 -5.03264 30.6171
4.2 2.88 39.9727 -1.67071 39.9727
4.2 3 34.8825 -3.5869 34.8825
4.2 3.12 12.6147 -9.21835 12.6147
4.2 3.24 -10.2205 2.62678 -10.2205
4.2 3.36 -8.28123 29.0872 -8.28123
4.2 3.48 -4.05242 41.6781 -4.05242
4.2 3.6 -2.85927 45.3329 -2.85927
4.2 3.72 -2.79891 46.2397 -2.79891
4.2 3.84 -3.10701 46.3084 -3.10701
4.2 3.96 -3.57811 46.0424 -3.57811
4.2 4.08 -4.14669 45.6022 -4.14669
4.2 4.2 -4.79343 45.0392 -4.79343
4.2 4.32 -5.5162 44.372 -5.5162
4.2 4.44 -6.29622 43.628 -6.29622
4.2 4.56 -7.14616 42.7996 -7.14616
4.2 4.68 -8.0635 41.8945 -8.0635
4.2 4.8 -9.03796 40.9258 -9.03796
4.2 4.92 -10.0794 39.8814 -10.0794
4.2 5.04 -11.1786 38.7705 -11.1786
4.2 5.16 -12.3178 37.6112 -12.3178
4.2 5.28 -13.4737 36.4249 -13.4737
4.2 5.4 -14.5925 35.2661 -14.5925
4.2 5.52 -15.5214 34.2919 -15.5214
4.2 5.64 -3.87952 45.8872 -3.87952
4.2 5.76 -31.4347 18.3095 -31.4347
4.2 5.88 -20.5952 29.098 -20.5952
4.32 0 -25.1714 24.6913 -25.1714
4.32 0.12 -21.1587 28.7079 -21.1587
4.32 0.24 -20.3328 29.5546 -20.3328
4.32 0.36 -14.7109 35.2014 -14.7109
4.32 0.48 -13.8491 36.0875 -13.8491
4.32 0.6 -12.6832 37.2735 -12.6832
4.32 0.72 -11.5428 38.4271 -11.5428
4.32 0.84 -10.4285 39.5479 -10.4285
4.32 0.96 -9.3651 40.6111 -9.3651
4.32 1.08 -8.36573 41.605 -8.36573
4.32 1.2 -7.43245 42.5267 -7.43245
4.32 1.32 -6.56458 43.3765 -6.56458
4.32 1.44 -5.76205 44.1482 -5.76205
4.32 1.56 -5.02015 44.843 -5.02015
4.32 1.68 -4.35021 45.4429 -4.35021
4.32 1.8 -3.75287 45.9322 -3.75287
4.32 1.92 -3.24315 46.2692 -3.24315
4.32 2.04 -2.87125 46.337 -2.87125
4.32 2.16 -2.76874 45.7909 -2.76874
4.32 2.28 -3.49573 43.2869 -3.49573
4.32 2.4 -6.75491 34.1151 -6.75491
4.32 2.52 -11.5133 10.4622 -11.5133
4.32 2.64 4.33802 -9.04275 4.33802
4.32 2.76 30.6384 -5.02498 30.6384
4.32 2.88 39.9874 -1.66476 39.9874
4.32 3 34.9007 -3.57984 34.9007
4.32 3.12 12.6395 -9.215 12.6395
4.32 3.24 -10.2135 2.60989 -10.2135
4.32 3.36 -8.28445 29.0746 -8.28445
4.32 3.48 -4.05313 41.6748 -4.05313
4.32 3.6 -2.85888 45.3327 -2.85888
4.32 3.72 -2.79817 46.2406 -2.79817
4.32 3.84 -3.10609 46.31 -3.10609
4.32 3.96 -3.57709 46.0443 -3.57709
4.32 4.08 -4.14556 45.6044 -4.14556
4.32 4.2 -4.79223 45.0417 -4.79223
4.32 4.32 -5.51503 44.3746 -5.51503
4.32 4.44 -6.29516 43.6305 -6.29516
4.32 4.56 -7.14528 42.802 -7.14528
4.32 4.68 -8.06288 41.8967 -8.06288
4.32 4.8 -9.03765 40.9276 -9.03765
4.32 4.92 -10.0794 39.8829 -10.0794
4.32 5.04 -11.1788 38.7718 -11.1788
4.32 5.16 -12.318 37.6124 -12.318
4.32 5.28 -13.4739 36.4261 -13.4739
4.32 5.4 -14.5924 35.2673 -14.5924
4.32 5.52 -15.5209 34.2933 -15.5209
4.32 5.64 -3.87902 45.8887 -3.87902
4.32 5.76 -31.4335 18.3116 -31.4335
4.32 5.88 -20.5943 29.0999 -20.5943
4.44 0 -25.1468 24.7163 -25.1468
4.44 0.12 -21.1603 28.7067 -21.1603
4.44 0.24 -20.3306 29.5573 -20.3306
4.44 0.36 -14.7089 35.204 -14.7089
4.44 0.48 -13.8473 36.09 -13.8473
4.44 0.6 -12.6816 37.276 -12.6816
4.44 0.72 -11.5415 38.4294 -11.5415
4.44 0.84 -10.4273 39.5501 -10.4273
4.44 0.96 -9.36405 40.6133 -9.36405
4.44 1.08 -8.36479 41.6072 -8.36479
4.44 1.2 -7.43159 42.529 -7.43159
4.44 1.32 -6.56372 43.3788 -6.56372
4.44 1.44 -5.76116 44.1505 -5.76116
4.44 1.56 -5.01931 44.8454 -5.01931
4.44 1.68 -4.34954 45.4451 -4.34954
4.44 1.8 -3.75243 45.9342 -3.75243
4.44 1.92 -3.24295 46.2708 -3.24295
4.44 2.04 -2.87129 46.3381 -2.87129
4.44 2.16 -2.7691 45.7911 -2.7691
4.44 2.28 -3.49701 43.2848 -3.49701
4.44 2.4 -6.75881 34.1052 -6.75881
4.44 2.52 -11.5131 10.4423 -11.5131
4.44 2.64 4.36109 -9.04563 4.36109
4.44 2.76 30.6591 -5.01813 30.6591
4.44 2.88 40.0012 -1.65966 40.0012
4.44 3 34.9181 -3.57362 34.9181
4.44 3.12 12.6637 -9.2125 12.6637
4.44 3.24 -10.2074 2.59231 -10.2074
4.44 3.36 -8.28855 29.0618 -8.28855
4.44 3.48 -4.05456 41.6717 -4.05456
4.44 3.6 -2.85911 45.3328 -2.85911
4.44 3.72 -2.79803 46.2417 -2.79803
4.44 3.84 -3.10576 46.3115 -3.10576
4.44 3.96 -3.57657 46.0462 -3.57657
4.44 4.08 -4.14478 45.6066 -4.14478
4.44 4.2 -4.79122 45.0441 -4.79122
4.44 4.32 -5.51395 44.377 -5.51395
4.44 4.44 -6.2941 43.6329 -6.2941
4.44 4.56 -7.14419 42.8044 -7.14419
4.44 4.68 -8.0617 41.8991 -8.0617
4.44 4.8 -9.03638 40.9301 -9.03638
4.44 4.92 -10.0781 39.8854 -10.0781
4.44 5.04 -11.1774 38.7742 -11.1774
4.44 5.16 -12.3165 37.6149 -12.3165
4.44 5.28 -13.4721 36.4287 -13.4721
4.44 5.4 -14.5903 35.2702 -14.5903
4.44 5.52 -15.5185 34.2964 -15.5185
4.44 5.64 -3.87678 45.8915 -3.87678
4.44 5.76 -31.4316 18.3142 -31.4316
4.44 5.88 -20.5923 29.1024 -20.5923
4.56 0 -25.1209 24.7428 -25.1209
4.56 0.12 -21.163 28.7046 -21.163
4.56 0.24 -20.3298 29.5588 -20.3298
4.56 0.36 -14.7088 35.2051 -14.7088
4.56 0.48 -13.8474 36.0911 -13.8474
4.56 0.6 -12.6817 37.2771 -12.6817
4.56 0.72 -11.5417 38.4304 -11.5417
4.56 0.84 -10.4277 39.5511 -10.4277
4.56 0.96 -9.3646 40.6141 -9.3646
4.56 1.08 -8.36553 41.6078 -8.36553
4.56 1.2 -7.43245 42.5294 -7.43245
4.56 1.32 -6.56461 43.3792 -6.56461
4.56 1.44 -5.76206 44.151 -5.76206
4.56 1.56 -5.02032 44.8458 -5.02032
4.56 1.68 -4.35081 45.4452 -4.35081
4.56 1.8 -3.75397 45.934 -3.75397
4.56 1.92 -3.24474 46.2702 -3.24474
4.56 2.04 -2.87328 46.3371 -2.87328
4.56 2.16 -2.77126 45.7894 -2.77126
4.56 2.28 -3.49972 43.2812 -3.49972
4.56 2.4 -6.76342 34.0953 -6.76342
4.56 2.52 -11.514 10.4242 -11.514
4.56 2.64 4.38024 -9.04895 4.38024
4.56 2.76 30.6767 -5.01251 30.6767
4.56 2.88 40.0132 -1.65522 40.0132
4.56 3 34.9329 -3.56848 34.9329
4.56 3.12 12.6837 -9.21107 12.6837
4.56 3.24 -10.2032 2.5764 -10.2032
4.56 3.36 -8.29317 29.0498 -8.29317
4.56 3.48 -4.05731 41.6674 -4.05731
4.56 3.6 -2.86117 45.3309 -2.86117
4.56 3.72 -2.79994 46.2405 -2.79994
4.56 3.84 -3.10754 46.3107 -3.10754
4.56 3.96 -3.57813 46.0458 -3.57813
4.56 4.08 -4.14597 45.6066 -4.14597
4.56 4.2 -4.79207 45.0445 -4.79207
4.56 4.32 -5.51465 44.3776 -5.51465
4.56 4.44 -6.29479 43.6335 -6.29479
4.56 4.56 -7.14486 42.805 -7.14486
4.56 4.68 -8.0623 41.8999 -8.0623
4.56 4.8 -9.03686 40.931 -9.03686
4.56 4.92 -10.0785 39.8864 -10.0785
4.56 5.04 -11.1777 38.7753 -11.1777
4.56 5.16 -12.3167 37.616 -12.3167
4.56 5.28 -13.4719 36.43 -13.4719
4.56 5.4 -14.5898 35.2717 -14.5898
4.56 5.52 -15.5177 34.2981 -15.5177
4.56 5.64 -3.87502 45.894 -3.87502
4.56 5.76 -31.4302 18.3164 -31.4302
4.56 5.88 -20.5891 29.1062 -20.5891
4.68 0 -25.0935 24.7704 -25.0935
4.68 0.12 -21.1669 28.7009 -21.1669
4.68 0.24 -20.3302 29.5589 -20.3302
4.68 0.36 -14.7102 35.2043 -14.7102
4.68 0.48 -13.8492 36.0901 -13.8492
4.68 0.6 -12.6839 37.2759 -12.6839
4.68 0.72 -11.5443 38.4289 -11.5443
4.68 0.84 -10.4306 39.5492 -10.4306
4.68 0.96 -9.36788 40.6118 -9.36788
4.68 1.08 -8.36906 41.6052 -8.36906
4.68 1.2 -7.43616 42.5266 -7.43616
4.68 1.32 -6.56846 43.3762 -6.56846
4.68 1.44 -5.76602 44.148 -5.76602
4.68 1.56 -5.02439 44.8426 -5.02439
4.68 1.68 -4.35496 45.442 -4.35496
4.68 1.8 -3.75809 45.9307 -3.75809
4.68 1.92 -3.24882 46.2669 -3.24882
4.68 2.04 -2.8773 46.3336 -2.8773
4.68 2.16 -2.77524 45.7857 -2.77524
4.68 2.28 -3.50389 43.2764 -3.50389
4.68 2.4 -6.76855 34.0863 -6.76855
4.68 2.52 -11.5155 10.41 -11.5155
4.68 2.64 4.39472 -9.05132 4.39472
4.68 2.76 30.6911 -5.00744 30.6911
4.68 2.88 40.0238 -1.65069 40.0238
4.68 3 34.9451 -3.56371 34.9451
4.68 3.12 12.6986 -9.20978 12.6986
4.68 3.24 -10.2008 2.56444 -10.2008
4.68 3.36 -8.29802 29.0397 -8.29802
4.68 3.48 -4.06141 41.6622 -4.06141
4.68 3.6 -2.86504 45.327 -2.86504
4.68 3.72 -2.80388 46.237 -2.80388
4.68 3.84 -3.11156 46.3073 -3.11156
4.68 3.96 -3.5822 46.0424 -3.5822
4.68 4.08 -4.15003 45.6033 -4.15003
4.68 4.2 -4.79607 45.0413 -4.79607
4.68 4.32 -5.51855 44.3746 -5.51855
4.68 4.44 -6.29853 43.6306 -6.29853
4.68 4.56 -7.14848 42.8022 -7.14848
4.68 4.68 -8.06587 41.8973 -8.06587
4.68 4.8 -9.04029 40.9286 -9.04029
4.68 4.92 -10.0817 39.8843 -10.0817
4.68 5.04 -11.1805 38.7736 -11.1805
4.68 5.16 -12.319 37.6147 -12.319
4.68 5.28 -13.4737 36.4292 -13.4737
4.68 5.4 -14.5909 35.2713 -14.5909
4.68 5.52 -15.5185 34.298 -15.5185
4.68 5.64 -3.87584 45.8935 -3.87584
4.68 5.76 -31.431 18.316 -31.431
4.68 5.88 -20.5891 29.1062 -20.5891
4.8 0 -25.063 24.8005 -25.063
4.8 0.12 -21.169 28.6984 -21.169
4.8 0.24 -20.3273 29.5615 -20.3273
4.8 0.36 -14.7076 35.2068 -14.7076
4.8 0.48 -13.8469 36.0924 -13.8469
4.8 0.6 -12.682 37.2778 -12.682
4.8 0.72 -11.5427 38.4306 -11.5427
4.8 0.84 -10.4294 39.5506 -10.4294
4.8 0.96 -9.36688 40.613 -9.36688
4.8 1.08 -8.36817 41.6063 -8.36817
4.8 1.2 -7.43539 42.5276 -7.43539
4.8 1.32 -6.5679 43.3771 -6.5679
4.8 1.44 -5.76571 44.1487 -5.76571
4.8 1.56 -5.02431 44.8432 -5.02431
4.8 1.68 -4.35509 45.4424 -4.35509
4.8 1.8 -3.75846 45.9309 -3.75846
4.8 1.92 -3.24948 46.2668 -3.24948
4.8 2.04 -2.87817 46.3334 -2.87817
4.8 2.16 -2.77622 45.7853 -2.77622
4.8 2.28 -3.50505 43.2755 -3.50505
4.8 2.4 -6.77042 34.0835 -6.77042
4.8 2.52 -11.5163 10.4043 -11.5163
4.8 2.64 4.40167 -9.0521 4.40167
4.8 2.76 30.6992 -5.0042 30.6992
4.8 2.88 40.0305 -1.64741 40.0305
4.8 3 34.952 -3.56066 34.952
4.8 3.12 12.7051 -9.20889 12.7051
4.8 3.24 -10.2002 2.56037 -10.2002
4.8 3.36 -8.2996 29.0372 -8.2996
4.8 3.48 -4.06244 41.6614 -4.06244
4.8 3.6 -2.866 45.3265 -2.866
4.8 3.72 -2.80481 46.2365 -2.80481
4.8 3.84 -3.11231 46.307 -3.11231
4.8 3.96 -3.58267 46.0424 -3.58267
4.8 4.08 -4.15026 45.6035 -4.15026
4.8 4.2 -4.79614 45.0417 -4.79614
4.8 4.32 -5.51838 44.3751 -5.51838
4.8 4.44 -6.29798 43.6315 -6.29798
4.8 4.56 -7.14766 42.8034 -7.14766
4.8 4.68 -8.06505 41.8984 -8.06505
4.8 4.8 -9.03945 40.9298 -9.03945
4.8 4.92 -10.0806 39.8857 -10.0806
4.8 5.04 -11.1792 38.7752 -11.1792
4.8 5.16 -12.3174 37.6165 -12.3174
4.8 5.28 -13.4718 36.4311 -13.4718
4.8 5.4 -14.5885 35.2736 -14.5885
4.8 5.52 -15.5155 34.3005 -15.5155
4.8 5.64 -3.87167 45.8971 -3.87167
4.8 5.76 -31.4274 18.3189 -31.4274
4.8 5.88 -20.5838 29.1108 -20.5838
4.92 0 -25.0317 24.8311 -25.0317
4.92 0.12 -21.1733 28.6935 -21.1733
4.92 0.24 -20.3272 29.561 -20.3272
4.92 0.36 -14.7085 35.2053 -14.7085
4.92 0.48 -13.8484 36.0905 -13.8484
4.92 0.6 -12.684 37.2755 -12.684
4.92 0.72 -11.5453 38.4278 -11.5453
4.92 0.84 -10.4324 39.5474 -10.4324
4.92 0.96 -9.37035 40.6093 -9.37035
4.92 1.08 -8.37197 41.6023 -8.37197
4.92 1.2 -7.43945 42.5233 -7.43945
4.92 1.32 -6.57219 43.3727 -6.57219
4.92 1.44 -5.77018 44.1442 -5.77018
4.92 1.56 -5.02894 44.8386 -5.02894
4.92 1.68 -4.36003 45.4376 -4.36003
4.92 1.8 -3.76379 45.9258 -3.76379
4.92 1.92 -3.25504 46.2614 -3.25504
4.92 2.04 -2.88358 46.3281 -2.88358
4.92 2.16 -2.78105 45.7806 -2.78105
4.92 2.28 -3.50884 43.2723 -3.50884
4.92 2.4 -6.77287 34.0828 -6.77287
4.92 2.52 -11.5184 10.4065 -11.5184
4.92 2.64 4.39814 -9.05128 4.39814
4.92 2.76 30.6986 -5.00314 30.6986
4.92 2.88 40.0314 -1.64556 40.0314
4.92 3 34.9511 -3.55965 34.9511
4.92 3.12 12.7001 -9.20871 12.7001
4.92 3.24 -10.2035 2.56439 -10.2035
4.92 3.36 -8.30105 29.0392 -8.30105
4.92 3.48 -4.0656 41.6593 -4.0656
4.92 3.6 -2.87055 45.3222 -2.87055
4.92 3.72 -2.81023 46.2311 -2.81023
4.92 3.84 -3.11804 46.3013 -3.11804
4.92 3.96 -3.58825 46.0368 -3.58825
4.92 4.08 -4.15545 45.5984 -4.15545
4.92 4.2 -4.80104 45.0367 -4.80104
4.92 4.32 -5.52306 44.3703 -5.52306
4.92 4.44 -6.3024 43.6269 -6.3024
4.92 4.56 -7.1519 42.7991 -7.1519
4.92 4.68 -8.06923 41.8942 -8.06923
4.92 4.8 -9.04338 40.9258 -9.04338
4.92 4.92 -10.0841 39.8821 -10.0841
4.92 5.04 -11.1824 38.7719 -11.1824
4.92 5.16 -12.3202 37.6134 -12.3202
4.92 5.28 -13.4739 36.4284 -13.4739
4.92 5.4 -14.5899 35.2712 -14.5899
4.92 5.52 -15.5162 34.2986 -15.5162
4.92 5.64 -3.87178 45.8954 -3.87178
4.92 5.76 -31.4271 18.3174 -31.4271
4.92 5.88 -20.5826 29.11 -20.5826
5.04 0 -24.9978 24.8639 -24.9978
5.04 0.12 -21.1769 28.6886 -21.1769
5.04 0.24 -20.3262 29.5609 -20.3262
5.04 0.36 -14.7085 35.2044 -14.7085
5.04 0.48 -13.8489 36.0892 -13.8489
5.04 0.6 -12.6851 37.2738 -12.6851
5.04 0.72 -11.5468 38.4256 -11.5468
5.04 0.84 -10.4342 39.5448 -10.4342
5.04 0.96 -9.37255 40.6062 -9.37255
5.04 1.08 -8.37454 41.5986 -8.37454
5.04 1.2 -7.44239 42.5192 -7.44239
5.04 1.32 -6.57551 43.3681 -6.57551
5.04 1.44 -5.77388 44.1392 -5.77388
5.04 1.56 -5.03313 44.8332 -5.03313
5.04 1.68 -4.3648 45.4316 -4.3648
5.04 1.8 -3.76902 45.9193 -3.76902
5.04 1.92 -3.26039 46.2547 -3.26039
5.04 2.04 -2.88862 46.3217 -2.88862
5.04 2.16 -2.78536 45.7754 -2.78536
5.04 2.28 -3.51159 43.27 -3.51159
5.04 2.4 -6.77275 34.0879 -6.77275
5.04 2.52 -11.5204 10.4206 -11.5204
5.04 2.64 4.38155 -9.04808 4.38155
5.04 2.76 30.6871 -5.00497 30.6871
5.04 2.88 40.0256 -1.64546 40.0256
5.04 3 34.941 -3.56123 34.941
5.04 3.12 12.6805 -9.20924 12.6805
5.04 3.24 -10.2105 2.58021 -10.2105
5.04 3.36 -8.29947 29.0496 -8.29947
5.04 3.48 -4.06745 41.6591 -4.06745
5.04 3.6 -2.87456 45.3176 -2.87456
5.04 3.72 -2.81528 46.2247 -2.81528
5.04 3.84 -3.12359 46.2942 -3.12359
5.04 3.96 -3.59388 46.0297 -3.59388
5.04 4.08 -4.16071 45.5917 -4.16071
5.04 4.2 -4.80571 45.0307 -4.80571
5.04 4.32 -5.5272 44.3648 -5.5272
5.04 4.44 -6.30614 43.6219 -6.30614
5.04 4.56 -7.1554 42.7944 -7.1554
5.04 4.68 -8.07248 41.8898 -8.07248
5.04 4.8 -9.0462 40.922 -9.0462
5.04 4.92 -10.0866 39.8787 -10.0866
5.04 5.04 -11.1846 38.7688 -11.1846
5.04 5.16 -12.3218 37.6108 -12.3218
5.04 5.28 -13.4749 36.4263 -13.4749
5.04 5.4 -14.5904 35.2694 -14.5904
5.04 5.52 -15.5162 34.2969 -15.5162
5.04 5.64 -3.87125 45.8939 -3.87125
5.04 5.76 -31.4267 18.3156 -31.4267
5.04 5.88 -20.5804 29.1096 -20.5804
5.16 0 -24.9596 24.9009 -24.9596
5.16 0.12 -21.1773 28.687 -21.1773
5.16 0.24 -20.3213 29.5647 -20.3213
5.16 0.36 -14.7044 35.2077 -14.7044
5.16 0.48 -13.8456 36.092 -13.8456
5.16 0.6 -12.6824 37.2763 -12.6824
5.16 0.72 -11.5449 38.4275 -11.5449
5.16 0.84 -10.433 39.5461 -10.433
5.16 0.96 -9.37181 40.607 -9.37181
5.16 1.08 -8.37429 41.599 -8.37429
5.16 1.2 -7.44262 42.5192 -7.44262
5.16 1.32 -6.57623 43.3676 -6.57623
5.16 1.44 -5.77519 44.1382 -5.77519
5.16 1.56 -5.03514 44.8316 -5.03514
5.16 1.68 -4.36754 45.4293 -4.36754
5.16 1.8 -3.77232 45.9163 -3.77232
5.16 1.92 -3.2641 46.2514 -3.2641
5.16 2.04 -2.89245 46.3184 -2.89245
5.16 2.16 -2.78876 45.773 -2.78876
5.16 2.28 -3.51328 43.2713 -3.51328
5.16 2.4 -6.77025 34.1009 -6.77025
5.16 2.52 -11.5222 10.4494 -11.5222
5.16 2.64 4.35097 -9.04053 4.35097
5.16 2.76 30.6642 -5.00859 30.6642
5.16 2.88 40.0132 -1.6459 40.0132
5.16 3 34.9213 -3.56429 34.9213
5.16 3.12 12.6454 -9.20905 12.6454
5.16 3.24 -10.2213 2.6105 -10.2213
5.16 3.36 -8.29511 29.0706 -8.29511
5.16 3.48 -4.06817 41.6632 -4.06817
5.16 3.6 -2.87786 45.3157 -2.87786
5.16 3.72 -2.81936 46.2211 -2.81936
5.16 3.84 -3.12765 46.2903 -3.12765
5.16 3.96 -3.59773 46.026 -3.59773
5.16 4.08 -4.16416 45.5885 -4.16416
5.16 4.2 -4.80852 45.0281 -4.80852
5.16 4.32 -5.52928 44.363 -5.52928
5.16 4.44 -6.30766 43.6206 -6.30766
5.16 4.56 -7.15653 42.7934 -7.15653
5.16 4.68 -8.07315 41.8892 -8.07315
5.16 4.8 -9.04633 40.9218 -9.04633
5.16 4.92 -10.0863 39.8789 -10.0863
5.16 5.04 -11.1836 38.7695 -11.1836
5.16 5.16 -12.3198 37.6122 -12.3198
5.16 5.28 -13.472 36.4282 -13.472
5.16 5.4 -14.587 35.2715 -14.587
5.16 5.52 -15.5119 34.2992 -15.5119
5.16 5.64 -3.86535 45.8972 -3.86535
5.16 5.76 -31.4218 18.3175 -31.4218
5.16 5.88 -20.5721 29.1145 -20.5721
5.28 0 -24.9209 24.9385 -24.9209
5.28 0.12 -21.1781 28.6852 -21.1781
5.28 0.24 -20.3173 29.568 -20.3173
5.28 0.36 -14.7016 35.2102 -14.7016
5.28 0.48 -13.8438 36.0939 -13.8438
5.28 0.6 -12.6814 37.2778 -12.6814
5.28 0.72 -11.5444 38.4286 -11.5444
5.28 0.84 -10.4332 39.5467 -10.4332
5.28 0.96 -9.37266 40.607 -9.37266
5.28 1.08 -8.37576 41.5984 -8.37576
5.28 1.2 -7.4447 42.518 -7.4447
5.28 1.32 -6.5789 43.3659 -6.5789
5.28 1.44 -5.77853 44.1358 -5.77853
5.28 1.56 -5.03928 44.8284 -5.03928
5.28 1.68 -4.37256 45.4252 -4.37256
5.28 1.8 -3.7782 45.9113 -3.7782
5.28 1.92 -3.27069 46.2456 -3.27069
5.28 2.04 -2.89926 46.3125 -2.89926
5.28 2.16 -2.7949 45.7684 -2.7949
5.28 2.28 -3.51678 43.2721 -3.51678
5.28 2.4 -6.76664 34.1195 -6.76664
5.28 2.52 -11.5237 10.4938 -11.5237
5.28 2.64 4.3034 -9.0286 4.3034
5.28 2.76 30.6263 -5.01572 30.6263
5.28 2.88 39.9915 -1.64845 39.9915
5.28 3 34.8887 -3.57065 34.8887
5.28 3.12 12.591 -9.20907 12.591
5.28 3.24 -10.2366 2.65643 -10.2366
5.28 3.36 -8.28876 29.1009 -8.28876
5.28 3.48 -4.07023 41.6679 -4.07023
5.28 3.6 -2.88383 45.3118 -2.88383
5.28 3.72 -2.82661 46.2147 -2.82661
5.28 3.84 -3.13496 46.2837 -3.13496
5.28 3.96 -3.60448 46.02 -3.60448
5.28 4.08 -4.17012 45.5832 -4.17012
5.28 4.2 -4.81362 45.0237 -4.81362
5.28 4.32 -5.53358 44.3594 -5.53358
5.28 4.44 -6.31137 43.6175 -6.31137
5.28 4.56 -7.15972 42.7908 -7.15972
5.28 4.68 -8.07565 41.8872 -8.07565
5.28 4.8 -9.04807 40.9205 -9.04807
5.28 4.92 -10.0874 39.8782 -10.0874
5.28 5.04 -11.1838 38.7694 -11.1838
5.28 5.16 -12.3191 37.6128 -12.3191
5.28 5.28 -13.4706 36.4292 -13.4706
5.28 5.4 -14.5844 35.2729 -14.5844
5.28 5.52 -15.508 34.3014 -15.508
5.28 5.64 -3.86103 45.8994 -3.86103
5.28 5.76 -31.418 18.3189 -31.418
5.28 5.88 -20.5655 29.1181 -20.5655
5.4 0 -24.8808 24.977 -24.8808
5.4 0.12 -21.1764 28.6853 -21.1764
5.4 0.24 -20.3111 29.5728 -20.3111
5.4 0.36 -14.6966 35.2142 -14.6966
5.4 0.48 -13.8397 36.0974 -13.8397
5.4 0.6 -12.6784 37.2806 -12.6784
5.4 0.72 -11.5422 38.4309 -11.5422
5.4 0.84 -10.4315 39.5486 -10.4315
5.4 0.96 -9.37148 40.6086 -9.37148
5.4 1.08 -8.37512 41.5994 -8.37512
5.4 1.2 -7.44468 42.5183 -7.44468
5.4 1.32 -6.57957 43.3655 -6.57957
5.4 1.44 -5.78 44.1346 -5.78
5.4 1.56 -5.04166 44.8262 -5.04166
5.4 1.68 -4.37604 45.4218 -4.37604
5.4 1.8 -3.78281 45.9067 -3.78281
5.4 1.92 -3.27637 46.2398 -3.27637
5.4 2.04 -2.90589 46.3058 -2.90589
5.4 2.16 -2.80202 45.7619 -2.80202
5.4 2.28 -3.52188 43.2709 -3.52188
5.4 2.4 -6.76326 34.1406 -6.76326
5.4 2.52 -11.5262 10.551 -11.5262
5.4 2.64 4.23694 -9.01229 4.23694
5.4 2.76 30.5701 -5.02665 30.5701
5.4 2.88 39.9572 -1.65335 39.9572
5.4 3 34.8397 -3.58057 34.8397
5.4 3.12 12.515 -9.20917 12.515
5.4 3.24 -10.2574 2.71608 -10.2574
5.4 3.36 -8.28179 29.1373 -8.28179
5.4 3.48 -4.07359 41.6719 -4.07359
5.4 3.6 -2.89087 45.3063 -2.89087
5.4 3.72 -2.8339 46.2075 -2.8339
5.4 3.84 -3.14164 46.2767 -3.14164
5.4 3.96 -3.61028 46.0139 -3.61028
5.4 4.08 -4.17477 45.5783 -4.17477
5.4 4.2 -4.81706 45.0201 -4.81706
5.4 4.32 -5.53605 44.3568 -5.53605
5.4 4.44 -6.31311 43.6157 -6.31311
5.4 4.56 -7.16068 42.7897 -7.16068
5.4 4.68 -8.07569 41.887 -8.07569
5.4 4.8 -9.04737 40.9211 -9.04737
5.4 4.92 -10.0861 39.8792 -10.0861
5.4 5.04 -11.1817 38.771 -11.1817
5.4 5.16 -12.3163 37.6148 -12.3163
5.4 5.28 -13.467 36.4314 -13.467
5.4 5.4 -14.5795 35.2756 -14.5795
5.4 5.52 -15.5021 34.3043 -15.5021
5.4 5.64 -3.85373 45.9027 -3.85373
5.4 5.76 -31.4105 18.322 -31.4105
5.4 5.88 -20.556 29.1223 -20.556
5.52 0 -24.8488 25.0074 -24.8488
5.52 0.12 -21.1753 28.6847 -21.1753
5.52 0.24 -20.3058 29.5767 -20.3058
5.52 0.36 -14.6923 35.2176 -14.6923
5.52 0.48 -13.8359 36.1008 -13.8359
5.52 0.6 -12.6753 37.2836 -12.6753
5.52 0.72 -11.5399 38.4335 -11.5399
5.52 0.84 -10.4299 39.5507 -10.4299
5.52 0.96 -9.37031 40.6104 -9.37031
5.52 1.08 -8.37434 41.6009 -8.37434
5.52 1.2 -7.44422 42.5196 -7.44422
5.52 1.32 -6.57937 43.3666 -6.57937
5.52 1.44 -5.78001 44.1355 -5.78001
5.52 1.56 -5.04179 44.827 -5.04179
5.52 1.68 -4.37655 45.4223 -4.37655
5.52 1.8 -3.7838 45.9069 -3.7838
5.52 1.92 -3.27795 46.2396 -3.27795
5.52 2.04 -2.90836 46.3051 -2.90836
5.52 2.16 -2.80482 45.7616 -2.80482
5.52 2.28 -3.52218 43.2762 -3.52218
5.52 2.4 -6.75324 34.1717 -6.75324
5.52 2.52 -11.5217 10.6291 -11.5217
5.52 2.64 4.15347 -8.98557 4.15347
5.52 2.76 30.4906 -5.04208 30.4906
5.52 2.88 39.9042 -1.66304 39.9042
5.52 3 34.7687 -3.59541 34.7687
5.52 3.12 12.4176 -9.20489 12.4176
5.52 3.24 -10.2758 2.79748 -10.2758
5.52 3.36 -8.26688 29.1885 -8.26688
5.52 3.48 -4.0715 41.6845 -4.0715
5.52 3.6 -2.89332 45.3078 -2.89332
5.52 3.72 -2.83694 46.2067 -2.83694
5.52 3.84 -3.14422 46.2757 -3.14422
5.52 3.96 -3.61225 46.013 -3.61225
5.52 4.08 -4.17602 45.5779 -4.17602
5.52 4.2 -4.81753 45.0203 -4.81753
5.52 4.32 -5.53632 44.3571 -5.53632
5.52 4.44 -6.31317 43.616 -6.31317
5.52 4.56 -7.16045 42.7902 -7.16045
5.52 4.68 -8.07504 41.8879 -8.07504
5.52 4.8 -9.04639 40.9222 -9.04639
5.52 4.92 -10.0848 39.8806 -10.0848
5.52 5.04 -11.1797 38.7729 -11.1797
5.52 5.16 -12.3135 37.6169 -12.3135
5.52 5.28 -13.4633 36.4336 -13.4633
5.52 5.4 -14.5747 35.2781 -14.5747
5.52 5.52 -15.4963 34.3068 -15.4963
5.52 5.64 -3.84582 45.9063 -3.84582
5.52 5.76 -31.4036 18.3238 -31.4036
5.52 5.88 -20.5448 29.1272 -20.5448
5.64 0 -25.1667 24.6863 -25.1667
5.64 0.12 -21.1148 28.7416 -21.1148
5.64 0.24 -20.301 29.578 -20.301
5.64 0.36 -14.6875 35.2192 -14.6875
5.64 0.48 -13.833 36.1012 -13.833
5.64 0.6 -12.6736 37.2836 -12.6736
5.64 0.72 -11.5387 38.4334 -11.5387
5.64 0.84 -10.4292 39.5504 -10.4292
5.64 0.96 -9.36969 40.61 -9.36969
5.64 1.08 -8.37383 41.6005 -8.37383
5.64 1.2 -7.44431 42.5184 -7.44431
5.64 1.32 -6.57978 43.3652 -6.57978
5.64 1.44 -5.78001 44.1344 -5.78001
5.64 1.56 -5.04139 44.8262 -5.04139
5.64 1.68 -4.37594 45.4216 -4.37594
5.64 1.8 -3.78336 45.9057 -3.78336
5.64 1.92 -3.2776 46.2381 -3.2776
5.64 2.04 -2.9093 46.3019 -2.9093
5.64 2.16 -2.8062 45.7574 -2.8062
5.64 2.28 -3.52243 43.274 -3.52243
5.64 2.4 -6.743 34.1935 -6.743
5.64 2.52 -11.5103 10.7148 -11.5103
5.64 2.64 4.05084 -8.94802 4.05084
5.64 2.76 30.3782 -5.06372 30.3782
5.64 2.88 39.8205 -1.68014 39.8205
5.64 3 34.6635 -3.61735 34.6635
5.64 3.12 12.2948 -9.19554 12.2948
5.64 3.24 -10.2925 2.88757 -10.2925
5.64 3.36 -8.25293 29.2344 -8.25293
5.64 3.48 -4.07131 41.6898 -4.07131
5.64 3.6 -2.89554 45.3051 -2.89554
5.64 3.72 -2.83899 46.2032 -2.83899
5.64 3.84 -3.14587 46.2724 -3.14587
5.64 3.96 -3.61302 46.0106 -3.61302
5.64 4.08 -4.17623 45.5763 -4.17623
5.64 4.2 -4.81724 45.0194 -4.81724
5.64 4.32 -5.53654 44.3557 -5.53654
5.64 4.44 -6.31296 43.6151 -6.31296
5.64 4.56 -7.16052 42.7889 -7.16052
5.64 4.68 -8.07533 41.8864 -8.07533
5.64 4.8 -9.04617 40.9212 -9.04617
5.64 4.92 -10.0839 39.8799 -10.0839
5.64 5.04 -11.1788 38.772 -11.1788
5.64 5.16 -12.3121 37.6161 -12.3121
5.64 5.28 -13.4605 36.4331 -13.4605
5.64 5.4 -14.5713 35.2771 -14.5713
5.64 5.52 -15.4915 34.3058 -15.4915
5.64 5.64 -3.84019 45.9046 -3.84019
5.64 5.76 -31.399 18.3203 -31.399
5.64 5.88 -20.5371 29.1252 -20.5371
5.76 0 21.052 70.9011 21.052
5.76 0.12 19.9367 69.7889 19.9367
5.76 0.24 20.1031 69.979 20.1031
5.76 0.36 25.2499 75.1536 25.2499
5.76 0.48 25.8871 75.8191 25.8871
5.76 0.6 26.9468 76.9027 26.9468
5.76 0.72 27.9628 77.9339 27.9628
5.76 0.84 28.9605 78.9393 28.9605
5.76 0.96 29.9108 79.8901 29.9108
5.76 1.08 30.8055 80.7795 30.8055
5.76 1.2 31.6387 81.6005 31.6387
5.76 1.32 32.4115 82.3552 32.4115
5.76 1.44 33.1289 83.0418 33.1289
5.76 1.56 33.7948 83.6608 33.7948
5.76 1.68 34.388 84.1833 34.388
5.76 1.8 34.9185 84.604 34.9185
5.76 1.92 35.3669 84.8771 35.3669
5.76 2.04 35.6841 84.8871 35.6841
5.76 2.16 35.7507 84.3016 35.7507
5.76 2.28 35.0198 81.7965 35.0198
5.76 2.4 31.8444 72.7635 31.8444
5.76 2.52 27.064 49.3427 27.064
5.76 2.64 42.3315 29.514 42.3315
5.76 2.76 68.6133 33.3049 68.6133
5.76 2.88 77.836 36.4472 77.836
5.76 3 72.6011 34.4563 72.6011
5.76 3.12 50.3785 29.0652 50.3785
5.76 3.24 28.2094 41.4803 28.2094
5.76 3.36 30.5781 68.0795 30.5781
5.76 3.48 34.6003 80.3523 34.6003
5.76 3.6 35.673 83.8628 35.673
5.76 3.72 35.7297 84.7634 35.7297
5.76 3.84 35.4647 84.8766 35.4647
5.76 3.96 35.0443 84.6632 35.0443
5.76 4.08 34.5422 84.2917 34.5422
5.76 4.2 33.9662 83.801 33.9662
5.76 4.32 33.3145 83.205 33.3145
5.76 4.44 32.6182 82.5452 32.6182
5.76 4.56 31.8575 81.8056 31.8575
5.76 4.68 31.0284 80.989 31.0284
5.76 4.8 30.159 80.1254 30.159
5.76 4.92 29.2258 79.1887 29.2258
5.76 5.04 28.2363 78.1853 28.2363
5.76 5.16 27.2193 77.1451 27.2193
5.76 5.28 26.1878 76.0783 26.1878
5.76 5.4 25.1864 75.0297 25.1864
5.76 5.52 24.3178 74.1085 24.3178
5.76 5.64 35.4266 85.1621 35.4266
5.76 5.76 6.30217 56.012 6.30217
5.76 5.88 29.4925 79.1406 29.4925
5.88 0 -89.7214 -39.9119 -89.7214
5.88 0.12 -86.8892 -37.0719 -86.8892
5.88 0.24 -83.8619 -34.0143 -83.8619
5.88 0.36 -77.4812 -27.5986 -77.4812
5.88 0.48 -76.3622 -26.4455 -76.3622
5.88 0.6 -75.0478 -25.1034 -75.0478
5.88 0.72 -73.7444 -23.7814 -73.7444
5.88 0.84 -72.4708 -22.4982 -72.4708
5.88 0.96 -71.2549 -21.2811 -71.2549
5.88 1.08 -70.1094 -20.1417 -70.1094
5.88 1.2 -69.0383 -19.0839 -69.0383
5.88 1.32 -68.0422 -18.1104 -68.0422
5.88 1.44 -67.121 -17.225 -67.121
5.88 1.56 -66.2763 -16.4352 -66.2763
5.88 1.68 -65.5113 -15.7535 -65.5113
5.88 1.8 -64.833 -15.203 -64.833
5.88 1.92 -64.2605 -14.8346 -64.2605
5.88 2.04 -63.8439 -14.7762 -63.8439
5.88 2.16 -63.7477 -15.4322 -63.7477
5.88 2.28 -64.5665 -18.2611 -64.5665
5.88 2.4 -67.9182 -27.9941 -67.9182
5.88 2.52 -72.0447 -51.077 -72.0447
5.88 2.64 -56.9668 -69.2294 -56.9668
5.88 2.76 -31.9152 -65.9301 -31.9152
5.88 2.88 -22.256 -62.492 -22.256
5.88 3 -27.6559 -64.3964 -27.6559
5.88 3.12 -49.7324 -69.4046 -49.7324
5.88 3.24 -70.8487 -57.757 -70.8487
5.88 3.36 -69.4749 -32.9008 -69.4749
5.88 3.48 -65.2421 -20.0362 -65.2421
5.88 3.6 -63.8684 -15.957 -63.8684
5.88 3.72 -63.7505 -14.8749 -63.7505
5.88 3.84 -64.0804 -14.7675 -64.0804
5.88 3.96 -64.6049 -15.0495 -64.6049
5.88 4.08 -65.2467 -15.5409 -65.2467
5.88 4.2 -65.9809 -16.1764 -65.9809
5.88 4.32 -66.7978 -16.928 -66.7978
5.88 4.44 -67.6926 -17.7801 -67.6926
5.88 4.56 -68.662 -18.7229 -68.662
5.88 4.68 -69.7065 -19.7524 -69.7065
5.88 4.8 -70.8246 -20.8653 -70.8246
5.88 4.92 -72.013 -22.0582 -72.013
5.88 5.04 -73.2663 -23.327 -73.2663
5.88 5.16 -74.568 -24.6572 -74.568
5.88 5.28 -75.8833 -26.0153 -75.8833
5.88 5.4 -77.1538 -27.3418 -77.1538
5.88 5.52 -78.1841 -28.4362 -78.1841
5.88 5.64 -65.6796 -15.9957 -65.6796
5.88 5.76 -90.3564 -40.7143 -90.3564
5.88 5.88 -103.878 -54.3086 -103.878
