0 0 0.104717 0.0019811 0.89472
0 0.12 0.105225 0.00189585 0.894444
0 0.24 0.106661 0.00158228 0.893693
0 0.36 0.10863 0.00123917 0.892412
0 0.48 0.111011 0.00090647 0.890613
0 0.6 0.113653 0.000636842 0.888419
0 0.72 0.116452 0.000448234 0.88593
0 0.84 0.119348 0.000341041 0.883222
0 0.96 0.12231 0.000308623 0.880337
0 1.08 0.12533 0.00034609 0.877293
0 1.2 0.128405 0.000456016 0.874066
0 1.32 0.131547 0.000652296 0.870615
0 1.44 0.134769 0.000964088 0.866893
0 1.56 0.13809 0.00144211 0.862849
0 1.68 0.141526 0.00217113 0.858444
0 1.8 0.145068 0.00329895 0.853584
0 1.92 0.148656 0.00511741 0.848068
0 2.04 0.152109 0.00834117 0.841381
0 2.16 0.154907 0.0152009 0.831832
0 2.28 0.155421 0.0339017 0.81291
0 2.4 0.148156 0.0951666 0.759392
0 2.52 0.118201 0.286199 0.598492
0 2.64 0.061027 0.633783 0.307285
0 2.76 0.0250024 0.851803 0.125354
0 2.88 0.015532 0.909901 0.0773283
0 3 0.0221604 0.870995 0.110086
0 3.12 0.0529949 0.68696 0.263532
0 3.24 0.110687 0.339789 0.552587
0 3.36 0.146596 0.116067 0.739737
0 3.48 0.156485 0.0405917 0.804742
0 3.6 0.156747 0.0177156 0.826957
0 3.72 0.15416 0.00958244 0.837512
0 3.84 0.150752 0.00587184 0.844613
0 3.96 0.147151 0.00380766 0.85035
0 4.08 0.143579 0.002529 0.855351
0 4.2 0.140113 0.00169827 0.859865
0 4.32 0.136768 0.00114951 0.864002
0 4.44 0.133538 0.000789093 0.867802
0 4.56 0.130458 0.000562037 0.871316
0 4.68 0.127478 0.000438371 0.874576
0 4.8 0.124569 0.000407068 0.877612
0 4.92 0.121719 0.000472456 0.880443
0 5.04 0.118928 0.000650879 0.883058
0 5.16 0.116217 0.000963934 0.885434
0 5.28 0.113634 0.00142555 0.887519
0 5.4 0.111264 0.00202232 0.889254
0 5.52 0.109238 0.00269419 0.890579
0 5.64 0.10772 0.00337752 0.89144
0 5.76 0.106849 0.00371946 0.891975
0 5.88 0.106543 0.00446961 0.891577
0.12 0 0.104616 0.00199302 0.894612
0.12 0.12 0.105079 0.00190671 0.894351
0.12 0.24 0.10654 0.0015917 0.893601
0.12 0.36 0.108512 0.00124602 0.892324
0.12 0.48 0.110901 0.000911561 0.890536
0.12 0.6 0.113549 0.000640534 0.888349
0.12 0.72 0.116353 0.000450945 0.885862
0.12 0.84 0.119253 0.000343249 0.883154
0.12 0.96 0.122218 0.000310808 0.880268
0.12 1.08 0.12524 0.000348747 0.877229
0.12 1.2 0.128318 0.000459714 0.874009
0.12 1.32 0.13146 0.000657775 0.870565
0.12 1.44 0.134682 0.000972407 0.866845
0.12 1.56 0.137999 0.00145492 0.862794
0.12 1.68 0.141428 0.00219099 0.858383
0.12 1.8 0.144959 0.00333013 0.853504
0.12 1.92 0.148529 0.00516772 0.847956
0.12 2.04 0.151954 0.0084275 0.841224
0.12 2.16 0.154705 0.0153699 0.831566
0.12 2.28 0.155133 0.0343127 0.81238
0.12 2.4 0.147694 0.0963089 0.758163
0.12 2.52 0.117579 0.288161 0.596481
0.12 2.64 0.0608174 0.633674 0.306991
0.12 2.76 0.0249568 0.851192 0.125524
0.12 2.88 0.0154658 0.909594 0.0772764
0.12 3 0.0220284 0.870962 0.109802
0.12 3.12 0.0525553 0.688286 0.262071
0.12 3.24 0.109744 0.343595 0.549061
0.12 3.36 0.145957 0.118101 0.737768
0.12 3.48 0.156129 0.041268 0.803997
0.12 3.6 0.156512 0.0179686 0.826625
0.12 3.72 0.153988 0.00970336 0.837338
0.12 3.84 0.150615 0.00594008 0.844505
0.12 3.96 0.147037 0.00384939 0.850272
0.12 4.08 0.143475 0.00255546 0.855283
0.12 4.2 0.140014 0.00171535 0.859804
0.12 4.32 0.136667 0.00116069 0.863949
0.12 4.44 0.133414 0.0007965 0.867745
0.12 4.56 0.130353 0.000567091 0.871259
0.12 4.68 0.127381 0.000442005 0.87452
0.12 4.8 0.124474 0.000410051 0.877546
0.12 4.92 0.121623 0.000475476 0.880372
0.12 5.04 0.118829 0.000654648 0.882985
0.12 5.16 0.116114 0.000969167 0.885355
0.12 5.28 0.113526 0.00143294 0.887433
0.12 5.4 0.111149 0.00203223 0.889165
0.12 5.52 0.109115 0.00270524 0.890489
0.12 5.64 0.107579 0.00338415 0.891388
0.12 5.76 0.106726 0.00373515 0.891931
0.12 5.88 0.106433 0.00447978 0.891559
0.24 0 0.104409 0.00186554 0.894397
0.24 0.12 0.104641 0.0017889 0.894267
0.24 0.24 0.106324 0.00149498 0.893515
0.24 0.36 0.108328 0.00117185 0.892225
0.24 0.48 0.11073 0.00085815 0.890456
0.24 0.6 0.113387 0.000603647 0.88826
0.24 0.72 0.116192 0.000425592 0.885764
0.24 0.84 0.119095 0.000324686 0.883043
0.24 0.96 0.122059 0.000294886 0.880146
0.24 1.08 0.125086 0.000331821 0.877111
0.24 1.2 0.128167 0.000438277 0.873919
0.24 1.32 0.131314 0.000627931 0.870508
0.24 1.44 0.134538 0.000929129 0.866812
0.24 1.56 0.137851 0.00139162 0.862765
0.24 1.68 0.141278 0.00209772 0.858401
0.24 1.8 0.144805 0.00319178 0.853551
0.24 1.92 0.14837 0.00495915 0.84805
0.24 2.04 0.151794 0.00810028 0.841439
0.24 2.16 0.154551 0.014808 0.831943
0.24 2.28 0.155032 0.0332012 0.81318
0.24 2.4 0.147761 0.0939422 0.759925
0.24 2.52 0.117807 0.284856 0.598903
0.24 2.64 0.0604174 0.634622 0.305724
0.24 2.76 0.0243049 0.854016 0.122603
0.24 2.88 0.0148383 0.912384 0.0743848
0.24 3 0.0211205 0.875388 0.105624
0.24 3.12 0.0510861 0.695626 0.255501
0.24 3.24 0.108789 0.347213 0.545723
0.24 3.36 0.145674 0.117583 0.738016
0.24 3.48 0.155931 0.0404905 0.804548
0.24 3.6 0.156314 0.0174706 0.826972
0.24 3.72 0.153807 0.00938807 0.837579
0.24 3.84 0.150446 0.00573048 0.844648
0.24 3.96 0.146884 0.00370617 0.850346
0.24 4.08 0.143316 0.00245648 0.855284
0.24 4.2 0.139851 0.00164669 0.859771
0.24 4.32 0.136494 0.00111287 0.863911
0.24 4.44 0.133105 0.000762691 0.86767
0.24 4.56 0.130159 0.000542103 0.871166
0.24 4.68 0.127209 0.000421362 0.874432
0.24 4.8 0.124305 0.000389381 0.877427
0.24 4.92 0.121457 0.00044973 0.880246
0.24 5.04 0.118665 0.000617536 0.88287
0.24 5.16 0.115948 0.000912598 0.88525
0.24 5.28 0.113358 0.00134778 0.887337
0.24 5.4 0.11098 0.00190959 0.889103
0.24 5.52 0.10894 0.00253919 0.890453
0.24 5.64 0.107399 0.003175 0.891385
0.24 5.76 0.106564 0.00348434 0.891995
0.24 5.88 0.106421 0.00418539 0.891631
0.36 0 0.104152 0.00177326 0.894216
0.36 0.12 0.104358 0.00170104 0.89411
0.36 0.24 0.106089 0.00142291 0.893373
0.36 0.36 0.108118 0.00111637 0.892073
0.36 0.48 0.110532 0.000818277 0.890311
0.36 0.6 0.113195 0.000576284 0.888117
0.36 0.72 0.116002 0.000407072 0.885628
0.36 0.84 0.118903 0.000311558 0.882899
0.36 0.96 0.121869 0.000284206 0.879994
0.36 1.08 0.124896 0.000321121 0.876966
0.36 1.2 0.127981 0.000425335 0.873794
0.36 1.32 0.131132 0.000610461 0.87041
0.36 1.44 0.134358 0.000904443 0.86674
0.36 1.56 0.137673 0.00135622 0.862715
0.36 1.68 0.141099 0.00204672 0.858369
0.36 1.8 0.144624 0.00311797 0.853549
0.36 1.92 0.148185 0.00485088 0.848086
0.36 2.04 0.151608 0.00793534 0.841534
0.36 2.16 0.154366 0.0145346 0.832123
0.36 2.28 0.154866 0.0326885 0.813531
0.36 2.4 0.147656 0.0929465 0.760604
0.36 2.52 0.117739 0.283664 0.599601
0.36 2.64 0.0601049 0.635223 0.304741
0.36 2.76 0.0239317 0.855206 0.120999
0.36 2.88 0.0144572 0.913669 0.0726659
0.36 3 0.0205173 0.877959 0.102889
0.36 3.12 0.049967 0.701004 0.250551
0.36 3.24 0.107752 0.351591 0.541788
0.36 3.36 0.145184 0.118541 0.737082
0.36 3.48 0.155631 0.04048 0.804503
0.36 3.6 0.156065 0.0173405 0.827043
0.36 3.72 0.153585 0.00927495 0.83765
0.36 3.84 0.150241 0.00564469 0.844696
0.36 3.96 0.146686 0.00364275 0.85036
0.36 4.08 0.143124 0.00241007 0.85526
0.36 4.2 0.139655 0.00161298 0.859718
0.36 4.32 0.136286 0.00108842 0.863837
0.36 4.44 0.132865 0.000744668 0.867566
0.36 4.56 0.129936 0.00052805 0.87104
0.36 4.68 0.126999 0.000408813 0.874288
0.36 4.8 0.124101 0.000375638 0.877259
0.36 4.92 0.121256 0.000431339 0.880064
0.36 5.04 0.118466 0.000589906 0.882684
0.36 5.16 0.11575 0.000869773 0.885053
0.36 5.28 0.11316 0.00128282 0.887159
0.36 5.4 0.110781 0.00181574 0.888933
0.36 5.52 0.108739 0.0024122 0.890272
0.36 5.64 0.1072 0.00301317 0.891217
0.36 5.76 0.106378 0.00330201 0.891812
0.36 5.88 0.106265 0.00396459 0.891487
0.48 0 0.103915 0.00170239 0.894029
0.48 0.12 0.104118 0.00163335 0.893931
0.48 0.24 0.105862 0.00136696 0.893204
0.48 0.36 0.107901 0.00107314 0.891904
0.48 0.48 0.110319 0.000787193 0.890144
0.48 0.6 0.112984 0.000555029 0.88795
0.48 0.72 0.11579 0.000392855 0.88546
0.48 0.84 0.118689 0.000301752 0.882722
0.48 0.96 0.121654 0.000276619 0.87981
0.48 1.08 0.124681 0.000313989 0.876784
0.48 1.2 0.127769 0.000417178 0.873626
0.48 1.32 0.130924 0.000599897 0.870266
0.48 1.44 0.134155 0.000889995 0.866626
0.48 1.56 0.137473 0.0013361 0.862628
0.48 1.68 0.140902 0.0020186 0.858303
0.48 1.8 0.144427 0.00307859 0.853506
0.48 1.92 0.147987 0.00479511 0.848064
0.48 2.04 0.151409 0.00785339 0.841538
0.48 2.16 0.154167 0.0144038 0.832159
0.48 2.28 0.154675 0.0324547 0.813623
0.48 2.4 0.147486 0.0925292 0.760781
0.48 2.52 0.117574 0.283271 0.59963
0.48 2.64 0.0598479 0.635653 0.303912
0.48 2.76 0.0236839 0.855736 0.11996
0.48 2.88 0.0141986 0.914284 0.0715131
0.48 3 0.0200742 0.879646 0.100889
0.48 3.12 0.0490519 0.705314 0.246497
0.48 3.24 0.106751 0.355968 0.537851
0.48 3.36 0.144649 0.119961 0.735741
0.48 3.48 0.1553 0.0407683 0.804174
0.48 3.6 0.155799 0.0173747 0.826946
0.48 3.72 0.153346 0.00925954 0.837601
0.48 3.84 0.150018 0.00562159 0.844654
0.48 3.96 0.146472 0.00362104 0.850309
0.48 4.08 0.142914 0.0023918 0.855192
0.48 4.2 0.139443 0.00159831 0.859627
0.48 4.32 0.136066 0.00107686 0.863722
0.48 4.44 0.132634 0.000735423 0.867423
0.48 4.56 0.129705 0.000520116 0.870869
0.48 4.68 0.126771 0.000400894 0.874093
0.48 4.8 0.123876 0.000365977 0.877044
0.48 4.92 0.121033 0.000417439 0.879834
0.48 5.04 0.118245 0.000568248 0.882444
0.48 5.16 0.11553 0.000835708 0.884805
0.48 5.28 0.112941 0.00123086 0.886916
0.48 5.4 0.110563 0.00174062 0.888684
0.48 5.52 0.10852 0.0023107 0.889998
0.48 5.64 0.106981 0.00288445 0.890902
0.48 5.76 0.106164 0.00315896 0.891467
0.48 5.88 0.10606 0.00379217 0.891139
0.6 0 0.103704 0.00164819 0.893854
0.6 0.12 0.103903 0.00158142 0.893758
0.6 0.24 0.105643 0.00132383 0.89303
0.6 0.36 0.107678 0.00103969 0.891721
0.6 0.48 0.110093 0.000763106 0.889956
0.6 0.6 0.112755 0.000538587 0.887751
0.6 0.72 0.115558 0.00038195 0.88525
0.6 0.84 0.118454 0.0002944 0.882495
0.6 0.96 0.121417 0.000271186 0.87957
0.6 1.08 0.124445 0.000309206 0.87654
0.6 1.2 0.127536 0.000412054 0.87339
0.6 1.32 0.130695 0.000593596 0.870048
0.6 1.44 0.133932 0.00088173 0.866434
0.6 1.56 0.137256 0.00132503 0.862464
0.6 1.68 0.140689 0.00200374 0.858161
0.6 1.8 0.144217 0.00305868 0.853385
0.6 1.92 0.147779 0.00476821 0.847957
0.6 2.04 0.151201 0.00781568 0.841439
0.6 2.16 0.153959 0.0143462 0.832066
0.6 2.28 0.154469 0.0323573 0.813539
0.6 2.4 0.14729 0.0923764 0.760696
0.6 2.52 0.117381 0.283215 0.599381
0.6 2.64 0.0596341 0.635999 0.303217
0.6 2.76 0.0235062 0.856018 0.119231
0.6 2.88 0.014011 0.914647 0.0706841
0.6 3 0.019732 0.880903 0.0993485
0.6 3.12 0.0482914 0.708894 0.243119
0.6 3.24 0.105839 0.360028 0.534186
0.6 3.36 0.144125 0.121466 0.734285
0.6 3.48 0.154968 0.0411619 0.803687
0.6 3.6 0.155528 0.0174791 0.826715
0.6 3.72 0.1531 0.00929015 0.837438
0.6 3.84 0.149786 0.00562997 0.844511
0.6 3.96 0.146246 0.00362133 0.850166
0.6 4.08 0.142692 0.00238896 0.855037
0.6 4.2 0.13922 0.00159441 0.859453
0.6 4.32 0.135837 0.00107279 0.863522
0.6 4.44 0.132398 0.000731426 0.867196
0.6 4.56 0.129466 0.000515975 0.870619
0.6 4.68 0.126531 0.000395977 0.873823
0.6 4.8 0.123636 0.000359138 0.876762
0.6 4.92 0.120794 0.00040685 0.879546
0.6 5.04 0.118008 0.000551204 0.882153
0.6 5.16 0.115293 0.000808577 0.884512
0.6 5.28 0.112705 0.00118934 0.886628
0.6 5.4 0.110325 0.0016806 0.888387
0.6 5.52 0.108279 0.00222979 0.889665
0.6 5.64 0.106736 0.00278228 0.89045
0.6 5.76 0.10592 0.00304603 0.890966
0.6 5.88 0.105818 0.00365639 0.890574
0.72 0 0.10352 0.00160703 0.893714
0.72 0.12 0.103707 0.00154191 0.893613
0.72 0.24 0.105427 0.00129089 0.892866
0.72 0.36 0.107445 0.00101407 0.891531
0.72 0.48 0.109851 0.000744624 0.889745
0.72 0.6 0.112509 0.000525982 0.887521
0.72 0.72 0.11531 0.000373647 0.885004
0.72 0.84 0.118205 0.000288911 0.882231
0.72 0.96 0.121169 0.000267301 0.879292
0.72 1.08 0.124199 0.000306013 0.876258
0.72 1.2 0.127294 0.000408884 0.873112
0.72 1.32 0.13046 0.000589946 0.869785
0.72 1.44 0.133703 0.000877201 0.866194
0.72 1.56 0.137035 0.00131927 0.862249
0.72 1.68 0.140475 0.00199645 0.857968
0.72 1.8 0.144008 0.00304951 0.853211
0.72 1.92 0.147572 0.00475668 0.847793
0.72 2.04 0.150994 0.00780063 0.841273
0.72 2.16 0.153752 0.0143246 0.831888
0.72 2.28 0.154263 0.0323226 0.813342
0.72 2.4 0.147088 0.0923323 0.760467
0.72 2.52 0.117187 0.28326 0.599027
0.72 2.64 0.0594579 0.636241 0.302646
0.72 2.76 0.0233729 0.856165 0.118692
0.72 2.88 0.0138685 0.914878 0.0700573
0.72 3 0.01946 0.881882 0.0981226
0.72 3.12 0.0476573 0.711867 0.240291
0.72 3.24 0.105031 0.363615 0.530895
0.72 3.36 0.143639 0.122882 0.732841
0.72 3.48 0.154651 0.0415681 0.803119
0.72 3.6 0.155269 0.0176056 0.826399
0.72 3.72 0.152864 0.0093389 0.837201
0.72 3.84 0.149561 0.00565224 0.844301
0.72 3.96 0.146027 0.0036321 0.849962
0.72 4.08 0.142475 0.00239391 0.854824
0.72 4.2 0.138999 0.00159623 0.85922
0.72 4.32 0.135611 0.00107289 0.863265
0.72 4.44 0.132166 0.00073048 0.866914
0.72 4.56 0.129229 0.000514154 0.870317
0.72 4.68 0.126291 0.000393019 0.873509
0.72 4.8 0.123394 0.00035429 0.876443
0.72 4.92 0.12055 0.000398761 0.879228
0.72 5.04 0.117762 0.000537793 0.88184
0.72 5.16 0.115047 0.000787006 0.884204
0.72 5.28 0.112456 0.00115625 0.88633
0.72 5.4 0.110071 0.0016328 0.888089
0.72 5.52 0.108014 0.00216548 0.889346
0.72 5.64 0.106454 0.0027013 0.890145
0.72 5.76 0.105638 0.00295678 0.890628
0.72 5.88 0.10553 0.00354919 0.89028
0.84 0 0.103377 0.00157607 0.893603
0.84 0.12 0.103531 0.00151214 0.893482
0.84 0.24 0.105204 0.00126601 0.892703
0.84 0.36 0.107183 0.000994664 0.891332
0.84 0.48 0.109585 0.000730599 0.889529
0.84 0.6 0.112244 0.000516422 0.887288
0.84 0.72 0.115048 0.000367384 0.884758
0.84 0.84 0.117946 0.000284842 0.88197
0.84 0.96 0.120916 0.000264533 0.879019
0.84 1.08 0.123951 0.000303891 0.875979
0.84 1.2 0.127053 0.000406953 0.872835
0.84 1.32 0.130226 0.000587902 0.869516
0.84 1.44 0.133478 0.000874849 0.865942
0.84 1.56 0.136818 0.0013165 0.862017
0.84 1.68 0.140265 0.00199324 0.857753
0.84 1.8 0.143805 0.00304592 0.853013
0.84 1.92 0.147373 0.00475278 0.847604
0.84 2.04 0.150798 0.00779634 0.841081
0.84 2.16 0.153557 0.014319 0.831684
0.84 2.28 0.154069 0.0323136 0.813119
0.84 2.4 0.146901 0.0923243 0.760216
0.84 2.52 0.117017 0.283308 0.598703
0.84 2.64 0.0593203 0.636387 0.302221
0.84 2.76 0.0232728 0.856241 0.118298
0.84 2.88 0.0137586 0.915044 0.0695767
0.84 3 0.0192424 0.882672 0.0971414
0.84 3.12 0.0471343 0.714335 0.237953
0.84 3.24 0.104341 0.366698 0.528058
0.84 3.36 0.143213 0.124141 0.731532
0.84 3.48 0.154368 0.0419449 0.802564
0.84 3.6 0.155034 0.0177304 0.826067
0.84 3.72 0.152648 0.00939122 0.836939
0.84 3.84 0.149354 0.0056787 0.844065
0.84 3.96 0.145821 0.00364671 0.84973
0.84 4.08 0.142269 0.00240209 0.854582
0.84 4.2 0.13879 0.00160067 0.858961
0.84 4.32 0.135396 0.00107505 0.862985
0.84 4.44 0.131944 0.000731158 0.866616
0.84 4.56 0.129001 0.000513674 0.870007
0.84 4.68 0.126057 0.000391306 0.873194
0.84 4.8 0.123156 0.000350837 0.87613
0.84 4.92 0.120308 0.000392558 0.878923
0.84 5.04 0.117515 0.000527232 0.881545
0.84 5.16 0.114794 0.000769869 0.883918
0.84 5.28 0.112197 0.0011299 0.886057
0.84 5.4 0.109803 0.00159477 0.887815
0.84 5.52 0.107727 0.00211441 0.889044
0.84 5.64 0.106107 0.00263713 0.889709
0.84 5.76 0.105314 0.00288616 0.890158
0.84 5.88 0.10517 0.00346439 0.889724
0.96 0 0.103335 0.00155307 0.893528
0.96 0.12 0.103521 0.00148999 0.893406
0.96 0.24 0.105237 0.00124745 0.892612
0.96 0.36 0.10725 0.000980162 0.891214
0.96 0.48 0.109653 0.000720099 0.889384
0.96 0.6 0.112306 0.000509264 0.887118
0.96 0.72 0.1151 0.000362715 0.884568
0.96 0.84 0.117987 0.000281852 0.881757
0.96 0.96 0.120946 0.000262569 0.878785
0.96 1.08 0.12397 0.000302483 0.875728
0.96 1.2 0.127064 0.000405788 0.87257
0.96 1.32 0.130228 0.000586788 0.869246
0.96 1.44 0.133473 0.000873689 0.865671
0.96 1.56 0.136807 0.00131528 0.861751
0.96 1.68 0.140249 0.00199201 0.857492
0.96 1.8 0.143783 0.00304483 0.852759
0.96 1.92 0.147346 0.00475204 0.847354
0.96 2.04 0.150764 0.00779602 0.840829
0.96 2.16 0.153515 0.0143184 0.831425
0.96 2.28 0.154019 0.0323096 0.812852
0.96 2.4 0.146844 0.0923102 0.759945
0.96 2.52 0.116955 0.283292 0.598432
0.96 2.64 0.0592559 0.636415 0.301934
0.96 2.76 0.0232123 0.856264 0.118018
0.96 2.88 0.013681 0.915172 0.0692091
0.96 3 0.0190794 0.883313 0.0963596
0.96 3.12 0.0467375 0.716347 0.236044
0.96 3.24 0.103833 0.369259 0.525658
0.96 3.36 0.142952 0.125208 0.730354
0.96 3.48 0.154245 0.0422711 0.802007
0.96 3.6 0.154963 0.0178415 0.825694
0.96 3.72 0.152601 0.00943942 0.836622
0.96 3.84 0.149322 0.0057041 0.843768
0.96 3.96 0.1458 0.00366143 0.849439
0.96 4.08 0.142258 0.00241088 0.85429
0.96 4.2 0.138787 0.00160586 0.858663
0.96 4.32 0.1354 0.00107797 0.862681
0.96 4.44 0.131957 0.000732555 0.866311
0.96 4.56 0.129023 0.00051389 0.869707
0.96 4.68 0.12609 0.000390346 0.872907
0.96 4.8 0.123201 0.000348347 0.875863
0.96 4.92 0.120366 0.00038777 0.878679
0.96 5.04 0.117587 0.00051889 0.881328
0.96 5.16 0.114879 0.000756235 0.883727
0.96 5.28 0.112294 0.00110891 0.885897
0.96 5.4 0.109911 0.00156448 0.887681
0.96 5.52 0.107851 0.0020738 0.88893
0.96 5.64 0.106277 0.00258617 0.88964
0.96 5.76 0.105458 0.00283013 0.890097
0.96 5.88 0.105344 0.00339715 0.8897
1.08 0 0.103323 0.00153625 0.89345
1.08 0.12 0.103524 0.00147376 0.893336
1.08 0.24 0.105265 0.00123382 0.892538
1.08 0.36 0.107299 0.000969485 0.891121
1.08 0.48 0.109709 0.000712353 0.889262
1.08 0.6 0.112362 0.000503981 0.88697
1.08 0.72 0.115153 0.000359278 0.884398
1.08 0.84 0.118033 0.000279675 0.881564
1.08 0.96 0.120985 0.00026118 0.878571
1.08 1.08 0.124001 0.000301544 0.875494
1.08 1.2 0.127088 0.000405081 0.87232
1.08 1.32 0.130245 0.000586188 0.868984
1.08 1.44 0.133484 0.000873142 0.865403
1.08 1.56 0.136813 0.00131479 0.861481
1.08 1.68 0.14025 0.00199166 0.857221
1.08 1.8 0.143779 0.00304475 0.852493
1.08 1.92 0.147337 0.00475239 0.847095
1.08 2.04 0.15075 0.00779677 0.840577
1.08 2.16 0.153497 0.0143185 0.831181
1.08 2.28 0.153998 0.0323038 0.812619
1.08 2.4 0.146821 0.0922806 0.759738
1.08 2.52 0.116935 0.283214 0.598285
1.08 2.64 0.0592318 0.636372 0.301804
1.08 2.76 0.023177 0.856298 0.117845
1.08 2.88 0.0136259 0.915328 0.0689401
1.08 3 0.018956 0.883885 0.0957535
1.08 3.12 0.0464309 0.718004 0.234532
1.08 3.24 0.103442 0.371356 0.523719
1.08 3.36 0.142763 0.12609 0.729381
1.08 3.48 0.15417 0.0425435 0.801528
1.08 3.6 0.154929 0.0179355 0.825349
1.08 3.72 0.152585 0.00948079 0.836309
1.08 3.84 0.149316 0.00572631 0.843464
1.08 3.96 0.145802 0.00367462 0.849136
1.08 4.08 0.142269 0.00241899 0.853986
1.08 4.2 0.138805 0.00161085 0.858358
1.08 4.32 0.135425 0.00108094 0.862377
1.08 4.44 0.131989 0.00073414 0.866014
1.08 4.56 0.129065 0.000514399 0.869424
1.08 4.68 0.126141 0.000389814 0.872643
1.08 4.8 0.123262 0.00034651 0.875624
1.08 4.92 0.120438 0.00038403 0.87847
1.08 5.04 0.117668 0.000512258 0.881151
1.08 5.16 0.11497 0.000745332 0.883582
1.08 5.28 0.112393 0.0010921 0.885793
1.08 5.4 0.110019 0.00154024 0.887621
1.08 5.52 0.107972 0.00204132 0.888936
1.08 5.64 0.106422 0.00254545 0.88982
1.08 5.76 0.105601 0.0027854 0.890322
1.08 5.88 0.105501 0.00334348 0.890048
1.2 0 0.103318 0.00152423 0.89333
1.2 0.12 0.103525 0.00146213 0.893219
1.2 0.24 0.105279 0.00122404 0.89242
1.2 0.36 0.107325 0.000961801 0.890992
1.2 0.48 0.109744 0.000706766 0.889118
1.2 0.6 0.1124 0.000500163 0.886812
1.2 0.72 0.115192 0.000356797 0.884227
1.2 0.84 0.11807 0.000278111 0.881377
1.2 0.96 0.121019 0.0002602 0.878364
1.2 1.08 0.12403 0.000300908 0.875269
1.2 1.2 0.127112 0.000404634 0.872078
1.2 1.32 0.130265 0.000585839 0.868726
1.2 1.44 0.133498 0.000872852 0.865131
1.2 1.56 0.136821 0.00131456 0.861196
1.2 1.68 0.140253 0.0019915 0.856925
1.2 1.8 0.143776 0.0030447 0.852191
1.2 1.92 0.147329 0.00475242 0.846789
1.2 2.04 0.150738 0.00779647 0.840272
1.2 2.16 0.153482 0.0143157 0.830886
1.2 2.28 0.153982 0.0322894 0.812349
1.2 2.4 0.146811 0.0922222 0.759533
1.2 2.52 0.116944 0.283056 0.598224
1.2 2.64 0.0592416 0.636259 0.301812
1.2 2.76 0.0231633 0.856361 0.117766
1.2 2.88 0.01359 0.915538 0.0687571
1.2 3 0.0188665 0.88442 0.0953005
1.2 3.12 0.0462019 0.719349 0.233367
1.2 3.24 0.103147 0.373013 0.522175
1.2 3.36 0.142624 0.126786 0.728542
1.2 3.48 0.154118 0.0427588 0.80105
1.2 3.6 0.154907 0.0180097 0.824963
1.2 3.72 0.152577 0.00951359 0.835946
1.2 3.84 0.149317 0.0057441 0.843111
1.2 3.96 0.145811 0.00368536 0.848792
1.2 4.08 0.142286 0.00242573 0.853653
1.2 4.2 0.138829 0.0016151 0.858037
1.2 4.32 0.135457 0.00108355 0.862069
1.2 4.44 0.132028 0.000735604 0.865722
1.2 4.56 0.129111 0.000514959 0.869152
1.2 4.68 0.126195 0.000389497 0.872394
1.2 4.8 0.123323 0.000345108 0.8754
1.2 4.92 0.120506 0.000381066 0.878273
1.2 5.04 0.117742 0.00050694 0.880981
1.2 5.16 0.115049 0.000736556 0.883439
1.2 5.28 0.112477 0.00107856 0.885684
1.2 5.4 0.110107 0.00152072 0.88755
1.2 5.52 0.108065 0.0020152 0.888919
1.2 5.64 0.106524 0.00251275 0.889897
1.2 5.76 0.105704 0.00274949 0.890443
1.2 5.88 0.105608 0.0033004 0.890219
1.32 0 0.103309 0.00151596 0.893153
1.32 0.12 0.10352 0.0014541 0.893045
1.32 0.24 0.105282 0.00121725 0.89225
1.32 0.36 0.107338 0.000956454 0.89082
1.32 0.48 0.109764 0.000702863 0.888946
1.32 0.6 0.112426 0.000497486 0.886636
1.32 0.72 0.11522 0.00035505 0.884045
1.32 0.84 0.118098 0.000277009 0.881184
1.32 0.96 0.121047 0.000259511 0.878158
1.32 1.08 0.124056 0.000300465 0.875049
1.32 1.2 0.127135 0.000404326 0.871843
1.32 1.32 0.130285 0.0005856 0.868477
1.32 1.44 0.133515 0.000872645 0.86487
1.32 1.56 0.136834 0.00131436 0.860924
1.32 1.68 0.140262 0.0019913 0.85664
1.32 1.8 0.143781 0.00304446 0.851898
1.32 1.92 0.147329 0.00475196 0.846492
1.32 2.04 0.150734 0.00779507 0.839975
1.32 2.16 0.153476 0.0143103 0.830598
1.32 2.28 0.153978 0.0322675 0.81209
1.32 2.4 0.146818 0.092139 0.759355
1.32 2.52 0.116978 0.282826 0.598241
1.32 2.64 0.0592775 0.636058 0.301925
1.32 2.76 0.0231661 0.856394 0.117758
1.32 2.88 0.0135691 0.91573 0.0686407
1.32 3 0.0188041 0.884864 0.0949701
1.32 3.12 0.0460367 0.72039 0.232487
1.32 3.24 0.102935 0.374278 0.520972
1.32 3.36 0.142532 0.127319 0.727843
1.32 3.48 0.154092 0.0429234 0.800614
1.32 3.6 0.154904 0.0180664 0.824595
1.32 3.72 0.152584 0.00953866 0.835595
1.32 3.84 0.149332 0.00575777 0.842769
1.32 3.96 0.145831 0.00369369 0.848461
1.32 4.08 0.142313 0.00243102 0.853334
1.32 4.2 0.138862 0.00161848 0.857731
1.32 4.32 0.135495 0.00108566 0.861777
1.32 4.44 0.132071 0.000736808 0.865446
1.32 4.56 0.129159 0.000515439 0.868893
1.32 4.68 0.126248 0.000389267 0.872155
1.32 4.8 0.123381 0.000343992 0.875182
1.32 4.92 0.120567 0.000378674 0.878076
1.32 5.04 0.117806 0.000502627 0.880804
1.32 5.16 0.115114 0.000729427 0.883277
1.32 5.28 0.112543 0.00106755 0.885544
1.32 5.4 0.110173 0.00150487 0.887433
1.32 5.52 0.108131 0.00199399 0.888829
1.32 5.64 0.106591 0.00248622 0.889854
1.32 5.76 0.10577 0.00272039 0.89042
1.32 5.88 0.105675 0.0032655 0.890221
1.44 0 0.103293 0.00151062 0.892909
1.44 0.12 0.103507 0.00144887 0.892803
1.44 0.24 0.105275 0.0012128 0.892015
1.44 0.36 0.107338 0.000952922 0.890591
1.44 0.48 0.109771 0.000700262 0.888725
1.44 0.6 0.112438 0.000495685 0.886419
1.44 0.72 0.115236 0.00035386 0.883831
1.44 0.84 0.118117 0.000276247 0.880965
1.44 0.96 0.121066 0.000259021 0.877932
1.44 1.08 0.124075 0.000300134 0.874813
1.44 1.2 0.127153 0.000404073 0.871597
1.44 1.32 0.130302 0.00058537 0.868223
1.44 1.44 0.13353 0.000872398 0.864608
1.44 1.56 0.136848 0.00131406 0.860656
1.44 1.68 0.140274 0.0019909 0.856367
1.44 1.8 0.143791 0.00304386 0.851625
1.44 1.92 0.147338 0.00475088 0.846221
1.44 2.04 0.150741 0.00779254 0.839709
1.44 2.16 0.153484 0.0143026 0.830345
1.44 2.28 0.153989 0.0322396 0.811869
1.44 2.4 0.146843 0.0920369 0.759228
1.44 2.52 0.117036 0.282546 0.598342
1.44 2.64 0.0593366 0.635813 0.302132
1.44 2.76 0.0231831 0.856443 0.117811
1.44 2.88 0.0135611 0.915951 0.0685815
1.44 3 0.018765 0.885273 0.0947455
1.44 3.12 0.0459267 0.721205 0.231858
1.44 3.24 0.102797 0.37522 0.520082
1.44 3.36 0.142483 0.127711 0.727294
1.44 3.48 0.154092 0.0430444 0.800247
1.44 3.6 0.154921 0.0181079 0.824272
1.44 3.72 0.152607 0.00955689 0.835281
1.44 3.84 0.149359 0.00576768 0.84246
1.44 3.96 0.145861 0.00369972 0.848156
1.44 4.08 0.142347 0.00243486 0.853035
1.44 4.2 0.138899 0.00162093 0.857438
1.44 4.32 0.135534 0.00108719 0.861491
1.44 4.44 0.132112 0.000737675 0.865171
1.44 4.56 0.129204 0.000515761 0.868631
1.44 4.68 0.126295 0.000389035 0.871907
1.44 4.8 0.12343 0.00034305 0.874948
1.44 4.92 0.120617 0.000376692 0.877855
1.44 5.04 0.117856 0.000499068 0.880593
1.44 5.16 0.115163 0.000723552 0.883072
1.44 5.28 0.11259 0.00105849 0.885345
1.44 5.4 0.110217 0.00149182 0.887237
1.44 5.52 0.108172 0.00197655 0.888631
1.44 5.64 0.106628 0.0024644 0.889654
1.44 5.76 0.105807 0.00269647 0.890219
1.44 5.88 0.105711 0.0032368 0.890021
1.56 0 0.103273 0.00150768 0.892606
1.56 0.12 0.103489 0.00144595 0.892504
1.56 0.24 0.105262 0.00121027 0.891728
1.56 0.36 0.10733 0.000950875 0.890316
1.56 0.48 0.10977 0.000698725 0.888468
1.56 0.6 0.112443 0.000494596 0.886178
1.56 0.72 0.115245 0.000353123 0.883603
1.56 0.84 0.118129 0.000275758 0.880743
1.56 0.96 0.121081 0.00025869 0.877711
1.56 1.08 0.124091 0.000299888 0.87459
1.56 1.2 0.127171 0.000403857 0.87137
1.56 1.32 0.130319 0.000585139 0.867989
1.56 1.44 0.133548 0.000872109 0.864368
1.56 1.56 0.136865 0.00131366 0.860412
1.56 1.68 0.14029 0.00199032 0.856117
1.56 1.8 0.143806 0.00304293 0.851374
1.56 1.92 0.147351 0.00474923 0.845971
1.56 2.04 0.150755 0.00778899 0.839462
1.56 2.16 0.153498 0.0142928 0.830107
1.56 2.28 0.154007 0.0322064 0.811661
1.56 2.4 0.146877 0.0919183 0.75912
1.56 2.52 0.117108 0.282219 0.598488
1.56 2.64 0.0594107 0.635506 0.302399
1.56 2.76 0.02321 0.85646 0.117907
1.56 2.88 0.0135626 0.916143 0.0685648
1.56 3 0.018744 0.885602 0.0946028
1.56 3.12 0.0458597 0.721794 0.231424
1.56 3.24 0.102715 0.375874 0.519436
1.56 3.36 0.142465 0.127983 0.726853
1.56 3.48 0.154108 0.0431274 0.79992
1.56 3.6 0.154949 0.018136 0.823976
1.56 3.72 0.15264 0.00956914 0.834993
1.56 3.84 0.149394 0.0057743 0.842177
1.56 3.96 0.145898 0.00370374 0.847879
1.56 4.08 0.142386 0.00243742 0.852763
1.56 4.2 0.138939 0.00162258 0.857173
1.56 4.32 0.135575 0.00108821 0.861234
1.56 4.44 0.132154 0.000738236 0.864922
1.56 4.56 0.129247 0.000515931 0.868392
1.56 4.68 0.126339 0.000388787 0.871678
1.56 4.8 0.123473 0.000342239 0.874726
1.56 4.92 0.120659 0.000375036 0.877635
1.56 5.04 0.117896 0.000496119 0.880371
1.56 5.16 0.1152 0.000718691 0.88284
1.56 5.28 0.112622 0.00105099 0.885101
1.56 5.4 0.110243 0.00148102 0.88697
1.56 5.52 0.108193 0.00196211 0.888332
1.56 5.64 0.106645 0.00244634 0.889313
1.56 5.76 0.105821 0.00267665 0.889851
1.56 5.88 0.105724 0.00321306 0.889637
1.68 0 0.103248 0.00150678 0.892247
1.68 0.12 0.103466 0.00144496 0.892144
1.68 0.24 0.105242 0.00120933 0.891373
1.68 0.36 0.107315 0.000950051 0.889972
1.68 0.48 0.10976 0.000698055 0.888146
1.68 0.6 0.112439 0.000494084 0.885881
1.68 0.72 0.115247 0.000352746 0.88333
1.68 0.84 0.118134 0.000275482 0.880488
1.68 0.96 0.12109 0.000258476 0.877468
1.68 1.08 0.124102 0.000299699 0.874354
1.68 1.2 0.127184 0.000403655 0.871135
1.68 1.32 0.130334 0.000584885 0.867753
1.68 1.44 0.133563 0.000871755 0.864129
1.68 1.56 0.13688 0.00131314 0.860169
1.68 1.68 0.140304 0.00198951 0.855869
1.68 1.8 0.14382 0.00304165 0.851123
1.68 1.92 0.147365 0.00474698 0.845716
1.68 2.04 0.150767 0.00778439 0.839205
1.68 2.16 0.15351 0.0142809 0.829854
1.68 2.28 0.154024 0.0321681 0.811434
1.68 2.4 0.146911 0.0917847 0.758997
1.68 2.52 0.117186 0.28185 0.598644
1.68 2.64 0.059494 0.635138 0.302701
1.68 2.76 0.0232438 0.856427 0.118031
1.68 2.88 0.0135713 0.916285 0.0685803
1.68 3 0.018737 0.885841 0.0945245
1.68 3.12 0.0458264 0.722177 0.231146
1.68 3.24 0.102675 0.37628 0.518977
1.68 3.36 0.142465 0.128148 0.726476
1.68 3.48 0.15413 0.0431772 0.799599
1.68 3.6 0.154978 0.0181524 0.823674
1.68 3.72 0.152673 0.0095761 0.834702
1.68 3.84 0.149429 0.00577801 0.841895
1.68 3.96 0.145934 0.00370598 0.847605
1.68 4.08 0.142423 0.00243884 0.852498
1.68 4.2 0.138977 0.00162348 0.856915
1.68 4.32 0.135613 0.00108876 0.860983
1.68 4.44 0.132191 0.000738511 0.864677
1.68 4.56 0.129284 0.00051595 0.868153
1.68 4.68 0.126375 0.000388503 0.871442
1.68 4.8 0.123507 0.000341518 0.874489
1.68 4.92 0.12069 0.000373633 0.877391
1.68 5.04 0.117923 0.000493649 0.880111
1.68 5.16 0.115222 0.000714634 0.882555
1.68 5.28 0.112638 0.00104474 0.884785
1.68 5.4 0.110253 0.00147199 0.886609
1.68 5.52 0.108196 0.00195002 0.887911
1.68 5.64 0.106642 0.0024312 0.88882
1.68 5.76 0.105814 0.00266003 0.889313
1.68 5.88 0.105716 0.00319312 0.889079
1.8 0 0.103218 0.00150768 0.891835
1.8 0.12 0.103437 0.00144567 0.891718
1.8 0.24 0.105215 0.00120977 0.890937
1.8 0.36 0.107291 0.000950263 0.889535
1.8 0.48 0.10974 0.000698101 0.887732
1.8 0.6 0.112423 0.000494035 0.885492
1.8 0.72 0.115234 0.000352651 0.882968
1.8 0.84 0.118126 0.000275365 0.880147
1.8 0.96 0.121085 0.000258341 0.877145
1.8 1.08 0.1241 0.000299533 0.874042
1.8 1.2 0.127184 0.000403433 0.870831
1.8 1.32 0.130335 0.000584568 0.867452
1.8 1.44 0.133565 0.000871285 0.86383
1.8 1.56 0.136883 0.00131243 0.85987
1.8 1.68 0.140308 0.00198841 0.855569
1.8 1.8 0.143824 0.00303988 0.850821
1.8 1.92 0.147368 0.00474397 0.845415
1.8 2.04 0.150771 0.00777855 0.838904
1.8 2.16 0.153515 0.0142668 0.829559
1.8 2.28 0.154034 0.0321252 0.811168
1.8 2.4 0.14694 0.0916386 0.758844
1.8 2.52 0.117262 0.281445 0.598788
1.8 2.64 0.0595801 0.634698 0.303011
1.8 2.76 0.0232812 0.856309 0.11817
1.8 2.88 0.0135848 0.916329 0.0686167
1.8 3 0.01874 0.885953 0.0944926
1.8 3.12 0.0458173 0.722358 0.230982
1.8 3.24 0.102664 0.376472 0.518655
1.8 3.36 0.142475 0.128225 0.726139
1.8 3.48 0.154149 0.0431986 0.799268
1.8 3.6 0.155002 0.0181585 0.823344
1.8 3.72 0.152698 0.00957822 0.834375
1.8 3.84 0.149454 0.00577897 0.841573
1.8 3.96 0.145958 0.00370651 0.847288
1.8 4.08 0.142448 0.00243916 0.852186
1.8 4.2 0.139001 0.00162366 0.856607
1.8 4.32 0.135636 0.00108884 0.860677
1.8 4.44 0.132213 0.000738491 0.864374
1.8 4.56 0.129305 0.000515803 0.86785
1.8 4.68 0.126394 0.00038816 0.871137
1.8 4.8 0.123524 0.000340845 0.874177
1.8 4.92 0.120703 0.000372409 0.877065
1.8 5.04 0.117932 0.000491543 0.879764
1.8 5.16 0.115225 0.000711198 0.882176
1.8 5.28 0.112635 0.00103945 0.884367
1.8 5.4 0.110244 0.00146436 0.886138
1.8 5.52 0.10818 0.00193979 0.887364
1.8 5.64 0.106619 0.00241836 0.88812
1.8 5.76 0.105789 0.00264593 0.888569
1.8 5.88 0.10569 0.00317622 0.888253
1.92 0 0.103183 0.00151028 0.891405
1.92 0.12 0.103403 0.00144797 0.891304
1.92 0.24 0.105182 0.00121147 0.890544
1.92 0.36 0.107261 0.000951403 0.889157
1.92 0.48 0.109711 0.000698775 0.887359
1.92 0.6 0.112396 0.00049438 0.885126
1.92 0.72 0.11521 0.000352788 0.882611
1.92 0.84 0.118103 0.000275375 0.879798
1.92 0.96 0.121064 0.000258265 0.876802
1.92 1.08 0.124081 0.00029938 0.873705
1.92 1.2 0.127166 0.000403188 0.870497
1.92 1.32 0.130319 0.000584191 0.867119
1.92 1.44 0.133549 0.000870706 0.863498
1.92 1.56 0.136868 0.00131153 0.859537
1.92 1.68 0.140293 0.00198703 0.855234
1.92 1.8 0.143809 0.00303768 0.850486
1.92 1.92 0.147354 0.00474028 0.84508
1.92 2.04 0.150758 0.00777163 0.838571
1.92 2.16 0.153505 0.0142509 0.829237
1.92 2.28 0.154032 0.0320786 0.810881
1.92 2.4 0.146961 0.0914836 0.758677
1.92 2.52 0.117335 0.281016 0.598929
1.92 2.64 0.0596662 0.634208 0.30333
1.92 2.76 0.0233203 0.856132 0.11832
1.92 2.88 0.0136014 0.916308 0.068671
1.92 3 0.0187503 0.885973 0.0945003
1.92 3.12 0.0458266 0.72238 0.230917
1.92 3.24 0.102675 0.376491 0.518455
1.92 3.36 0.142488 0.128228 0.725849
1.92 3.48 0.154162 0.0431966 0.798941
1.92 3.6 0.155012 0.0181561 0.823002
1.92 3.72 0.152707 0.00957631 0.834028
1.92 3.84 0.149462 0.00577762 0.841226
1.92 3.96 0.145964 0.00370559 0.846944
1.92 4.08 0.142453 0.00243853 0.851845
1.92 4.2 0.139005 0.00162322 0.856269
1.92 4.32 0.135639 0.00108852 0.860342
1.92 4.44 0.132214 0.000738217 0.864042
1.92 4.56 0.129305 0.00051551 0.867521
1.92 4.68 0.126392 0.000387761 0.870809
1.92 4.8 0.12352 0.000340205 0.873849
1.92 4.92 0.120697 0.000371328 0.876732
1.92 5.04 0.117923 0.000489729 0.879422
1.92 5.16 0.115213 0.000708264 0.881818
1.92 5.28 0.112618 0.00103494 0.883989
1.92 5.4 0.110222 0.00145785 0.885733
1.92 5.52 0.108154 0.00193105 0.886933
1.92 5.64 0.106591 0.00240736 0.887725
1.92 5.76 0.105759 0.00263385 0.888145
1.92 5.88 0.10566 0.00316171 0.887882
2.04 0 0.103145 0.00151467 0.890941
2.04 0.12 0.103365 0.00145187 0.890842
2.04 0.24 0.105145 0.00121439 0.890088
2.04 0.36 0.107224 0.00095339 0.888709
2.04 0.48 0.109676 0.000699996 0.88692
2.04 0.6 0.112362 0.000495057 0.884695
2.04 0.72 0.115176 0.000353114 0.88219
2.04 0.84 0.118071 0.000275484 0.879389
2.04 0.96 0.121034 0.000258233 0.876404
2.04 1.08 0.124052 0.000299236 0.873317
2.04 1.2 0.127139 0.000402924 0.870118
2.04 1.32 0.130292 0.000583768 0.866747
2.04 1.44 0.133524 0.00087005 0.863129
2.04 1.56 0.136844 0.00131052 0.859171
2.04 1.68 0.14027 0.00198545 0.854868
2.04 1.8 0.143786 0.00303519 0.85012
2.04 1.92 0.147331 0.00473615 0.844712
2.04 2.04 0.150736 0.007764 0.838205
2.04 2.16 0.153486 0.0142339 0.828881
2.04 2.28 0.154021 0.03203 0.810562
2.04 2.4 0.146974 0.0913233 0.758484
2.04 2.52 0.117402 0.28057 0.599057
2.04 2.64 0.0597523 0.633679 0.303652
2.04 2.76 0.0233612 0.855902 0.118481
2.04 2.88 0.0136209 0.916227 0.06874
2.04 3 0.018767 0.885912 0.0945406
2.04 3.12 0.0458512 0.722271 0.230932
2.04 3.24 0.102703 0.376371 0.518352
2.04 3.36 0.142503 0.128174 0.725589
2.04 3.48 0.154167 0.0431767 0.798607
2.04 3.6 0.155013 0.0181472 0.822642
2.04 3.72 0.152705 0.00957139 0.83366
2.04 3.84 0.149458 0.00577457 0.840857
2.04 3.96 0.145959 0.0037036 0.846577
2.04 4.08 0.142446 0.0024372 0.851481
2.04 4.2 0.138997 0.00162232 0.855906
2.04 4.32 0.135629 0.00108789 0.859979
2.04 4.44 0.132203 0.000737749 0.863677
2.04 4.56 0.129292 0.000515106 0.867153
2.04 4.68 0.126378 0.000387318 0.870436
2.04 4.8 0.123503 0.000339592 0.873468
2.04 4.92 0.120677 0.000370361 0.876341
2.04 5.04 0.1179 0.000488149 0.879017
2.04 5.16 0.115186 0.000705732 0.881394
2.04 5.28 0.112588 0.00103106 0.883544
2.04 5.4 0.110188 0.00145226 0.885265
2.04 5.52 0.108116 0.00192353 0.886441
2.04 5.64 0.106552 0.00239786 0.887171
2.04 5.76 0.105718 0.00262344 0.887579
2.04 5.88 0.10562 0.00314914 0.887279
2.16 0 0.103107 0.00152119 0.890473
2.16 0.12 0.103327 0.00145755 0.890383
2.16 0.24 0.105107 0.00121856 0.88964
2.16 0.36 0.107186 0.000956214 0.888269
2.16 0.48 0.109638 0.000701731 0.886482
2.16 0.6 0.112325 0.000496035 0.884261
2.16 0.72 0.11514 0.000353608 0.881761
2.16 0.84 0.118035 0.000275684 0.878967
2.16 0.96 0.120999 0.000258246 0.875992
2.16 1.08 0.124018 0.000299111 0.872916
2.16 1.2 0.127107 0.000402663 0.869728
2.16 1.32 0.130263 0.000583337 0.866369
2.16 1.44 0.133496 0.000869377 0.862762
2.16 1.56 0.136818 0.00130949 0.858814
2.16 1.68 0.140246 0.00198386 0.854519
2.16 1.8 0.143764 0.00303268 0.849777
2.16 1.92 0.14731 0.00473203 0.844374
2.16 2.04 0.150717 0.00775649 0.837874
2.16 2.16 0.153471 0.0142173 0.828565
2.16 2.28 0.154015 0.0319832 0.810285
2.16 2.4 0.146991 0.0911714 0.758327
2.16 2.52 0.117471 0.280152 0.599201
2.16 2.64 0.0598378 0.633201 0.303974
2.16 2.76 0.0234025 0.855724 0.118643
2.16 2.88 0.013642 0.916187 0.0688168
2.16 3 0.018788 0.885878 0.0946031
2.16 3.12 0.0458873 0.722145 0.231009
2.16 3.24 0.102747 0.376193 0.518346
2.16 3.36 0.142528 0.128093 0.725407
2.16 3.48 0.15418 0.0431475 0.798339
2.16 3.6 0.155019 0.0181351 0.822344
2.16 3.72 0.152706 0.00956504 0.833346
2.16 3.84 0.149456 0.00577069 0.840535
2.16 3.96 0.145954 0.00370107 0.84625
2.16 4.08 0.142439 0.00243549 0.851148
2.16 4.2 0.138986 0.00162116 0.855566
2.16 4.32 0.135615 0.00108708 0.85963
2.16 4.44 0.132187 0.000737166 0.863318
2.16 4.56 0.129272 0.00051464 0.866784
2.16 4.68 0.126355 0.000386861 0.870056
2.16 4.8 0.123478 0.00033902 0.873077
2.16 4.92 0.12065 0.000369507 0.875939
2.16 5.04 0.11787 0.000486788 0.878603
2.16 5.16 0.115153 0.000703571 0.880969
2.16 5.28 0.112552 0.00102776 0.883108
2.16 5.4 0.110148 0.00144751 0.884823
2.16 5.52 0.108074 0.00191718 0.886004
2.16 5.64 0.106506 0.00238995 0.886804
2.16 5.76 0.10567 0.00261472 0.887219
2.16 5.88 0.105572 0.00313879 0.886984
2.28 0 0.103069 0.00153052 0.889993
2.28 0.12 0.103289 0.00146524 0.889907
2.28 0.24 0.105069 0.00122399 0.889168
2.28 0.36 0.107148 0.000959786 0.887807
2.28 0.48 0.1096 0.000703894 0.88603
2.28 0.6 0.112287 0.000497246 0.883817
2.28 0.72 0.115102 0.000354228 0.881324
2.28 0.84 0.117998 0.000275949 0.87854
2.28 0.96 0.120963 0.000258295 0.875577
2.28 1.08 0.123983 0.000299004 0.872515
2.28 1.2 0.127073 0.000402412 0.869344
2.28 1.32 0.130231 0.000582911 0.866001
2.28 1.44 0.133468 0.000868708 0.86241
2.28 1.56 0.136792 0.00130846 0.858478
2.28 1.68 0.140223 0.00198228 0.854199
2.28 1.8 0.143743 0.00303021 0.849466
2.28 1.92 0.147292 0.00472797 0.844071
2.28 2.04 0.150701 0.00774912 0.837579
2.28 2.16 0.153458 0.014201 0.828283
2.28 2.28 0.154009 0.0319375 0.810036
2.28 2.4 0.147006 0.0910214 0.758186
2.28 2.52 0.117536 0.279731 0.599345
2.28 2.64 0.0599205 0.632684 0.30429
2.28 2.76 0.0234433 0.855467 0.118805
2.28 2.88 0.0136639 0.916051 0.0688988
2.28 3 0.0188119 0.885743 0.0946823
2.28 3.12 0.0459312 0.721916 0.231133
2.28 3.24 0.102801 0.375931 0.518411
2.28 3.36 0.142557 0.127982 0.725279
2.28 3.48 0.154194 0.0431105 0.798123
2.28 3.6 0.155027 0.0181207 0.822099
2.28 3.72 0.15271 0.00955776 0.833088
2.28 3.84 0.149456 0.00576631 0.840266
2.28 3.96 0.145951 0.0036982 0.845972
2.28 4.08 0.142431 0.00243355 0.850859
2.28 4.2 0.138974 0.00161982 0.855263
2.28 4.32 0.135599 0.00108616 0.859311
2.28 4.44 0.132167 0.00073651 0.862982
2.28 4.56 0.129249 0.000514138 0.86643
2.28 4.68 0.126328 0.000386405 0.869684
2.28 4.8 0.123448 0.000338494 0.872688
2.28 4.92 0.120617 0.000368759 0.875534
2.28 5.04 0.117835 0.000485621 0.878184
2.28 5.16 0.115116 0.000701733 0.880541
2.28 5.28 0.112513 0.00102497 0.882668
2.28 5.4 0.110108 0.00144349 0.884378
2.28 5.52 0.108032 0.00191181 0.885564
2.28 5.64 0.106461 0.00238325 0.886375
2.28 5.76 0.105625 0.00260736 0.8868
2.28 5.88 0.105526 0.00312999 0.88657
2.4 0 0.10303 0.00154403 0.889488
2.4 0.12 0.10325 0.00147512 0.889402
2.4 0.24 0.105031 0.00123053 0.888665
2.4 0.36 0.10711 0.000963914 0.887321
2.4 0.48 0.109563 0.000706336 0.885557
2.4 0.6 0.112249 0.000498589 0.88336
2.4 0.72 0.115064 0.000354913 0.880877
2.4 0.84 0.117961 0.00027625 0.87811
2.4 0.96 0.120924 0.000258363 0.875164
2.4 1.08 0.123946 0.00029891 0.872119
2.4 1.2 0.127037 0.000402169 0.868965
2.4 1.32 0.130197 0.000582493 0.865642
2.4 1.44 0.133437 0.000868051 0.862071
2.4 1.56 0.136764 0.00130746 0.858158
2.4 1.68 0.140198 0.00198073 0.853903
2.4 1.8 0.143721 0.00302781 0.849185
2.4 1.92 0.147273 0.00472407 0.843803
2.4 2.04 0.150685 0.00774209 0.837326
2.4 2.16 0.153447 0.0141856 0.828048
2.4 2.28 0.154007 0.0318939 0.809834
2.4 2.4 0.147024 0.0908766 0.758084
2.4 2.52 0.117601 0.279318 0.599508
2.4 2.64 0.0600005 0.632155 0.304607
2.4 2.76 0.0234825 0.855162 0.118968
2.4 2.88 0.0136856 0.915853 0.0689863
2.4 3 0.0188371 0.885545 0.0947769
2.4 3.12 0.0459805 0.721632 0.2313
2.4 3.24 0.102863 0.375617 0.518549
2.4 3.36 0.142592 0.127854 0.725222
2.4 3.48 0.154212 0.0430696 0.797974
2.4 3.6 0.155036 0.0181053 0.821921
2.4 3.72 0.152713 0.00955016 0.832891
2.4 3.84 0.149454 0.00576173 0.840052
2.4 3.96 0.145946 0.00369518 0.845743
2.4 4.08 0.14242 0.00243149 0.850613
2.4 4.2 0.138959 0.00161839 0.854996
2.4 4.32 0.13558 0.00108516 0.859022
2.4 4.44 0.132144 0.000735799 0.862668
2.4 4.56 0.129221 0.00051361 0.866093
2.4 4.68 0.126298 0.000385954 0.869324
2.4 4.8 0.123415 0.000338012 0.872308
2.4 4.92 0.120582 0.000368106 0.875134
2.4 5.04 0.117798 0.000484624 0.877766
2.4 5.16 0.115078 0.000700173 0.880114
2.4 5.28 0.112473 0.00102259 0.882223
2.4 5.4 0.110067 0.00144008 0.883925
2.4 5.52 0.10799 0.00190724 0.885107
2.4 5.64 0.10642 0.00237753 0.885844
2.4 5.76 0.105583 0.00260108 0.886277
2.4 5.88 0.105484 0.00312247 0.88598
2.52 0 0.102988 0.00156378 0.88898
2.52 0.12 0.10321 0.00148687 0.888903
2.52 0.24 0.104991 0.0012377 0.888172
2.52 0.36 0.107071 0.000968227 0.886833
2.52 0.48 0.109524 0.000708827 0.885073
2.52 0.6 0.11221 0.000499932 0.882896
2.52 0.72 0.115025 0.000355594 0.880435
2.52 0.84 0.117921 0.00027655 0.877692
2.52 0.96 0.120883 0.000258436 0.874765
2.52 1.08 0.123906 0.000298826 0.871736
2.52 1.2 0.126998 0.000401941 0.868598
2.52 1.32 0.130161 0.000582095 0.865293
2.52 1.44 0.133404 0.000867418 0.861741
2.52 1.56 0.136734 0.00130649 0.857842
2.52 1.68 0.140171 0.00197922 0.853601
2.52 1.8 0.143696 0.00302544 0.848898
2.52 1.92 0.14725 0.00472019 0.843531
2.52 2.04 0.150665 0.00773506 0.837068
2.52 2.16 0.153431 0.0141702 0.827805
2.52 2.28 0.153998 0.0318503 0.809623
2.52 2.4 0.147035 0.0907318 0.757973
2.52 2.52 0.117658 0.2789 0.599656
2.52 2.64 0.0600762 0.631591 0.304911
2.52 2.76 0.0235206 0.854793 0.119127
2.52 2.88 0.0137074 0.915578 0.0690751
2.52 3 0.0188634 0.885268 0.0948796
2.52 3.12 0.0460325 0.721282 0.231491
2.52 3.24 0.102927 0.375246 0.518719
2.52 3.36 0.142622 0.12771 0.725178
2.52 3.48 0.154222 0.043023 0.797828
2.52 3.6 0.155037 0.0180882 0.821742
2.52 3.72 0.152708 0.00954193 0.832695
2.52 3.84 0.149444 0.00575687 0.839846
2.52 3.96 0.145933 0.00369201 0.845528
2.52 4.08 0.142403 0.00242933 0.850384
2.52 4.2 0.138939 0.00161691 0.85475
2.52 4.32 0.135556 0.00108411 0.858754
2.52 4.44 0.132117 0.000735056 0.862378
2.52 4.56 0.129191 0.000513057 0.865779
2.52 4.68 0.126265 0.000385511 0.868989
2.52 4.8 0.12338 0.000337576 0.871953
2.52 4.92 0.120545 0.000367543 0.874761
2.52 5.04 0.117759 0.000483781 0.877372
2.52 5.16 0.115038 0.000698857 0.879705
2.52 5.28 0.112432 0.00102058 0.881802
2.52 5.4 0.110025 0.00143717 0.883502
2.52 5.52 0.107947 0.00190332 0.884697
2.52 5.64 0.106377 0.0023726 0.885508
2.52 5.76 0.105539 0.00259564 0.885953
2.52 5.88 0.105441 0.00311595 0.885714
2.64 0 0.102946 0.0015884 0.888493
2.64 0.12 0.103171 0.00149894 0.888421
2.64 0.24 0.104953 0.00124447 0.887679
2.64 0.36 0.107032 0.000972153 0.886265
2.64 0.48 0.109485 0.000711041 0.884516
2.64 0.6 0.112171 0.000501113 0.882375
2.64 0.72 0.114984 0.00035619 0.879997
2.64 0.84 0.117874 0.000276814 0.877292
2.64 0.96 0.120841 0.0002585 0.87439
2.64 1.08 0.12386 0.000298749 0.871382
2.64 1.2 0.126959 0.000401733 0.868263
2.64 1.32 0.130125 0.00058173 0.864974
2.64 1.44 0.133372 0.000866834 0.861437
2.64 1.56 0.136705 0.00130559 0.857547
2.64 1.68 0.140144 0.0019778 0.853281
2.64 1.8 0.143671 0.00302317 0.848606
2.64 1.92 0.147226 0.00471643 0.843266
2.64 2.04 0.150642 0.00772819 0.836814
2.64 2.16 0.15341 0.014155 0.827564
2.64 2.28 0.153984 0.0318073 0.809413
2.64 2.4 0.147041 0.0905879 0.757857
2.64 2.52 0.11771 0.278481 0.59979
2.64 2.64 0.0601481 0.631009 0.305205
2.64 2.76 0.0235576 0.85439 0.119285
2.64 2.88 0.0137292 0.915268 0.0691665
2.64 3 0.0188905 0.884948 0.0949892
2.64 3.12 0.0460862 0.720871 0.2317
2.64 3.24 0.102989 0.37483 0.518909
2.64 3.36 0.142647 0.127547 0.725142
2.64 3.48 0.154224 0.0429718 0.79768
2.64 3.6 0.155031 0.0180698 0.821543
2.64 3.72 0.152696 0.00953327 0.832491
2.64 3.84 0.149427 0.00575187 0.839649
2.64 3.96 0.145903 0.0036888 0.845328
2.64 4.08 0.142382 0.00242719 0.850179
2.64 4.2 0.138916 0.00161544 0.854533
2.64 4.32 0.135529 0.00108309 0.858518
2.64 4.44 0.132083 0.000734317 0.862121
2.64 4.56 0.12916 0.000512504 0.865502
2.64 4.68 0.126231 0.00038509 0.868688
2.64 4.8 0.123344 0.000337185 0.871633
2.64 4.92 0.120508 0.000367065 0.874416
2.64 5.04 0.11772 0.000483074 0.876996
2.64 5.16 0.114997 0.000697753 0.879264
2.64 5.28 0.11239 0.00101889 0.881382
2.64 5.4 0.109981 0.00143469 0.883066
2.64 5.52 0.107902 0.00189993 0.884217
2.64 5.64 0.10633 0.00236824 0.885072
2.64 5.76 0.105491 0.00259081 0.88545
2.64 5.88 0.105393 0.00311012 0.885293
2.76 0 0.102909 0.00160664 0.888073
2.76 0.12 0.103139 0.00150838 0.888026
2.76 0.24 0.104922 0.0012496 0.887268
2.76 0.36 0.107 0.000975076 0.885759
2.76 0.48 0.109454 0.000712671 0.884021
2.76 0.6 0.11214 0.000501996 0.881918
2.76 0.72 0.114952 0.000356641 0.879641
2.76 0.84 0.117833 0.000277016 0.876975
2.76 0.96 0.120806 0.00025855 0.874096
2.76 1.08 0.123819 0.000298687 0.871108
2.76 1.2 0.126927 0.000401563 0.868004
2.76 1.32 0.130097 0.000581425 0.864726
2.76 1.44 0.133346 0.000866339 0.861199
2.76 1.56 0.136682 0.0013048 0.857311
2.76 1.68 0.140121 0.00197654 0.853001
2.76 1.8 0.143648 0.00302114 0.84835
2.76 1.92 0.147202 0.00471297 0.843035
2.76 2.04 0.150618 0.00772174 0.836587
2.76 2.16 0.153388 0.0141405 0.827343
2.76 2.28 0.153968 0.0317655 0.809218
2.76 2.4 0.147043 0.0904464 0.757749
2.76 2.52 0.117757 0.278063 0.599916
2.76 2.64 0.0602145 0.630401 0.305482
2.76 2.76 0.0235921 0.853926 0.119434
2.76 2.88 0.0137498 0.914884 0.0692548
2.76 3 0.0189167 0.884548 0.0950978
2.76 3.12 0.0461383 0.720365 0.231912
2.76 3.24 0.103049 0.374373 0.519105
2.76 3.36 0.142666 0.127368 0.725112
2.76 3.48 0.154221 0.0429173 0.797536
2.76 3.6 0.155019 0.0180507 0.821346
2.76 3.72 0.152681 0.00952451 0.832299
2.76 3.84 0.149408 0.00574696 0.839477
2.76 3.96 0.145867 0.00368573 0.845163
2.76 4.08 0.142361 0.00242519 0.850018
2.76 4.2 0.138896 0.0016141 0.85437
2.76 4.32 0.135507 0.00108216 0.858345
2.76 4.44 0.132052 0.000733661 0.861935
2.76 4.56 0.129134 0.000512013 0.865301
2.76 4.68 0.126204 0.000384729 0.868469
2.76 4.8 0.123316 0.000336858 0.871397
2.76 4.92 0.120477 0.000366681 0.874159
2.76 5.04 0.117687 0.000482509 0.876706
2.76 5.16 0.114963 0.000696867 0.878893
2.76 5.28 0.112355 0.00101752 0.881046
2.76 5.4 0.109944 0.00143266 0.882707
2.76 5.52 0.107864 0.00189712 0.883784
2.76 5.64 0.106291 0.00236455 0.884655
2.76 5.76 0.105451 0.00258672 0.884927
2.76 5.88 0.105353 0.0031051 0.884843
2.88 0 0.102885 0.00161354 0.887783
2.88 0.12 0.103118 0.00151247 0.88775
2.88 0.24 0.104901 0.00125192 0.886991
2.88 0.36 0.10698 0.000976459 0.885452
2.88 0.48 0.109433 0.000713478 0.883729
2.88 0.6 0.112119 0.00050246 0.881649
2.88 0.72 0.114931 0.000356892 0.87942
2.88 0.84 0.11781 0.000277134 0.87678
2.88 0.96 0.120786 0.000258578 0.873922
2.88 1.08 0.123799 0.000298643 0.870953
2.88 1.2 0.126911 0.000401444 0.867865
2.88 1.32 0.130084 0.000581207 0.8646
2.88 1.44 0.133336 0.000865979 0.861084
2.88 1.56 0.136674 0.00130422 0.857202
2.88 1.68 0.140114 0.0019756 0.85288
2.88 1.8 0.143642 0.00301959 0.848239
2.88 1.92 0.147196 0.00471029 0.842933
2.88 2.04 0.150612 0.00771657 0.836484
2.88 2.16 0.153383 0.0141283 0.827241
2.88 2.28 0.153967 0.0317291 0.809131
2.88 2.4 0.147056 0.0903205 0.757728
2.88 2.52 0.117807 0.277687 0.600087
2.88 2.64 0.0602786 0.629855 0.305761
2.88 2.76 0.0236248 0.853508 0.119579
2.88 2.88 0.0137694 0.91453 0.0693409
2.88 3 0.0189421 0.884176 0.0952073
2.88 3.12 0.04619 0.719888 0.232132
2.88 3.24 0.10311 0.37394 0.519338
2.88 3.36 0.142693 0.127198 0.725154
2.88 3.48 0.154229 0.042866 0.797489
2.88 3.6 0.155022 0.0180332 0.821271
2.88 3.72 0.152681 0.0095168 0.832229
2.88 3.84 0.149406 0.00574277 0.839421
2.88 3.96 0.145858 0.00368319 0.845113
2.88 4.08 0.142357 0.00242356 0.849971
2.88 4.2 0.138891 0.00161303 0.854321
2.88 4.32 0.135499 0.00108145 0.858287
2.88 4.44 0.132039 0.000733171 0.861865
2.88 4.56 0.129122 0.000511658 0.865218
2.88 4.68 0.126189 0.000384466 0.868369
2.88 4.8 0.123299 0.000336617 0.871282
2.88 4.92 0.120458 0.000366391 0.874027
2.88 5.04 0.117666 0.000482078 0.876552
2.88 5.16 0.11494 0.000696184 0.878699
2.88 5.28 0.112331 0.00101645 0.880856
2.88 5.4 0.109919 0.00143106 0.8825
2.88 5.52 0.107838 0.0018949 0.883532
2.88 5.64 0.106263 0.00236174 0.884323
2.88 5.76 0.105423 0.00258356 0.884546
2.88 5.88 0.105325 0.00310134 0.884418
3 0 0.102874 0.00160929 0.88764
3 0.12 0.103106 0.00151027 0.887617
3 0.24 0.10489 0.00125092 0.886875
3 0.36 0.106969 0.000976044 0.885374
3 0.48 0.109422 0.000713347 0.883653
3 0.6 0.112108 0.000502443 0.881566
3 0.72 0.114921 0.00035691 0.879316
3 0.84 0.117802 0.00027715 0.876676
3 0.96 0.120778 0.000258574 0.873826
3 1.08 0.123795 0.000298609 0.870867
3 1.2 0.126907 0.000401369 0.867792
3 1.32 0.130081 0.000581072 0.86454
3 1.44 0.133334 0.000865748 0.861037
3 1.56 0.136673 0.00130384 0.857167
3 1.68 0.140115 0.00197497 0.852865
3 1.8 0.143645 0.00301853 0.848221
3 1.92 0.1472 0.00470839 0.842906
3 2.04 0.150616 0.00771268 0.836452
3 2.16 0.153386 0.0141185 0.827204
3 2.28 0.153972 0.0316972 0.809101
3 2.4 0.147072 0.0902036 0.757751
3 2.52 0.117854 0.27732 0.600271
3 2.64 0.0603373 0.629274 0.306021
3 2.76 0.0236544 0.852995 0.119711
3 2.88 0.0137873 0.914056 0.069419
3 3 0.0189654 0.883688 0.0953092
3 3.12 0.046238 0.719341 0.232342
3 3.24 0.103168 0.373488 0.519572
3 3.36 0.142719 0.12703 0.725222
3 3.48 0.154242 0.0428176 0.797488
3 3.6 0.155031 0.0180175 0.821266
3 3.72 0.15269 0.00951022 0.832227
3 3.84 0.149415 0.00573935 0.839421
3 3.96 0.145871 0.00368119 0.845118
3 4.08 0.142363 0.00242233 0.849976
3 4.2 0.138895 0.00161226 0.854323
3 4.32 0.1355 0.00108096 0.858283
3 4.44 0.132039 0.000732866 0.861854
3 4.56 0.129117 0.000511463 0.865198
3 4.68 0.126181 0.000384309 0.868341
3 4.8 0.123289 0.000336459 0.871246
3 4.92 0.120447 0.000366181 0.873986
3 5.04 0.117654 0.000481758 0.876512
3 5.16 0.114927 0.000695668 0.878676
3 5.28 0.112317 0.00101563 0.880822
3 5.4 0.109905 0.00142983 0.882476
3 5.52 0.107823 0.00189318 0.883544
3 5.64 0.106248 0.00235942 0.884415
3 5.76 0.105408 0.00258098 0.884686
3 5.88 0.10531 0.00309812 0.884602
3.12 0 0.102874 0.00159375 0.887626
3.12 0.12 0.103104 0.00150239 0.887601
3.12 0.24 0.104887 0.00124694 0.886887
3.12 0.36 0.106967 0.000973973 0.885487
3.12 0.48 0.10942 0.000712322 0.883767
3.12 0.6 0.112105 0.000501957 0.881653
3.12 0.72 0.114919 0.000356695 0.879323
3.12 0.84 0.117808 0.000277058 0.876661
3.12 0.96 0.120779 0.000258532 0.873806
3.12 1.08 0.123802 0.000298579 0.87085
3.12 1.2 0.126908 0.00040133 0.867782
3.12 1.32 0.130081 0.000581006 0.864542
3.12 1.44 0.133334 0.000865632 0.861051
3.12 1.56 0.136674 0.00130364 0.857199
3.12 1.68 0.140117 0.00197463 0.852949
3.12 1.8 0.143647 0.00301793 0.84829
3.12 1.92 0.147203 0.00470726 0.842952
3.12 2.04 0.150619 0.00771011 0.836489
3.12 2.16 0.153391 0.0141111 0.827235
3.12 2.28 0.153979 0.031671 0.809132
3.12 2.4 0.147089 0.0901027 0.757824
3.12 2.52 0.117896 0.276995 0.600474
3.12 2.64 0.0603885 0.628752 0.306269
3.12 2.76 0.0236797 0.852524 0.119834
3.12 2.88 0.0138023 0.913613 0.0694916
3.12 3 0.0189853 0.883229 0.0954057
3.12 3.12 0.0462804 0.718831 0.232543
3.12 3.24 0.10322 0.373071 0.519809
3.12 3.36 0.142743 0.126877 0.725323
3.12 3.48 0.154252 0.0427745 0.797536
3.12 3.6 0.155038 0.0180041 0.821329
3.12 3.72 0.152698 0.00950493 0.832289
3.12 3.84 0.149425 0.00573673 0.839474
3.12 3.96 0.145894 0.00367972 0.845173
3.12 4.08 0.142371 0.00242146 0.850029
3.12 4.2 0.138899 0.00161174 0.854371
3.12 4.32 0.135503 0.00108068 0.858329
3.12 4.44 0.132045 0.000732719 0.861895
3.12 4.56 0.129115 0.000511397 0.865235
3.12 4.68 0.126178 0.000384237 0.868378
3.12 4.8 0.123284 0.000336363 0.871282
3.12 4.92 0.120442 0.00036603 0.874029
3.12 5.04 0.11765 0.000481516 0.876577
3.12 5.16 0.114923 0.000695274 0.87881
3.12 5.28 0.112313 0.001015 0.880924
3.12 5.4 0.109902 0.0014289 0.882602
3.12 5.52 0.10782 0.00189187 0.883751
3.12 5.64 0.106245 0.00235767 0.884638
3.12 5.76 0.105405 0.00257901 0.885019
3.12 5.88 0.105307 0.00309567 0.884888
3.24 0 0.102884 0.0015701 0.887719
3.24 0.12 0.103107 0.00149116 0.887666
3.24 0.24 0.104888 0.00124087 0.88697
3.24 0.36 0.106968 0.000970567 0.885663
3.24 0.48 0.109419 0.000710464 0.883937
3.24 0.6 0.112104 0.000500987 0.881792
3.24 0.72 0.114918 0.000356191 0.879373
3.24 0.84 0.117814 0.000276781 0.87668
3.24 0.96 0.12078 0.000258345 0.873812
3.24 1.08 0.123808 0.0002984 0.87085
3.24 1.2 0.126907 0.000401099 0.867784
3.24 1.32 0.130078 0.000580664 0.864551
3.24 1.44 0.133331 0.000865103 0.861068
3.24 1.56 0.13667 0.0013028 0.857231
3.24 1.68 0.140114 0.00197335 0.853033
3.24 1.8 0.143645 0.0030159 0.848355
3.24 1.92 0.147201 0.00470392 0.84299
3.24 2.04 0.150617 0.00770413 0.836516
3.24 2.16 0.153387 0.0140984 0.827251
3.24 2.28 0.153976 0.0316367 0.809143
3.24 2.4 0.147094 0.0899934 0.757868
3.24 2.52 0.117926 0.276674 0.600638
3.24 2.64 0.0604301 0.628246 0.306481
3.24 2.76 0.0237011 0.852069 0.119941
3.24 2.88 0.0138152 0.913185 0.0695557
3.24 3 0.0190024 0.882777 0.0954909
3.24 3.12 0.0463154 0.718298 0.232716
3.24 3.24 0.103258 0.372646 0.520001
3.24 3.36 0.142753 0.126706 0.725381
3.24 3.48 0.15425 0.0427199 0.797545
3.24 3.6 0.155035 0.0179837 0.821359
3.24 3.72 0.152696 0.0094953 0.832323
3.24 3.84 0.149427 0.00573137 0.839504
3.24 3.96 0.14591 0.00367651 0.845209
3.24 4.08 0.142373 0.00241946 0.850066
3.24 4.2 0.138897 0.00161049 0.854408
3.24 4.32 0.135501 0.0010799 0.858368
3.24 4.44 0.132048 0.000732255 0.861935
3.24 4.56 0.12911 0.00051112 0.865277
3.24 4.68 0.126172 0.000384023 0.868427
3.24 4.8 0.123278 0.000336164 0.871338
3.24 4.92 0.120437 0.000365801 0.874102
3.24 5.04 0.117646 0.000481209 0.876682
3.24 5.16 0.114921 0.000694822 0.878994
3.24 5.28 0.112313 0.00101432 0.881088
3.24 5.4 0.109903 0.00142792 0.882797
3.24 5.52 0.107821 0.00189056 0.884023
3.24 5.64 0.106247 0.00235614 0.884898
3.24 5.76 0.105406 0.0025773 0.885383
3.24 5.88 0.105308 0.00309379 0.88519
3.36 0 0.102894 0.00154965 0.887859
3.36 0.12 0.103114 0.00147973 0.887795
3.36 0.24 0.104895 0.00123408 0.887108
3.36 0.36 0.106973 0.000966541 0.885816
3.36 0.48 0.109424 0.000708157 0.884086
3.36 0.6 0.112107 0.000499739 0.881923
3.36 0.72 0.114921 0.00035552 0.879474
3.36 0.84 0.117817 0.000276404 0.876755
3.36 0.96 0.120782 0.000258094 0.873869
3.36 1.08 0.123809 0.00029817 0.870895
3.36 1.2 0.126907 0.000400815 0.867823
3.36 1.32 0.130077 0.000580254 0.864589
3.36 1.44 0.133328 0.000864478 0.861108
3.36 1.56 0.136667 0.00130183 0.857279
3.36 1.68 0.140112 0.00197186 0.853091
3.36 1.8 0.143643 0.00301359 0.848411
3.36 1.92 0.147199 0.00470022 0.84304
3.36 2.04 0.150615 0.00769774 0.836559
3.36 2.16 0.153385 0.0140855 0.827288
3.36 2.28 0.153974 0.0316037 0.809179
3.36 2.4 0.147098 0.0898901 0.757929
3.36 2.52 0.11795 0.276368 0.600784
3.36 2.64 0.0604627 0.627723 0.306656
3.36 2.76 0.0237178 0.851541 0.120029
3.36 2.88 0.0138253 0.912666 0.0696079
3.36 3 0.0190158 0.88224 0.0955601
3.36 3.12 0.0463429 0.717706 0.23286
3.36 3.24 0.103287 0.372226 0.520165
3.36 3.36 0.142759 0.126539 0.725441
3.36 3.48 0.154245 0.0426665 0.797564
3.36 3.6 0.155029 0.017963 0.821378
3.36 3.72 0.152692 0.00948519 0.83235
3.36 3.84 0.149425 0.00572562 0.839539
3.36 3.96 0.145909 0.00367298 0.845249
3.36 4.08 0.14237 0.00241724 0.850111
3.36 4.2 0.138894 0.00160908 0.854457
3.36 4.32 0.135497 0.00107902 0.858423
3.36 4.44 0.132044 0.000731702 0.861997
3.36 4.56 0.129105 0.000510768 0.865348
3.36 4.68 0.126168 0.000383765 0.868512
3.36 4.8 0.123275 0.000335936 0.87144
3.36 4.92 0.120435 0.000365562 0.874226
3.36 5.04 0.117647 0.000480903 0.876837
3.36 5.16 0.114925 0.000694385 0.879185
3.36 5.28 0.112318 0.00101368 0.881306
3.36 5.4 0.10991 0.001427 0.883044
3.36 5.52 0.10783 0.00188931 0.884299
3.36 5.64 0.106256 0.0023546 0.8852
3.36 5.76 0.105415 0.00257561 0.885705
3.36 5.88 0.105317 0.00309179 0.885514
3.48 0 0.1029 0.00153563 0.88799
3.48 0.12 0.103121 0.00146979 0.887929
3.48 0.24 0.104901 0.00122753 0.887248
3.48 0.36 0.106979 0.000962367 0.885951
3.48 0.48 0.109428 0.000705649 0.884223
3.48 0.6 0.112112 0.00049831 0.882053
3.48 0.72 0.114924 0.000354715 0.8796
3.48 0.84 0.117819 0.000275922 0.876866
3.48 0.96 0.120785 0.000257746 0.873967
3.48 1.08 0.12381 0.00029783 0.870983
3.48 1.2 0.126909 0.000400384 0.867904
3.48 1.32 0.130078 0.000579633 0.864665
3.48 1.44 0.133328 0.000863545 0.861184
3.48 1.56 0.136668 0.00130041 0.857356
3.48 1.68 0.140112 0.0019697 0.853164
3.48 1.8 0.143643 0.00301027 0.848487
3.48 1.92 0.147199 0.00469502 0.843116
3.48 2.04 0.150615 0.00768918 0.836632
3.48 2.16 0.153385 0.0140697 0.827359
3.48 2.28 0.153975 0.0315677 0.809251
3.48 2.4 0.147104 0.089788 0.758016
3.48 2.52 0.117968 0.276076 0.600917
3.48 2.64 0.0604856 0.627197 0.306791
3.48 2.76 0.0237293 0.850965 0.120093
3.48 2.88 0.0138322 0.912088 0.0696464
3.48 3 0.019025 0.881649 0.0956116
3.48 3.12 0.0463621 0.717108 0.23297
3.48 3.24 0.103308 0.371821 0.520304
3.48 3.36 0.142763 0.126378 0.725517
3.48 3.48 0.154242 0.0426107 0.797611
3.48 3.6 0.155024 0.0179393 0.821421
3.48 3.72 0.152688 0.00947273 0.8324
3.48 3.84 0.149422 0.0057182 0.839598
3.48 3.96 0.145905 0.0036683 0.845315
3.48 4.08 0.142368 0.00241423 0.850184
3.48 4.2 0.138892 0.00160713 0.854538
3.48 4.32 0.135495 0.00107775 0.858511
3.48 4.44 0.132041 0.000730873 0.862096
3.48 4.56 0.129104 0.000510215 0.86546
3.48 4.68 0.126168 0.000383375 0.868639
3.48 4.8 0.123276 0.000335625 0.871584
3.48 4.92 0.120437 0.000365266 0.874391
3.48 5.04 0.117651 0.000480554 0.877025
3.48 5.16 0.11493 0.000693907 0.879389
3.48 5.28 0.112325 0.00101299 0.881542
3.48 5.4 0.109918 0.00142601 0.883303
3.48 5.52 0.107839 0.00188795 0.884573
3.48 5.64 0.106267 0.00235281 0.885502
3.48 5.76 0.105427 0.00257373 0.886008
3.48 5.88 0.105329 0.00308941 0.885828
3.6 0 0.102901 0.00152587 0.888078
3.6 0.12 0.103122 0.00146165 0.888024
3.6 0.24 0.104902 0.00122161 0.887356
3.6 0.36 0.10698 0.000958255 0.886066
3.6 0.48 0.109429 0.000703056 0.884346
3.6 0.6 0.112113 0.000496754 0.88218
3.6 0.72 0.114926 0.000353777 0.87973
3.6 0.84 0.117821 0.000275301 0.876993
3.6 0.96 0.120787 0.000257229 0.87409
3.6 1.08 0.123813 0.00029726 0.871105
3.6 1.2 0.126913 0.000399622 0.868025
3.6 1.32 0.130082 0.000578526 0.864786
3.6 1.44 0.133334 0.00086189 0.861308
3.6 1.56 0.136674 0.00129791 0.857483
3.6 1.68 0.14012 0.00196592 0.853291
3.6 1.8 0.143651 0.00300452 0.848615
3.6 1.92 0.147207 0.00468617 0.843243
3.6 2.04 0.150622 0.00767511 0.836755
3.6 2.16 0.153392 0.0140457 0.827477
3.6 2.28 0.153982 0.0315205 0.809365
3.6 2.4 0.147112 0.089675 0.758129
3.6 2.52 0.117979 0.275787 0.601032
3.6 2.64 0.0604975 0.626672 0.306879
3.6 2.76 0.0237349 0.850368 0.120132
3.6 2.88 0.0138356 0.91149 0.0696691
3.6 3 0.0190296 0.88104 0.0956427
3.6 3.12 0.046372 0.716518 0.233041
3.6 3.24 0.103319 0.371429 0.520411
3.6 3.36 0.142767 0.126213 0.725611
3.6 3.48 0.154243 0.0425437 0.797698
3.6 3.6 0.155025 0.0179066 0.821511
3.6 3.72 0.15269 0.00945403 0.8325
3.6 3.84 0.149425 0.00570657 0.83971
3.6 3.96 0.145908 0.0036608 0.845435
3.6 4.08 0.142372 0.0024093 0.850311
3.6 4.2 0.138896 0.00160387 0.854671
3.6 4.32 0.135498 0.00107559 0.858649
3.6 4.44 0.132044 0.000729434 0.86224
3.6 4.56 0.129107 0.000509243 0.865611
3.6 4.68 0.12617 0.000382703 0.868799
3.6 4.8 0.123279 0.000335122 0.871754
3.6 4.92 0.12044 0.000364831 0.874572
3.6 5.04 0.117654 0.000480089 0.877218
3.6 5.16 0.114933 0.000693311 0.879592
3.6 5.28 0.112329 0.00101216 0.881762
3.6 5.4 0.109923 0.00142484 0.883536
3.6 5.52 0.107844 0.00188632 0.884817
3.6 5.64 0.106272 0.00235033 0.885766
3.6 5.76 0.105433 0.00257158 0.886273
3.6 5.88 0.105334 0.00308607 0.886102
3.72 0 0.102896 0.00151903 0.888123
3.72 0.12 0.103117 0.00145594 0.888081
3.72 0.24 0.104897 0.00121767 0.887436
3.72 0.36 0.106975 0.000955855 0.886165
3.72 0.48 0.109424 0.000701697 0.884452
3.72 0.6 0.112107 0.000496084 0.882284
3.72 0.72 0.11492 0.000353541 0.879827
3.72 0.84 0.117814 0.000275345 0.87708
3.72 0.96 0.12078 0.000257491 0.874166
3.72 1.08 0.123806 0.000297747 0.87117
3.72 1.2 0.126905 0.0004004 0.868081
3.72 1.32 0.130075 0.000579722 0.864837
3.72 1.44 0.133327 0.000863711 0.861357
3.72 1.56 0.136667 0.00130067 0.857534
3.72 1.68 0.140114 0.00197012 0.853344
3.72 1.8 0.143646 0.00301094 0.84867
3.72 1.92 0.147202 0.00469608 0.843299
3.72 2.04 0.150616 0.00769089 0.836809
3.72 2.16 0.153384 0.0140725 0.827526
3.72 2.28 0.153973 0.0315728 0.809407
3.72 2.4 0.147102 0.089798 0.758164
3.72 2.52 0.117971 0.276101 0.601057
3.72 2.64 0.0604934 0.627292 0.306892
3.72 2.76 0.0237333 0.851145 0.120137
3.72 2.88 0.0138347 0.912294 0.0696721
3.72 3 0.0190285 0.88183 0.0956474
3.72 3.12 0.046369 0.717194 0.233053
3.72 3.24 0.103311 0.371814 0.520429
3.72 3.36 0.142753 0.126366 0.725625
3.72 3.48 0.154228 0.0426067 0.797714
3.72 3.6 0.155011 0.0179378 0.821535
3.72 3.72 0.152678 0.00947214 0.832533
3.72 3.84 0.149415 0.00571797 0.839751
3.72 3.96 0.145898 0.00366824 0.845481
3.72 4.08 0.142363 0.00241424 0.85036
3.72 4.2 0.138886 0.00160717 0.854723
3.72 4.32 0.135488 0.0010778 0.858706
3.72 4.44 0.132034 0.000730921 0.862305
3.72 4.56 0.129098 0.000510252 0.865687
3.72 4.68 0.126162 0.000383409 0.86889
3.72 4.8 0.123272 0.000335654 0.871862
3.72 4.92 0.120434 0.000365294 0.874698
3.72 5.04 0.117649 0.000480575 0.877361
3.72 5.16 0.114929 0.000693909 0.87975
3.72 5.28 0.112326 0.00101295 0.881935
3.72 5.4 0.10992 0.00142591 0.883724
3.72 5.52 0.107841 0.00188776 0.885021
3.72 5.64 0.106269 0.00235252 0.885988
3.72 5.76 0.10543 0.00257338 0.886496
3.72 5.88 0.105332 0.00308899 0.886337
3.84 0 0.10289 0.0015139 0.888141
3.84 0.12 0.103111 0.00145144 0.888136
3.84 0.24 0.104892 0.00121439 0.887547
3.84 0.36 0.106971 0.00095371 0.886325
3.84 0.48 0.109421 0.000700429 0.884622
3.84 0.6 0.112105 0.000495414 0.882452
3.84 0.72 0.114918 0.000353249 0.879989
3.84 0.84 0.117814 0.000275291 0.877235
3.84 0.96 0.120781 0.000257603 0.874314
3.84 1.08 0.123808 0.000298011 0.871313
3.84 1.2 0.126908 0.000400847 0.86822
3.84 1.32 0.130079 0.000580427 0.864976
3.84 1.44 0.133333 0.000864803 0.861498
3.84 1.56 0.136675 0.00130235 0.857678
3.84 1.68 0.140123 0.00197271 0.853493
3.84 1.8 0.143656 0.00301493 0.848823
3.84 1.92 0.147212 0.00470236 0.843451
3.84 2.04 0.150626 0.0077012 0.836955
3.84 2.16 0.153391 0.0140913 0.827659
3.84 2.28 0.153976 0.0316142 0.809522
3.84 2.4 0.1471 0.0899116 0.758248
3.84 2.52 0.117961 0.276425 0.601079
3.84 2.64 0.0604799 0.627931 0.306862
3.84 2.76 0.0237264 0.851923 0.120117
3.84 2.88 0.0138304 0.913102 0.0696599
3.84 3 0.0190229 0.882622 0.0956323
3.84 3.12 0.0463577 0.717883 0.233027
3.84 3.24 0.103296 0.372219 0.520424
3.84 3.36 0.142745 0.126515 0.725676
3.84 3.48 0.154224 0.0426587 0.797798
3.84 3.6 0.155012 0.0179601 0.821639
3.84 3.72 0.152682 0.00948399 0.832655
3.84 3.84 0.14942 0.00572514 0.839882
3.84 3.96 0.145904 0.00367283 0.845618
3.84 4.08 0.142369 0.00241725 0.8505
3.84 4.2 0.138891 0.00160916 0.854863
3.84 4.32 0.135492 0.00107912 0.858847
3.84 4.44 0.132037 0.000731801 0.862447
3.84 4.56 0.1291 0.00051085 0.865834
3.84 4.68 0.126164 0.000383835 0.869044
3.84 4.8 0.123272 0.000335992 0.872025
3.84 4.92 0.120434 0.000365614 0.87487
3.84 5.04 0.117648 0.000480944 0.877543
3.84 5.16 0.114928 0.000694393 0.879944
3.84 5.28 0.112324 0.00101362 0.88214
3.84 5.4 0.109918 0.00142682 0.883941
3.84 5.52 0.10784 0.00188898 0.885258
3.84 5.64 0.106268 0.00235412 0.886278
3.84 5.76 0.105428 0.00257504 0.886761
3.84 5.88 0.105331 0.00309111 0.886635
3.96 0 0.102883 0.00150988 0.888087
3.96 0.12 0.103104 0.00144784 0.888055
3.96 0.24 0.104886 0.00121169 0.887435
3.96 0.36 0.106967 0.000951868 0.886196
3.96 0.48 0.109419 0.0006993 0.884507
3.96 0.6 0.112104 0.000494789 0.882356
3.96 0.72 0.114919 0.00035295 0.87991
3.96 0.84 0.117817 0.000275194 0.877177
3.96 0.96 0.120786 0.00025764 0.874277
3.96 1.08 0.123815 0.000298158 0.871296
3.96 1.2 0.126917 0.000401118 0.868225
3.96 1.32 0.13009 0.000580871 0.865
3.96 1.44 0.133345 0.000865507 0.861542
3.96 1.56 0.13669 0.00130346 0.857743
3.96 1.68 0.140139 0.00197445 0.853577
3.96 1.8 0.143673 0.00301769 0.84892
3.96 1.92 0.14723 0.00470681 0.843556
3.96 2.04 0.150642 0.00770884 0.837062
3.96 2.16 0.153404 0.0141063 0.827758
3.96 2.28 0.153984 0.0316511 0.809603
3.96 2.4 0.1471 0.0900235 0.758293
3.96 2.52 0.117944 0.27676 0.601043
3.96 2.64 0.0604567 0.62857 0.306774
3.96 2.76 0.0237143 0.852666 0.120069
3.96 2.88 0.013823 0.913864 0.0696308
3.96 3 0.0190132 0.883373 0.0955945
3.96 3.12 0.046338 0.718561 0.232952
3.96 3.24 0.103273 0.372641 0.520356
3.96 3.36 0.142735 0.126666 0.725684
3.96 3.48 0.154224 0.0427066 0.797847
3.96 3.6 0.155017 0.0179784 0.82171
3.96 3.72 0.152691 0.00949285 0.832737
3.96 3.84 0.149432 0.00573021 0.839967
3.96 3.96 0.145918 0.00367597 0.845698
3.96 4.08 0.142381 0.00241925 0.85057
3.96 4.2 0.138903 0.00161046 0.854918
3.96 4.32 0.135503 0.00107996 0.858885
3.96 4.44 0.132046 0.000732354 0.862468
3.96 4.56 0.129106 0.000511224 0.865837
3.96 4.68 0.126169 0.000384105 0.869029
3.96 4.8 0.123276 0.000336218 0.87199
3.96 4.92 0.120436 0.000365847 0.874815
3.96 5.04 0.117649 0.000481233 0.87747
3.96 5.16 0.114928 0.000694788 0.879854
3.96 5.28 0.112323 0.00101417 0.882032
3.96 5.4 0.109916 0.00142757 0.883818
3.96 5.52 0.107838 0.00188997 0.885117
3.96 5.64 0.106266 0.00235536 0.88609
3.96 5.76 0.105426 0.00257638 0.886597
3.96 5.88 0.105329 0.00309273 0.886443
4.08 0 0.102878 0.00150669 0.88804
4.08 0.12 0.103099 0.00144496 0.887994
4.08 0.24 0.104881 0.00120949 0.887354
4.08 0.36 0.106962 0.000950324 0.886107
4.08 0.48 0.109416 0.000698328 0.884424
4.08 0.6 0.112104 0.000494233 0.882284
4.08 0.72 0.11492 0.000352667 0.87985
4.08 0.84 0.11782 0.000275079 0.877129
4.08 0.96 0.120791 0.00025763 0.874243
4.08 1.08 0.123821 0.000298227 0.871275
4.08 1.2 0.126924 0.000401269 0.868216
4.08 1.32 0.130098 0.000581133 0.865004
4.08 1.44 0.133355 0.000865939 0.861561
4.08 1.56 0.136701 0.00130417 0.857777
4.08 1.68 0.140151 0.0019756 0.853628
4.08 1.8 0.143686 0.00301958 0.848983
4.08 1.92 0.147243 0.00471002 0.843627
4.08 2.04 0.150653 0.00771469 0.837134
4.08 2.16 0.153413 0.0141188 0.827824
4.08 2.28 0.153987 0.0316847 0.809649
4.08 2.4 0.147092 0.0901327 0.758295
4.08 2.52 0.117917 0.277094 0.600951
4.08 2.64 0.0604234 0.629179 0.306635
4.08 2.76 0.0236972 0.853334 0.119998
4.08 2.88 0.0138125 0.914537 0.0695883
4.08 3 0.0189994 0.884041 0.0955383
4.08 3.12 0.0463099 0.719193 0.232836
4.08 3.24 0.103239 0.37306 0.520228
4.08 3.36 0.142718 0.126816 0.725646
4.08 3.48 0.154218 0.0427514 0.797858
4.08 3.6 0.155018 0.0179939 0.821745
4.08 3.72 0.152697 0.0094997 0.83278
4.08 3.84 0.14944 0.00573385 0.840009
4.08 3.96 0.145927 0.0036781 0.845733
4.08 4.08 0.142389 0.00242055 0.850593
4.08 4.2 0.138909 0.00161126 0.854926
4.08 4.32 0.135508 0.00108046 0.858878
4.08 4.44 0.13205 0.000732674 0.862447
4.08 4.56 0.129109 0.000511438 0.865802
4.08 4.68 0.126171 0.000384264 0.868981
4.08 4.8 0.123277 0.000336364 0.871929
4.08 4.92 0.120436 0.000366017 0.87474
4.08 5.04 0.117648 0.000481464 0.877382
4.08 5.16 0.114926 0.000695119 0.879756
4.08 5.28 0.112321 0.00101464 0.881922
4.08 5.4 0.109914 0.00142822 0.883695
4.08 5.52 0.107835 0.00189082 0.884978
4.08 5.64 0.106263 0.00235639 0.88592
4.08 5.76 0.105422 0.0025775 0.886428
4.08 5.88 0.105325 0.00309405 0.886257
4.2 0 0.102876 0.00150418 0.888034
4.2 0.12 0.103096 0.00144268 0.887979
4.2 0.24 0.104877 0.00120772 0.887323
4.2 0.36 0.106959 0.000949069 0.88607
4.2 0.48 0.109413 0.000697526 0.884388
4.2 0.6 0.112102 0.000493766 0.882254
4.2 0.72 0.114921 0.000352419 0.879823
4.2 0.84 0.117821 0.000274963 0.877106
4.2 0.96 0.120792 0.00025759 0.874222
4.2 1.08 0.123823 0.000298236 0.871254
4.2 1.2 0.126926 0.00040132 0.868196
4.2 1.32 0.1301 0.00058124 0.864986
4.2 1.44 0.133357 0.000866134 0.861547
4.2 1.56 0.136703 0.00130451 0.857769
4.2 1.68 0.140154 0.00197622 0.85363
4.2 1.8 0.14369 0.00302069 0.848993
4.2 1.92 0.147246 0.00471208 0.843645
4.2 2.04 0.150656 0.00771887 0.837159
4.2 2.16 0.153414 0.0141289 0.827853
4.2 2.28 0.153984 0.031715 0.809675
4.2 2.4 0.14708 0.0902377 0.758288
4.2 2.52 0.117885 0.277423 0.600838
4.2 2.64 0.060384 0.629759 0.306462
4.2 2.76 0.0236772 0.85394 0.119907
4.2 2.88 0.0138003 0.915138 0.069532
4.2 3 0.0189832 0.884642 0.0954649
4.2 3.12 0.0462767 0.719784 0.232691
4.2 3.24 0.103199 0.373472 0.520072
4.2 3.36 0.142697 0.126962 0.725599
4.2 3.48 0.154208 0.0427927 0.797854
4.2 3.6 0.155013 0.0180068 0.821746
4.2 3.72 0.152693 0.00950467 0.832776
4.2 3.84 0.149438 0.00573616 0.839996
4.2 3.96 0.145925 0.00367929 0.845709
4.2 4.08 0.142387 0.00242119 0.850557
4.2 4.2 0.138906 0.00161161 0.854879
4.2 4.32 0.135504 0.00108066 0.858822
4.2 4.44 0.132046 0.00073279 0.862383
4.2 4.56 0.129105 0.000511518 0.865734
4.2 4.68 0.126167 0.000384334 0.868909
4.2 4.8 0.123273 0.000336451 0.871854
4.2 4.92 0.120432 0.000366147 0.874663
4.2 5.04 0.117644 0.000481667 0.877301
4.2 5.16 0.114922 0.000695427 0.879672
4.2 5.28 0.112317 0.00101509 0.881829
4.2 5.4 0.10991 0.00142883 0.883595
4.2 5.52 0.107831 0.00189159 0.884864
4.2 5.64 0.106257 0.00235729 0.885787
4.2 5.76 0.105417 0.00257846 0.886289
4.2 5.88 0.10532 0.0030952 0.886117
4.32 0 0.102878 0.00150233 0.888086
4.32 0.12 0.103098 0.00144104 0.888029
4.32 0.24 0.104879 0.00120647 0.887369
4.32 0.36 0.106961 0.000948191 0.886117
4.32 0.48 0.109416 0.000696973 0.884433
4.32 0.6 0.112106 0.000493449 0.882296
4.32 0.72 0.114925 0.000352253 0.879857
4.32 0.84 0.117826 0.000274882 0.877131
4.32 0.96 0.120796 0.000257553 0.874237
4.32 1.08 0.123827 0.000298219 0.871259
4.32 1.2 0.126929 0.000401317 0.86819
4.32 1.32 0.130102 0.000581254 0.864974
4.32 1.44 0.133359 0.000866187 0.861531
4.32 1.56 0.136705 0.00130465 0.857754
4.32 1.68 0.140157 0.00197653 0.853622
4.32 1.8 0.143693 0.00302136 0.848993
4.32 1.92 0.147251 0.00471352 0.843654
4.32 2.04 0.150662 0.00772218 0.837181
4.32 2.16 0.153419 0.0141377 0.827884
4.32 2.28 0.153985 0.0317432 0.809705
4.32 2.4 0.147072 0.0903386 0.758284
4.32 2.52 0.117852 0.277737 0.600711
4.32 2.64 0.0603401 0.630278 0.306266
4.32 2.76 0.0236544 0.854432 0.119803
4.32 2.88 0.0137863 0.915607 0.0694684
4.32 3 0.0189648 0.885121 0.0953816
4.32 3.12 0.0462396 0.720296 0.232525
4.32 3.24 0.103156 0.373863 0.519897
4.32 3.36 0.14268 0.127103 0.725551
4.32 3.48 0.154203 0.0428318 0.797854
4.32 3.6 0.155011 0.0180182 0.821749
4.32 3.72 0.152693 0.00950865 0.832767
4.32 3.84 0.149437 0.00573776 0.83997
4.32 3.96 0.145924 0.00367997 0.845667
4.32 4.08 0.142384 0.00242146 0.850501
4.32 4.2 0.138902 0.0016117 0.854813
4.32 4.32 0.135499 0.00108067 0.858749
4.32 4.44 0.132041 0.000732784 0.862309
4.32 4.56 0.1291 0.00051152 0.865662
4.32 4.68 0.126163 0.000384361 0.868843
4.32 4.8 0.12327 0.000336524 0.871796
4.32 4.92 0.120431 0.000366292 0.874614
4.32 5.04 0.117643 0.00048192 0.877259
4.32 5.16 0.114922 0.000695829 0.879638
4.32 5.28 0.112318 0.00101568 0.881795
4.32 5.4 0.109912 0.00142965 0.883558
4.32 5.52 0.107832 0.00189263 0.884824
4.32 5.64 0.106259 0.00235855 0.88574
4.32 5.76 0.105419 0.00257981 0.886241
4.32 5.88 0.105322 0.00309682 0.886069
4.44 0 0.102885 0.00150122 0.888197
4.44 0.12 0.103105 0.00144009 0.88814
4.44 0.24 0.104886 0.0012058 0.88748
4.44 0.36 0.106968 0.000947754 0.886231
4.44 0.48 0.109423 0.000696729 0.884543
4.44 0.6 0.112113 0.000493331 0.882397
4.44 0.72 0.114932 0.000352206 0.879945
4.44 0.84 0.117834 0.000274864 0.877207
4.44 0.96 0.120804 0.00025754 0.8743
4.44 1.08 0.123835 0.000298198 0.871309
4.44 1.2 0.126936 0.000401282 0.868228
4.44 1.32 0.130109 0.000581209 0.865001
4.44 1.44 0.133365 0.000866142 0.861549
4.44 1.56 0.136712 0.00130464 0.85777
4.44 1.68 0.140166 0.00197662 0.85364
4.44 1.8 0.143704 0.0030217 0.849015
4.44 1.92 0.147263 0.00471447 0.843684
4.44 2.04 0.150675 0.00772473 0.83722
4.44 2.16 0.153431 0.0141452 0.827932
4.44 2.28 0.153995 0.0317685 0.809754
4.44 2.4 0.147071 0.0904314 0.758298
4.44 2.52 0.117824 0.278027 0.600601
4.44 2.64 0.0602985 0.630741 0.306079
4.44 2.76 0.0236322 0.854845 0.119703
4.44 2.88 0.0137726 0.91599 0.069407
4.44 3 0.0189469 0.885517 0.0953014
4.44 3.12 0.0462044 0.720744 0.232366
4.44 3.24 0.103119 0.374222 0.519738
4.44 3.36 0.142671 0.127233 0.725523
4.44 3.48 0.154207 0.0428671 0.797874
4.44 3.6 0.155019 0.0180281 0.82177
4.44 3.72 0.152702 0.00951176 0.832776
4.44 3.84 0.149445 0.0057388 0.839963
4.44 3.96 0.145931 0.00368027 0.845646
4.44 4.08 0.142388 0.00242147 0.850467
4.44 4.2 0.138904 0.00161161 0.854771
4.44 4.32 0.1355 0.00108057 0.858704
4.44 4.44 0.132041 0.000732702 0.862266
4.44 4.56 0.1291 0.00051148 0.865626
4.44 4.68 0.126163 0.000384374 0.868816
4.44 4.8 0.123271 0.000336617 0.871779
4.44 4.92 0.120433 0.000366499 0.874608
4.44 5.04 0.117647 0.000482294 0.877265
4.44 5.16 0.114927 0.000696433 0.879654
4.44 5.28 0.112323 0.00101659 0.881813
4.44 5.4 0.109918 0.00143091 0.883577
4.44 5.52 0.107839 0.00189426 0.884845
4.44 5.64 0.106268 0.00236054 0.88576
4.44 5.76 0.105428 0.00258197 0.886264
4.44 5.88 0.105332 0.00309942 0.886091
4.56 0 0.102899 0.00150104 0.888386
4.56 0.12 0.103119 0.00144004 0.888332
4.56 0.24 0.104901 0.00120588 0.887682
4.56 0.36 0.106984 0.000947908 0.886441
4.56 0.48 0.109439 0.000696908 0.88475
4.56 0.6 0.112129 0.000493497 0.882595
4.56 0.72 0.114949 0.000352337 0.880127
4.56 0.84 0.117851 0.000274951 0.877375
4.56 0.96 0.120822 0.000257582 0.874453
4.56 1.08 0.123853 0.000298198 0.871448
4.56 1.2 0.126954 0.000401244 0.868353
4.56 1.32 0.130127 0.000581134 0.865111
4.56 1.44 0.133384 0.000866037 0.861646
4.56 1.56 0.136731 0.00130452 0.857857
4.56 1.68 0.140186 0.00197654 0.853723
4.56 1.8 0.143726 0.00302177 0.849092
4.56 1.92 0.147287 0.00471499 0.843757
4.56 2.04 0.1507 0.00772653 0.837292
4.56 2.16 0.153456 0.0141511 0.828005
4.56 2.28 0.154016 0.0317897 0.809822
4.56 2.4 0.14708 0.0905107 0.758334
4.56 2.52 0.117807 0.278275 0.600528
4.56 2.64 0.060265 0.631134 0.30593
4.56 2.76 0.0236136 0.855186 0.119621
4.56 2.88 0.013761 0.9163 0.0693573
4.56 3 0.0189321 0.885841 0.0952371
4.56 3.12 0.0461763 0.72112 0.232241
4.56 3.24 0.103094 0.374525 0.519623
4.56 3.36 0.142673 0.127343 0.725524
4.56 3.48 0.154224 0.0428966 0.797917
4.56 3.6 0.155041 0.018036 0.821818
4.56 3.72 0.152724 0.00951399 0.832819
4.56 3.84 0.149467 0.00573935 0.840001
4.56 3.96 0.145951 0.00368026 0.845678
4.56 4.08 0.142405 0.00242128 0.850495
4.56 4.2 0.138918 0.00161139 0.854798
4.56 4.32 0.135513 0.00108038 0.858735
4.56 4.44 0.132054 0.000732578 0.862305
4.56 4.56 0.129112 0.00051143 0.865675
4.56 4.68 0.126175 0.000384412 0.868878
4.56 4.8 0.123283 0.000336776 0.871854
4.56 4.92 0.120446 0.000366836 0.874696
4.56 5.04 0.11766 0.000482892 0.877365
4.56 5.16 0.114941 0.000697401 0.879766
4.56 5.28 0.112339 0.00101804 0.881927
4.56 5.4 0.109934 0.00143296 0.88369
4.56 5.52 0.107857 0.00189694 0.884956
4.56 5.64 0.106286 0.00236382 0.885859
4.56 5.76 0.105446 0.00258554 0.886362
4.56 5.88 0.10535 0.00310368 0.886178
4.68 0 0.102921 0.00150203 0.888643
4.68 0.12 0.103141 0.00144112 0.888594
4.68 0.24 0.104924 0.00120691 0.887957
4.68 0.36 0.107008 0.000948812 0.88673
4.68 0.48 0.109464 0.000697633 0.885041
4.68 0.6 0.112155 0.000494034 0.88288
4.68 0.72 0.114975 0.000352707 0.880398
4.68 0.84 0.117878 0.000275185 0.877634
4.68 0.96 0.120849 0.000257709 0.874701
4.68 1.08 0.123881 0.000298241 0.871681
4.68 1.2 0.126982 0.000401216 0.868571
4.68 1.32 0.130155 0.000581039 0.865312
4.68 1.44 0.133413 0.000865873 0.861831
4.68 1.56 0.136762 0.00130429 0.858024
4.68 1.68 0.140218 0.00197625 0.853874
4.68 1.8 0.14376 0.00302148 0.849221
4.68 1.92 0.147322 0.00471487 0.843863
4.68 2.04 0.150734 0.00772716 0.837376
4.68 2.16 0.153489 0.0141545 0.828071
4.68 2.28 0.154045 0.0318042 0.809874
4.68 2.4 0.147099 0.0905677 0.758368
4.68 2.52 0.117802 0.278457 0.600498
4.68 2.64 0.0602435 0.631425 0.305843
4.68 2.76 0.0236007 0.855438 0.119575
4.68 2.88 0.0137528 0.916528 0.0693302
4.68 3 0.018922 0.886081 0.0952024
4.68 3.12 0.046159 0.721396 0.232172
4.68 3.24 0.103084 0.374743 0.519568
4.68 3.36 0.142688 0.12742 0.725538
4.68 3.48 0.154251 0.0429165 0.797951
4.68 3.6 0.155073 0.0180407 0.821863
4.68 3.72 0.152758 0.0095148 0.832876
4.68 3.84 0.149501 0.00573915 0.840071
4.68 3.96 0.145985 0.00367982 0.845763
4.68 4.08 0.142435 0.00242084 0.850593
4.68 4.2 0.138946 0.00161103 0.854909
4.68 4.32 0.135539 0.00108012 0.858858
4.68 4.44 0.132078 0.000732426 0.862441
4.68 4.56 0.129136 0.00051139 0.865825
4.68 4.68 0.126198 0.0003845 0.869042
4.68 4.8 0.123307 0.000337043 0.872031
4.68 4.92 0.12047 0.000367368 0.874884
4.68 5.04 0.117685 0.000483818 0.877563
4.68 5.16 0.114967 0.000698896 0.879972
4.68 5.28 0.112364 0.0010203 0.88213
4.68 5.4 0.10996 0.00143615 0.883887
4.68 5.52 0.107884 0.00190115 0.885143
4.68 5.64 0.106314 0.00236904 0.886024
4.68 5.76 0.105476 0.00259123 0.886519
4.68 5.88 0.105379 0.00311048 0.886317
4.8 0 0.102946 0.00150449 0.888931
4.8 0.12 0.103166 0.00144361 0.888883
4.8 0.24 0.10495 0.00120912 0.888251
4.8 0.36 0.107034 0.000950632 0.887036
4.8 0.48 0.10949 0.000699024 0.885352
4.8 0.6 0.112181 0.000495027 0.88319
4.8 0.72 0.115002 0.000353371 0.880701
4.8 0.84 0.117906 0.0002756 0.877932
4.8 0.96 0.120877 0.000257941 0.874994
4.8 1.08 0.12391 0.000298335 0.871971
4.8 1.2 0.127011 0.000401195 0.868859
4.8 1.32 0.130185 0.000580905 0.865602
4.8 1.44 0.133444 0.000865606 0.862127
4.8 1.56 0.136794 0.00130385 0.858331
4.8 1.68 0.140252 0.0019756 0.854196
4.8 1.8 0.143794 0.00302057 0.849557
4.8 1.92 0.147357 0.00471369 0.844208
4.8 2.04 0.15077 0.00772584 0.837726
4.8 2.16 0.153523 0.0141539 0.82841
4.8 2.28 0.154075 0.0318078 0.81018
4.8 2.4 0.147122 0.0905907 0.758604
4.8 2.52 0.117811 0.278542 0.600605
4.8 2.64 0.0602387 0.63158 0.305833
4.8 2.76 0.0235963 0.855592 0.119552
4.8 2.88 0.01375 0.916675 0.0693137
4.8 3 0.0189192 0.886229 0.0951863
4.8 3.12 0.0461569 0.721544 0.232168
4.8 3.24 0.103092 0.374837 0.519654
4.8 3.36 0.142711 0.127448 0.725753
4.8 3.48 0.154282 0.0429211 0.798245
4.8 3.6 0.155109 0.0180399 0.822195
4.8 3.72 0.152796 0.00951319 0.833219
4.8 3.84 0.149539 0.00573764 0.840406
4.8 3.96 0.146022 0.00367862 0.84608
4.8 4.08 0.142469 0.00241995 0.850889
4.8 4.2 0.138978 0.0016104 0.855184
4.8 4.32 0.135568 0.00107972 0.859117
4.8 4.44 0.132106 0.000732214 0.862687
4.8 4.56 0.129162 0.000511351 0.866064
4.8 4.68 0.126225 0.000384649 0.86928
4.8 4.8 0.123334 0.000337446 0.872272
4.8 4.92 0.120497 0.000368147 0.875128
4.8 5.04 0.117713 0.000485166 0.877808
4.8 5.16 0.114995 0.000701072 0.880221
4.8 5.28 0.112394 0.00102361 0.882371
4.8 5.4 0.109991 0.00144085 0.884116
4.8 5.52 0.107915 0.00190737 0.885348
4.8 5.64 0.106346 0.00237675 0.886176
4.8 5.76 0.105508 0.00259967 0.886649
4.8 5.88 0.105411 0.00312059 0.886416
4.92 0 0.102975 0.00150886 0.889245
4.92 0.12 0.103196 0.00144794 0.889196
4.92 0.24 0.10498 0.00121288 0.888574
4.92 0.36 0.107065 0.000953681 0.887376
4.92 0.48 0.109523 0.000701313 0.885707
4.92 0.6 0.112214 0.000496637 0.883551
4.92 0.72 0.115036 0.000354443 0.881061
4.92 0.84 0.117942 0.000276277 0.878292
4.92 0.96 0.120913 0.000258343 0.875356
4.92 1.08 0.123947 0.000298545 0.872334
4.92 1.2 0.127049 0.000401254 0.869223
4.92 1.32 0.130224 0.000580818 0.86597
4.92 1.44 0.133483 0.000865343 0.862501
4.92 1.56 0.136835 0.00130335 0.858712
4.92 1.68 0.140294 0.00197475 0.854588
4.92 1.8 0.143839 0.00301925 0.849952
4.92 1.92 0.147402 0.00471168 0.844599
4.92 2.04 0.150814 0.00772284 0.8381
4.92 2.16 0.153564 0.0141493 0.828753
4.92 2.28 0.154112 0.0318 0.810476
4.92 2.4 0.147155 0.0905747 0.758842
4.92 2.52 0.117838 0.278511 0.600791
4.92 2.64 0.0602558 0.631569 0.305941
4.92 2.76 0.0236031 0.855628 0.119597
4.92 2.88 0.0137542 0.916727 0.0693419
4.92 3 0.0189259 0.886271 0.0952279
4.92 3.12 0.0461746 0.721536 0.232269
4.92 3.24 0.103126 0.374781 0.519849
4.92 3.36 0.142749 0.127418 0.725993
4.92 3.48 0.154323 0.0429086 0.798537
4.92 3.6 0.155153 0.0180337 0.822536
4.92 3.72 0.152844 0.00950938 0.833591
4.92 3.84 0.149588 0.00573509 0.840791
4.92 3.96 0.146071 0.00367687 0.846463
4.92 4.08 0.142515 0.00241878 0.851262
4.92 4.2 0.13902 0.00160967 0.855544
4.92 4.32 0.135608 0.0010793 0.859464
4.92 4.44 0.132145 0.000732043 0.863024
4.92 4.56 0.129199 0.000511401 0.866395
4.92 4.68 0.126262 0.000384941 0.869609
4.92 4.8 0.123371 0.000338074 0.872599
4.92 4.92 0.120534 0.000369289 0.875451
4.92 5.04 0.11775 0.000487104 0.878129
4.92 5.16 0.115032 0.000704188 0.880539
4.92 5.28 0.112431 0.00102835 0.882676
4.92 5.4 0.110029 0.00144763 0.884405
4.92 5.52 0.107954 0.00191638 0.885606
4.92 5.64 0.106386 0.00238798 0.886313
4.92 5.76 0.105548 0.00261197 0.886761
4.92 5.88 0.105451 0.00313531 0.886437
5.04 0 0.103002 0.0015156 0.88954
5.04 0.12 0.103223 0.00145456 0.889506
5.04 0.24 0.105009 0.00121857 0.88891
5.04 0.36 0.107095 0.000958241 0.887739
5.04 0.48 0.109553 0.000704706 0.886077
5.04 0.6 0.112245 0.000499008 0.883922
5.04 0.72 0.115068 0.000356019 0.881427
5.04 0.84 0.117975 0.000277286 0.878656
5.04 0.96 0.120947 0.000258972 0.875719
5.04 1.08 0.123982 0.000298922 0.872699
5.04 1.2 0.127084 0.000401448 0.869591
5.04 1.32 0.13026 0.000580841 0.866342
5.04 1.44 0.133521 0.000865153 0.862877
5.04 1.56 0.136874 0.00130285 0.859093
5.04 1.68 0.140336 0.00197377 0.854972
5.04 1.8 0.143882 0.00301751 0.850328
5.04 1.92 0.147446 0.00470875 0.844956
5.04 2.04 0.150856 0.00771784 0.838428
5.04 2.16 0.153603 0.0141399 0.829043
5.04 2.28 0.154148 0.0317783 0.810729
5.04 2.4 0.147192 0.0905108 0.759076
5.04 2.52 0.117886 0.278335 0.601043
5.04 2.64 0.0602992 0.631353 0.30615
5.04 2.76 0.0236237 0.855519 0.119688
5.04 2.88 0.0137671 0.916663 0.069396
5.04 3 0.0189444 0.88618 0.0953077
5.04 3.12 0.0462164 0.721336 0.232463
5.04 3.24 0.103187 0.374537 0.520149
5.04 3.36 0.142797 0.127316 0.72626
5.04 3.48 0.154367 0.0428754 0.798805
5.04 3.6 0.1552 0.0180208 0.822838
5.04 3.72 0.152893 0.00950287 0.833926
5.04 3.84 0.149638 0.00573127 0.841151
5.04 3.96 0.146121 0.00367453 0.846837
5.04 4.08 0.142562 0.00241736 0.851638
5.04 4.2 0.139064 0.00160887 0.855916
5.04 4.32 0.135649 0.00107893 0.859829
5.04 4.44 0.132184 0.00073198 0.863383
5.04 4.56 0.129236 0.000511604 0.866749
5.04 4.68 0.126298 0.000385438 0.86996
5.04 4.8 0.123406 0.000338997 0.872945
5.04 4.92 0.120569 0.000370888 0.875793
5.04 5.04 0.117785 0.000489771 0.878469
5.04 5.16 0.115068 0.000708458 0.880879
5.04 5.28 0.112467 0.00103485 0.88301
5.04 5.4 0.110066 0.00145696 0.884741
5.04 5.52 0.107993 0.00192885 0.885955
5.04 5.64 0.106425 0.00240357 0.886724
5.04 5.76 0.105589 0.0026291 0.887179
5.04 5.88 0.105491 0.00315582 0.886893
5.16 0 0.103023 0.00152535 0.889752
5.16 0.12 0.103243 0.00146406 0.889725
5.16 0.24 0.105029 0.00122667 0.889148
5.16 0.36 0.107116 0.000964696 0.888
5.16 0.48 0.109575 0.000709482 0.886348
5.16 0.6 0.112268 0.000502336 0.884195
5.16 0.72 0.115091 0.000358238 0.881695
5.16 0.84 0.118 0.000278732 0.878921
5.16 0.96 0.120973 0.000259922 0.875984
5.16 1.08 0.124009 0.000299568 0.872966
5.16 1.2 0.127111 0.000401899 0.869862
5.16 1.32 0.130288 0.000581126 0.866619
5.16 1.44 0.13355 0.000865225 0.863162
5.16 1.56 0.136905 0.00130257 0.859386
5.16 1.68 0.140368 0.00197289 0.855273
5.16 1.8 0.143916 0.00301562 0.850623
5.16 1.92 0.147481 0.00470514 0.845236
5.16 2.04 0.150891 0.00771105 0.838685
5.16 2.16 0.153636 0.0141259 0.829273
5.16 2.28 0.154181 0.0317419 0.810936
5.16 2.4 0.147232 0.0903943 0.759301
5.16 2.52 0.117954 0.277995 0.601385
5.16 2.64 0.0603726 0.630893 0.306506
5.16 2.76 0.0236604 0.855232 0.119862
5.16 2.88 0.0137904 0.916451 0.0695042
5.16 3 0.0189768 0.885924 0.0954583
5.16 3.12 0.0462857 0.720905 0.232791
5.16 3.24 0.103278 0.374078 0.520586
5.16 3.36 0.142856 0.127133 0.726552
5.16 3.48 0.154412 0.0428197 0.799047
5.16 3.6 0.155244 0.0180009 0.823093
5.16 3.72 0.152938 0.00949368 0.834205
5.16 3.84 0.149684 0.0057263 0.841446
5.16 3.96 0.146166 0.00367176 0.847141
5.16 4.08 0.142603 0.00241592 0.851943
5.16 4.2 0.139101 0.00160823 0.856214
5.16 4.32 0.135683 0.00107881 0.860118
5.16 4.44 0.132215 0.0007322 0.863663
5.16 4.56 0.129266 0.000512104 0.867023
5.16 4.68 0.126326 0.000386264 0.870227
5.16 4.8 0.123434 0.000340334 0.873205
5.16 4.92 0.120597 0.000373079 0.876049
5.16 5.04 0.117813 0.000493352 0.878719
5.16 5.16 0.115095 0.000714159 0.881126
5.16 5.28 0.112495 0.00104354 0.88325
5.16 5.4 0.110095 0.00146947 0.884983
5.16 5.52 0.108022 0.00194565 0.886209
5.16 5.64 0.106456 0.00242461 0.887008
5.16 5.76 0.10562 0.00265234 0.887486
5.16 5.88 0.105522 0.00318359 0.887209
5.28 0 0.103038 0.001539 0.889892
5.28 0.12 0.103258 0.00147731 0.889871
5.28 0.24 0.105045 0.00123794 0.88931
5.28 0.36 0.107134 0.00097366 0.888185
5.28 0.48 0.109594 0.000716091 0.886544
5.28 0.6 0.112287 0.000506935 0.884389
5.28 0.72 0.115111 0.00036132 0.881876
5.28 0.84 0.118021 0.00028079 0.879094
5.28 0.96 0.120994 0.000261358 0.876152
5.28 1.08 0.124031 0.000300674 0.873134
5.28 1.2 0.127133 0.000402857 0.870035
5.28 1.32 0.13031 0.000582018 0.866801
5.28 1.44 0.133573 0.000866033 0.863356
5.28 1.56 0.136929 0.00130316 0.859594
5.28 1.68 0.140394 0.00197298 0.855494
5.28 1.8 0.143943 0.00301467 0.850848
5.28 1.92 0.147508 0.00470223 0.845455
5.28 2.04 0.150918 0.00770428 0.838892
5.28 2.16 0.153664 0.0141098 0.829462
5.28 2.28 0.15421 0.0316959 0.811118
5.28 2.4 0.147276 0.0902367 0.759535
5.28 2.52 0.118044 0.277519 0.601833
5.28 2.64 0.0604803 0.630259 0.307033
5.28 2.76 0.0237168 0.854879 0.120134
5.28 2.88 0.0138266 0.916216 0.0696766
5.28 3 0.019026 0.885624 0.0956921
5.28 3.12 0.046387 0.720331 0.233274
5.28 3.24 0.103402 0.373442 0.521176
5.28 3.36 0.142927 0.126884 0.726885
5.28 3.48 0.154459 0.0427468 0.799279
5.28 3.6 0.155286 0.0179767 0.82332
5.28 3.72 0.152979 0.00948355 0.834443
5.28 3.84 0.149724 0.00572157 0.84169
5.28 3.96 0.146205 0.0036697 0.847384
5.28 4.08 0.142638 0.00241534 0.852177
5.28 4.2 0.139132 0.00160848 0.856434
5.28 4.32 0.135711 0.00107949 0.860324
5.28 4.44 0.132241 0.000733118 0.863857
5.28 4.56 0.129289 0.000513213 0.867207
5.28 4.68 0.126349 0.000387661 0.870401
5.28 4.8 0.123456 0.000342296 0.873371
5.28 4.92 0.120619 0.000376086 0.876209
5.28 5.04 0.117834 0.000498136 0.878876
5.28 5.16 0.115117 0.000721715 0.881284
5.28 5.28 0.112517 0.00105507 0.883405
5.28 5.4 0.110118 0.00148612 0.885134
5.28 5.52 0.108046 0.00196814 0.886361
5.28 5.64 0.106481 0.00245316 0.887164
5.28 5.76 0.105647 0.00268391 0.887656
5.28 5.88 0.105549 0.00322169 0.887375
5.4 0 0.103047 0.00155758 0.889961
5.4 0.12 0.103267 0.00149535 0.889944
5.4 0.24 0.105055 0.00125328 0.889406
5.4 0.36 0.107145 0.000985826 0.888311
5.4 0.48 0.109606 0.000725038 0.886688
5.4 0.6 0.112301 0.00051316 0.884535
5.4 0.72 0.115125 0.000365524 0.882009
5.4 0.84 0.118036 0.000283667 0.879218
5.4 0.96 0.121008 0.00026349 0.876271
5.4 1.08 0.124045 0.000302499 0.873255
5.4 1.2 0.127145 0.000404681 0.870164
5.4 1.32 0.13032 0.000584034 0.866942
5.4 1.44 0.133581 0.000868321 0.863512
5.4 1.56 0.136937 0.00130568 0.859765
5.4 1.68 0.140401 0.00197546 0.855682
5.4 1.8 0.143951 0.0030166 0.851039
5.4 1.92 0.147517 0.00470255 0.845642
5.4 2.04 0.150929 0.00770086 0.839073
5.4 2.16 0.153676 0.0140965 0.829638
5.4 2.28 0.154228 0.0316472 0.811301
5.4 2.4 0.147317 0.0900455 0.759804
5.4 2.52 0.118154 0.276894 0.602412
5.4 2.64 0.060626 0.629368 0.307765
5.4 2.76 0.023797 0.854344 0.12053
5.4 2.88 0.0138795 0.915838 0.0699347
5.4 3 0.0190962 0.88516 0.0960338
5.4 3.12 0.046524 0.719517 0.233944
5.4 3.24 0.103557 0.372599 0.521942
5.4 3.36 0.143002 0.126571 0.727278
5.4 3.48 0.154498 0.042662 0.799523
5.4 3.6 0.155315 0.0179521 0.82354
5.4 3.72 0.153006 0.00947558 0.83466
5.4 3.84 0.149749 0.00571956 0.841905
5.4 3.96 0.146229 0.00367037 0.847591
5.4 4.08 0.142657 0.00241723 0.852371
5.4 4.2 0.139148 0.00161081 0.856612
5.4 4.32 0.135723 0.00108186 0.860487
5.4 4.44 0.132252 0.000735378 0.864006
5.4 4.56 0.129299 0.000515393 0.867342
5.4 4.68 0.126359 0.000389963 0.870522
5.4 4.8 0.123467 0.00034515 0.87348
5.4 4.92 0.12063 0.000380172 0.876311
5.4 5.04 0.117847 0.000504446 0.878974
5.4 5.16 0.11513 0.000731584 0.881383
5.4 5.28 0.112532 0.0010701 0.883495
5.4 5.4 0.110134 0.00150791 0.885216
5.4 5.52 0.108063 0.00199775 0.886429
5.4 5.64 0.106499 0.00249091 0.887132
5.4 5.76 0.105666 0.00272593 0.887626
5.4 5.88 0.10557 0.00327247 0.887275
5.52 0 0.103058 0.00158235 0.890011
5.52 0.12 0.103271 0.00151947 0.889998
5.52 0.24 0.105063 0.00127384 0.889477
5.52 0.36 0.107156 0.00100212 0.888413
5.52 0.48 0.109617 0.000736985 0.886796
5.52 0.6 0.112311 0.000521465 0.88463
5.52 0.72 0.115135 0.000371174 0.882072
5.52 0.84 0.118046 0.000287635 0.879259
5.52 0.96 0.121017 0.000266601 0.876301
5.52 1.08 0.124052 0.000305406 0.873282
5.52 1.2 0.127148 0.000407895 0.870198
5.52 1.32 0.130318 0.000587958 0.866987
5.52 1.44 0.133575 0.000873269 0.863569
5.52 1.56 0.136925 0.00131186 0.859838
5.52 1.68 0.140386 0.00198291 0.855772
5.52 1.8 0.143933 0.00302501 0.851131
5.52 1.92 0.147498 0.00471115 0.845728
5.52 2.04 0.150909 0.00770788 0.839156
5.52 2.16 0.153657 0.0140963 0.829721
5.52 2.28 0.154216 0.031613 0.811403
5.52 2.4 0.147335 0.0898484 0.760026
5.52 2.52 0.118268 0.276143 0.603057
5.52 2.64 0.0608107 0.628193 0.308707
5.52 2.76 0.0239075 0.853604 0.121078
5.52 2.88 0.0139557 0.915305 0.0703072
5.52 3 0.0191945 0.884512 0.0965136
5.52 3.12 0.0467 0.718434 0.234813
5.52 3.24 0.10373 0.371567 0.522824
5.52 3.36 0.143063 0.126216 0.727651
5.52 3.48 0.154511 0.0425796 0.799698
5.52 3.6 0.155315 0.0179369 0.823673
5.52 3.72 0.153003 0.00947676 0.834783
5.52 3.84 0.149747 0.00572559 0.842017
5.52 3.96 0.146228 0.00367781 0.847691
5.52 4.08 0.142653 0.00242456 0.852455
5.52 4.2 0.139143 0.00161734 0.85668
5.52 4.32 0.135718 0.00108739 0.860544
5.52 4.44 0.132244 0.00073998 0.864052
5.52 4.56 0.129294 0.000519335 0.867377
5.52 4.68 0.126357 0.000393655 0.870548
5.52 4.8 0.123468 0.000349273 0.8735
5.52 4.92 0.120634 0.000385686 0.876331
5.52 5.04 0.117853 0.000512696 0.879001
5.52 5.16 0.115139 0.000744331 0.881426
5.52 5.28 0.112542 0.00108946 0.883538
5.52 5.4 0.110146 0.00153604 0.885267
5.52 5.52 0.108077 0.0020362 0.886506
5.52 5.64 0.106515 0.00254042 0.887294
5.52 5.76 0.105685 0.00278142 0.887813
5.52 5.88 0.105593 0.00334014 0.887509
5.64 0 0.103078 0.00161436 0.890038
5.64 0.12 0.103261 0.0015512 0.890026
5.64 0.24 0.10507 0.00130114 0.889533
5.64 0.36 0.107167 0.00102374 0.888543
5.64 0.48 0.109628 0.000752747 0.886954
5.64 0.6 0.11232 0.000532413 0.884766
5.64 0.72 0.115143 0.000378681 0.882146
5.64 0.84 0.118056 0.000293048 0.879298
5.64 0.96 0.121021 0.00027108 0.876326
5.64 1.08 0.124054 0.000309919 0.873304
5.64 1.2 0.127142 0.000413284 0.870227
5.64 1.32 0.130304 0.000595016 0.867029
5.64 1.44 0.133552 0.000882802 0.863622
5.64 1.56 0.136894 0.00132477 0.859909
5.64 1.68 0.140349 0.00200008 0.855875
5.64 1.8 0.14389 0.0030473 0.851226
5.64 1.92 0.14745 0.00473936 0.845804
5.64 2.04 0.150859 0.00774294 0.839226
5.64 2.16 0.153606 0.0141383 0.829782
5.64 2.28 0.154169 0.0316455 0.811472
5.64 2.4 0.147319 0.0897401 0.760207
5.64 2.52 0.118371 0.275387 0.603742
5.64 2.64 0.0610406 0.626735 0.309912
5.64 2.76 0.0240613 0.852613 0.12185
5.64 2.88 0.0140699 0.914555 0.07087
5.64 3 0.0193371 0.883616 0.0972171
5.64 3.12 0.0469242 0.717075 0.23594
5.64 3.24 0.103907 0.37048 0.52379
5.64 3.36 0.143101 0.125906 0.728028
5.64 3.48 0.154495 0.0425476 0.799868
5.64 3.6 0.155284 0.0179605 0.823804
5.64 3.72 0.15297 0.00950642 0.834903
5.64 3.84 0.149718 0.00575279 0.842116
5.64 3.96 0.146209 0.00370089 0.847775
5.64 4.08 0.142629 0.00244322 0.852521
5.64 4.2 0.139119 0.00163192 0.856734
5.64 4.32 0.135699 0.00109854 0.860593
5.64 4.44 0.132216 0.000748498 0.86409
5.64 4.56 0.129276 0.000526083 0.867406
5.64 4.68 0.126348 0.00039943 0.870573
5.64 4.8 0.123463 0.000355181 0.873516
5.64 4.92 0.120632 0.000393086 0.876345
5.64 5.04 0.117855 0.000523406 0.879034
5.64 5.16 0.115144 0.000760637 0.881494
5.64 5.28 0.11255 0.00111409 0.883589
5.64 5.4 0.110157 0.00157181 0.885327
5.64 5.52 0.108091 0.00208539 0.886601
5.64 5.64 0.10653 0.00260495 0.887404
5.64 5.76 0.105704 0.0028538 0.887975
5.64 5.88 0.105631 0.0034317 0.887639
5.76 0 0.103155 0.0016496 0.889985
5.76 0.12 0.103186 0.00159307 0.890007
5.76 0.24 0.105086 0.0013375 0.889532
5.76 0.36 0.107183 0.00105218 0.888862
5.76 0.48 0.109637 0.000773266 0.887287
5.76 0.6 0.112326 0.000546613 0.885064
5.76 0.72 0.115143 0.000388501 0.882198
5.76 0.84 0.11808 0.000300308 0.879318
5.76 0.96 0.121014 0.000277371 0.876344
5.76 1.08 0.124065 0.000316633 0.873317
5.76 1.2 0.127119 0.000421745 0.870244
5.76 1.32 0.13027 0.000606651 0.867059
5.76 1.44 0.133508 0.000899203 0.863659
5.76 1.56 0.136839 0.00134822 0.859945
5.76 1.68 0.140285 0.00203326 0.856093
5.76 1.8 0.143816 0.00309391 0.85136
5.76 1.92 0.147369 0.0048047 0.845849
5.76 2.04 0.150769 0.00783619 0.83925
5.76 2.16 0.153504 0.0142775 0.829755
5.76 2.28 0.154057 0.0318509 0.811385
5.76 2.4 0.147219 0.0899097 0.760136
5.76 2.52 0.118413 0.274835 0.604265
5.76 2.64 0.0613269 0.624883 0.311449
5.76 2.76 0.0242838 0.851203 0.122973
5.76 2.88 0.0142577 0.913368 0.0718014
5.76 3 0.0195652 0.882224 0.0983549
5.76 3.12 0.0472168 0.715341 0.237431
5.76 3.24 0.104035 0.369556 0.524613
5.76 3.36 0.143077 0.125777 0.728254
5.76 3.48 0.154417 0.0426485 0.799909
5.76 3.6 0.155198 0.018081 0.823908
5.76 3.72 0.15289 0.00960071 0.835007
5.76 3.84 0.149642 0.00582317 0.842163
5.76 3.96 0.146204 0.00375312 0.847828
5.76 4.08 0.142575 0.00248147 0.85256
5.76 4.2 0.13907 0.00165958 0.856777
5.76 4.32 0.135667 0.0011184 0.860641
5.76 4.44 0.132152 0.000762784 0.864128
5.76 4.56 0.129251 0.000536633 0.867425
5.76 4.68 0.126331 0.00040799 0.870598
5.76 4.8 0.123448 0.000363417 0.873527
5.76 4.92 0.120621 0.000402883 0.876347
5.76 5.04 0.117851 0.000537172 0.87905
5.76 5.16 0.115143 0.000781256 0.881726
5.76 5.28 0.112553 0.00114499 0.883613
5.76 5.4 0.110164 0.00161645 0.885352
5.76 5.52 0.108102 0.00214636 0.886826
5.76 5.64 0.106538 0.00268991 0.887355
5.76 5.76 0.105704 0.00294291 0.888297
5.76 5.88 0.105717 0.00356379 0.887528
5.88 0 0.103156 0.0020084 0.890039
5.88 0.12 0.103697 0.00192121 0.889867
5.88 0.24 0.105149 0.00160797 0.889419
5.88 0.36 0.107189 0.00125873 0.888487
5.88 0.48 0.109631 0.000923263 0.886938
5.88 0.6 0.11231 0.000651682 0.884774
5.88 0.72 0.11513 0.000462553 0.88217
5.88 0.84 0.118032 0.000357034 0.879323
5.88 0.96 0.120992 0.000329261 0.876366
5.88 1.08 0.124001 0.000375333 0.873342
5.88 1.2 0.127067 0.000499308 0.870238
5.88 1.32 0.130198 0.000717404 0.867004
5.88 1.44 0.133414 0.00106246 0.863566
5.88 1.56 0.136727 0.00159074 0.859848
5.88 1.68 0.140143 0.00239576 0.855694
5.88 1.8 0.14364 0.00363955 0.850913
5.88 1.92 0.147145 0.00564016 0.845266
5.88 2.04 0.150463 0.00916958 0.838209
5.88 2.16 0.153052 0.0166073 0.827929
5.88 2.28 0.153237 0.0365232 0.80761
5.88 2.4 0.145559 0.0997866 0.752012
5.88 2.52 0.116215 0.287931 0.593392
5.88 2.64 0.0621843 0.619445 0.316047
5.88 2.76 0.0263941 0.838352 0.133766
5.88 2.88 0.0161495 0.901904 0.0813929
5.88 3 0.0218699 0.868138 0.110018
5.88 3.12 0.0499047 0.698799 0.251137
5.88 3.24 0.103727 0.371206 0.523326
5.88 3.36 0.141506 0.135082 0.720612
5.88 3.48 0.153467 0.0481365 0.795453
5.88 3.6 0.154681 0.0208851 0.821632
5.88 3.72 0.152543 0.0111929 0.83368
5.88 3.84 0.149391 0.00681887 0.841395
5.88 3.96 0.145932 0.00440671 0.847344
5.88 4.08 0.142419 0.00291949 0.85231
5.88 4.2 0.138955 0.00195567 0.856635
5.88 4.32 0.135575 0.00131965 0.86052
5.88 4.44 0.13232 0.000901177 0.864084
5.88 4.56 0.129223 0.000634827 0.867402
5.88 4.68 0.126282 0.000483283 0.870534
5.88 4.8 0.123413 0.000431054 0.873502
5.88 4.92 0.120593 0.000478633 0.876312
5.88 5.04 0.117824 0.000639004 0.878972
5.88 5.16 0.115124 0.000930814 0.881389
5.88 5.28 0.112534 0.00136596 0.883452
5.88 5.4 0.110141 0.00193085 0.885105
5.88 5.52 0.108077 0.00256752 0.8863
5.88 5.64 0.106515 0.00320351 0.887037
5.88 5.76 0.105661 0.0036168 0.887403
5.88 5.88 0.105304 0.00433732 0.887058
