0 -14.0089 -18.0089 137.388
1 -2.98176 -6.98171 49.5906
2 -1.03898 -5.03893 27.7767
3 -0.0443223 -4.04428 22.3723
4 0.711383 -3.28857 30.7659
5 1.47493 -2.52503 37.8726
6 2.34163 -1.65832 40.9209
7 3.29607 -0.703887 38.3638
8 4.16981 0.169851 32.8285
9 4.74355 0.743593 30.4067
10 4.90882 0.908868 31.5792
11 4.75006 0.750101 33.2008
12 4.43787 0.43792 33.7795
13 4.09944 0.0994846 33.2943
14 3.80563 -0.194322 31.9453
15 3.57443 -0.425525 30.2924
16 3.411 -0.588953 28.587
17 3.29989 -0.700066 26.9426
18 3.24368 -0.756275 25.2746
19 3.2091 -0.79085 24.2055
20 3.19745 -0.802501 23.1424
21 3.19816 -0.801791 22.1183
22 3.20355 -0.796403 21.2693
23 3.21226 -0.787691 20.5159
24 3.21879 -0.78116 19.7881
25 3.22066 -0.779296 19.0892
26 3.22226 -0.777693 18.3305
27 3.22364 -0.776313 17.4972
28 3.22195 -0.778008 17.1112
29 3.21315 -0.786807 16.3803
30 3.21151 -0.788442 15.6344
31 3.20469 -0.795263 15.2098
32 3.19726 -0.802699 14.5461
33 3.19218 -0.80777 13.9481
34 3.18686 -0.813096 13.5135
35 3.1853 -0.814658 12.8048
36 3.18395 -0.816009 12.4853
37 3.17907 -0.820884 12.0248
38 3.17603 -0.823924 11.5938
39 3.17012 -0.829831 11.2407
40 3.16863 -0.831327 10.7613
41 3.16857 -0.831384 10.2654
42 3.17217 -0.827781 10.0743
43 3.16813 -0.831823 9.78089
44 3.16459 -0.835361 9.54419
45 3.16228 -0.837679 9.17916
46 3.1577 -0.842254 9.01767
47 3.15159 -0.848368 8.67157
48 3.14729 -0.852662 8.43215
49 3.14254 -0.857413 8.13975
50 3.1396 -0.860351 7.86953
51 3.13791 -0.862044 7.61482
52 3.1382 -0.86175 7.25761
53 3.13901 -0.860941 7.1312
54 3.13725 -0.862705 6.81405
55 3.13919 -0.860765 6.534
56 3.13695 -0.863004 6.48631
57 3.13268 -0.86727 6.24003
58 3.12628 -0.873679 6.08656
59 3.1241 -0.875852 5.69331
60 3.1211 -0.878856 5.52404
61 3.11917 -0.880784 5.36025
62 3.11752 -0.882433 5.12539
63 3.1156 -0.884359 4.91307
64 3.11763 -0.882324 4.58116
65 3.12045 -0.879506 4.48574
66 3.12122 -0.87874 4.24844
67 3.12386 -0.876095 3.97617
68 3.12557 -0.874383 3.99351
69 3.12519 -0.874766 3.73946
70 3.12619 -0.873765 3.50127
71 3.12778 -0.872177 3.48981
72 3.12925 -0.870705 3.20164
73 3.13154 -0.868416 3.03407
74 3.13077 -0.86918 3.1249
75 3.12702 -0.872937 2.91492
76 3.12493 -0.875024 2.81509
77 3.12236 -0.877591 2.63239
78 3.12414 -0.875815 2.49069
79 3.12626 -0.87369 2.44594
80 3.12581 -0.874149 2.34407
81 3.12446 -0.87549 2.40156
82 3.12002 -0.879936 2.24584
83 3.12177 -0.878182 2.08599
84 3.12514 -0.874813 1.99639
85 3.12555 -0.874403 2.01009
86 3.12587 -0.874084 1.92607
87 3.1253 -0.874659 1.8805
88 3.12692 -0.873034 1.78778
89 3.12514 -0.87481 1.81648
90 3.1249 -0.875055 1.73521
91 3.12096 -0.878999 1.77219
92 3.12266 -0.877295 1.5513
93 3.12219 -0.877768 1.64451
94 3.11911 -0.880846 1.62749
95 3.1182 -0.881757 1.51599
96 3.11985 -0.880102 1.46665
97 3.11978 -0.880172 1.52022
98 3.11867 -0.881282 1.45179
99 3.12298 -0.876974 1.32916
100 3.12563 -0.874324 1.45764
101 3.12081 -0.879148 1.50396
102 3.11794 -0.882011 1.41354
103 3.1173 -0.882659 1.37758
104 3.11466 -0.885297 1.41517
105 3.10999 -0.889963 1.3934
106 3.11149 -0.888463 1.27803
107 3.11597 -0.883984 1.22507
108 3.1183 -0.881651 1.25544
109 3.1197 -0.880252 1.26228
110 3.12107 -0.878884 1.20321
111 3.12237 -0.877583 1.21771
112 3.1212 -0.878751 1.28032
113 3.11617 -0.883784 1.26172
114 3.11272 -0.887234 1.18334
115 3.11408 -0.885872 1.10066
116 3.11982 -0.880139 1.07337
117 3.1281 -0.871855 1.08199
118 3.12242 -0.877534 1.20595
119 3.11545 -0.884509 1.10944
120 3.11249 -0.887465 1.03528
121 3.11388 -0.886079 0.953746
122 3.1163 -0.88366 0.95164
123 3.12558 -0.874377 1.64342
124 3.1426 -0.857356 1.13019
125 3.13101 -0.868945 1.12674
126 3.1212 -0.878755 1.07402
127 3.11452 -0.885436 0.990693
128 3.11224 -0.887713 0.991783
129 3.11335 -0.886606 0.953359
130 3.1133 -0.886658 0.973475
131 3.11226 -0.88769 0.922884
132 3.11334 -0.886612 0.900984
133 3.11527 -0.88468 0.907553
134 3.11546 -0.884498 0.896755
135 3.1163 -0.883658 0.894411
136 3.11582 -0.884133 0.921079
137 3.11663 -0.883328 0.896201
138 3.1188 -0.881154 0.88849
139 3.12208 -0.877874 0.92714
140 3.12257 -0.877387 0.866623
141 3.1451 -0.85485 1.70385
142 3.15121 -0.848743 1.05291
143 3.13384 -0.866111 1.10041
144 3.1248 -0.875155 0.968098
145 3.11458 -0.885379 1.06868
146 3.1038 -0.896154 0.99007
147 3.09989 -0.900067 0.892982
148 3.10055 -0.8994 0.806364
149 3.10607 -0.893888 0.799688
150 3.11389 -0.88606 0.844634
151 3.12406 -0.875898 1.02025
152 3.13614 -0.863816 0.878021
153 3.13938 -0.860579 0.84678
154 3.13278 -0.867173 0.98151
155 3.12156 -0.878398 0.901851
156 3.11438 -0.885573 0.849019
157 3.10841 -0.891549 0.891551
158 3.1048 -0.895155 0.80586
159 3.10739 -0.892562 0.821973
160 3.11117 -0.888787 0.780907
161 3.11282 -0.887132 0.765916
162 3.11544 -0.884511 0.756044
163 3.11904 -0.880915 0.837543
164 3.12165 -0.878304 0.765229
165 3.12192 -0.878036 0.754521
166 3.1225 -0.877452 0.86473
167 3.12703 -0.872921 0.96194
168 3.13012 -0.869836 0.847483
169 3.12531 -0.874641 0.809267
170 3.11789 -0.882064 0.868431
171 3.11172 -0.888239 0.815935
172 3.11034 -0.889618 0.795847
173 3.11674 -0.883214 0.814349
174 3.11847 -0.881481 0.738544
175 3.11676 -0.88319 0.715835
176 3.11723 -0.882721 0.727508
177 3.11932 -0.880637 0.757067
178 3.12642 -0.87353 1.01057
179 3.13279 -0.867162 0.861793
180 3.13109 -0.868863 0.766976
181 3.12428 -0.875676 0.782908
182 3.12005 -0.879902 0.755385
183 3.11591 -0.884047 0.732483
184 3.11304 -0.886915 0.730344
185 3.11025 -0.8897 0.70301
186 3.1126 -0.887357 0.705569
187 3.11452 -0.885437 0.712733
188 3.11821 -0.881749 0.790936
189 3.12452 -0.875438 0.739043
190 3.12104 -0.878915 0.745611
191 3.11751 -0.882449 0.73151
192 3.11773 -0.882226 0.69332
193 3.11748 -0.882472 0.707838
194 3.11773 -0.882223 0.684343
195 3.12173 -0.878227 0.826083
196 3.12269 -0.877262 0.699512
197 3.12175 -0.878203 0.748621
198 3.12323 -0.876721 0.757792
199 3.12222 -0.877734 0.686142
200 3.12123 -0.878727 0.71297
201 3.12 -0.879959 0.737555
202 3.11963 -0.88032 0.705994
203 3.11783 -0.882125 0.705479
204 3.11747 -0.882485 0.689355
205 3.11755 -0.882407 0.65895
206 3.11721 -0.882744 0.683852
207 3.11718 -0.882777 0.677842
208 3.11608 -0.883872 0.675218
209 3.11646 -0.883499 0.666372
210 3.12019 -0.879761 0.89524
211 3.12607 -0.873883 0.680848
212 3.12828 -0.871678 0.713699
213 3.12838 -0.871571 0.727484
214 3.12544 -0.874518 0.723714
215 3.12178 -0.878174 0.694501
216 3.12069 -0.879266 0.680001
217 3.1178 -0.882154 0.725663
218 3.11553 -0.884425 0.669551
219 3.11588 -0.884074 0.65197
220 3.11736 -0.882598 0.738147
221 3.12217 -0.877784 0.643893
222 3.12281 -0.87714 0.649716
223 3.12347 -0.876483 0.748374
224 3.12315 -0.876807 0.657933
225 3.12101 -0.87894 0.660714
226 3.1217 -0.878258 0.670426
227 3.12248 -0.877475 0.646535
228 3.12133 -0.878621 0.658031
229 3.1228 -0.877156 0.652264
230 3.12379 -0.876162 0.634555
231 3.12243 -0.87753 0.709847
232 3.12338 -0.876573 0.722917
233 3.12355 -0.876406 0.677613
234 3.1199 -0.880056 0.665531
235 3.12044 -0.879518 0.804897
236 3.12347 -0.876488 0.689686
237 3.12297 -0.876983 0.668025
238 3.11923 -0.88072 0.702933
239 3.11958 -0.880373 0.716664
240 3.12064 -0.879312 0.671378
241 3.12084 -0.879117 0.678414
242 3.1196 -0.880355 0.706981
243 3.12116 -0.878796 0.81679
244 3.12577 -0.874185 0.663308
245 3.12368 -0.876275 0.733906
246 3.12285 -0.877105 0.726274
247 3.11885 -0.881108 0.666571
248 3.11995 -0.880007 0.684106
249 3.12021 -0.879748 0.644282
250 3.12773 -0.872222 0.855448
251 3.13012 -0.869838 0.680107
252 3.12598 -0.873974 0.702304
253 3.12134 -0.878618 0.698548
254 3.12065 -0.879309 0.819284
255 3.11948 -0.880474 0.701506
256 3.1165 -0.883457 0.671116
257 3.11791 -0.882045 0.768033
258 3.12068 -0.879276 0.699812
259 3.12158 -0.878374 0.673664
260 3.12366 -0.876297 0.666418
261 3.12462 -0.875334 0.654257
262 3.12419 -0.875767 0.665235
263 3.12372 -0.876238 0.670083
264 3.12071 -0.879249 0.635461
265 3.11971 -0.88024 0.667635
266 3.12148 -0.878473 0.662209
267 3.12168 -0.878279 0.633705
268 3.11973 -0.880226 0.626685
269 3.11674 -0.883218 0.638905
270 3.12177 -0.878184 0.695507
271 3.12434 -0.875616 0.615939
272 3.12464 -0.87532 0.642208
273 3.12371 -0.876249 0.617943
274 3.1234 -0.876559 0.613494
275 3.12172 -0.878231 0.594076
276 3.12054 -0.879415 0.610133
277 3.11993 -0.880028 0.59576
278 3.1249 -0.875057 0.665759
279 3.1253 -0.874658 0.60701
280 3.12872 -0.871233 0.708704
281 3.12973 -0.870224 0.636258
282 3.12804 -0.87191 0.605437
283 3.12623 -0.873722 0.641299
284 3.12224 -0.877716 0.675096
285 3.12004 -0.879917 0.632593
286 3.11827 -0.88168 0.644463
287 3.11631 -0.883646 0.61547
288 3.11738 -0.882572 0.652817
289 3.12076 -0.879191 0.598367
290 3.1215 -0.878453 0.61292
291 3.12341 -0.876547 0.652379
292 3.12752 -0.872436 0.679677
293 3.12987 -0.870086 0.683825
294 3.13091 -0.869041 0.633758
295 3.12736 -0.872597 0.631749
296 3.12193 -0.878022 0.642475
297 3.12106 -0.878892 0.589995
298 3.12135 -0.8786 0.598079
299 3.11979 -0.880169 0.670158
300 3.12126 -0.878693 0.599571
301 3.12138 -0.878577 0.586131
302 3.12185 -0.878109 0.594394
303 3.12409 -0.875868 0.648644
304 3.12663 -0.873329 0.629094
305 3.12768 -0.872278 0.613681
306 3.12488 -0.875079 0.613056
307 3.12454 -0.87541 0.602446
308 3.12354 -0.876413 0.610903
309 3.12598 -0.873979 0.640106
310 3.12456 -0.875399 0.599461
311 3.12245 -0.8775 0.587716
312 3.11942 -0.880532 0.602614
313 3.11915 -0.880805 0.583539
314 3.11971 -0.880249 0.571846
315 3.12137 -0.878588 0.593351
316 3.12545 -0.874507 0.614791
317 3.1284 -0.871553 0.628572
318 3.12941 -0.87054 0.626942
319 3.12846 -0.871493 0.587733
320 3.12784 -0.872114 0.618605
321 3.1257 -0.874256 0.595178
322 3.12372 -0.876235 0.579958
323 3.12304 -0.876913 0.588821
324 3.12353 -0.876425 0.602246
325 3.12708 -0.872873 0.637892
326 3.1276 -0.872355 0.574513
327 3.12683 -0.87312 0.567978
328 3.12497 -0.874985 0.57625
329 3.12378 -0.876178 0.585926
330 3.12205 -0.877904 0.642832
331 3.12543 -0.874523 0.55663
332 3.1246 -0.875358 0.569634
333 3.1238 -0.876159 0.652517
334 3.12514 -0.874819 0.564729
335 3.1422 -0.857754 1.62528
336 3.15438 -0.845576 0.779286
337 3.13859 -0.861363 0.796229
338 3.12425 -0.875709 0.764817
339 3.12157 -0.87838 0.794031
340 3.12152 -0.878431 0.718539
341 3.1175 -0.882459 0.669009
342 3.11536 -0.884596 0.657846
343 3.11446 -0.885496 0.602338
344 3.11579 -0.884168 0.591791
345 3.11876 -0.881195 0.583363
346 3.11955 -0.88041 0.552107
347 3.12359 -0.87636 0.60995
348 3.12465 -0.875301 0.536679
349 3.12521 -0.874741 0.555037
350 3.12521 -0.874745 0.553929
351 3.13501 -0.86494 0.90212
352 3.14275 -0.857203 0.725426
353 3.1378 -0.862156 0.660329
354 3.13618 -0.86377 0.645015
355 3.12915 -0.870801 0.660012
356 3.12345 -0.876504 0.61354
357 3.11801 -0.881946 0.612778
358 3.11594 -0.884015 0.574673
359 3.11865 -0.881306 0.572455
360 3.12122 -0.878733 0.554464
361 3.12444 -0.875513 0.783468
362 3.13158 -0.868379 0.634468
363 3.13248 -0.867473 0.590748
364 3.13067 -0.869286 0.59128
365 3.12514 -0.874811 0.611215
366 3.1214 -0.878557 0.575608
367 3.11999 -0.879967 0.554484
368 3.12232 -0.877631 0.593787
369 3.12647 -0.873482 0.590374
370 3.12632 -0.873634 0.589723
371 3.12744 -0.872514 0.58015
372 3.12853 -0.871424 0.580522
373 3.12769 -0.872265 0.564638
374 3.1271 -0.872854 0.531911
375 3.12483 -0.875125 0.548717
376 3.12406 -0.875896 0.54434
377 3.12521 -0.874746 0.601906
378 3.12634 -0.873617 0.552278
379 3.12869 -0.871268 0.557324
380 3.12902 -0.870932 0.547308
381 3.12814 -0.871811 0.548758
382 3.12788 -0.872071 0.53711
383 3.12899 -0.870963 0.551099
384 3.12703 -0.872927 0.560569
385 3.12482 -0.875138 0.535851
386 3.12426 -0.875694 0.530206
387 3.12223 -0.877725 0.535833
388 3.12404 -0.875917 0.57954
389 3.1253 -0.874659 0.531926
390 3.12523 -0.874722 0.535596
391 3.12932 -0.870634 0.590682
392 3.13077 -0.869182 0.536957
393 3.13052 -0.869439 0.550199
394 3.12893 -0.871024 0.503091
395 3.12732 -0.872637 0.534561
396 3.1305 -0.869455 0.874212
397 3.13697 -0.862987 0.535525
398 3.13276 -0.867191 0.517977
399 3.13061 -0.869347 0.642914
400 3.12932 -0.870639 0.576773
401 3.12487 -0.875087 0.567582
402 3.12232 -0.877632 0.530702
403 3.12103 -0.878929 0.547105
404 3.12243 -0.87752 0.549046
405 3.12339 -0.876569 0.514902
406 3.12337 -0.876582 0.518655
407 3.12475 -0.875209 0.531281
408 3.12674 -0.873214 0.50739
409 3.12919 -0.870767 0.530878
410 3.12925 -0.870702 0.546854
411 3.12947 -0.870487 0.539932
412 3.13104 -0.868919 0.564939
413 3.13032 -0.869634 0.506898
414 3.1311 -0.868854 0.640741
415 3.1317 -0.868252 0.512246
416 3.13152 -0.868436 0.620785
417 3.13303 -0.86692 0.519234
418 3.12954 -0.870412 0.577562
419 3.13024 -0.869714 0.537652
420 3.12987 -0.870088 0.556737
421 3.13028 -0.869674 0.57382
422 3.12959 -0.870368 0.562598
423 3.12588 -0.874076 0.509262
424 3.12167 -0.878289 0.541153
425 3.12136 -0.878595 0.591938
426 3.12321 -0.876749 0.505044
427 3.12419 -0.875769 0.547585
428 3.13269 -0.867262 0.704686
429 3.13724 -0.862714 0.541259
430 3.14133 -0.858625 0.554847
431 3.13966 -0.860291 0.575726
432 3.13657 -0.863385 0.575144
433 3.1298 -0.870151 0.572793
434 3.12424 -0.875716 0.579508
435 3.12128 -0.878678 0.508074
436 3.1213 -0.878654 0.494882
437 3.12139 -0.878562 0.513183
438 3.12244 -0.87751 0.588214
439 3.12604 -0.873917 0.505345
440 3.13204 -0.867912 0.665229
441 3.13503 -0.864925 0.483718
442 3.13364 -0.866316 0.482187
443 3.13107 -0.868883 0.494821
444 3.12798 -0.871977 0.497314
445 3.12709 -0.872863 0.511861
446 3.1273 -0.872655 0.474596
447 3.1268 -0.87315 0.47393
448 3.12757 -0.872386 0.526574
449 3.13338 -0.866576 0.561654
450 3.13298 -0.866979 0.509898
451 3.1326 -0.867358 0.516689
452 3.13217 -0.86778 0.532707
453 3.13323 -0.866723 0.492434
454 3.13214 -0.867818 0.565289
455 3.13395 -0.866007 0.488399
456 3.13087 -0.869082 0.506254
457 3.12661 -0.873341 0.519685
458 3.12658 -0.87337 0.572739
459 3.12863 -0.871326 0.628317
460 3.13195 -0.868001 0.504107
461 3.13044 -0.869516 0.576432
462 3.13111 -0.868849 0.541371
463 3.13119 -0.86876 0.559065
464 3.12892 -0.871039 0.509259
465 3.12731 -0.872644 0.464632
466 3.12615 -0.873807 0.543897
467 3.12938 -0.870578 0.494927
468 3.12787 -0.872085 0.485964
469 3.12732 -0.872632 0.486709
470 3.12804 -0.871917 0.506161
471 3.12932 -0.870637 0.472392
472 3.12972 -0.870236 0.502937
473 3.1322 -0.867756 0.511973
474 3.13423 -0.865724 0.487774
475 3.13103 -0.868927 0.527905
476 3.12835 -0.871608 0.492789
477 3.1281 -0.87185 0.459919
478 3.12785 -0.872103 0.518115
479 3.12854 -0.871411 0.461094
480 3.12922 -0.87073 0.532658
481 3.13139 -0.868562 0.480463
482 3.13103 -0.868921 0.486004
483 3.13262 -0.867339 0.458697
484 3.13014 -0.869818 0.477535
485 3.12858 -0.871377 0.61178
486 3.13499 -0.864965 0.5081
487 3.13816 -0.861796 0.507103
488 3.13577 -0.864188 0.495912
489 3.13411 -0.865843 0.503911
490 3.13182 -0.868132 0.555903
491 3.13424 -0.865717 0.565827
492 3.13348 -0.866477 0.568008
493 3.13036 -0.869598 0.533525
494 3.12611 -0.873848 0.469494
495 3.12531 -0.874645 0.466787
496 3.1274 -0.872557 0.472207
497 3.12746 -0.872494 0.448233
498 3.12949 -0.870461 0.561065
499 3.13506 -0.864894 0.549306
500 3.13518 -0.86478 0.471125
501 3.13352 -0.866431 0.474964
502 3.12986 -0.870092 0.482494
503 3.12765 -0.872302 0.536676
504 3.1317 -0.868259 0.468408
505 3.13073 -0.869223 0.485918
506 3.13087 -0.869082 0.493656
507 3.1293 -0.870651 0.466948
508 3.12816 -0.871795 0.525608
509 3.13398 -0.865973 0.511286
510 3.13475 -0.865207 0.50691
511 3.13505 -0.864908 0.534325
512 3.13545 -0.864501 0.47673
513 3.13391 -0.866045 0.484068
514 3.13115 -0.868801 0.461865
515 3.12973 -0.870226 0.487654
516 3.12863 -0.871327 0.452004
517 3.13047 -0.869482 0.574199
518 3.13381 -0.866149 0.68201
519 3.13457 -0.865381 0.513153
520 3.13422 -0.865736 0.469055
521 3.13345 -0.866503 0.455051
522 3.13022 -0.869733 0.489025
523 3.12697 -0.872982 0.466337
524 3.12554 -0.874414 0.449814
525 3.12817 -0.871784 0.463964
526 3.13031 -0.869643 0.446625
527 3.1312 -0.868755 0.463904
528 3.13234 -0.867613 0.465458
529 3.13349 -0.866461 0.506475
530 3.13654 -0.863418 0.497736
531 3.13335 -0.866605 0.457415
532 3.13428 -0.865673 0.499702
533 3.13623 -0.863728 0.452456
534 3.13511 -0.864848 0.436512
535 3.13439 -0.86556 0.472191
536 3.13436 -0.865597 0.488601
537 3.13256 -0.867391 0.445032
538 3.13649 -0.863468 0.493249
539 3.1359 -0.864057 0.441208
540 3.13243 -0.867527 0.445629
541 3.12915 -0.870801 0.435145
542 3.12942 -0.87053 0.436882
543 3.12865 -0.871308 0.419861
544 3.13051 -0.869444 0.447941
545 3.13256 -0.86739 0.428968
546 3.13284 -0.867115 0.448804
547 3.13401 -0.865945 0.446722
548 3.13341 -0.866542 0.440076
549 3.13145 -0.868502 0.452675
550 3.13151 -0.868443 0.419232
551 3.13115 -0.868809 0.431052
552 3.12997 -0.869981 0.429635
553 3.13051 -0.869441 0.400242
554 3.13477 -0.865188 0.473369
555 3.13749 -0.862464 0.513921
556 3.13794 -0.86201 0.449656
557 3.13441 -0.865547 0.437759
558 3.1335 -0.866457 0.433914
559 3.13135 -0.868607 0.428827
560 3.13269 -0.867265 0.455618
561 3.13418 -0.86577 0.426317
562 3.13407 -0.865888 0.411353
563 3.13169 -0.868268 0.441805
564 3.13093 -0.869029 0.456912
565 3.13369 -0.866265 0.403739
566 3.13276 -0.867193 0.404494
567 3.13035 -0.869608 0.407944
568 3.12955 -0.870406 0.3974
569 3.12876 -0.871196 0.436751
570 3.13179 -0.868166 0.428172
571 3.13464 -0.86531 0.417664
572 3.13553 -0.864429 0.426925
573 3.13606 -0.863892 0.549854
574 3.13848 -0.861475 0.474896
575 3.13769 -0.862262 0.432317
576 3.13607 -0.863887 0.427622
577 3.1337 -0.86625 0.43565
578 3.13322 -0.866737 0.436865
579 3.13417 -0.86578 0.416268
580 3.13187 -0.868082 0.406457
581 3.13447 -0.865484 0.447807
582 3.13527 -0.864681 0.46671
583 3.13395 -0.866008 0.461553
584 3.13243 -0.867527 0.42819
585 3.13119 -0.868768 0.435798
586 3.13097 -0.868988 0.428732
587 3.13092 -0.869033 0.415987
588 3.13102 -0.868936 0.410523
589 3.13168 -0.86827 0.434173
590 3.136 -0.863953 0.46629
591 3.13905 -0.860902 0.474879
592 3.13739 -0.862568 0.424123
593 3.1346 -0.865353 0.42614
594 3.13426 -0.865698 0.409902
595 3.13361 -0.866343 0.41052
596 3.1344 -0.86555 0.39684
597 3.13661 -0.863345 0.48485
598 3.13656 -0.86339 0.404873
599 3.13478 -0.865179 0.436114
600 3.13609 -0.86386 0.408384
601 3.13373 -0.866225 0.396224
602 3.13292 -0.867038 0.409827
603 3.1314 -0.868552 0.454674
604 3.13394 -0.866014 0.443613
605 3.13648 -0.86347 0.492726
606 3.13704 -0.862915 0.399685
607 3.13643 -0.86352 0.420023
608 3.13689 -0.863062 0.454675
609 3.13589 -0.864066 0.400481
610 3.13423 -0.865721 0.389527
611 3.1352 -0.864758 0.455666
612 3.13408 -0.865873 0.400713
613 3.13324 -0.866717 0.373141
614 3.13421 -0.865747 0.399821
615 3.1364 -0.863557 0.500088
616 3.13746 -0.862491 0.37536
617 3.13749 -0.86246 0.48376
618 3.13658 -0.863372 0.409837
619 3.13386 -0.866091 0.402412
620 3.13209 -0.867865 0.401694
621 3.13164 -0.868316 0.400777
622 3.13437 -0.865587 0.379299
623 3.13599 -0.863962 0.481637
624 3.13683 -0.863125 0.401171
625 3.13657 -0.863383 0.404493
626 3.13566 -0.864294 0.488129
627 3.13704 -0.862919 0.40601
628 3.13553 -0.864422 0.401016
629 3.13637 -0.863584 0.432038
630 3.13557 -0.864381 0.388568
631 3.13441 -0.865541 0.397244
632 3.1331 -0.86685 0.371685
633 3.13238 -0.867572 0.369299
634 3.13082 -0.869132 0.355085
635 3.13132 -0.868636 0.34542
636 3.13309 -0.866868 0.44974
637 3.13613 -0.863822 0.366219
638 3.13788 -0.862073 0.369103
639 3.13765 -0.862305 0.374335
640 3.13911 -0.860841 0.417169
641 3.13985 -0.860101 0.362252
642 3.13901 -0.860943 0.407503
643 3.13776 -0.862191 0.374735
644 3.13552 -0.864435 0.400295
645 3.13577 -0.86418 0.368486
646 3.13413 -0.865821 0.37687
647 3.13582 -0.864132 0.501156
648 3.1369 -0.863052 0.372169
649 3.13694 -0.863011 0.414242
650 3.13988 -0.860078 0.444676
651 3.14362 -0.856332 0.41613
652 3.14044 -0.859518 0.456221
653 3.13783 -0.86212 0.553292
654 3.1381 -0.861853 0.42095
655 3.13776 -0.862198 0.608453
656 3.13843 -0.861528 0.42654
657 3.13588 -0.864078 0.42567
658 3.13475 -0.865203 0.439363
659 3.13564 -0.864317 0.424177
660 3.13367 -0.866281 0.421384
661 3.14928 -0.850672 1.46795
662 3.16028 -0.839674 0.649834
663 3.14883 -0.85112 0.561595
664 3.13867 -0.861287 0.520265
665 3.1289 -0.871056 0.57309
666 3.12255 -0.877403 0.463435
667 3.12 -0.879951 0.421269
668 3.1207 -0.87925 0.463996
669 3.12535 -0.874603 0.394769
670 3.12971 -0.870241 0.412314
671 3.13388 -0.866074 0.441163
672 3.14072 -0.859237 0.475924
673 3.14585 -0.854102 0.482582
674 3.14691 -0.853042 0.401793
675 3.14392 -0.856035 0.448587
676 3.13976 -0.860195 0.405474
677 3.13681 -0.863143 0.446072
678 3.13706 -0.862895 0.38612
679 3.13438 -0.865576 0.394538
680 3.13373 -0.866225 0.425263
681 3.13691 -0.863046 0.383838
682 3.13799 -0.861961 0.455453
683 3.13614 -0.863815 0.412451
684 3.13775 -0.8622 0.389928
685 3.13605 -0.863902 0.382745
686 3.13373 -0.866227 0.384712
687 3.13764 -0.862319 0.440632
688 3.13939 -0.860569 0.36155
689 3.13828 -0.861679 0.373846
690 3.13806 -0.861891 0.421236
691 3.13907 -0.860881 0.367752
692 3.13795 -0.862005 0.4407
693 3.13912 -0.860837 0.430574
694 3.13788 -0.862071 0.356594
695 3.13646 -0.863491 0.33194
696 3.14014 -0.859818 0.439291
697 3.14208 -0.857873 0.397974
698 3.14071 -0.859246 0.399473
699 3.13846 -0.861499 0.355488
700 3.13725 -0.862703 0.371248
701 3.13595 -0.864006 0.372348
702 3.13449 -0.86546 0.352975
703 3.13185 -0.868108 0.368335
704 3.12998 -0.869976 0.339313
705 3.13039 -0.869567 0.33292
706 3.1349 -0.865051 0.390788
707 3.13972 -0.860238 0.446096
708 3.14383 -0.856123 0.419626
709 3.14357 -0.856388 0.348475
710 3.14373 -0.856227 0.352914
711 3.14468 -0.855279 0.410644
712 3.1416 -0.858352 0.387677
713 3.13656 -0.863391 0.36955
714 3.13361 -0.866345 0.343396
715 3.1317 -0.868257 0.357544
716 3.13245 -0.867501 0.335359
717 3.13566 -0.864297 0.375592
718 3.13784 -0.862117 0.356736
719 3.13965 -0.860307 0.391071
720 3.14066 -0.859291 0.351422
721 3.14079 -0.859164 0.382579
722 3.14308 -0.85687 0.366688
723 3.14246 -0.857491 0.365858
724 3.14194 -0.858013 0.374378
725 3.13903 -0.860923 0.344582
726 3.13655 -0.863409 0.373086
727 3.13509 -0.86486 0.32794
728 3.13632 -0.863633 0.328185
729 3.13547 -0.864481 0.335263
730 3.13597 -0.863989 0.350812
731 3.13798 -0.861976 0.339726
732 3.1388 -0.861151 0.330604
733 3.13743 -0.862524 0.326739
734 3.13734 -0.862613 0.340155
735 3.13881 -0.861149 0.354774
736 3.14084 -0.859116 0.67296
737 3.14962 -0.850337 0.395337
738 3.15108 -0.848875 0.47248
739 3.14936 -0.85059 0.447432
740 3.14441 -0.855546 0.420673
741 3.13816 -0.8618 0.377353
742 3.13396 -0.86599 0.45366
743 3.12956 -0.870392 0.378098
744 3.12952 -0.870439 0.385834
745 3.13134 -0.868618 0.396793
746 3.13653 -0.863427 0.365574
747 3.13922 -0.860736 0.398694
748 3.14133 -0.858625 0.319766
749 3.14157 -0.858387 0.436863
750 3.14316 -0.856791 0.388136
751 3.14424 -0.855713 0.509519
752 3.14578 -0.854175 0.392657
753 3.14203 -0.857921 0.369324
754 3.13818 -0.861777 0.38943
755 3.13552 -0.864438 0.358609
756 3.13561 -0.864341 0.343291
757 3.13544 -0.864519 0.325035
758 3.13833 -0.86162 0.409233
759 3.14084 -0.859111 0.317441
760 3.13987 -0.860089 0.312386
761 3.13861 -0.861343 0.33478
762 3.13939 -0.860566 0.328185
763 3.13773 -0.862227 0.324644
764 3.13809 -0.861862 0.369191
765 3.14094 -0.859017 0.346279
766 3.14092 -0.85903 0.414715
767 3.14438 -0.855574 0.329415
768 3.14451 -0.855448 0.355791
769 3.14286 -0.857092 0.372479
770 3.1477 -0.852256 0.766046
771 3.1554 -0.844554 0.752999
772 3.15572 -0.844238 0.635503
773 3.1432 -0.856753 0.619503
774 3.13475 -0.865206 0.417176
775 3.13456 -0.865399 0.522061
776 3.12955 -0.870403 0.406289
777 3.12839 -0.871562 0.380307
778 3.12906 -0.87089 0.34259
779 3.13396 -0.865998 0.39957
780 3.13725 -0.8627 0.33609
781 3.13924 -0.860711 0.422263
782 3.1422 -0.857753 0.346915
783 3.14215 -0.857809 0.35134
784 3.14102 -0.858938 0.350912
785 3.14137 -0.858582 0.410982
786 3.14348 -0.856476 0.374805
787 3.14474 -0.85521 0.372085
788 3.1438 -0.856158 0.468378
789 3.14795 -0.852008 0.419103
790 3.14572 -0.854235 0.374007
791 3.14418 -0.855772 0.446659
792 3.14062 -0.859331 0.3873
793 3.13854 -0.861418 0.382778
794 3.13765 -0.862308 0.363115
795 3.13594 -0.864012 0.335832
796 3.13676 -0.863199 0.486747
797 3.14006 -0.859892 0.348319
798 3.14399 -0.855965 0.4664
799 3.14547 -0.854486 0.372566
800 3.14391 -0.856046 0.365902
801 3.14289 -0.857065 0.349291
802 3.14908 -0.850874 1.16409
803 3.15584 -0.844118 0.550047
804 3.1452 -0.854754 0.524663
805 3.13982 -0.860138 0.496899
806 3.1403 -0.859655 0.42818
807 3.1384 -0.861559 0.396771
808 3.13773 -0.862226 0.391907
809 3.14106 -0.858892 0.399191
810 3.14205 -0.857902 0.372861
811 3.13853 -0.86142 0.368023
812 3.13706 -0.862892 0.38232
813 3.13867 -0.86128 0.331501
814 3.13798 -0.861973 0.361888
815 3.13798 -0.861976 0.310494
816 3.13849 -0.861466 0.318158
817 3.14067 -0.859289 0.346588
818 3.14252 -0.85743 0.355961
819 3.14107 -0.858882 0.327089
820 3.14003 -0.859924 0.319035
821 3.13932 -0.860633 0.292663
822 3.14924 -0.850719 0.865536
823 3.14996 -0.849999 0.465925
824 3.14351 -0.856441 0.414103
825 3.14168 -0.858271 0.396965
826 3.14103 -0.858926 0.378667
827 3.13818 -0.86177 0.505145
828 3.14096 -0.858994 0.346408
829 3.14165 -0.858305 0.374915
830 3.14089 -0.859065 0.337737
831 3.14248 -0.857476 0.415695
832 3.14445 -0.855501 0.349526
833 3.14488 -0.855076 0.400739
834 3.14599 -0.85396 0.371138
835 3.14559 -0.854366 0.344544
836 3.14485 -0.855104 0.351155
837 3.14115 -0.858803 0.329103
838 3.13688 -0.86307 0.380963
839 3.13782 -0.86213 0.440666
840 3.1398 -0.860151 0.55515
841 3.14224 -0.857719 0.417425
842 3.13942 -0.860532 0.403802
843 3.13903 -0.860921 0.351269
844 3.13911 -0.860849 0.408753
845 3.14069 -0.859263 0.372104
846 3.144 -0.855959 0.427395
847 3.14655 -0.853407 0.325256
848 3.14683 -0.853126 0.41555
849 3.14376 -0.856196 0.351979
850 3.14014 -0.859817 0.32751
851 3.15227 -0.84768 0.929815
852 3.15551 -0.844441 0.388745
853 3.14833 -0.851627 0.397196
854 3.14112 -0.858835 0.426677
855 3.1364 -0.863559 0.377832
856 3.13312 -0.866838 0.352397
857 3.13408 -0.86588 0.367234
858 3.13738 -0.862579 0.313654
859 3.13951 -0.860445 0.380949
860 3.14214 -0.857817 0.297771
861 3.14276 -0.857196 0.326894
862 3.14509 -0.854865 0.340194
863 3.14332 -0.85663 0.339695
864 3.14247 -0.85748 0.305891
865 3.1439 -0.85605 0.323741
866 3.14456 -0.855393 0.335437
867 3.14677 -0.853188 0.302369
868 3.1473 -0.852653 0.314928
869 3.14556 -0.854392 0.341239
870 3.14245 -0.857509 0.362775
871 3.14098 -0.858978 0.335315
872 3.14056 -0.859394 0.331904
873 3.14094 -0.85901 0.300993
874 3.14002 -0.85993 0.317402
875 3.1383 -0.861654 0.324028
876 3.14027 -0.859681 0.289273
877 3.13986 -0.860091 0.302605
878 3.14158 -0.858374 0.413339
879 3.14718 -0.85277 0.384542
880 3.14806 -0.851893 0.346826
881 3.14596 -0.853991 0.335979
882 3.14331 -0.856641 0.346847
883 3.14236 -0.857598 0.340806
884 3.14262 -0.857337 0.370136
885 3.14273 -0.857221 0.334151
886 3.14185 -0.858109 0.255575
887 3.14204 -0.857918 0.298253
888 3.14036 -0.859592 0.288162
889 3.14008 -0.859877 0.300937
890 3.14093 -0.859028 0.287286
891 3.14224 -0.857713 0.404632
892 3.14459 -0.85536 0.272601
893 3.1441 -0.85585 0.289348
894 3.14201 -0.857941 0.295492
895 3.14205 -0.857907 0.366718
896 3.14695 -0.853005 0.388228
897 3.15033 -0.849624 0.347457
898 3.14874 -0.851214 0.308973
899 3.14493 -0.855023 0.330968
900 3.14337 -0.856583 0.318376
901 3.14397 -0.855982 0.296747
902 3.14197 -0.857988 0.296261
903 3.14151 -0.85844 0.317735
904 3.14091 -0.859041 0.308616
905 3.14175 -0.858205 0.29536
906 3.14433 -0.855623 0.597369
907 3.14965 -0.850309 0.365015
908 3.14988 -0.850078 0.343362
909 3.14636 -0.853594 0.325426
910 3.14815 -0.851804 0.397267
911 3.14769 -0.852266 0.38677
912 3.14304 -0.856919 0.343218
913 3.14505 -0.854909 0.282605
914 3.14462 -0.855334 0.344808
915 3.13949 -0.860468 0.365333
916 3.13488 -0.865071 0.329514
917 3.13595 -0.864006 0.310564
918 3.14224 -0.85771 0.884687
919 3.15104 -0.848913 0.36801
920 3.14676 -0.853194 0.449239
921 3.14464 -0.855312 0.464059
922 3.14588 -0.854077 0.38615
923 3.14531 -0.854643 0.371145
924 3.14323 -0.856727 0.36187
925 3.14156 -0.858397 0.295485
926 3.14395 -0.856001 0.368195
927 3.14672 -0.853237 0.290722
928 3.14493 -0.855027 0.293815
929 3.14333 -0.856629 0.350597
930 3.14305 -0.856903 0.30327
931 3.14065 -0.859304 0.295063
932 3.13835 -0.861601 0.278628
933 3.13984 -0.860113 0.293528
934 3.14168 -0.858276 0.277384
935 3.14358 -0.856373 0.40826
936 3.14652 -0.853437 0.27539
937 3.15048 -0.849473 0.373027
938 3.1501 -0.849852 0.281442
939 3.1494 -0.850551 0.397922
940 3.15213 -0.847821 0.355986
941 3.15197 -0.847988 0.302452
942 3.1505 -0.849456 0.376443
943 3.14706 -0.852897 0.335988
944 3.143 -0.856955 0.316817
945 3.14109 -0.858862 0.296656
946 3.13914 -0.860815 0.310858
947 3.13869 -0.861263 0.347493
948 3.14066 -0.859294 0.435999
949 3.14279 -0.857162 0.428807
950 3.1478 -0.85215 0.330389
951 3.14809 -0.851867 0.352475
952 3.15001 -0.849947 0.424923
953 3.14999 -0.849961 0.398976
954 3.14888 -0.851074 0.329592
955 3.14625 -0.853707 0.287106
956 3.1428 -0.85715 0.265005
957 3.14146 -0.858497 0.288937
958 3.14227 -0.857685 0.309256
959 3.14357 -0.856383 0.310201
960 3.14408 -0.855877 0.305174
961 3.1417 -0.858252 0.284349
962 3.14428 -0.855679 0.292976
963 3.14899 -0.85096 0.45897
964 3.15199 -0.847966 0.324506
965 3.14731 -0.852646 0.326318
966 3.1484 -0.851554 0.412435
967 3.14769 -0.852261 0.315125
968 3.1479 -0.852058 0.285088
969 3.14507 -0.854885 0.337516
970 3.14034 -0.859619 0.334528
971 3.13961 -0.860348 0.307543
972 3.13901 -0.860945 0.278518
973 3.14191 -0.858042 0.281646
974 3.14474 -0.85521 0.265844
975 3.14685 -0.853104 0.267249
976 3.1465 -0.85345 0.310166
977 3.14626 -0.853692 0.292623
978 3.14634 -0.853619 0.307772
979 3.14816 -0.851798 0.347743
980 3.14767 -0.852283 0.25853
981 3.14715 -0.8528 0.315951
982 3.14711 -0.852849 0.283616
983 3.1469 -0.853057 0.277004
984 3.14756 -0.852395 0.336453
985 3.14822 -0.851731 0.333507
986 3.14448 -0.855479 0.279063
987 3.14411 -0.855846 0.347837
988 3.14473 -0.855225 0.246714
989 3.14294 -0.857018 0.287014
990 3.14306 -0.856899 0.27476
991 3.14249 -0.857465 0.269117
992 3.14168 -0.858271 0.277339
993 3.14565 -0.8543 0.337913
994 3.15009 -0.849865 0.367254
995 3.1526 -0.84735 0.32795
996 3.14934 -0.850617 0.245812
997 3.14789 -0.852067 0.234117
998 3.14562 -0.85433 0.270071
999 3.14468 -0.855272 0.275974
1000 3.14401 -0.855948 0.255518
1001 3.14165 -0.858302 0.254681
1002 3.14412 -0.85583 0.359019
1003 3.14488 -0.855075 0.276382
1004 3.14529 -0.85467 0.299736
1005 3.14607 -0.853883 0.333653
1006 3.14677 -0.853182 0.255849
1007 3.14653 -0.853428 0.259818
1008 3.14623 -0.853722 0.243983
1009 3.14551 -0.854449 0.251677
1010 3.14636 -0.85359 0.28854
1011 3.14634 -0.853619 0.466188
1012 3.15483 -0.845129 0.392748
1013 3.15359 -0.846368 0.321877
1014 3.14881 -0.851146 0.301085
1015 3.1456 -0.854353 0.32129
1016 3.14281 -0.857144 0.313878
1017 3.14043 -0.859529 0.358887
1018 3.14428 -0.85567 0.262837
1019 3.14363 -0.856323 0.260962
1020 3.14276 -0.857199 0.240261
1021 3.14349 -0.856466 0.246854
1022 3.14505 -0.854909 0.245748
1023 3.14642 -0.853536 0.260414
1024 3.14643 -0.853528 0.243191
1025 3.14854 -0.851411 0.319588
1026 3.14826 -0.851695 0.260644
1027 3.14865 -0.851301 0.258256
1028 3.14562 -0.854335 0.266322
1029 3.14699 -0.852967 0.453522
1030 3.14997 -0.849989 0.33533
1031 3.14854 -0.851411 0.334438
1032 3.14739 -0.852568 0.346334
1033 3.14718 -0.852772 0.326991
1034 3.14893 -0.851021 0.327387
1035 3.14781 -0.852146 0.334068
1036 3.14815 -0.851804 0.283402
1037 3.14578 -0.854179 0.251131
1038 3.14668 -0.853271 0.328079
1039 3.14674 -0.853215 0.309401
1040 3.14524 -0.854711 0.260308
1041 3.14323 -0.856727 0.523583
1042 3.14608 -0.853871 0.274673
1043 3.15606 -0.843891 1.00783
1044 3.15967 -0.840287 0.392411
1045 3.15355 -0.846408 0.465117
1046 3.14667 -0.853281 0.553624
1047 3.14755 -0.852407 0.471909
1048 3.1464 -0.853552 0.407623
1049 3.14431 -0.855643 0.381248
1050 3.14346 -0.856494 0.357486
1051 3.14356 -0.856393 0.352252
1052 3.15229 -0.847663 0.583804
1053 3.15266 -0.847293 0.449479
1054 3.15201 -0.847947 0.482578
1055 3.14523 -0.854724 0.415051
1056 3.14072 -0.859237 0.319669
1057 3.13854 -0.861418 0.264674
1058 3.1418 -0.85815 0.257559
1059 3.14212 -0.857835 0.233303
1060 3.14315 -0.856806 0.266847
1061 3.14936 -0.850595 0.46617
1062 3.15408 -0.845874 0.352105
1063 3.15493 -0.845022 0.465202
1064 3.15528 -0.844677 0.373414
1065 3.15223 -0.847721 0.27694
1066 3.15034 -0.849617 0.24754
1067 3.14954 -0.850411 0.317964
1068 3.1465 -0.85345 0.281187
1069 3.14482 -0.855135 0.246246
1070 3.14517 -0.854784 0.275595
1071 3.14331 -0.85664 0.299175
1072 3.14732 -0.852634 0.377791
1073 3.14642 -0.853532 0.271049
1074 3.14817 -0.851789 0.409181
1075 3.15061 -0.849346 0.283431
1076 3.15848 -0.841475 0.764842
1077 3.15955 -0.840404 0.415341
1078 3.15208 -0.847878 0.377582
1079 3.15165 -0.848309 0.374922
1080 3.14512 -0.854836 0.303062
1081 3.1436 -0.856354 0.292679
1082 3.14271 -0.857242 0.248135
1083 3.1437 -0.856253 0.245716
1084 3.14548 -0.854479 0.559431
1085 3.14996 -0.849994 0.320393
1086 3.15326 -0.846692 0.446359
1087 3.15238 -0.84757 0.33271
1088 3.15431 -0.845649 0.377172
1089 3.15152 -0.848435 0.481997
1090 3.1483 -0.851652 0.471698
1091 3.14636 -0.853596 0.364021
1092 3.14403 -0.855923 0.311928
1093 3.1438 -0.85615 0.279026
1094 3.14329 -0.856666 0.501865
1095 3.14621 -0.853746 0.34877
1096 3.14576 -0.854199 0.26939
1097 3.14406 -0.855894 0.286446
1098 3.14369 -0.856266 0.252385
1099 3.146 -0.85395 0.321229
1100 3.14888 -0.851071 0.238754
1101 3.14958 -0.850373 0.259342
1102 3.14973 -0.850226 0.239787
1103 3.14827 -0.851688 0.258936
1104 3.14543 -0.85452 0.24566
1105 3.14405 -0.855908 0.254758
1106 3.1452 -0.854758 0.246629
1107 3.14566 -0.854299 0.261029
1108 3.14748 -0.85247 0.230188
1109 3.14761 -0.852342 0.232296
1110 3.1485 -0.851456 0.261208
1111 3.15057 -0.849389 0.445537
1112 3.15528 -0.844674 0.291225
1113 3.15155 -0.848407 0.254018
1114 3.14855 -0.851407 0.28006
1115 3.15032 -0.849635 0.266433
1116 3.15052 -0.849436 0.36465
1117 3.15082 -0.849131 0.294514
1118 3.15054 -0.849412 0.253478
1119 3.14635 -0.853605 0.272265
1120 3.14343 -0.856521 0.262776
1121 3.14307 -0.856881 0.26788
1122 3.14707 -0.852886 0.353455
1123 3.15147 -0.848489 0.241712
1124 3.15059 -0.849362 0.254281
1125 3.15229 -0.847667 0.35006
1126 3.15438 -0.845576 0.276956
1127 3.15248 -0.847474 0.299627
1128 3.14986 -0.850099 0.283854
1129 3.14809 -0.851867 0.243717
1130 3.14611 -0.853844 0.220877
1131 3.14861 -0.851344 0.312773
1132 3.14825 -0.851707 0.302478
1133 3.14416 -0.855797 0.278961
1134 3.14452 -0.855436 0.298027
1135 3.14493 -0.855023 0.230548
1136 3.14397 -0.855981 0.227041
1137 3.14572 -0.854231 0.264296
1138 3.14974 -0.850212 0.368631
1139 3.15498 -0.844972 0.341329
1140 3.15617 -0.843781 0.435341
1141 3.15745 -0.842508 0.273343
1142 3.15717 -0.842782 0.353876
1143 3.1537 -0.846257 0.257999
1144 3.16126 -0.838692 0.696161
1145 3.1662 -0.833755 0.460985
1146 3.16023 -0.839727 0.458272
1147 3.14846 -0.851494 0.515391
1148 3.13961 -0.860348 0.438082
1149 3.14216 -0.857798 0.80504
1150 3.14899 -0.850962 0.486122
1151 3.1478 -0.852157 0.453756
1152 3.14475 -0.855209 0.547318
1153 3.14583 -0.854123 0.348295
1154 3.14617 -0.853788 0.303244
1155 3.14526 -0.854692 0.327633
1156 3.14399 -0.855964 0.26494
1157 3.143 -0.856955 0.241931
1158 3.14399 -0.855962 0.262745
1159 3.14907 -0.850886 0.343464
1160 3.15131 -0.848647 0.255997
1161 3.1516 -0.848354 0.236702
1162 3.15087 -0.849082 0.231709
1163 3.15129 -0.848663 0.311587
1164 3.15412 -0.845835 0.357995
1165 3.15568 -0.844275 0.513249
1166 3.15759 -0.842362 0.364199
1167 3.15173 -0.848229 0.360104
1168 3.14761 -0.85234 0.271639
1169 3.14533 -0.854623 0.264317
1170 3.14466 -0.855297 0.278348
1171 3.1468 -0.853156 0.287987
1172 3.14429 -0.855661 0.267184
1173 3.14458 -0.855371 0.328927
1174 3.1505 -0.849452 0.368082
1175 3.15249 -0.847463 0.212213
1176 3.14993 -0.850025 0.223777
1177 3.15233 -0.847624 0.30688
1178 3.15228 -0.847672 0.240197
1179 3.15257 -0.847381 0.211107
1180 3.1531 -0.846851 0.554418
1181 3.1538 -0.84615 0.332968
1182 3.15256 -0.84739 0.416913
1183 3.14804 -0.851919 0.347426
1184 3.14494 -0.855014 0.362928
1185 3.14301 -0.856943 0.301373
1186 3.14394 -0.856015 0.346832
1187 3.14988 -0.850073 0.284607
1188 3.15218 -0.847775 0.283854
1189 3.15351 -0.84645 0.481466
1190 3.15422 -0.84573 0.237699
1191 3.15297 -0.846981 0.322606
1192 3.15317 -0.84678 0.26157
1193 3.15002 -0.849938 0.281335
1194 3.15069 -0.849264 0.28624
1195 3.15261 -0.84734 0.447539
1196 3.1537 -0.846257 0.323608
1197 3.14935 -0.850603 0.254222
1198 3.14555 -0.854409 0.28431
1199 3.1422 -0.857759 0.226462
1200 3.14513 -0.854824 0.227546
1201 3.14627 -0.853685 0.224362
1202 3.14823 -0.851723 0.284545
1203 3.15373 -0.846227 0.270599
1204 3.15463 -0.845323 0.283415
1205 3.1553 -0.844653 0.300503
1206 3.15509 -0.844865 0.246201
1207 3.15186 -0.848096 0.263147
1208 3.14808 -0.851874 0.254191
1209 3.14829 -0.851664 0.214109
1210 3.15165 -0.848304 0.30421
1211 3.1523 -0.84765 0.250983
1212 3.15504 -0.844912 0.341387
1213 3.15526 -0.844696 0.277663
1214 3.15185 -0.848103 0.232634
1215 3.15163 -0.848329 0.326986
1216 3.15099 -0.848965 0.232873
1217 3.14961 -0.850346 0.24827
1218 3.14809 -0.851865 0.219953
1219 3.14826 -0.851696 0.259676
1220 3.1464 -0.853553 0.231938
1221 3.14929 -0.850667 0.260571
1222 3.15139 -0.848568 0.201725
1223 3.15014 -0.849818 0.246066
1224 3.15055 -0.849402 0.23496
1225 3.14765 -0.852303 0.239376
1226 3.14645 -0.853509 0.212119
1227 3.14546 -0.854491 0.222458
1228 3.14677 -0.853188 0.203471
1229 3.1508 -0.849151 0.267165
1230 3.15274 -0.847213 0.247283
1231 3.1546 -0.845357 0.219977
1232 3.15417 -0.845788 0.228655
1233 3.15214 -0.847811 0.242732
1234 3.14944 -0.850517 0.20801
1235 3.14948 -0.850479 0.204494
1236 3.14789 -0.852064 0.210492
1237 3.15161 -0.848347 0.949867
1238 3.16588 -0.83407 0.500068
1239 3.1641 -0.835853 0.494089
1240 3.15832 -0.841634 0.457876
1241 3.15201 -0.847947 0.463924
1242 3.14828 -0.851679 0.419197
1243 3.14521 -0.854745 0.365234
1244 3.14566 -0.85429 0.308551
1245 3.14688 -0.853077 0.392955
1246 3.14648 -0.853473 0.275037
1247 3.1445 -0.855459 0.245725
1248 3.14667 -0.853281 0.262921
1249 3.15017 -0.849784 0.260775
1250 3.15062 -0.849335 0.237718
1251 3.15884 -0.841114 0.680972
1252 3.16149 -0.838462 0.270467
1253 3.1583 -0.841656 0.282595
1254 3.15377 -0.846183 0.386916
1255 3.15359 -0.84636 0.304666
1256 3.1518 -0.848155 0.294212
1257 3.15248 -0.847472 0.249461
1258 3.15082 -0.849135 0.232817
1259 3.14787 -0.852086 0.244863
1260 3.14989 -0.850064 0.224801
1261 3.14994 -0.850012 0.253825
1262 3.15033 -0.849628 0.246273
1263 3.14686 -0.853098 0.236633
1264 3.14435 -0.855602 0.204712
1265 3.14418 -0.855771 0.184543
1266 3.14741 -0.85254 0.496079
1267 3.15687 -0.843081 0.222681
1268 3.15539 -0.844569 0.214152
1269 3.15314 -0.846819 0.189097
1270 3.15346 -0.846491 0.349289
1271 3.1729 -0.827054 1.3438
1272 3.17701 -0.822943 0.593675
1273 3.16096 -0.838992 0.464194
1274 3.14886 -0.851099 0.489751
1275 3.14161 -0.858345 0.436497
1276 3.13889 -0.861065 0.335055
1277 3.13794 -0.862012 0.247697
1278 3.13801 -0.861946 0.248608
1279 3.14148 -0.858472 0.453433
1280 3.14776 -0.852194 0.434635
1281 3.15369 -0.846262 0.300078
1282 3.1556 -0.844355 0.215283
1283 3.1604 -0.839552 0.5809
1284 3.1623 -0.837657 0.455711
1285 3.16309 -0.836866 0.446762
1286 3.15478 -0.845176 0.356368
1287 3.14789 -0.852067 0.351362
1288 3.14482 -0.855132 0.32212
1289 3.14433 -0.855622 0.29428
1290 3.15338 -0.846578 0.566351
1291 3.15566 -0.844299 0.386192
1292 3.16162 -0.838336 0.676831
1293 3.16458 -0.835376 0.342848
1294 3.15616 -0.84379 0.419047
1295 3.15013 -0.849826 0.271474
1296 3.14643 -0.85352 0.305719
1297 3.1424 -0.857558 0.262086
1298 3.14093 -0.859028 0.292322
1299 3.14341 -0.856544 0.240195
1300 3.1449 -0.855055 0.211955
1301 3.14498 -0.854971 0.219979
1302 3.14869 -0.851261 0.225281
1303 3.15186 -0.848093 0.332653
1304 3.16138 -0.838576 1.03932
1305 3.1696 -0.830357 0.400109
1306 3.16508 -0.834877 0.463649
1307 3.161 -0.83895 0.445859
1308 3.15557 -0.844389 0.349325
1309 3.15456 -0.845395 0.380546
1310 3.14878 -0.851171 0.345344
1311 3.14631 -0.853648 0.356418
1312 3.15518 -0.844775 0.78415
1313 3.16133 -0.838628 0.313992
1314 3.15244 -0.847516 0.4598
1315 3.14722 -0.852736 0.335617
1316 3.14315 -0.856805 0.338315
1317 3.14189 -0.858065 0.220803
1318 3.14237 -0.857581 0.215246
1319 3.14395 -0.856005 0.219612
1320 3.14825 -0.851704 0.266608
1321 3.15273 -0.847221 0.257059
1322 3.15552 -0.844435 0.202397
1323 3.15601 -0.843944 0.41673
1324 3.15863 -0.841328 0.233554
1325 3.15783 -0.842128 0.216256
1326 3.15578 -0.844172 0.266713
1327 3.15638 -0.843577 0.284951
1328 3.1533 -0.846654 0.264151
1329 3.15259 -0.847365 0.264482
1330 3.15068 -0.849275 0.244302
1331 3.14834 -0.85161 0.198581
1332 3.14744 -0.852511 0.212005
1333 3.14751 -0.852448 0.209325
1334 3.14608 -0.853877 0.231893
1335 3.1499 -0.850051 0.178702
1336 3.14914 -0.85081 0.192634
1337 3.14937 -0.850589 0.211463
1338 3.15132 -0.848634 0.176086
1339 3.15421 -0.845749 0.284999
1340 3.1527 -0.84725 0.197531
1341 3.15276 -0.847191 0.245775
1342 3.15338 -0.84657 0.181426
1343 3.15145 -0.848504 0.199601
1344 3.14994 -0.850019 0.193435
1345 3.14971 -0.850246 0.198339
1346 3.15124 -0.848713 0.203497
1347 3.15301 -0.846947 0.19095
1348 3.15289 -0.847067 0.187978
1349 3.15367 -0.846286 0.196245
1350 3.15471 -0.845248 0.233909
1351 3.15618 -0.843774 0.240442
1352 3.15467 -0.845285 0.189806
1353 3.15515 -0.844807 0.247908
1354 3.15559 -0.844362 0.23096
1355 3.15331 -0.846642 0.230161
1356 3.15261 -0.847349 0.197931
1357 3.15137 -0.848583 0.193327
1358 3.15012 -0.849836 0.204811
1359 3.14983 -0.850123 0.227949
1360 3.15458 -0.845375 0.331566
1361 3.15776 -0.842191 0.195444
1362 3.15582 -0.844132 0.198948
1363 3.1545 -0.845458 0.204566
1364 3.15195 -0.848006 0.23272
1365 3.15029 -0.849661 0.225342
1366 3.15276 -0.847198 0.252884
1367 3.15291 -0.847046 0.245072
1368 3.1518 -0.848155 0.218205
1369 3.14841 -0.851543 0.211232
1370 3.14716 -0.852798 0.202949
1371 3.14997 -0.849988 0.187902
1372 3.14927 -0.850689 0.1808
1373 3.15168 -0.848279 0.162318
1374 3.1555 -0.844454 0.357317
1375 3.15859 -0.841366 0.197955
1376 3.15876 -0.84119 0.196231
1377 3.15746 -0.842495 0.19012
1378 3.1538 -0.846157 0.214114
1379 3.15638 -0.843578 0.532483
1380 3.16281 -0.837141 0.327906
1381 3.15936 -0.840594 0.32351
1382 3.15349 -0.846467 0.249079
1383 3.15112 -0.84883 0.252578
1384 3.16178 -0.83817 1.14729
1385 3.17073 -0.829221 0.419478
1386 3.15876 -0.841191 0.512372
1387 3.16801 -0.831945 1.54561
1388 3.17312 -0.826839 0.710076
1389 3.15474 -0.845212 0.68928
1390 3.13874 -0.861218 0.576315
1391 3.13267 -0.86729 0.454463
1392 3.13602 -0.863934 0.207894
1393 3.1378 -0.862155 0.206897
1394 3.13989 -0.86006 0.218967
1395 3.14449 -0.855462 0.216651
1396 3.14781 -0.85214 0.175299
1397 3.14965 -0.850307 0.169707
1398 3.16888 -0.83107 1.56302
1399 3.17969 -0.820263 0.615525
1400 3.1715 -0.828456 0.581013
1401 3.16337 -0.836588 0.403632
1402 3.15218 -0.847775 0.488546
1403 3.1493 -0.850654 0.474407
1404 3.14745 -0.852507 0.371572
1405 3.14626 -0.853692 0.350457
1406 3.14898 -0.850973 0.37283
1407 3.14762 -0.852332 0.268618
1408 3.1477 -0.852255 0.294215
1409 3.14954 -0.850413 0.257965
1410 3.15041 -0.849546 0.191596
1411 3.15078 -0.849179 0.207381
1412 3.15052 -0.849439 0.217049
1413 3.1544 -0.845557 0.306005
1414 3.1613 -0.83865 0.346021
1415 3.16146 -0.838491 0.25062
1416 3.15831 -0.841642 0.277831
1417 3.15738 -0.842577 0.200552
1418 3.15643 -0.843527 0.24672
1419 3.15205 -0.847903 0.260299
1420 3.14902 -0.85093 0.361241
1421 3.15342 -0.846532 0.437743
1422 3.15945 -0.840508 0.372387
1423 3.15803 -0.841922 0.271428
1424 3.15699 -0.842968 0.30125
1425 3.15094 -0.849017 0.271112
1426 3.14863 -0.851324 0.283639
1427 3.1451 -0.854859 0.195876
1428 3.1456 -0.854359 0.230114
1429 3.14758 -0.852372 0.231334
1430 3.15029 -0.849661 0.180137
1431 3.15264 -0.847319 0.369283
1432 3.15665 -0.843309 0.176746
1433 3.15708 -0.842873 0.259041
1434 3.16477 -0.83518 0.627083
1435 3.16798 -0.831979 0.547899
1436 3.16893 -0.831023 0.492685
1437 3.16121 -0.838744 0.449969
1438 3.15324 -0.846711 0.327524
1439 3.15018 -0.849774 0.364481
1440 3.14647 -0.853483 0.348334
1441 3.1447 -0.855259 0.260247
1442 3.14629 -0.853669 0.220315
1443 3.14714 -0.852815 0.191424
1444 3.14723 -0.852728 0.245589
1445 3.1494 -0.850551 0.220984
1446 3.15041 -0.849544 0.179955
1447 3.15282 -0.847136 0.240771
1448 3.15756 -0.842395 0.354719
1449 3.16031 -0.839643 0.19972
1450 3.15637 -0.843585 0.204824
1451 3.15553 -0.844423 0.276437
1452 3.15725 -0.842705 0.230483
1453 3.15379 -0.846162 0.209107
1454 3.15543 -0.844521 0.205853
1455 3.1536 -0.84635 0.214268
1456 3.15456 -0.84539 0.188717
1457 3.15233 -0.847625 0.205431
1458 3.14973 -0.850227 0.269458
1459 3.15117 -0.848789 0.162793
1460 3.15255 -0.847401 0.291687
1461 3.15363 -0.846322 0.233974
1462 3.15165 -0.848308 0.222918
1463 3.15412 -0.845833 0.233953
1464 3.15361 -0.846349 0.236044
1465 3.1542 -0.845756 0.199121
1466 3.15334 -0.846615 0.210793
1467 3.15338 -0.846573 0.180536
1468 3.15609 -0.84386 0.189473
1469 3.16286 -0.837091 0.797209
1470 3.16891 -0.83104 0.365639
1471 3.16528 -0.834678 0.376926
1472 3.15652 -0.843438 0.336122
1473 3.14963 -0.850327 0.321794
1474 3.14558 -0.854374 0.308934
1475 3.14405 -0.855908 0.250955
1476 3.144 -0.855952 0.187726
1477 3.14593 -0.854023 0.177564
1478 3.14764 -0.852316 0.177835
1479 3.15024 -0.849713 0.221052
1480 3.15367 -0.84628 0.433078
1481 3.15978 -0.840171 0.2323
1482 3.16088 -0.839071 0.254334
1483 3.1595 -0.840458 0.206289
1484 3.15786 -0.842091 0.2308
1485 3.15505 -0.844904 0.22099
1486 3.15265 -0.847302 0.270589
1487 3.15356 -0.846396 0.181221
1488 3.15223 -0.847726 0.176011
1489 3.15124 -0.848717 0.182038
1490 3.15072 -0.849234 0.16255
1491 3.15125 -0.848701 0.164292
1492 3.15386 -0.846092 0.250662
1493 3.15649 -0.843462 0.195351
1494 3.15609 -0.843863 0.168995
1495 3.15527 -0.844685 0.26026
1496 3.15742 -0.842534 0.153899
1497 3.15526 -0.84469 0.207654
1498 3.15528 -0.844677 0.188089
1499 3.15651 -0.843443 0.24893
1500 3.15826 -0.841693 0.199417
1501 3.15775 -0.842206 0.170923
1502 3.15694 -0.843017 0.31432
1503 3.15473 -0.84522 0.20312
1504 3.15311 -0.846843 0.268933
1505 3.15361 -0.84634 0.249285
1506 3.15709 -0.842866 0.379795
1507 3.15899 -0.840968 0.241092
1508 3.15646 -0.843497 0.251079
1509 3.15735 -0.842608 0.235774
1510 3.15173 -0.84822 0.239312
1511 3.15103 -0.848926 0.346675
1512 3.15343 -0.846526 0.275401
1513 3.15294 -0.847012 0.225521
1514 3.15259 -0.847364 0.180259
1515 3.15536 -0.844592 0.290283
1516 3.15564 -0.844317 0.208004
1517 3.15295 -0.847003 0.169375
1518 3.15306 -0.846894 0.218119
1519 3.15543 -0.844526 0.192596
1520 3.15522 -0.84473 0.206459
1521 3.15271 -0.847246 0.171321
1522 3.15353 -0.846427 0.320267
1523 3.16272 -0.837235 0.596083
1524 3.16594 -0.834015 0.293184
1525 3.15947 -0.840487 0.429489
1526 3.15495 -0.845005 0.231311
1527 3.15123 -0.848723 0.255715
1528 3.14774 -0.852217 0.223497
1529 3.1502 -0.849754 0.250497
1530 3.15291 -0.847044 0.207889
1531 3.15322 -0.846734 0.399748
1532 3.16013 -0.839827 0.291829
1533 3.15879 -0.841167 0.363839
1534 3.15609 -0.843863 0.179269
1535 3.15619 -0.843761 0.218361
1536 3.15655 -0.843402 0.214919
1537 3.15441 -0.845543 0.260724
1538 3.15111 -0.848842 0.192275
1539 3.15191 -0.848045 0.240805
1540 3.15135 -0.848606 0.198826
1541 3.15147 -0.84848 0.182523
1542 3.15188 -0.848079 0.221353
1543 3.15541 -0.844544 0.184877
1544 3.15533 -0.844622 0.182776
1545 3.15472 -0.845234 0.167326
1546 3.15691 -0.843044 0.311008
1547 3.15857 -0.841388 0.211522
1548 3.15696 -0.842997 0.187769
1549 3.15352 -0.846438 0.204347
1550 3.15272 -0.84723 0.170585
1551 3.15352 -0.846439 0.184896
1552 3.15441 -0.845545 0.209085
1553 3.15571 -0.844247 0.236023
1554 3.15729 -0.842668 0.24469
1555 3.15595 -0.844003 0.19335
1556 3.15403 -0.845921 0.200685
1557 3.15375 -0.846201 0.272398
1558 3.15647 -0.84348 0.211163
1559 3.15729 -0.842669 0.170694
1560 3.15586 -0.84409 0.170657
1561 3.15699 -0.842967 0.267704
1562 3.16009 -0.839863 0.282257
1563 3.158 -0.841953 0.208392
1564 3.15735 -0.842604 0.180239
1565 3.15517 -0.84478 0.225346
1566 3.1532 -0.846759 0.195368
1567 3.15315 -0.846806 0.188915
1568 3.15318 -0.846774 0.163534
1569 3.1553 -0.844653 0.219331
1570 3.15675 -0.843204 0.153724
1571 3.15468 -0.845272 0.179888
1572 3.15538 -0.844575 0.180816
1573 3.15734 -0.842616 0.186235
1574 3.15666 -0.843293 0.202033
1575 3.15657 -0.84338 0.268439
1576 3.15342 -0.84653 0.230899
1577 3.15119 -0.848762 0.199817
1578 3.15172 -0.848233 0.333536
1579 3.15325 -0.846705 0.17375
1580 3.15388 -0.846078 0.201091
1581 3.15649 -0.843469 0.237714
1582 3.15669 -0.84326 0.158585
1583 3.15535 -0.8446 0.182166
1584 3.15541 -0.844544 0.203778
1585 3.15655 -0.843401 0.234779
1586 3.15774 -0.842212 0.21992
1587 3.16829 -0.831661 0.786407
1588 3.17266 -0.827291 0.357383
1589 3.16216 -0.837796 0.461038
1590 3.15452 -0.845433 0.468184
1591 3.1591 -0.840852 0.242715
1592 3.15714 -0.842813 0.234539
1593 3.15549 -0.844468 0.366647
1594 3.15012 -0.849835 0.293468
1595 3.14796 -0.851992 0.270438
1596 3.14874 -0.851215 0.248573
1597 3.14894 -0.85101 0.316985
1598 3.15046 -0.849495 0.236361
1599 3.15161 -0.848348 0.221079
1600 3.15808 -0.841874 0.470028
1601 3.1585 -0.841453 0.258363
1602 3.15603 -0.843922 0.319796
1603 3.15968 -0.840274 0.405774
1604 3.16031 -0.839648 0.255643
1605 3.15861 -0.841344 0.181033
1606 3.15574 -0.844216 0.201201
1607 3.15658 -0.843374 0.552452
1608 3.16231 -0.837641 0.274764
1609 3.16004 -0.83991 0.312536
1610 3.15644 -0.843511 0.288127
1611 3.15478 -0.845172 0.348319
1612 3.15327 -0.846684 0.226552
1613 3.15453 -0.845424 0.377334
1614 3.15562 -0.844337 0.288266
1615 3.15254 -0.847418 0.221565
1616 3.15409 -0.845864 0.253215
1617 3.15772 -0.842237 0.311642
1618 3.15718 -0.842773 0.194006
1619 3.15624 -0.843716 0.223058
1620 3.15429 -0.845664 0.195896
1621 3.15245 -0.847505 0.160291
1622 3.15367 -0.846286 0.167876
1623 3.15325 -0.8467 0.19226
1624 3.15292 -0.847033 0.165099
1625 3.15067 -0.849285 0.2032
1626 3.15301 -0.846945 0.215751
1627 3.15418 -0.845774 0.152443
1628 3.15599 -0.843969 0.242236
1629 3.1577 -0.842256 0.161092
1630 3.15639 -0.843569 0.175569
1631 3.15684 -0.843115 0.210583
1632 3.15789 -0.842066 0.158585
1633 3.15596 -0.843994 0.175091
1634 3.15726 -0.842691 0.350935
1635 3.16139 -0.838565 0.222457
1636 3.15883 -0.841128 0.236918
1637 3.15702 -0.842931 0.192244
1638 3.15392 -0.846039 0.168964
1639 3.1541 -0.845856 0.192363
1640 3.154 -0.845957 0.139563
1641 3.15533 -0.844629 0.246704
1642 3.15821 -0.84174 0.176952
1643 3.15827 -0.841689 0.150374
1644 3.15603 -0.843925 0.193891
1645 3.15525 -0.844704 0.263692
1646 3.15451 -0.845442 0.185185
1647 3.15209 -0.847866 0.169183
1648 3.15352 -0.846431 0.16019
1649 3.15636 -0.843597 0.256549
1650 3.16156 -0.838391 0.280726
1651 3.16183 -0.838128 0.180937
1652 3.15858 -0.841373 0.149899
1653 3.15497 -0.844987 0.208153
1654 3.15503 -0.844923 0.348676
1655 3.1607 -0.839259 0.376776
1656 3.16358 -0.836371 0.426671
1657 3.16698 -0.832972 0.35757
1658 3.15987 -0.840087 0.396012
1659 3.15426 -0.845699 0.362636
1660 3.15132 -0.848635 0.264483
1661 3.15213 -0.847829 0.262433
1662 3.15125 -0.84871 0.219111
1663 3.14986 -0.850092 0.166596
1664 3.15314 -0.846816 0.262368
1665 3.15491 -0.845042 0.170723
1666 3.15594 -0.844018 0.368897
1667 3.15993 -0.840025 0.194501
1668 3.15995 -0.84 0.246477
1669 3.1622 -0.837758 0.269006
1670 3.16027 -0.839685 0.237176
1671 3.15649 -0.843469 0.235197
1672 3.15666 -0.843298 0.218288
1673 3.15442 -0.845531 0.212633
1674 3.15475 -0.845207 0.199216
1675 3.15444 -0.845516 0.14131
1676 3.15336 -0.846598 0.170172
1677 3.15302 -0.846931 0.243797
1678 3.15826 -0.841699 0.440201
1679 3.16412 -0.835836 0.399717
1680 3.16206 -0.837898 0.30701
1681 3.15834 -0.841612 0.22069
1682 3.15685 -0.843102 0.298904
1683 3.15254 -0.847411 0.238929
1684 3.15103 -0.848921 0.201144
1685 3.1517 -0.848252 0.257717
1686 3.15366 -0.846299 0.175459
1687 3.15555 -0.844406 0.146865
1688 3.15539 -0.844568 0.183286
1689 3.15779 -0.842162 0.407619
1690 3.16225 -0.837708 0.203117
1691 3.16481 -0.835145 0.263487
1692 3.16418 -0.835777 0.208377
1693 3.16186 -0.83809 0.349196
1694 3.15991 -0.84004 0.395589
1695 3.15949 -0.840464 0.272014
1696 3.15343 -0.846522 0.309416
1697 3.16134 -0.838614 1.19142
1698 3.17056 -0.829392 0.475401
1699 3.15943 -0.84052 0.4777
1700 3.15056 -0.849391 0.43246
1701 3.14724 -0.85271 0.345479
1702 3.1464 -0.853557 0.173195
1703 3.14685 -0.8531 0.19952
1704 3.14706 -0.852897 0.158542
1705 3.15033 -0.849624 0.812586
1706 3.16258 -0.837371 0.530339
1707 3.16999 -0.829966 0.333652
1708 3.16893 -0.831026 0.641599
1709 3.17187 -0.828082 0.399654
1710 3.16467 -0.835289 0.398387
1711 3.15505 -0.844903 0.449693
1712 3.15157 -0.848384 0.437071
1713 3.15268 -0.847272 0.367601
1714 3.15001 -0.849946 0.28238
1715 3.14883 -0.851126 0.24076
1716 3.15249 -0.847466 0.190535
1717 3.15319 -0.846761 0.215632
1718 3.15386 -0.846091 0.200813
1719 3.15272 -0.847236 0.219122
1720 3.15156 -0.848396 0.189413
1721 3.15283 -0.847128 0.183252
1722 3.154 -0.845951 0.171216
1723 3.15644 -0.843514 0.181425
1724 3.15684 -0.843112 0.160015
1725 3.15814 -0.841816 0.202583
1726 3.15949 -0.840469 0.196908
1727 3.16059 -0.839365 0.16996
1728 3.15749 -0.842466 0.193058
1729 3.16078 -0.839173 0.175543
1730 3.16 -0.839959 0.176534
1731 3.15978 -0.840179 0.268739
1732 3.1575 -0.842455 0.19313
1733 3.15487 -0.845083 0.1852
1734 3.15266 -0.847291 0.171099
1735 3.15228 -0.847674 0.276423
1736 3.15492 -0.845038 0.217037
1737 3.15395 -0.846002 0.136378
1738 3.15424 -0.845717 0.236589
1739 3.15573 -0.844228 0.164608
1740 3.15796 -0.841998 0.222419
1741 3.16177 -0.838186 0.22823
1742 3.16092 -0.839039 0.222695
1743 3.16011 -0.83985 0.215423
1744 3.15759 -0.842366 0.142722
1745 3.1576 -0.842355 0.161483
1746 3.15801 -0.841945 0.23678
1747 3.16239 -0.83756 0.190015
1748 3.16053 -0.839423 0.238718
1749 3.15527 -0.844683 0.201457
1750 3.1525 -0.847457 0.24563
1751 3.15283 -0.84712 0.205708
1752 3.15478 -0.845173 0.152111
1753 3.15754 -0.842416 0.180896
1754 3.15597 -0.843989 0.167648
1755 3.15573 -0.844228 0.158068
1756 3.1559 -0.84405 0.167665
1757 3.15663 -0.843323 0.152256
1758 3.15634 -0.843611 0.136542
1759 3.15552 -0.844438 0.148208
1760 3.15594 -0.844013 0.142548
1761 3.1581 -0.841854 0.237265
1762 3.15886 -0.841096 0.195079
1763 3.16029 -0.839666 0.228951
1764 3.16136 -0.838595 0.296737
1765 3.16079 -0.839163 0.147504
1766 3.15763 -0.842328 0.208143
1767 3.15749 -0.842467 0.208328
1768 3.15734 -0.842611 0.151051
1769 3.15483 -0.845123 0.158768
1770 3.15471 -0.845247 0.225277
1771 3.15685 -0.843103 0.180559
1772 3.15752 -0.842436 0.162728
1773 3.15546 -0.844491 0.155242
1774 3.15745 -0.842501 0.236585
1775 3.1591 -0.840854 0.141845
1776 3.15757 -0.84238 0.139372
1777 3.1568 -0.84315 0.160435
1778 3.15694 -0.843016 0.190749
1779 3.15686 -0.843091 0.355851
1780 3.16199 -0.837969 0.225119
1781 3.16044 -0.839515 0.260438
1782 3.15853 -0.84142 0.305431
1783 3.15869 -0.841268 0.231831
1784 3.16292 -0.837034 0.297618
1785 3.16128 -0.838671 0.273113
1786 3.15717 -0.842785 0.214106
1787 3.15454 -0.845412 0.235802
1788 3.15165 -0.848308 0.265883
1789 3.1559 -0.844054 0.28847
1790 3.15458 -0.845376 0.181063
1791 3.15385 -0.846103 0.147199
1792 3.15723 -0.842723 0.339254
1793 3.16025 -0.839705 0.172281
1794 3.1585 -0.841452 0.147026
1795 3.15884 -0.841117 0.227742
1796 3.15772 -0.842239 0.325069
1797 3.15652 -0.843438 0.270131
1798 3.16347 -0.836487 0.268389
1799 3.16364 -0.836315 0.240791
1800 3.15885 -0.841106 0.282427
1801 3.15536 -0.844595 0.305067
1802 3.16078 -0.839177 0.467817
1803 3.1631 -0.836856 0.352965
1804 3.16354 -0.836418 0.340236
1805 3.15822 -0.841739 0.356757
1806 3.1594 -0.840555 0.238911
1807 3.15506 -0.844891 0.202082
1808 3.1527 -0.847254 0.233341
1809 3.15229 -0.847662 0.179474
1810 3.15348 -0.846476 0.22513
1811 3.15759 -0.842364 0.275862
1812 3.15782 -0.842137 0.230295
1813 3.15856 -0.841395 0.209981
1814 3.15799 -0.841965 0.133933
1815 3.15693 -0.84302 0.170807
1816 3.15714 -0.842811 0.213079
1817 3.1573 -0.842655 0.169804
1818 3.15739 -0.842564 0.212563
1819 3.15655 -0.843404 0.16587
1820 3.15425 -0.845705 0.159276
1821 3.15598 -0.843978 0.299727
1822 3.16047 -0.839483 0.213578
1823 3.162 -0.83795 0.208776
1824 3.15956 -0.840395 0.183813
1825 3.15759 -0.84236 0.193372
1826 3.15913 -0.840822 0.243195
1827 3.15826 -0.84169 0.176267
1828 3.15742 -0.842536 0.212779
1829 3.15654 -0.843412 0.183707
1830 3.15618 -0.843777 0.333192
1831 3.15816 -0.84179 0.234318
1832 3.15841 -0.84154 0.161678
1833 3.15725 -0.842708 0.210881
1834 3.15588 -0.84407 0.192799
1835 3.15488 -0.845074 0.262858
1836 3.15648 -0.843478 0.125439
1837 3.15713 -0.842827 0.168539
1838 3.15743 -0.84252 0.194259
1839 3.15973 -0.840223 0.223229
1840 3.16223 -0.837723 0.182422
1841 3.16367 -0.836286 0.189834
1842 3.16152 -0.838434 0.166075
1843 3.1594 -0.840555 0.138572
1844 3.15682 -0.843136 0.175374
1845 3.15373 -0.84622 0.148542
1846 3.15373 -0.84622 0.15148
