0 0 -7.45484 12.1148 -7.45484
0 0.16 -7.86941 11.6401 -7.86941
0 0.32 -4.28221 14.9986 -4.28221
0 0.48 -3.43176 15.3731 -3.43176
0 0.64 -2.87862 15.0095 -2.87862
0 0.8 -2.64911 13.4176 -2.64911
0 0.96 -2.8669 9.47433 -2.8669
0 1.12 -2.3297 3.04773 -2.3297
0 1.28 1.94971 -2.03464 1.94971
0 1.44 8.48947 -3.07477 8.48947
0 1.6 12.9741 -2.79241 12.9741
0 1.76 14.9462 -2.86 14.9462
0 1.92 15.5564 -3.24604 15.5564
0 2.08 15.6103 -3.6867 15.6103
0 2.24 15.5167 -4.00008 15.5167
0 2.4 15.4657 -4.08164 15.4657
0 2.56 15.4942 -3.90525 15.4942
0 2.72 15.4835 -3.53169 15.4835
0 2.88 15.1046 -3.1166 15.1046
0 3.04 13.6511 -2.93083 13.6511
0 3.2 9.87738 -3.22651 9.87738
0 3.36 3.29193 -2.98904 3.29193
0 3.52 -2.26985 1.12858 -2.26985
0 3.68 -3.37916 8.07042 -3.37916
0 3.84 -2.91533 12.9446 -2.91533
0 4 -2.82913 15.0943 -2.82913
0 4.16 -3.07137 15.8016 -3.07137
0 4.32 -3.33684 15.9508 -3.33684
0 4.48 -3.44793 15.9394 -3.44793
0 4.64 -3.3515 15.8672 -3.3515
0 4.8 -3.11718 15.5766 -3.11718
0 4.96 -2.96872 14.535 -2.96872
0 5.12 -3.2705 11.5814 -3.2705
0 5.28 -3.73411 5.44864 -3.73411
0 5.44 -1.20403 -1.47363 -1.20403
0 5.6 5.75997 -3.83603 5.75997
0 5.76 11.7877 -3.29247 11.7877
0 5.92 14.6973 -2.89408 14.6973
0 6.08 15.7433 -2.90633 15.7433
0 6.24 16.0058 -2.99384 16.0058
0 6.4 15.8736 -2.9964 15.8736
0 6.56 15.1868 -2.97757 15.1868
0 6.72 13.1121 -3.24513 13.1121
0 6.88 8.09348 -4.03562 8.09348
0 7.04 0.440612 -3.34982 0.440612
0 7.2 -3.98596 2.6461 -3.98596
0 7.36 -3.71182 10.0242 -3.71182
0 7.52 -2.88961 14.1522 -2.88961
0 7.68 -3.72268 14.6242 -3.72268
0 7.84 -5.6291 13.0844 -5.6291
0.16 0 -12.8101 6.75834 -12.8101
0.16 0.16 -14.2041 5.30287 -14.2041
0.16 0.32 -10.4031 8.87264 -10.4031
0.16 0.48 -9.5214 9.27612 -9.5214
0.16 0.64 -8.94565 8.93178 -8.94565
0.16 0.8 -8.69035 7.35986 -8.69035
0.16 0.96 -8.87728 3.43944 -8.87728
0.16 1.12 -8.30145 -2.95078 -8.30145
0.16 1.28 -3.99373 -7.99308 -3.99373
0.16 1.44 2.5437 -9.02425 2.5437
0.16 1.6 7.01208 -8.7539 7.01208
0.16 1.76 8.96595 -8.83865 8.96595
0.16 1.92 9.55911 -9.24148 9.55911
0.16 2.08 9.59942 -9.69582 9.59942
0.16 2.24 9.49694 -10.018 9.49694
0.16 2.4 9.44322 -10.1024 9.44322
0.16 2.56 9.47564 -9.92205 9.47564
0.16 2.72 9.47507 -9.53831 9.47507
0.16 2.88 9.11138 -9.10826 9.11138
0.16 3.04 7.67642 -8.90507 7.67642
0.16 3.2 3.92129 -9.18692 3.92129
0.16 3.36 -2.65382 -8.9534 -2.65382
0.16 3.52 -8.23317 -4.86827 -8.23317
0.16 3.68 -9.38019 2.04081 -9.38019
0.16 3.84 -8.94479 6.89767 -8.94479
0.16 4 -8.87992 9.03323 -8.87992
0.16 4.16 -9.13898 9.72749 -9.13898
0.16 4.32 -9.41556 9.86712 -9.41556
0.16 4.48 -9.53098 9.85186 -9.53098
0.16 4.64 -9.43158 9.78191 -9.43158
0.16 4.8 -9.18651 9.50021 -9.18651
0.16 4.96 -9.02029 8.47268 -9.02029
0.16 5.12 -9.29806 5.53699 -9.29806
0.16 5.28 -9.73051 -0.569268 -9.73051
0.16 5.44 -7.16627 -7.44873 -7.16627
0.16 5.6 -0.19219 -9.78925 -0.19219
0.16 5.76 5.82831 -9.24956 5.82831
0.16 5.92 8.72661 -8.8624 8.72661
0.16 6.08 9.76241 -8.88525 9.76241
0.16 6.24 10.019 -8.9788 10.019
0.16 6.4 9.88715 -8.98116 9.88715
0.16 6.56 9.20646 -8.95616 9.20646
0.16 6.72 7.14252 -9.21358 7.14252
0.16 6.88 2.13302 -9.99955 2.13302
0.16 7.04 -5.5204 -9.32935 -5.5204
0.16 7.2 -9.97244 -3.36929 -9.97244
0.16 7.36 -9.72866 3.98625 -9.72866
0.16 7.52 -8.92086 8.1083 -8.92086
0.16 7.68 -9.68107 8.65764 -9.68107
0.16 7.84 -12.6821 6.02497 -12.6821
0.32 0 -7.43969 12.1362 -7.43969
0.32 0.16 -7.85325 11.6627 -7.85325
0.32 0.32 -4.22786 15.0608 -4.22786
0.32 0.48 -3.40288 15.4162 -3.40288
0.32 0.64 -2.85302 15.0624 -2.85302
0.32 0.8 -2.61856 13.499 -2.61856
0.32 0.96 -2.83952 9.59248 -2.83952
0.32 1.12 -2.33548 3.17399 -2.33548
0.32 1.28 1.91881 -1.95167 1.91881
0.32 1.44 8.51782 -2.9945 8.51782
0.32 1.6 13.0602 -2.69156 13.0602
0.32 1.76 15.0572 -2.74664 15.0572
0.32 1.92 15.6758 -3.12735 15.6758
0.32 2.08 15.7346 -3.56436 15.7346
0.32 2.24 15.6432 -3.87666 15.6432
0.32 2.4 15.5922 -3.96116 15.5922
0.32 2.56 15.6229 -3.78792 15.6229
0.32 2.72 15.6189 -3.41724 15.6189
0.32 2.88 15.2563 -3.00468 15.2563
0.32 3.04 13.8403 -2.81868 13.8403
0.32 3.2 10.1248 -3.12653 10.1248
0.32 3.36 3.53741 -2.98179 3.53741
0.32 3.52 -2.16112 1.00016 -2.16112
0.32 3.68 -3.35573 7.96167 -3.35573
0.32 3.84 -2.88951 12.9162 -2.88951
0.32 4 -2.7958 15.1067 -2.7958
0.32 4.16 -3.036 15.8292 -3.036
0.32 4.32 -3.30108 15.9844 -3.30108
0.32 4.48 -3.41368 15.9763 -3.41368
0.32 4.64 -3.31951 15.9074 -3.31951
0.32 4.8 -3.08602 15.6264 -3.08602
0.32 4.96 -2.93241 14.6109 -2.93241
0.32 5.12 -3.22527 11.7077 -3.22527
0.32 5.28 -3.71162 5.6172 -3.71162
0.32 5.44 -1.25219 -1.34964 -1.25219
0.32 5.6 5.73575 -3.7589 5.73575
0.32 5.76 11.8506 -3.19409 11.8506
0.32 5.92 14.8044 -2.7791 14.8044
0.32 6.08 15.8652 -2.78661 15.8652
0.32 6.24 16.1338 -2.87458 16.1338
0.32 6.4 16.0107 -2.87818 16.0107
0.32 6.56 15.3417 -2.86044 15.3417
0.32 6.72 13.3136 -3.12307 13.3136
0.32 6.88 8.35207 -3.9358 8.35207
0.32 7.04 0.652107 -3.37879 0.652107
0.32 7.2 -3.92399 2.51302 -3.92399
0.32 7.36 -3.68994 9.95753 -3.68994
0.32 7.52 -2.85516 14.1542 -2.85516
0.32 7.68 -3.68839 14.6474 -3.68839
0.32 7.84 -5.61923 13.0902 -5.61923
0.48 0 -7.48352 12.0978 -7.48352
0.48 0.16 -7.89406 11.6283 -7.89406
0.48 0.32 -4.29056 15.0074 -4.29056
0.48 0.48 -3.46702 15.3672 -3.46702
0.48 0.64 -2.9148 15.0271 -2.9148
0.48 0.8 -2.6746 13.4908 -2.6746
0.48 0.96 -2.89516 9.62252 -2.89516
0.48 1.12 -2.42706 3.20945 -2.42706
0.48 1.28 1.77553 -1.97891 1.77553
0.48 1.44 8.39305 -3.05849 8.39305
0.48 1.6 12.9775 -2.75128 12.9775
0.48 1.76 14.9968 -2.79981 14.9968
0.48 1.92 15.623 -3.17886 15.623
0.48 2.08 15.6833 -3.61711 15.6833
0.48 2.24 15.5911 -3.93225 15.5911
0.48 2.4 15.5392 -4.02035 15.5392
0.48 2.56 15.5709 -3.85013 15.5709
0.48 2.72 15.573 -3.48063 15.573
0.48 2.88 15.2273 -3.06545 15.2273
0.48 3.04 13.8488 -2.87099 13.8488
0.48 3.2 10.1956 -3.17326 10.1956
0.48 3.36 3.63491 -3.07754 3.63491
0.48 3.52 -2.15825 0.805506 -2.15825
0.48 3.68 -3.42616 7.778 -3.42616
0.48 3.84 -2.95697 12.8015 -2.95697
0.48 4 -2.85181 15.0333 -2.85181
0.48 4.16 -3.08818 15.7719 -3.08818
0.48 4.32 -3.354 15.9322 -3.354
0.48 4.48 -3.4694 15.9258 -3.4694
0.48 4.64 -3.37833 15.8593 -3.37833
0.48 4.8 -3.14543 15.5873 -3.14543
0.48 4.96 -2.98725 14.5956 -2.98725
0.48 5.12 -3.27165 11.7406 -3.27165
0.48 5.28 -3.77832 5.69464 -3.77832
0.48 5.44 -1.40632 -1.32764 -1.40632
0.48 5.6 5.55911 -3.82276 5.55911
0.48 5.76 11.7339 -3.26454 11.7339
0.48 5.92 14.7306 -2.83811 14.7306
0.48 6.08 15.8084 -2.84154 15.8084
0.48 6.24 16.084 -2.93002 16.084
0.48 6.4 15.9685 -2.9346 15.9685
0.48 6.56 15.3167 -2.91487 15.3167
0.48 6.72 13.3293 -3.16866 13.3293
0.48 6.88 8.42935 -3.98203 8.42935
0.48 7.04 0.721527 -3.49945 0.721527
0.48 7.2 -3.96614 2.31396 -3.96614
0.48 7.36 -3.76801 9.80668 -3.76801
0.48 7.52 -2.91908 14.0638 -2.91908
0.48 7.68 -3.73777 14.5888 -3.73777
0.48 7.84 -5.64596 13.0588 -5.64596
0.64 0 -7.49154 12.0927 -7.49154
0.64 0.16 -7.89754 11.6284 -7.89754
0.64 0.32 -4.29496 15.0088 -4.29496
0.64 0.48 -3.47165 15.3727 -3.47165
0.64 0.64 -2.91773 15.0424 -2.91773
0.64 0.8 -2.6729 13.5268 -2.6729
0.64 0.96 -2.89185 9.6903 -2.89185
0.64 1.12 -2.45112 3.28697 -2.45112
0.64 1.28 1.70548 -1.94893 1.70548
0.64 1.44 8.33217 -3.06153 8.33217
0.64 1.6 12.9505 -2.75293 12.9505
0.64 1.76 14.9897 -2.79664 14.9897
0.64 1.92 15.6237 -3.1745 15.6237
0.64 2.08 15.686 -3.61409 15.686
0.64 2.24 15.5932 -3.93208 15.5932
0.64 2.4 15.5404 -4.02357 15.5404
0.64 2.56 15.5725 -3.8563 15.5725
0.64 2.72 15.5793 -3.48797 15.5793
0.64 2.88 15.2474 -3.07042 15.2474
0.64 3.04 13.9015 -2.86787 13.9015
0.64 3.2 10.3059 -3.16289 10.3059
0.64 3.36 3.77761 -3.10731 3.77761
0.64 3.52 -2.09523 0.68152 -2.09523
0.64 3.68 -3.43437 7.65553 -3.43437
0.64 3.84 -2.96502 12.7419 -2.96502
0.64 4 -2.84901 15.0148 -2.84901
0.64 4.16 -3.08093 15.7709 -3.08093
0.64 4.32 -3.34697 15.9375 -3.34697
0.64 4.48 -3.46492 15.9329 -3.46492
0.64 4.64 -3.37693 15.8683 -3.37693
0.64 4.8 -3.14534 15.6031 -3.14534
0.64 4.96 -2.98383 14.631 -2.98383
0.64 5.12 -3.26034 11.8189 -3.26034
0.64 5.28 -3.7826 5.8187 -3.7826
0.64 5.44 -1.49249 -1.24685 -1.49249
0.64 5.6 5.44196 -3.8247 5.44196
0.64 5.76 11.669 -3.27743 11.669
0.64 5.92 14.7074 -2.84146 14.7074
0.64 6.08 15.803 -2.84111 15.803
0.64 6.24 16.0859 -2.93006 16.0859
0.64 6.4 15.9768 -2.93568 15.9768
0.64 6.56 15.339 -2.91426 15.339
0.64 6.72 13.3853 -3.16037 13.3853
0.64 6.88 8.54004 -3.97167 8.54004
0.64 7.04 0.834013 -3.54919 0.834013
0.64 7.2 -3.94728 2.191 -3.94728
0.64 7.36 -3.7839 9.72043 -3.7839
0.64 7.52 -2.92343 14.0312 -2.92343
0.64 7.68 -3.73291 14.5813 -3.73291
0.64 7.84 -5.64008 13.0565 -5.64008
0.8 0 -7.4975 12.0872 -7.4975
0.8 0.16 -7.90098 11.6261 -7.90098
0.8 0.32 -4.2982 15.0083 -4.2982
0.8 0.48 -3.47465 15.3758 -3.47465
0.8 0.64 -2.91908 15.0533 -2.91908
0.8 0.8 -2.67028 13.5541 -2.67028
0.8 0.96 -2.88708 9.74398 -2.88708
0.8 1.12 -2.4671 3.35175 -2.4671
0.8 1.28 1.65052 -1.92007 1.65052
0.8 1.44 8.28124 -3.06068 8.28124
0.8 1.6 12.9266 -2.75183 12.9266
0.8 1.76 14.983 -2.79164 14.983
0.8 1.92 15.6241 -3.16852 15.6241
0.8 2.08 15.6884 -3.60938 15.6884
0.8 2.24 15.5952 -3.93003 15.5952
0.8 2.4 15.5412 -4.02479 15.5412
0.8 2.56 15.5734 -3.8604 15.5734
0.8 2.72 15.5837 -3.49333 15.5837
0.8 2.88 15.2635 -3.0738 15.2635
0.8 3.04 13.946 -2.86404 13.946
0.8 3.2 10.4027 -3.15164 10.4027
0.8 3.36 3.90849 -3.12994 3.90849
0.8 3.52 -2.03249 0.571156 -2.03249
0.8 3.68 -3.439 7.54099 -3.439
0.8 3.84 -2.9711 12.684 -2.9711
0.8 4 -2.8452 14.9955 -2.8452
0.8 4.16 -3.07296 15.7684 -3.07296
0.8 4.32 -3.33923 15.9409 -3.33923
0.8 4.48 -3.45963 15.9382 -3.45963
0.8 4.64 -3.37458 15.8751 -3.37458
0.8 4.8 -3.14436 15.6158 -3.14436
0.8 4.96 -2.97988 14.6615 -2.97988
0.8 5.12 -3.24868 11.8892 -3.24868
0.8 5.28 -3.78334 5.93451 -3.78334
0.8 5.44 -1.56961 -1.16608 -1.56961
0.8 5.6 5.33013 -3.82252 5.33013
0.8 5.76 11.604 -3.28782 11.604
0.8 5.92 14.6827 -2.84318 14.6827
0.8 6.08 15.7959 -2.83913 15.7959
0.8 6.24 16.0859 -2.9285 16.0859
0.8 6.4 15.9822 -2.93533 15.9822
0.8 6.56 15.3559 -2.9128 15.3559
0.8 6.72 13.43 -3.15259 13.43
0.8 6.88 8.63179 -3.96118 8.63179
0.8 7.04 0.931742 -3.58789 0.931742
0.8 7.2 -3.92745 2.08701 -3.92745
0.8 7.36 -3.79545 9.6449 -3.79545
0.8 7.52 -2.92537 14.0018 -2.92537
0.8 7.68 -3.727 14.574 -3.727
0.8 7.84 -5.63408 13.0528 -5.63408
0.96 0 -7.50092 12.0828 -7.50092
0.96 0.16 -7.90565 11.621 -7.90565
0.96 0.32 -4.30339 15.0042 -4.30339
0.96 0.48 -3.47949 15.3744 -3.47949
0.96 0.64 -2.92244 15.058 -2.92244
0.96 0.8 -2.67033 13.5714 -2.67033
0.96 0.96 -2.88475 9.78245 -2.88475
0.96 1.12 -2.47982 3.40103 -2.47982
0.96 1.28 1.60675 -1.89715 1.60675
0.96 1.44 8.23905 -3.06027 8.23905
0.96 1.6 12.9055 -2.75174 12.9055
0.96 1.76 14.9759 -2.78865 14.9759
0.96 1.92 15.623 -3.16493 15.623
0.96 2.08 15.689 -3.60711 15.689
0.96 2.24 15.5955 -3.93031 15.5955
0.96 2.4 15.5403 -4.02814 15.5403
0.96 2.56 15.5721 -3.86646 15.5721
0.96 2.72 15.5853 -3.50059 15.5853
0.96 2.88 15.2752 -3.07924 15.2752
0.96 3.04 13.9827 -2.86292 13.9827
0.96 3.2 10.4864 -3.1432 10.4864
0.96 3.36 4.02548 -3.15028 4.02548
0.96 3.52 -1.97451 0.470521 -1.97451
0.96 3.68 -3.44401 7.43282 -3.44401
0.96 3.84 -2.97875 12.6265 -2.97875
0.96 4 -2.84406 14.9736 -2.84406
0.96 4.16 -3.06804 15.7622 -3.06804
0.96 4.32 -3.33458 15.9404 -3.33458
0.96 4.48 -3.45735 15.9392 -3.45735
0.96 4.64 -3.37511 15.8775 -3.37511
0.96 4.8 -3.14622 15.6235 -3.14622
0.96 4.96 -2.97902 14.6852 -2.97902
0.96 5.12 -3.24028 11.9497 -3.24028
0.96 5.28 -3.78478 6.03927 -3.78478
0.96 5.44 -1.64136 -1.09036 -1.64136
0.96 5.6 5.22288 -3.82077 5.22288
0.96 5.76 11.5395 -3.29931 11.5395
0.96 5.92 14.6564 -2.84681 14.6564
0.96 6.08 15.7867 -2.83932 15.7867
0.96 6.24 16.0833 -2.92915 16.0833
0.96 6.4 15.9842 -2.93728 15.9842
0.96 6.56 15.367 -2.91407 15.367
0.96 6.72 13.464 -3.14865 13.464
0.96 6.88 8.70541 -3.95443 8.70541
0.96 7.04 1.01257 -3.62108 1.01257
0.96 7.2 -3.91098 1.99774 -3.91098
0.96 7.36 -3.8064 9.57801 -3.8064
0.96 7.52 -2.92839 13.974 -2.92839
0.96 7.68 -3.72299 14.5653 -3.72299
0.96 7.84 -5.62941 13.0478 -5.62941
1.12 0 -7.5102 12.0716 -7.5102
1.12 0.16 -7.91121 11.614 -7.91121
1.12 0.32 -4.30995 14.9972 -4.30995
1.12 0.48 -3.48568 15.3696 -3.48568
1.12 0.64 -2.92714 15.0579 -2.92714
1.12 0.8 -2.67192 13.5812 -2.67192
1.12 0.96 -2.88342 9.80891 -2.88342
1.12 1.12 -2.48815 3.43762 -2.48815
1.12 1.28 1.57545 -1.8788 1.57545
1.12 1.44 8.20812 -3.05899 8.20812
1.12 1.6 12.8902 -2.75096 12.8902
1.12 1.76 14.9713 -2.78574 14.9713
1.12 1.92 15.623 -3.16165 15.623
1.12 2.08 15.6903 -3.60501 15.6903
1.12 2.24 15.5962 -3.93052 15.5962
1.12 2.4 15.5399 -4.03117 15.5399
1.12 2.56 15.5712 -3.87205 15.5712
1.12 2.72 15.5868 -3.50739 15.5868
1.12 2.88 15.2855 -3.08451 15.2855
1.12 3.04 14.0151 -2.86238 14.0151
1.12 3.2 10.5611 -3.13575 10.5611
1.12 3.36 4.1316 -3.16727 4.1316
1.12 3.52 -1.91977 0.380965 -1.91977
1.12 3.68 -3.44787 7.33344 -3.44787
1.12 3.84 -2.9867 12.5714 -2.9867
1.12 4 -2.84476 14.9506 -2.84476
1.12 4.16 -3.06574 15.7532 -3.06574
1.12 4.32 -3.3328 15.9363 -3.3328
1.12 4.48 -3.45791 15.9364 -3.45791
1.12 4.64 -3.37826 15.876 -3.37826
1.12 4.8 -3.15049 15.6269 -3.15049
1.12 4.96 -2.98046 14.7035 -2.98046
1.12 5.12 -3.23398 12.0024 -3.23398
1.12 5.28 -3.78568 6.13476 -3.78568
1.12 5.44 -1.70604 -1.01884 -1.70604
1.12 5.6 5.12344 -3.81821 5.12344
1.12 5.76 11.4789 -3.31003 11.4789
1.12 5.92 14.6317 -2.8503 14.6317
1.12 6.08 15.7782 -2.8395 15.7782
1.12 6.24 16.0809 -2.92975 16.0809
1.12 6.4 15.9856 -2.93924 15.9856
1.12 6.56 15.3759 -2.91578 15.3759
1.12 6.72 13.4914 -3.14628 13.4914
1.12 6.88 8.76547 -3.94957 8.76547
1.12 7.04 1.07966 -3.6484 1.07966
1.12 7.2 -3.89669 1.92333 -3.89669
1.12 7.36 -3.81584 9.52078 -3.81584
1.12 7.52 -2.93178 13.9487 -2.93178
1.12 7.68 -3.72054 14.5562 -3.72054
1.12 7.84 -5.62619 13.0421 -5.62619
1.28 0 -7.54618 12.0332 -7.54618
1.28 0.16 -7.91538 11.6079 -7.91538
1.28 0.32 -4.31326 14.9924 -4.31326
1.28 0.48 -3.48891 15.3661 -3.48891
1.28 0.64 -2.92966 15.0575 -2.92966
1.28 0.8 -2.67243 13.5875 -2.67243
1.28 0.96 -2.88178 9.82736 -2.88178
1.28 1.12 -2.49289 3.4642 -2.49289
1.28 1.28 1.55451 -1.86418 1.55451
1.28 1.44 8.18724 -3.05635 8.18724
1.28 1.6 12.8807 -2.7486 12.8807
1.28 1.76 14.9698 -2.78176 14.9698
1.28 1.92 15.625 -3.15747 15.625
1.28 2.08 15.6931 -3.60196 15.6931
1.28 2.24 15.5983 -3.92958 15.5983
1.28 2.4 15.5409 -4.03283 15.5409
1.28 2.56 15.5717 -3.87605 15.5717
1.28 2.72 15.5892 -3.51256 15.5892
1.28 2.88 15.2955 -3.08847 15.2955
1.28 3.04 14.0441 -2.86135 14.0441
1.28 3.2 10.6271 -3.12849 10.6271
1.28 3.36 4.22636 -3.18076 4.22636
1.28 3.52 -1.86909 0.303228 -1.86909
1.28 3.68 -3.44957 7.24572 -3.44957
1.28 3.84 -2.99219 12.523 -2.99219
1.28 4 -2.84357 14.9309 -2.84357
1.28 4.16 -3.06166 15.7463 -3.06166
1.28 4.32 -3.32914 15.9339 -3.32914
1.28 4.48 -3.45643 15.9351 -3.45643
1.28 4.64 -3.37921 15.8758 -3.37921
1.28 4.8 -3.15269 15.631 -3.15269
1.28 4.96 -2.98033 14.721 -2.98033
1.28 5.12 -3.22694 12.0514 -3.22694
1.28 5.28 -3.78496 6.22364 -3.78496
1.28 5.44 -1.76395 -0.950674 -1.76395
1.28 5.6 5.03203 -3.81417 5.03203
1.28 5.76 11.4233 -3.31884 11.4233
1.28 5.92 14.6099 -2.85228 14.6099
1.28 6.08 15.7718 -2.83822 15.7718
1.28 6.24 16.0802 -2.9288 16.0802
1.28 6.4 15.988 -2.93968 15.988
1.28 6.56 15.3839 -2.91643 15.3839
1.28 6.72 13.5138 -3.14403 13.5138
1.28 6.88 8.81385 -3.94543 8.81385
1.28 7.04 1.13416 -3.66962 1.13416
1.28 7.2 -3.88386 1.86446 -3.88386
1.28 7.36 -3.82164 9.47586 -3.82164
1.28 7.52 -2.93226 13.9299 -2.93226
1.28 7.68 -3.7166 14.5501 -3.7166
1.28 7.84 -5.62339 13.0371 -5.62339
1.44 0 -7.59665 11.9806 -7.59665
1.44 0.16 -7.91902 11.6024 -7.91902
1.44 0.32 -4.31806 14.9861 -4.31806
1.44 0.48 -3.49355 15.3606 -3.49355
1.44 0.64 -2.93359 15.0542 -2.93359
1.44 0.8 -2.67481 13.5888 -2.67481
1.44 0.96 -2.88234 9.83676 -2.88234
1.44 1.12 -2.49686 3.47989 -2.49686
1.44 1.28 1.54025 -1.85519 1.54025
1.44 1.44 8.17262 -3.05505 8.17262
1.44 1.6 12.8734 -2.74758 12.8734
1.44 1.76 14.9679 -2.77966 14.9679
1.44 1.92 15.6255 -3.15529 15.6255
1.44 2.08 15.694 -3.60078 15.694
1.44 2.24 15.5985 -3.9303 15.5985
1.44 2.4 15.5399 -4.03588 15.5399
1.44 2.56 15.5702 -3.88121 15.5702
1.44 2.72 15.5893 -3.51886 15.5893
1.44 2.88 15.3019 -3.09387 15.3019
1.44 3.04 14.067 -2.86245 14.067
1.44 3.2 10.6824 -3.1239 10.6824
1.44 3.36 4.30786 -3.19346 4.30786
1.44 3.52 -1.82506 0.23425 -1.82506
1.44 3.68 -3.45201 7.1669 -3.45201
1.44 3.84 -2.9984 12.4785 -2.9984
1.44 4 -2.84401 14.912 -2.84401
1.44 4.16 -3.05973 15.7386 -3.05973
1.44 4.32 -3.32777 15.93 -3.32777
1.44 4.48 -3.45718 15.9321 -3.45718
1.44 4.64 -3.38217 15.8737 -3.38217
1.44 4.8 -3.15678 15.6328 -3.15678
1.44 4.96 -2.98222 14.7351 -2.98222
1.44 5.12 -3.22239 12.094 -3.22239
1.44 5.28 -3.78566 6.30323 -3.78566
1.44 5.44 -1.8179 -0.88882 -1.8179
1.44 5.6 4.94626 -3.81136 4.94626
1.44 5.76 11.3699 -3.32842 11.3699
1.44 5.92 14.5879 -2.85552 14.5879
1.44 6.08 15.7641 -2.83828 15.7641
1.44 6.24 16.0779 -2.92909 16.0779
1.44 6.4 15.9882 -2.94133 15.9882
1.44 6.56 15.3883 -2.91864 15.3883
1.44 6.72 13.5294 -3.1443 13.5294
1.44 6.88 8.84966 -3.94427 8.84966
1.44 7.04 1.17512 -3.68813 1.17512
1.44 7.2 -3.87538 1.81639 -3.87538
1.44 7.36 -3.82769 9.43884 -3.82769
1.44 7.52 -2.93398 13.9136 -2.93398
1.44 7.68 -3.7144 14.5442 -3.7144
1.44 7.84 -5.62094 13.0333 -5.62094
1.6 0 -7.63088 11.945 -7.63088
1.6 0.16 -7.92194 11.5983 -7.92194
1.6 0.32 -4.32149 14.9816 -4.32149
1.6 0.48 -3.497 15.3565 -3.497
1.6 0.64 -2.93666 15.0511 -2.93666
1.6 0.8 -2.67696 13.5881 -2.67696
1.6 0.96 -2.88325 9.84061 -2.88325
1.6 1.12 -2.49904 3.488 -2.49904
1.6 1.28 1.53271 -1.84966 1.53271
1.6 1.44 8.1648 -3.05322 8.1648
1.6 1.6 12.8698 -2.74558 12.8698
1.6 1.76 14.9675 -2.77687 14.9675
1.6 1.92 15.6264 -3.15259 15.6264
1.6 2.08 15.6948 -3.59914 15.6948
1.6 2.24 15.5983 -3.93046 15.5983
1.6 2.4 15.5386 -4.03815 15.5386
1.6 2.56 15.5684 -3.8853 15.5684
1.6 2.72 15.589 -3.52386 15.589
1.6 2.88 15.3071 -3.09808 15.3071
1.6 3.04 14.0864 -2.86305 14.0864
1.6 3.2 10.7296 -3.11968 10.7296
1.6 3.36 4.3782 -3.20384 4.3782
1.6 3.52 -1.78621 0.175335 -1.78621
1.6 3.68 -3.45343 7.09903 -3.45343
1.6 3.84 -3.00316 12.4406 -3.00316
1.6 4 -2.84366 14.8967 -2.84366
1.6 4.16 -3.05724 15.7333 -3.05724
1.6 4.32 -3.3258 15.9282 -3.3258
1.6 4.48 -3.45718 15.931 -3.45718
1.6 4.64 -3.38426 15.8735 -3.38426
1.6 4.8 -3.15999 15.6358 -3.15999
1.6 4.96 -2.98357 14.7488 -2.98357
1.6 5.12 -3.21803 12.1334 -3.21803
1.6 5.28 -3.7859 6.37613 -3.7859
1.6 5.44 -1.86652 -0.831477 -1.86652
1.6 5.6 4.86779 -3.80801 4.86779
1.6 5.76 11.3208 -3.33649 11.3208
1.6 5.92 14.5678 -2.85755 14.5678
1.6 6.08 15.7574 -2.83719 15.7574
1.6 6.24 16.0759 -2.92814 16.0759
1.6 6.4 15.9882 -2.94169 15.9882
1.6 6.56 15.3915 -2.9198 15.3915
1.6 6.72 13.5408 -3.14439 13.5408
1.6 6.88 8.87634 -3.94365 8.87634
1.6 7.04 1.20575 -3.70253 1.20575
1.6 7.2 -3.86906 1.77987 -3.86906
1.6 7.36 -3.83204 9.41122 -3.83204
1.6 7.52 -2.93472 13.9021 -2.93472
1.6 7.68 -3.71194 14.5409 -3.71194
1.6 7.84 -5.61863 13.0313 -5.61863
1.76 0 -7.64659 11.9287 -7.64659
1.76 0.16 -7.92431 11.5955 -7.92431
1.76 0.32 -4.32418 14.9788 -4.32418
1.76 0.48 -3.49951 15.3539 -3.49951
1.76 0.64 -2.93862 15.0492 -2.93862
1.76 0.8 -2.67791 13.5874 -2.67791
1.76 0.96 -2.88258 9.84229 -2.88258
1.76 1.12 -2.49714 3.49282 -2.49714
1.76 1.28 1.53375 -1.84413 1.53375
1.76 1.44 8.16551 -3.04875 8.16551
1.76 1.6 12.8718 -2.7413 12.8718
1.76 1.76 14.9704 -2.77258 14.9704
1.76 1.92 15.6294 -3.14879 15.6294
1.76 2.08 15.6971 -3.59648 15.6971
1.76 2.24 15.5994 -3.92947 15.5994
1.76 2.4 15.5385 -4.03904 15.5385
1.76 2.56 15.568 -3.88775 15.568
1.76 2.72 15.59 -3.52701 15.59
1.76 2.88 15.3132 -3.10039 15.3132
1.76 3.04 14.1048 -2.86201 14.1048
1.76 3.2 10.7721 -3.11407 10.7721
1.76 3.36 4.441 -3.20984 4.441
1.76 3.52 -1.74986 0.128227 -1.74986
1.76 3.68 -3.4523 7.04352 -3.4523
1.76 3.84 -3.00573 12.4102 -3.00573
1.76 4 -2.84239 14.8854 -2.84239
1.76 4.16 -3.05453 15.7305 -3.05453
1.76 4.32 -3.32382 15.9283 -3.32382
1.76 4.48 -3.45705 15.9316 -3.45705
1.76 4.64 -3.38605 15.8746 -3.38605
1.76 4.8 -3.16261 15.64 -3.16261
1.76 4.96 -2.9842 14.7629 -2.9842
1.76 5.12 -3.21296 12.1708 -3.21296
1.76 5.28 -3.78408 6.44448 -3.78408
1.76 5.44 -1.90762 -0.776373 -1.90762
1.76 5.6 4.79925 -3.80214 4.79925
1.76 5.76 11.2784 -3.34168 11.2784
1.76 5.92 14.5517 -2.8575 14.5517
1.76 6.08 15.7531 -2.83442 15.7531
1.76 6.24 16.0758 -2.92554 16.0758
1.76 6.4 15.9899 -2.94029 15.9899
1.76 6.56 15.3956 -2.9192 15.3956
1.76 6.72 13.5511 -3.14311 13.5511
1.76 6.88 8.89787 -3.94178 8.89787
1.76 7.04 1.23007 -3.71145 1.23007
1.76 7.2 -3.86289 1.755 -3.86289
1.76 7.36 -3.83404 9.39292 -3.83404
1.76 7.52 -2.9344 13.8955 -2.9344
1.76 7.68 -3.70947 14.54 -3.70947
1.76 7.84 -5.61627 13.0311 -5.61627
1.92 0 -7.65217 11.923 -7.65217
1.92 0.16 -7.92573 11.5942 -7.92573
1.92 0.32 -4.32507 14.9782 -4.32507
1.92 0.48 -3.50013 15.3535 -3.50013
1.92 0.64 -2.93897 15.0486 -2.93897
1.92 0.8 -2.67786 13.5863 -2.67786
1.92 0.96 -2.88165 9.84108 -2.88165
1.92 1.12 -2.49424 3.49283 -2.49424
1.92 1.28 1.53835 -1.84153 1.53835
1.92 1.44 8.16943 -3.04521 8.16943
1.92 1.6 12.8746 -2.73804 12.8746
1.92 1.76 14.9726 -2.7697 14.9726
1.92 1.92 15.6309 -3.14657 15.6309
1.92 2.08 15.6976 -3.59538 15.6976
1.92 2.24 15.5988 -3.9299 15.5988
1.92 2.4 15.5369 -4.04111 15.5369
1.92 2.56 15.566 -3.89114 15.566
1.92 2.72 15.5893 -3.53095 15.5893
1.92 2.88 15.3167 -3.10357 15.3167
1.92 3.04 14.1187 -2.86225 14.1187
1.92 3.2 10.8064 -3.11017 10.8064
1.92 3.36 4.49321 -3.21493 4.49321
1.92 3.52 -1.71873 0.0893652 -1.71873
1.92 3.68 -3.45027 6.99796 -3.45027
1.92 3.84 -3.0065 12.3863 -3.0065
1.92 4 -2.83975 14.8779 -2.83975
1.92 4.16 -3.05063 15.7304 -3.05063
1.92 4.32 -3.3206 15.9307 -3.3206
1.92 4.48 -3.45552 15.9345 -3.45552
1.92 4.64 -3.38629 15.8779 -3.38629
1.92 4.8 -3.16367 15.6458 -3.16367
1.92 4.96 -2.98361 14.7773 -2.98361
1.92 5.12 -3.20749 12.2057 -3.20749
1.92 5.28 -3.78184 6.50665 -3.78184
1.92 5.44 -1.94437 -0.726325 -1.94437
1.92 5.6 4.73679 -3.79703 4.73679
1.92 5.76 11.239 -3.3471 11.239
1.92 5.92 14.5357 -2.85832 14.5357
1.92 6.08 15.7479 -2.83279 15.7479
1.92 6.24 16.0744 -2.92404 16.0744
1.92 6.4 15.9898 -2.93988 15.9898
1.92 6.56 15.3972 -2.91962 15.3972
1.92 6.72 13.5572 -3.14319 13.5572
1.92 6.88 8.91202 -3.94135 8.91202
1.92 7.04 1.24657 -3.71801 1.24657
1.92 7.2 -3.85834 1.73841 -3.85834
1.92 7.36 -3.83434 9.382 -3.83434
1.92 7.52 -2.93265 13.8931 -2.93265
1.92 7.68 -3.70633 14.5415 -3.70633
1.92 7.84 -5.61379 13.0324 -5.61379
2.08 0 -7.65324 11.9218 -7.65324
2.08 0.16 -7.92687 11.5931 -7.92687
2.08 0.32 -4.32649 14.9769 -4.32649
2.08 0.48 -3.50145 15.352 -3.50145
2.08 0.64 -2.94022 15.0464 -2.94022
2.08 0.8 -2.67911 13.5828 -2.67911
2.08 0.96 -2.88247 9.83554 -2.88247
2.08 1.12 -2.49223 3.48729 -2.49223
2.08 1.28 1.54452 -1.84263 1.54452
2.08 1.44 8.17511 -3.04338 8.17511
2.08 1.6 12.8777 -2.73624 12.8777
2.08 1.76 14.9741 -2.76844 14.9741
2.08 1.92 15.6312 -3.14599 15.6312
2.08 2.08 15.6969 -3.5958 15.6969
2.08 2.24 15.5969 -3.93165 15.5969
2.08 2.4 15.534 -4.04426 15.534
2.08 2.56 15.5628 -3.89543 15.5628
2.08 2.72 15.587 -3.53574 15.587
2.08 2.88 15.318 -3.10773 15.318
2.08 3.04 14.1286 -2.86403 14.1286
2.08 3.2 10.8332 -3.10852 10.8332
2.08 3.36 4.53498 -3.22053 4.53498
2.08 3.52 -1.69396 0.0560117 -1.69396
2.08 3.68 -3.44946 6.95906 -3.44946
2.08 3.84 -3.0079 12.3655 -3.0079
2.08 4 -2.8382 14.871 -2.8382
2.08 4.16 -3.04802 15.7297 -3.04802
2.08 4.32 -3.31863 15.932 -3.31863
2.08 4.48 -3.45508 15.9362 -3.45508
2.08 4.64 -3.38749 15.8799 -3.38749
2.08 4.8 -3.16565 15.65 -3.16565
2.08 4.96 -2.98422 14.7889 -2.98422
2.08 5.12 -3.20391 12.2354 -3.20391
2.08 5.28 -3.78115 6.56046 -3.78115
2.08 5.44 -1.97825 -0.683015 -1.97825
2.08 5.6 4.67975 -3.79371 4.67975
2.08 5.76 11.2024 -3.35322 11.2024
2.08 5.92 14.5202 -2.86027 14.5202
2.08 6.08 15.742 -2.83246 15.742
2.08 6.24 16.0717 -2.92379 16.0717
2.08 6.4 15.9882 -2.94061 15.9882
2.08 6.56 15.3969 -2.92121 15.3969
2.08 6.72 13.5597 -3.14483 13.5597
2.08 6.88 8.91984 -3.94284 8.91984
2.08 7.04 1.25584 -3.7241 1.25584
2.08 7.2 -3.85668 1.72635 -3.85668
2.08 7.36 -3.83531 9.37443 -3.83531
2.08 7.52 -2.93194 13.8915 -2.93194
2.08 7.68 -3.70434 14.5427 -3.70434
2.08 7.84 -5.61169 13.034 -5.61169
2.24 0 -7.65291 11.9221 -7.65291
2.24 0.16 -7.92762 11.5921 -7.92762
2.24 0.32 -4.32758 14.9752 -4.32758
2.24 0.48 -3.50267 15.3497 -3.50267
2.24 0.64 -2.94162 15.0431 -2.94162
2.24 0.8 -2.68074 13.5774 -2.68074
2.24 0.96 -2.88365 9.82718 -2.88365
2.24 1.12 -2.48942 3.47876 -2.48942
2.24 1.28 1.55365 -1.84468 1.55365
2.24 1.44 8.18398 -3.04073 8.18398
2.24 1.6 12.8829 -2.73337 12.8829
2.24 1.76 14.9767 -2.76629 14.9767
2.24 1.92 15.6324 -3.14463 15.6324
2.24 2.08 15.6969 -3.59545 15.6969
2.24 2.24 15.5958 -3.9325 15.5958
2.24 2.4 15.532 -4.04633 15.532
2.24 2.56 15.5605 -3.89841 15.5605
2.24 2.72 15.5856 -3.53903 15.5856
2.24 2.88 15.3194 -3.11041 15.3194
2.24 3.04 14.137 -2.86466 14.137
2.24 3.2 10.8554 -3.10633 10.8554
2.24 3.36 4.56962 -3.22431 4.56962
2.24 3.52 -1.67306 0.0291148 -1.67306
2.24 3.68 -3.44854 6.92684 -3.44854
2.24 3.84 -3.00909 12.3478 -3.00909
2.24 4 -2.83703 14.8646 -2.83703
2.24 4.16 -3.04598 15.7285 -3.04598
2.24 4.32 -3.31716 15.9326 -3.31716
2.24 4.48 -3.45496 15.9369 -3.45496
2.24 4.64 -3.38886 15.8808 -3.38886
2.24 4.8 -3.16778 15.6527 -3.16778
2.24 4.96 -2.9852 14.7981 -2.9852
2.24 5.12 -3.20116 12.2604 -3.20116
2.24 5.28 -3.78052 6.60715 -3.78052
2.24 5.44 -2.00748 -0.644574 -2.00748
2.24 5.6 4.63009 -3.78995 4.63009
2.24 5.76 11.1707 -3.35765 11.1707
2.24 5.92 14.5071 -2.86095 14.5071
2.24 6.08 15.7374 -2.83113 15.7374
2.24 6.24 16.0701 -2.92252 16.0701
2.24 6.4 15.9874 -2.94021 15.9874
2.24 6.56 15.3968 -2.92162 15.3968
2.24 6.72 13.5614 -3.14551 13.5614
2.24 6.88 8.92465 -3.94372 8.92465
2.24 7.04 1.26128 -3.72806 1.26128
2.24 7.2 -3.85588 1.71882 -3.85588
2.24 7.36 -3.83594 9.36977 -3.83594
2.24 7.52 -2.93142 13.8906 -2.93142
2.24 7.68 -3.70292 14.5437 -3.70292
2.24 7.84 -5.61018 13.0355 -5.61018
2.4 0 -7.65227 11.9229 -7.65227
2.4 0.16 -7.92752 11.5924 -7.92752
2.4 0.32 -4.32707 14.9759 -4.32707
2.4 0.48 -3.50235 15.3497 -3.50235
2.4 0.64 -2.94165 15.0416 -2.94165
2.4 0.8 -2.68123 13.5732 -2.68123
2.4 0.96 -2.8839 9.81895 -2.8839
2.4 1.12 -2.48528 3.46957 -2.48528
2.4 1.28 1.56526 -1.84678 1.56526
2.4 1.44 8.19555 -3.03728 8.19555
2.4 1.6 12.8902 -2.72963 12.8902
2.4 1.76 14.9811 -2.76333 14.9811
2.4 1.92 15.6351 -3.14243 15.6351
2.4 2.08 15.6986 -3.59407 15.6986
2.4 2.24 15.5965 -3.9321 15.5965
2.4 2.4 15.532 -4.04694 15.532
2.4 2.56 15.5601 -3.89981 15.5601
2.4 2.72 15.5857 -3.54074 15.5857
2.4 2.88 15.3217 -3.11166 15.3217
2.4 3.04 14.1449 -2.86427 14.1449
2.4 3.2 10.8742 -3.10363 10.8742
2.4 3.36 4.59845 -3.22619 4.59845
2.4 3.52 -1.65497 0.00903679 -1.65497
2.4 3.68 -3.44636 6.90262 -3.44636
2.4 3.84 -3.00863 12.3354 -3.00863
2.4 4 -2.83464 14.8616 -2.83464
2.4 4.16 -3.04286 15.7299 -3.04286
2.4 4.32 -3.31453 15.9354 -3.31453
2.4 4.48 -3.45353 15.94 -3.45353
2.4 4.64 -3.38876 15.8839 -3.38876
2.4 4.8 -3.16841 15.6572 -3.16841
2.4 4.96 -2.98494 14.8079 -2.98494
2.4 5.12 -3.19772 12.2838 -3.19772
2.4 5.28 -3.77887 6.64916 -3.77887
2.4 5.44 -2.03167 -0.609716 -2.03167
2.4 5.6 4.58803 -3.78543 4.58803
2.4 5.76 11.1444 -3.36034 11.1444
2.4 5.92 14.4972 -2.86033 14.4972
2.4 6.08 15.735 -2.82873 15.735
2.4 6.24 16.0702 -2.92017 16.0702
2.4 6.4 15.9883 -2.9386 15.9883
2.4 6.56 15.398 -2.92076 15.398
2.4 6.72 13.5634 -3.14508 13.5634
2.4 6.88 8.92801 -3.94362 8.92801
2.4 7.04 1.26462 -3.72944 1.26462
2.4 7.2 -3.85469 1.71645 -3.85469
2.4 7.36 -3.835 9.36959 -3.835
2.4 7.52 -2.92965 13.8926 -2.92965
2.4 7.68 -3.70078 14.5466 -3.70078
2.4 7.84 -5.60869 13.0377 -5.60869
2.56 0 -7.65184 11.9235 -7.65184
2.56 0.16 -7.92709 11.593 -7.92709
2.56 0.32 -4.32654 14.9764 -4.32654
2.56 0.48 -3.5021 15.3494 -3.5021
2.56 0.64 -2.94186 15.0397 -2.94186
2.56 0.8 -2.68213 13.5682 -2.68213
2.56 0.96 -2.88491 9.80937 -2.88491
2.56 1.12 -2.48202 3.45834 -2.48202
2.56 1.28 1.57635 -1.85081 1.57635
2.56 1.44 8.20642 -3.03551 8.20642
2.56 1.6 12.8961 -2.7277 12.8961
2.56 1.76 14.9835 -2.76238 14.9835
2.56 1.92 15.6359 -3.14229 15.6359
2.56 2.08 15.6982 -3.59473 15.6982
2.56 2.24 15.5953 -3.93363 15.5953
2.56 2.4 15.5301 -4.04931 15.5301
2.56 2.56 15.5579 -3.90282 15.5579
2.56 2.72 15.5839 -3.54396 15.5839
2.56 2.88 15.3216 -3.11445 15.3216
2.56 3.04 14.1492 -2.86563 14.1492
2.56 3.2 10.8874 -3.10296 10.8874
2.56 3.36 4.61986 -3.22879 4.61986
2.56 3.52 -1.64147 -0.0074972 -1.64147
2.56 3.68 -3.44502 6.88311 -3.44502
2.56 3.84 -3.00839 12.3254 -3.00839
2.56 4 -2.83271 14.8593 -2.83271
2.56 4.16 -3.0403 15.731 -3.0403
2.56 4.32 -3.3124 15.9377 -3.3124
2.56 4.48 -3.45245 15.9423 -3.45245
2.56 4.64 -3.38886 15.8862 -3.38886
2.56 4.8 -3.1692 15.6607 -3.1692
2.56 4.96 -2.98505 14.816 -2.98505
2.56 5.12 -3.19529 12.3032 -3.19529
2.56 5.28 -3.77816 6.68442 -3.77816
2.56 5.44 -2.05333 -0.580689 -2.05333
2.56 5.6 4.55067 -3.78265 4.55067
2.56 5.76 11.1202 -3.364 11.1202
2.56 5.92 14.487 -2.8613 14.487
2.56 6.08 15.7312 -2.82824 15.7312
2.56 6.24 16.0686 -2.91974 16.0686
2.56 6.4 15.9872 -2.93882 15.9872
2.56 6.56 15.3971 -2.92164 15.3971
2.56 6.72 13.5628 -3.14635 13.5628
2.56 6.88 8.92784 -3.94513 8.92784
2.56 7.04 1.26439 -3.73121 1.26439
2.56 7.2 -3.85505 1.71555 -3.85505
2.56 7.36 -3.83453 9.3705 -3.83453
2.56 7.52 -2.92841 13.8946 -2.92841
2.56 7.68 -3.69915 14.5491 -3.69915
2.56 7.84 -5.60735 13.04 -5.60735
2.72 0 -7.65115 11.9244 -7.65115
2.72 0.16 -7.92666 11.5935 -7.92666
2.72 0.32 -4.32626 14.9764 -4.32626
2.72 0.48 -3.50204 15.3487 -3.50204
2.72 0.64 -2.94213 15.0376 -2.94213
2.72 0.8 -2.68303 13.5631 -2.68303
2.72 0.96 -2.88595 9.79945 -2.88595
2.72 1.12 -2.47858 3.44667 -2.47858
2.72 1.28 1.58816 -1.85489 1.58816
2.72 1.44 8.21816 -3.03336 8.21816
2.72 1.6 12.9027 -2.72528 12.9027
2.72 1.76 14.9867 -2.76084 14.9867
2.72 1.92 15.6373 -3.14139 15.6373
2.72 2.08 15.6987 -3.59437 15.6987
2.72 2.24 15.5951 -3.93388 15.5951
2.72 2.4 15.5293 -4.05023 15.5293
2.72 2.56 15.5568 -3.90429 15.5568
2.72 2.72 15.583 -3.54573 15.583
2.72 2.88 15.3219 -3.11602 15.3219
2.72 3.04 14.1529 -2.86617 14.1529
2.72 3.2 10.8979 -3.10194 10.8979
2.72 3.36 4.63689 -3.23032 4.63689
2.72 3.52 -1.63059 -0.0200024 -1.63059
2.72 3.68 -3.44373 6.86807 -3.44373
2.72 3.84 -3.00805 12.3177 -3.00805
2.72 4 -2.83113 14.8574 -2.83113
2.72 4.16 -3.03836 15.7318 -3.03836
2.72 4.32 -3.31097 15.9392 -3.31097
2.72 4.48 -3.45198 15.9438 -3.45198
2.72 4.64 -3.38938 15.8877 -3.38938
2.72 4.8 -3.17024 15.6632 -3.17024
2.72 4.96 -2.98546 14.8223 -2.98546
2.72 5.12 -3.1935 12.3192 -3.1935
2.72 5.28 -3.77766 6.71381 -3.77766
2.72 5.44 -2.07122 -0.556091 -2.07122
2.72 5.6 4.51981 -3.77971 4.51981
2.72 5.76 11.1006 -3.36629 11.1006
2.72 5.92 14.4792 -2.86119 14.4792
2.72 6.08 15.7289 -2.82679 15.7289
2.72 6.24 16.0682 -2.91826 16.0682
2.72 6.4 15.9872 -2.9379 15.9872
2.72 6.56 15.397 -2.92138 15.397
2.72 6.72 13.5626 -3.14663 13.5626
2.72 6.88 8.92729 -3.94585 8.92729
2.72 7.04 1.26333 -3.73195 1.26333
2.72 7.2 -3.85567 1.71603 -3.85567
2.72 7.36 -3.83418 9.37209 -3.83418
2.72 7.52 -2.92753 13.8965 -2.92753
2.72 7.68 -3.69799 14.5512 -3.69799
2.72 7.84 -5.60629 13.0419 -5.60629
2.88 0 -7.64807 11.9276 -7.64807
2.88 0.16 -7.92598 11.5942 -7.92598
2.88 0.32 -4.32547 14.977 -4.32547
2.88 0.48 -3.50126 15.3488 -3.50126
2.88 0.64 -2.94168 15.0362 -2.94168
2.88 0.8 -2.68332 13.5587 -2.68332
2.88 0.96 -2.88654 9.79014 -2.88654
2.88 1.12 -2.4749 3.43548 -2.4749
2.88 1.28 1.59995 -1.85874 1.59995
2.88 1.44 8.22971 -3.03129 8.22971
2.88 1.6 12.9091 -2.72316 12.9091
2.88 1.76 14.9895 -2.75971 14.9895
2.88 1.92 15.6384 -3.14086 15.6384
2.88 2.08 15.699 -3.59426 15.699
2.88 2.24 15.5948 -3.93423 15.5948
2.88 2.4 15.5285 -4.05109 15.5285
2.88 2.56 15.5557 -3.90564 15.5557
2.88 2.72 15.582 -3.54735 15.582
2.88 2.88 15.3218 -3.11749 15.3218
2.88 3.04 14.1554 -2.86677 14.1554
2.88 3.2 10.9058 -3.10111 10.9058
2.88 3.36 4.65001 -3.23107 4.65001
2.88 3.52 -1.62179 -0.0288886 -1.62179
2.88 3.68 -3.4421 6.85724 -3.4421
2.88 3.84 -3.00706 12.3125 -3.00706
2.88 4 -2.82913 14.8567 -2.82913
2.88 4.16 -3.0361 15.7331 -3.0361
2.88 4.32 -3.30918 15.9411 -3.30918
2.88 4.48 -3.45103 15.9456 -3.45103
2.88 4.64 -3.38928 15.8894 -3.38928
2.88 4.8 -3.17057 15.6658 -3.17057
2.88 4.96 -2.9853 14.8281 -2.9853
2.88 5.12 -3.19161 12.3328 -3.19161
2.88 5.28 -3.77686 6.73836 -3.77686
2.88 5.44 -2.08553 -0.535382 -2.08553
2.88 5.6 4.49464 -3.77688 4.49464
2.88 5.76 11.0844 -3.368 11.0844
2.88 5.92 14.4726 -2.86109 14.4726
2.88 6.08 15.7269 -2.82565 15.7269
2.88 6.24 16.0678 -2.91713 16.0678
2.88 6.4 15.9871 -2.93724 15.9871
2.88 6.56 15.3967 -2.92125 15.3967
2.88 6.72 13.562 -3.1469 13.562
2.88 6.88 8.92626 -3.94631 8.92626
2.88 7.04 1.26193 -3.7319 1.26193
2.88 7.2 -3.856 1.71774 -3.856
2.88 7.36 -3.83335 9.37458 -3.83335
2.88 7.52 -2.92632 13.8989 -2.92632
2.88 7.68 -3.6967 14.5533 -3.6967
2.88 7.84 -5.60509 13.0438 -5.60509
3.04 0 -7.63833 11.9376 -7.63833
3.04 0.16 -7.92573 11.5947 -7.92573
3.04 0.32 -4.32521 14.9773 -4.32521
3.04 0.48 -3.50088 15.3486 -3.50088
3.04 0.64 -2.94151 15.0348 -2.94151
3.04 0.8 -2.68379 13.5545 -2.68379
3.04 0.96 -2.88729 9.78143 -2.88729
3.04 1.12 -2.47179 3.42488 -2.47179
3.04 1.28 1.61049 -1.86276 1.61049
3.04 1.44 8.24002 -3.02994 8.24002
3.04 1.6 12.9145 -2.72184 12.9145
3.04 1.76 14.9916 -2.75934 14.9916
3.04 1.92 15.6391 -3.14107 15.6391
3.04 2.08 15.6988 -3.59484 15.6988
3.04 2.24 15.5941 -3.93518 15.5941
3.04 2.4 15.5274 -4.05245 15.5274
3.04 2.56 15.5544 -3.90738 15.5544
3.04 2.72 15.5807 -3.5493 15.5807
3.04 2.88 15.3212 -3.11933 15.3212
3.04 3.04 14.1566 -2.86789 14.1566
3.04 3.2 10.911 -3.10105 10.911
3.04 3.36 4.65912 -3.23192 4.65912
3.04 3.52 -1.61554 -0.0353238 -1.61554
3.04 3.68 -3.44088 6.84951 -3.44088
3.04 3.84 -3.0063 12.3089 -3.0063
3.04 4 -2.82772 14.8563 -2.82772
3.04 4.16 -3.03466 15.734 -3.03466
3.04 4.32 -3.30827 15.9422 -3.30827
3.04 4.48 -3.45086 15.9465 -3.45086
3.04 4.64 -3.38981 15.8903 -3.38981
3.04 4.8 -3.17137 15.6674 -3.17137
3.04 4.96 -2.9856 14.8324 -2.9856
3.04 5.12 -3.19043 12.3436 -3.19043
3.04 5.28 -3.77652 6.75803 -3.77652
3.04 5.44 -2.09743 -0.518844 -2.09743
3.04 5.6 4.47391 -3.77492 4.47391
3.04 5.76 11.071 -3.36979 11.071
3.04 5.92 14.4671 -2.86145 14.4671
3.04 6.08 15.7251 -2.82519 15.7251
3.04 6.24 16.0672 -2.91666 16.0672
3.04 6.4 15.9868 -2.93717 15.9868
3.04 6.56 15.3961 -2.92166 15.3961
3.04 6.72 13.561 -3.14767 13.561
3.04 6.88 8.92448 -3.94726 8.92448
3.04 7.04 1.2597 -3.73208 1.2597
3.04 7.2 -3.85683 1.71955 -3.85683
3.04 7.36 -3.83294 9.37694 -3.83294
3.04 7.52 -2.92567 13.9008 -2.92567
3.04 7.68 -3.696 14.5548 -3.696
3.04 7.84 -5.60423 13.0453 -5.60423
3.2 0 -7.61367 11.9627 -7.61367
3.2 0.16 -7.92629 11.5944 -7.92629
3.2 0.32 -4.32541 14.977 -4.32541
3.2 0.48 -3.50107 15.3479 -3.50107
3.2 0.64 -2.9418 15.0331 -2.9418
3.2 0.8 -2.68452 13.5505 -2.68452
3.2 0.96 -2.88816 9.77359 -2.88816
3.2 1.12 -2.46927 3.4154 -2.46927
3.2 1.28 1.6195 -1.86659 1.6195
3.2 1.44 8.24883 -3.02911 8.24883
3.2 1.6 12.9191 -2.72104 12.9191
3.2 1.76 14.9933 -2.75938 14.9933
3.2 1.92 15.6393 -3.14158 15.6393
3.2 2.08 15.6985 -3.59563 15.6985
3.2 2.24 15.5933 -3.93622 15.5933
3.2 2.4 15.5263 -4.0538 15.5263
3.2 2.56 15.553 -3.90904 15.553
3.2 2.72 15.5793 -3.55117 15.5793
3.2 2.88 15.3202 -3.12113 15.3202
3.2 3.04 14.1569 -2.86919 14.1569
3.2 3.2 10.914 -3.10145 10.914
3.2 3.36 4.66494 -3.23272 4.66494
3.2 3.52 -1.61136 -0.0396086 -1.61136
3.2 3.68 -3.43999 6.84435 -3.43999
3.2 3.84 -3.00585 12.3062 -3.00585
3.2 4 -2.827 14.8557 -2.827
3.2 4.16 -3.0341 15.7341 -3.0341
3.2 4.32 -3.30827 15.9422 -3.30827
3.2 4.48 -3.45151 15.9464 -3.45151
3.2 4.64 -3.39105 15.89 -3.39105
3.2 4.8 -3.17273 15.6678 -3.17273
3.2 4.96 -2.98645 14.8351 -2.98645
3.2 5.12 -3.18995 12.3515 -3.18995
3.2 5.28 -3.77656 6.77326 -3.77656
3.2 5.44 -2.10711 -0.506001 -2.10711
3.2 5.6 4.45725 -3.77363 4.45725
3.2 5.76 11.0602 -3.37146 11.0602
3.2 5.92 14.4625 -2.86196 14.4625
3.2 6.08 15.7235 -2.82502 15.7235
3.2 6.24 16.0667 -2.91649 16.0667
3.2 6.4 15.9863 -2.93733 15.9863
3.2 6.56 15.3954 -2.92223 15.3954
3.2 6.72 13.5598 -3.1486 13.5598
3.2 6.88 8.92237 -3.94842 8.92237
3.2 7.04 1.25707 -3.73243 1.25707
3.2 7.2 -3.85792 1.72123 -3.85792
3.2 7.36 -3.83292 9.37883 -3.83292
3.2 7.52 -2.92554 13.902 -2.92554
3.2 7.68 -3.69583 14.5557 -3.69583
3.2 7.84 -5.60403 13.0461 -5.60403
3.36 0 -7.56827 12.0088 -7.56827
3.36 0.16 -7.92695 11.5941 -7.92695
3.36 0.32 -4.32502 14.9775 -4.32502
3.36 0.48 -3.50066 15.348 -3.50066
3.36 0.64 -2.94174 15.0321 -2.94174
3.36 0.8 -2.6851 13.5473 -2.6851
3.36 0.96 -2.88897 9.76698 -2.88897
3.36 1.12 -2.46708 3.40749 -2.46708
3.36 1.28 1.62753 -1.86939 1.62753
3.36 1.44 8.25713 -3.02761 8.25713
3.36 1.6 12.924 -2.7193 12.924
3.36 1.76 14.9958 -2.75825 14.9958
3.36 1.92 15.6407 -3.14088 15.6407
3.36 2.08 15.6991 -3.59524 15.6991
3.36 2.24 15.5935 -3.93612 15.5935
3.36 2.4 15.5262 -4.05395 15.5262
3.36 2.56 15.5528 -3.90935 15.5528
3.36 2.72 15.5792 -3.55151 15.5792
3.36 2.88 15.3204 -3.12136 15.3204
3.36 3.04 14.158 -2.86906 14.158
3.36 3.2 10.9167 -3.10085 10.9167
3.36 3.36 4.66915 -3.2325 4.66915
3.36 3.52 -1.60831 -0.0416839 -1.60831
3.36 3.68 -3.43908 6.84155 -3.43908
3.36 3.84 -3.00518 12.305 -3.00518
3.36 4 -2.82602 14.8558 -2.82602
3.36 4.16 -3.03308 15.7349 -3.03308
3.36 4.32 -3.30753 15.9432 -3.30753
3.36 4.48 -3.45119 15.9472 -3.45119
3.36 4.64 -3.39132 15.8906 -3.39132
3.36 4.8 -3.17322 15.6688 -3.17322
3.36 4.96 -2.98676 14.8375 -2.98676
3.36 5.12 -3.18943 12.3578 -3.18943
3.36 5.28 -3.77643 6.78497 -3.77643
3.36 5.44 -2.11403 -0.49588 -2.11403
3.36 5.6 4.44541 -3.7719 4.44541
3.36 5.76 11.053 -3.3717 11.053
3.36 5.92 14.4603 -2.86115 14.4603
3.36 6.08 15.7235 -2.82366 15.7235
3.36 6.24 16.0674 -2.91513 16.0674
3.36 6.4 15.9872 -2.93623 15.9872
3.36 6.56 15.3961 -2.92148 15.3961
3.36 6.72 13.5599 -3.14823 13.5599
3.36 6.88 8.92146 -3.94843 8.92146
3.36 7.04 1.25539 -3.73197 1.25539
3.36 7.2 -3.85846 1.72324 -3.85846
3.36 7.36 -3.8326 9.38087 -3.8326
3.36 7.52 -2.92513 13.9034 -2.92513
3.36 7.68 -3.69541 14.5567 -3.69541
3.36 7.84 -5.60363 13.0469 -5.60363
3.52 0 -7.52682 12.0511 -7.52682
3.52 0.16 -7.9278 11.5937 -7.9278
3.52 0.32 -4.3254 14.9771 -4.3254
3.52 0.48 -3.50079 15.3474 -3.50079
3.52 0.64 -2.94178 15.0309 -2.94178
3.52 0.8 -2.68525 13.5448 -2.68525
3.52 0.96 -2.88904 9.76221 -2.88904
3.52 1.12 -2.46499 3.40182 -2.46499
3.52 1.28 1.63362 -1.87141 1.63362
3.52 1.44 8.26309 -3.02661 8.26309
3.52 1.6 12.9273 -2.71824 12.9273
3.52 1.76 14.9972 -2.75767 14.9972
3.52 1.92 15.6411 -3.14063 15.6411
3.52 2.08 15.6989 -3.59525 15.6989
3.52 2.24 15.593 -3.93635 15.593
3.52 2.4 15.5254 -4.05436 15.5254
3.52 2.56 15.552 -3.90986 15.552
3.52 2.72 15.5784 -3.55201 15.5784
3.52 2.88 15.3198 -3.12181 15.3198
3.52 3.04 14.1579 -2.86928 14.1579
3.52 3.2 10.9174 -3.10072 10.9174
3.52 3.36 4.67085 -3.23224 4.67085
3.52 3.52 -1.6066 -0.042109 -1.6066
3.52 3.68 -3.43801 6.84075 -3.43801
3.52 3.84 -3.00441 12.3046 -3.00441
3.52 4 -2.82545 14.8556 -2.82545
3.52 4.16 -3.03286 15.7347 -3.03286
3.52 4.32 -3.30775 15.9427 -3.30775
3.52 4.48 -3.45181 15.9466 -3.45181
3.52 4.64 -3.39235 15.8898 -3.39235
3.52 4.8 -3.17423 15.6684 -3.17423
3.52 4.96 -2.98732 14.8385 -2.98732
3.52 5.12 -3.18903 12.3619 -3.18903
3.52 5.28 -3.77611 6.79341 -3.77611
3.52 5.44 -2.11898 -0.4885 -2.11898
3.52 5.6 4.43663 -3.77069 4.43663
3.52 5.76 11.0475 -3.37201 11.0475
3.52 5.92 14.4582 -2.86071 14.4582
3.52 6.08 15.723 -2.82283 15.723
3.52 6.24 16.0674 -2.91432 16.0674
3.52 6.4 15.9872 -2.93561 15.9872
3.52 6.56 15.396 -2.92112 15.396
3.52 6.72 13.5593 -3.14821 13.5593
3.52 6.88 8.92014 -3.94867 8.92014
3.52 7.04 1.25362 -3.7317 1.25362
3.52 7.2 -3.85894 1.7249 -3.85894
3.52 7.36 -3.83237 9.38225 -3.83237
3.52 7.52 -2.92506 13.9039 -2.92506
3.52 7.68 -3.6955 14.5567 -3.6955
3.52 7.84 -5.60366 13.0469 -5.60366
3.68 0 -7.51714 12.0617 -7.51714
3.68 0.16 -7.9275 11.5944 -7.9275
3.68 0.32 -4.32456 14.9781 -4.32456
3.68 0.48 -3.50001 15.348 -3.50001
3.68 0.64 -2.9413 15.0306 -2.9413
3.68 0.8 -2.68519 13.5432 -2.68519
3.68 0.96 -2.88925 9.75883 -2.88925
3.68 1.12 -2.46401 3.3976 -2.46401
3.68 1.28 1.63708 -1.87334 1.63708
3.68 1.44 8.26631 -3.02656 8.26631
3.68 1.6 12.9286 -2.71816 12.9286
3.68 1.76 14.9971 -2.75792 14.9971
3.68 1.92 15.6402 -3.14109 15.6402
3.68 2.08 15.6977 -3.5959 15.6977
3.68 2.24 15.5915 -3.93713 15.5915
3.68 2.4 15.5237 -4.05526 15.5237
3.68 2.56 15.5503 -3.9108 15.5503
3.68 2.72 15.5768 -3.55293 15.5768
3.68 2.88 15.3182 -3.12276 15.3182
3.68 3.04 14.1565 -2.87009 14.1565
3.68 3.2 10.9162 -3.10133 10.9162
3.68 3.36 4.67008 -3.23243 4.67008
3.68 3.52 -1.60656 -0.0417513 -1.60656
3.68 3.68 -3.43729 6.84135 -3.43729
3.68 3.84 -3.0035 12.3052 -3.0035
3.68 4 -2.82444 14.8563 -2.82444
3.68 4.16 -3.03183 15.7355 -3.03183
3.68 4.32 -3.30684 15.9436 -3.30684
3.68 4.48 -3.45111 15.9474 -3.45111
3.68 4.64 -3.39197 15.8904 -3.39197
3.68 4.8 -3.17406 15.669 -3.17406
3.68 4.96 -2.98714 14.8397 -2.98714
3.68 5.12 -3.18855 12.3648 -3.18855
3.68 5.28 -3.77599 6.79881 -3.77599
3.68 5.44 -2.12259 -0.484001 -2.12259
3.68 5.6 4.43031 -3.77033 4.43031
3.68 5.76 11.0431 -3.37268 11.0431
3.68 5.92 14.4561 -2.8609 14.4561
3.68 6.08 15.7217 -2.8228 15.7217
3.68 6.24 16.0664 -2.91434 16.0664
3.68 6.4 15.9863 -2.93574 15.9863
3.68 6.56 15.3949 -2.92141 15.3949
3.68 6.72 13.5581 -3.14871 13.5581
3.68 6.88 8.91839 -3.94931 8.91839
3.68 7.04 1.25175 -3.73173 1.25175
3.68 7.2 -3.85939 1.72626 -3.85939
3.68 7.36 -3.83188 9.38369 -3.83188
3.68 7.52 -2.92446 13.9049 -2.92446
3.68 7.68 -3.69505 14.5574 -3.69505
3.68 7.84 -5.6036 13.0471 -5.6036
3.84 0 -7.52042 12.0593 -7.52042
3.84 0.16 -7.92743 11.595 -7.92743
3.84 0.32 -4.32461 14.9782 -4.32461
3.84 0.48 -3.50027 15.3476 -3.50027
3.84 0.64 -2.94172 15.0298 -2.94172
3.84 0.8 -2.68574 13.5418 -2.68574
3.84 0.96 -2.88978 9.75648 -2.88978
3.84 1.12 -2.46365 3.39499 -2.46365
3.84 1.28 1.63909 -1.87436 1.63909
3.84 1.44 8.26847 -3.02611 8.26847
3.84 1.6 12.9298 -2.71744 12.9298
3.84 1.76 14.9976 -2.75724 14.9976
3.84 1.92 15.6403 -3.14046 15.6403
3.84 2.08 15.6975 -3.59533 15.6975
3.84 2.24 15.5911 -3.93664 15.5911
3.84 2.4 15.5233 -4.05482 15.5233
3.84 2.56 15.5499 -3.91035 15.5499
3.84 2.72 15.5763 -3.55249 15.5763
3.84 2.88 15.3176 -3.12242 15.3176
3.84 3.04 14.1557 -2.86983 14.1557
3.84 3.2 10.915 -3.10124 10.915
3.84 3.36 4.66851 -3.23217 4.66851
3.84 3.52 -1.60737 -0.0406338 -1.60737
3.84 3.68 -3.43715 6.84253 -3.43715
3.84 3.84 -3.00339 12.3056 -3.00339
3.84 4 -2.82452 14.8563 -2.82452
3.84 4.16 -3.03204 15.7353 -3.03204
3.84 4.32 -3.30718 15.9433 -3.30718
3.84 4.48 -3.45162 15.947 -3.45162
3.84 4.64 -3.39264 15.8898 -3.39264
3.84 4.8 -3.17484 15.6684 -3.17484
3.84 4.96 -2.98785 14.8394 -2.98785
3.84 5.12 -3.18899 12.3654 -3.18899
3.84 5.28 -3.77635 6.80086 -3.77635
3.84 5.44 -2.12444 -0.481996 -2.12444
3.84 5.6 4.42752 -3.76985 4.42752
3.84 5.76 11.0415 -3.37229 11.0415
3.84 5.92 14.4556 -2.86006 14.4556
3.84 6.08 15.7218 -2.82176 15.7218
3.84 6.24 16.0665 -2.91331 16.0665
3.84 6.4 15.9864 -2.93479 15.9864
3.84 6.56 15.395 -2.92061 15.395
3.84 6.72 13.558 -3.14818 13.558
3.84 6.88 8.91781 -3.94917 8.91781
3.84 7.04 1.25076 -3.73169 1.25076
3.84 7.2 -3.85991 1.7267 -3.85991
3.84 7.36 -3.83213 9.38389 -3.83213
3.84 7.52 -2.9248 13.9047 -2.9248
3.84 7.68 -3.69543 14.5571 -3.69543
3.84 7.84 -5.60411 13.0468 -5.60411
4 0 -7.52103 12.0596 -7.52103
4 0.16 -7.92777 11.5953 -7.92777
4 0.32 -4.32563 14.9775 -4.32563
4 0.48 -3.50147 15.3466 -3.50147
4 0.64 -2.94283 15.0288 -2.94283
4 0.8 -2.68666 13.5407 -2.68666
4 0.96 -2.89036 9.75531 -2.89036
4 1.12 -2.46356 3.39402 -2.46356
4 1.28 1.64006 -1.87465 1.64006
4 1.44 8.26986 -3.02576 8.26986
4 1.6 12.931 -2.71689 12.931
4 1.76 14.9986 -2.75666 14.9986
4 1.92 15.6411 -3.1399 15.6411
4 2.08 15.6982 -3.59479 15.6982
4 2.24 15.5917 -3.9361 15.5917
4 2.4 15.5238 -4.05429 15.5238
4 2.56 15.5504 -3.9098 15.5504
4 2.72 15.5769 -3.55192 15.5769
4 2.88 15.318 -3.12192 15.318
4 3.04 14.1558 -2.86945 14.1558
4 3.2 10.9142 -3.10108 10.9142
4 3.36 4.66673 -3.23179 4.66673
4 3.52 -1.60853 -0.0389411 -1.60853
4 3.68 -3.43733 6.84424 -3.43733
4 3.84 -3.00386 12.306 -3.00386
4 4 -2.82545 14.8559 -2.82545
4 4.16 -3.03327 15.7345 -3.03327
4 4.32 -3.30859 15.9423 -3.30859
4 4.48 -3.45314 15.9458 -3.45314
4 4.64 -3.39421 15.8885 -3.39421
4 4.8 -3.17638 15.6671 -3.17638
4 4.96 -2.98926 14.838 -2.98926
4 5.12 -3.19012 12.3641 -3.19012
4 5.28 -3.77696 6.79989 -3.77696
4 5.44 -2.12434 -0.482396 -2.12434
4 5.6 4.42831 -3.76962 4.42831
4 5.76 11.0426 -3.37163 11.0426
4 5.92 14.4568 -2.85923 14.4568
4 6.08 15.7229 -2.82092 15.7229
4 6.24 16.0675 -2.9125 16.0675
4 6.4 15.9874 -2.934 15.9874
4 6.56 15.3961 -2.91987 15.3961
4 6.72 13.559 -3.14756 13.559
4 6.88 8.91859 -3.94885 8.91859
4 7.04 1.25094 -3.73183 1.25094
4 7.2 -3.86027 1.72619 -3.86027
4 7.36 -3.83298 9.38296 -3.83298
4 7.52 -2.92594 13.9036 -2.92594
4 7.68 -3.69649 14.5562 -3.69649
4 7.84 -5.60488 13.0464 -5.60488
4.16 0 -7.51903 12.0626 -7.51903
4.16 0.16 -7.9281 11.596 -7.9281
4.16 0.32 -4.32664 14.9775 -4.32664
4.16 0.48 -3.50258 15.3465 -3.50258
4.16 0.64 -2.94379 15.0287 -2.94379
4.16 0.8 -2.68733 13.5409 -2.68733
4.16 0.96 -2.89073 9.7561 -2.89073
4.16 1.12 -2.46404 3.39505 -2.46404
4.16 1.28 1.63912 -1.87432 1.63912
4.16 1.44 8.26924 -3.02594 8.26924
4.16 1.6 12.931 -2.71701 12.931
4.16 1.76 14.9988 -2.7567 14.9988
4.16 1.92 15.6414 -3.13993 15.6414
4.16 2.08 15.6984 -3.59483 15.6984
4.16 2.24 15.5919 -3.93614 15.5919
4.16 2.4 15.5239 -4.0543 15.5239
4.16 2.56 15.5506 -3.90974 15.5506
4.16 2.72 15.5771 -3.55181 15.5771
4.16 2.88 15.3181 -3.12183 15.3181
4.16 3.04 14.1554 -2.86949 14.1554
4.16 3.2 10.9126 -3.10137 10.9126
4.16 3.36 4.66373 -3.23152 4.66373
4.16 3.52 -1.61046 -0.0364274 -1.61046
4.16 3.68 -3.43763 6.84726 -3.43763
4.16 3.84 -3.00427 12.3076 -3.00427
4.16 4 -2.82636 14.8563 -2.82636
4.16 4.16 -3.03448 15.7344 -3.03448
4.16 4.32 -3.30995 15.942 -3.30995
4.16 4.48 -3.45452 15.9455 -3.45452
4.16 4.64 -3.39554 15.8881 -3.39554
4.16 4.8 -3.17761 15.6665 -3.17761
4.16 4.96 -2.99039 14.837 -2.99039
4.16 5.12 -3.19121 12.3623 -3.19121
4.16 5.28 -3.77757 6.79707 -3.77757
4.16 5.44 -2.12294 -0.484684 -2.12294
4.16 5.6 4.43132 -3.76988 4.43132
4.16 5.76 11.045 -3.37123 11.045
4.16 5.92 14.4582 -2.85896 14.4582
4.16 6.08 15.7237 -2.82078 15.7237
4.16 6.24 16.0682 -2.9124 16.0682
4.16 6.4 15.988 -2.93389 15.988
4.16 6.56 15.3967 -2.91975 15.3967
4.16 6.72 13.5597 -3.14745 13.5597
4.16 6.88 8.91932 -3.94882 8.91932
4.16 7.04 1.25134 -3.73208 1.25134
4.16 7.2 -3.86054 1.72561 -3.86054
4.16 7.36 -3.8338 9.38227 -3.8338
4.16 7.52 -2.927 13.903 -2.927
4.16 7.68 -3.69747 14.5558 -3.69747
4.16 7.84 -5.60549 13.0463 -5.60549
4.32 0 -7.51649 12.0659 -7.51649
4.32 0.16 -7.92759 11.5973 -7.92759
4.32 0.32 -4.32552 14.9795 -4.32552
4.32 0.48 -3.50141 15.3485 -3.50141
4.32 0.64 -2.94267 15.0308 -2.94267
4.32 0.8 -2.68621 13.5434 -2.68621
4.32 0.96 -2.88971 9.75947 -2.88971
4.32 1.12 -2.46412 3.39862 -2.46412
4.32 1.28 1.63708 -1.87269 1.63708
4.32 1.44 8.26723 -3.02589 8.26723
4.32 1.6 12.9301 -2.71713 12.9301
4.32 1.76 14.9987 -2.75669 14.9987
4.32 1.92 15.6416 -3.13982 15.6416
4.32 2.08 15.6987 -3.59468 15.6987
4.32 2.24 15.5922 -3.93593 15.5922
4.32 2.4 15.5244 -4.05401 15.5244
4.32 2.56 15.5511 -3.90936 15.5511
4.32 2.72 15.5776 -3.55137 15.5776
4.32 2.88 15.3183 -3.12141 15.3183
4.32 3.04 14.1549 -2.86924 14.1549
4.32 3.2 10.9105 -3.10133 10.9105
4.32 3.36 4.66023 -3.23055 4.66023
4.32 3.52 -1.61223 -0.0323595 -1.61223
4.32 3.68 -3.43683 6.85231 -3.43683
4.32 3.84 -3.00308 12.3112 -3.00308
4.32 4 -2.82535 14.8587 -2.82535
4.32 4.16 -3.03354 15.7363 -3.03354
4.32 4.32 -3.30893 15.9438 -3.30893
4.32 4.48 -3.45336 15.9472 -3.45336
4.32 4.64 -3.39428 15.8898 -3.39428
4.32 4.8 -3.17632 15.6678 -3.17632
4.32 4.96 -2.98929 14.8376 -2.98929
4.32 5.12 -3.19058 12.361 -3.19058
4.32 5.28 -3.77687 6.79333 -3.77687
4.32 5.44 -2.1193 -0.487926 -2.1193
4.32 5.6 4.43713 -3.76975 4.43713
4.32 5.76 11.049 -3.37035 11.049
4.32 5.92 14.4602 -2.85854 14.4602
4.32 6.08 15.7248 -2.82061 15.7248
4.32 6.24 16.0689 -2.91227 16.0689
4.32 6.4 15.9887 -2.93371 15.9887
4.32 6.56 15.3974 -2.91949 15.3974
4.32 6.72 13.5606 -3.14705 13.5606
4.32 6.88 8.92056 -3.94823 8.92056
4.32 7.04 1.25277 -3.7315 1.25277
4.32 7.2 -3.85951 1.72596 -3.85951
4.32 7.36 -3.83301 9.38287 -3.83301
4.32 7.52 -2.92619 13.9039 -2.92619
4.32 7.68 -3.69685 14.5567 -3.69685
4.32 7.84 -5.60528 13.0468 -5.60528
4.48 0 -7.51493 12.0682 -7.51493
4.48 0.16 -7.92687 11.5987 -7.92687
4.48 0.32 -4.32416 14.9817 -4.32416
4.48 0.48 -3.49978 15.3511 -3.49978
4.48 0.64 -2.94102 15.0337 -2.94102
4.48 0.8 -2.68455 13.547 -2.68455
4.48 0.96 -2.8883 9.76439 -2.8883
4.48 1.12 -2.46456 3.40378 -2.46456
4.48 1.28 1.63351 -1.87054 1.63351
4.48 1.44 8.2636 -3.02616 8.2636
4.48 1.6 12.9283 -2.71762 12.9283
4.48 1.76 14.9981 -2.75692 14.9981
4.48 1.92 15.6415 -3.13987 15.6415
4.48 2.08 15.6989 -3.5946 15.6989
4.48 2.24 15.5925 -3.93574 15.5925
4.48 2.4 15.5247 -4.05369 15.5247
4.48 2.56 15.5516 -3.90892 15.5516
4.48 2.72 15.578 -3.55087 15.578
4.48 2.88 15.3185 -3.12098 15.3185
4.48 3.04 14.154 -2.86908 14.154
4.48 3.2 10.9077 -3.10147 10.9077
4.48 3.36 4.65567 -3.22961 4.65567
4.48 3.52 -1.61466 -0.0276186 -1.61466
4.48 3.68 -3.436 6.85841 -3.436
4.48 3.84 -3.00159 12.3156 -3.00159
4.48 4 -2.824 14.8617 -2.824
4.48 4.16 -3.03221 15.7387 -3.03221
4.48 4.32 -3.30745 15.9461 -3.30745
4.48 4.48 -3.45166 15.9495 -3.45166
4.48 4.64 -3.39238 15.892 -3.39238
4.48 4.8 -3.17436 15.6697 -3.17436
4.48 4.96 -2.98761 14.8382 -2.98761
4.48 5.12 -3.18967 12.3591 -3.18967
4.48 5.28 -3.77601 6.78762 -3.77601
4.48 5.44 -2.11432 -0.493053 -2.11432
4.48 5.6 4.44517 -3.76997 4.44517
4.48 5.76 11.0543 -3.36944 11.0543
4.48 5.92 14.4626 -2.85828 14.4626
4.48 6.08 15.7258 -2.82068 15.7258
4.48 6.24 16.0695 -2.91235 16.0695
4.48 6.4 15.9892 -2.93371 15.9892
4.48 6.56 15.398 -2.91939 15.398
4.48 6.72 13.5614 -3.14678 13.5614
4.48 6.88 8.92186 -3.94768 8.92186
4.48 7.04 1.25445 -3.73097 1.25445
4.48 7.2 -3.85828 1.72618 -3.85828
4.48 7.36 -3.83196 9.38358 -3.83196
4.48 7.52 -2.92504 13.9051 -2.92504
4.48 7.68 -3.69592 14.5578 -3.69592
4.48 7.84 -5.60462 13.0476 -5.60462
4.64 0 -7.51542 12.0683 -7.51542
4.64 0.16 -7.92696 11.5993 -7.92696
4.64 0.32 -4.32432 14.9823 -4.32432
4.64 0.48 -3.49982 15.352 -3.49982
4.64 0.64 -2.94084 15.0352 -2.94084
4.64 0.8 -2.68406 13.5499 -2.68406
4.64 0.96 -2.88775 9.76935 -2.88775
4.64 1.12 -2.46599 3.40952 -2.46599
4.64 1.28 1.62838 -1.86828 1.62838
4.64 1.44 8.25864 -3.02675 8.25864
4.64 1.6 12.9258 -2.7183 12.9258
4.64 1.76 14.9972 -2.75715 14.9972
4.64 1.92 15.6414 -3.13982 15.6414
4.64 2.08 15.699 -3.59437 15.699
4.64 2.24 15.5929 -3.93536 15.5929
4.64 2.4 15.5252 -4.05314 15.5252
4.64 2.56 15.5522 -3.90821 15.5522
4.64 2.72 15.5786 -3.55007 15.5786
4.64 2.88 15.3187 -3.12028 15.3187
4.64 3.04 14.1531 -2.86877 14.1531
4.64 3.2 10.9043 -3.10172 10.9043
4.64 3.36 4.64988 -3.22888 4.64988
4.64 3.52 -1.61832 -0.0228155 -1.61832
4.64 3.68 -3.43624 6.86433 -3.43624
4.64 3.84 -3.00143 12.319 -3.00143
4.64 4 -2.8243 14.8631 -2.8243
4.64 4.16 -3.03272 15.7392 -3.03272
4.64 4.32 -3.3079 15.9463 -3.3079
4.64 4.48 -3.45185 15.9497 -3.45185
4.64 4.64 -3.39226 15.8921 -3.39226
4.64 4.8 -3.17404 15.6694 -3.17404
4.64 4.96 -2.98745 14.8368 -2.98745
4.64 5.12 -3.19022 12.3544 -3.19022
4.64 5.28 -3.77619 6.77853 -3.77619
4.64 5.44 -2.10854 -0.50081 -2.10854
4.64 5.6 4.45538 -3.77076 4.45538
4.64 5.76 11.061 -3.36844 11.061
4.64 5.92 14.4656 -2.85798 14.4656
4.64 6.08 15.7271 -2.82075 15.7271
4.64 6.24 16.0701 -2.91241 16.0701
4.64 6.4 15.9897 -2.93365 15.9897
4.64 6.56 15.3985 -2.91921 15.3985
4.64 6.72 13.5622 -3.14648 13.5622
4.64 6.88 8.92319 -3.94725 8.92319
4.64 7.04 1.25596 -3.73097 1.25596
4.64 7.2 -3.85778 1.72522 -3.85778
4.64 7.36 -3.83215 9.38269 -3.83215
4.64 7.52 -2.9253 13.9047 -2.9253
4.64 7.68 -3.69618 14.5576 -3.69618
4.64 7.84 -5.60475 13.0475 -5.60475
4.8 0 -7.51708 12.067 -7.51708
4.8 0.16 -7.9269 11.5998 -7.9269
4.8 0.32 -4.32385 14.9834 -4.32385
4.8 0.48 -3.49915 15.3535 -3.49915
4.8 0.64 -2.94 15.0374 -2.94
4.8 0.8 -2.68292 13.5536 -2.68292
4.8 0.96 -2.88656 9.77566 -2.88656
4.8 1.12 -2.46725 3.41678 -2.46725
4.8 1.28 1.62251 -1.86524 1.62251
4.8 1.44 8.25285 -3.02717 8.25285
4.8 1.6 12.9229 -2.71886 12.9229
4.8 1.76 14.9962 -2.75725 14.9962
4.8 1.92 15.6413 -3.13964 15.6413
4.8 2.08 15.6993 -3.59402 15.6993
4.8 2.24 15.5933 -3.93482 15.5933
4.8 2.4 15.5259 -4.05238 15.5259
4.8 2.56 15.553 -3.90724 15.553
4.8 2.72 15.5794 -3.54896 15.5794
4.8 2.88 15.3191 -3.11921 15.3191
4.8 3.04 14.1521 -2.86809 14.1521
4.8 3.2 10.9004 -3.10167 10.9004
4.8 3.36 4.64322 -3.22765 4.64322
4.8 3.52 -1.62231 -0.0166717 -1.62231
4.8 3.68 -3.43603 6.87181 -3.43603
4.8 3.84 -3.00075 12.3236 -3.00075
4.8 4 -2.82411 14.8652 -2.82411
4.8 4.16 -3.03271 15.7402 -3.03271
4.8 4.32 -3.30772 15.947 -3.30772
4.8 4.48 -3.45131 15.9504 -3.45131
4.8 4.64 -3.39133 15.8928 -3.39133
4.8 4.8 -3.1729 15.6697 -3.1729
4.8 4.96 -2.98658 14.8354 -2.98658
4.8 5.12 -3.19027 12.3491 -3.19027
4.8 5.28 -3.77582 6.76764 -3.77582
4.8 5.44 -2.10087 -0.510047 -2.10087
4.8 5.6 4.46834 -3.77142 4.46834
4.8 5.76 11.0696 -3.36695 11.0696
4.8 5.92 14.4693 -2.85743 14.4693
4.8 6.08 15.7286 -2.82074 15.7286
4.8 6.24 16.0709 -2.91243 16.0709
4.8 6.4 15.9903 -2.9335 15.9903
4.8 6.56 15.3992 -2.91884 15.3992
4.8 6.72 13.5632 -3.14587 13.5632
4.8 6.88 8.92483 -3.94642 8.92483
4.8 7.04 1.25797 -3.73048 1.25797
4.8 7.2 -3.85667 1.72474 -3.85667
4.8 7.36 -3.83174 9.38221 -3.83174
4.8 7.52 -2.92501 13.9046 -2.92501
4.8 7.68 -3.69604 14.5576 -3.69604
4.8 7.84 -5.60485 13.0473 -5.60485
4.96 0 -7.51858 12.0657 -7.51858
4.96 0.16 -7.92752 11.5995 -7.92752
4.96 0.32 -4.32489 14.9829 -4.32489
4.96 0.48 -3.50011 15.3534 -3.50011
4.96 0.64 -2.94072 15.0382 -2.94072
4.96 0.8 -2.68317 13.5563 -2.68317
4.96 0.96 -2.88656 9.78136 -2.88656
4.96 1.12 -2.46971 3.42383 -2.46971
4.96 1.28 1.6152 -1.86261 1.6152
4.96 1.44 8.24587 -3.0282 8.24587
4.96 1.6 12.9193 -2.7199 12.9193
4.96 1.76 14.9949 -2.75766 14.9949
4.96 1.92 15.641 -3.13963 15.641
4.96 2.08 15.6996 -3.59372 15.6996
4.96 2.24 15.5939 -3.93423 15.5939
4.96 2.4 15.5268 -4.0515 15.5268
4.96 2.56 15.554 -3.90613 15.554
4.96 2.72 15.5804 -3.54775 15.5804
4.96 2.88 15.3194 -3.11814 15.3194
4.96 3.04 14.1507 -2.86761 14.1507
4.96 3.2 10.8953 -3.10209 10.8953
4.96 3.36 4.63461 -3.22688 4.63461
4.96 3.52 -1.62805 -0.0103908 -1.62805
4.96 3.68 -3.43713 6.87929 -3.43713
4.96 3.84 -3.00152 12.3272 -3.00152
4.96 4 -2.82562 14.8659 -2.82562
4.96 4.16 -3.03448 15.7395 -3.03448
4.96 4.32 -3.30932 15.9459 -3.30932
4.96 4.48 -3.45249 15.9492 -3.45249
4.96 4.64 -3.39204 15.8917 -3.39204
4.96 4.8 -3.17335 15.668 -3.17335
4.96 4.96 -2.98728 14.8318 -2.98728
4.96 5.12 -3.19194 12.3409 -3.19194
4.96 5.28 -3.77671 6.75305 -3.77671
4.96 5.44 -2.09257 -0.522242 -2.09257
4.96 5.6 4.48336 -3.77289 4.48336
4.96 5.76 11.0795 -3.36563 11.0795
4.96 5.92 14.4736 -2.85713 14.4736
4.96 6.08 15.7303 -2.821 15.7303
4.96 6.24 16.0717 -2.91269 16.0717
4.96 6.4 15.9908 -2.93355 15.9908
4.96 6.56 15.3999 -2.91867 15.3999
4.96 6.72 13.564 -3.14552 13.564
4.96 6.88 8.92606 -3.94598 8.92606
4.96 7.04 1.25929 -3.7306 1.25929
4.96 7.2 -3.85656 1.72327 -3.85656
4.96 7.36 -3.83264 9.38038 -3.83264
4.96 7.52 -2.92616 13.9031 -2.92616
4.96 7.68 -3.69713 14.5563 -3.69713
4.96 7.84 -5.60557 13.0464 -5.60557
5.12 0 -7.51681 12.0672 -7.51681
5.12 0.16 -7.92809 11.5988 -7.92809
5.12 0.32 -4.32549 14.9822 -4.32549
5.12 0.48 -3.50076 15.3531 -3.50076
5.12 0.64 -2.94126 15.0387 -2.94126
5.12 0.8 -2.6834 13.5587 -2.6834
5.12 0.96 -2.88674 9.78702 -2.88674
5.12 1.12 -2.47271 3.43089 -2.47271
5.12 1.28 1.60692 -1.86026 1.60692
5.12 1.44 8.23795 -3.02972 8.23795
5.12 1.6 12.9151 -2.7214 12.9151
5.12 1.76 14.9932 -2.75846 14.9932
5.12 1.92 15.6406 -3.13993 15.6406
5.12 2.08 15.6998 -3.59361 15.6998
5.12 2.24 15.5946 -3.93375 15.5946
5.12 2.4 15.5278 -4.05066 15.5278
5.12 2.56 15.5552 -3.90503 15.5552
5.12 2.72 15.5813 -3.54657 15.5813
5.12 2.88 15.3196 -3.11714 15.3196
5.12 3.04 14.1486 -2.86736 14.1486
5.12 3.2 10.8888 -3.1029 10.8888
5.12 3.36 4.62389 -3.22627 4.62389
5.12 3.52 -1.63519 -0.00317115 -1.63519
5.12 3.68 -3.43852 6.88793 -3.43852
5.12 3.84 -3.00231 12.3314 -3.00231
5.12 4 -2.82708 14.8665 -2.82708
5.12 4.16 -3.03612 15.7386 -3.03612
5.12 4.32 -3.31065 15.9445 -3.31065
5.12 4.48 -3.45328 15.9478 -3.45328
5.12 4.64 -3.39231 15.8902 -3.39231
5.12 4.8 -3.17339 15.6659 -3.17339
5.12 4.96 -2.98779 14.8274 -2.98779
5.12 5.12 -3.19379 12.331 -3.19379
5.12 5.28 -3.77782 6.73555 -3.77782
5.12 5.44 -2.08301 -0.536868 -2.08301
5.12 5.6 4.50072 -3.77488 4.50072
5.12 5.76 11.0908 -3.36435 11.0908
5.12 5.92 14.4783 -2.85707 14.4783
5.12 6.08 15.732 -2.8216 15.732
5.12 6.24 16.0724 -2.91326 16.0724
5.12 6.4 15.9913 -2.93387 15.9913
5.12 6.56 15.4003 -2.91873 15.4003
5.12 6.72 13.5645 -3.14538 13.5645
5.12 6.88 8.92675 -3.94571 8.92675
5.12 7.04 1.26008 -3.73074 1.26008
5.12 7.2 -3.85664 1.72192 -3.85664
5.12 7.36 -3.83352 9.37849 -3.83352
5.12 7.52 -2.9272 13.9013 -2.9272
5.12 7.68 -3.69808 14.5548 -3.69808
5.12 7.84 -5.60634 13.0452 -5.60634
5.28 0 -7.51249 12.0708 -7.51249
5.28 0.16 -7.92776 11.5988 -7.92776
5.28 0.32 -4.32426 14.9835 -4.32426
5.28 0.48 -3.4992 15.3551 -3.4992
5.28 0.64 -2.93932 15.042 -2.93932
5.28 0.8 -2.68092 13.5643 -2.68092
5.28 0.96 -2.88422 9.79602 -2.88422
5.28 1.12 -2.47364 3.44091 -2.47364
5.28 1.28 1.59964 -1.85608 1.59964
5.28 1.44 8.23032 -3.03041 8.23032
5.28 1.6 12.9109 -2.72256 12.9109
5.28 1.76 14.9916 -2.75913 14.9916
5.28 1.92 15.6402 -3.14019 15.6402
5.28 2.08 15.7001 -3.59349 15.7001
5.28 2.24 15.5955 -3.93322 15.5955
5.28 2.4 15.5291 -4.04968 15.5291
5.28 2.56 15.5565 -3.90374 15.5565
5.28 2.72 15.5825 -3.54513 15.5825
5.28 2.88 15.3198 -3.1158 15.3198
5.28 3.04 14.1462 -2.86672 14.1462
5.28 3.2 10.8813 -3.10318 10.8813
5.28 3.36 4.61191 -3.2241 4.61191
5.28 3.52 -1.64188 0.00796021 -1.64188
5.28 3.68 -3.43761 6.90134 -3.43761
5.28 3.84 -3.00051 12.3394 -3.00051
5.28 4 -2.82624 14.8701 -2.82624
5.28 4.16 -3.03564 15.7402 -3.03564
5.28 4.32 -3.30994 15.9454 -3.30994
5.28 4.48 -3.45199 15.9487 -3.45199
5.28 4.64 -3.39036 15.8911 -3.39036
5.28 4.8 -3.17106 15.6661 -3.17106
5.28 4.96 -2.98583 14.8252 -2.98583
5.28 5.12 -3.19325 12.3225 -3.19325
5.28 5.28 -3.77661 6.71826 -3.77661
5.28 5.44 -2.0702 -0.551468 -2.0702
5.28 5.6 4.5216 -3.7759 4.5216
5.28 5.76 11.1042 -3.36229 11.1042
5.28 5.92 14.4839 -2.85675 14.4839
5.28 6.08 15.7341 -2.82219 15.7341
5.28 6.24 16.0733 -2.91386 16.0733
5.28 6.4 15.9918 -2.93417 15.9918
5.28 6.56 15.4007 -2.91865 15.4007
5.28 6.72 13.565 -3.14488 13.565
5.28 6.88 8.92734 -3.94471 8.92734
5.28 7.04 1.2613 -3.72908 1.2613
5.28 7.2 -3.85498 1.72364 -3.85498
5.28 7.36 -3.83207 9.37972 -3.83207
5.28 7.52 -2.92607 13.9021 -2.92607
5.28 7.68 -3.69741 14.5551 -3.69741
5.28 7.84 -5.6062 13.045 -5.6062
5.44 0 -7.52769 12.0548 -7.52769
5.44 0.16 -7.92713 11.599 -7.92713
5.44 0.32 -4.32478 14.9832 -4.32478
5.44 0.48 -3.49955 15.3555 -3.49955
5.44 0.64 -2.93924 15.0436 -2.93924
5.44 0.8 -2.68031 13.5681 -2.68031
5.44 0.96 -2.88358 9.80313 -2.88358
5.44 1.12 -2.47624 3.44904 -2.47624
5.44 1.28 1.59125 -1.85335 1.59125
5.44 1.44 8.22197 -3.03207 8.22197
5.44 1.6 12.9061 -2.72445 12.9061
5.44 1.76 14.9892 -2.76047 14.9892
5.44 1.92 15.6391 -3.14111 15.6391
5.44 2.08 15.6997 -3.59398 15.6997
5.44 2.24 15.5956 -3.93322 15.5956
5.44 2.4 15.5297 -4.04917 15.5297
5.44 2.56 15.5573 -3.90282 15.5573
5.44 2.72 15.5829 -3.54403 15.5829
5.44 2.88 15.3192 -3.1148 15.3192
5.44 3.04 14.1425 -2.86659 14.1425
5.44 3.2 10.8715 -3.10429 10.8715
5.44 3.36 4.59646 -3.22267 4.59646
5.44 3.52 -1.65149 0.0195198 -1.65149
5.44 3.68 -3.43853 6.91528 -3.43853
5.44 3.84 -3.00047 12.347 -3.00047
5.44 4 -2.82729 14.8726 -2.82729
5.44 4.16 -3.03712 15.7403 -3.03712
5.44 4.32 -3.31115 15.9448 -3.31115
5.44 4.48 -3.45257 15.948 -3.45257
5.44 4.64 -3.39018 15.8904 -3.39018
5.44 4.8 -3.17049 15.6646 -3.17049
5.44 4.96 -2.98576 14.8207 -2.98576
5.44 5.12 -3.19488 12.3108 -3.19488
5.44 5.28 -3.77734 6.69636 -3.77734
5.44 5.44 -2.0571 -0.569851 -2.0571
5.44 5.6 4.54449 -3.77812 4.54449
5.44 5.76 11.1187 -3.3606 11.1187
5.44 5.92 14.4896 -2.85691 14.4896
5.44 6.08 15.7357 -2.82339 15.7357
5.44 6.24 16.0735 -2.91508 16.0735
5.44 6.4 15.9916 -2.93502 15.9916
5.44 6.56 15.4004 -2.91905 15.4004
5.44 6.72 13.5645 -3.14491 13.5645
5.44 6.88 8.92645 -3.94443 8.92645
5.44 7.04 1.26055 -3.72812 1.26055
5.44 7.2 -3.85517 1.72477 -3.85517
5.44 7.36 -3.8324 9.37996 -3.8324
5.44 7.52 -2.92686 13.9015 -2.92686
5.44 7.68 -3.69828 14.5542 -3.69828
5.44 7.84 -5.60628 13.0448 -5.60628
5.6 0 -7.57532 12.006 -7.57532
5.6 0.16 -7.92532 11.6001 -7.92532
5.6 0.32 -4.32347 14.984 -4.32347
5.6 0.48 -3.49843 15.3566 -3.49843
5.6 0.64 -2.93801 15.0457 -2.93801
5.6 0.8 -2.67867 13.5723 -2.67867
5.6 0.96 -2.88198 9.81044 -2.88198
5.6 1.12 -2.47782 3.45734 -2.47782
5.6 1.28 1.58397 -1.85023 1.58397
5.6 1.44 8.21468 -3.03307 8.21468
5.6 1.6 12.9022 -2.72557 12.9022
5.6 1.76 14.9876 -2.76097 14.9876
5.6 1.92 15.6386 -3.14118 15.6386
5.6 2.08 15.6999 -3.59361 15.6999
5.6 2.24 15.5963 -3.93234 15.5963
5.6 2.4 15.5309 -4.04769 15.5309
5.6 2.56 15.5587 -3.90082 15.5587
5.6 2.72 15.5841 -3.54176 15.5841
5.6 2.88 15.319 -3.11269 15.319
5.6 3.04 14.1387 -2.86553 14.1387
5.6 3.2 10.8603 -3.1048 10.8603
5.6 3.36 4.57866 -3.22015 4.57866
5.6 3.52 -1.66201 0.0341624 -1.66201
5.6 3.68 -3.4384 6.93269 -3.4384
5.6 3.84 -2.99918 12.3566 -2.99918
5.6 4 -2.82724 14.8762 -2.82724
5.6 4.16 -3.03745 15.7412 -3.03745
5.6 4.32 -3.31108 15.9449 -3.31108
5.6 4.48 -3.45177 15.948 -3.45177
5.6 4.64 -3.3885 15.8905 -3.3885
5.6 4.8 -3.16854 15.6636 -3.16854
5.6 4.96 -2.98449 14.8162 -2.98449
5.6 5.12 -3.19557 12.298 -3.19557
5.6 5.28 -3.77703 6.67232 -3.77703
5.6 5.44 -2.04135 -0.589757 -2.04135
5.6 5.6 4.57103 -3.77979 4.57103
5.6 5.76 11.1359 -3.35777 11.1359
5.6 5.92 14.4968 -2.85605 14.4968
5.6 6.08 15.7382 -2.82361 15.7382
5.6 6.24 16.0744 -2.91532 16.0744
5.6 6.4 15.9921 -2.93483 15.9921
5.6 6.56 15.4007 -2.91839 15.4007
5.6 6.72 13.5641 -3.14402 13.5641
5.6 6.88 8.92496 -3.9434 8.92496
5.6 7.04 1.2591 -3.72576 1.2591
5.6 7.2 -3.85465 1.72834 -3.85465
5.6 7.36 -3.83135 9.38217 -3.83135
5.6 7.52 -2.92638 13.9021 -2.92638
5.6 7.68 -3.69832 14.554 -3.69832
5.6 7.84 -5.60671 13.0442 -5.60671
5.76 0 -7.61674 11.9638 -7.61674
5.76 0.16 -7.92381 11.6011 -7.92381
5.76 0.32 -4.32332 14.984 -4.32332
5.76 0.48 -3.49856 15.3567 -3.49856
5.76 0.64 -2.93802 15.0467 -2.93802
5.76 0.8 -2.67832 13.575 -2.67832
5.76 0.96 -2.88163 9.81588 -2.88163
5.76 1.12 -2.48014 3.46354 -2.48014
5.76 1.28 1.57688 -1.84856 1.57688
5.76 1.44 8.20766 -3.03494 8.20766
5.76 1.6 12.8981 -2.72755 12.8981
5.76 1.76 14.9854 -2.76245 14.9854
5.76 1.92 15.6372 -3.1423 15.6372
5.76 2.08 15.699 -3.59433 15.699
5.76 2.24 15.596 -3.9325 15.596
5.76 2.4 15.531 -4.04718 15.531
5.76 2.56 15.5591 -3.89967 15.5591
5.76 2.72 15.5842 -3.54023 15.5842
5.76 2.88 15.3176 -3.11131 15.3176
5.76 3.04 14.1331 -2.86531 14.1331
5.76 3.2 10.8462 -3.10633 10.8462
5.76 3.36 4.55684 -3.21799 4.55684
5.76 3.52 -1.67527 0.0505739 -1.67527
5.76 3.68 -3.43934 6.95218 -3.43934
5.76 3.84 -2.99895 12.3669 -2.99895
5.76 4 -2.82854 14.8794 -2.82854
5.76 4.16 -3.03926 15.7413 -3.03926
5.76 4.32 -3.31247 15.944 -3.31247
5.76 4.48 -3.45237 15.947 -3.45237
5.76 4.64 -3.38814 15.8895 -3.38814
5.76 4.8 -3.16787 15.6613 -3.16787
5.76 4.96 -2.98458 14.81 -2.98458
5.76 5.12 -3.19782 12.2825 -3.19782
5.76 5.28 -3.77792 6.64415 -3.77792
5.76 5.44 -2.02455 -0.613024 -2.02455
5.76 5.6 4.60008 -3.78244 4.60008
5.76 5.76 11.1544 -3.3554 11.1544
5.76 5.92 14.5041 -2.85591 14.5041
5.76 6.08 15.7402 -2.82475 15.7402
5.76 6.24 16.0745 -2.9165 16.0745
5.76 6.4 15.9916 -2.93551 15.9916
5.76 6.56 15.3999 -2.91855 15.3999
5.76 6.72 13.5623 -3.144 13.5623
5.76 6.88 8.92118 -3.94326 8.92118
5.76 7.04 1.25504 -3.7235 1.25504
5.76 7.2 -3.8556 1.73292 -3.8556
5.76 7.36 -3.83138 9.38476 -3.83138
5.76 7.52 -2.92724 13.9022 -2.92724
5.76 7.68 -3.69952 14.5531 -3.69952
5.76 7.84 -5.60754 13.0436 -5.60754
5.92 0 -7.63588 11.944 -7.63588
5.92 0.16 -7.92289 11.6016 -7.92289
5.92 0.32 -4.32368 14.9832 -4.32368
5.92 0.48 -3.49928 15.356 -3.49928
5.92 0.64 -2.93867 15.0466 -2.93867
5.92 0.8 -2.67873 13.5763 -2.67873
5.92 0.96 -2.88218 9.81912 -2.88218
5.92 1.12 -2.48291 3.46706 -2.48291
5.92 1.28 1.57053 -1.84865 1.57053
5.92 1.44 8.20152 -3.03763 8.20152
5.92 1.6 12.8941 -2.7302 12.8941
5.92 1.76 14.9828 -2.7646 14.9828
5.92 1.92 15.6354 -3.14402 15.6354
5.92 2.08 15.6978 -3.59555 15.6978
5.92 2.24 15.5952 -3.93304 15.5952
5.92 2.4 15.5308 -4.04693 15.5308
5.92 2.56 15.5592 -3.8987 15.5592
5.92 2.72 15.5839 -3.53888 15.5839
5.92 2.88 15.3155 -3.11027 15.3155
5.92 3.04 14.1259 -2.86573 14.1259
5.92 3.2 10.8289 -3.10888 10.8289
5.92 3.36 4.5306 -3.21622 4.5306
5.92 3.52 -1.69138 0.0690341 -1.69138
5.92 3.68 -3.44101 6.97421 -3.44101
5.92 3.84 -2.99925 12.3782 -2.99925
5.92 4 -2.83064 14.8824 -2.83064
5.92 4.16 -3.04203 15.7406 -3.04203
5.92 4.32 -3.31487 15.9421 -3.31487
5.92 4.48 -3.4539 15.9449 -3.4539
5.92 4.64 -3.38866 15.8872 -3.38866
5.92 4.8 -3.16797 15.6578 -3.16797
5.92 4.96 -2.98546 14.8021 -2.98546
5.92 5.12 -3.20108 12.2643 -3.20108
5.92 5.28 -3.77963 6.61187 -3.77963
5.92 5.44 -2.00648 -0.639723 -2.00648
5.92 5.6 4.63185 -3.78603 4.63185
5.92 5.76 11.1744 -3.35333 11.1744
5.92 5.92 14.5118 -2.85618 14.5118
5.92 6.08 15.7421 -2.82632 15.7421
5.92 6.24 16.0744 -2.91805 16.0744
5.92 6.4 15.9908 -2.93653 15.9908
5.92 6.56 15.3984 -2.91912 15.3984
5.92 6.72 13.5591 -3.14463 13.5591
5.92 6.88 8.91473 -3.94401 8.91473
5.92 7.04 1.24784 -3.72123 1.24784
5.92 7.2 -3.85791 1.73916 -3.85791
5.92 7.36 -3.83189 9.38843 -3.83189
5.92 7.52 -2.92876 13.9022 -2.92876
5.92 7.68 -3.70147 14.5517 -3.70147
5.92 7.84 -5.60888 13.0427 -5.60888
6.08 0 -7.64135 11.9381 -7.64135
6.08 0.16 -7.9214 11.6028 -7.9214
6.08 0.32 -4.32248 14.9846 -4.32248
6.08 0.48 -3.49802 15.3576 -3.49802
6.08 0.64 -2.93739 15.0486 -2.93739
6.08 0.8 -2.67748 13.579 -2.67748
6.08 0.96 -2.88129 9.82245 -2.88129
6.08 1.12 -2.48364 3.46986 -2.48364
6.08 1.28 1.56767 -1.84834 1.56767
6.08 1.44 8.1986 -3.03894 8.1986
6.08 1.6 12.8921 -2.73174 12.8921
6.08 1.76 14.9812 -2.76605 14.9812
6.08 1.92 15.634 -3.14525 15.634
6.08 2.08 15.6967 -3.59635 15.6967
6.08 2.24 15.5947 -3.93313 15.5947
6.08 2.4 15.5309 -4.04613 15.5309
6.08 2.56 15.5596 -3.89705 15.5596
6.08 2.72 15.5839 -3.53672 15.5839
6.08 2.88 15.3133 -3.10832 15.3133
6.08 3.04 14.1181 -2.86522 14.1181
6.08 3.2 10.8098 -3.11046 10.8098
6.08 3.36 4.50159 -3.21233 4.50159
6.08 3.52 -1.70822 0.0925042 -1.70822
6.08 3.68 -3.44106 7.00184 -3.44106
6.08 3.84 -2.99766 12.3935 -2.99766
6.08 4 -2.83112 14.8882 -2.83112
6.08 4.16 -3.0433 15.7422 -3.0433
6.08 4.32 -3.31576 15.9424 -3.31576
6.08 4.48 -3.45382 15.9449 -3.45382
6.08 4.64 -3.38753 15.887 -3.38753
6.08 4.8 -3.16635 15.6561 -3.16635
6.08 4.96 -2.98472 14.7956 -2.98472
6.08 5.12 -3.20303 12.2461 -3.20303
6.08 5.28 -3.77994 6.578 -3.77994
6.08 5.44 -1.98491 -0.667466 -1.98491
6.08 5.6 4.66822 -3.7884 4.66822
6.08 5.76 11.1974 -3.34982 11.1974
6.08 5.92 14.5209 -2.85551 14.5209
6.08 6.08 15.7448 -2.82721 15.7448
6.08 6.24 16.0747 -2.91895 16.0747
6.08 6.4 15.9903 -2.93683 15.9903
6.08 6.56 15.397 -2.91892 15.397
6.08 6.72 13.5553 -3.1445 13.5553
6.08 6.88 8.90654 -3.94385 8.90654
6.08 7.04 1.2388 -3.71641 1.2388
6.08 7.2 -3.8596 1.75028 -3.8596
6.08 7.36 -3.83051 9.39652 -3.83051
6.08 7.52 -2.92866 13.9052 -2.92866
6.08 7.68 -3.70249 14.5521 -3.70249
6.08 7.84 -5.60975 13.0427 -5.60975
6.24 0 -7.6413 11.9378 -7.6413
6.24 0.16 -7.91947 11.6042 -7.91947
6.24 0.32 -4.31944 14.9869 -4.31944
6.24 0.48 -3.49516 15.3597 -3.49516
6.24 0.64 -2.93503 15.0504 -2.93503
6.24 0.8 -2.67572 13.5804 -2.67572
6.24 0.96 -2.88049 9.82308 -2.88049
6.24 1.12 -2.48408 3.46891 -2.48408
6.24 1.28 1.56664 -1.85053 1.56664
6.24 1.44 8.19733 -3.0414 8.19733
6.24 1.6 12.8903 -2.73434 12.8903
6.24 1.76 14.9791 -2.76871 14.9791
6.24 1.92 15.6317 -3.14779 15.6317
6.24 2.08 15.6945 -3.59845 15.6945
6.24 2.24 15.593 -3.93448 15.593
6.24 2.4 15.5297 -4.04648 15.5297
6.24 2.56 15.5588 -3.89641 15.5588
6.24 2.72 15.5826 -3.53548 15.5826
6.24 2.88 15.3097 -3.10732 15.3097
6.24 3.04 14.1079 -2.86593 14.1079
6.24 3.2 10.7864 -3.11357 10.7864
6.24 3.36 4.46718 -3.20888 4.46718
6.24 3.52 -1.72789 0.118953 -1.72789
6.24 3.68 -3.4408 7.03337 -3.4408
6.24 3.84 -2.99512 12.4111 -2.99512
6.24 4 -2.83067 14.8951 -2.83067
6.24 4.16 -3.04356 15.7444 -3.04356
6.24 4.32 -3.31548 15.943 -3.31548
6.24 4.48 -3.45243 15.9453 -3.45243
6.24 4.64 -3.38505 15.8871 -3.38505
6.24 4.8 -3.1635 15.6544 -3.1635
6.24 4.96 -2.98302 14.7885 -2.98302
6.24 5.12 -3.20456 12.2261 -3.20456
6.24 5.28 -3.78008 6.54048 -3.78008
6.24 5.44 -1.9616 -0.698509 -1.9616
6.24 5.6 4.70718 -3.79194 4.70718
6.24 5.76 11.2215 -3.34706 11.2215
6.24 5.92 14.5299 -2.85581 14.5299
6.24 6.08 15.7468 -2.82913 15.7468
6.24 6.24 16.0741 -2.92086 16.0741
6.24 6.4 15.9887 -2.93811 15.9887
6.24 6.56 15.394 -2.91976 15.394
6.24 6.72 13.5489 -3.14571 13.5489
6.24 6.88 8.89407 -3.94516 8.89407
6.24 7.04 1.22532 -3.71113 1.22532
6.24 7.2 -3.86216 1.76505 -3.86216
6.24 7.36 -3.82798 9.40782 -3.82798
6.24 7.52 -2.92738 13.9099 -2.92738
6.24 7.68 -3.70286 14.5531 -3.70286
6.24 7.84 -5.611 13.0424 -5.611
6.4 0 -7.63851 11.9404 -7.63851
6.4 0.16 -7.91834 11.6051 -7.91834
6.4 0.32 -4.31904 14.9867 -4.31904
6.4 0.48 -3.49509 15.3589 -3.49509
6.4 0.64 -2.93519 15.0491 -2.93519
6.4 0.8 -2.67625 13.5781 -2.67625
6.4 0.96 -2.88156 9.81876 -2.88156
6.4 1.12 -2.48443 3.46268 -2.48443
6.4 1.28 1.56919 -1.85508 1.56919
6.4 1.44 8.20022 -3.04369 8.20022
6.4 1.6 12.8913 -2.73639 12.8913
6.4 1.76 14.9786 -2.77092 14.9786
6.4 1.92 15.6305 -3.14988 15.6305
6.4 2.08 15.6934 -3.60004 15.6934
6.4 2.24 15.5922 -3.93517 15.5922
6.4 2.4 15.5296 -4.04603 15.5296
6.4 2.56 15.5591 -3.89489 15.5591
6.4 2.72 15.5823 -3.53334 15.5823
6.4 2.88 15.3065 -3.10555 15.3065
6.4 3.04 14.0971 -2.86623 14.0971
6.4 3.2 10.7607 -3.1168 10.7607
6.4 3.36 4.42853 -3.20505 4.42853
6.4 3.52 -1.75049 0.148048 -1.75049
6.4 3.68 -3.4419 7.06722 -3.4419
6.4 3.84 -2.99444 12.4286 -2.99444
6.4 4 -2.83291 14.9001 -2.83291
6.4 4.16 -3.04705 15.7438 -3.04705
6.4 4.32 -3.31867 15.9406 -3.31867
6.4 4.48 -3.45452 15.9424 -3.45452
6.4 4.64 -3.38593 15.8839 -3.38593
6.4 4.8 -3.16375 15.6495 -3.16375
6.4 4.96 -2.98419 14.7777 -2.98419
6.4 5.12 -3.20873 12.2015 -3.20873
6.4 5.28 -3.78181 6.4973 -3.78181
6.4 5.44 -1.93631 -0.733412 -1.93631
6.4 5.6 4.75044 -3.79574 4.75044
6.4 5.76 11.2488 -3.34352 11.2488
6.4 5.92 14.5408 -2.85538 14.5408
6.4 6.08 15.7501 -2.83035 15.7501
6.4 6.24 16.0746 -2.92201 16.0746
6.4 6.4 15.988 -2.9386 15.988
6.4 6.56 15.3916 -2.91994 15.3916
6.4 6.72 13.5419 -3.14666 13.5419
6.4 6.88 8.87872 -3.94677 8.87872
6.4 7.04 1.20768 -3.70507 1.20768
6.4 7.2 -3.86693 1.78248 -3.86693
6.4 7.36 -3.82706 9.42016 -3.82706
6.4 7.52 -2.9285 13.9133 -2.9285
6.4 7.68 -3.70561 14.5524 -3.70561
6.4 7.84 -5.6134 13.0415 -5.6134
6.56 0 -7.63128 11.9479 -7.63128
6.56 0.16 -7.91593 11.6076 -7.91593
6.56 0.32 -4.31603 14.9896 -4.31603
6.56 0.48 -3.49238 15.361 -3.49238
6.56 0.64 -2.93308 15.0497 -2.93308
6.56 0.8 -2.67509 13.576 -2.67509
6.56 0.96 -2.88139 9.8122 -2.88139
6.56 1.12 -2.48219 3.45286 -2.48219
6.56 1.28 1.57756 -1.86067 1.57756
6.56 1.44 8.20926 -3.04445 8.20926
6.56 1.6 12.8967 -2.73647 12.8967
6.56 1.76 14.9814 -2.77118 14.9814
6.56 1.92 15.6324 -3.14989 15.6324
6.56 2.08 15.6952 -3.59933 15.6952
6.56 2.24 15.5946 -3.93336 15.5946
6.56 2.4 15.5327 -4.04292 15.5327
6.56 2.56 15.5624 -3.89064 15.5624
6.56 2.72 15.5848 -3.52855 15.5848
6.56 2.88 15.3055 -3.10139 15.3055
6.56 3.04 14.0873 -2.86465 14.0873
6.56 3.2 10.7337 -3.11875 10.7337
6.56 3.36 4.38702 -3.19907 4.38702
6.56 3.52 -1.77377 0.182523 -1.77377
6.56 3.68 -3.44099 7.10717 -3.44099
6.56 3.84 -2.99138 12.4507 -2.99138
6.56 4 -2.83284 14.9088 -2.83284
6.56 4.16 -3.04811 15.7467 -3.04811
6.56 4.32 -3.31924 15.9416 -3.31924
6.56 4.48 -3.45387 15.9432 -3.45387
6.56 4.64 -3.38406 15.8841 -3.38406
6.56 4.8 -3.16138 15.6473 -3.16138
6.56 4.96 -2.98309 14.7688 -2.98309
6.56 5.12 -3.21118 12.177 -3.21118
6.56 5.28 -3.7817 6.45205 -3.7817
6.56 5.44 -1.90663 -0.769626 -1.90663
6.56 5.6 4.79972 -3.79801 4.79972
6.56 5.76 11.281 -3.33764 11.281
6.56 5.92 14.5554 -2.85262 14.5554
6.56 6.08 15.7566 -2.82921 15.7566
6.56 6.24 16.0782 -2.92069 16.0782
6.56 6.4 15.9901 -2.93659 15.9901
6.56 6.56 15.3914 -2.91775 15.3914
6.56 6.72 13.5357 -3.14573 13.5357
6.56 6.88 8.86164 -3.94697 8.86164
6.56 7.04 1.18742 -3.69562 1.18742
6.56 7.2 -3.87082 1.80684 -3.87082
6.56 7.36 -3.82347 9.43866 -3.82347
6.56 7.52 -2.92728 13.921 -2.92728
6.56 7.68 -3.70671 14.5545 -3.70671
6.56 7.84 -5.61508 13.0423 -5.61508
6.72 0 -7.61449 11.9651 -7.61449
6.72 0.16 -7.9138 11.6102 -7.9138
6.72 0.32 -4.31452 14.9915 -4.31452
6.72 0.48 -3.491 15.3622 -3.491
6.72 0.64 -2.9321 15.0493 -2.9321
6.72 0.8 -2.67507 13.5721 -2.67507
6.72 0.96 -2.88228 9.80174 -2.88228
6.72 1.12 -2.47901 3.43804 -2.47901
6.72 1.28 1.5906 -1.86836 1.5906
6.72 1.44 8.2228 -3.0449 8.2228
6.72 1.6 12.9041 -2.73641 12.9041
6.72 1.76 14.9845 -2.77185 14.9845
6.72 1.92 15.6336 -3.15064 15.6336
6.72 2.08 15.696 -3.59948 15.696
6.72 2.24 15.5958 -3.93239 15.5958
6.72 2.4 15.5345 -4.04055 15.5345
6.72 2.56 15.5646 -3.88697 15.5646
6.72 2.72 15.586 -3.52419 15.586
6.72 2.88 15.303 -3.09759 15.303
6.72 3.04 14.0752 -2.86352 14.0752
6.72 3.2 10.7026 -3.12121 10.7026
6.72 3.36 4.34026 -3.19217 4.34026
6.72 3.52 -1.79988 0.221372 -1.79988
6.72 3.68 -3.44057 7.15173 -3.44057
6.72 3.84 -2.98898 12.4751 -2.98898
6.72 4 -2.83406 14.918 -2.83406
6.72 4.16 -3.05087 15.7492 -3.05087
6.72 4.32 -3.32172 15.9419 -3.32172
6.72 4.48 -3.45512 15.9428 -3.45512
6.72 4.64 -3.384 15.8832 -3.384
6.72 4.8 -3.16065 15.6442 -3.16065
6.72 4.96 -2.9835 14.7586 -2.9835
6.72 5.12 -3.21516 12.15 -3.21516
6.72 5.28 -3.78245 6.40294 -3.78245
6.72 5.44 -1.8749 -0.808513 -1.8749
6.72 5.6 4.85239 -3.80032 4.85239
6.72 5.76 11.3148 -3.33154 11.3148
6.72 5.92 14.5702 -2.8501 14.5702
6.72 6.08 15.7626 -2.82853 15.7626
6.72 6.24 16.0808 -2.91989 16.0808
6.72 6.4 15.9911 -2.93506 15.9911
6.72 6.56 15.3895 -2.91609 15.3895
6.72 6.72 13.5265 -3.1456 13.5265
6.72 6.88 8.83908 -3.94807 8.83908
6.72 7.04 1.16101 -3.68449 1.16101
6.72 7.2 -3.87692 1.83665 -3.87692
6.72 7.36 -3.82042 9.46125 -3.82042
6.72 7.52 -2.92722 13.93 -2.92722
6.72 7.68 -3.70912 14.5568 -3.70912
6.72 7.84 -5.61697 13.0439 -5.61697
6.88 0 -7.57758 12.0024 -7.57758
6.88 0.16 -7.91178 11.6122 -7.91178
6.88 0.32 -4.31181 14.9934 -4.31181
6.88 0.48 -3.48869 15.363 -3.48869
6.88 0.64 -2.93059 15.0476 -2.93059
6.88 0.8 -2.67504 13.5652 -2.67504
6.88 0.96 -2.88343 9.78579 -2.88343
6.88 1.12 -2.47412 3.4167 -2.47412
6.88 1.28 1.6092 -1.87891 1.6092
6.88 1.44 8.24159 -3.04526 8.24159
6.88 1.6 12.9141 -2.73625 12.9141
6.88 1.76 14.9883 -2.77289 14.9883
6.88 1.92 15.6346 -3.15199 15.6346
6.88 2.08 15.6962 -3.60031 15.6962
6.88 2.24 15.5963 -3.93206 15.5963
6.88 2.4 15.5357 -4.03871 15.5357
6.88 2.56 15.5661 -3.88371 15.5661
6.88 2.72 15.5865 -3.52015 15.5865
6.88 2.88 15.2994 -3.09411 15.2994
6.88 3.04 14.0609 -2.8629 14.0609
6.88 3.2 10.6675 -3.12438 10.6675
6.88 3.36 4.28837 -3.18459 4.28837
6.88 3.52 -1.82818 0.264311 -1.82818
6.88 3.68 -3.43956 7.20042 -3.43956
6.88 3.84 -2.98584 12.5014 -2.98584
6.88 4 -2.83479 14.9277 -2.83479
6.88 4.16 -3.0532 15.7516 -3.0532
6.88 4.32 -3.3237 15.9417 -3.3237
6.88 4.48 -3.45578 15.9421 -3.45578
6.88 4.64 -3.38336 15.8817 -3.38336
6.88 4.8 -3.15937 15.6402 -3.15937
6.88 4.96 -2.98359 14.7469 -2.98359
6.88 5.12 -3.21919 12.1202 -3.21919
6.88 5.28 -3.78292 6.34959 -3.78292
6.88 5.44 -1.84047 -0.850245 -1.84047
6.88 5.6 4.90859 -3.80282 4.90859
6.88 5.76 11.3504 -3.32532 11.3504
6.88 5.92 14.5854 -2.8478 14.5854
6.88 6.08 15.7683 -2.82826 15.7683
6.88 6.24 16.0829 -2.9195 16.0829
6.88 6.4 15.9912 -2.93395 15.9912
6.88 6.56 15.3861 -2.91494 15.3861
6.88 6.72 13.5141 -3.14637 13.5141
6.88 6.88 8.81056 -3.95027 8.81056
6.88 7.04 1.12828 -3.67148 1.12828
6.88 7.2 -3.88421 1.87266 -3.88421
6.88 7.36 -3.81616 9.48854 -3.81616
6.88 7.52 -2.9262 13.9411 -2.9262
6.88 7.68 -3.71106 14.5599 -3.71106
6.88 7.84 -5.61926 13.0454 -5.61926
7.04 0 -7.51982 12.0603 -7.51982
7.04 0.16 -7.90966 11.6139 -7.90966
7.04 0.32 -4.30891 14.9951 -4.30891
7.04 0.48 -3.4861 15.3631 -3.4861
7.04 0.64 -2.92902 15.0443 -2.92902
7.04 0.8 -2.67548 13.5548 -2.67548
7.04 0.96 -2.88532 9.76337 -2.88532
7.04 1.12 -2.46769 3.38779 -2.46769
7.04 1.28 1.63356 -1.89285 1.63356
7.04 1.44 8.26561 -3.04581 8.26561
7.04 1.6 12.9263 -2.7362 12.9263
7.04 1.76 14.9926 -2.77442 14.9926
7.04 1.92 15.6355 -3.15397 15.6355
7.04 2.08 15.696 -3.60177 15.696
7.04 2.24 15.5963 -3.93228 15.5963
7.04 2.4 15.5364 -4.03732 15.5364
7.04 2.56 15.567 -3.88081 15.567
7.04 2.72 15.5862 -3.51643 15.5862
7.04 2.88 15.2943 -3.09111 15.2943
7.04 3.04 14.044 -2.86308 14.044
7.04 3.2 10.6278 -3.12863 10.6278
7.04 3.36 4.23086 -3.17664 4.23086
7.04 3.52 -1.85901 0.310929 -1.85901
7.04 3.68 -3.43849 7.25272 -3.43849
7.04 3.84 -2.98251 12.5294 -2.98251
7.04 4 -2.83553 14.938 -2.83553
7.04 4.16 -3.05555 15.7541 -3.05555
7.04 4.32 -3.32565 15.9416 -3.32565
7.04 4.48 -3.45631 15.9413 -3.45631
7.04 4.64 -3.3826 15.88 -3.3826
7.04 4.8 -3.158 15.6356 -3.158
7.04 4.96 -2.98387 14.7338 -2.98387
7.04 5.12 -3.22383 12.0874 -3.22383
7.04 5.28 -3.78359 6.29166 -3.78359
7.04 5.44 -1.80368 -0.895015 -1.80368
7.04 5.6 4.96784 -3.8057 4.96784
7.04 5.76 11.3872 -3.31922 11.3872
7.04 5.92 14.6005 -2.8459 14.6005
7.04 6.08 15.7735 -2.82847 15.7735
7.04 6.24 16.0843 -2.9196 16.0843
7.04 6.4 15.9903 -2.93332 15.9903
7.04 6.56 15.3808 -2.91446 15.3808
7.04 6.72 13.498 -3.14833 13.498
7.04 6.88 8.77517 -3.95391 8.77517
7.04 7.04 1.08837 -3.65664 1.08837
7.04 7.2 -3.89319 1.91509 -3.89319
7.04 7.36 -3.81117 9.52067 -3.81117
7.04 7.52 -2.92481 13.9543 -2.92481
7.04 7.68 -3.71292 14.5639 -3.71292
7.04 7.84 -5.62122 13.0478 -5.62122
7.2 0 -7.48208 12.0979 -7.48208
7.2 0.16 -7.90623 11.6165 -7.90623
7.2 0.32 -4.30454 14.9976 -4.30454
7.2 0.48 -3.48201 15.3636 -3.48201
7.2 0.64 -2.92614 15.0404 -2.92614
7.2 0.8 -2.67502 13.5415 -2.67502
7.2 0.96 -2.88634 9.73495 -2.88634
7.2 1.12 -2.45735 3.35233 -2.45735
7.2 1.28 1.66633 -1.90819 1.66633
7.2 1.44 8.29658 -3.04471 8.29658
7.2 1.6 12.9416 -2.73521 12.9416
7.2 1.76 14.9976 -2.77596 14.9976
7.2 1.92 15.6361 -3.15648 15.6361
7.2 2.08 15.6952 -3.60398 15.6952
7.2 2.24 15.5955 -3.93331 15.5955
7.2 2.4 15.5362 -4.03667 15.5362
7.2 2.56 15.5672 -3.87846 15.5672
7.2 2.72 15.5849 -3.51305 15.5849
7.2 2.88 15.2879 -3.08828 15.2879
7.2 3.04 14.0248 -2.86327 14.0248
7.2 3.2 10.5844 -3.13247 10.5844
7.2 3.36 4.16974 -3.16618 4.16974
7.2 3.52 -1.89001 0.362933 -1.89001
7.2 3.68 -3.43556 7.30947 -3.43556
7.2 3.84 -2.97765 12.5596 -2.97765
7.2 4 -2.83505 14.9495 -2.83505
7.2 4.16 -3.0567 15.7577 -3.0567
7.2 4.32 -3.32632 15.9424 -3.32632
7.2 4.48 -3.45552 15.9415 -3.45552
7.2 4.64 -3.38045 15.8792 -3.38045
7.2 4.8 -3.15536 15.6315 -3.15536
7.2 4.96 -2.9831 14.7202 -2.9831
7.2 5.12 -3.22774 12.0524 -3.22774
7.2 5.28 -3.7827 6.23029 -3.7827
7.2 5.44 -1.76251 -0.940897 -1.76251
7.2 5.6 5.03137 -3.80718 5.03137
7.2 5.76 11.4257 -3.31224 11.4257
7.2 5.92 14.6157 -2.84395 14.6157
7.2 6.08 15.7781 -2.82905 15.7781
7.2 6.24 16.0847 -2.92022 16.0847
7.2 6.4 15.988 -2.9332 15.988
7.2 6.56 15.3735 -2.91448 15.3735
7.2 6.72 13.4782 -3.15092 13.4782
7.2 6.88 8.73333 -3.95771 8.73333
7.2 7.04 1.0427 -3.63787 1.0427
7.2 7.2 -3.90195 1.9658 -3.90195
7.2 7.36 -3.80388 9.55884 -3.80388
7.2 7.52 -2.92178 13.9704 -2.92178
7.2 7.68 -3.71371 14.5694 -3.71371
7.2 7.84 -5.62255 13.0511 -5.62255
7.36 0 -7.47929 12.0997 -7.47929
7.36 0.16 -7.90217 11.6191 -7.90217
7.36 0.32 -4.3007 14.9991 -4.3007
7.36 0.48 -3.47846 15.3627 -3.47846
7.36 0.64 -2.92387 15.0338 -2.92387
7.36 0.8 -2.67557 13.5231 -2.67557
7.36 0.96 -2.88827 9.69807 -2.88827
7.36 1.12 -2.44446 3.30834 -2.44446
7.36 1.28 1.70613 -1.92624 1.70613
7.36 1.44 8.33256 -3.0433 8.33256
7.36 1.6 12.9582 -2.73447 12.9582
7.36 1.76 15.0021 -2.7784 15.0021
7.36 1.92 15.6355 -3.16016 15.6355
7.36 2.08 15.693 -3.60747 15.693
7.36 2.24 15.5932 -3.93564 15.5932
7.36 2.4 15.5345 -4.03725 15.5345
7.36 2.56 15.5657 -3.87723 15.5657
7.36 2.72 15.5818 -3.51069 15.5818
7.36 2.88 15.2789 -3.08652 15.2789
7.36 3.04 14.0016 -2.86469 14.0016
7.36 3.2 10.5352 -3.13739 10.5352
7.36 3.36 4.10307 -3.15466 4.10307
7.36 3.52 -1.92265 0.418613 -1.92265
7.36 3.68 -3.4326 7.36832 -3.4326
7.36 3.84 -2.97325 12.5899 -2.97325
7.36 4 -2.8353 14.9604 -2.8353
7.36 4.16 -3.05865 15.7606 -3.05865
7.36 4.32 -3.3278 15.9427 -3.3278
7.36 4.48 -3.45554 15.941 -3.45554
7.36 4.64 -3.37901 15.8776 -3.37901
7.36 4.8 -3.15354 15.6261 -3.15354
7.36 4.96 -2.9834 14.7042 -2.9834
7.36 5.12 -3.23298 12.0131 -3.23298
7.36 5.28 -3.78199 6.16365 -3.78199
7.36 5.44 -1.71852 -0.988956 -1.71852
7.36 5.6 5.097 -3.8084 5.097
7.36 5.76 11.4637 -3.30557 11.4637
7.36 5.92 14.6294 -2.8429 14.6294
7.36 6.08 15.7809 -2.8307 15.7809
7.36 6.24 16.0831 -2.92194 16.0831
7.36 6.4 15.9835 -2.93422 15.9835
7.36 6.56 15.3629 -2.91584 15.3629
7.36 6.72 13.4526 -3.15529 13.4526
7.36 6.88 8.68268 -3.96302 8.68268
7.36 7.04 0.989352 -3.61617 0.989352
7.36 7.2 -3.91199 2.02343 -3.91199
7.36 7.36 -3.79607 9.60114 -3.79607
7.36 7.52 -2.91889 13.9878 -2.91889
7.36 7.68 -3.71483 14.575 -3.71483
7.36 7.84 -5.62374 13.0545 -5.62374
7.52 0 -7.4814 12.0952 -7.4814
7.52 0.16 -7.89855 11.6198 -7.89855
7.52 0.32 -4.2971 14.9982 -4.2971
7.52 0.48 -3.47515 15.3586 -3.47515
7.52 0.64 -2.92193 15.0225 -2.92193
7.52 0.8 -2.67676 13.4974 -2.67676
7.52 0.96 -2.89011 9.65079 -2.89011
7.52 1.12 -2.42709 3.25572 -2.42709
7.52 1.28 1.75388 -1.94562 1.75388
7.52 1.44 8.37236 -3.04103 8.37236
7.52 1.6 12.9743 -2.73408 12.9743
7.52 1.76 15.0046 -2.78195 15.0046
7.52 1.92 15.6325 -3.16527 15.6325
7.52 2.08 15.6883 -3.61252 15.6883
7.52 2.24 15.5885 -3.93955 15.5885
7.52 2.4 15.5302 -4.03942 15.5302
7.52 2.56 15.5614 -3.87751 15.5614
7.52 2.72 15.5755 -3.50975 15.5755
7.52 2.88 15.2659 -3.08614 15.2659
7.52 3.04 13.9729 -2.86762 13.9729
7.52 3.2 10.4787 -3.14327 10.4787
7.52 3.36 4.03107 -3.14096 4.03107
7.52 3.52 -1.95482 0.478526 -1.95482
7.52 3.68 -3.42824 7.4277 -3.42824
7.52 3.84 -2.96877 12.618 -2.96877
7.52 4 -2.836 14.9687 -2.836
7.52 4.16 -3.06112 15.761 -3.06112
7.52 4.32 -3.32976 15.9407 -3.32976
7.52 4.48 -3.45604 15.9383 -3.45604
7.52 4.64 -3.37801 15.8736 -3.37801
7.52 4.8 -3.15226 15.6176 -3.15226
7.52 4.96 -2.98452 14.6837 -2.98452
7.52 5.12 -3.23903 11.9674 -3.23903
7.52 5.28 -3.78003 6.09087 -3.78003
7.52 5.44 -1.67035 -1.03803 -1.67035
7.52 5.6 5.16371 -3.80861 5.16371
7.52 5.76 11.4993 -3.29948 11.4993
7.52 5.92 14.6397 -2.84315 14.6397
7.52 6.08 15.7806 -2.83374 15.7806
7.52 6.24 16.0785 -2.92505 16.0785
7.52 6.4 15.9753 -2.93674 15.9753
7.52 6.56 15.3474 -2.91891 15.3474
7.52 6.72 13.4195 -3.16189 13.4195
7.52 6.88 8.62157 -3.96976 8.62157
7.52 7.04 0.928888 -3.59038 0.928888
7.52 7.2 -3.92153 2.08787 -3.92153
7.52 7.36 -3.78695 9.64558 -3.78695
7.52 7.52 -2.91566 14.0042 -2.91566
7.52 7.68 -3.71589 14.579 -3.71589
7.52 7.84 -5.62525 13.0562 -5.62525
7.68 0 -7.47237 12.1007 -7.47237
7.68 0.16 -7.89551 11.6185 -7.89551
7.68 0.32 -4.29328 14.9957 -4.29328
7.68 0.48 -3.4714 15.3519 -3.4714
7.68 0.64 -2.91991 15.0061 -2.91991
7.68 0.8 -2.67813 13.4627 -2.67813
7.68 0.96 -2.89048 9.59158 -2.89048
7.68 1.12 -2.40221 3.19545 -2.40221
7.68 1.28 1.81203 -1.96259 1.81203
7.68 1.44 8.4164 -3.03451 8.4164
7.68 1.6 12.9908 -2.73092 12.9908
7.68 1.76 15.0072 -2.78324 15.0072
7.68 1.92 15.6306 -3.16787 15.6306
7.68 2.08 15.6854 -3.61478 15.6854
7.68 2.24 15.586 -3.94053 15.586
7.68 2.4 15.5282 -4.03844 15.5282
7.68 2.56 15.559 -3.87475 15.559
7.68 2.72 15.57 -3.50611 15.57
7.68 2.88 15.2517 -3.08356 15.2517
7.68 3.04 13.9399 -2.86894 13.9399
7.68 3.2 10.4156 -3.14695 10.4156
7.68 3.36 3.95612 -3.1211 3.95612
7.68 3.52 -1.9827 0.544718 -1.9827
7.68 3.68 -3.42055 7.48628 -3.42055
7.68 3.84 -2.96372 12.6421 -2.96372
7.68 4 -2.83674 14.9739 -2.83674
7.68 4.16 -3.06336 15.7599 -3.06336
7.68 4.32 -3.33135 15.938 -3.33135
7.68 4.48 -3.45611 15.9349 -3.45611
7.68 4.64 -3.3765 15.8687 -3.3765
7.68 4.8 -3.15076 15.6069 -3.15076
7.68 4.96 -2.98584 14.6585 -2.98584
7.68 5.12 -3.24511 11.914 -3.24511
7.68 5.28 -3.77433 6.01194 -3.77433
7.68 5.44 -1.61426 -1.08435 -1.61426
7.68 5.6 5.23305 -3.80351 5.23305
7.68 5.76 11.533 -3.29071 11.533
7.68 5.92 14.6487 -2.84139 14.6487
7.68 6.08 15.7803 -2.83442 15.7803
7.68 6.24 16.0746 -2.92549 16.0746
7.68 6.4 15.9674 -2.93661 15.9674
7.68 6.56 15.3303 -2.91971 15.3303
7.68 6.72 13.3806 -3.16728 13.3806
7.68 6.88 8.55134 -3.97411 8.55134
7.68 7.04 0.865037 -3.55583 0.865037
7.68 7.2 -3.92694 2.16035 -3.92694
7.68 7.36 -3.77528 9.69059 -3.77528
7.68 7.52 -2.91154 14.0188 -2.91154
7.68 7.68 -3.7165 14.5809 -3.7165
7.68 7.84 -5.62653 13.0552 -5.62653
7.84 0 -13.0007 6.56771 -13.0007
7.84 0.16 -14.4269 5.08091 -14.4269
7.84 0.32 -10.6215 8.65793 -10.6215
7.84 0.48 -9.74104 9.06653 -9.74104
7.84 0.64 -9.1621 8.73681 -9.1621
7.84 0.8 -8.89636 7.19749 -8.89636
7.84 0.96 -9.07386 3.32982 -9.07386
7.84 1.12 -8.52844 -3.03474 -8.52844
7.84 1.28 -4.28055 -8.13457 -4.28055
7.84 1.44 2.27296 -9.20853 2.27296
7.84 1.6 6.79229 -8.93477 6.79229
7.84 1.76 8.77508 -9.01363 8.77508
7.84 1.92 9.37574 -9.41988 9.37574
7.84 2.08 9.412 -9.88516 9.412
7.84 2.24 9.30053 -10.2227 9.30053
7.84 2.4 9.23912 -10.3228 9.23912
7.84 2.56 9.27219 -10.1539 9.27219
7.84 2.72 9.29016 -9.77301 9.29016
7.84 2.88 8.98059 -9.33175 8.98059
7.84 3.04 7.67136 -9.09567 7.67136
7.84 3.2 4.14199 -9.34638 4.14199
7.84 3.36 -2.29488 -9.26365 -2.29488
7.84 3.52 -8.16793 -5.54748 -8.16793
7.84 3.68 -9.59553 1.35117 -9.59553
7.84 3.84 -9.16883 6.44579 -9.16883
7.84 4 -9.06534 8.74452 -9.06534
7.84 4.16 -9.30947 9.5107 -9.30947
7.84 4.32 -9.59008 9.67542 -9.59008
7.84 4.48 -9.71984 9.66548 -9.71984
7.84 4.64 -9.63726 9.59882 -9.63726
7.84 4.8 -9.40052 9.34052 -9.40052
7.84 4.96 -9.2207 8.3918 -9.2207
7.84 5.12 -9.46095 5.63782 -9.46095
7.84 5.28 -9.94756 -0.261741 -9.94756
7.84 5.44 -7.71976 -7.29701 -7.71976
7.84 5.6 -0.887339 -9.97899 -0.887339
7.84 5.76 5.34626 -9.49182 5.34626
7.84 5.92 8.425 -9.06504 8.425
7.84 6.08 9.53864 -9.07179 9.53864
7.84 6.24 9.8238 -9.16924 9.8238
7.84 6.4 9.71154 -9.18017 9.71154
7.84 6.56 9.07197 -9.15556 9.07197
7.84 6.72 7.10942 -9.39365 7.10942
7.84 6.88 2.26526 -10.1765 2.26526
7.84 7.04 -5.38287 -9.69056 -5.38287
7.84 7.2 -10.1119 -3.94782 -10.1119
7.84 7.36 -9.96979 3.52071 -9.96979
7.84 7.52 -9.12586 7.80742 -9.12586
7.84 7.68 -9.85364 8.44002 -9.85364
7.84 7.84 -12.8912 5.7846 -12.8912
