0 0 -6.64393 12.8023 -6.64259
0 0.16 -7.18119 12.1787 -7.17987
0 0.32 -3.56412 15.46 -3.56286
0 0.48 -2.86416 15.4311 -2.86299
0 0.64 -2.60702 14.1599 -2.60599
0 0.8 -2.88742 10.6143 -2.88654
0 0.96 -2.87767 4.11872 -2.87695
0 1.12 0.669473 -1.88544 0.670019
0 1.28 7.43287 -3.42206 7.43326
0 1.44 12.5236 -3.01765 12.5239
0 1.6 14.8627 -2.90334 14.8628
0 1.76 15.6659 -3.13726 15.6659
0 1.92 15.8635 -3.4132 15.8635
0 2.08 15.8972 -3.54033 15.8972
0 2.24 15.9226 -3.4421 15.9226
0 2.4 15.8825 -3.14638 15.8826
0 2.56 15.468 -2.79366 15.4683
0 2.72 13.9377 -2.66667 13.9381
0 2.88 9.94091 -3.04934 9.94146
0 3.04 3.00778 -2.85693 3.00849
0 3.2 -2.59859 1.35503 -2.59771
0 3.36 -3.56913 8.23936 -3.5681
0 3.52 -3.05616 12.9797 -3.055
0 3.68 -2.94187 15.064 -2.94061
0 3.84 -3.13644 15.7701 -3.13511
0 4 -3.32247 15.9659 -3.32112
0 4.16 -3.33035 16.0301 -3.32903
0 4.32 -3.13486 16.0291 -3.1336
0 4.48 -2.83347 15.7686 -2.83231
0 4.64 -2.65281 14.6948 -2.65177
0 4.8 -2.92803 11.6472 -2.92715
0 4.96 -3.30632 5.43989 -3.3056
0 5.12 -0.708748 -1.38017 -0.708202
0 5.28 5.99997 -3.71769 6.00036
0 5.44 11.7534 -3.30306 11.7536
0 5.6 14.5792 -2.98533 14.5793
0 5.76 15.6519 -3.03247 15.652
0 5.92 15.9735 -3.17696 15.9735
0 6.08 15.9874 -3.23852 15.9874
0 6.24 15.8465 -3.10072 15.8466
0 6.4 15.3077 -2.86518 15.3078
0 6.56 13.451 -2.94637 13.4513
0 6.72 8.82415 -3.57628 8.82454
0 6.88 1.55053 -3.03639 1.55108
0 7.04 -3.3454 2.22478 -3.34468
0 7.2 -3.63234 9.36978 -3.63146
0 7.36 -2.87564 13.825 -2.87461
0 7.52 1.06476 19.3795 1.06592
0 7.68 1.29275 20.244 1.29401
0 7.84 -29.099 -9.87771 -29.0976
0.16 0 -11.9936 7.45814 -11.9923
0.16 0.16 -13.529 5.83533 -13.5277
0.16 0.32 -9.78912 9.23721 -9.78785
0.16 0.48 -9.06428 9.22989 -9.06311
0.16 0.64 -8.77755 7.98101 -8.77651
0.16 0.8 -9.02623 4.45543 -9.02535
0.16 0.96 -8.97558 -2.00905 -8.97487
0.16 1.12 -5.38949 -7.96836 -5.38894
0.16 1.28 1.37783 -9.48974 1.37822
0.16 1.44 6.45252 -9.0966 6.45277
0.16 1.6 8.77522 -8.99768 8.77535
0.16 1.76 9.56439 -9.24553 9.56443
0.16 1.92 9.75186 -9.53169 9.75186
0.16 2.08 9.78029 -9.664 9.78029
0.16 2.24 9.80631 -9.56498 9.80635
0.16 2.4 9.77311 -9.26206 9.77323
0.16 2.56 9.37078 -8.8965 9.37103
0.16 2.72 7.85717 -8.75235 7.85755
0.16 2.88 3.87751 -9.11997 3.87806
0.16 3.04 -3.04914 -8.93129 -3.04842
0.16 3.2 -8.68071 -4.75433 -8.67983
0.16 3.36 -9.69589 2.09272 -9.69486
0.16 3.52 -9.21562 6.81184 -9.21445
0.16 3.68 -9.1231 8.8817 -9.12184
0.16 3.84 -9.33245 9.57669 -9.33113
0.16 4 -9.52735 9.76521 -9.52601
0.16 4.16 -9.5384 9.82654 -9.53707
0.16 4.32 -9.3386 9.82868 -9.33734
0.16 4.48 -9.02524 9.57724 -9.02408
0.16 4.64 -8.82552 8.51644 -8.82449
0.16 4.8 -9.07327 5.48591 -9.07239
0.16 4.96 -9.41334 -0.69449 -9.41263
0.16 5.12 -6.77252 -7.46861 -6.77198
0.16 5.28 -0.0525639 -9.78338 -0.052178
0.16 5.44 5.68687 -9.37739 5.68711
0.16 5.6 8.49613 -9.07523 8.49626
0.16 5.76 9.55612 -9.1349 9.55617
0.16 5.92 9.87166 -9.28517 9.87167
0.16 6.08 9.88627 -9.34591 9.88627
0.16 6.24 9.74953 -9.20404 9.74958
0.16 6.4 9.21567 -8.96317 9.2158
0.16 6.56 7.36793 -9.03473 7.36818
0.16 6.72 2.75368 -9.65378 2.75407
0.16 6.88 -4.51424 -9.11871 -4.51369
0.16 7.04 -9.42939 -3.88496 -9.42868
0.16 7.2 -9.75345 3.23252 -9.75257
0.16 7.36 -9.04477 7.65133 -9.04374
0.16 7.52 -5.02142 13.2951 -5.02026
0.16 7.68 -4.26252 14.6895 -4.26126
0.16 7.84 -37.4618 -18.2375 -37.4605
0.32 0 -6.36865 13.0868 -6.3673
0.32 0.16 -7.1914 12.1784 -7.19008
0.32 0.32 -3.62093 15.4179 -3.61967
0.32 0.48 -2.94628 15.3732 -2.94512
0.32 0.64 -2.68491 14.1247 -2.68388
0.32 0.8 -2.96435 10.6127 -2.96347
0.32 0.96 -2.97908 4.13061 -2.97837
0.32 1.12 0.541231 -1.91071 0.541777
0.32 1.28 7.36041 -3.44945 7.3608
0.32 1.44 12.5131 -3.01995 12.5133
0.32 1.6 14.8768 -2.89298 14.8769
0.32 1.76 15.687 -3.12233 15.6871
0.32 1.92 15.8866 -3.39725 15.8866
0.32 2.08 15.9214 -3.5251 15.9214
0.32 2.24 15.9483 -3.42956 15.9484
0.32 2.4 15.9141 -3.13687 15.9143
0.32 2.56 15.5134 -2.78736 15.5137
0.32 2.72 14.0173 -2.66043 14.0177
0.32 2.88 10.0708 -3.0563 10.0714
0.32 3.04 3.12651 -2.94939 3.12723
0.32 3.2 -2.61405 1.14503 -2.61317
0.32 3.36 -3.65255 8.05604 -3.65152
0.32 3.52 -3.13568 12.8635 -3.13452
0.32 3.68 -3.01526 14.9797 -3.014
0.32 3.84 -3.20774 15.6974 -3.20641
0.32 4 -3.39492 15.8967 -3.39357
0.32 4.16 -3.40633 15.9612 -3.40501
0.32 4.32 -3.21431 15.9618 -3.21305
0.32 4.48 -2.91189 15.7114 -2.91073
0.32 4.64 -2.72697 14.6587 -2.72594
0.32 4.8 -2.99811 11.647 -2.99723
0.32 4.96 -3.39432 5.46519 -3.3936
0.32 5.12 -0.835938 -1.38917 -0.835392
0.32 5.28 5.91387 -3.74376 5.91425
0.32 5.44 11.7373 -3.30474 11.7375
0.32 5.6 14.593 -2.97371 14.5932
0.32 5.76 15.675 -3.0158 15.6751
0.32 5.92 16.0002 -3.15878 16.0003
0.32 6.08 16.0195 -3.21945 16.0195
0.32 6.24 15.8858 -3.08346 15.8859
0.32 6.4 15.3621 -2.85072 15.3623
0.32 6.56 13.5424 -2.93222 13.5426
0.32 6.72 8.96328 -3.58326 8.96367
0.32 6.88 1.65176 -3.15367 1.65231
0.32 7.04 -3.37944 2.00649 -3.37872
0.32 7.2 -3.71195 9.20488 -3.71107
0.32 7.36 -2.95652 13.7154 -2.95549
0.32 7.52 1.04105 19.3491 1.04221
0.32 7.68 1.36875 20.3194 1.37001
0.32 7.84 -29.2983 -10.0765 -29.297
0.48 0 -6.44986 13.0164 -6.44851
0.48 0.16 -7.26577 12.1161 -7.26445
0.48 0.32 -3.71495 15.3396 -3.71369
0.48 0.48 -3.04031 15.3028 -3.03915
0.48 0.64 -2.76967 14.0797 -2.76864
0.48 0.8 -3.03953 10.6074 -3.03865
0.48 0.96 -3.07338 4.14355 -3.07267
0.48 1.12 0.396778 -1.95156 0.397324
0.48 1.28 7.22067 -3.53565 7.22105
0.48 1.44 12.4074 -3.1088 12.4077
0.48 1.6 14.7905 -2.97792 14.7906
0.48 1.76 15.6066 -3.20705 15.6066
0.48 1.92 15.8071 -3.48362 15.8071
0.48 2.08 15.8414 -3.61421 15.8414
0.48 2.24 15.8688 -3.52148 15.8688
0.48 2.4 15.8399 -3.22962 15.84
0.48 2.56 15.4543 -2.87675 15.4546
0.48 2.72 13.9924 -2.73968 13.9928
0.48 2.88 10.1011 -3.12644 10.1017
0.48 3.04 3.17479 -3.05674 3.1755
0.48 3.2 -2.64874 0.9649 -2.64786
0.48 3.36 -3.74443 7.88804 -3.7434
0.48 3.52 -3.22789 12.7438 -3.22673
0.48 3.68 -3.10169 14.8868 -3.10043
0.48 3.84 -3.2928 15.6145 -3.29148
0.48 4 -3.48151 15.8164 -3.48016
0.48 4.16 -3.49625 15.881 -3.49493
0.48 4.32 -3.3062 15.884 -3.30494
0.48 4.48 -3.00249 15.6423 -3.00133
0.48 4.64 -2.81147 14.6105 -2.81044
0.48 4.8 -3.07253 11.6381 -3.07165
0.48 4.96 -3.48138 5.48622 -3.48067
0.48 5.12 -0.979332 -1.41393 -0.978785
0.48 5.28 5.76088 -3.82803 5.76127
0.48 5.44 11.6221 -3.39602 11.6223
0.48 5.6 14.5024 -3.06039 14.5025
0.48 5.76 15.5932 -3.10122 15.5932
0.48 5.92 15.9218 -3.24467 15.9219
0.48 6.08 15.9433 -3.30732 15.9433
0.48 6.24 15.8136 -3.17384 15.8137
0.48 6.4 15.3045 -2.93888 15.3046
0.48 6.56 13.5219 -3.00918 13.5221
0.48 6.72 8.99825 -3.6541 8.99864
0.48 6.88 1.69084 -3.2734 1.69139
0.48 7.04 -3.42737 1.82353 -3.42666
0.48 7.2 -3.80648 9.04786 -3.8056
0.48 7.36 -3.05556 13.5968 -3.05453
0.48 7.52 0.940038 19.2446 0.9412
0.48 7.68 1.2688 20.2208 1.27007
0.48 7.84 -29.3437 -10.1184 -29.3424
0.64 0 -6.42745 13.0411 -6.42611
0.64 0.16 -7.24089 12.1441 -7.23957
0.64 0.32 -3.6927 15.3678 -3.69144
0.64 0.48 -3.01768 15.3371 -3.01652
0.64 0.64 -2.74587 14.1266 -2.74483
0.64 0.8 -3.01639 10.6761 -3.01551
0.64 0.96 -3.06997 4.22346 -3.06926
0.64 1.12 0.359508 -1.90773 0.360054
0.64 1.28 7.18729 -3.5209 7.18767
0.64 1.44 12.4062 -3.08918 12.4064
0.64 1.6 14.8098 -2.94985 14.81
0.64 1.76 15.6338 -3.17585 15.6338
0.64 1.92 15.8361 -3.45286 15.8361
0.64 2.08 15.87 -3.58586 15.87
0.64 2.24 15.8971 -3.49614 15.8972
0.64 2.4 15.8708 -3.20662 15.8709
0.64 2.56 15.4938 -2.85446 15.4941
0.64 2.72 14.0533 -2.71493 14.0537
0.64 2.88 10.2003 -3.10054 10.2008
0.64 3.04 3.28948 -3.06407 3.29019
0.64 3.2 -2.59571 0.895057 -2.59483
0.64 3.36 -3.7334 7.82803 -3.73236
0.64 3.52 -3.21027 12.7301 -3.2091
0.64 3.68 -3.07359 14.9018 -3.07233
0.64 3.84 -3.26094 15.6407 -3.25961
0.64 4 -3.45013 15.846 -3.44878
0.64 4.16 -3.4673 15.9111 -3.46598
0.64 4.32 -3.28004 15.9149 -3.27878
0.64 4.48 -2.97859 15.6768 -2.97743
0.64 4.64 -2.78794 14.6561 -2.78691
0.64 4.8 -3.04786 11.7076 -3.04698
0.64 4.96 -3.47157 5.57665 -3.47086
0.64 5.12 -1.0176 -1.3558 -1.01705
0.64 5.28 5.71287 -3.81312 5.71326
0.64 5.44 11.6093 -3.38068 11.6095
0.64 5.6 14.5159 -3.03547 14.516
0.64 5.76 15.6176 -3.07196 15.6176
0.64 5.92 15.9506 -3.21454 15.9506
0.64 6.08 15.9742 -3.27859 15.9742
0.64 6.24 15.8468 -3.14814 15.8468
0.64 6.4 15.3462 -2.91419 15.3463
0.64 6.56 13.5869 -2.98126 13.5871
0.64 6.72 9.0991 -3.62933 9.09949
0.64 6.88 1.79204 -3.29391 1.79259
0.64 7.04 -3.39114 1.74863 -3.39042
0.64 7.2 -3.7951 9.0014 -3.79422
0.64 7.36 -3.03188 13.5969 -3.03085
0.64 7.52 0.974702 19.2698 0.975863
0.64 7.68 1.29849 20.246 1.29976
0.64 7.84 -29.3117 -10.09 -29.3104
0.8 0 -6.44945 13.0192 -6.44811
0.8 0.16 -7.26431 12.1214 -7.26299
0.8 0.32 -3.71556 15.3475 -3.7143
0.8 0.48 -3.03823 15.3226 -3.03707
0.8 0.64 -2.76296 14.1234 -2.76193
0.8 0.8 -3.02876 10.6936 -3.02788
0.8 0.96 -3.09164 4.25508 -3.09092
0.8 1.12 0.30911 -1.89847 0.309656
0.8 1.28 7.13463 -3.53554 7.13502
0.8 1.44 12.3709 -3.10607 12.3712
0.8 1.6 14.7848 -2.96598 14.785
0.8 1.76 15.6118 -3.1932 15.6118
0.8 1.92 15.8143 -3.4723 15.8144
0.8 2.08 15.8474 -3.60776 15.8474
0.8 2.24 15.8747 -3.52001 15.8748
0.8 2.4 15.8516 -3.23071 15.8517
0.8 2.56 15.4839 -2.87601 15.4842
0.8 2.72 14.0641 -2.73014 14.0644
0.8 2.88 10.2462 -3.10965 10.2468
0.8 3.04 3.3539 -3.09486 3.35461
0.8 3.2 -2.57765 0.813226 -2.57677
0.8 3.36 -3.7535 7.74717 -3.75247
0.8 3.52 -3.23111 12.6805 -3.22995
0.8 3.68 -3.09064 14.8714 -3.08938
0.8 3.84 -3.27777 15.6174 -3.27644
0.8 4 -3.46869 15.8245 -3.46735
0.8 4.16 -3.48782 15.89 -3.4865
0.8 4.32 -3.30163 15.8954 -3.30037
0.8 4.48 -2.99933 15.6625 -2.99817
0.8 4.64 -2.80495 14.654 -2.80391
0.8 4.8 -3.05929 11.7287 -3.05841
0.8 4.96 -3.4898 5.61975 -3.48908
0.8 5.12 -1.07258 -1.3339 -1.07203
0.8 5.28 5.64467 -3.82806 5.64505
0.8 5.44 11.5628 -3.40124 11.5631
0.8 5.6 14.4857 -3.05394 14.4858
0.8 5.76 15.593 -3.09094 15.5931
0.8 5.92 15.928 -3.2349 15.928
0.8 6.08 15.9532 -3.30032 15.9532
0.8 6.24 15.8284 -3.17113 15.8284
0.8 6.4 15.3365 -2.93524 15.3366
0.8 6.56 13.5994 -2.99448 13.5996
0.8 6.72 9.14544 -3.63792 9.14582
0.8 6.88 1.84398 -3.33273 1.84452
0.8 7.04 -3.38999 1.66412 -3.38928
0.8 7.2 -3.81997 8.92998 -3.81909
0.8 7.36 -3.05621 13.5519 -3.05518
0.8 7.52 0.95821 19.2428 0.959372
0.8 7.68 1.28597 20.2274 1.28723
0.8 7.84 -29.3258 -10.1086 -29.3245
0.96 0 -6.45093 13.02 -6.44959
0.96 0.16 -7.26283 12.1258 -7.26151
0.96 0.32 -3.71347 15.3535 -3.71221
0.96 0.48 -3.03562 15.331 -3.03445
0.96 0.64 -2.7584 14.1381 -2.75737
0.96 0.8 -3.02118 10.721 -3.0203
0.96 0.96 -3.08995 4.29163 -3.08924
0.96 1.12 0.291568 -1.87607 0.292114
0.96 1.28 7.11473 -3.52953 7.11512
0.96 1.44 12.3636 -3.10136 12.3638
0.96 1.6 14.7871 -2.95901 14.7872
0.96 1.76 15.619 -3.18482 15.6191
0.96 1.92 15.8235 -3.46394 15.8235
0.96 2.08 15.8562 -3.60113 15.8563
0.96 2.24 15.8824 -3.516 15.8825
0.96 2.4 15.8597 -3.22874 15.8598
0.96 2.56 15.4965 -2.87421 15.4968
0.96 2.72 14.09 -2.72513 14.0904
0.96 2.88 10.298 -3.10037 10.2985
0.96 3.04 3.42053 -3.10165 3.42124
0.96 3.2 -2.54637 0.76618 -2.54549
0.96 3.36 -3.7526 7.69997 -3.75157
0.96 3.52 -3.22993 12.6595 -3.22876
0.96 3.68 -3.08442 14.8685 -3.08316
0.96 3.84 -3.26949 15.6226 -3.26817
0.96 4 -3.46085 15.8323 -3.45951
0.96 4.16 -3.4817 15.8981 -3.48038
0.96 4.32 -3.29737 15.9036 -3.29611
0.96 4.48 -2.99586 15.6728 -2.9947
0.96 4.64 -2.80006 14.6716 -2.79903
0.96 4.8 -3.05088 11.7625 -3.05
0.96 4.96 -3.48634 5.67024 -3.48562
0.96 5.12 -1.09783 -1.2994 -1.09729
0.96 5.28 5.60771 -3.82291 5.6081
0.96 5.44 11.5437 -3.40038 11.5439
0.96 5.6 14.4821 -3.04972 14.4822
0.96 5.76 15.5968 -3.08499 15.5968
0.96 5.92 15.9352 -3.22851 15.9352
0.96 6.08 15.9619 -3.29475 15.9619
0.96 6.24 15.8372 -3.16822 15.8373
0.96 6.4 15.348 -2.9341 15.3481
0.96 6.56 13.6238 -2.98991 13.624
0.96 6.72 9.19359 -3.62944 9.19397
0.96 6.88 1.89749 -3.34425 1.89803
0.96 7.04 -3.37223 1.62007 -3.37152
0.96 7.2 -3.8188 8.89785 -3.81792
0.96 7.36 -3.05451 13.5404 -3.05348
0.96 7.52 0.960274 19.24 0.961436
0.96 7.68 1.29401 20.2335 1.29527
0.96 7.84 -29.3201 -10.1038 -29.3187
1.12 0 -6.47232 12.9969 -6.47098
1.12 0.16 -7.25035 12.1373 -7.24903
1.12 0.32 -3.70135 15.3652 -3.70009
1.12 0.48 -3.024 15.3434 -3.02284
1.12 0.64 -2.7466 14.1533 -2.74556
1.12 0.8 -3.00937 10.7419 -3.00849
1.12 0.96 -3.0824 4.31769 -3.08168
1.12 1.12 0.288443 -1.85613 0.288989
1.12 1.28 7.11115 -3.51656 7.11154
1.12 1.44 12.3689 -3.08677 12.3692
1.12 1.6 14.7997 -2.94113 14.7999
1.12 1.76 15.6355 -3.16504 15.6355
1.12 1.92 15.8412 -3.44406 15.8412
1.12 2.08 15.8734 -3.58284 15.8734
1.12 2.24 15.8984 -3.50012 15.8984
1.12 2.4 15.8754 -3.21501 15.8756
1.12 2.56 15.5147 -2.86171 15.515
1.12 2.72 14.1167 -2.712 14.1171
1.12 2.88 10.3423 -3.08613 10.3428
1.12 3.04 3.47545 -3.10096 3.47617
1.12 3.2 -2.5169 0.735777 -2.51602
1.12 3.36 -3.7443 7.66972 -3.74327
1.12 3.52 -3.21953 12.6504 -3.21837
1.12 3.68 -3.06903 14.8739 -3.06777
1.12 3.84 -3.25215 15.6344 -3.25083
1.12 4 -3.44391 15.846 -3.44257
1.12 4.16 -3.46627 15.9119 -3.46495
1.12 4.32 -3.28359 15.9173 -3.28233
1.12 4.48 -2.98308 15.688 -2.98191
1.12 4.64 -2.78716 14.6917 -2.78613
1.12 4.8 -3.03687 11.7935 -3.03599
1.12 4.96 -3.4775 5.71309 -3.47678
1.12 5.12 -1.11132 -1.26766 -1.11077
1.12 5.28 5.58583 -3.81127 5.58622
1.12 5.44 11.5369 -3.38956 11.5372
1.12 5.6 14.4886 -3.03461 14.4888
1.12 5.76 15.6094 -3.068 15.6094
1.12 5.92 15.9503 -3.21115 15.9503
1.12 6.08 15.9782 -3.27786 15.9782
1.12 6.24 15.8535 -3.15354 15.8535
1.12 6.4 15.3647 -2.92234 15.3648
1.12 6.56 13.6469 -2.97827 13.6472
1.12 6.72 9.23124 -3.61692 9.23163
1.12 6.88 1.93788 -3.34674 1.93843
1.12 7.04 -3.35649 1.59377 -3.35578
1.12 7.2 -3.81076 8.88161 -3.80988
1.12 7.36 -3.03904 13.5444 -3.03801
1.12 7.52 0.976584 19.2506 0.977746
1.12 7.68 1.31322 20.2486 1.31449
1.12 7.84 -29.3022 -10.0889 -29.3009
1.28 0 -6.53203 12.9368 -6.53069
1.28 0.16 -7.25621 12.1316 -7.25488
1.28 0.32 -3.70736 15.3596 -3.7061
1.28 0.48 -3.02938 15.3388 -3.02822
1.28 0.64 -2.75018 14.1513 -2.74915
1.28 0.8 -3.01088 10.744 -3.01
1.28 0.96 -3.08308 4.324 -3.08236
1.28 1.12 0.284658 -1.85099 0.285204
1.28 1.28 7.10581 -3.51525 7.1062
1.28 1.44 12.3651 -3.08685 12.3654
1.28 1.6 14.7972 -2.94175 14.7974
1.28 1.76 15.6332 -3.16652 15.6332
1.28 1.92 15.8381 -3.44699 15.8381
1.28 2.08 15.8691 -3.58762 15.8691
1.28 2.24 15.8935 -3.50643 15.8936
1.28 2.4 15.8714 -3.22182 15.8716
1.28 2.56 15.5142 -2.8676 15.5145
1.28 2.72 14.1246 -2.71501 14.125
1.28 2.88 10.3653 -3.08557 10.3659
1.28 3.04 3.50835 -3.10764 3.50907
1.28 3.2 -2.50176 0.707497 -2.50088
1.28 3.36 -3.74612 7.64018 -3.74508
1.28 3.52 -3.22213 12.6342 -3.22097
1.28 3.68 -3.06991 14.8668 -3.06865
1.28 3.84 -3.25284 15.631 -3.25152
1.28 4 -3.44554 15.8435 -3.4442
1.28 4.16 -3.46914 15.9094 -3.46782
1.28 4.32 -3.28728 15.9152 -3.28602
1.28 4.48 -2.98644 15.6879 -2.98528
1.28 4.64 -2.78879 14.6966 -2.78776
1.28 4.8 -3.03568 11.8083 -3.0348
1.28 4.96 -3.47822 5.7381 -3.47751
1.28 5.12 -1.1279 -1.25062 -1.12736
1.28 5.28 5.56152 -3.81086 5.5619
1.28 5.44 11.5213 -3.39261 11.5216
1.28 5.6 14.4804 -3.0373 14.4805
1.28 5.76 15.6034 -3.07179 15.6034
1.28 5.92 15.9445 -3.21625 15.9445
1.28 6.08 15.9732 -3.28345 15.9732
1.28 6.24 15.8493 -3.15969 15.8494
1.28 6.4 15.3618 -2.92937 15.3619
1.28 6.56 13.6492 -2.98391 13.6494
1.28 6.72 9.24495 -3.61885 9.24533
1.28 6.88 1.95609 -3.35413 1.95664
1.28 7.04 -3.35362 1.57229 -3.3529
1.28 7.2 -3.81555 8.86328 -3.81467
1.28 7.36 -3.03884 13.5386 -3.03781
1.28 7.52 0.97755 19.2491 0.978712
1.28 7.68 1.31326 20.2471 1.31452
1.28 7.84 -29.2998 -10.0874 -29.2985
1.44 0 -6.57079 12.8993 -6.56945
1.44 0.16 -7.25866 12.1307 -7.25734
1.44 0.32 -3.71023 15.3584 -3.70897
1.44 0.48 -3.03186 15.3377 -3.0307
1.44 0.64 -2.75169 14.1505 -2.75066
1.44 0.8 -3.01091 10.7434 -3.01003
1.44 0.96 -3.08006 4.32504 -3.07935
1.44 1.12 0.290617 -1.84741 0.291163
1.44 1.28 7.11172 -3.51089 7.11211
1.44 1.44 12.37 -3.08319 12.3702
1.44 1.6 14.8015 -2.93881 14.8016
1.44 1.76 15.6366 -3.1646 15.6367
1.44 1.92 15.8404 -3.44661 15.8404
1.44 2.08 15.8702 -3.58884 15.8703
1.44 2.24 15.8942 -3.50876 15.8942
1.44 2.4 15.8726 -3.22449 15.8727
1.44 2.56 15.5177 -2.8696 15.5179
1.44 2.72 14.1337 -2.71486 14.1341
1.44 2.88 10.3849 -3.08253 10.3854
1.44 3.04 3.53474 -3.10895 3.53545
1.44 3.2 -2.48803 0.691467 -2.48715
1.44 3.36 -3.74481 7.6231 -3.74378
1.44 3.52 -3.22158 12.6267 -3.22042
1.44 3.68 -3.0679 14.8662 -3.06664
1.44 3.84 -3.25042 15.6335 -3.2491
1.44 4 -3.44375 15.8468 -3.44241
1.44 4.16 -3.46841 15.9125 -3.46709
1.44 4.32 -3.28745 15.9182 -3.28619
1.44 4.48 -2.98675 15.6919 -2.98559
1.44 4.64 -2.7881 14.7038 -2.78706
1.44 4.8 -3.03284 11.8223 -3.03196
1.44 4.96 -3.47618 5.75945 -3.47546
1.44 5.12 -1.13656 -1.23502 -1.13602
1.44 5.28 5.54754 -3.80751 5.54792
1.44 5.44 11.5139 -3.39189 11.5142
1.44 5.6 14.4788 -3.03624 14.4789
1.44 5.76 15.6033 -3.07172 15.6034
1.44 5.92 15.9442 -3.21758 15.9442
1.44 6.08 15.9731 -3.28521 15.9731
1.44 6.24 15.8501 -3.16146 15.8502
1.44 6.4 15.3631 -2.93185 15.3632
1.44 6.56 13.6521 -2.98649 13.6523
1.44 6.72 9.25316 -3.6191 9.25354
1.44 6.88 1.96792 -3.35437 1.96846
1.44 7.04 -3.34823 1.56735 -3.34751
1.44 7.2 -3.81559 8.85867 -3.81471
1.44 7.36 -3.03626 13.5402 -3.03523
1.44 7.52 0.982132 19.2546 0.983294
1.44 7.68 1.31518 20.2505 1.31644
1.44 7.84 -29.2957 -10.0819 -29.2944
1.6 0 -6.58925 12.8806 -6.5879
1.6 0.16 -7.26168 12.1276 -7.26036
1.6 0.32 -3.71416 15.3542 -3.7129
1.6 0.48 -3.03588 15.3329 -3.03472
1.6 0.64 -2.75586 14.1442 -2.75483
1.6 0.8 -3.0148 10.7345 -3.01392
1.6 0.96 -3.08048 4.3152 -3.07977
1.6 1.12 0.296886 -1.85197 0.297432
1.6 1.28 7.11904 -3.51061 7.11943
1.6 1.44 12.3742 -3.0825 12.3745
1.6 1.6 14.8033 -2.93891 14.8034
1.6 1.76 15.6365 -3.16601 15.6365
1.6 1.92 15.8385 -3.44964 15.8385
1.6 2.08 15.8673 -3.59319 15.8673
1.6 2.24 15.8909 -3.51379 15.891
1.6 2.4 15.8698 -3.22969 15.87
1.6 2.56 15.5163 -2.87452 15.5166
1.6 2.72 14.1358 -2.71864 14.1362
1.6 2.88 10.3937 -3.08449 10.3943
1.6 3.04 3.5482 -3.11328 3.54892
1.6 3.2 -2.48203 0.678353 -2.48115
1.6 3.36 -3.74619 7.60971 -3.74516
1.6 3.52 -3.22305 12.6197 -3.22189
1.6 3.68 -3.06829 14.8636 -3.06703
1.6 3.84 -3.25072 15.6327 -3.2494
1.6 4 -3.44481 15.8461 -3.44347
1.6 4.16 -3.47048 15.9115 -3.46916
1.6 4.32 -3.2903 15.9171 -3.28904
1.6 4.48 -2.98978 15.6915 -2.98862
1.6 4.64 -2.79049 14.7057 -2.78945
1.6 4.8 -3.03386 11.829 -3.03298
1.6 4.96 -3.47796 5.77104 -3.47725
1.6 5.12 -1.14603 -1.22767 -1.14549
1.6 5.28 5.53419 -3.80871 5.53457
1.6 5.44 11.5055 -3.39446 11.5057
1.6 5.6 14.4746 -3.03803 14.4748
1.6 5.76 15.6002 -3.07424 15.6002
1.6 5.92 15.9403 -3.22161 15.9403
1.6 6.08 15.9691 -3.28974 15.9691
1.6 6.24 15.8471 -3.16536 15.8472
1.6 6.4 15.3607 -2.93572 15.3609
1.6 6.56 13.6492 -2.99146 13.6494
1.6 6.72 9.25027 -3.62418 9.25066
1.6 6.88 1.96675 -3.35716 1.9673
1.6 7.04 -3.34789 1.56739 -3.34718
1.6 7.2 -3.816 8.85908 -3.81512
1.6 7.36 -3.03573 13.5417 -3.03469
1.6 7.52 0.985301 19.2588 0.986463
1.6 7.68 1.31612 20.2527 1.31739
1.6 7.84 -29.294 -10.0793 -29.2927
1.76 0 -6.60311 12.8653 -6.60176
1.76 0.16 -7.271 12.1168 -7.26968
1.76 0.32 -3.72435 15.3421 -3.72309
1.76 0.48 -3.04661 15.3195 -3.04545
1.76 0.64 -2.76726 14.1283 -2.76622
1.76 0.8 -3.02622 10.7146 -3.02534
1.76 0.96 -3.08752 4.29345 -3.08681
1.76 1.12 0.299517 -1.86586 0.300063
1.76 1.28 7.12339 -3.5166 7.12377
1.76 1.44 12.3736 -3.08766 12.3738
1.76 1.6 14.7985 -2.94525 14.7987
1.76 1.76 15.6292 -3.17372 15.6293
1.76 1.92 15.8298 -3.45855 15.8298
1.76 2.08 15.8578 -3.60287 15.8578
1.76 2.24 15.8812 -3.52389 15.8812
1.76 2.4 15.8601 -3.24005 15.8603
1.76 2.56 15.5073 -2.88492 15.5075
1.76 2.72 14.1288 -2.72849 14.1292
1.76 2.88 10.3906 -3.09325 10.3912
1.76 3.04 3.54798 -3.12316 3.5487
1.76 3.2 -2.48612 0.663544 -2.48524
1.76 3.36 -3.75441 7.59426 -3.75338
1.76 3.52 -3.23151 12.6072 -3.23035
1.76 3.68 -3.0763 14.8534 -3.07504
1.76 3.84 -3.25879 15.6233 -3.25747
1.76 4 -3.45347 15.8368 -3.45213
1.76 4.16 -3.48005 15.9017 -3.47872
1.76 4.32 -3.3007 15.9069 -3.29944
1.76 4.48 -3.00051 15.6816 -2.99934
1.76 4.64 -2.80071 14.6976 -2.79968
1.76 4.8 -3.04284 11.8246 -3.04196
1.76 4.96 -3.48704 5.77058 -3.48633
1.76 5.12 -1.16002 -1.23037 -1.15947
1.76 5.28 5.51756 -3.81673 5.51794
1.76 5.44 11.4921 -3.40294 11.4924
1.76 5.6 14.4645 -3.04549 14.4647
1.76 5.76 15.5909 -3.08198 15.591
1.76 5.92 15.9303 -3.23065 15.9303
1.76 6.08 15.9585 -3.29949 15.9585
1.76 6.24 15.8373 -3.17441 15.8373
1.76 6.4 15.3518 -2.94395 15.3519
1.76 6.56 13.6391 -3.00057 13.6394
1.76 6.72 9.23685 -3.63484 9.23724
1.76 6.88 1.95259 -3.36525 1.95314
1.76 7.04 -3.35642 1.56574 -3.3557
1.76 7.2 -3.82203 8.85741 -3.82115
1.76 7.36 -3.04299 13.5364 -3.04196
1.76 7.52 0.979544 19.2538 0.980706
1.76 7.68 1.30983 20.2469 1.31109
1.76 7.84 -29.3006 -10.0856 -29.2993
1.92 0 -6.60719 12.8593 -6.60584
1.92 0.16 -7.2743 12.1115 -7.27298
1.92 0.32 -3.7273 15.3367 -3.72604
1.92 0.48 -3.05006 15.3125 -3.0489
1.92 0.64 -2.77193 14.1178 -2.7709
1.92 0.8 -3.03185 10.6983 -3.03097
1.92 0.96 -3.0895 4.27347 -3.08879
1.92 1.12 0.307769 -1.8775 0.308315
1.92 1.28 7.13307 -3.51902 7.13346
1.92 1.44 12.3771 -3.08901 12.3773
1.92 1.6 14.7975 -2.94753 14.7977
1.92 1.76 15.6262 -3.17659 15.6262
1.92 1.92 15.826 -3.46164 15.826
1.92 2.08 15.8537 -3.6062 15.8537
1.92 2.24 15.8765 -3.52778 15.8765
1.92 2.4 15.8547 -3.24479 15.8548
1.92 2.56 15.5015 -2.89039 15.5017
1.92 2.72 14.1235 -2.73412 14.1239
1.92 2.88 10.387 -3.09843 10.3875
1.92 3.04 3.54594 -3.12847 3.54665
1.92 3.2 -2.48872 0.656698 -2.48784
1.92 3.36 -3.75769 7.5874 -3.75666
1.92 3.52 -3.23417 12.6019 -3.23301
1.92 3.68 -3.07813 14.8495 -3.07687
1.92 3.84 -3.26013 15.6203 -3.25881
1.92 4 -3.45493 15.834 -3.45358
1.92 4.16 -3.48231 15.8984 -3.48099
1.92 4.32 -3.30415 15.9027 -3.30288
1.92 4.48 -3.00488 15.677 -3.00372
1.92 4.64 -2.8053 14.6936 -2.80426
1.92 4.8 -3.04698 11.8226 -3.04611
1.92 4.96 -3.49177 5.77089 -3.49105
1.92 5.12 -1.16865 -1.23174 -1.16811
1.92 5.28 5.50658 -3.8215 5.50697
1.92 5.44 11.4833 -3.40752 11.4836
1.92 5.6 14.4587 -3.04839 14.4588
1.92 5.76 15.5867 -3.08396 15.5867
1.92 5.92 15.9261 -3.23307 15.9261
1.92 6.08 15.9534 -3.30289 15.9534
1.92 6.24 15.8318 -3.17809 15.8318
1.92 6.4 15.3463 -2.9473 15.3464
1.92 6.56 13.6317 -3.00468 13.632
1.92 6.72 9.22446 -3.64091 9.22484
1.92 6.88 1.93799 -3.3685 1.93854
1.92 7.04 -3.36268 1.57117 -3.36197
1.92 7.2 -3.8225 8.86362 -3.82162
1.92 7.36 -3.04489 13.5373 -3.04386
1.92 7.52 0.978304 19.2533 0.979466
1.92 7.68 1.3098 20.247 1.31106
1.92 7.84 -29.3033 -10.0884 -29.302
2.08 0 -6.60153 12.863 -6.60019
2.08 0.16 -7.26917 12.1146 -7.26785
2.08 0.32 -3.72247 15.339 -3.7212
2.08 0.48 -3.04578 15.3131 -3.04462
2.08 0.64 -2.76876 14.1148 -2.76772
2.08 0.8 -3.02994 10.6887 -3.02906
2.08 0.96 -3.08429 4.2592 -3.08357
2.08 1.12 0.323742 -1.88307 0.324289
2.08 1.28 7.15079 -3.51442 7.15117
2.08 1.44 12.3884 -3.08295 12.3886
2.08 1.6 14.8043 -2.94208 14.8044
2.08 1.76 15.6312 -3.17128 15.6313
2.08 1.92 15.8305 -3.45622 15.8305
2.08 2.08 15.8577 -3.60098 15.8577
2.08 2.24 15.8796 -3.52334 15.8796
2.08 2.4 15.8568 -3.2414 15.8569
2.08 2.56 15.5028 -2.88784 15.5031
2.08 2.72 14.1245 -2.732 14.1248
2.08 2.88 10.3877 -3.09642 10.3882
2.08 3.04 3.54686 -3.12625 3.54757
2.08 3.2 -2.48652 0.65944 -2.48564
2.08 3.36 -3.7541 7.59033 -3.75307
2.08 3.52 -3.22968 12.6051 -3.22852
2.08 3.68 -3.07294 14.8532 -3.07167
2.08 3.84 -3.25447 15.6245 -3.25315
2.08 4 -3.44936 15.8383 -3.44802
2.08 4.16 -3.47753 15.9021 -3.4762
2.08 4.32 -3.3005 15.9055 -3.29924
2.08 4.48 -3.00215 15.679 -3.00099
2.08 4.64 -2.80285 14.6958 -2.80182
2.08 4.8 -3.04434 11.8261 -3.04346
2.08 4.96 -3.48965 5.77565 -3.48894
2.08 5.12 -1.16925 -1.22796 -1.1687
2.08 5.28 5.50436 -3.81945 5.50475
2.08 5.44 11.4827 -3.40479 11.4829
2.08 5.6 14.4605 -3.04373 14.4606
2.08 5.76 15.5906 -3.07769 15.5906
2.08 5.92 15.9306 -3.22654 15.9306
2.08 6.08 15.957 -3.29751 15.957
2.08 6.24 15.8338 -3.17407 15.8338
2.08 6.4 15.347 -2.94388 15.3471
2.08 6.56 13.63 -3.00212 13.6302
2.08 6.72 9.21684 -3.64016 9.21723
2.08 6.88 1.92721 -3.36483 1.92775
2.08 7.04 -3.36446 1.58399 -3.36374
2.08 7.2 -3.81675 8.87751 -3.81587
2.08 7.36 -3.04002 13.5456 -3.03899
2.08 7.52 0.982037 19.2581 0.983199
2.08 7.68 1.31499 20.2523 1.31625
2.08 7.84 -29.2985 -10.0839 -29.2972
2.24 0 -6.59462 12.8694 -6.59327
2.24 0.16 -7.26246 12.1206 -7.26114
2.24 0.32 -3.7155 15.3447 -3.71423
2.24 0.48 -3.039 15.3174 -3.03783
2.24 0.64 -2.76243 14.1158 -2.7614
2.24 0.8 -3.02432 10.6834 -3.02344
2.24 0.96 -3.07469 4.24937 -3.07398
2.24 1.12 0.345052 -1.8838 0.345598
2.24 1.28 7.17441 -3.50474 7.1748
2.24 1.44 12.4055 -3.07197 12.4058
2.24 1.6 14.8166 -2.93212 14.8167
2.24 1.76 15.6413 -3.16193 15.6414
2.24 1.92 15.8395 -3.44725 15.8395
2.24 2.08 15.8658 -3.59258 15.8658
2.24 2.24 15.8868 -3.51568 15.8868
2.24 2.4 15.8633 -3.23431 15.8635
2.24 2.56 15.509 -2.88094 15.5092
2.24 2.72 14.1301 -2.72507 14.1305
2.24 2.88 10.3922 -3.08948 10.3927
2.24 3.04 3.55066 -3.11847 3.55137
2.24 3.2 -2.48052 0.669297 -2.47964
2.24 3.36 -3.74596 7.60032 -3.74492
2.24 3.52 -3.22116 12.614 -3.22
2.24 3.68 -3.06452 14.8615 -3.06326
2.24 3.84 -3.2463 15.6324 -3.24498
2.24 4 -3.44169 15.8458 -3.44034
2.24 4.16 -3.47057 15.909 -3.46924
2.24 4.32 -3.29422 15.9118 -3.29296
2.24 4.48 -2.9962 15.6851 -2.99504
2.24 4.64 -2.7967 14.7022 -2.79567
2.24 4.8 -3.03761 11.8334 -3.03673
2.24 4.96 -3.48273 5.78396 -3.48202
2.24 5.12 -1.1634 -1.2198 -1.16286
2.24 5.28 5.5094 -3.81205 5.50979
2.24 5.44 11.4884 -3.39717 11.4886
2.24 5.6 14.4675 -3.03516 14.4676
2.24 5.76 15.5989 -3.06809 15.5989
2.24 5.92 15.9395 -3.21666 15.9395
2.24 6.08 15.965 -3.28867 15.965
2.24 6.24 15.84 -3.16692 15.84
2.24 6.4 15.3512 -2.93779 15.3513
2.24 6.56 13.6314 -2.99663 13.6317
2.24 6.72 9.21266 -3.63557 9.21304
2.24 6.88 1.91979 -3.35661 1.92034
2.24 7.04 -3.36336 1.60112 -3.36264
2.24 7.2 -3.80834 8.89509 -3.80746
2.24 7.36 -3.03199 13.5578 -3.03095
2.24 7.52 0.988098 19.2659 0.98926
2.24 7.68 1.32187 20.2598 1.32313
2.24 7.84 -29.2916 -10.0765 -29.2903
2.4 0 -6.59031 12.8753 -6.58896
2.4 0.16 -7.25875 12.1257 -7.25743
2.4 0.32 -3.71149 15.3495 -3.71023
2.4 0.48 -3.03464 15.3212 -3.03348
2.4 0.64 -2.75777 14.1172 -2.75674
2.4 0.8 -3.01921 10.6794 -3.01833
2.4 0.96 -3.06446 4.2416 -3.06374
2.4 1.12 0.367636 -1.88282 0.368182
2.4 1.28 7.19945 -3.49447 7.19984
2.4 1.44 12.4239 -3.0615 12.4241
2.4 1.6 14.8296 -2.9236 14.8297
2.4 1.76 15.6514 -3.15484 15.6514
2.4 1.92 15.8479 -3.44121 15.8479
2.4 2.08 15.873 -3.58742 15.873
2.4 2.24 15.8933 -3.51108 15.8933
2.4 2.4 15.8696 -3.22969 15.8697
2.4 2.56 15.5153 -2.87569 15.5156
2.4 2.72 14.1363 -2.71897 14.1366
2.4 2.88 10.3971 -3.08253 10.3976
2.4 3.04 3.55477 -3.10929 3.55549
2.4 3.2 -2.47362 0.682312 -2.47274
2.4 3.36 -3.7369 7.61363 -3.73587
2.4 3.52 -3.21268 12.6252 -3.21152
2.4 3.68 -3.05715 14.8709 -3.05589
2.4 3.84 -3.23991 15.6408 -3.23859
2.4 4 -3.43612 15.8533 -3.43478
2.4 4.16 -3.46564 15.916 -3.46432
2.4 4.32 -3.2896 15.9185 -3.28834
2.4 4.48 -2.99139 15.6918 -2.99023
2.4 4.64 -2.79112 14.7094 -2.79008
2.4 4.8 -3.03079 11.8416 -3.02991
2.4 4.96 -3.47465 5.79329 -3.47394
2.4 5.12 -1.15481 -1.21022 -1.15427
2.4 5.28 5.51785 -3.8033 5.51823
2.4 5.44 11.4966 -3.38944 11.4968
2.4 5.6 14.4754 -3.02817 14.4756
2.4 5.76 15.6068 -3.06136 15.6068
2.4 5.92 15.9475 -3.21007 15.9475
2.4 6.08 15.9724 -3.28283 15.9724
2.4 6.24 15.8457 -3.16246 15.8457
2.4 6.4 15.3548 -2.93436 15.3549
2.4 6.56 13.6322 -2.99333 13.6325
2.4 6.72 9.20868 -3.63172 9.20907
2.4 6.88 1.91348 -3.34754 1.91403
2.4 7.04 -3.36174 1.61928 -3.36103
2.4 7.2 -3.80079 8.91287 -3.79991
2.4 7.36 -3.02476 13.5704 -3.02373
2.4 7.52 0.993045 19.2741 0.994207
2.4 7.68 1.32627 20.2667 1.32753
2.4 7.84 -29.2861 -10.069 -29.2848
2.56 0 -6.58694 12.8807 -6.5856
2.56 0.16 -7.25935 12.1269 -7.25803
2.56 0.32 -3.7116 15.3506 -3.71034
2.56 0.48 -3.03455 15.3213 -3.03338
2.56 0.64 -2.75761 14.1149 -2.75658
2.56 0.8 -3.01865 10.6722 -3.01777
2.56 0.96 -3.0588 4.23102 -3.05808
2.56 1.12 0.385186 -1.88545 0.385732
2.56 1.28 7.2195 -3.48884 7.21989
2.56 1.44 12.4378 -3.0559 12.438
2.56 1.6 14.8385 -2.91981 14.8386
2.56 1.76 15.6577 -3.15228 15.6577
2.56 1.92 15.8527 -3.43954 15.8527
2.56 2.08 15.8767 -3.58648 15.8767
2.56 2.24 15.8963 -3.51059 15.8963
2.56 2.4 15.8723 -3.22919 15.8725
2.56 2.56 15.5179 -2.87478 15.5182
2.56 2.72 14.1382 -2.7175 14.1386
2.56 2.88 10.3974 -3.0803 10.3979
2.56 3.04 3.55409 -3.10425 3.55481
2.56 3.2 -2.471 0.692361 -2.47012
2.56 3.36 -3.73169 7.62444 -3.73066
2.56 3.52 -3.20797 12.6336 -3.20681
2.56 3.68 -3.05347 14.8775 -3.05221
2.56 3.84 -3.23704 15.6462 -3.23572
2.56 4 -3.43388 15.858 -3.43253
2.56 4.16 -3.4639 15.9201 -3.46257
2.56 4.32 -3.28821 15.9222 -3.28695
2.56 4.48 -2.99011 15.6953 -2.98894
2.56 4.64 -2.7895 14.7131 -2.78847
2.56 4.8 -3.02826 11.8459 -3.02738
2.56 4.96 -3.47073 5.79842 -3.47001
2.56 5.12 -1.14952 -1.20459 -1.14897
2.56 5.28 5.52378 -3.79814 5.52416
2.56 5.44 11.5023 -3.38539 11.5025
2.56 5.6 14.4805 -3.02526 14.4806
2.56 5.76 15.6113 -3.05912 15.6114
2.56 5.92 15.9519 -3.20801 15.9519
2.56 6.08 15.9763 -3.28112 15.9763
2.56 6.24 15.8482 -3.1618 15.8482
2.56 6.4 15.3548 -2.93499 15.355
2.56 6.56 13.629 -2.99458 13.6293
2.56 6.72 9.20098 -3.63211 9.20137
2.56 6.88 1.90437 -3.34188 1.90492
2.56 7.04 -3.36295 1.63421 -3.36224
2.56 7.2 -3.79671 8.92727 -3.79584
2.56 7.36 -3.02034 13.5805 -3.01931
2.56 7.52 0.996257 19.281 0.997419
2.56 7.68 1.3289 20.2723 1.33017
2.56 7.84 -29.2836 -10.0638 -29.2823
2.72 0 -6.57915 12.8886 -6.5778
2.72 0.16 -7.26579 12.1204 -7.26446
2.72 0.32 -3.71845 15.3435 -3.71719
2.72 0.48 -3.0419 15.313 -3.04073
2.72 0.64 -2.76588 14.1037 -2.76485
2.72 0.8 -3.02743 10.656 -3.02655
2.72 0.96 -3.06358 4.21141 -3.06287
2.72 1.12 0.39086 -1.89792 0.391406
2.72 1.28 7.22747 -3.49359 7.22786
2.72 1.44 12.4405 -3.06004 12.4407
2.72 1.6 14.8372 -2.92476 14.8374
2.72 1.76 15.6546 -3.15755 15.6547
2.72 1.92 15.8487 -3.44499 15.8487
2.72 2.08 15.872 -3.59221 15.872
2.72 2.24 15.891 -3.5167 15.8911
2.72 2.4 15.8665 -3.23568 15.8666
2.72 2.56 15.5113 -2.88168 15.5115
2.72 2.72 14.1302 -2.72489 14.1306
2.72 2.88 10.3871 -3.08782 10.3876
2.72 3.04 3.54267 -3.10942 3.54339
2.72 3.2 -2.4788 0.692281 -2.47792
2.72 3.36 -3.73636 7.62533 -3.73532
2.72 3.52 -3.21253 12.6324 -3.21137
2.72 3.68 -3.05844 14.8746 -3.05718
2.72 3.84 -3.24224 15.6424 -3.24092
2.72 4 -3.43924 15.8537 -3.4379
2.72 4.16 -3.46954 15.9154 -3.46822
2.72 4.32 -3.29431 15.917 -3.29305
2.72 4.48 -2.99678 15.6897 -2.99562
2.72 4.64 -2.7966 14.707 -2.79557
2.72 4.8 -3.0353 11.8398 -3.03442
2.72 4.96 -3.47696 5.79289 -3.47625
2.72 5.12 -1.15436 -1.20941 -1.15381
2.72 5.28 5.52004 -3.8026 5.52042
2.72 5.44 11.4989 -3.38997 11.4991
2.72 5.6 14.4768 -3.0302 14.477
2.72 5.76 15.6073 -3.0643 15.6073
2.72 5.92 15.9476 -3.21311 15.9476
2.72 6.08 15.9718 -3.28614 15.9718
2.72 6.24 15.8426 -3.16747 15.8426
2.72 6.4 15.3468 -2.94219 15.3469
2.72 6.56 13.6174 -3.00326 13.6176
2.72 6.72 9.18485 -3.64068 9.18524
2.72 6.88 1.88754 -3.34475 1.88809
2.72 7.04 -3.37179 1.64018 -3.37108
2.72 7.2 -3.80047 8.93277 -3.79959
2.72 7.36 -3.02289 13.5828 -3.02186
2.72 7.52 0.993852 19.2816 0.995014
2.72 7.68 1.32612 20.2718 1.32738
2.72 7.84 -29.2858 -10.064 -29.2845
2.88 0 -6.55272 12.9129 -6.55138
2.88 0.16 -7.27479 12.109 -7.27347
2.88 0.32 -3.7275 15.3318 -3.72624
2.88 0.48 -3.05239 15.2993 -3.05123
2.88 0.64 -2.77839 14.0866 -2.77736
2.88 0.8 -3.04169 10.6337 -3.04081
2.88 0.96 -3.07577 4.18567 -3.07506
2.88 1.12 0.386528 -1.91771 0.387074
2.88 1.28 7.22446 -3.50653 7.22485
2.88 1.44 12.4327 -3.07215 12.4329
2.88 1.6 14.826 -2.93721 14.8261
2.88 1.76 15.6419 -3.16995 15.642
2.88 1.92 15.8354 -3.45722 15.8354
2.88 2.08 15.8585 -3.60437 15.8585
2.88 2.24 15.8771 -3.52896 15.8772
2.88 2.4 15.852 -3.24831 15.8522
2.88 2.56 15.496 -2.89493 15.4963
2.88 2.72 14.1134 -2.73901 14.1138
2.88 2.88 10.3681 -3.10257 10.3686
2.88 3.04 3.52274 -3.1224 3.52345
2.88 3.2 -2.49455 0.683923 -2.49367
2.88 3.36 -3.74814 7.61788 -3.74711
2.88 3.52 -3.22341 12.623 -3.22225
2.88 3.68 -3.06906 14.8638 -3.0678
2.88 3.84 -3.25253 15.6311 -3.25121
2.88 4 -3.4492 15.8422 -3.44785
2.88 4.16 -3.47939 15.9038 -3.47807
2.88 4.32 -3.30443 15.9052 -3.30317
2.88 4.48 -3.00763 15.6774 -3.00647
2.88 4.64 -2.8084 14.6942 -2.80737
2.88 4.8 -3.04801 11.8265 -3.04713
2.88 4.96 -3.49026 5.77944 -3.48954
2.88 5.12 -1.16771 -1.22261 -1.16716
2.88 5.28 5.5069 -3.81538 5.50729
2.88 5.44 11.4859 -3.40238 11.4862
2.88 5.6 14.4637 -3.04248 14.4639
2.88 5.76 15.5938 -3.07659 15.5939
2.88 5.92 15.934 -3.22518 15.934
2.88 6.08 15.9583 -3.29774 15.9583
2.88 6.24 15.8288 -3.17894 15.8288
2.88 6.4 15.3315 -2.95446 15.3316
2.88 6.56 13.5991 -3.01697 13.5993
2.88 6.72 9.16261 -3.65471 9.163
2.88 6.88 1.86535 -3.35377 1.8659
2.88 7.04 -3.38573 1.63916 -3.38502
2.88 7.2 -3.80939 8.93106 -3.80851
2.88 7.36 -3.0305 13.578 -3.02947
2.88 7.52 0.987212 19.2757 0.988374
2.88 7.68 1.31967 20.2655 1.32093
2.88 7.84 -29.2929 -10.0711 -29.2916
3.04 0 -6.49787 12.9654 -6.49652
3.04 0.16 -7.27637 12.1045 -7.27505
3.04 0.32 -3.72786 15.328 -3.7266
3.04 0.48 -3.05361 15.294 -3.05245
3.04 0.64 -2.78175 14.0778 -2.78072
3.04 0.8 -3.04752 10.6198 -3.04664
3.04 0.96 -3.08135 4.16785 -3.08064
3.04 1.12 0.386317 -1.93077 0.386864
3.04 1.28 7.22498 -3.51329 7.22536
3.04 1.44 12.4293 -3.0776 12.4296
3.04 1.6 14.82 -2.94258 14.8202
3.04 1.76 15.635 -3.17506 15.635
3.04 1.92 15.8283 -3.46198 15.8283
3.04 2.08 15.8514 -3.60878 15.8514
3.04 2.24 15.87 -3.53317 15.87
3.04 2.4 15.8446 -3.25268 15.8447
3.04 2.56 15.4876 -2.89994 15.4879
3.04 2.72 14.1033 -2.7452 14.1036
3.04 2.88 10.3553 -3.11009 10.3558
3.04 3.04 3.5087 -3.12939 3.50941
3.04 3.2 -2.5046 0.680317 -2.50372
3.04 3.36 -3.7538 7.61508 -3.75277
3.04 3.52 -3.22752 12.6188 -3.22635
3.04 3.68 -3.07249 14.8588 -3.07123
3.04 3.84 -3.2554 15.6258 -3.25408
3.04 4 -3.45147 15.8372 -3.45013
3.04 4.16 -3.48114 15.8992 -3.47982
3.04 4.32 -3.30591 15.9009 -3.30465
3.04 4.48 -3.00945 15.6729 -3.00829
3.04 4.64 -2.8112 14.689 -2.81017
3.04 4.8 -3.0524 11.8203 -3.05152
3.04 4.96 -3.49674 5.77199 -3.49603
3.04 5.12 -1.17605 -1.23071 -1.1755
3.04 5.28 5.4978 -3.82308 5.49819
3.04 5.44 11.4771 -3.40914 11.4773
3.04 5.6 14.4553 -3.04852 14.4554
3.04 5.76 15.5855 -3.08224 15.5856
3.04 5.92 15.9259 -3.23041 15.9259
3.04 6.08 15.9506 -3.30221 15.9506
3.04 6.24 15.8216 -3.18256 15.8217
3.04 6.4 15.3239 -2.958 15.3241
3.04 6.56 13.5891 -3.02167 13.5894
3.04 6.72 9.14875 -3.66055 9.14913
3.04 6.88 1.85111 -3.35628 1.85166
3.04 7.04 -3.39262 1.64297 -3.3919
3.04 7.2 -3.81186 8.93386 -3.81098
3.04 7.36 -3.03218 13.5777 -3.03114
3.04 7.52 0.986254 19.2743 0.987416
3.04 7.68 1.31836 20.2632 1.31962
3.04 7.84 -29.2963 -10.0755 -29.295
3.2 0 -6.44818 13.0152 -6.44684
3.2 0.16 -7.2663 12.1138 -7.26498
3.2 0.32 -3.71686 15.3376 -3.7156
3.2 0.48 -3.04251 15.3026 -3.04135
3.2 0.64 -2.77172 14.0839 -2.77069
3.2 0.8 -3.03932 10.6214 -3.03844
3.2 0.96 -3.0732 4.1659 -3.07248
3.2 1.12 0.398548 -1.92897 0.399094
3.2 1.28 7.2378 -3.50621 7.23819
3.2 1.44 12.4392 -3.06937 12.4395
3.2 1.6 14.828 -2.9344 14.8281
3.2 1.76 15.6423 -3.1669 15.6423
3.2 1.92 15.8355 -3.45368 15.8355
3.2 2.08 15.8588 -3.60012 15.8588
3.2 2.24 15.8776 -3.52412 15.8777
3.2 2.4 15.852 -3.24351 15.8521
3.2 2.56 15.4942 -2.89109 15.4944
3.2 2.72 14.108 -2.7373 14.1084
3.2 2.88 10.3573 -3.10352 10.3579
3.2 3.04 3.50915 -3.12286 3.50987
3.2 3.2 -2.50113 0.68913 -2.50025
3.2 3.36 -3.74668 7.6244 -3.74565
3.2 3.52 -3.21913 12.6271 -3.21797
3.2 3.68 -3.06371 14.8666 -3.06245
3.2 3.84 -3.24634 15.6337 -3.24502
3.2 4 -3.44195 15.8455 -3.4406
3.2 4.16 -3.47097 15.9081 -3.46965
3.2 4.32 -3.29507 15.9104 -3.29381
3.2 4.48 -2.99833 15.6826 -2.99717
3.2 4.64 -2.80048 14.6982 -2.79945
3.2 4.8 -3.04302 11.8283 -3.04215
3.2 4.96 -3.48967 5.77831 -3.48896
3.2 5.12 -1.17146 -1.22563 -1.17091
3.2 5.28 5.50122 -3.81804 5.50161
3.2 5.44 11.4809 -3.4033 11.4811
3.2 5.6 14.4599 -3.04191 14.46
3.2 5.76 15.5907 -3.07524 15.5908
3.2 5.92 15.9314 -3.22311 15.9315
3.2 6.08 15.9568 -3.29427 15.9568
3.2 6.24 15.8286 -3.17352 15.8287
3.2 6.4 15.3312 -2.94821 15.3313
3.2 6.56 13.5945 -3.01253 13.5948
3.2 6.72 9.15024 -3.65279 9.15063
3.2 6.88 1.85127 -3.34661 1.85182
3.2 7.04 -3.38696 1.65735 -3.38624
3.2 7.2 -3.80315 8.94694 -3.80227
3.2 7.36 -3.02404 13.5873 -3.02301
3.2 7.52 0.993538 19.2818 0.9947
3.2 7.68 1.32431 20.2689 1.32557
3.2 7.84 -29.2915 -10.071 -29.2902
3.36 0 -6.43124 13.0353 -6.4299
3.36 0.16 -7.25412 12.1285 -7.2528
3.36 0.32 -3.70398 15.3522 -3.70272
3.36 0.48 -3.0285 15.3174 -3.02734
3.36 0.64 -2.75674 14.0981 -2.75571
3.36 0.8 -3.02384 10.6334 -3.02296
3.36 0.96 -3.0559 4.17608 -3.05518
3.36 1.12 0.420524 -1.91543 0.42107
3.36 1.28 7.26091 -3.48885 7.26129
3.36 1.44 12.4599 -3.05188 12.4601
3.36 1.6 14.8464 -2.91804 14.8466
3.36 1.76 15.6594 -3.15158 15.6594
3.36 1.92 15.8519 -3.43903 15.8519
3.36 2.08 15.8752 -3.58551 15.8752
3.36 2.24 15.8944 -3.50908 15.8945
3.36 2.4 15.8691 -3.22785 15.8692
3.36 2.56 15.5114 -2.87479 15.5116
3.36 2.72 14.1245 -2.72073 14.1249
3.36 2.88 10.372 -3.0871 10.3725
3.36 3.04 3.5222 -3.10601 3.52291
3.36 3.2 -2.48696 0.707509 -2.48608
3.36 3.36 -3.73126 7.64243 -3.73023
3.36 3.52 -3.20425 12.6435 -3.20309
3.36 3.68 -3.04988 14.8817 -3.04862
3.36 3.84 -3.23339 15.6481 -3.23206
3.36 4 -3.42939 15.8598 -3.42805
3.36 4.16 -3.45821 15.9227 -3.45689
3.36 4.32 -3.2815 15.9257 -3.28024
3.36 4.48 -2.98372 15.6986 -2.98256
3.36 4.64 -2.78494 14.7148 -2.7839
3.36 4.8 -3.02704 11.845 -3.02616
3.36 4.96 -3.47395 5.79466 -3.47324
3.36 5.12 -1.15653 -1.20995 -1.15598
3.36 5.28 5.51585 -3.80279 5.51624
3.36 5.44 11.4958 -3.38812 11.4961
3.36 5.6 14.4753 -3.02689 14.4754
3.36 5.76 15.6062 -3.06069 15.6062
3.36 5.92 15.9467 -3.20905 15.9467
3.36 6.08 15.972 -3.28028 15.972
3.36 6.24 15.8446 -3.15871 15.8446
3.36 6.4 15.3479 -2.93223 15.348
3.36 6.56 13.6103 -2.99625 13.6106
3.36 6.72 9.16281 -3.63722 9.1632
3.36 6.88 1.86164 -3.32973 1.86218
3.36 7.04 -3.37363 1.67775 -3.37291
3.36 7.2 -3.78877 8.96578 -3.78789
3.36 7.36 -3.01219 13.6018 -3.01116
3.36 7.52 1.00284 19.293 1.004
3.36 7.68 1.33209 20.2782 1.33335
3.36 7.84 -29.2844 -10.0626 -29.2831
3.52 0 -6.4348 13.0359 -6.43346
3.52 0.16 -7.25442 12.1321 -7.2531
3.52 0.32 -3.70311 15.3567 -3.70185
3.52 0.48 -3.02568 15.3234 -3.02452
3.52 0.64 -2.75135 14.1055 -2.75032
3.52 0.8 -3.01578 10.6414 -3.0149
3.52 0.96 -3.04423 4.18411 -3.04352
3.52 1.12 0.436881 -1.90528 0.437427
3.52 1.28 7.27789 -3.47765 7.27827
3.52 1.44 12.4741 -3.04241 12.4743
3.52 1.6 14.8578 -2.91083 14.8579
3.52 1.76 15.6687 -3.14622 15.6687
3.52 1.92 15.8599 -3.43492 15.8599
3.52 2.08 15.8827 -3.5819 15.8827
3.52 2.24 15.9021 -3.50528 15.9022
3.52 2.4 15.8775 -3.22334 15.8776
3.52 2.56 15.5206 -2.86909 15.5209
3.52 2.72 14.1345 -2.71354 14.1349
3.52 2.88 10.3822 -3.07814 10.3827
3.52 3.04 3.53234 -3.09449 3.53305
3.52 3.2 -2.4761 0.721681 -2.47522
3.52 3.36 -3.72097 7.6562 -3.71994
3.52 3.52 -3.19619 12.6548 -3.19503
3.52 3.68 -3.04423 14.8907 -3.04297
3.52 3.84 -3.22972 15.6553 -3.2284
3.52 4 -3.42706 15.8658 -3.42572
3.52 4.16 -3.45642 15.9283 -3.45509
3.52 4.32 -3.2793 15.9318 -3.27803
3.52 4.48 -2.98022 15.7059 -2.97906
3.52 4.64 -2.77944 14.7239 -2.77841
3.52 4.8 -3.01914 11.8561 -3.01826
3.52 4.96 -3.46382 5.80743 -3.46311
3.52 5.12 -1.14543 -1.19742 -1.14489
3.52 5.28 5.52686 -3.79212 5.52725
3.52 5.44 11.5065 -3.37919 11.5068
3.52 5.6 14.4853 -3.01941 14.4855
3.52 5.76 15.6152 -3.05463 15.6153
3.52 5.92 15.9547 -3.20433 15.9547
3.52 6.08 15.9792 -3.2765 15.9792
3.52 6.24 15.8517 -3.15499 15.8517
3.52 6.4 15.3555 -2.92772 15.3557
3.52 6.56 13.6181 -2.99079 13.6183
3.52 6.72 9.16897 -3.63097 9.16936
3.52 6.88 1.86664 -3.32088 1.86719
3.52 7.04 -3.36633 1.69081 -3.36562
3.52 7.2 -3.78092 8.97844 -3.78004
3.52 7.36 -3.00729 13.6105 -3.00626
3.52 7.52 1.00473 19.2982 1.00589
3.52 7.68 1.33318 20.282 1.33444
3.52 7.84 -29.2832 -10.0592 -29.2819
3.68 0 -6.45049 13.0219 -6.44915
3.68 0.16 -7.27067 12.1175 -7.26935
3.68 0.32 -3.71924 15.3425 -3.71798
3.68 0.48 -3.0407 15.3105 -3.03954
3.68 0.64 -2.76436 14.0945 -2.76333
3.68 0.8 -3.02627 10.6319 -3.02539
3.68 0.96 -3.05112 4.17579 -3.05041
3.68 1.12 0.434141 -1.91196 0.434687
3.68 1.28 7.27585 -3.48421 7.27624
3.68 1.44 12.4699 -3.0507 12.4701
3.68 1.6 14.8511 -2.92098 14.8512
3.68 1.76 15.66 -3.15781 15.6601
3.68 1.92 15.8498 -3.44755 15.8498
3.68 2.08 15.8719 -3.59515 15.8719
3.68 2.24 15.8912 -3.51875 15.8913
3.68 2.4 15.8671 -3.23661 15.8672
3.68 2.56 15.5114 -2.88153 15.5116
3.68 2.72 14.1266 -2.72451 14.127
3.68 2.88 10.3756 -3.08696 10.3762
3.68 3.04 3.52672 -3.10045 3.52744
3.68 3.2 -2.48145 0.718158 -2.48057
3.68 3.36 -3.72757 7.65236 -3.72654
3.68 3.52 -3.20498 12.6488 -3.20382
3.68 3.68 -3.05512 14.8824 -3.05386
3.68 3.84 -3.24239 15.645 -3.24107
3.68 4 -3.44118 15.854 -3.43984
3.68 4.16 -3.47156 15.9155 -3.47023
3.68 4.32 -3.2948 15.9187 -3.29354
3.68 4.48 -2.99521 15.6936 -2.99405
3.68 4.64 -2.79284 14.7136 -2.79181
3.68 4.8 -3.02993 11.8487 -3.02905
3.68 4.96 -3.47148 5.803 -3.47076
3.68 5.12 -1.15099 -1.20107 -1.15044
3.68 5.28 5.52199 -3.79736 5.52238
3.68 5.44 11.5015 -3.3861 11.5018
3.68 5.6 14.4794 -3.02769 14.4796
3.68 5.76 15.608 -3.06425 15.608
3.68 5.92 15.946 -3.21531 15.946
3.68 6.08 15.9691 -3.28881 15.9691
3.68 6.24 15.8408 -3.16824 15.8408
3.68 6.4 15.3445 -2.94121 15.3446
3.68 6.56 13.6073 -3.00379 13.6075
3.68 6.72 9.15795 -3.64285 9.15834
3.68 6.88 1.85552 -3.33021 1.85606
3.68 7.04 -3.37549 1.68531 -3.37478
3.68 7.2 -3.78868 8.97407 -3.7878
3.68 7.36 -3.01624 13.6041 -3.01521
3.68 7.52 0.993927 19.2893 0.995089
3.68 7.68 1.32291 20.2731 1.32417
3.68 7.84 -29.2906 -10.0657 -29.2893
3.84 0 -6.46434 13.0054 -6.46299
3.84 0.16 -7.28734 12.0983 -7.28602
3.84 0.32 -3.73717 15.3223 -3.73591
3.84 0.48 -3.06014 15.2894 -3.05898
3.84 0.64 -2.78484 14.0731 -2.78381
3.84 0.8 -3.04716 10.6104 -3.04628
3.84 0.96 -3.0714 4.1549 -3.07068
3.84 1.12 0.415251 -1.93185 0.415797
3.84 1.28 7.25766 -3.50334 7.25804
3.84 1.44 12.4518 -3.06918 12.452
3.84 1.6 14.8331 -2.93863 14.8333
3.84 1.76 15.6422 -3.17463 15.6422
3.84 1.92 15.8319 -3.46392 15.8319
3.84 2.08 15.8537 -3.61163 15.8537
3.84 2.24 15.8725 -3.53593 15.8725
3.84 2.4 15.8477 -3.25485 15.8478
3.84 2.56 15.4915 -2.90079 15.4918
3.84 2.72 14.1068 -2.74441 14.1072
3.84 2.88 10.3562 -3.10688 10.3567
3.84 3.04 3.50795 -3.11966 3.50866
3.84 3.2 -2.49967 0.699884 -2.49879
3.84 3.36 -3.74554 7.63442 -3.74451
3.84 3.52 -3.22264 12.6308 -3.22148
3.84 3.68 -3.07236 14.8642 -3.0711
3.84 3.84 -3.25939 15.6266 -3.25807
3.84 4 -3.45842 15.835 -3.45708
3.84 4.16 -3.48959 15.8956 -3.48826
3.84 4.32 -3.31399 15.8978 -3.31273
3.84 4.48 -3.01554 15.6721 -3.01438
3.84 4.64 -2.81378 14.6922 -2.81275
3.84 4.8 -3.05053 11.8288 -3.04965
3.84 4.96 -3.49111 5.78536 -3.4904
3.84 5.12 -1.17017 -1.21777 -1.16963
3.84 5.28 5.50336 -3.81449 5.50375
3.84 5.44 11.4841 -3.40285 11.4843
3.84 5.6 14.4629 -3.0436 14.463
3.84 5.76 15.5917 -3.0795 15.5917
3.84 5.92 15.9294 -3.23047 15.9294
3.84 6.08 15.9517 -3.30468 15.9517
3.84 6.24 15.822 -3.18556 15.822
3.84 6.4 15.3242 -2.96031 15.3244
3.84 6.56 13.5859 -3.02435 13.5861
3.84 6.72 9.13619 -3.66394 9.13658
3.84 6.88 1.83428 -3.35055 1.83482
3.84 7.04 -3.39452 1.66715 -3.3938
3.84 7.2 -3.80473 8.95823 -3.80385
3.84 7.36 -3.03048 13.5892 -3.02945
3.84 7.52 0.980477 19.2745 0.981639
3.84 7.68 1.31157 20.2602 1.31283
3.84 7.84 -29.2986 -10.0753 -29.2973
4 0 -6.45829 13.0069 -6.45695
4 0.16 -7.28384 12.0972 -7.28252
4 0.32 -3.73598 15.3192 -3.73472
4 0.48 -3.06221 15.2834 -3.06105
4 0.64 -2.79061 14.0641 -2.78958
4 0.8 -3.05658 10.5993 -3.0557
4 0.96 -3.08421 4.14255 -3.0835
4 1.12 0.39996 -1.94453 0.400507
4 1.28 7.24302 -3.51446 7.24341
4 1.44 12.4403 -3.07686 12.4405
4 1.6 14.8251 -2.94257 14.8252
4 1.76 15.637 -3.17551 15.637
4 1.92 15.8285 -3.4629 15.8285
4 2.08 15.8507 -3.61007 15.8507
4 2.24 15.8687 -3.53517 15.8687
4 2.4 15.8421 -3.25601 15.8422
4 2.56 15.4837 -2.90458 15.4839
4 2.72 14.0967 -2.75113 14.0971
4 2.88 10.3445 -3.1165 10.345
4 3.04 3.49546 -3.13195 3.49617
4 3.2 -2.51185 0.686067 -2.51097
4 3.36 -3.75564 7.6217 -3.75461
4 3.52 -3.22954 12.6208 -3.22838
4 3.68 -3.07612 14.857 -3.07486
4 3.84 -3.26073 15.6215 -3.2594
4 4 -3.4584 15.8309 -3.45706
4 4.16 -3.48946 15.8915 -3.48814
4 4.32 -3.315 15.8926 -3.31374
4 4.48 -3.01867 15.6649 -3.0175
4 4.64 -2.8195 14.6832 -2.81847
4 4.8 -3.05885 11.8187 -3.05797
4 4.96 -3.50214 5.77518 -3.50143
4 5.12 -1.18429 -1.22837 -1.18375
4 5.28 5.4888 -3.82489 5.48918
4 5.44 11.4723 -3.41073 11.4726
4 5.6 14.4545 -3.04819 14.4546
4 5.76 15.5861 -3.08115 15.5861
4 5.92 15.9256 -3.23009 15.9256
4 6.08 15.9484 -3.30373 15.9484
4 6.24 15.8176 -3.18569 15.8176
4 6.4 15.3175 -2.96291 15.3177
4 6.56 13.5767 -3.03 13.5769
4 6.72 9.12552 -3.67223 9.12591
4 6.88 1.82371 -3.36085 1.82425
4 7.04 -3.40377 1.6562 -3.40306
4 7.2 -3.811 8.94942 -3.81012
4 7.36 -3.03315 13.5837 -3.03212
4 7.52 0.980425 19.2715 0.981587
4 7.68 1.31336 20.2592 1.31462
4 7.84 -29.2943 -10.0735 -29.2929
4.16 0 -6.43366 13.0303 -6.43232
4.16 0.16 -7.25933 12.1204 -7.25801
4.16 0.32 -3.71181 15.3415 -3.71054
4.16 0.48 -3.04028 15.3032 -3.03912
4.16 0.64 -2.77186 14.0809 -2.77082
4.16 0.8 -3.04152 10.6137 -3.04064
4.16 0.96 -3.07409 4.15533 -3.07338
4.16 1.12 0.404636 -1.93404 0.405182
4.16 1.28 7.24759 -3.50379 7.24797
4.16 1.44 12.4493 -3.06281 12.4495
4.16 1.6 14.8389 -2.92479 14.8391
4.16 1.76 15.6544 -3.15492 15.6545
4.16 1.92 15.8481 -3.4406 15.8481
4.16 2.08 15.8711 -3.58718 15.8711
4.16 2.24 15.8885 -3.51269 15.8886
4.16 2.4 15.8604 -3.23475 15.8606
4.16 2.56 15.4998 -2.88524 15.5001
4.16 2.72 14.1104 -2.73436 14.1108
4.16 2.88 10.3561 -3.10293 10.3566
4.16 3.04 3.50564 -3.12235 3.50635
4.16 3.2 -2.50234 0.692386 -2.50146
4.16 3.36 -3.74446 7.62897 -3.74343
4.16 3.52 -3.21499 12.6318 -3.21383
4.16 3.68 -3.05825 14.8719 -3.05699
4.16 3.84 -3.24016 15.6395 -3.23884
4.16 4 -3.43591 15.8512 -3.43456
4.16 4.16 -3.46594 15.9127 -3.46462
4.16 4.32 -3.29153 15.9135 -3.29027
4.16 4.48 -2.99643 15.6844 -2.99527
4.16 4.64 -2.79957 14.7004 -2.79854
4.16 4.8 -3.04208 11.8338 -3.0412
4.16 4.96 -3.48987 5.78854 -3.48916
4.16 5.12 -1.17801 -1.21761 -1.17747
4.16 5.28 5.49271 -3.8156 5.49309
4.16 5.44 11.479 -3.39957 11.4792
4.16 5.6 14.4651 -3.03397 14.4652
4.16 5.76 15.6003 -3.06391 15.6004
4.16 5.92 15.9428 -3.2103 15.9428
4.16 6.08 15.9673 -3.28241 15.9673
4.16 6.24 15.8365 -3.16428 15.8366
4.16 6.4 15.3351 -2.94272 15.3352
4.16 6.56 13.5923 -3.0119 13.5925
4.16 6.72 9.14011 -3.65649 9.1405
4.16 6.88 1.83821 -3.34816 1.83876
4.16 7.04 -3.39032 1.66566 -3.38961
4.16 7.2 -3.79766 8.95909 -3.79678
4.16 7.36 -3.01779 13.5963 -3.01676
4.16 7.52 0.998535 19.2875 0.999697
4.16 7.68 1.33193 20.2765 1.33319
4.16 7.84 -29.2788 -10.0584 -29.2775
4.32 0 -6.41684 13.0519 -6.4155
4.32 0.16 -7.24025 12.1441 -7.23893
4.32 0.32 -3.69134 15.3662 -3.69008
4.32 0.48 -3.01801 15.329 -3.01685
4.32 0.64 -2.74784 14.1082 -2.74681
4.32 0.8 -3.01608 10.6434 -3.0152
4.32 0.96 -3.04982 4.1866 -3.0491
4.32 1.12 0.424182 -1.90602 0.424729
4.32 1.28 7.26619 -3.47936 7.26658
4.32 1.44 12.4707 -3.03902 12.4709
4.32 1.6 14.8625 -2.90136 14.8626
4.32 1.76 15.6787 -3.13231 15.6788
4.32 1.92 15.8725 -3.41881 15.8726
4.32 2.08 15.8956 -3.56574 15.8956
4.32 2.24 15.9133 -3.49085 15.9133
4.32 2.4 15.8859 -3.21173 15.8861
4.32 2.56 15.5264 -2.8606 15.5266
4.32 2.72 14.1382 -2.70822 14.1386
4.32 2.88 10.385 -3.07621 10.3855
4.32 3.04 3.5342 -3.09755 3.53492
4.32 3.2 -2.47733 0.713008 -2.47645
4.32 3.36 -3.72263 7.6482 -3.7216
4.32 3.52 -3.19436 12.6521 -3.1932
4.32 3.68 -3.03825 14.8932 -3.03699
4.32 3.84 -3.22042 15.6617 -3.2191
4.32 4 -3.4158 15.8744 -3.41445
4.32 4.16 -3.44474 15.9373 -3.44341
4.32 4.32 -3.26872 15.9396 -3.26746
4.32 4.48 -2.97192 15.7118 -2.97076
4.32 4.64 -2.77367 14.7288 -2.77263
4.32 4.8 -3.01543 11.863 -3.01455
4.32 4.96 -3.46434 5.81805 -3.46362
4.32 5.12 -1.15693 -1.19107 -1.15638
4.32 5.28 5.51058 -3.7935 5.51096
4.32 5.44 11.4972 -3.3795 11.4974
4.32 5.6 14.4844 -3.01476 14.4845
4.32 5.76 15.6207 -3.04492 15.6208
4.32 5.92 15.9647 -3.19073 15.9647
4.32 6.08 15.9909 -3.26168 15.9909
4.32 6.24 15.8617 -3.14214 15.8617
4.32 6.4 15.3617 -2.91889 15.3618
4.32 6.56 13.6207 -2.98611 13.621
4.32 6.72 9.17098 -3.62935 9.17136
4.32 6.88 1.86946 -3.32276 1.87001
4.32 7.04 -3.36471 1.68565 -3.36399
4.32 7.2 -3.77838 8.9759 -3.7775
4.32 7.36 -3.00122 13.6131 -3.00019
4.32 7.52 1.01493 19.3056 1.01609
4.32 7.68 1.346 20.2931 1.34726
4.32 7.84 -29.2692 -10.0456 -29.2678
4.48 0 -6.43405 13.0411 -6.4327
4.48 0.16 -7.25351 12.1373 -7.25218
4.48 0.32 -3.70145 15.3626 -3.70019
4.48 0.48 -3.0232 15.3306 -3.02204
4.48 0.64 -2.74712 14.1163 -2.74609
4.48 0.8 -3.00893 10.6597 -3.00805
4.48 0.96 -3.03967 4.20865 -3.03896
4.48 1.12 0.430403 -1.88842 0.430949
4.48 1.28 7.26993 -3.4702 7.27031
4.48 1.44 12.4746 -3.03521 12.4748
4.48 1.6 14.8649 -2.90203 14.865
4.48 1.76 15.6786 -3.1371 15.6786
4.48 1.92 15.8701 -3.42659 15.8702
4.48 2.08 15.8922 -3.57477 15.8922
4.48 2.24 15.9109 -3.4991 15.9109
4.48 2.4 15.8864 -3.21715 15.8865
4.48 2.56 15.5312 -2.86162 15.5315
4.48 2.72 14.1485 -2.70398 14.1489
4.48 2.88 10.4009 -3.06696 10.4015
4.48 3.04 3.55284 -3.08633 3.55355
4.48 3.2 -2.46352 0.721239 -2.46264
4.48 3.36 -3.71624 7.65335 -3.71521
4.48 3.52 -3.19358 12.655 -3.19242
4.48 3.68 -3.04195 14.8934 -3.04069
4.48 3.84 -3.22738 15.6595 -3.22606
4.48 4 -3.42438 15.8712 -3.42304
4.48 4.16 -3.45311 15.9348 -3.45179
4.48 4.32 -3.27512 15.9394 -3.27386
4.48 4.48 -2.97479 15.7153 -2.97363
4.48 4.64 -2.77187 14.737 -2.77084
4.48 4.8 -3.0085 11.8767 -3.00762
4.48 4.96 -3.45384 5.83581 -3.45313
4.48 5.12 -1.14789 -1.17545 -1.14734
4.48 5.28 5.51613 -3.78503 5.51652
4.48 5.44 11.5005 -3.37692 11.5008
4.48 5.6 14.4852 -3.01677 14.4854
4.48 5.76 15.6193 -3.05048 15.6193
4.48 5.92 15.9621 -3.19831 15.9621
4.48 6.08 15.9887 -3.26958 15.9887
4.48 6.24 15.8613 -3.14867 15.8613
4.48 6.4 15.365 -2.92206 15.3651
4.48 6.56 13.6299 -2.98398 13.6302
4.48 6.72 9.18708 -3.62178 9.18747
4.48 6.88 1.88795 -3.31443 1.8885
4.48 7.04 -3.35428 1.68851 -3.35356
4.48 7.2 -3.77745 8.97479 -3.77657
4.48 7.36 -3.00535 13.6104 -3.00432
4.48 7.52 1.00922 19.3029 1.01038
4.48 7.68 1.33708 20.2878 1.33834
4.48 7.84 -29.2822 -10.0552 -29.2809
4.64 0 -6.47307 13.0021 -6.47172
4.64 0.16 -7.29035 12.1008 -7.28902
4.64 0.32 -3.73719 15.3283 -3.73593
4.64 0.48 -3.05602 15.3008 -3.05485
4.64 0.64 -2.77563 14.0934 -2.7746
4.64 0.8 -3.03194 10.6464 -3.03106
4.64 0.96 -3.06046 4.20268 -3.05974
4.64 1.12 0.404249 -1.89949 0.404795
4.64 1.28 7.24114 -3.49077 7.24152
4.64 1.44 12.4468 -3.06051 12.4471
4.64 1.6 14.8364 -2.93055 14.8365
4.64 1.76 15.6479 -3.16843 15.648
4.64 1.92 15.8376 -3.4599 15.8376
4.64 2.08 15.8588 -3.60896 15.8588
4.64 2.24 15.8782 -3.53294 15.8782
4.64 2.4 15.8561 -3.24936 15.8562
4.64 2.56 15.5051 -2.89102 15.5053
4.64 2.72 14.1279 -2.72957 14.1283
4.64 2.88 10.3867 -3.08832 10.3872
4.64 3.04 3.54228 -3.10591 3.54299
4.64 3.2 -2.47875 0.698504 -2.47787
4.64 3.36 -3.73858 7.62791 -3.73755
4.64 3.52 -3.22025 12.6279 -3.21909
4.64 3.68 -3.07161 14.8641 -3.07035
4.64 3.84 -3.25933 15.6279 -3.258
4.64 4 -3.45794 15.8379 -3.45659
4.64 4.16 -3.48757 15.901 -3.48625
4.64 4.32 -3.30952 15.9066 -3.30826
4.64 4.48 -3.00777 15.6851 -3.00661
4.64 4.64 -2.80171 14.7113 -2.80068
4.64 4.8 -3.03365 11.8572 -3.03277
4.64 4.96 -3.47458 5.82257 -3.47386
4.64 5.12 -1.1685 -1.18868 -1.16795
4.64 5.28 5.49374 -3.8036 5.49413
4.64 5.44 11.4773 -3.39945 11.4775
4.64 5.6 14.4601 -3.04232 14.4602
4.64 5.76 15.5916 -3.07885 15.5916
4.64 5.92 15.9322 -3.22913 15.9322
4.64 6.08 15.9575 -3.30205 15.9576
4.64 6.24 15.8306 -3.18152 15.8307
4.64 6.4 15.3372 -2.95335 15.3373
4.64 6.56 13.6083 -3.01135 13.6085
4.64 6.72 9.17347 -3.64468 9.17385
4.64 6.88 1.87729 -3.33816 1.87784
4.64 7.04 -3.37303 1.65855 -3.37231
4.64 7.2 -3.80269 8.94405 -3.80181
4.64 7.36 -3.03172 13.5818 -3.03069
4.64 7.52 0.983444 19.276 0.984606
4.64 7.68 1.31059 20.2602 1.31185
4.64 7.84 -29.3083 -10.0828 -29.307
4.8 0 -6.48506 12.9823 -6.48371
4.8 0.16 -7.30539 12.0787 -7.30407
4.8 0.32 -3.75452 15.3052 -3.75326
4.8 0.48 -3.07597 15.2774 -3.07481
4.8 0.64 -2.79776 14.0717 -2.79673
4.8 0.8 -3.05567 10.6296 -3.05479
4.8 0.96 -3.08904 4.19008 -3.08833
4.8 1.12 0.364865 -1.91892 0.365411
4.8 1.28 7.19974 -3.51765 7.20013
4.8 1.44 12.4117 -3.08639 12.412
4.8 1.6 14.8067 -2.95312 14.8068
4.8 1.76 15.6214 -3.18807 15.6214
4.8 1.92 15.8129 -3.47741 15.8129
4.8 2.08 15.8351 -3.62557 15.8351
4.8 2.24 15.8544 -3.55009 15.8544
4.8 2.4 15.8316 -3.26831 15.8317
4.8 2.56 15.4798 -2.91257 15.4801
4.8 2.72 14.1028 -2.75364 14.1032
4.8 2.88 10.3637 -3.11429 10.3643
4.8 3.04 3.52114 -3.13502 3.52185
4.8 3.2 -2.50307 0.664421 -2.50219
4.8 3.36 -3.76464 7.59437 -3.76361
4.8 3.52 -3.24326 12.599 -3.24209
4.8 3.68 -3.09061 14.8392 -3.08935
4.8 3.84 -3.2754 15.6055 -3.27408
4.8 4 -3.47302 15.8162 -3.47167
4.8 4.16 -3.50384 15.8783 -3.50252
4.8 4.32 -3.32871 15.8816 -3.32745
4.8 4.48 -3.03049 15.6579 -3.02932
4.8 4.64 -2.82729 14.6833 -2.82626
4.8 4.8 -3.06059 11.8309 -3.05971
4.8 4.96 -3.50227 5.79976 -3.50156
4.8 5.12 -1.19889 -1.21098 -1.19834
4.8 5.28 5.46306 -3.8271 5.46344
4.8 5.44 11.4505 -3.42058 11.4508
4.8 5.6 14.4369 -3.06015 14.4371
4.8 5.76 15.5701 -3.09463 15.5701
4.8 5.92 15.9104 -3.24479 15.9104
4.8 6.08 15.9344 -3.31922 15.9344
4.8 6.24 15.8058 -3.20107 15.8059
4.8 6.4 15.3119 -2.97518 15.3121
4.8 6.56 13.5851 -3.03458 13.5854
4.8 6.72 9.15521 -3.66926 9.1556
4.8 6.88 1.8605 -3.36924 1.86104
4.8 7.04 -3.39636 1.61926 -3.39565
4.8 7.2 -3.82544 8.91 -3.82456
4.8 7.36 -3.04782 13.5578 -3.04679
4.8 7.52 0.97172 19.2578 0.972882
4.8 7.68 1.30205 20.2453 1.30331
4.8 7.84 -29.3131 -10.0944 -29.3117
4.96 0 -6.45107 13.01 -6.44973
4.96 0.16 -7.27337 12.1049 -7.27205
4.96 0.32 -3.7265 15.3282 -3.72524
4.96 0.48 -3.0535 15.2963 -3.05234
4.96 0.64 -2.78139 14.0877 -2.78036
4.96 0.8 -3.04603 10.6461 -3.04515
4.96 0.96 -3.09048 4.207 -3.08976
4.96 1.12 0.347163 -1.91167 0.347709
4.96 1.28 7.18101 -3.51685 7.18139
4.96 1.44 12.4052 -3.08004 12.4055
4.96 1.6 14.8119 -2.93855 14.812
4.96 1.76 15.635 -3.16662 15.635
4.96 1.92 15.8321 -3.45113 15.8321
4.96 2.08 15.8568 -3.59704 15.8568
4.96 2.24 15.8758 -3.52224 15.8758
4.96 2.4 15.85 -3.24397 15.8501
4.96 2.56 15.4933 -2.894 15.4936
4.96 2.72 14.1114 -2.74195 14.1117
4.96 2.88 10.3693 -3.10958 10.3699
4.96 3.04 3.52511 -3.13836 3.52583
4.96 3.2 -2.50241 0.653725 -2.50153
4.96 3.36 -3.76196 7.587 -3.76093
4.96 3.52 -3.23221 12.6021 -3.23105
4.96 3.68 -3.07069 14.8523 -3.06943
4.96 3.84 -3.24889 15.6257 -3.24757
4.96 4 -3.44329 15.8399 -3.44194
4.96 4.16 -3.47454 15.9015 -3.47321
4.96 4.32 -3.30301 15.9012 -3.30175
4.96 4.48 -3.01047 15.672 -3.00931
4.96 4.64 -2.81373 14.6919 -2.8127
4.96 4.8 -3.05315 11.8363 -3.05227
4.96 4.96 -3.501 5.80435 -3.50029
4.96 5.12 -1.2047 -1.20806 -1.20416
4.96 5.28 5.4569 -3.8241 5.45728
4.96 5.44 11.4523 -3.41146 11.4525
4.96 5.6 14.4472 -3.04364 14.4473
4.96 5.76 15.5863 -3.07254 15.5864
4.96 5.92 15.9295 -3.21997 15.9295
4.96 6.08 15.9534 -3.29439 15.9534
4.96 6.24 15.8231 -3.17828 15.8231
4.96 6.4 15.3269 -2.95584 15.327
4.96 6.56 13.5988 -3.0198 13.599
4.96 6.72 9.16988 -3.6606 9.17027
4.96 6.88 1.87381 -3.37229 1.87435
4.96 7.04 -3.39051 1.60518 -3.38979
4.96 7.2 -3.81662 8.90429 -3.81574
4.96 7.36 -3.02983 13.5664 -3.0288
4.96 7.52 0.993615 19.2733 0.994777
4.96 7.68 1.32755 20.2654 1.32881
4.96 7.84 -29.2828 -10.0691 -29.2815
5.12 0 -6.43981 13.0259 -6.43846
5.12 0.16 -7.23322 12.15 -7.23189
5.12 0.32 -3.68687 15.3727 -3.68561
5.12 0.48 -3.01447 15.3404 -3.0133
5.12 0.64 -2.74309 14.133 -2.74206
5.12 0.8 -3.00941 10.6957 -3.00853
5.12 0.96 -3.06229 4.25937 -3.06157
5.12 1.12 0.358114 -1.87148 0.35866
5.12 1.28 7.19011 -3.4877 7.1905
5.12 1.44 12.4264 -3.04924 12.4266
5.12 1.6 14.8436 -2.90346 14.8437
5.12 1.76 15.6732 -3.12845 15.6733
5.12 1.92 15.8743 -3.4109 15.8743
5.12 2.08 15.9013 -3.55561 15.9013
5.12 2.24 15.9208 -3.48044 15.9209
5.12 2.4 15.8941 -3.20277 15.8942
5.12 2.56 15.5353 -2.85447 15.5356
5.12 2.72 14.1512 -2.70478 14.1516
5.12 2.88 10.4083 -3.0755 10.4088
5.12 3.04 3.56278 -3.1103 3.5635
5.12 3.2 -2.47056 0.673889 -2.46968
5.12 3.36 -3.7326 7.60855 -3.73157
5.12 3.52 -3.19975 12.6314 -3.19859
5.12 3.68 -3.03461 14.8887 -3.03335
5.12 3.84 -3.21033 15.6669 -3.20901
5.12 4 -3.40341 15.8835 -3.40207
5.12 4.16 -3.43418 15.9456 -3.43286
5.12 4.32 -3.26275 15.9444 -3.26149
5.12 4.48 -2.97073 15.7136 -2.96957
5.12 4.64 -2.77511 14.7319 -2.77408
5.12 4.8 -3.0164 11.8754 -3.01552
5.12 4.96 -3.46833 5.84304 -3.46762
5.12 5.12 -1.17986 -1.17379 -1.17931
5.12 5.28 5.47879 -3.79488 5.47917
5.12 5.44 11.479 -3.38168 11.4792
5.12 5.6 14.4797 -3.01128 14.4798
5.12 5.76 15.6231 -3.03789 15.6231
5.12 5.92 15.9689 -3.18365 15.9689
5.12 6.08 15.9944 -3.25676 15.9944
5.12 6.24 15.8652 -3.13938 15.8653
5.12 6.4 15.3704 -2.91593 15.3706
5.12 6.56 13.6442 -2.98013 13.6445
5.12 6.72 9.21855 -3.62368 9.21894
5.12 6.88 1.92136 -3.34572 1.92191
5.12 7.04 -3.35498 1.6187 -3.35426
5.12 7.2 -3.78604 8.92223 -3.78516
5.12 7.36 -2.99862 13.5933 -2.99759
5.12 7.52 1.0222 19.3021 1.02336
5.12 7.68 1.35546 20.2955 1.35672
5.12 7.84 -29.2529 -10.0365 -29.2516
5.28 0 -6.51023 12.9657 -6.50889
5.28 0.16 -7.24712 12.1469 -7.2458
5.28 0.32 -3.69771 15.3728 -3.69645
5.28 0.48 -3.01837 15.348 -3.01721
5.28 0.64 -2.73786 14.1521 -2.73683
5.28 0.8 -2.99536 10.7301 -2.99448
5.28 0.96 -3.04867 4.30402 -3.04795
5.28 1.12 0.35617 -1.84006 0.356716
5.28 1.28 7.18349 -3.47484 7.18388
5.28 1.44 12.4266 -3.0433 12.4268
5.28 1.6 14.8471 -2.90188 14.8472
5.28 1.76 15.6759 -3.13161 15.6759
5.28 1.92 15.8754 -3.41776 15.8754
5.28 2.08 15.902 -3.5639 15.902
5.28 2.24 15.9233 -3.48734 15.9234
5.28 2.4 15.9005 -3.20567 15.9006
5.28 2.56 15.5472 -2.85155 15.5474
5.28 2.72 14.1698 -2.69504 14.1702
5.28 2.88 10.4345 -3.05949 10.4351
5.28 3.04 3.59271 -3.09312 3.59342
5.28 3.2 -2.44827 0.684829 -2.44739
5.28 3.36 -3.72112 7.61566 -3.72009
5.28 3.52 -3.19611 12.637 -3.19495
5.28 3.68 -3.03812 14.8912 -3.03686
5.28 3.84 -3.21984 15.6658 -3.21852
5.28 4 -3.41619 15.8804 -3.41485
5.28 4.16 -3.44631 15.9433 -3.44499
5.28 4.32 -3.27029 15.9461 -3.26903
5.28 4.48 -2.97082 15.7219 -2.96966
5.28 4.64 -2.76687 14.7479 -2.76584
5.28 4.8 -3.00084 11.8992 -2.99996
5.28 4.96 -3.44956 5.87184 -3.44885
5.28 5.12 -1.16607 -1.14993 -1.16552
5.28 5.28 5.48623 -3.7828 5.48662
5.28 5.44 11.4837 -3.37827 11.484
5.28 5.6 14.4821 -3.01397 14.4822
5.28 5.76 15.6233 -3.04501 15.6233
5.28 5.92 15.9682 -3.19287 15.9682
5.28 6.08 15.9954 -3.26488 15.9954
5.28 6.24 15.8709 -3.1432 15.8709
5.28 6.4 15.3834 -2.9133 15.3836
5.28 6.56 13.6665 -2.97057 13.6667
5.28 6.72 9.25165 -3.60886 9.25204
5.28 6.88 1.9581 -3.33507 1.95864
5.28 7.04 -3.33384 1.61615 -3.33312
5.28 7.2 -3.7804 8.91724 -3.77952
5.28 7.36 -3.00344 13.5877 -3.00241
5.28 7.52 1.00897 19.2923 1.01014
5.28 7.68 1.33869 20.2838 1.33995
5.28 7.84 -29.2684 -10.0459 -29.267
5.44 0 -6.60683 12.8698 -6.60549
5.44 0.16 -7.3026 12.0929 -7.30128
5.44 0.32 -3.75056 15.3228 -3.7493
5.44 0.48 -3.0651 15.3068 -3.06394
5.44 0.64 -2.77562 14.1249 -2.77458
5.44 0.8 -3.02362 10.7221 -3.02274
5.44 0.96 -3.07739 4.30965 -3.07668
5.44 1.12 0.309611 -1.84854 0.310157
5.44 1.28 7.13049 -3.50444 7.13088
5.44 1.44 12.3796 -3.08065 12.3798
5.44 1.6 14.8021 -2.94371 14.8022
5.44 1.76 15.6285 -3.17823 15.6286
5.44 1.92 15.8249 -3.46835 15.8249
5.44 2.08 15.8501 -3.6164 15.8501
5.44 2.24 15.8727 -3.53917 15.8728
5.44 2.4 15.8542 -3.25416 15.8544
5.44 2.56 15.508 -2.89437 15.5082
5.44 2.72 14.1402 -2.73032 14.1406
5.44 2.88 10.4159 -3.0868 10.4165
5.44 3.04 3.58116 -3.11698 3.58188
5.44 3.2 -2.46557 0.656143 -2.46469
5.44 3.36 -3.74927 7.582 -3.74824
5.44 3.52 -3.23328 12.5986 -3.23212
5.44 3.68 -3.08391 14.8459 -3.08265
5.44 3.84 -3.27286 15.6137 -3.27153
5.44 4 -3.47317 15.8243 -3.47182
5.44 4.16 -3.50275 15.8879 -3.50143
5.44 4.32 -3.32193 15.8959 -3.32067
5.44 4.48 -3.01477 15.6803 -3.01361
5.44 4.64 -2.80231 14.7165 -2.80128
5.44 4.8 -3.02874 11.8777 -3.02787
5.44 4.96 -3.47371 5.85706 -3.473
5.44 5.12 -1.19445 -1.16837 -1.1939
5.44 5.28 5.45145 -3.81205 5.45183
5.44 5.44 11.4452 -3.41527 11.4455
5.44 5.6 14.4399 -3.05634 14.44
5.44 5.76 15.5772 -3.09174 15.5772
5.44 5.92 15.9197 -3.24233 15.9197
5.44 6.08 15.9473 -3.31443 15.9473
5.44 6.24 15.8268 -3.19013 15.8268
5.44 6.4 15.3462 -2.95578 15.3464
5.44 6.56 13.6396 -3.00717 13.6398
5.44 6.72 9.23917 -3.63906 9.23956
5.44 6.88 1.95391 -3.3674 1.95446
5.44 7.04 -3.35173 1.57116 -3.35102
5.44 7.2 -3.81401 8.86897 -3.81313
5.44 7.36 -3.046 13.5387 -3.04497
5.44 7.52 0.963855 19.2433 0.965017
5.44 7.68 1.29448 20.2363 1.29574
5.44 7.84 -29.3131 -10.0926 -29.3118
5.6 0 -6.63053 12.8354 -6.62919
5.6 0.16 -7.30986 12.0757 -7.30853
5.6 0.32 -3.75991 15.3052 -3.75865
5.6 0.48 -3.07812 15.2893 -3.07696
5.6 0.64 -2.79149 14.1116 -2.79045
5.6 0.8 -3.0418 10.7193 -3.04092
5.6 0.96 -3.10671 4.31459 -3.106
5.6 1.12 0.25523 -1.86015 0.255776
5.6 1.28 7.07106 -3.53319 7.07145
5.6 1.44 12.3343 -3.10752 12.3346
5.6 1.6 14.769 -2.96378 14.7691
5.6 1.76 15.6023 -3.19279 15.6023
5.6 1.92 15.8022 -3.4794 15.8022
5.6 2.08 15.8287 -3.62611 15.8287
5.6 2.24 15.8509 -3.54984 15.851
5.6 2.4 15.8309 -3.2678 15.831
5.6 2.56 15.483 -2.91206 15.4832
5.6 2.72 14.115 -2.7517 14.1154
5.6 2.88 10.3935 -3.11069 10.3941
5.6 3.04 3.56181 -3.14449 3.56252
5.6 3.2 -2.48726 0.623155 -2.48638
5.6 3.36 -3.77212 7.54966 -3.77108
5.6 3.52 -3.25325 12.5703 -3.25209
5.6 3.68 -3.10102 14.8197 -3.09976
5.6 3.84 -3.28795 15.5883 -3.28663
5.6 4 -3.48671 15.7995 -3.48536
5.6 4.16 -3.51518 15.8641 -3.51385
5.6 4.32 -3.33425 15.8731 -3.33299
5.6 4.48 -3.02859 15.6581 -3.02743
5.6 4.64 -2.81938 14.694 -2.81835
5.6 4.8 -3.05016 11.855 -3.04928
5.6 4.96 -3.50051 5.8343 -3.49979
5.6 5.12 -1.22826 -1.19381 -1.22772
5.6 5.28 5.41617 -3.83875 5.41656
5.6 5.44 11.4156 -3.43683 11.4158
5.6 5.6 14.4162 -3.07146 14.4163
5.6 5.76 15.5569 -3.10269 15.5569
5.6 5.92 15.9003 -3.25178 15.9003
5.6 6.08 15.9277 -3.32432 15.9278
5.6 6.24 15.8064 -3.20228 15.8064
5.6 6.4 15.3247 -2.97218 15.3248
5.6 6.56 13.6196 -3.02784 13.6199
5.6 6.72 9.22804 -3.662 9.22843
5.6 6.88 1.95012 -3.39854 1.95066
5.6 7.04 -3.36612 1.5255 -3.36541
5.6 7.2 -3.836 8.82541 -3.83512
5.6 7.36 -3.06352 13.5062 -3.06249
5.6 7.52 0.95779 19.2243 0.958952
5.6 7.68 1.29657 20.2264 1.29784
5.6 7.84 -29.3184 -10.1082 -29.3171
5.76 0 -6.56993 12.8933 -6.56859
5.76 0.16 -7.24503 12.138 -7.24371
5.76 0.32 -3.69909 15.3644 -3.69783
5.76 0.48 -3.02403 15.3439 -3.02286
5.76 0.64 -2.74545 14.1634 -2.74442
5.76 0.8 -3.00391 10.7748 -3.00303
5.76 0.96 -3.0851 4.37268 -3.08438
5.76 1.12 0.248406 -1.82162 0.248952
5.76 1.28 7.0609 -3.51116 7.06129
5.76 1.44 12.3445 -3.07949 12.3448
5.76 1.6 14.799 -2.92345 14.7992
5.76 1.76 15.6467 -3.14142 15.6467
5.76 1.92 15.8561 -3.41988 15.8561
5.76 2.08 15.8874 -3.56233 15.8874
5.76 2.24 15.9094 -3.48644 15.9094
5.76 2.4 15.8842 -3.2096 15.8843
5.76 2.56 15.5277 -2.86284 15.5279
5.76 2.72 14.1507 -2.71297 14.1511
5.76 2.88 10.4231 -3.08144 10.4236
5.76 3.04 3.58845 -3.12364 3.58917
5.76 3.2 -2.46312 0.638377 -2.46224
5.76 3.36 -3.74453 7.56988 -3.7435
5.76 3.52 -3.21636 12.6016 -3.2152
5.76 3.68 -3.05437 14.8615 -3.0531
5.76 3.84 -3.23312 15.6384 -3.23179
5.76 4 -3.42612 15.8552 -3.42477
5.76 4.16 -3.45232 15.9219 -3.45099
5.76 4.32 -3.2737 15.9287 -3.27244
5.76 4.48 -2.97512 15.7071 -2.97396
5.76 4.64 -2.77649 14.7333 -2.77546
5.76 4.8 -3.01865 11.8846 -3.01777
5.76 4.96 -3.47864 5.85766 -3.47793
5.76 5.12 -1.21238 -1.17254 -1.21183
5.76 5.28 5.43596 -3.81285 5.43634
5.76 5.44 11.4472 -3.40009 11.4475
5.76 5.6 14.4592 -3.02435 14.4594
5.76 5.76 15.6074 -3.0487 15.6075
5.76 5.92 15.9546 -3.19422 15.9546
5.76 6.08 15.9828 -3.2659 15.9828
5.76 6.24 15.8591 -3.14641 15.8592
5.76 6.4 15.3724 -2.92269 15.3726
5.76 6.56 13.6639 -2.98588 13.6641
5.76 6.72 9.27656 -3.62586 9.27695
5.76 6.88 2.00182 -3.37501 2.00237
5.76 7.04 -3.32952 1.53001 -3.32881
5.76 7.2 -3.80779 8.83275 -3.80691
5.76 7.36 -3.02516 13.5326 -3.02412
5.76 7.52 1.01016 19.2696 1.01132
5.76 7.68 1.35344 20.2791 1.3547
5.76 7.84 -29.2722 -10.0656 -29.2709
5.92 0 -6.55181 12.9256 -6.55046
5.92 0.16 -7.22377 12.173 -7.22245
5.92 0.32 -3.67677 15.4005 -3.67551
5.92 0.48 -2.99898 15.3833 -2.99782
5.92 0.64 -2.71703 14.2092 -2.716
5.92 0.8 -2.97205 10.8331 -2.97117
5.92 0.96 -3.05935 4.43985 -3.05864
5.92 1.12 0.251142 -1.77357 0.251688
5.92 1.28 7.0588 -3.48605 7.05919
5.92 1.44 12.3563 -3.05864 12.3565
5.92 1.6 14.8221 -2.90166 14.8222
5.92 1.76 15.676 -3.11886 15.6761
5.92 1.92 15.8895 -3.39633 15.8895
5.92 2.08 15.9242 -3.53676 15.9242
5.92 2.24 15.9491 -3.45797 15.9491
5.92 2.4 15.9252 -3.17856 15.9253
5.92 2.56 15.5679 -2.8308 15.5681
5.92 2.72 14.1885 -2.68157 14.1889
5.92 2.88 10.4588 -3.05138 10.4594
5.92 3.04 3.62228 -3.09564 3.62299
5.92 3.2 -2.43414 0.663609 -2.43326
5.92 3.36 -3.71999 7.5956 -3.71895
5.92 3.52 -3.19401 12.6294 -3.19285
5.92 3.68 -3.03343 14.8909 -3.03217
5.92 3.84 -3.21257 15.6692 -3.21125
5.92 4 -3.40438 15.8882 -3.40303
5.92 4.16 -3.42815 15.9574 -3.42683
5.92 4.32 -3.24724 15.9659 -3.24598
5.92 4.48 -2.94782 15.7435 -2.94666
5.92 4.64 -2.74983 14.7669 -2.7488
5.92 4.8 -2.99272 11.9152 -2.99184
5.92 4.96 -3.45191 5.88738 -3.45119
5.92 5.12 -1.18312 -1.1421 -1.18257
5.92 5.28 5.46898 -3.78192 5.46936
5.92 5.44 11.4826 -3.37059 11.4828
5.92 5.6 14.4934 -2.99912 14.4936
5.92 5.76 15.639 -3.02804 15.639
5.92 5.92 15.9855 -3.17492 15.9855
5.92 6.08 16.0163 -3.24387 16.0163
5.92 6.24 15.8967 -3.12002 15.8967
5.92 6.4 15.4136 -2.89256 15.4137
5.92 6.56 13.7106 -2.95173 13.7109
5.92 6.72 9.33422 -3.58759 9.33461
5.92 6.88 2.06237 -3.34498 2.06291
5.92 7.04 -3.29367 1.5368 -3.29296
5.92 7.2 -3.79276 8.83402 -3.79188
5.92 7.36 -3.01045 13.5454 -3.00942
5.92 7.52 1.02428 19.2891 1.02544
5.92 7.68 1.35863 20.2933 1.35989
5.92 7.84 -29.2679 -10.0536 -29.2666
6.08 0 -6.62981 12.8551 -6.62847
6.08 0.16 -7.29754 12.107 -7.29622
6.08 0.32 -3.74606 15.3399 -3.7448
6.08 0.48 -3.05875 15.3344 -3.05759
6.08 0.64 -2.76516 14.1766 -2.76413
6.08 0.8 -3.00896 10.8216 -3.00808
6.08 0.96 -3.09584 4.44381 -3.09512
6.08 1.12 0.195948 -1.78531 0.196494
6.08 1.28 6.99674 -3.52265 6.99712
6.08 1.44 12.2996 -3.10645 12.2999
6.08 1.6 14.7652 -2.95814 14.7653
6.08 1.76 15.6133 -3.18479 15.6134
6.08 1.92 15.8209 -3.46999 15.8209
6.08 2.08 15.8539 -3.61323 15.8539
6.08 2.24 15.883 -3.53064 15.8831
6.08 2.4 15.8683 -3.242 15.8684
6.08 2.56 15.5216 -2.88282 15.5218
6.08 2.72 14.1514 -2.72322 14.1518
6.08 2.88 10.4278 -3.08548 10.4284
6.08 3.04 3.59393 -3.12505 3.59464
6.08 3.2 -2.46457 0.635286 -2.46369
6.08 3.36 -3.75784 7.56266 -3.7568
6.08 3.52 -3.24276 12.5869 -3.2416
6.08 3.68 -3.09375 14.8371 -3.09249
6.08 3.84 -3.28228 15.606 -3.28095
6.08 4 -3.47885 15.8203 -3.47751
6.08 4.16 -3.50154 15.8907 -3.50021
6.08 4.32 -3.31456 15.9051 -3.3133
6.08 4.48 -3.0063 15.6909 -3.00514
6.08 4.64 -2.79868 14.7224 -2.79765
6.08 4.8 -3.03228 11.8777 -3.03141
6.08 4.96 -3.48248 5.85546 -3.48176
6.08 5.12 -1.20571 -1.16977 -1.20516
6.08 5.28 5.44619 -3.81204 5.44658
6.08 5.44 11.4483 -3.41293 11.4485
6.08 5.6 14.4429 -3.05758 14.443
6.08 5.76 15.575 -3.09906 15.5751
6.08 5.92 15.9165 -3.25016 15.9165
6.08 6.08 15.9512 -3.31528 15.9512
6.08 6.24 15.8404 -3.18344 15.8405
6.08 6.4 15.3683 -2.9463 15.3684
6.08 6.56 13.68 -2.99356 13.6803
6.08 6.72 9.32182 -3.61802 9.3222
6.08 6.88 2.05573 -3.37952 2.05628
6.08 7.04 -3.32423 1.47988 -3.32352
6.08 7.2 -3.8429 8.77024 -3.84202
6.08 7.36 -3.0641 13.4876 -3.06307
6.08 7.52 0.960282 19.226 0.961444
6.08 7.68 1.28054 20.2172 1.2818
6.08 7.84 -29.3285 -10.1132 -29.3272
6.24 0 -6.64351 12.8282 -6.64217
6.24 0.16 -7.31302 12.0795 -7.3117
6.24 0.32 -3.76305 15.3129 -3.76179
6.24 0.48 -3.07745 15.3096 -3.07629
6.24 0.64 -2.78533 14.1572 -2.78429
6.24 0.8 -3.03225 10.8113 -3.03137
6.24 0.96 -3.13101 4.43946 -3.1303
6.24 1.12 0.138556 -1.80383 0.139102
6.24 1.28 6.93648 -3.55501 6.93687
6.24 1.44 12.2521 -3.13675 12.2523
6.24 1.6 14.7263 -2.98369 14.7264
6.24 1.76 15.5767 -3.20814 15.5768
6.24 1.92 15.7828 -3.49387 15.7828
6.24 2.08 15.8135 -3.639 15.8135
6.24 2.24 15.8424 -3.55747 15.8424
6.24 2.4 15.8302 -3.26784 15.8303
6.24 2.56 15.4872 -2.90647 15.4874
6.24 2.72 14.1188 -2.74592 14.1192
6.24 2.88 10.3931 -3.11022 10.3936
6.24 3.04 3.55636 -3.15201 3.55707
6.24 3.2 -2.49835 0.610153 -2.49747
6.24 3.36 -3.7859 7.53755 -3.78487
6.24 3.52 -3.26821 12.5585 -3.26705
6.24 3.68 -3.11787 14.8054 -3.1166
6.24 3.84 -3.30558 15.5717 -3.30426
6.24 4 -3.50184 15.7842 -3.50049
6.24 4.16 -3.52436 15.8544 -3.52304
6.24 4.32 -3.33727 15.8697 -3.33601
6.24 4.48 -3.02905 15.6565 -3.02789
6.24 4.64 -2.82194 14.688 -2.82091
6.24 4.8 -3.05702 11.8409 -3.05614
6.24 4.96 -3.50785 5.81589 -3.50714
6.24 5.12 -1.2264 -1.20497 -1.22585
6.24 5.28 5.42678 -3.84016 5.42716
6.24 5.44 11.4209 -3.44144 11.4211
6.24 5.6 14.4075 -3.0877 14.4076
6.24 5.76 15.5375 -3.12647 15.5375
6.24 5.92 15.8821 -3.27182 15.8821
6.24 6.08 15.9205 -3.33336 15.9205
6.24 6.24 15.8101 -3.20309 15.8101
6.24 6.4 15.3371 -2.96978 15.3372
6.24 6.56 13.6522 -3.01816 13.6524
6.24 6.72 9.30258 -3.64268 9.30297
6.24 6.88 2.03887 -3.41459 2.03941
6.24 7.04 -3.35201 1.42841 -3.35129
6.24 7.2 -3.86769 8.72616 -3.86681
6.24 7.36 -3.07875 13.4583 -3.07771
6.24 7.52 0.943788 19.1962 0.94495
6.24 7.68 1.26493 20.1869 1.26619
6.24 7.84 -29.3276 -10.1253 -29.3263
6.4 0 -6.53005 12.9387 -6.5287
6.4 0.16 -7.21105 12.179 -7.20972
6.4 0.32 -3.66527 15.409 -3.664
6.4 0.48 -2.98993 15.3972 -2.98877
6.4 0.64 -2.70837 14.2379 -2.70734
6.4 0.8 -2.96683 10.8882 -2.96595
6.4 0.96 -3.08345 4.51099 -3.08273
6.4 1.12 0.164083 -1.74879 0.164629
6.4 1.28 6.96175 -3.50955 6.96214
6.4 1.44 12.295 -3.08328 12.2952
6.4 1.6 14.7886 -2.91543 14.7887
6.4 1.76 15.6564 -3.12383 15.6565
6.4 1.92 15.8747 -3.39705 15.8747
6.4 2.08 15.909 -3.53777 15.909
6.4 2.24 15.933 -3.46059 15.933
6.4 2.4 15.9112 -3.18041 15.9113
6.4 2.56 15.5572 -2.82937 15.5575
6.4 2.72 14.177 -2.67854 14.1774
6.4 2.88 10.437 -3.05228 10.4375
6.4 3.04 3.58943 -3.09833 3.59014
6.4 3.2 -2.45887 0.670423 -2.45799
6.4 3.36 -3.73309 7.60268 -3.73206
6.4 3.52 -3.20432 12.6273 -3.20316
6.4 3.68 -3.04088 14.8829 -3.03962
6.4 3.84 -3.21491 15.6602 -3.21359
6.4 4 -3.40187 15.8802 -3.40052
6.4 4.16 -3.42312 15.9507 -3.4218
6.4 4.32 -3.24258 15.9588 -3.24132
6.4 4.48 -2.94534 15.7337 -2.94418
6.4 4.64 -2.75003 14.7511 -2.749
6.4 4.8 -2.996 11.8882 -2.99512
6.4 4.96 -3.45321 5.84877 -3.4525
6.4 5.12 -1.16574 -1.17044 -1.16519
6.4 5.28 5.49276 -3.79255 5.49315
6.4 5.44 11.485 -3.38545 11.4852
6.4 5.6 14.4768 -3.01975 14.477
6.4 5.76 15.6211 -3.04067 15.6212
6.4 5.92 15.979 -3.17154 15.9791
6.4 6.08 16.0186 -3.23197 16.0186
6.4 6.24 15.8964 -3.11352 15.8965
6.4 6.4 15.4089 -2.89424 15.409
6.4 6.56 13.7162 -2.95095 13.7165
6.4 6.72 9.36483 -3.5811 9.36522
6.4 6.88 2.0985 -3.36302 2.09905
6.4 7.04 -3.29462 1.47329 -3.29391
6.4 7.2 -3.80013 8.78395 -3.79925
6.4 7.36 -3.00577 13.5262 -3.00473
6.4 7.52 1.01762 19.2668 1.01878
6.4 7.68 1.355 20.2733 1.35626
6.4 7.84 -29.2465 -10.0452 -29.2452
6.56 0 -6.52239 12.965 -6.52105
6.56 0.16 -7.22354 12.1845 -7.22222
6.56 0.32 -3.67461 15.4171 -3.67335
6.56 0.48 -2.99603 15.4076 -2.99487
6.56 0.64 -2.70689 14.2553 -2.70585
6.56 0.8 -2.9563 10.9154 -2.95542
6.56 0.96 -3.07064 4.54201 -3.06993
6.56 1.12 0.169398 -1.72942 0.169944
6.56 1.28 6.96109 -3.50729 6.96148
6.56 1.44 12.2907 -3.09359 12.2909
6.56 1.6 14.7821 -2.93343 14.7823
6.56 1.76 15.6532 -3.14229 15.6532
6.56 1.92 15.8787 -3.41012 15.8787
6.56 2.08 15.9184 -3.54524 15.9184
6.56 2.24 15.9425 -3.46612 15.9426
6.56 2.4 15.9175 -3.1862 15.9176
6.56 2.56 15.5608 -2.83383 15.561
6.56 2.72 14.1783 -2.67868 14.1786
6.56 2.88 10.4325 -3.046 10.4331
6.56 3.04 3.58044 -3.07872 3.58115
6.56 3.2 -2.45769 0.709069 -2.45681
6.56 3.36 -3.7284 7.63732 -3.72737
6.56 3.52 -3.20973 12.644 -3.20857
6.56 3.68 -3.05374 14.8893 -3.05248
6.56 3.84 -3.22804 15.6658 -3.22672
6.56 4 -3.41156 15.889 -3.41021
6.56 4.16 -3.43028 15.9607 -3.42896
6.56 4.32 -3.24915 15.9668 -3.24789
6.56 4.48 -2.95093 15.7385 -2.94977
6.56 4.64 -2.75211 14.7528 -2.75108
6.56 4.8 -2.99234 11.8843 -2.99146
6.56 4.96 -3.43874 5.83732 -3.43803
6.56 5.12 -1.1294 -1.17521 -1.12885
6.56 5.28 5.53341 -3.78797 5.5338
6.56 5.44 11.5065 -3.38883 11.5067
6.56 5.6 14.4854 -3.03031 14.4855
6.56 5.76 15.6294 -3.05043 15.6294
6.56 5.92 15.9898 -3.1795 15.9898
6.56 6.08 16.0258 -3.24309 16.0258
6.56 6.24 15.8971 -3.128 15.8972
6.56 6.4 15.411 -2.90272 15.4111
6.56 6.56 13.7282 -2.94537 13.7285
6.56 6.72 9.38384 -3.56478 9.38423
6.56 6.88 2.11692 -3.34262 2.11747
6.56 7.04 -3.27905 1.49469 -3.27834
6.56 7.2 -3.7952 8.79808 -3.79432
6.56 7.36 -3.02684 13.5176 -3.0258
6.56 7.52 0.984291 19.2469 0.985453
6.56 7.68 1.33319 20.2664 1.33445
6.56 7.84 -29.2841 -10.0676 -29.2828
6.72 0 -6.58587 12.897 -6.58453
6.72 0.16 -7.32553 12.0773 -7.32421
6.72 0.32 -3.77323 15.3136 -3.77197
6.72 0.48 -3.08761 15.3119 -3.08645
6.72 0.64 -2.79029 14.1694 -2.78926
6.72 0.8 -3.03192 10.8382 -3.03104
6.72 0.96 -3.1421 4.46781 -3.14138
6.72 1.12 0.101447 -1.80261 0.101993
6.72 1.28 6.89214 -3.58092 6.89253
6.72 1.44 12.2105 -3.17487 12.2108
6.72 1.6 14.6844 -3.02911 14.6845
6.72 1.76 15.5395 -3.25252 15.5396
6.72 1.92 15.7572 -3.52783 15.7572
6.72 2.08 15.7981 -3.66119 15.7981
6.72 2.24 15.8287 -3.57402 15.8288
6.72 2.4 15.8118 -3.2838 15.812
6.72 2.56 15.4619 -2.92192 15.4621
6.72 2.72 14.0803 -2.76042 14.0807
6.72 2.88 10.3259 -3.12375 10.3264
6.72 3.04 3.46854 -3.14122 3.46926
6.72 3.2 -2.54556 0.675871 -2.54468
6.72 3.36 -3.79933 7.60096 -3.79829
6.72 3.52 -3.29 12.5787 -3.28884
6.72 3.68 -3.14996 14.7974 -3.1487
6.72 3.84 -3.33685 15.5565 -3.33553
6.72 4 -3.52582 15.772 -3.52448
6.72 4.16 -3.5424 15.8442 -3.54107
6.72 4.32 -3.35324 15.8562 -3.35198
6.72 4.48 -3.04441 15.6355 -3.04325
6.72 4.64 -2.83617 14.6542 -2.83514
6.72 4.8 -3.07076 11.7804 -3.06988
6.72 4.96 -3.50691 5.72291 -3.5062
6.72 5.12 -1.16723 -1.27406 -1.16668
6.72 5.28 5.50501 -3.86138 5.5054
6.72 5.44 11.4516 -3.46483 11.4518
6.72 5.6 14.4034 -3.11899 14.4036
6.72 5.76 15.5288 -3.15166 15.5289
6.72 5.92 15.8759 -3.29191 15.8759
6.72 6.08 15.9053 -3.36008 15.9053
6.72 6.24 15.7832 -3.23544 15.7832
6.72 6.4 15.3158 -2.98868 15.316
6.72 6.56 13.6479 -3.0147 13.6482
6.72 6.72 9.29865 -3.63412 9.29903
6.72 6.88 2.02374 -3.4116 2.02429
6.72 7.04 -3.35951 1.43659 -3.35879
6.72 7.2 -3.87393 8.73004 -3.87305
6.72 7.36 -3.122 13.4233 -3.12097
6.72 7.52 0.889948 19.1472 0.89111
6.72 7.68 1.23936 20.1674 1.24062
6.72 7.84 -29.3839 -10.1728 -29.3825
6.88 0 -6.4098 13.0586 -6.40846
6.88 0.16 -7.20765 12.18 -7.20633
6.88 0.32 -3.65898 15.4126 -3.65772
6.88 0.48 -2.98325 15.401 -2.98209
6.88 0.64 -2.70588 14.2377 -2.70485
6.88 0.8 -2.96863 10.881 -2.96775
6.88 0.96 -3.09266 4.48809 -3.09194
6.88 1.12 0.158319 -1.77702 0.158865
6.88 1.28 6.96318 -3.52852 6.96357
6.88 1.44 12.2908 -3.09916 12.2911
6.88 1.6 14.7707 -2.93787 14.7708
6.88 1.76 15.6266 -3.15465 15.6266
6.88 1.92 15.8427 -3.42819 15.8427
6.88 2.08 15.8843 -3.55902 15.8843
6.88 2.24 15.9171 -3.46844 15.9172
6.88 2.4 15.8981 -3.17886 15.8983
6.88 2.56 15.5361 -2.82613 15.5363
6.88 2.72 14.1285 -2.68293 14.1289
6.88 2.88 10.3345 -3.06771 10.335
6.88 3.04 3.45142 -3.084 3.45213
6.88 3.2 -2.5284 0.769706 -2.52752
6.88 3.36 -3.73715 7.70754 -3.73612
6.88 3.52 -3.2073 12.677 -3.20614
6.88 3.68 -3.05536 14.8914 -3.0541
6.88 3.84 -3.2354 15.6487 -3.23408
6.88 4 -3.4212 15.8628 -3.41985
6.88 4.16 -3.43593 15.9342 -3.4346
6.88 4.32 -3.24699 15.9443 -3.24573
6.88 4.48 -2.94423 15.7149 -2.94307
6.88 4.64 -2.75066 14.7126 -2.74963
6.88 4.8 -3.00683 11.802 -3.00595
6.88 4.96 -3.45308 5.70672 -3.45236
6.88 5.12 -1.08194 -1.27505 -1.0814
6.88 5.28 5.61388 -3.81164 5.61426
6.88 5.44 11.552 -3.38872 11.5522
6.88 5.6 14.4987 -3.02741 14.4988
6.88 5.76 15.6231 -3.05101 15.6231
6.88 5.92 15.9651 -3.19116 15.9651
6.88 6.08 15.9891 -3.26117 15.9891
6.88 6.24 15.8679 -3.13293 15.8679
6.88 6.4 15.3996 -2.88538 15.3997
6.88 6.56 13.709 -2.9301 13.7092
6.88 6.72 9.31496 -3.58169 9.31534
6.88 6.88 2.02193 -3.36095 2.02248
6.88 7.04 -3.31709 1.52384 -3.31638
6.88 7.2 -3.79795 8.82532 -3.79707
6.88 7.36 -3.03067 13.5156 -3.02963
6.88 7.52 1.00524 19.2555 1.0064
6.88 7.68 1.34596 20.2658 1.34722
6.88 7.84 -29.291 -10.0903 -29.2897
7.04 0 -6.36226 13.126 -6.36091
7.04 0.16 -7.19249 12.2138 -7.19117
7.04 0.32 -3.64378 15.4445 -3.64252
7.04 0.48 -2.96727 15.4284 -2.9661
7.04 0.64 -2.695 14.2496 -2.69397
7.04 0.8 -2.95637 10.8749 -2.9555
7.04 0.96 -3.06321 4.46893 -3.0625
7.04 1.12 0.218465 -1.78287 0.219011
7.04 1.28 7.02431 -3.51967 7.0247
7.04 1.44 12.3315 -3.09448 12.3317
7.04 1.6 14.802 -2.93462 14.8021
7.04 1.76 15.6584 -3.14714 15.6585
7.04 1.92 15.8774 -3.41561 15.8774
7.04 2.08 15.9211 -3.54236 15.9211
7.04 2.24 15.9533 -3.44964 15.9534
7.04 2.4 15.9289 -3.1609 15.929
7.04 2.56 15.5554 -2.81095 15.5557
7.04 2.72 14.128 -2.67065 14.1284
7.04 2.88 10.3013 -3.05526 10.3018
7.04 3.04 3.3981 -3.04481 3.39881
7.04 3.2 -2.54248 0.862609 -2.5416
7.04 3.36 -3.72194 7.79694 -3.72091
7.04 3.52 -3.19861 12.7309 -3.19745
7.04 3.68 -3.05034 14.9282 -3.04908
7.04 3.84 -3.22549 15.6844 -3.22417
7.04 4 -3.40526 15.9009 -3.40392
7.04 4.16 -3.4171 15.972 -3.41577
7.04 4.32 -3.22901 15.9769 -3.22775
7.04 4.48 -2.92941 15.737 -2.92825
7.04 4.64 -2.73921 14.7171 -2.73817
7.04 4.8 -2.99767 11.7761 -2.99679
7.04 4.96 -3.4292 5.64812 -3.42848
7.04 5.12 -1.00135 -1.31024 -1.0008
7.04 5.28 5.71502 -3.80066 5.71541
7.04 5.44 11.6192 -3.37512 11.6194
7.04 5.6 14.5431 -3.01797 14.5433
7.04 5.76 15.6623 -3.03953 15.6623
7.04 5.92 16.0012 -3.17863 16.0012
7.04 6.08 16.0208 -3.24844 16.0208
7.04 6.24 15.8971 -3.11719 15.8971
7.04 6.4 15.4215 -2.86958 15.4216
7.04 6.56 13.7067 -2.92334 13.707
7.04 6.72 9.28078 -3.57626 9.28116
7.04 6.88 1.9946 -3.31032 1.99515
7.04 7.04 -3.29147 1.63098 -3.29075
7.04 7.2 -3.7771 8.90027 -3.77622
7.04 7.36 -3.03356 13.5468 -3.03253
7.04 7.52 0.998974 19.2769 1.00014
7.04 7.68 1.31906 20.2646 1.32032
7.04 7.84 -29.2931 -10.0729 -29.2917
7.2 0 -6.47565 12.9983 -6.4743
7.2 0.16 -7.30757 12.0839 -7.30625
7.2 0.32 -3.76405 15.308 -3.76279
7.2 0.48 -3.07471 15.3008 -3.07355
7.2 0.64 -2.79584 14.1178 -2.79481
7.2 0.8 -3.05861 10.7195 -3.05773
7.2 0.96 -3.14004 4.30204 -3.13932
7.2 1.12 0.196772 -1.90796 0.197318
7.2 1.28 7.0027 -3.60719 7.00309
7.2 1.44 12.2615 -3.19206 12.2617
7.2 1.6 14.691 -3.05267 14.6912
7.2 1.76 15.5242 -3.27901 15.5243
7.2 1.92 15.7333 -3.55274 15.7333
7.2 2.08 15.7761 -3.67732 15.7761
7.2 2.24 15.8125 -3.57727 15.8125
7.2 2.4 15.7936 -3.27833 15.7937
7.2 2.56 15.4226 -2.91782 15.4229
7.2 2.72 13.9844 -2.77172 13.9848
7.2 2.88 10.1238 -3.15465 10.1243
7.2 3.04 3.20301 -3.10996 3.20372
7.2 3.2 -2.67115 0.869902 -2.67027
7.2 3.36 -3.80203 7.79715 -3.80099
7.2 3.52 -3.29312 12.669 -3.29196
7.2 3.68 -3.16958 14.8177 -3.16832
7.2 3.84 -3.3587 15.5494 -3.35738
7.2 4 -3.54163 15.7573 -3.54029
7.2 4.16 -3.55002 15.8277 -3.54869
7.2 4.32 -3.35404 15.8358 -3.35278
7.2 4.48 -3.0432 15.6 -3.04204
7.2 4.64 -2.84301 14.5765 -2.84198
7.2 4.8 -3.09867 11.6085 -3.09779
7.2 4.96 -3.51249 5.4456 -3.51177
7.2 5.12 -1.01143 -1.47047 -1.01089
7.2 5.28 5.73107 -3.88813 5.73145
7.2 5.44 11.5817 -3.45831 11.5819
7.2 5.6 14.453 -3.12274 14.4532
7.2 5.76 15.5387 -3.16454 15.5388
7.2 5.92 15.8581 -3.31603 15.8582
7.2 6.08 15.8736 -3.38373 15.8736
7.2 6.24 15.7603 -3.23594 15.7604
7.2 6.4 15.2934 -2.97243 15.2935
7.2 6.56 13.5656 -3.02341 13.5658
7.2 6.72 9.11008 -3.67103 9.11047
7.2 6.88 1.82818 -3.35668 1.82873
7.2 7.04 -3.40375 1.63198 -3.40304
7.2 7.2 -3.88538 8.85018 -3.8845
7.2 7.36 -3.14001 13.4568 -3.13897
7.2 7.52 0.890336 19.1693 0.891498
7.2 7.68 1.18512 20.1249 1.18638
7.2 7.84 -29.3921 -10.1773 -29.3908
7.36 0 -6.2744 13.1921 -6.27306
7.36 0.16 -7.09695 12.2856 -7.09563
7.36 0.32 -3.56711 15.4913 -3.56585
7.36 0.48 -2.89287 15.4631 -2.8917
7.36 0.64 -2.62649 14.2497 -2.62545
7.36 0.8 -2.92921 10.7736 -2.92833
7.36 0.96 -3.00966 4.301 -3.00894
7.36 1.12 0.401875 -1.85187 0.402421
7.36 1.28 7.23254 -3.47333 7.23293
7.36 1.44 12.4671 -3.0314 12.4674
7.36 1.6 14.8842 -2.87783 14.8843
7.36 1.76 15.7154 -3.09327 15.7154
7.36 1.92 15.9245 -3.36019 15.9245
7.36 2.08 15.9676 -3.48036 15.9676
7.36 2.24 16.0023 -3.3782 16.0024
7.36 2.4 15.9748 -3.08244 15.9749
7.36 2.56 15.5794 -2.73561 15.5797
7.36 2.72 14.0898 -2.61723 14.0901
7.36 2.88 10.1495 -3.03027 10.1501
7.36 3.04 3.1839 -2.96223 3.18462
7.36 3.2 -2.60951 1.10386 -2.60863
7.36 3.36 -3.65852 8.04389 -3.65749
7.36 3.52 -3.12554 12.8833 -3.12437
7.36 3.68 -2.99147 15.014 -2.99021
7.36 3.84 -3.17241 15.7403 -3.17109
7.36 4 -3.34893 15.9473 -3.34758
7.36 4.16 -3.35394 16.0162 -3.35262
7.36 4.32 -3.15923 16.0179 -3.15797
7.36 4.48 -2.85791 15.7639 -2.85675
7.36 4.64 -2.68013 14.6992 -2.6791
7.36 4.8 -2.9678 11.6577 -2.96692
7.36 4.96 -3.38194 5.42423 -3.38123
7.36 5.12 -0.796157 -1.44476 -0.795611
7.36 5.28 5.99089 -3.7588 5.99127
7.36 5.44 11.81 -3.29214 11.8102
7.36 5.6 14.6561 -2.94535 14.6563
7.36 5.76 15.7305 -2.98143 15.7305
7.36 5.92 16.045 -3.12803 16.045
7.36 6.08 16.0629 -3.18607 16.0629
7.36 6.24 15.9512 -3.03074 15.9513
7.36 6.4 15.4601 -2.7823 15.4602
7.36 6.56 13.6662 -2.87506 13.6665
7.36 6.72 9.12712 -3.5539 9.1275
7.36 6.88 1.82462 -3.19652 1.82516
7.36 7.04 -3.32132 1.86778 -3.32061
7.36 7.2 -3.72695 9.0887 -3.72607
7.36 7.36 -2.92961 13.7003 -2.92858
7.36 7.52 1.07143 19.3681 1.07259
7.36 7.68 1.347 20.2921 1.34826
7.36 7.84 -29.2341 -10.0153 -29.2328
7.52 0 -6.52968 12.9417 -6.52834
7.52 0.16 -7.31961 12.0691 -7.31829
7.52 0.32 -3.76488 15.2918 -3.76361
7.52 0.48 -3.10847 15.2333 -3.10731
7.52 0.64 -2.82407 14.0121 -2.82304
7.52 0.8 -3.09841 10.5083 -3.09753
7.52 0.96 -3.12195 4.01246 -3.12124
7.52 1.12 0.392269 -2.06068 0.392815
7.52 1.28 7.20948 -3.62513 7.20986
7.52 1.44 12.35 -3.21386 12.3503
7.52 1.6 14.7043 -3.0937 14.7044
7.52 1.76 15.5097 -3.32284 15.5097
7.52 1.92 15.7103 -3.59224 15.7103
7.52 2.08 15.7516 -3.70952 15.7516
7.52 2.24 15.7869 -3.60114 15.787
7.52 2.4 15.7592 -3.29659 15.7593
7.52 2.56 15.3579 -2.93905 15.3582
7.52 2.72 13.8476 -2.80778 13.848
7.52 2.88 9.86209 -3.2 9.86264
7.52 3.04 2.88438 -3.05617 2.8851
7.52 3.2 -2.80831 1.11629 -2.80743
7.52 3.36 -3.81056 8.01914 -3.80952
7.52 3.52 -3.31259 12.7597 -3.31143
7.52 3.68 -3.20874 14.8316 -3.20748
7.52 3.84 -3.39963 15.536 -3.3983
7.52 4 -3.57569 15.7371 -3.57435
7.52 4.16 -3.57661 15.8043 -3.57529
7.52 4.32 -3.37565 15.8041 -3.37439
7.52 4.48 -3.06565 15.5447 -3.06449
7.52 4.64 -2.8769 14.4636 -2.87587
7.52 4.8 -3.14931 11.3816 -3.14843
7.52 4.96 -3.50973 5.11118 -3.50901
7.52 5.12 -0.800836 -1.68105 -0.80029
7.52 5.28 6.00064 -3.90796 6.00102
7.52 5.44 11.7194 -3.46241 11.7197
7.52 5.6 14.4881 -3.1544 14.4883
7.52 5.76 15.5263 -3.21058 15.5263
7.52 5.92 15.8289 -3.36032 15.8289
7.52 6.08 15.849 -3.40892 15.849
7.52 6.24 15.738 -3.24426 15.7381
7.52 6.4 15.227 -2.99884 15.2271
7.52 6.56 13.3962 -3.09039 13.3965
7.52 6.72 8.82709 -3.72646 8.82748
7.52 6.88 1.55712 -3.25181 1.55767
7.52 7.04 -3.48564 1.9036 -3.48492
7.52 7.2 -3.87812 9.04889 -3.87724
7.52 7.36 -3.1426 13.543 -3.14157
7.52 7.52 0.793397 19.1188 0.794559
7.52 7.68 1.16249 20.1238 1.16375
7.52 7.84 -29.4282 -10.1887 -29.4268
7.68 0 14.4874 33.9227 14.4888
7.68 0.16 16.8455 36.1957 16.8468
7.68 0.32 19.7509 38.7649 19.7521
7.68 0.48 20.302 38.5845 20.3032
7.68 0.64 20.474 37.2195 20.475
7.68 0.8 20.081 33.5321 20.0819
7.68 0.96 20.0039 26.8925 20.0046
7.68 1.12 23.6125 20.912 23.6131
7.68 1.28 30.5141 19.5434 30.5145
7.68 1.44 35.6802 20.0692 35.6804
7.68 1.6 38.0563 20.2538 38.0564
7.68 1.76 38.8918 20.0736 38.8919
7.68 1.92 39.1174 19.8386 39.1174
7.68 2.08 39.1713 19.7401 39.1713
7.68 2.24 39.2008 19.8487 39.2008
7.68 2.4 39.1395 20.1284 39.1396
7.68 2.56 38.6641 20.4287 38.6643
7.68 2.72 37.0223 20.4654 37.0226
7.68 2.88 32.8461 19.958 32.8466
7.68 3.04 25.7499 20.0759 25.7506
7.68 3.2 20.1931 24.3617 20.1939
7.68 3.36 19.3879 31.3413 19.3889
7.68 3.52 19.9909 36.1026 19.9921
7.68 3.68 20.1535 38.1941 20.1548
7.68 3.84 20.0034 38.922 20.0047
7.68 4 19.8528 39.1396 19.8541
7.68 4.16 19.8621 39.2101 19.8634
7.68 4.32 20.0493 39.1878 20.0506
7.68 4.48 20.3192 38.8743 20.3203
7.68 4.64 20.4323 37.6883 20.4333
7.68 4.8 20.0465 34.43 20.0474
7.68 4.96 19.614 27.9881 19.6147
7.68 5.12 22.4092 21.2529 22.4097
7.68 5.28 29.3099 19.2372 29.3103
7.68 5.44 35.0558 19.814 35.056
7.68 5.6 37.8442 20.193 37.8443
7.68 5.76 38.9041 20.1807 38.9041
7.68 5.92 39.214 20.0498 39.214
7.68 6.08 39.2286 20.0047 39.2286
7.68 6.24 39.0954 20.1577 39.0955
7.68 6.4 38.5258 20.3634 38.5259
7.68 6.56 36.5735 20.1915 36.5737
7.68 6.72 31.8197 19.4522 31.82
7.68 6.88 24.4306 19.8987 24.4311
7.68 7.04 19.5107 25.1331 19.5114
7.68 7.2 19.3338 32.3625 19.3347
7.68 7.36 20.2042 36.9151 20.2052
7.68 7.52 24.0432 42.3653 24.0444
7.68 7.68 22.9476 41.9075 22.9488
7.68 7.84 1.00869 20.2308 1.01001
7.84 0 -41.5708 -22.1693 -41.5695
7.84 0.16 -48.2421 -28.945 -48.2408
7.84 0.32 -43.5697 -24.6597 -43.5684
7.84 0.48 -42.7411 -24.6592 -42.7399
7.84 0.64 -42.4205 -26.0652 -42.4195
7.84 0.8 -42.6114 -29.8917 -42.6105
7.84 0.96 -42.1976 -36.4322 -42.1969
7.84 1.12 -38.0422 -41.8093 -38.0417
7.84 1.28 -31.4178 -42.9693 -31.4174
7.84 1.44 -26.8304 -42.6736 -26.8302
7.84 1.6 -24.8181 -42.7076 -24.818
7.84 1.76 -24.1725 -43.0251 -24.1724
7.84 1.92 -24.0437 -43.3325 -24.0437
7.84 2.08 -24.0291 -43.4484 -24.0291
7.84 2.24 -23.9983 -43.3063 -23.9983
7.84 2.4 -24.0425 -42.9519 -24.0423
7.84 2.56 -24.5233 -42.5489 -24.523
7.84 2.72 -26.2594 -42.3957 -26.259
7.84 2.88 -30.6024 -42.6987 -30.6019
7.84 3.04 -37.531 -42.0405 -37.5303
7.84 3.2 -42.4585 -37.2835 -42.4577
7.84 3.36 -43.154 -30.691 -43.153
7.84 3.52 -42.7995 -26.4899 -42.7984
7.84 3.68 -42.8378 -24.7241 -42.8365
7.84 3.84 -43.1038 -24.1596 -43.1025
7.84 4 -43.3034 -24.0176 -43.302
7.84 4.16 -43.2878 -23.9699 -43.2864
7.84 4.32 -43.0465 -23.9855 -43.0452
7.84 4.48 -42.6946 -24.3049 -42.6935
7.84 4.64 -42.4804 -25.5615 -42.4794
7.84 4.8 -42.7118 -28.9886 -42.7109
7.84 4.96 -42.7177 -35.4345 -42.717
7.84 5.12 -39.2835 -41.5841 -39.283
7.84 5.28 -32.5275 -43.2652 -32.5271
7.84 5.44 -27.3775 -42.8883 -27.3772
7.84 5.6 -24.9833 -42.7316 -24.9832
7.84 5.76 -24.123 -42.8786 -24.123
7.84 5.92 -23.9013 -43.0621 -23.9013
7.84 6.08 -23.9098 -43.0925 -23.9098
7.84 6.24 -24.0487 -42.8865 -24.0487
7.84 6.4 -24.6761 -42.6248 -24.676
7.84 6.56 -26.7795 -42.7148 -26.7792
7.84 6.72 -31.6928 -43.2072 -31.6924
7.84 6.88 -38.7989 -42.1103 -38.7983
7.84 7.04 -43.0744 -36.4703 -43.0737
7.84 7.2 -43.1976 -29.7086 -43.1967
7.84 7.36 -42.6074 -25.7228 -42.6064
7.84 7.52 -38.5555 -20.1805 -38.5544
7.84 7.68 -35.5938 -16.6342 -35.5925
7.84 7.84 -81.4037 -62.167 -81.4024
