0 0 0.985664 0.0134523 0.00091876
0 0.16 0.983617 0.0156422 0.00087811
0 0.32 0.975247 0.0238329 0.000779889
0 0.48 0.95753 0.0417059 0.000649174
0 0.64 0.920168 0.0790198 0.000508293
0 0.8 0.840854 0.158729 0.000369805
0 0.96 0.681416 0.318434 0.000235825
0 1.12 0.443295 0.556265 0.000119272
0 1.28 0.233043 0.766288 4.77894e-05
0 1.44 0.113539 0.885877 1.74521e-05
0 1.6 0.0567542 0.942735 6.61944e-06
0 1.76 0.0302598 0.969154 2.81031e-06
0 1.92 0.0180605 0.981186 1.42202e-06
0 2.08 0.0137253 0.985424 9.74646e-07
0 2.24 0.0152055 0.984009 1.06138e-06
0 2.4 0.0231115 0.976337 1.77698e-06
0 2.56 0.0413373 0.958517 3.87638e-06
0 2.72 0.0806588 0.91981 9.91068e-06
0 2.88 0.16658 0.834624 2.75432e-05
0 3.04 0.338501 0.662722 7.40131e-05
0 3.2 0.583113 0.416671 0.000163023
0 3.36 0.785168 0.213597 0.000272957
0 3.52 0.895748 0.103109 0.000378584
0 3.68 0.947754 0.0516136 0.000473469
0 3.84 0.971741 0.0280489 0.000550818
0 4 0.981848 0.0179032 0.000598373
0 4.16 0.983632 0.01566 0.000605467
0 4.32 0.978798 0.0201464 0.000570618
0 4.48 0.965653 0.0335595 0.000502803
0 4.64 0.936359 0.0636238 0.000415638
0 4.8 0.87047 0.130131 0.000319266
0 4.96 0.72925 0.27112 0.000216988
0 5.12 0.495273 0.50384 0.00011775
0 5.28 0.26483 0.73384 4.92514e-05
0 5.44 0.127212 0.872399 1.81142e-05
0 5.6 0.0622936 0.93766 6.8092e-06
0 5.76 0.0333263 0.966016 2.90801e-06
0 5.92 0.0213866 0.977987 1.57889e-06
0 6.08 0.0192926 0.981123 1.29688e-06
0 6.24 0.0258193 0.974776 1.78414e-06
0 6.4 0.044726 0.954955 3.62652e-06
0 6.56 0.0885721 0.911424 9.16914e-06
0 6.72 0.187285 0.813763 2.5318e-05
0 6.88 0.381184 0.619088 6.57705e-05
0 7.04 0.635923 0.363896 0.000135189
0 7.2 0.824268 0.17639 0.000209488
0 7.36 0.916934 0.082779 0.000270981
0 7.52 0.95818 0.0422691 0.000317991
0 7.68 0.974125 0.0260918 0.000346789
0 7.84 0.9812 0.0194624 0.000362111
0.16 0 0.985949 0.0134879 0.000919607
0.16 0.16 0.983835 0.0156989 0.000878833
0.16 0.32 0.975453 0.0239353 0.000780386
0.16 0.48 0.957651 0.0418918 0.000649431
0.16 0.64 0.92008 0.0793565 0.000508322
0.16 0.8 0.84048 0.159315 0.000369663
0.16 0.96 0.680798 0.319242 0.000235604
0.16 1.12 0.442818 0.556941 0.000119124
0.16 1.28 0.232859 0.766716 4.77352e-05
0.16 1.44 0.113492 0.88621 1.74361e-05
0.16 1.6 0.0567441 0.943034 6.61459e-06
0.16 1.76 0.0302578 0.969436 2.80868e-06
0.16 1.92 0.0180601 0.981459 1.42134e-06
0.16 2.08 0.0137263 0.985697 9.74277e-07
0.16 2.24 0.0152097 0.984288 1.06113e-06
0.16 2.4 0.0231207 0.976623 1.77673e-06
0.16 2.56 0.0413526 0.958804 3.87562e-06
0.16 2.72 0.0806707 0.920084 9.90698e-06
0.16 2.88 0.166525 0.834915 2.75234e-05
0.16 3.04 0.338186 0.663224 7.39268e-05
0.16 3.2 0.582533 0.417441 0.000162843
0.16 3.36 0.784764 0.214224 0.000272815
0.16 3.52 0.895625 0.10347 0.000378553
0.16 3.68 0.947801 0.0518047 0.000473529
0.16 3.84 0.971862 0.0281536 0.000550931
0.16 4 0.982005 0.0179706 0.00059851
0.16 4.16 0.983816 0.0157216 0.000605607
0.16 4.32 0.978981 0.0202303 0.00057073
0.16 4.48 0.965782 0.0337032 0.000502854
0.16 4.64 0.936359 0.0638907 0.000415607
0.16 4.8 0.870221 0.13062 0.000319137
0.16 4.96 0.728711 0.271857 0.000216791
0.16 5.12 0.49478 0.504511 0.000117601
0.16 5.28 0.26463 0.734254 4.91933e-05
0.16 5.44 0.127164 0.872712 1.80968e-05
0.16 5.6 0.0622865 0.937959 6.80388e-06
0.16 5.76 0.0333265 0.966305 2.90612e-06
0.16 5.92 0.0213876 0.97824 1.57797e-06
0.16 6.08 0.0192951 0.981329 1.29622e-06
0.16 6.24 0.0258264 0.974977 1.78342e-06
0.16 6.4 0.0447414 0.955207 3.6253e-06
0.16 6.56 0.0885889 0.911707 9.16525e-06
0.16 6.72 0.187232 0.814073 2.52984e-05
0.16 6.88 0.380842 0.619609 6.56864e-05
0.16 7.04 0.635311 0.364585 0.000135019
0.16 7.2 0.823841 0.176889 0.000209328
0.16 7.36 0.916869 0.083063 0.00027089
0.16 7.52 0.958395 0.0424289 0.000317952
0.16 7.68 0.974364 0.0262144 0.000346707
0.16 7.84 0.981179 0.0195321 0.000362047
0.32 0 0.986353 0.0132753 0.000921787
0.32 0.16 0.98429 0.015432 0.000881158
0.32 0.32 0.976059 0.0235129 0.000782978
0.32 0.48 0.958531 0.041156 0.000652111
0.32 0.64 0.92159 0.0780198 0.000511013
0.32 0.8 0.843102 0.156925 0.000372294
0.32 0.96 0.684615 0.315704 0.000237957
0.32 1.12 0.44621 0.55383 0.000120625
0.32 1.28 0.234401 0.76542 4.83133e-05
0.32 1.44 0.113882 0.886042 1.75926e-05
0.32 1.6 0.0567536 0.943247 6.64752e-06
0.32 1.76 0.0301742 0.969757 2.81128e-06
0.32 1.92 0.0179442 0.981829 1.41598e-06
0.32 2.08 0.0135604 0.986116 9.6397e-07
0.32 2.24 0.0149388 0.984802 1.04191e-06
0.32 2.4 0.0226403 0.977334 1.73634e-06
0.32 2.56 0.0404662 0.959933 3.78052e-06
0.32 2.72 0.0789831 0.922036 9.66399e-06
0.32 2.88 0.163375 0.838358 2.69098e-05
0.32 3.04 0.333413 0.668296 7.26692e-05
0.32 3.2 0.578301 0.421927 0.000161227
0.32 3.36 0.782759 0.216369 0.000271389
0.32 3.52 0.894971 0.104167 0.000377279
0.32 3.68 0.947692 0.0519693 0.000472316
0.32 3.84 0.971958 0.0281444 0.000549901
0.32 4 0.982232 0.0178798 0.000597904
0.32 4.16 0.984176 0.0155425 0.000605612
0.32 4.32 0.979507 0.0199024 0.000571368
0.32 4.48 0.966558 0.0330974 0.000503991
0.32 4.64 0.937669 0.0627476 0.000417098
0.32 4.8 0.872594 0.128477 0.000320888
0.32 4.96 0.732495 0.268379 0.000218628
0.32 5.12 0.498659 0.500935 0.000118985
0.32 5.28 0.266637 0.732473 4.97938e-05
0.32 5.44 0.127743 0.87232 1.82683e-05
0.32 5.6 0.0623435 0.938079 6.8402e-06
0.32 5.76 0.0332312 0.96656 2.90775e-06
0.32 5.92 0.0212171 0.978567 1.56903e-06
0.32 6.08 0.0190136 0.981765 1.27833e-06
0.32 6.24 0.0253249 0.97563 1.74621e-06
0.32 6.4 0.0437942 0.956268 3.53765e-06
0.32 6.56 0.0867336 0.913644 8.94074e-06
0.32 6.72 0.183758 0.817702 2.47445e-05
0.32 6.88 0.375877 0.624852 6.4633e-05
0.32 7.04 0.631455 0.368702 0.000133812
0.32 7.2 0.822302 0.178631 0.000208316
0.32 7.36 0.916418 0.0835623 0.000269944
0.32 7.52 0.958199 0.042505 0.000316963
0.32 7.68 0.97442 0.0261564 0.000345781
0.32 7.84 0.981352 0.0194855 0.000360975
0.48 0 0.98733 0.0131386 0.000925305
0.48 0.16 0.9853 0.0152659 0.000884644
0.48 0.32 0.977165 0.0232551 0.000786369
0.48 0.48 0.959823 0.0407068 0.000655266
0.48 0.64 0.923208 0.0771839 0.000513823
0.48 0.8 0.845369 0.155362 0.00037476
0.48 0.96 0.687727 0.313238 0.000240025
0.48 1.12 0.449182 0.551519 0.000121967
0.48 1.28 0.236027 0.764523 4.88795e-05
0.48 1.44 0.11451 0.886231 1.77728e-05
0.48 1.6 0.0569583 0.943917 6.69878e-06
0.48 1.76 0.0302218 0.97062 2.82461e-06
0.48 1.92 0.0179195 0.982778 1.41724e-06
0.48 2.08 0.0134756 0.987126 9.59125e-07
0.48 2.24 0.01477 0.985889 1.02968e-06
0.48 2.4 0.0223252 0.978548 1.70861e-06
0.48 2.56 0.0398712 0.961396 3.71292e-06
0.48 2.72 0.0778164 0.924016 9.48591e-06
0.48 2.88 0.161098 0.841372 2.64422e-05
0.48 3.04 0.32974 0.67264 7.1655e-05
0.48 3.2 0.574818 0.426044 0.000159834
0.48 3.36 0.781134 0.218625 0.000270141
0.48 3.52 0.894722 0.105085 0.00037625
0.48 3.68 0.948073 0.0523072 0.000471456
0.48 3.84 0.972607 0.0282518 0.0005493
0.48 4 0.983027 0.0178762 0.000597733
0.48 4.16 0.985093 0.0154527 0.000605998
0.48 4.32 0.980545 0.0197022 0.000572283
0.48 4.48 0.967761 0.0327102 0.000505282
0.48 4.64 0.939202 0.0619992 0.000418595
0.48 4.8 0.874797 0.127022 0.000322481
0.48 4.96 0.735715 0.265878 0.000220212
0.48 5.12 0.50212 0.498172 0.000120204
0.48 5.28 0.268728 0.731081 5.03728e-05
0.48 5.44 0.128584 0.872234 1.8461e-05
0.48 5.6 0.0626185 0.938612 6.89452e-06
0.48 5.76 0.0332867 0.967325 2.92034e-06
0.48 5.92 0.0211624 0.979423 1.56762e-06
0.48 6.08 0.0188551 0.982716 1.26794e-06
0.48 6.24 0.0250057 0.976752 1.72101e-06
0.48 6.4 0.0431672 0.957675 3.47534e-06
0.48 6.56 0.0854668 0.915614 8.7758e-06
0.48 6.72 0.181274 0.820825 2.43192e-05
0.48 6.88 0.372077 0.629236 6.37654e-05
0.48 7.04 0.628285 0.372389 0.000132717
0.48 7.2 0.82112 0.180433 0.000207346
0.48 7.36 0.916535 0.0842443 0.000269086
0.48 7.52 0.958793 0.0427455 0.000316105
0.48 7.68 0.975107 0.0262461 0.000344881
0.48 7.84 0.981972 0.0195279 0.000359975
0.64 0 0.987197 0.013042 0.00092818
0.64 0.16 0.985203 0.0151482 0.000887467
0.64 0.32 0.97717 0.023073 0.000789066
0.64 0.48 0.959994 0.0403877 0.000657727
0.64 0.64 0.923706 0.0765816 0.000515999
0.64 0.8 0.846487 0.154204 0.000376669
0.64 0.96 0.689685 0.311305 0.000241635
0.64 1.12 0.451304 0.54946 0.000123034
0.64 1.28 0.237292 0.763299 4.93465e-05
0.64 1.44 0.115043 0.885694 1.79287e-05
0.64 1.6 0.0571564 0.943676 6.74628e-06
0.64 1.76 0.0302844 0.970497 2.83852e-06
0.64 1.92 0.0179155 0.982715 1.4199e-06
0.64 2.08 0.0134185 0.987117 9.56172e-07
0.64 2.24 0.0146443 0.985952 1.02055e-06
0.64 2.4 0.0220854 0.97873 1.68707e-06
0.64 2.56 0.0394136 0.961815 3.65948e-06
0.64 2.72 0.0769061 0.924923 9.34256e-06
0.64 2.88 0.159274 0.843234 2.60557e-05
0.64 3.04 0.326648 0.6758 7.07772e-05
0.64 3.2 0.571572 0.429326 0.000158523
0.64 3.36 0.779158 0.22054 0.000268806
0.64 3.52 0.893747 0.105913 0.000374977
0.64 3.68 0.947544 0.052635 0.00047023
0.64 3.84 0.972266 0.0283709 0.000548226
0.64 4 0.982793 0.0178926 0.000596995
0.64 4.16 0.984953 0.0153937 0.000605742
0.64 4.32 0.980516 0.0195542 0.00057253
0.64 4.48 0.967911 0.0324173 0.000505937
0.64 4.64 0.939691 0.061426 0.000419521
0.64 4.8 0.875932 0.125883 0.000323575
0.64 4.96 0.737843 0.263828 0.000221381
0.64 5.12 0.504727 0.495666 0.000121159
0.64 5.28 0.270446 0.729406 5.08509e-05
0.64 5.44 0.129337 0.871458 1.86288e-05
0.64 5.6 0.0628975 0.938264 6.94517e-06
0.64 5.76 0.0333681 0.967136 2.93385e-06
0.64 5.92 0.021142 0.979292 1.5682e-06
0.64 6.08 0.0187461 0.982653 1.26061e-06
0.64 6.24 0.02477 0.976841 1.7016e-06
0.64 6.4 0.0426948 0.958028 3.42612e-06
0.64 6.56 0.0844977 0.916485 8.64306e-06
0.64 6.72 0.179329 0.82274 2.39676e-05
0.64 6.88 0.368961 0.632391 6.30101e-05
0.64 7.04 0.625387 0.375264 0.000131659
0.64 7.2 0.819524 0.181905 0.000206237
0.64 7.36 0.915784 0.0848269 0.000267922
0.64 7.52 0.958357 0.0429686 0.00031483
0.64 7.68 0.97484 0.0263486 0.000343539
0.64 7.84 0.981752 0.0195881 0.000358589
0.8 0 0.987443 0.0129936 0.000931541
0.8 0.16 0.985469 0.0150833 0.000890713
0.8 0.32 0.977485 0.0229683 0.000792041
0.8 0.48 0.960396 0.0401986 0.000660311
0.8 0.64 0.924299 0.076213 0.00051816
0.8 0.8 0.847464 0.153465 0.00037844
0.8 0.96 0.691232 0.310024 0.000243035
0.8 1.12 0.452981 0.548069 0.000123934
0.8 1.28 0.238347 0.762536 4.97463e-05
0.8 1.44 0.115532 0.885517 1.80684e-05
0.8 1.6 0.0573652 0.94381 6.79204e-06
0.8 1.76 0.0303688 0.97078 2.85358e-06
0.8 1.92 0.0179353 0.983075 1.42414e-06
0.8 2.08 0.0133906 0.987528 9.55167e-07
0.8 2.24 0.0145625 0.986415 1.0145e-06
0.8 2.4 0.02192 0.979262 1.67159e-06
0.8 2.56 0.0390906 0.962485 3.6198e-06
0.8 2.72 0.076249 0.925911 9.23346e-06
0.8 2.88 0.157923 0.844912 2.5754e-05
0.8 3.04 0.324294 0.678484 7.00727e-05
0.8 3.2 0.569068 0.432139 0.000157439
0.8 3.36 0.777713 0.222248 0.000267691
0.8 3.52 0.893206 0.106696 0.000373944
0.8 3.68 0.947451 0.0529701 0.000469293
0.8 3.84 0.97238 0.0285097 0.000547476
0.8 4 0.983016 0.0179336 0.000596574
0.8 4.16 0.985244 0.0153685 0.000605744
0.8 4.32 0.980867 0.0194602 0.000572943
0.8 4.48 0.968355 0.0322188 0.000506652
0.8 4.64 0.940338 0.0610256 0.00042041
0.8 4.8 0.87702 0.125064 0.000324549
0.8 4.96 0.739672 0.262308 0.000222376
0.8 5.12 0.506954 0.493768 0.000121967
0.8 5.28 0.271978 0.728183 5.12665e-05
0.8 5.44 0.130062 0.871043 1.87815e-05
0.8 5.6 0.0632003 0.9383 6.99467e-06
0.8 5.76 0.0334831 0.967382 2.94901e-06
0.8 5.92 0.0211598 0.979627 1.57107e-06
0.8 6.08 0.0186887 0.983046 1.2565e-06
0.8 6.24 0.0246187 0.97733 1.68807e-06
0.8 6.4 0.0423765 0.958672 3.39002e-06
0.8 6.56 0.0838264 0.917431 8.5429e-06
0.8 6.72 0.177946 0.82438 2.36948e-05
0.8 6.88 0.366708 0.634943 6.24047e-05
0.8 7.04 0.623328 0.377627 0.000130774
0.8 7.2 0.818551 0.183167 0.000205274
0.8 7.36 0.915589 0.0853622 0.000266905
0.8 7.52 0.958451 0.0431941 0.000313709
0.8 7.68 0.975021 0.0264638 0.000342332
0.8 7.84 0.981965 0.0196626 0.000357338
0.96 0 0.987112 0.0129715 0.000934295
0.96 0.16 0.985161 0.0150431 0.000893368
0.96 0.32 0.97721 0.0228977 0.000794439
0.96 0.48 0.960197 0.0400676 0.000662367
0.96 0.64 0.924254 0.0759524 0.00051985
0.96 0.8 0.847719 0.15293 0.000379791
0.96 0.96 0.691957 0.309053 0.000244074
0.96 1.12 0.453935 0.546893 0.000124593
0.96 1.28 0.238994 0.761669 5.00407e-05
0.96 1.44 0.115845 0.884984 1.81728e-05
0.96 1.6 0.0575022 0.943441 6.82684e-06
0.96 1.76 0.030424 0.970466 2.8652e-06
0.96 1.92 0.0179457 0.98278 1.42742e-06
0.96 2.08 0.0133655 0.987264 9.54295e-07
0.96 2.24 0.0144951 0.986209 1.00954e-06
0.96 2.4 0.021786 0.979145 1.65893e-06
0.96 2.56 0.0388304 0.962517 3.58733e-06
0.96 2.72 0.0757197 0.926236 9.14369e-06
0.96 2.88 0.156824 0.845829 2.55028e-05
0.96 3.04 0.322333 0.680287 6.94703e-05
0.96 3.2 0.566845 0.434199 0.000156461
0.96 3.36 0.77621 0.22355 0.000266598
0.96 3.52 0.892357 0.107305 0.000372842
0.96 3.68 0.946912 0.053235 0.000468203
0.96 3.84 0.971967 0.0286208 0.00054649
0.96 4 0.982663 0.0179669 0.000595835
0.96 4.16 0.984936 0.0153481 0.000605364
0.96 4.32 0.980611 0.0193835 0.000572942
0.96 4.48 0.968188 0.0320563 0.000506958
0.96 4.64 0.940353 0.0606968 0.000420914
0.96 4.8 0.877419 0.124385 0.000325174
0.96 4.96 0.740733 0.261016 0.000223066
0.96 5.12 0.50848 0.492044 0.00012256
0.96 5.28 0.273104 0.726857 5.15825e-05
0.96 5.44 0.130614 0.870285 1.89004e-05
0.96 5.6 0.0634372 0.937862 7.03391e-06
0.96 5.76 0.0335759 0.967081 2.96124e-06
0.96 5.92 0.0211763 0.979374 1.57346e-06
0.96 6.08 0.0186462 0.982832 1.25325e-06
0.96 6.24 0.0245034 0.977217 1.67721e-06
0.96 6.4 0.0421345 0.958727 3.36102e-06
0.96 6.56 0.0833168 0.91775 8.46207e-06
0.96 6.72 0.176886 0.825229 2.34711e-05
0.96 6.88 0.364928 0.636535 6.18893e-05
0.96 7.04 0.621557 0.379216 0.000129961
0.96 7.2 0.817462 0.184036 0.000204296
0.96 7.36 0.915036 0.0857345 0.000265803
0.96 7.52 0.958158 0.0433552 0.000312482
0.96 7.68 0.974757 0.026547 0.000340992
0.96 7.84 0.981748 0.0197182 0.000355955
1.12 0 0.986489 0.0129702 0.000936585
1.12 0.16 0.984563 0.015023 0.000895572
1.12 0.32 0.976635 0.0228554 0.00079641
1.12 0.48 0.959685 0.0399854 0.000664037
1.12 0.64 0.923863 0.0757861 0.000521199
1.12 0.8 0.847558 0.152583 0.000380844
1.12 0.96 0.692149 0.3084 0.000244849
1.12 1.12 0.454357 0.546019 0.000125063
1.12 1.28 0.239317 0.760866 5.02473e-05
1.12 1.44 0.116008 0.8843 1.82464e-05
1.12 1.6 0.057575 0.942799 6.85161e-06
1.12 1.76 0.0304525 0.969822 2.87357e-06
1.12 1.92 0.0179474 0.982133 1.42974e-06
1.12 2.08 0.0133425 0.98664 9.53472e-07
1.12 2.24 0.0144395 0.985636 1.00547e-06
1.12 2.4 0.0216783 0.978654 1.64864e-06
1.12 2.56 0.0386233 0.962167 3.56099e-06
1.12 2.72 0.0753009 0.92615 9.07091e-06
1.12 2.88 0.155956 0.846252 2.5298e-05
1.12 3.04 0.320763 0.681465 6.89707e-05
1.12 3.2 0.564985 0.435672 0.000155614
1.12 3.36 0.77481 0.224509 0.000265585
1.12 3.52 0.891399 0.107761 0.000371754
1.12 3.68 0.946156 0.0534357 0.000467075
1.12 3.84 0.971287 0.0287059 0.000545415
1.12 4 0.982018 0.0179922 0.00059495
1.12 4.16 0.984318 0.015331 0.000604784
1.12 4.32 0.98003 0.019321 0.000572699
1.12 4.48 0.967678 0.031924 0.000507002
1.12 4.64 0.940001 0.0604296 0.000421164
1.12 4.8 0.877406 0.123833 0.000325562
1.12 4.96 0.741295 0.259954 0.000223542
1.12 5.12 0.509503 0.490564 0.000122992
1.12 5.28 0.273909 0.725577 5.18188e-05
1.12 5.44 0.13102 0.869371 1.89906e-05
1.12 5.6 0.0636147 0.937161 7.06402e-06
1.12 5.76 0.0336476 0.96648 2.97075e-06
1.12 5.92 0.0211909 0.978808 1.57536e-06
1.12 6.08 0.0186156 0.982291 1.25069e-06
1.12 6.24 0.0244181 0.976755 1.66861e-06
1.12 6.4 0.0419564 0.958421 3.33812e-06
1.12 6.56 0.082946 0.917676 8.39838e-06
1.12 6.72 0.176117 0.825562 2.32934e-05
1.12 6.88 0.363619 0.637441 6.14683e-05
1.12 7.04 0.620181 0.380209 0.000129254
1.12 7.2 0.816448 0.184585 0.000203369
1.12 7.36 0.914265 0.0859628 0.000264682
1.12 7.52 0.957537 0.0434522 0.000311205
1.12 7.68 0.974161 0.0265968 0.000339598
1.12 7.84 0.9812 0.0197519 0.000354516
1.28 0 0.986335 0.0129848 0.000939055
1.28 0.16 0.984418 0.0150238 0.000897931
1.28 0.32 0.976488 0.0228458 0.000798493
1.28 0.48 0.959546 0.0399605 0.000665761
1.28 0.64 0.923744 0.0757283 0.000522539
1.28 0.8 0.847504 0.152451 0.000381826
1.28 0.96 0.692221 0.308132 0.000245503
1.28 1.12 0.454535 0.545639 0.000125423
1.28 1.28 0.239471 0.760523 5.03991e-05
1.28 1.44 0.116099 0.884043 1.8301e-05
1.28 1.6 0.057623 0.942603 6.87081e-06
1.28 1.76 0.0304753 0.969663 2.88048e-06
1.28 1.92 0.0179519 0.982003 1.43194e-06
1.28 2.08 0.0133292 0.986541 9.53163e-07
1.28 2.24 0.0144025 0.985563 1.00266e-06
1.28 2.4 0.0216049 0.97861 1.64116e-06
1.28 2.56 0.0384806 0.962177 3.54151e-06
1.28 2.72 0.0750088 0.926295 9.0164e-06
1.28 2.88 0.155345 0.846708 2.51431e-05
1.28 3.04 0.319651 0.68242 6.85877e-05
1.28 3.2 0.563681 0.436814 0.000154953
1.28 3.36 0.773889 0.22526 0.000264786
1.28 3.52 0.890863 0.108127 0.000370909
1.28 3.68 0.94582 0.0536029 0.000466228
1.28 3.84 0.971038 0.0287806 0.000544647
1.28 4 0.981807 0.0180183 0.000594366
1.28 4.16 0.984124 0.0153233 0.000604462
1.28 4.32 0.979845 0.0192788 0.000572646
1.28 4.48 0.967513 0.0318307 0.00050716
1.28 4.64 0.939912 0.0602384 0.000421454
1.28 4.8 0.877522 0.123435 0.000325929
1.28 4.96 0.741798 0.259183 0.000223947
1.28 5.12 0.510331 0.489501 0.000123342
1.28 5.28 0.274563 0.724711 5.20101e-05
1.28 5.44 0.131361 0.868854 1.90649e-05
1.28 5.6 0.0637737 0.936885 7.08966e-06
1.28 5.76 0.0337192 0.966351 2.97939e-06
1.28 5.92 0.0212153 0.978751 1.57763e-06
1.28 6.08 0.0186055 0.982251 1.24936e-06
1.28 6.24 0.024371 0.976738 1.66277e-06
1.28 6.4 0.0418519 0.95847 3.32198e-06
1.28 6.56 0.0827266 0.917826 8.3529e-06
1.28 6.72 0.175659 0.825888 2.31643e-05
1.28 6.88 0.362837 0.638045 6.1154e-05
1.28 7.04 0.619388 0.380841 0.0001287
1.28 7.2 0.81593 0.184938 0.000202616
1.28 7.36 0.913899 0.0861096 0.000263744
1.28 7.52 0.957269 0.0435148 0.000310123
1.28 7.68 0.973949 0.0266305 0.000338428
1.28 7.84 0.980978 0.0197745 0.000353288
1.44 0 0.98643 0.0130039 0.000941447
1.44 0.16 0.984517 0.0150359 0.000900213
1.44 0.32 0.976586 0.0228569 0.000800507
1.44 0.48 0.959632 0.0399746 0.000667415
1.44 0.64 0.923804 0.075749 0.000523806
1.44 0.8 0.847528 0.152481 0.000382717
1.44 0.96 0.692205 0.308166 0.000246046
1.44 1.12 0.454519 0.545659 0.000125686
1.44 1.28 0.239481 0.760538 5.05019e-05
1.44 1.44 0.11612 0.884086 1.83377e-05
1.44 1.6 0.057642 0.942685 6.8841e-06
1.44 1.76 0.0304872 0.969786 2.88551e-06
1.44 1.92 0.0179548 0.982166 1.43364e-06
1.44 2.08 0.0133205 0.986731 9.53019e-07
1.44 2.24 0.0143778 0.985762 1.00064e-06
1.44 2.4 0.0215557 0.978807 1.63568e-06
1.44 2.56 0.038385 0.962385 3.52714e-06
1.44 2.72 0.074813 0.926565 8.97613e-06
1.44 2.88 0.154935 0.847159 2.50282e-05
1.44 3.04 0.31891 0.683181 6.83019e-05
1.44 3.2 0.562838 0.437674 0.000154453
1.44 3.36 0.773361 0.225824 0.000264173
1.44 3.52 0.890645 0.108407 0.000370264
1.44 3.68 0.945767 0.0537337 0.000465594
1.44 3.84 0.971057 0.028841 0.000544094
1.44 4 0.981858 0.0180411 0.000593981
1.44 4.16 0.984187 0.0153202 0.000604302
1.44 4.32 0.97991 0.0192502 0.000572708
1.44 4.48 0.967583 0.0317656 0.000507384
1.44 4.64 0.940022 0.0601045 0.000421767
1.44 4.8 0.877755 0.123156 0.000326277
1.44 4.96 0.742277 0.258648 0.000224297
1.44 5.12 0.511011 0.488782 0.000123628
1.44 5.28 0.275089 0.724179 5.21632e-05
1.44 5.44 0.13164 0.868622 1.91245e-05
1.44 5.6 0.0639077 0.936867 7.11053e-06
1.44 5.76 0.0337835 0.966475 2.98667e-06
1.44 5.92 0.0212424 0.97895 1.5798e-06
1.44 6.08 0.0186073 0.982458 1.24873e-06
1.44 6.24 0.0243492 0.976928 1.65884e-06
1.44 6.4 0.0417988 0.958668 3.31079e-06
1.44 6.56 0.0826168 0.918056 8.3214e-06
1.44 6.72 0.175436 0.826162 2.30743e-05
1.44 6.88 0.362461 0.638386 6.09274e-05
1.44 7.04 0.619026 0.381155 0.000128275
1.44 7.2 0.815755 0.185112 0.000202008
1.44 7.36 0.913818 0.0861808 0.00026297
1.44 7.52 0.95723 0.0435437 0.000309213
1.44 7.68 0.973971 0.0266464 0.000337447
1.44 7.84 0.980987 0.0197852 0.000352256
1.6 0 0.986719 0.0130261 0.000943687
1.6 0.16 0.984813 0.0150564 0.000902353
1.6 0.32 0.976894 0.0228846 0.00080241
1.6 0.48 0.959933 0.0400213 0.000668986
1.6 0.64 0.924067 0.0758372 0.000525007
1.6 0.8 0.847697 0.152655 0.000383547
1.6 0.96 0.692217 0.308477 0.000246519
1.6 1.12 0.454424 0.546066 0.000125886
1.6 1.28 0.239416 0.760926 5.05717e-05
1.6 1.44 0.116102 0.884448 1.8362e-05
1.6 1.6 0.0576446 0.943055 6.89325e-06
1.6 1.76 0.0304935 0.970187 2.88922e-06
1.6 1.92 0.0179576 0.982602 1.43504e-06
1.6 2.08 0.0133167 0.987184 9.53066e-07
1.6 2.24 0.0143642 0.986211 9.99343e-07
1.6 2.4 0.0215281 0.979242 1.63199e-06
1.6 2.56 0.0383318 0.962817 3.5174e-06
1.6 2.72 0.0747052 0.927026 8.94884e-06
1.6 2.88 0.154712 0.84771 2.49504e-05
1.6 3.04 0.318517 0.68388 6.81077e-05
1.6 3.2 0.562448 0.438367 0.00015411
1.6 3.36 0.773237 0.226264 0.00026375
1.6 3.52 0.890762 0.108628 0.000369823
1.6 3.68 0.94601 0.0538399 0.000465178
1.6 3.84 0.971358 0.0288921 0.000543764
1.6 4 0.982188 0.0180629 0.000593806
1.6 4.16 0.984531 0.0153224 0.000604324
1.6 4.32 0.980259 0.0192348 0.000572911
1.6 4.48 0.967934 0.0317274 0.000507709
1.6 4.64 0.940392 0.0600252 0.000422142
1.6 4.8 0.878194 0.122993 0.00032665
1.6 4.96 0.742852 0.258343 0.000224635
1.6 5.12 0.51166 0.488415 0.000123882
1.6 5.28 0.275558 0.724014 5.2294e-05
1.6 5.44 0.131886 0.868707 1.91751e-05
1.6 5.6 0.0640283 0.937117 7.12839e-06
1.6 5.76 0.0338442 0.966835 2.99311e-06
1.6 5.92 0.0212726 0.979373 1.582e-06
1.6 6.08 0.0186193 0.982881 1.24875e-06
1.6 6.24 0.0243487 0.977304 1.65657e-06
1.6 6.4 0.0417887 0.95901 3.30392e-06
1.6 6.56 0.0825999 0.918394 8.30218e-06
1.6 6.72 0.175417 0.826475 2.30196e-05
1.6 6.88 0.362457 0.638618 6.07836e-05
1.6 7.04 0.619087 0.381284 0.000127978
1.6 7.2 0.815922 0.185171 0.00020155
1.6 7.36 0.914038 0.0862031 0.000262369
1.6 7.52 0.957448 0.0435513 0.000308491
1.6 7.68 0.974229 0.0266508 0.000336665
1.6 7.84 0.98124 0.0197884 0.000351434
1.76 0 0.987114 0.0130504 0.000945693
1.76 0.16 0.985214 0.0150823 0.000904275
1.76 0.32 0.977312 0.022923 0.000804125
1.76 0.48 0.96035 0.0400899 0.000670408
1.76 0.64 0.924441 0.0759717 0.000526097
1.76 0.8 0.847943 0.152928 0.000384288
1.76 0.96 0.69223 0.308977 0.000246916
1.76 1.12 0.454262 0.546731 0.00012603
1.76 1.28 0.23929 0.761552 5.06138e-05
1.76 1.44 0.116054 0.884998 1.83761e-05
1.76 1.6 0.0576334 0.943578 6.899e-06
1.76 1.76 0.0304939 0.970717 2.8918e-06
1.76 1.92 0.0179592 0.983143 1.43611e-06
1.76 2.08 0.0133154 0.987727 9.53205e-07
1.76 2.24 0.0143584 0.986744 9.98582e-07
1.76 2.4 0.0215165 0.979768 1.6297e-06
1.76 2.56 0.0383106 0.963345 3.51134e-06
1.76 2.72 0.0746643 0.927568 8.93189e-06
1.76 2.88 0.15463 0.848287 2.49021e-05
1.76 3.04 0.318392 0.6845 6.79863e-05
1.76 3.2 0.5624 0.438912 0.000153892
1.76 3.36 0.77341 0.226601 0.000263477
1.76 3.52 0.891111 0.108799 0.000369541
1.76 3.68 0.946449 0.053925 0.000464926
1.76 3.84 0.971836 0.0289348 0.000543594
1.76 4 0.982686 0.0180828 0.000593774
1.76 4.16 0.985046 0.0153281 0.000604461
1.76 4.32 0.980789 0.0192294 0.000573201
1.76 4.48 0.968475 0.0317102 0.000508093
1.76 4.64 0.940944 0.0599887 0.000422551
1.76 4.8 0.878776 0.122918 0.000327032
1.76 4.96 0.743489 0.258212 0.000224958
1.76 5.12 0.512277 0.488308 0.000124108
1.76 5.28 0.275976 0.724106 5.24064e-05
1.76 5.44 0.132104 0.868991 1.92181e-05
1.76 5.6 0.0641352 0.937503 7.1437e-06
1.76 5.76 0.0338994 0.96728 2.99875e-06
1.76 5.92 0.0213029 0.979857 1.58413e-06
1.76 6.08 0.0186374 0.983361 1.24921e-06
1.76 6.24 0.0243629 0.977736 1.65558e-06
1.76 6.4 0.0418093 0.959387 3.30041e-06
1.76 6.56 0.0826491 0.918741 8.29246e-06
1.76 6.72 0.175545 0.826767 2.29924e-05
1.76 6.88 0.362729 0.638758 6.07063e-05
1.76 7.04 0.619472 0.381283 0.000127789
1.76 7.2 0.816354 0.18515 0.000201224
1.76 7.36 0.914498 0.0861931 0.000261926
1.76 7.52 0.957892 0.0435459 0.000307949
1.76 7.68 0.974681 0.026648 0.000336067
1.76 7.84 0.981684 0.0197866 0.000350803
1.92 0 0.987206 0.0130709 0.000947093
1.92 0.16 0.985308 0.0151051 0.000905614
1.92 0.32 0.977405 0.0229581 0.000805311
1.92 0.48 0.960439 0.0401545 0.000671389
1.92 0.64 0.924496 0.0761027 0.000526844
1.92 0.8 0.847886 0.1532 0.000384781
1.92 0.96 0.691969 0.309479 0.000247147
1.92 1.12 0.453886 0.547358 0.000126081
1.92 1.28 0.239039 0.762048 5.06163e-05
1.92 1.44 0.115942 0.88534 1.83759e-05
1.92 1.6 0.0575906 0.943838 6.89969e-06
1.92 1.76 0.0304778 0.970937 2.89242e-06
1.92 1.92 0.0179521 0.98334 1.43637e-06
1.92 2.08 0.0133104 0.987909 9.53054e-07
1.92 2.24 0.0143525 0.986925 9.97876e-07
1.92 2.4 0.0215083 0.979961 1.62794e-06
1.92 2.56 0.0382989 0.963559 3.50695e-06
1.92 2.72 0.074646 0.927806 8.91996e-06
1.92 2.88 0.154599 0.848553 2.48682e-05
1.92 3.04 0.318349 0.68479 6.78979e-05
1.92 3.2 0.562396 0.43917 0.000153716
1.92 3.36 0.773496 0.226764 0.000263221
1.92 3.52 0.891263 0.108886 0.000369235
1.92 3.68 0.946623 0.0539692 0.000464608
1.92 3.84 0.972012 0.0289573 0.000543313
1.92 4 0.982866 0.0180927 0.00059359
1.92 4.16 0.985246 0.0153291 0.000604419
1.92 4.32 0.98102 0.0192229 0.000573304
1.92 4.48 0.968737 0.0316949 0.000508301
1.92 4.64 0.941234 0.059959 0.000422804
1.92 4.8 0.879103 0.12286 0.000327284
1.92 4.96 0.743873 0.258111 0.000225179
1.92 5.12 0.512671 0.48821 0.000124265
1.92 5.28 0.276251 0.724116 5.24852e-05
1.92 5.44 0.132248 0.86909 1.92485e-05
1.92 5.6 0.0642061 0.93762 7.1544e-06
1.92 5.76 0.0339359 0.967389 3.00264e-06
1.92 5.92 0.0213237 0.979969 1.58557e-06
1.92 6.08 0.0186518 0.983477 1.24953e-06
1.92 6.24 0.0243782 0.977833 1.655e-06
1.92 6.4 0.0418371 0.95945 3.29843e-06
1.92 6.56 0.0827171 0.918779 8.28739e-06
1.92 6.72 0.175717 0.826757 2.29786e-05
1.92 6.88 0.363072 0.638618 6.06607e-05
1.92 7.04 0.61988 0.38107 0.000127646
1.92 7.2 0.816687 0.185012 0.000200937
1.92 7.36 0.914791 0.0861298 0.000261522
1.92 7.52 0.958142 0.0435158 0.000307448
1.92 7.68 0.974902 0.0266302 0.000335504
1.92 7.84 0.981916 0.0197743 0.000350216
2.08 0 0.986864 0.0130845 0.000947792
2.08 0.16 0.984969 0.0151209 0.000906286
2.08 0.32 0.977062 0.0229835 0.000805903
2.08 0.48 0.960082 0.0402032 0.00067187
2.08 0.64 0.924101 0.076205 0.000527194
2.08 0.8 0.847397 0.153418 0.000384979
2.08 0.96 0.691331 0.309871 0.000247184
2.08 1.12 0.453239 0.547772 0.000126029
2.08 1.28 0.238632 0.762208 5.05756e-05
2.08 1.44 0.115751 0.885259 1.83601e-05
2.08 1.6 0.0575079 0.943624 6.89464e-06
2.08 1.76 0.0304406 0.970654 2.89078e-06
2.08 1.92 0.0179336 0.98302 1.43565e-06
2.08 2.08 0.0132988 0.987575 9.52445e-07
2.08 2.24 0.0143424 0.9866 9.9697e-07
2.08 2.4 0.0214965 0.97966 1.62618e-06
2.08 2.56 0.0382828 0.963284 3.50292e-06
2.08 2.72 0.0746213 0.927557 8.90939e-06
2.08 2.88 0.154557 0.84834 2.48383e-05
2.08 3.04 0.318272 0.684634 6.78164e-05
2.08 3.2 0.562261 0.439085 0.000153532
2.08 3.36 0.773305 0.226732 0.000262915
2.08 3.52 0.891034 0.108877 0.000368829
2.08 3.68 0.946368 0.0539673 0.00046414
2.08 3.84 0.97174 0.0289564 0.000542836
2.08 4 0.982595 0.01809 0.000593171
2.08 4.16 0.984997 0.0153226 0.000604116
2.08 4.32 0.980807 0.0192103 0.00057314
2.08 4.48 0.968559 0.0316721 0.000508254
2.08 4.64 0.941086 0.0599169 0.000422832
2.08 4.8 0.879 0.122777 0.000327349
2.08 4.96 0.743855 0.257952 0.000225257
2.08 5.12 0.512743 0.487968 0.000124333
2.08 5.28 0.276332 0.723845 5.25225e-05
2.08 5.44 0.132296 0.868803 1.92633e-05
2.08 5.6 0.0642297 0.937286 7.15951e-06
2.08 5.76 0.033948 0.967003 3.00434e-06
2.08 5.92 0.0213308 0.979563 1.58607e-06
2.08 6.08 0.0186578 0.983088 1.24944e-06
2.08 6.24 0.0243874 0.977468 1.65434e-06
2.08 6.4 0.0418588 0.959089 3.29685e-06
2.08 6.56 0.0827759 0.918405 8.2839e-06
2.08 6.72 0.175869 0.826349 2.29695e-05
2.08 6.88 0.363363 0.638137 6.06249e-05
2.08 7.04 0.620148 0.380628 0.000127512
2.08 7.2 0.816758 0.184755 0.000200648
2.08 7.36 0.914746 0.0860109 0.000261103
2.08 7.52 0.958045 0.0434592 0.000306933
2.08 7.68 0.974755 0.0265966 0.000334922
2.08 7.84 0.981764 0.0197502 0.000349603
2.24 0 0.986365 0.0130933 0.000948097
2.24 0.16 0.984465 0.0151319 0.000906577
2.24 0.32 0.976534 0.0230021 0.000806144
2.24 0.48 0.959517 0.04024 0.000672046
2.24 0.64 0.92347 0.0762841 0.00052729
2.24 0.8 0.846656 0.153588 0.000384979
2.24 0.96 0.690455 0.310163 0.000247086
2.24 1.12 0.452411 0.548001 0.000125902
2.24 1.28 0.23812 0.762105 5.05036e-05
2.24 1.44 0.115507 0.884876 1.83328e-05
2.24 1.6 0.0573978 0.943102 6.88541e-06
2.24 1.76 0.0303892 0.970073 2.8875e-06
2.24 1.92 0.0179075 0.982418 1.43424e-06
2.24 2.08 0.0132833 0.986975 9.51537e-07
2.24 2.24 0.01433 0.986014 9.95958e-07
2.24 2.4 0.0214826 0.979087 1.62445e-06
2.24 2.56 0.0382631 0.962714 3.49916e-06
2.24 2.72 0.0745899 0.926988 8.89974e-06
2.24 2.88 0.154501 0.84779 2.4811e-05
2.24 3.04 0.318157 0.68415 6.7739e-05
2.24 3.2 0.562017 0.438745 0.000153345
2.24 3.36 0.772911 0.226554 0.000262582
2.24 3.52 0.890553 0.108797 0.000368371
2.24 3.68 0.945851 0.0539319 0.000463602
2.24 3.84 0.971217 0.028939 0.000542273
2.24 4 0.982083 0.0180787 0.000592646
2.24 4.16 0.984509 0.0153111 0.000603686
2.24 4.32 0.980345 0.0191936 0.00057283
2.24 4.48 0.968115 0.031644 0.000508054
2.24 4.64 0.940653 0.0598648 0.000422711
2.24 4.8 0.878594 0.122672 0.000327281
2.24 4.96 0.743532 0.25774 0.000225228
2.24 5.12 0.512561 0.4876 0.00012433
2.24 5.28 0.276257 0.723354 5.25264e-05
2.24 5.44 0.132267 0.868244 1.92655e-05
2.24 5.6 0.0642174 0.936676 7.16022e-06
2.24 5.76 0.0339423 0.966351 3.00443e-06
2.24 5.92 0.0213286 0.978898 1.5859e-06
2.24 6.08 0.0186581 0.982451 1.24906e-06
2.24 6.24 0.0243924 0.976878 1.65365e-06
2.24 6.4 0.041876 0.958521 3.29562e-06
2.24 6.56 0.0828264 0.917819 8.2816e-06
2.24 6.72 0.176 0.82571 2.29635e-05
2.24 6.88 0.363599 0.637442 6.05959e-05
2.24 7.04 0.620303 0.380045 0.000127389
2.24 7.2 0.816652 0.184426 0.00020037
2.24 7.36 0.914481 0.0858578 0.000260694
2.24 7.52 0.957722 0.0433859 0.000306434
2.24 7.68 0.974385 0.026553 0.00033436
2.24 7.84 0.981384 0.0197186 0.000349011
2.4 0 0.986042 0.0131009 0.000948373
2.4 0.16 0.984132 0.0151423 0.000906836
2.4 0.32 0.976168 0.0230204 0.000806354
2.4 0.48 0.959093 0.0402766 0.000672185
2.4 0.64 0.92295 0.0763617 0.000527346
2.4 0.8 0.845986 0.153752 0.00038494
2.4 0.96 0.689611 0.310442 0.000246954
2.4 1.12 0.451592 0.548216 0.000125755
2.4 1.28 0.237608 0.762008 5.04232e-05
2.4 1.44 0.115261 0.884533 1.83024e-05
2.4 1.6 0.0572868 0.942653 6.87507e-06
2.4 1.76 0.0303376 0.969596 2.88383e-06
2.4 1.92 0.017882 0.981945 1.43272e-06
2.4 2.08 0.0132691 0.98652 9.5066e-07
2.4 2.24 0.0143201 0.985572 9.95121e-07
2.4 2.4 0.021473 0.978639 1.62316e-06
2.4 2.56 0.038251 0.96224 3.49645e-06
2.4 2.72 0.074572 0.926475 8.89289e-06
2.4 2.88 0.15447 0.847245 2.47915e-05
2.4 3.04 0.318084 0.683617 6.76808e-05
2.4 3.2 0.561821 0.438333 0.000153193
2.4 3.36 0.772557 0.226327 0.000262298
2.4 3.52 0.890114 0.108693 0.000367978
2.4 3.68 0.945394 0.0538855 0.000463145
2.4 3.84 0.97077 0.0289167 0.000541802
2.4 4 0.981658 0.0180656 0.000592212
2.4 4.16 0.984107 0.0152995 0.00060333
2.4 4.32 0.979958 0.0191785 0.000572568
2.4 4.48 0.967728 0.0316192 0.000507875
2.4 4.64 0.940253 0.0598189 0.00042259
2.4 4.8 0.878188 0.122579 0.000327197
2.4 4.96 0.743169 0.257547 0.000225174
2.4 5.12 0.512312 0.487252 0.000124303
2.4 5.28 0.276131 0.722882 5.25169e-05
2.4 5.44 0.132213 0.867728 1.92626e-05
2.4 5.6 0.0641949 0.936154 7.15928e-06
2.4 5.76 0.033933 0.96583 3.00402e-06
2.4 5.92 0.0213254 0.978385 1.58563e-06
2.4 6.08 0.0186593 0.98197 1.24879e-06
2.4 6.24 0.0244002 0.976443 1.65332e-06
2.4 6.4 0.041899 0.958105 3.29535e-06
2.4 6.56 0.0828872 0.917358 8.28183e-06
2.4 6.72 0.176146 0.825139 2.2964e-05
2.4 6.88 0.363851 0.636763 6.0583e-05
2.4 7.04 0.620479 0.37946 0.000127301
2.4 7.2 0.816578 0.184094 0.000200149
2.4 7.36 0.914237 0.0857019 0.000260357
2.4 7.52 0.95742 0.0433107 0.00030602
2.4 7.68 0.974051 0.0265083 0.000333898
2.4 7.84 0.98103 0.0196861 0.00034852
2.56 0 0.986067 0.0131094 0.000948827
2.56 0.16 0.984149 0.0151552 0.000907269
2.56 0.32 0.97616 0.0230442 0.000806726
2.56 0.48 0.959039 0.0403239 0.000672473
2.56 0.64 0.922804 0.0764609 0.000527529
2.56 0.8 0.845675 0.153961 0.000385001
2.56 0.96 0.689074 0.310816 0.000246893
2.56 1.12 0.450985 0.548621 0.000125648
2.56 1.28 0.237211 0.762209 5.03593e-05
2.56 1.44 0.11507 0.884555 1.82778e-05
2.56 1.6 0.0572013 0.942599 6.86678e-06
2.56 1.76 0.0302989 0.969523 2.88097e-06
2.56 1.92 0.0178641 0.981879 1.43161e-06
2.56 2.08 0.0132609 0.986469 9.50116e-07
2.56 2.24 0.0143172 0.985532 9.94725e-07
2.56 2.4 0.0214743 0.978592 1.62271e-06
2.56 2.56 0.0382584 0.962162 3.49571e-06
2.56 2.72 0.0745921 0.926343 8.89134e-06
2.56 2.88 0.154517 0.847038 2.4787e-05
2.56 3.04 0.318164 0.683331 6.76628e-05
2.56 3.2 0.561871 0.438055 0.000153126
2.56 3.36 0.772511 0.226159 0.00026215
2.56 3.52 0.890008 0.108615 0.000367764
2.56 3.68 0.945274 0.0538516 0.0004629
2.56 3.84 0.970657 0.0289012 0.000541562
2.56 4 0.981559 0.0180571 0.000592012
2.56 4.16 0.984022 0.0152929 0.000603192
2.56 4.32 0.979886 0.0191707 0.000572497
2.56 4.48 0.967661 0.0316076 0.000507857
2.56 4.64 0.940177 0.0597988 0.0004226
2.56 4.8 0.878092 0.12254 0.000327212
2.56 4.96 0.74306 0.257466 0.000225183
2.56 5.12 0.512221 0.487107 0.000124307
2.56 5.28 0.276081 0.722699 5.2518e-05
2.56 5.44 0.132193 0.867556 1.92632e-05
2.56 5.6 0.0641893 0.936017 7.15962e-06
2.56 5.76 0.0339334 0.96572 3.00423e-06
2.56 5.92 0.0213291 0.978291 1.58577e-06
2.56 6.08 0.0186672 0.981898 1.24894e-06
2.56 6.24 0.0244172 0.976403 1.6537e-06
2.56 6.4 0.0419379 0.958076 3.29665e-06
2.56 6.56 0.0829783 0.917268 8.28616e-06
2.56 6.72 0.176349 0.824889 2.29757e-05
2.56 6.88 0.364209 0.636313 6.05984e-05
2.56 7.04 0.620828 0.379005 0.000127272
2.56 7.2 0.81673 0.183825 0.000200023
2.56 7.36 0.914221 0.0855724 0.000260139
2.56 7.52 0.957326 0.0432471 0.00030574
2.56 7.68 0.973923 0.0264703 0.00033358
2.56 7.84 0.980887 0.0196583 0.000348182
2.72 0 0.986397 0.0131175 0.000949457
2.72 0.16 0.984482 0.0151705 0.00090788
2.72 0.32 0.976504 0.0230745 0.000807285
2.72 0.48 0.959376 0.0403854 0.000672945
2.72 0.64 0.923092 0.0765906 0.000527888
2.72 0.8 0.84582 0.154237 0.000385216
2.72 0.96 0.688963 0.311337 0.000246949
2.72 1.12 0.450694 0.549314 0.000125611
2.72 1.28 0.236989 0.762837 5.0326e-05
2.72 1.44 0.114963 0.885075 1.82644e-05
2.72 1.6 0.0571564 0.943055 6.86247e-06
2.72 1.76 0.0302806 0.969946 2.87968e-06
2.72 1.92 0.0178575 0.98229 1.43124e-06
2.72 2.08 0.013261 0.98688 9.50074e-07
2.72 2.24 0.0143233 0.985947 9.94904e-07
2.72 2.4 0.0214892 0.979008 1.62328e-06
2.72 2.56 0.0382905 0.962567 3.49736e-06
2.72 2.72 0.0746613 0.92671 8.89621e-06
2.72 2.88 0.154666 0.847311 2.48009e-05
2.72 3.04 0.318448 0.683438 6.76946e-05
2.72 3.2 0.562262 0.438025 0.000153167
2.72 3.36 0.772902 0.226115 0.000262175
2.72 3.52 0.890366 0.108594 0.000367775
2.72 3.68 0.945608 0.0538444 0.000462915
2.72 3.84 0.970975 0.0288995 0.000541601
2.72 4 0.981866 0.0180572 0.000592089
2.72 4.16 0.984328 0.0152939 0.000603315
2.72 4.32 0.980202 0.0191731 0.000572662
2.72 4.48 0.967997 0.0316137 0.000508046
2.72 4.64 0.940527 0.059814 0.00042279
2.72 4.8 0.878432 0.122575 0.000327376
2.72 4.96 0.743348 0.257545 0.0002253
2.72 5.12 0.512412 0.487263 0.00012437
2.72 5.28 0.276182 0.722942 5.2544e-05
2.72 5.44 0.132244 0.867871 1.92726e-05
2.72 5.6 0.0642173 0.93638 7.16315e-06
2.72 5.76 0.0339513 0.966107 3.00577e-06
2.72 5.92 0.0213437 0.978682 1.58664e-06
2.72 6.08 0.0186845 0.982287 1.24971e-06
2.72 6.24 0.024446 0.976798 1.65494e-06
2.72 6.4 0.0419961 0.958468 3.2997e-06
2.72 6.56 0.0831057 0.917597 8.29497e-06
2.72 6.72 0.176625 0.825034 2.29998e-05
2.72 6.88 0.364707 0.636179 6.06459e-05
2.72 7.04 0.621411 0.378748 0.000127312
2.72 7.2 0.817188 0.183653 0.000200007
2.72 7.36 0.914524 0.085486 0.000260058
2.72 7.52 0.95753 0.0432035 0.000305611
2.72 7.68 0.974085 0.026444 0.000333426
2.72 7.84 0.981021 0.0196388 0.000348009
2.88 0 0.986713 0.0131184 0.000949992
2.88 0.16 0.984804 0.0151823 0.000908404
2.88 0.32 0.976853 0.0231028 0.000807777
2.88 0.48 0.959757 0.0404467 0.000673386
2.88 0.64 0.923479 0.0767239 0.000528251
2.88 0.8 0.846125 0.154526 0.000385463
2.88 0.96 0.689057 0.3119 0.000247053
2.88 1.12 0.450589 0.550116 0.000125613
2.88 1.28 0.236883 0.763652 5.03126e-05
2.88 1.44 0.114913 0.885819 1.82586e-05
2.88 1.6 0.0571389 0.943738 6.86094e-06
2.88 1.76 0.0302759 0.970585 2.87946e-06
2.88 1.92 0.0178584 0.982898 1.43137e-06
2.88 2.08 0.013266 0.987469 9.50351e-07
2.88 2.24 0.0143345 0.98653 9.95426e-07
2.88 2.4 0.0215112 0.979594 1.62445e-06
2.88 2.56 0.0383352 0.963155 3.50036e-06
2.88 2.72 0.0747557 0.927281 8.90468e-06
2.88 2.88 0.154866 0.8478 2.48251e-05
2.88 3.04 0.318834 0.683744 6.77539e-05
2.88 3.2 0.562818 0.438132 0.000153267
2.88 3.36 0.773489 0.226142 0.000262291
2.88 3.52 0.890916 0.108606 0.000367896
2.88 3.68 0.946109 0.0538524 0.000463047
2.88 3.84 0.97143 0.0289052 0.000541753
2.88 4 0.982283 0.0180616 0.000592263
2.88 4.16 0.984721 0.0152983 0.000603513
2.88 4.32 0.980595 0.01918 0.000572881
2.88 4.48 0.968415 0.0316275 0.000508279
2.88 4.64 0.940986 0.0598448 0.00042302
2.88 4.8 0.87892 0.122647 0.000327583
2.88 4.96 0.743811 0.257708 0.000225459
2.88 5.12 0.512754 0.487581 0.000124464
2.88 5.28 0.276375 0.723419 5.25849e-05
2.88 5.44 0.13234 0.868441 1.92877e-05
2.88 5.6 0.0642671 0.936992 7.1688e-06
2.88 5.76 0.0339802 0.96673 3.00818e-06
2.88 5.92 0.0213647 0.97929 1.58796e-06
2.88 6.08 0.0187066 0.982863 1.25082e-06
2.88 6.24 0.0244796 0.977341 1.65658e-06
2.88 6.4 0.0420603 0.958982 3.30348e-06
2.88 6.56 0.0832424 0.918045 8.30549e-06
2.88 6.72 0.176918 0.825312 2.30287e-05
2.88 6.88 0.365236 0.636181 6.0706e-05
2.88 7.04 0.622052 0.378591 0.000127381
2.88 7.2 0.817737 0.183536 0.000200041
2.88 7.36 0.914938 0.0854265 0.000260048
2.88 7.52 0.957841 0.0431732 0.000305564
2.88 7.68 0.97435 0.0264259 0.000333362
2.88 7.84 0.981281 0.0196253 0.000347936
3.04 0 0.986595 0.0131037 0.000950069
3.04 0.16 0.984677 0.015182 0.000908477
3.04 0.32 0.976728 0.0231156 0.000807849
3.04 0.48 0.959657 0.0404821 0.000673466
3.04 0.64 0.92341 0.076809 0.000528333
3.04 0.8 0.846047 0.154722 0.000385521
3.04 0.96 0.688895 0.312287 0.000247054
3.04 1.12 0.450363 0.550641 0.000125577
3.04 1.28 0.236727 0.764123 5.02876e-05
3.04 1.44 0.114841 0.886182 1.8249e-05
3.04 1.6 0.0571092 0.944023 6.85797e-06
3.04 1.76 0.0302639 0.970816 2.87859e-06
3.04 1.92 0.0178542 0.983091 1.43114e-06
3.04 2.08 0.0132666 0.987633 9.50369e-07
3.04 2.24 0.0143406 0.986675 9.95653e-07
3.04 2.4 0.0215244 0.979734 1.62511e-06
3.04 2.56 0.0383636 0.963305 3.50225e-06
3.04 2.72 0.0748183 0.927441 8.91034e-06
3.04 2.88 0.155001 0.847939 2.48416e-05
3.04 3.04 0.31909 0.683798 6.7793e-05
3.04 3.2 0.56315 0.438097 0.000153322
3.04 3.36 0.77377 0.226101 0.000262331
3.04 3.52 0.891105 0.108584 0.000367902
3.04 3.68 0.94622 0.0538431 0.000463027
3.04 3.84 0.97148 0.028901 0.000541716
3.04 4 0.982279 0.0180594 0.000592218
3.04 4.16 0.984675 0.0152969 0.000603468
3.04 4.32 0.980528 0.0191791 0.000572849
3.04 4.48 0.968362 0.0316282 0.000508273
3.04 4.64 0.940987 0.0598508 0.000423047
3.04 4.8 0.879001 0.12267 0.000327637
3.04 4.96 0.74397 0.257776 0.000225522
3.04 5.12 0.512915 0.487734 0.000124512
3.04 5.28 0.27648 0.723653 5.26086e-05
3.04 5.44 0.132397 0.868709 1.9297e-05
3.04 5.6 0.064297 0.937262 7.17233e-06
3.04 5.76 0.0339979 0.966987 3.00969e-06
3.04 5.92 0.0213778 0.979515 1.58879e-06
3.04 6.08 0.0187207 0.983036 1.25151e-06
3.04 6.24 0.024501 0.977452 1.65759e-06
3.04 6.4 0.0421014 0.959041 3.30582e-06
3.04 6.56 0.083331 0.918055 8.31219e-06
3.04 6.72 0.177109 0.825228 2.30473e-05
3.04 6.88 0.36557 0.635951 6.07415e-05
3.04 7.04 0.6224 0.378328 0.000127407
3.04 7.2 0.817954 0.183378 0.000200021
3.04 7.36 0.915035 0.0853516 0.000259981
3.04 7.52 0.957875 0.0431367 0.000305465
3.04 7.68 0.974385 0.0264047 0.000333252
3.04 7.84 0.981336 0.0196104 0.00034783
3.2 0 0.986012 0.0130753 0.000949696
3.2 0.16 0.984064 0.0151687 0.000908099
3.2 0.32 0.976084 0.0231091 0.000807491
3.2 0.48 0.958991 0.0404822 0.000673153
3.2 0.64 0.922741 0.0768237 0.000528079
3.2 0.8 0.845389 0.15477 0.000385319
3.2 0.96 0.688259 0.312379 0.000246892
3.2 1.12 0.449838 0.550679 0.000125464
3.2 1.28 0.236414 0.76397 5.02336e-05
3.2 1.44 0.114689 0.885868 1.82292e-05
3.2 1.6 0.0570375 0.943625 6.85113e-06
3.2 1.76 0.0302289 0.97038 2.87608e-06
3.2 1.92 0.0178361 0.982632 1.43009e-06
3.2 2.08 0.0132562 0.987149 9.49816e-07
3.2 2.24 0.0143336 0.986165 9.95243e-07
3.2 2.4 0.0215173 0.979206 1.62466e-06
3.2 2.56 0.0383551 0.962776 3.50162e-06
3.2 2.72 0.0748096 0.926929 8.90941e-06
3.2 2.88 0.154994 0.847458 2.48397e-05
3.2 3.04 0.319071 0.683364 6.77835e-05
3.2 3.2 0.563039 0.437767 0.000153274
3.2 3.36 0.773491 0.225914 0.000262209
3.2 3.52 0.890698 0.108495 0.000367697
3.2 3.68 0.945744 0.0538005 0.000462758
3.2 3.84 0.970965 0.0288792 0.000541401
3.2 4 0.98173 0.0180462 0.000591875
3.2 4.16 0.984085 0.015286 0.000603114
3.2 4.32 0.979899 0.0191656 0.000572507
3.2 4.48 0.967718 0.0316068 0.000507971
3.2 4.64 0.94037 0.0598134 0.000422807
3.2 4.8 0.878473 0.122602 0.000327472
3.2 4.96 0.743596 0.257654 0.00022543
3.2 5.12 0.512702 0.487531 0.000124474
3.2 5.28 0.276379 0.723371 5.25968e-05
3.2 5.44 0.13235 0.868373 1.92935e-05
3.2 5.6 0.0642749 0.936895 7.17113e-06
3.2 5.76 0.0339871 0.966602 3.00923e-06
3.2 5.92 0.0213725 0.979108 1.58857e-06
3.2 6.08 0.0187181 0.982584 1.25136e-06
3.2 6.24 0.0244995 0.976934 1.65742e-06
3.2 6.4 0.0421018 0.958463 3.30566e-06
3.2 6.56 0.0833394 0.917445 8.31236e-06
3.2 6.72 0.177139 0.824606 2.30483e-05
3.2 6.88 0.365603 0.635348 6.07348e-05
3.2 7.04 0.622307 0.377874 0.000127357
3.2 7.2 0.81768 0.183139 0.000199904
3.2 7.36 0.914677 0.0852437 0.000259813
3.2 7.52 0.957515 0.043086 0.00030527
3.2 7.68 0.974066 0.026376 0.000333053
3.2 7.84 0.981061 0.0195906 0.000347638
3.36 0 0.985467 0.0130486 0.000949386
3.36 0.16 0.983488 0.015153 0.000907777
3.36 0.32 0.975445 0.0230959 0.000807159
3.36 0.48 0.958269 0.0404664 0.00067282
3.36 0.64 0.921939 0.0767998 0.000527764
3.36 0.8 0.844536 0.154728 0.000385041
3.36 0.96 0.687428 0.312278 0.000246666
3.36 1.12 0.449182 0.550401 0.000125317
3.36 1.28 0.236035 0.763441 5.01662e-05
3.36 1.44 0.114505 0.885187 1.82045e-05
3.36 1.6 0.0569506 0.942902 6.84246e-06
3.36 1.76 0.0301861 0.969666 2.87284e-06
3.36 1.92 0.0178133 0.981934 1.42867e-06
3.36 2.08 0.0132418 0.98645 9.49e-07
3.36 2.24 0.0143211 0.985443 9.94507e-07
3.36 2.4 0.0215009 0.97845 1.62358e-06
3.36 2.56 0.0383279 0.961984 3.49943e-06
3.36 2.72 0.0747603 0.926118 8.90404e-06
3.36 2.88 0.154898 0.846666 2.4825e-05
3.36 3.04 0.318873 0.682665 6.77411e-05
3.36 3.2 0.562652 0.437274 0.000153166
3.36 3.36 0.772913 0.225651 0.000262007
3.36 3.52 0.890032 0.108373 0.000367417
3.36 3.68 0.945076 0.0537439 0.000462429
3.36 3.84 0.970323 0.0288511 0.00054105
3.36 4 0.981105 0.0180297 0.000591516
3.36 4.16 0.983449 0.0152723 0.000602757
3.36 4.32 0.979223 0.0191482 0.000572157
3.36 4.48 0.966991 0.031577 0.000507641
3.36 4.64 0.93961 0.0597558 0.000422516
3.36 4.8 0.877733 0.122484 0.000327238
3.36 4.96 0.74297 0.257412 0.00022527
3.36 5.12 0.512282 0.487097 0.00012439
3.36 5.28 0.276159 0.722763 5.25632e-05
3.36 5.44 0.132247 0.86768 1.92816e-05
3.36 5.6 0.0642258 0.936186 7.16691e-06
3.36 5.76 0.0339626 0.96591 3.00755e-06
3.36 5.92 0.0213588 0.978435 1.58774e-06
3.36 6.08 0.0187079 0.981905 1.25073e-06
3.36 6.24 0.0244878 0.976216 1.6566e-06
3.36 6.4 0.0420834 0.95769 3.30409e-06
3.36 6.56 0.083308 0.916638 8.30878e-06
3.36 6.72 0.177083 0.823807 2.3039e-05
3.36 6.88 0.365477 0.634629 6.07054e-05
3.36 7.04 0.622004 0.377371 0.000127274
3.36 7.2 0.817211 0.182883 0.000199754
3.36 7.36 0.914185 0.0851313 0.000259626
3.36 7.52 0.957081 0.0430349 0.000305074
3.36 7.68 0.973688 0.0263476 0.000332859
3.36 7.84 0.980733 0.0195711 0.000347452
3.52 0 0.985563 0.0130365 0.000949731
3.52 0.16 0.983559 0.0151478 0.000908088
3.52 0.32 0.975446 0.0230943 0.000807386
3.52 0.48 0.958159 0.0404664 0.00067294
3.52 0.64 0.921687 0.0767985 0.000527782
3.52 0.8 0.844143 0.154718 0.000384983
3.52 0.96 0.686949 0.312233 0.000246572
3.52 1.12 0.44876 0.550248 0.000125237
3.52 1.28 0.235782 0.763157 5.01263e-05
3.52 1.44 0.114384 0.884855 1.81897e-05
3.52 1.6 0.0568955 0.942596 6.83749e-06
3.52 1.76 0.0301604 0.969414 2.8711e-06
3.52 1.92 0.0178004 0.981729 1.42798e-06
3.52 2.08 0.0132343 0.986268 9.48638e-07
3.52 2.24 0.0143148 0.985254 9.94199e-07
3.52 2.4 0.0214928 0.978228 1.62311e-06
3.52 2.56 0.0383137 0.961706 3.49839e-06
3.52 2.72 0.0747319 0.925772 8.90122e-06
3.52 2.88 0.154837 0.846258 2.48166e-05
3.52 3.04 0.318743 0.682248 6.77164e-05
3.52 3.2 0.562408 0.436957 0.000153105
3.52 3.36 0.772591 0.22548 0.000261909
3.52 3.52 0.88973 0.108298 0.00036731
3.52 3.68 0.944853 0.0537126 0.000462347
3.52 3.84 0.970192 0.0288376 0.000541013
3.52 4 0.981044 0.0180229 0.000591526
3.52 4.16 0.983417 0.0152671 0.000602794
3.52 4.32 0.979172 0.0191411 0.000572193
3.52 4.48 0.966878 0.0315632 0.00050765
3.52 4.64 0.939409 0.0597244 0.000422489
3.52 4.8 0.877452 0.12241 0.000327186
3.52 4.96 0.742666 0.257245 0.000225215
3.52 5.12 0.512048 0.486791 0.000124353
3.52 5.28 0.276029 0.722361 5.25472e-05
3.52 5.44 0.132186 0.86727 1.92759e-05
3.52 5.6 0.0641983 0.935818 7.16493e-06
3.52 5.76 0.0339501 0.965606 3.00684e-06
3.52 5.92 0.0213529 0.978195 1.58744e-06
3.52 6.08 0.0187047 0.981709 1.25054e-06
3.52 6.24 0.0244854 0.976026 1.65638e-06
3.52 6.4 0.0420807 0.957471 3.3037e-06
3.52 6.56 0.0833052 0.916372 8.30794e-06
3.52 6.72 0.177081 0.823489 2.30367e-05
3.52 6.88 0.365463 0.634283 6.06962e-05
3.52 7.04 0.621916 0.377092 0.000127239
3.52 7.2 0.817054 0.182733 0.000199688
3.52 7.36 0.91406 0.0850671 0.000259555
3.52 7.52 0.957032 0.0430075 0.000305015
3.52 7.68 0.973678 0.0263328 0.000332806
3.52 7.84 0.98073 0.019561 0.000347398
3.68 0 0.986301 0.0130394 0.000950735
3.68 0.16 0.984293 0.015156 0.000909046
3.68 0.32 0.976164 0.0231109 0.000808236
3.68 0.48 0.958819 0.040497 0.000673621
3.68 0.64 0.922238 0.0768542 0.000528271
3.68 0.8 0.844536 0.154821 0.000385292
3.68 0.96 0.687151 0.312415 0.000246727
3.68 1.12 0.448811 0.550517 0.000125291
3.68 1.28 0.235785 0.763485 5.01421e-05
3.68 1.44 0.114385 0.885232 1.81951e-05
3.68 1.6 0.0568992 0.943021 6.83981e-06
3.68 1.76 0.0301645 0.96988 2.87227e-06
3.68 1.92 0.0178042 0.98223 1.42866e-06
3.68 2.08 0.0132382 0.986796 9.49139e-07
3.68 2.24 0.0143202 0.985799 9.94756e-07
3.68 2.4 0.0215017 0.978772 1.62403e-06
3.68 2.56 0.0383296 0.962222 3.50028e-06
3.68 2.72 0.0747611 0.926223 8.90567e-06
3.68 2.88 0.154893 0.846602 2.4828e-05
3.68 3.04 0.31885 0.682454 6.77452e-05
3.68 3.2 0.562591 0.437049 0.000153169
3.68 3.36 0.772868 0.225523 0.000262027
3.68 3.52 0.890109 0.108323 0.000367504
3.68 3.68 0.945334 0.05373 0.000462633
3.68 3.84 0.970766 0.0288496 0.000541396
3.68 4 0.981695 0.0180318 0.000591992
3.68 4.16 0.984121 0.0152752 0.000603306
3.68 4.32 0.979895 0.0191509 0.000572698
3.68 4.48 0.967575 0.0315773 0.000508095
3.68 4.64 0.940031 0.0597453 0.000422839
3.68 4.8 0.877953 0.122439 0.000327429
3.68 4.96 0.743019 0.257286 0.000225362
3.68 5.12 0.512258 0.486865 0.000124426
3.68 5.28 0.276134 0.722509 5.25765e-05
3.68 5.44 0.132235 0.867501 1.92864e-05
3.68 5.6 0.0642227 0.936118 7.16886e-06
3.68 5.76 0.0339642 0.965966 3.00854e-06
3.68 5.92 0.0213631 0.978617 1.58838e-06
3.68 6.08 0.0187151 0.982196 1.25131e-06
3.68 6.24 0.0245008 0.976564 1.65744e-06
3.68 6.4 0.0421093 0.95803 3.30588e-06
3.68 6.56 0.0833642 0.916902 8.31346e-06
3.68 6.72 0.177208 0.823923 2.30515e-05
3.68 6.88 0.365707 0.634541 6.07309e-05
3.68 7.04 0.622268 0.377186 0.000127297
3.68 7.2 0.817449 0.18276 0.000199762
3.68 7.36 0.914492 0.0850789 0.000259649
3.68 7.52 0.9575 0.0430152 0.00030513
3.68 7.68 0.974128 0.0263376 0.000332922
3.68 7.84 0.981107 0.0195635 0.000347488
3.84 0 0.9869 0.0130456 0.000951635
3.84 0.16 0.984912 0.015166 0.000909922
3.84 0.32 0.976846 0.02313 0.00080906
3.84 0.48 0.959566 0.0405347 0.000674354
3.84 0.64 0.923016 0.0769294 0.000528876
3.84 0.8 0.845277 0.154974 0.000385744
3.84 0.96 0.687749 0.312716 0.000247013
3.84 1.12 0.449183 0.551017 0.00012543
3.84 1.28 0.23597 0.764126 5.01944e-05
3.84 1.44 0.11447 0.88591 1.82127e-05
3.84 1.6 0.0569389 0.94367 6.84581e-06
3.84 1.76 0.0301842 0.970483 2.87455e-06
3.84 1.92 0.0178153 0.982803 1.42969e-06
3.84 2.08 0.0132463 0.987371 9.49769e-07
3.84 2.24 0.0143293 0.98641 9.95398e-07
3.84 2.4 0.0215164 0.97944 1.62513e-06
3.84 2.56 0.0383577 0.962946 3.50286e-06
3.84 2.72 0.0748185 0.926973 8.91273e-06
3.84 2.88 0.155014 0.847316 2.48486e-05
3.84 3.04 0.319097 0.683034 6.78025e-05
3.84 3.2 0.56302 0.437414 0.000153299
3.84 3.36 0.773443 0.225708 0.000262247
3.84 3.52 0.890752 0.108411 0.000367807
3.84 3.68 0.945995 0.0537732 0.000463007
3.84 3.84 0.971434 0.0288727 0.000541832
3.84 4 0.982381 0.0180461 0.00059248
3.84 4.16 0.984846 0.0152871 0.000603829
3.84 4.32 0.980671 0.0191655 0.000573227
3.84 4.48 0.968398 0.0316013 0.000508594
3.84 4.64 0.940872 0.0597892 0.000423273
3.84 4.8 0.87876 0.122523 0.000327772
3.84 4.96 0.74371 0.25745 0.0002256
3.84 5.12 0.512745 0.487171 0.000124559
3.84 5.28 0.276397 0.722974 5.26325e-05
3.84 5.44 0.132356 0.868047 1.9306e-05
3.84 5.6 0.0642782 0.936669 7.17549e-06
3.84 5.76 0.0339917 0.966497 3.01101e-06
3.84 5.92 0.0213795 0.979142 1.58953e-06
3.84 6.08 0.0187293 0.982753 1.25214e-06
3.84 6.24 0.0245205 0.977192 1.65855e-06
3.84 6.4 0.0421463 0.95874 3.30831e-06
3.84 6.56 0.0834429 0.917662 8.32015e-06
3.84 6.72 0.177378 0.824643 2.30706e-05
3.84 6.88 0.366045 0.635087 6.0779e-05
3.84 7.04 0.62278 0.377482 0.000127385
3.84 7.2 0.818021 0.182886 0.000199876
3.84 7.36 0.915038 0.0851307 0.000259771
3.84 7.52 0.957996 0.0430387 0.000305251
3.84 7.68 0.974548 0.0263501 0.000333025
3.84 7.84 0.98142 0.0195705 0.00034756
4 0 0.986539 0.0130409 0.000951638
4 0.16 0.984586 0.0151622 0.000909952
4 0.32 0.976621 0.0231277 0.000809158
4 0.48 0.959491 0.0405367 0.000674527
4 0.64 0.923109 0.0769435 0.000529099
4 0.8 0.845516 0.155017 0.000385972
4 0.96 0.688059 0.312819 0.0002472
4 1.12 0.449442 0.551205 0.000125541
4 1.28 0.236112 0.764345 5.02405e-05
4 1.44 0.114529 0.886052 1.8228e-05
4 1.6 0.0569603 0.943675 6.85058e-06
4 1.76 0.030191 0.970356 2.87606e-06
4 1.92 0.0178167 0.982587 1.4302e-06
4 2.08 0.0132457 0.987128 9.49976e-07
4 2.24 0.0143279 0.986204 9.95533e-07
4 2.4 0.0215153 0.979326 1.62538e-06
4 2.56 0.0383595 0.962956 3.50368e-06
4 2.72 0.0748298 0.927117 8.91559e-06
4 2.88 0.15505 0.847572 2.48583e-05
4 3.04 0.319187 0.683331 6.78317e-05
4 3.2 0.56318 0.437644 0.000153364
4 3.36 0.77362 0.225829 0.000262344
4 3.52 0.890865 0.108462 0.000367905
4 3.68 0.946006 0.0537929 0.000463077
4 3.84 0.971347 0.0288799 0.000541862
4 4 0.982235 0.0180485 0.00059248
4 4.16 0.984693 0.0152875 0.000603825
4 4.32 0.980565 0.0191652 0.000573248
4 4.48 0.968385 0.0316018 0.000508657
4 4.64 0.940977 0.0597935 0.000423373
4 4.8 0.878981 0.122538 0.000327893
4 4.96 0.744014 0.25749 0.000225716
4 5.12 0.513034 0.487269 0.000124644
4 5.28 0.276576 0.72313 5.26731e-05
4 5.44 0.132437 0.86818 1.93205e-05
4 5.6 0.0643102 0.936705 7.18009e-06
4 5.76 0.0340035 0.966414 3.01245e-06
4 5.92 0.0213832 0.978967 1.58999e-06
4 6.08 0.0187298 0.982549 1.25227e-06
4 6.24 0.0245203 0.977036 1.65858e-06
4 6.4 0.0421489 0.958693 3.30848e-06
4 6.56 0.0834555 0.917746 8.32108e-06
4 6.72 0.177416 0.824827 2.3074e-05
4 6.88 0.366125 0.635295 6.07875e-05
4 7.04 0.622894 0.377625 0.000127398
4 7.2 0.8181 0.18295 0.000199877
4 7.36 0.915021 0.0851526 0.000259741
4 7.52 0.957874 0.0430451 0.000305183
4 7.68 0.974347 0.0263515 0.000332925
4 7.84 0.981163 0.01957 0.000347438
4.16 0 0.985378 0.0130234 0.000950906
4.16 0.16 0.98344 0.0151422 0.000909259
4.16 0.32 0.975518 0.0230983 0.000808559
4.16 0.48 0.958494 0.0404885 0.000674078
4.16 0.64 0.922276 0.0768589 0.000528808
4.16 0.8 0.844904 0.15486 0.000385822
4.16 0.96 0.687716 0.31253 0.000247157
4.16 1.12 0.44932 0.550755 0.000125549
4.16 1.28 0.236071 0.763755 5.02497e-05
4.16 1.44 0.114502 0.885324 1.82308e-05
4.16 1.6 0.0569386 0.942812 6.85067e-06
4.16 1.76 0.0301746 0.969384 2.87559e-06
4.16 1.92 0.0178039 0.981547 1.42971e-06
4.16 2.08 0.0132335 0.986063 9.49457e-07
4.16 2.24 0.0143124 0.985155 9.94814e-07
4.16 2.4 0.021491 0.978328 1.62409e-06
4.16 2.56 0.0383182 0.962047 3.50094e-06
4.16 2.72 0.0747553 0.926343 8.90906e-06
4.16 2.88 0.15491 0.846988 2.48417e-05
4.16 3.04 0.318925 0.682982 6.77916e-05
4.16 3.2 0.562759 0.437491 0.000153283
4.16 3.36 0.77305 0.225763 0.000262205
4.16 3.52 0.890158 0.108425 0.000367685
4.16 3.68 0.945173 0.0537682 0.000462756
4.16 3.84 0.970405 0.0288625 0.000541434
4.16 4 0.981209 0.0180344 0.000591964
4.16 4.16 0.983619 0.0152725 0.000603268
4.16 4.32 0.979491 0.019144 0.000572712
4.16 4.48 0.967366 0.0315661 0.000508196
4.16 4.64 0.940074 0.0597289 0.000423023
4.16 4.8 0.878264 0.122414 0.000327663
4.16 4.96 0.743558 0.257256 0.000225601
4.16 5.12 0.512845 0.486888 0.000124611
4.16 5.28 0.276519 0.722637 5.26687e-05
4.16 5.44 0.132412 0.867591 1.93197e-05
4.16 5.6 0.0642923 0.936006 7.17934e-06
4.16 5.76 0.0339885 0.965594 3.01168e-06
4.16 5.92 0.0213688 0.978037 1.58922e-06
4.16 6.08 0.0187121 0.981551 1.25131e-06
4.16 6.24 0.024493 0.976031 1.65694e-06
4.16 6.4 0.0421009 0.957747 3.30491e-06
4.16 6.56 0.0833638 0.916917 8.31205e-06
4.16 6.72 0.17723 0.82418 2.30495e-05
4.16 6.88 0.365769 0.634897 6.07268e-05
4.16 7.04 0.622354 0.377453 0.000127283
4.16 7.2 0.817453 0.182882 0.000199711
4.16 7.36 0.914301 0.0851201 0.000259525
4.16 7.52 0.95709 0.0430259 0.000304917
4.16 7.68 0.973553 0.0263388 0.000332636
4.16 7.84 0.980445 0.0195617 0.000347165
4.32 0 0.984616 0.0130077 0.000950592
4.32 0.16 0.982658 0.0151225 0.000908937
4.32 0.32 0.97468 0.0230653 0.000808215
4.32 0.48 0.957604 0.040426 0.000673735
4.32 0.64 0.921378 0.0767322 0.000528504
4.32 0.8 0.844092 0.154594 0.000385595
4.32 0.96 0.687143 0.312007 0.000247037
4.32 1.12 0.449049 0.549943 0.000125516
4.32 1.28 0.235966 0.762807 5.02452e-05
4.32 1.44 0.114455 0.884361 1.82299e-05
4.32 1.6 0.0569132 0.941885 6.85004e-06
4.32 1.76 0.0301595 0.968507 2.8751e-06
4.32 1.92 0.0177932 0.980712 1.42929e-06
4.32 2.08 0.0132224 0.985245 9.4898e-07
4.32 2.24 0.014296 0.984319 9.94026e-07
4.32 2.4 0.0214619 0.977444 1.62242e-06
4.32 2.56 0.0382616 0.961112 3.49681e-06
4.32 2.72 0.0746401 0.925398 8.8978e-06
4.32 2.88 0.15467 0.846135 2.48102e-05
4.32 3.04 0.318461 0.682369 6.77124e-05
4.32 3.2 0.562044 0.437178 0.000153133
4.32 3.36 0.772215 0.225632 0.000261997
4.32 3.52 0.889313 0.108367 0.000367434
4.32 3.68 0.944348 0.0537396 0.000462467
4.32 3.84 0.96959 0.0288457 0.000541103
4.32 4 0.980377 0.0180215 0.000591588
4.32 4.16 0.982744 0.0152578 0.000602851
4.32 4.32 0.978557 0.0191206 0.000572271
4.32 4.48 0.966376 0.0315224 0.000507763
4.32 4.64 0.939066 0.0596407 0.000422634
4.32 4.8 0.877323 0.12223 0.000327355
4.32 4.96 0.74283 0.256882 0.000225405
4.32 5.12 0.512443 0.486264 0.000124525
4.32 5.28 0.276356 0.721871 5.2643e-05
4.32 5.44 0.132347 0.866814 1.93125e-05
4.32 5.6 0.064262 0.935257 7.1769e-06
4.32 5.76 0.0339704 0.964857 3.0105e-06
4.32 5.92 0.0213534 0.977279 1.58831e-06
4.32 6.08 0.0186925 0.980745 1.25019e-06
4.32 6.24 0.0244598 0.975169 1.65488e-06
4.32 6.4 0.0420359 0.956835 3.29998e-06
4.32 6.56 0.0832261 0.915993 8.2984e-06
4.32 6.72 0.176932 0.823355 2.3011e-05
4.32 6.88 0.365198 0.634346 6.06335e-05
4.32 7.04 0.621563 0.377218 0.000127126
4.32 7.2 0.816664 0.182808 0.000199524
4.32 7.36 0.9136 0.0850953 0.000259329
4.32 7.52 0.95646 0.0430154 0.000304717
4.32 7.68 0.973018 0.026334 0.000332453
4.32 7.84 0.980047 0.0195608 0.000347024
4.48 0 0.985217 0.0130096 0.000951612
4.48 0.16 0.983218 0.0151213 0.00090987
4.48 0.32 0.975127 0.0230568 0.000808947
4.48 0.48 0.957888 0.0403989 0.000674225
4.48 0.64 0.921494 0.0766579 0.000528783
4.48 0.8 0.844101 0.154409 0.00038574
4.48 0.96 0.687182 0.311626 0.000247132
4.48 1.12 0.449183 0.549432 0.000125592
4.48 1.28 0.23609 0.762414 5.02864e-05
4.48 1.44 0.114529 0.884211 1.82468e-05
4.48 1.6 0.0569547 0.941978 6.85666e-06
4.48 1.76 0.0301831 0.968804 2.87786e-06
4.48 1.92 0.0178063 0.981146 1.43056e-06
4.48 2.08 0.0132287 0.985734 9.49609e-07
4.48 2.24 0.0142967 0.984775 9.94304e-07
4.48 2.4 0.0214549 0.97779 1.62228e-06
4.48 2.56 0.0382385 0.961299 3.49549e-06
4.48 2.72 0.0745791 0.925428 8.89259e-06
4.48 2.88 0.154525 0.846072 2.47935e-05
4.48 3.04 0.318175 0.682333 6.7673e-05
4.48 3.2 0.561684 0.437226 0.000153088
4.48 3.36 0.771974 0.225698 0.000262006
4.48 3.52 0.889281 0.108414 0.000367544
4.48 3.68 0.94451 0.0537682 0.000462689
4.48 3.84 0.969892 0.0288624 0.000541423
4.48 4 0.980752 0.0180307 0.000591963
4.48 4.16 0.983123 0.0152619 0.00060322
4.48 4.32 0.978874 0.0191196 0.000572574
4.48 4.48 0.966577 0.0315119 0.000507963
4.48 4.64 0.939123 0.0596067 0.000422728
4.48 4.8 0.877259 0.122138 0.000327376
4.48 4.96 0.742741 0.256675 0.000225402
4.48 5.12 0.512434 0.485949 0.000124533
4.48 5.28 0.276399 0.721617 5.26547e-05
4.48 5.44 0.132387 0.866749 1.93195e-05
4.48 5.6 0.0642882 0.935394 7.18015e-06
4.48 5.76 0.0339856 0.965153 3.01194e-06
4.48 5.92 0.0213604 0.977669 1.58891e-06
4.48 6.08 0.0186925 0.981157 1.25029e-06
4.48 6.24 0.0244505 0.975533 1.65433e-06
4.48 6.4 0.0420069 0.957088 3.29768e-06
4.48 6.56 0.0831483 0.91611 8.29041e-06
4.48 6.72 0.176744 0.823399 2.29865e-05
4.48 6.88 0.36485 0.634446 6.05788e-05
4.48 7.04 0.621211 0.377383 0.000127064
4.48 7.2 0.816543 0.182934 0.000199512
4.48 7.36 0.913721 0.085167 0.000259384
4.48 7.52 0.956738 0.0430551 0.000304826
4.48 7.68 0.97343 0.0263609 0.000332613
4.48 7.84 0.980552 0.0195826 0.000347226
4.64 0 0.986582 0.0130259 0.00095334
4.64 0.16 0.984569 0.0151351 0.000911504
4.64 0.32 0.976445 0.0230705 0.00081037
4.64 0.48 0.959126 0.0404105 0.000675355
4.64 0.64 0.922627 0.0766568 0.000529617
4.64 0.8 0.84513 0.154369 0.000386327
4.64 0.96 0.688128 0.311546 0.000247537
4.64 1.12 0.449959 0.549487 0.000125839
4.64 1.28 0.236566 0.762855 5.03997e-05
4.64 1.44 0.114773 0.88503 1.82897e-05
4.64 1.6 0.0570782 0.943066 6.87258e-06
4.64 1.76 0.0302483 0.970067 2.88426e-06
4.64 1.92 0.0178425 0.98251 1.43352e-06
4.64 2.08 0.0132509 0.987137 9.51283e-07
4.64 2.24 0.0143133 0.986165 9.95629e-07
4.64 2.4 0.0214714 0.979122 1.62384e-06
4.64 2.56 0.0382578 0.96254 3.49797e-06
4.64 2.72 0.0746015 0.926556 8.89735e-06
4.64 2.88 0.154551 0.847076 2.4805e-05
4.64 3.04 0.318239 0.683192 6.77108e-05
4.64 3.2 0.561935 0.437859 0.000153217
4.64 3.36 0.772548 0.226062 0.000262306
4.64 3.52 0.890131 0.108599 0.000368036
4.64 3.68 0.945539 0.0538623 0.000463358
4.64 3.84 0.971034 0.0289128 0.000542238
4.64 4 0.981972 0.0180605 0.000592874
4.64 4.16 0.984397 0.0152837 0.000604158
4.64 4.32 0.980173 0.0191418 0.00057346
4.64 4.48 0.967851 0.0315411 0.000508725
4.64 4.64 0.940306 0.0596484 0.000423324
4.64 4.8 0.878292 0.122197 0.0003278
4.64 4.96 0.743586 0.256772 0.000225679
4.64 5.12 0.513056 0.486173 0.000124693
4.64 5.28 0.276767 0.722108 5.27277e-05
4.64 5.44 0.132574 0.86751 1.93475e-05
4.64 5.6 0.0643817 0.936355 7.19067e-06
4.64 5.76 0.0340348 0.966263 3.01625e-06
4.64 5.92 0.0213885 0.978893 1.59098e-06
4.64 6.08 0.0187109 0.982461 1.25156e-06
4.64 6.24 0.0244655 0.976865 1.6554e-06
4.64 6.4 0.0420201 0.958381 3.29872e-06
4.64 6.56 0.0831539 0.917313 8.29095e-06
4.64 6.72 0.176731 0.824501 2.29859e-05
4.64 6.88 0.364864 0.635428 6.05877e-05
4.64 7.04 0.621466 0.378094 0.000127135
4.64 7.2 0.817146 0.183315 0.00019969
4.64 7.36 0.914536 0.0853465 0.000259656
4.64 7.52 0.957641 0.0431441 0.000305161
4.64 7.68 0.974381 0.0264153 0.000332991
4.64 7.84 0.981467 0.019622 0.000347605
4.8 0 0.986955 0.0130359 0.000954023
4.8 0.16 0.984982 0.0151385 0.000912184
4.8 0.32 0.976966 0.0230687 0.000811046
4.8 0.48 0.95979 0.0404007 0.000675998
4.8 0.64 0.923449 0.0766286 0.000530203
4.8 0.8 0.846119 0.154301 0.000386843
4.8 0.96 0.689239 0.311449 0.00024797
4.8 1.12 0.450946 0.549556 0.000126133
4.8 1.28 0.237166 0.763296 5.0537e-05
4.8 1.44 0.115064 0.88572 1.83402e-05
4.8 1.6 0.0572129 0.943822 6.89019e-06
4.8 1.76 0.0303123 0.970794 2.89077e-06
4.8 1.92 0.0178742 0.983184 1.43624e-06
4.8 2.08 0.0132674 0.987782 9.5268e-07
4.8 2.24 0.0143232 0.986832 9.96647e-07
4.8 2.4 0.0214796 0.979867 1.62507e-06
4.8 2.56 0.0382688 0.963404 3.50026e-06
4.8 2.72 0.0746213 0.927546 8.90296e-06
4.8 2.88 0.154593 0.848153 2.48213e-05
4.8 3.04 0.318352 0.684237 6.77634e-05
4.8 3.2 0.562241 0.438649 0.000153368
4.8 3.36 0.773072 0.226494 0.000262599
4.8 3.52 0.890717 0.108796 0.000368431
4.8 3.68 0.946066 0.0539497 0.000463795
4.8 3.84 0.971485 0.0289536 0.00054268
4.8 4 0.982405 0.0180819 0.000593319
4.8 4.16 0.984897 0.0152983 0.000604622
4.8 4.32 0.980807 0.0191571 0.000573947
4.8 4.48 0.968643 0.0315644 0.000509216
4.8 4.64 0.941226 0.0596895 0.000423779
4.8 4.8 0.87927 0.122272 0.000328183
4.8 4.96 0.74452 0.256916 0.000225969
4.8 5.12 0.513791 0.486472 0.000124875
4.8 5.28 0.277191 0.722616 5.28106e-05
4.8 5.44 0.132769 0.868116 1.93772e-05
4.8 5.6 0.0644667 0.93695 7.20071e-06
4.8 5.76 0.034073 0.966828 3.01987e-06
4.8 5.92 0.0214064 0.979471 1.5925e-06
4.8 6.08 0.0187191 0.983108 1.25235e-06
4.8 6.24 0.024468 0.977618 1.65592e-06
4.8 6.4 0.0420166 0.959254 3.29898e-06
4.8 6.56 0.0831372 0.918309 8.29039e-06
4.8 6.72 0.176689 0.825615 2.29841e-05
4.8 6.88 0.364836 0.636562 6.05955e-05
4.8 7.04 0.621626 0.37894 0.000127198
4.8 7.2 0.81749 0.183744 0.000199824
4.8 7.36 0.914879 0.0855316 0.000259819
4.8 7.52 0.957911 0.0432279 0.000305326
4.8 7.68 0.974567 0.0264623 0.000333141
4.8 7.84 0.981552 0.0196539 0.00034773
4.96 0 0.985634 0.0130274 0.000952941
4.96 0.16 0.983726 0.0151149 0.000911192
4.96 0.32 0.975876 0.0230239 0.000810265
4.96 0.48 0.95896 0.0403179 0.000675483
4.96 0.64 0.922969 0.0764704 0.000529946
4.96 0.8 0.846084 0.153992 0.000386815
4.96 0.96 0.689683 0.310906 0.000248112
4.96 1.12 0.4516 0.548903 0.000126307
4.96 1.28 0.237611 0.762761 5.06319e-05
4.96 1.44 0.115272 0.885218 1.83744e-05
4.96 1.6 0.0572966 0.943206 6.90068e-06
4.96 1.76 0.0303438 0.970008 2.8938e-06
4.96 1.92 0.0178837 0.982251 1.43702e-06
4.96 2.08 0.0132656 0.986775 9.52686e-07
4.96 2.24 0.0143122 0.985856 9.96184e-07
4.96 2.4 0.0214572 0.979034 1.62397e-06
4.96 2.56 0.0382289 0.962813 3.49792e-06
4.96 2.72 0.0745505 0.92726 8.89785e-06
4.96 2.88 0.154462 0.84819 2.48103e-05
4.96 3.04 0.318124 0.684539 6.7745e-05
4.96 3.2 0.561933 0.438997 0.000153356
4.96 3.36 0.772676 0.226689 0.000262588
4.96 3.52 0.890119 0.108866 0.000368352
4.96 3.68 0.945212 0.0539649 0.000463576
4.96 3.84 0.970423 0.0289511 0.0005423
4.96 4 0.981246 0.0180743 0.00059282
4.96 4.16 0.983772 0.0152876 0.000604094
4.96 4.32 0.979831 0.0191414 0.000573485
4.96 4.48 0.967892 0.0315393 0.000508875
4.96 4.64 0.940742 0.0596465 0.000423572
4.96 4.8 0.879067 0.122191 0.000328094
4.96 4.96 0.744584 0.256762 0.000225968
4.96 5.12 0.514007 0.486235 0.000124913
4.96 5.28 0.277355 0.722317 5.28365e-05
4.96 5.44 0.132835 0.867685 1.93856e-05
4.96 5.6 0.0644822 0.936326 7.20214e-06
4.96 5.76 0.0340698 0.966034 3.01953e-06
4.96 5.92 0.0213951 0.978589 1.59175e-06
4.96 6.08 0.0186994 0.982232 1.25127e-06
4.96 6.24 0.0244327 0.976838 1.65392e-06
4.96 6.4 0.0419487 0.958657 3.29432e-06
4.96 6.56 0.0829982 0.917994 8.27804e-06
4.96 6.72 0.176401 0.825685 2.29517e-05
4.96 6.88 0.364325 0.637009 6.05283e-05
4.96 7.04 0.620988 0.379428 0.000127111
4.96 7.2 0.816783 0.184003 0.000199728
4.96 7.36 0.914044 0.0856328 0.000259687
4.96 7.52 0.956978 0.0432682 0.000305158
4.96 7.68 0.97353 0.0264814 0.000332932
4.96 7.84 0.980449 0.0196659 0.000347493
5.12 0 0.984207 0.0130154 0.000951606
5.12 0.16 0.982315 0.0150813 0.000909913
5.12 0.32 0.974496 0.0229582 0.000809121
5.12 0.48 0.957668 0.0401906 0.000674544
5.12 0.64 0.921867 0.0762147 0.000529259
5.12 0.8 0.845352 0.153468 0.000386415
5.12 0.96 0.689523 0.309926 0.000248001
5.12 1.12 0.451881 0.547555 0.000126362
5.12 1.28 0.237876 0.761413 5.06829e-05
5.12 1.44 0.115396 0.883945 1.83939e-05
5.12 1.6 0.0573415 0.941938 6.90606e-06
5.12 1.76 0.0303562 0.968705 2.89487e-06
5.12 1.92 0.0178823 0.980906 1.4369e-06
5.12 2.08 0.0132553 0.985403 9.52111e-07
5.12 2.24 0.0142902 0.984486 9.95069e-07
5.12 2.4 0.0214156 0.977711 1.62164e-06
5.12 2.56 0.0381499 0.961595 3.49246e-06
5.12 2.72 0.0743942 0.926217 8.88377e-06
5.12 2.88 0.154143 0.847414 2.47727e-05
5.12 3.04 0.317511 0.68413 6.76548e-05
5.12 3.2 0.561 0.438888 0.000153198
5.12 3.36 0.771553 0.226662 0.00026237
5.12 3.52 0.888875 0.10884 0.000368057
5.12 3.68 0.94388 0.0539396 0.000463178
5.12 3.84 0.969039 0.0289302 0.000541787
5.12 4 0.979841 0.0180564 0.000592207
5.12 4.16 0.982366 0.0152678 0.000603413
5.12 4.32 0.978434 0.0191117 0.000572783
5.12 4.48 0.966524 0.0314858 0.000508209
5.12 4.64 0.939457 0.0595407 0.000422998
5.12 4.8 0.877972 0.121972 0.000327662
5.12 4.96 0.743831 0.25632 0.00022571
5.12 5.12 0.513667 0.485506 0.00012481
5.12 5.28 0.277241 0.721415 5.28067e-05
5.12 5.44 0.132782 0.866695 1.93757e-05
5.12 5.6 0.0644467 0.935258 7.19771e-06
5.12 5.76 0.0340418 0.964895 3.01704e-06
5.12 5.92 0.0213681 0.977394 1.58995e-06
5.12 6.08 0.0186641 0.980997 1.2493e-06
5.12 6.24 0.024373 0.975589 1.65055e-06
5.12 6.4 0.041832 0.95746 3.28642e-06
5.12 6.56 0.0827526 0.916981 8.25659e-06
5.12 6.72 0.175877 0.825054 2.28932e-05
5.12 6.88 0.363346 0.636908 6.03974e-05
5.12 7.04 0.61968 0.379623 0.00012692
5.12 7.2 0.815445 0.184149 0.00019953
5.12 7.36 0.912801 0.0856997 0.000259507
5.12 7.52 0.955868 0.0433001 0.000305009
5.12 7.68 0.972466 0.0264992 0.000332794
5.12 7.84 0.979415 0.019679 0.000347365
5.28 0 0.98461 0.0130196 0.000951842
5.28 0.16 0.982684 0.015067 0.000910094
5.28 0.32 0.974746 0.0229184 0.000809171
5.28 0.48 0.957753 0.0400978 0.000674451
5.28 0.64 0.921826 0.0760006 0.000529087
5.28 0.8 0.845361 0.152986 0.000386285
5.28 0.96 0.689849 0.308996 0.00024802
5.28 1.12 0.452475 0.546353 0.000126479
5.28 1.28 0.238328 0.760469 5.07636e-05
5.28 1.44 0.115628 0.883404 1.84266e-05
5.28 1.6 0.0574502 0.94172 6.91752e-06
5.28 1.76 0.0304082 0.968726 2.89898e-06
5.28 1.92 0.0179071 0.981083 1.43852e-06
5.28 2.08 0.0132651 0.985647 9.52795e-07
5.28 2.24 0.0142883 0.984708 9.95261e-07
5.28 2.4 0.0214001 0.977838 1.6212e-06
5.28 2.56 0.0381067 0.961585 3.49029e-06
5.28 2.72 0.0742865 0.926078 8.87596e-06
5.28 2.88 0.15389 0.84723 2.47481e-05
5.28 3.04 0.317001 0.684053 6.75963e-05
5.28 3.2 0.560292 0.438962 0.000153127
5.28 3.36 0.770926 0.226752 0.000262368
5.28 3.52 0.8885 0.108895 0.000368188
5.28 3.68 0.943796 0.0539711 0.000463463
5.28 3.84 0.969204 0.0289481 0.000542206
5.28 4 0.980149 0.0180662 0.000592676
5.28 4.16 0.982662 0.0152718 0.000603806
5.28 4.32 0.978572 0.0191086 0.000572993
5.28 4.48 0.966416 0.031467 0.000508207
5.28 4.64 0.939115 0.059483 0.000422844
5.28 4.8 0.877516 0.121823 0.000327459
5.28 4.96 0.743466 0.256001 0.000225561
5.28 5.12 0.513554 0.485035 0.000124755
5.28 5.28 0.277267 0.721025 5.27988e-05
5.28 5.44 0.132819 0.866533 1.93766e-05
5.28 5.6 0.0644681 0.935311 7.19869e-06
5.28 5.76 0.0340504 0.965101 3.01739e-06
5.28 5.92 0.0213665 0.977671 1.58987e-06
5.28 6.08 0.0186506 0.98125 1.24876e-06
5.28 6.24 0.0243381 0.97574 1.64895e-06
5.28 6.4 0.041749 0.957491 3.2815e-06
5.28 6.56 0.082554 0.916967 8.24104e-06
5.28 6.72 0.175419 0.825159 2.28478e-05
5.28 6.88 0.362484 0.637294 6.03017e-05
5.28 7.04 0.618672 0.38012 0.000126828
5.28 7.2 0.814766 0.184476 0.000199556
5.28 7.36 0.912593 0.0858729 0.000259704
5.28 7.52 0.956039 0.043395 0.000305365
5.28 7.68 0.97282 0.0265594 0.000333244
5.28 7.84 0.979794 0.0197234 0.000347845
5.44 0 0.986142 0.0130309 0.000952874
5.44 0.16 0.984192 0.0150674 0.00091105
5.44 0.32 0.976163 0.0229042 0.000809945
5.44 0.48 0.959022 0.0400501 0.000674992
5.44 0.64 0.922955 0.0758684 0.000529436
5.44 0.8 0.846472 0.15266 0.000386551
5.44 0.96 0.69112 0.308378 0.000248311
5.44 1.12 0.45374 0.545748 0.000126751
5.44 1.28 0.239152 0.760437 5.09113e-05
5.44 1.44 0.116043 0.883968 1.84843e-05
5.44 1.6 0.0576498 0.942688 6.93835e-06
5.44 1.76 0.030508 0.969959 2.90699e-06
5.44 1.92 0.01796 0.982485 1.44209e-06
5.44 2.08 0.0132958 0.987133 9.54832e-07
5.44 2.24 0.0143092 0.986197 9.96962e-07
5.44 2.4 0.021418 0.979257 1.62331e-06
5.44 2.56 0.0381212 0.962873 3.49361e-06
5.44 2.72 0.0742853 0.927189 8.88181e-06
5.44 2.88 0.153843 0.848162 2.476e-05
5.44 3.04 0.316887 0.68484 6.76332e-05
5.44 3.2 0.56025 0.439567 0.000153265
5.44 3.36 0.771205 0.227115 0.00026272
5.44 3.52 0.889184 0.109087 0.000368817
5.44 3.68 0.944868 0.0540742 0.00046438
5.44 3.84 0.970585 0.0290068 0.00054336
5.44 4 0.981697 0.0181029 0.000593933
5.44 4.16 0.984198 0.0152997 0.000604976
5.44 4.32 0.979937 0.0191357 0.000573916
5.44 4.48 0.967522 0.0314971 0.000508824
5.44 4.64 0.939966 0.0595151 0.000423199
5.44 4.8 0.878185 0.121853 0.00032765
5.44 4.96 0.744047 0.256044 0.000225679
5.44 5.12 0.514077 0.485218 0.000124843
5.44 5.28 0.277626 0.721556 5.28495e-05
5.44 5.44 0.133011 0.867415 1.93984e-05
5.44 5.6 0.0645636 0.936441 7.20728e-06
5.44 5.76 0.0340981 0.966397 3.02097e-06
5.44 5.92 0.0213902 0.979066 1.5916e-06
5.44 6.08 0.0186603 0.982668 1.24981e-06
5.44 6.24 0.0243348 0.977116 1.64968e-06
5.44 6.4 0.0417204 0.958804 3.28146e-06
5.44 6.56 0.0824591 0.918236 8.23771e-06
5.44 6.72 0.175164 0.826429 2.28349e-05
5.44 6.88 0.362009 0.63858 6.02888e-05
5.44 7.04 0.618312 0.381163 0.000126912
5.44 7.2 0.814951 0.185075 0.000199863
5.44 7.36 0.9133 0.0861722 0.000260252
5.44 7.52 0.957029 0.0435489 0.00030609
5.44 7.68 0.97392 0.0266537 0.000334068
5.44 7.84 0.980893 0.0197917 0.000348705
5.6 0 0.986101 0.0130153 0.00095198
5.6 0.16 0.984191 0.015043 0.000910223
5.6 0.32 0.976237 0.0228597 0.000809264
5.6 0.48 0.959232 0.0399624 0.00067451
5.6 0.64 0.923376 0.0756837 0.000529168
5.6 0.8 0.847225 0.152267 0.00038651
5.6 0.96 0.692314 0.307679 0.00024849
5.6 1.12 0.455054 0.545045 0.000127
5.6 1.28 0.240009 0.76022 5.10542e-05
5.6 1.44 0.116453 0.884127 1.85383e-05
5.6 1.6 0.05783 0.942952 6.9562e-06
5.6 1.76 0.030588 0.970191 2.913e-06
5.6 1.92 0.0179969 0.98266 1.44439e-06
5.6 2.08 0.0133134 0.987291 9.56007e-07
5.6 2.24 0.0143175 0.986405 9.97956e-07
5.6 2.4 0.0214216 0.979582 1.62474e-06
5.6 2.56 0.0381204 0.963353 3.49654e-06
5.6 2.72 0.0742739 0.927817 8.88899e-06
5.6 2.88 0.153803 0.848888 2.47798e-05
5.6 3.04 0.316801 0.685576 6.76924e-05
5.6 3.2 0.560185 0.440143 0.000153429
5.6 3.36 0.771241 0.22743 0.000263036
5.6 3.52 0.889295 0.109229 0.000369262
5.6 3.68 0.945023 0.0541373 0.000464897
5.6 3.84 0.970765 0.0290369 0.000543881
5.6 4 0.981871 0.0181195 0.000594378
5.6 4.16 0.98434 0.0153119 0.00060528
5.6 4.32 0.980051 0.0191482 0.000574071
5.6 4.48 0.967656 0.0315132 0.000508878
5.6 4.64 0.94019 0.0595396 0.000423221
5.6 4.8 0.878547 0.121898 0.000327686
5.6 4.96 0.744524 0.256141 0.000225741
5.6 5.12 0.514539 0.485445 0.000124906
5.6 5.28 0.277904 0.721933 5.28826e-05
5.6 5.44 0.133127 0.867794 1.94091e-05
5.6 5.6 0.0646032 0.93672 7.20994e-06
5.6 5.76 0.0341083 0.96659 3.0215e-06
5.6 5.92 0.0213881 0.979231 1.59166e-06
5.6 6.08 0.0186491 0.982866 1.24976e-06
5.6 6.24 0.0243095 0.97742 1.64948e-06
5.6 6.4 0.0416642 0.9593 3.28053e-06
5.6 6.56 0.0823266 0.918979 8.23396e-06
5.6 6.72 0.17485 0.82743 2.28236e-05
5.6 6.88 0.361416 0.639775 6.02806e-05
5.6 7.04 0.617711 0.382191 0.000126997
5.6 7.2 0.814658 0.185654 0.000200132
5.6 7.36 0.913166 0.0864389 0.000260662
5.6 7.52 0.95681 0.0436709 0.000306549
5.6 7.68 0.973626 0.0267221 0.000334547
5.6 7.84 0.980705 0.0198421 0.000349248
5.76 0 0.984183 0.0129651 0.000948775
5.76 0.16 0.982324 0.0149822 0.000907201
5.76 0.32 0.974487 0.0227642 0.000806669
5.76 0.48 0.957718 0.0397929 0.000672499
5.76 0.64 0.922244 0.0753591 0.00052778
5.76 0.8 0.846665 0.15162 0.000385717
5.76 0.96 0.692515 0.306508 0.000248228
5.76 1.12 0.45575 0.54355 0.000127039
5.76 1.28 0.240531 0.758905 5.11149e-05
5.76 1.44 0.116683 0.882949 1.85612e-05
5.76 1.6 0.057908 0.941683 6.96141e-06
5.76 1.76 0.0306072 0.968725 2.91327e-06
5.76 1.92 0.017995 0.981014 1.44371e-06
5.76 2.08 0.0133019 0.985552 9.55262e-07
5.76 2.24 0.014296 0.9847 9.97153e-07
5.76 2.4 0.021384 0.978049 1.62366e-06
5.76 2.56 0.0380536 0.96211 3.49488e-06
5.76 2.72 0.0741508 0.926927 8.88656e-06
5.76 2.88 0.153562 0.84835 2.4777e-05
5.76 3.04 0.316334 0.685342 6.76929e-05
5.76 3.2 0.559423 0.440081 0.000153445
5.76 3.36 0.770212 0.227385 0.000263051
5.76 3.52 0.888021 0.109178 0.000369197
5.76 3.68 0.943534 0.0540926 0.000464663
5.76 3.84 0.969104 0.0290035 0.000543409
5.76 4 0.980083 0.0180951 0.000593643
5.76 4.16 0.982494 0.0152914 0.000604339
5.76 4.32 0.978255 0.019125 0.000573058
5.76 4.48 0.966044 0.0314795 0.000507953
5.76 4.64 0.938876 0.0594851 0.000422495
5.76 4.8 0.877582 0.121802 0.000327187
5.76 4.96 0.743891 0.255958 0.000225443
5.76 5.12 0.514169 0.48509 0.000124759
5.76 5.28 0.277675 0.721304 5.28176e-05
5.76 5.44 0.132973 0.866823 1.93806e-05
5.76 5.6 0.064501 0.935453 7.19725e-06
5.76 5.76 0.0340402 0.965135 3.01553e-06
5.76 5.92 0.0213366 0.977683 1.5884e-06
5.76 6.08 0.0185966 0.98131 1.24737e-06
5.76 6.24 0.0242338 0.975977 1.6466e-06
5.76 6.4 0.0415272 0.958115 3.27494e-06
5.76 6.56 0.0820443 0.91817 8.21964e-06
5.76 6.72 0.174237 0.827101 2.27857e-05
5.76 6.88 0.360251 0.640019 6.02081e-05
5.76 7.04 0.616203 0.3827 0.000126959
5.76 7.2 0.813191 0.185986 0.00020021
5.76 7.36 0.911638 0.0865799 0.000260796
5.76 7.52 0.955099 0.0437239 0.000306673
5.76 7.68 0.971872 0.0267475 0.000334679
5.76 7.84 0.979185 0.0198633 0.000349476
5.92 0 0.98359 0.0129226 0.000946276
5.92 0.16 0.981693 0.0149308 0.000904786
5.92 0.32 0.973805 0.0226815 0.000804508
5.92 0.48 0.957001 0.0396388 0.000670702
5.92 0.64 0.921584 0.0750479 0.000526419
5.92 0.8 0.846263 0.150973 0.000384841
5.92 0.96 0.692646 0.305302 0.000247854
5.92 1.12 0.456307 0.541997 0.000127003
5.92 1.28 0.240963 0.75762 5.11446e-05
5.92 1.44 0.116875 0.882022 1.85748e-05
5.92 1.6 0.0579753 0.940955 6.9645e-06
5.92 1.76 0.0306265 0.968089 2.91336e-06
5.92 1.92 0.017997 0.980411 1.44332e-06
5.92 2.08 0.013296 0.984938 9.54988e-07
5.92 2.24 0.014282 0.984044 9.9707e-07
5.92 2.4 0.0213553 0.977353 1.62378e-06
5.92 2.56 0.0379956 0.961414 3.49549e-06
5.92 2.72 0.0740335 0.926287 8.88892e-06
5.92 2.88 0.153322 0.847818 2.47857e-05
5.92 3.04 0.315868 0.684963 6.77222e-05
5.92 3.2 0.558693 0.43986 0.000153526
5.92 3.36 0.769343 0.22726 0.0002632
5.92 3.52 0.887146 0.109104 0.000369386
5.92 3.68 0.942715 0.0540475 0.000464835
5.92 3.84 0.968337 0.028976 0.000543485
5.92 4 0.979322 0.0180785 0.000593539
5.92 4.16 0.98169 0.0152811 0.000604008
5.92 4.32 0.977395 0.0191168 0.000572539
5.92 4.48 0.965154 0.0314682 0.000507347
5.92 4.64 0.937987 0.0594628 0.000421907
5.92 4.8 0.876705 0.12175 0.000326685
5.92 4.96 0.743054 0.255822 0.000225064
5.92 5.12 0.513482 0.484773 0.000124526
5.92 5.28 0.277232 0.720771 5.27091e-05
5.92 5.44 0.132729 0.866189 1.93383e-05
5.92 5.6 0.0643719 0.934869 7.18157e-06
5.92 5.76 0.0339679 0.964651 3.00938e-06
5.92 5.92 0.0212878 0.977233 1.58559e-06
5.92 6.08 0.0185494 0.980806 1.24569e-06
5.92 6.24 0.0241647 0.975403 1.6449e-06
5.92 6.4 0.0413948 0.957528 3.27148e-06
5.92 6.56 0.0817557 0.917653 8.20963e-06
5.92 6.72 0.173594 0.826822 2.2758e-05
5.92 6.88 0.359049 0.640222 6.01665e-05
5.92 7.04 0.614767 0.383204 0.000127011
5.92 7.2 0.812036 0.186343 0.000200477
5.92 7.36 0.910713 0.0867485 0.000261246
5.92 7.52 0.954359 0.0438034 0.000307271
5.92 7.68 0.971362 0.0267963 0.000335412
5.92 7.84 0.97878 0.0199 0.000350276
6.08 0 0.985286 0.0129101 0.000945301
6.08 0.16 0.98329 0.0149143 0.000903787
6.08 0.32 0.975243 0.0226506 0.00080356
6.08 0.48 0.958199 0.0395691 0.000669831
6.08 0.64 0.922554 0.0748829 0.000525695
6.08 0.8 0.84714 0.150595 0.000384363
6.08 0.96 0.693641 0.304601 0.000247696
6.08 1.12 0.45732 0.541291 0.00012706
6.08 1.28 0.241598 0.757516 5.12094e-05
6.08 1.44 0.117164 0.882569 1.86029e-05
6.08 1.6 0.0580969 0.94198 6.97456e-06
6.08 1.76 0.0306809 0.969471 2.91724e-06
6.08 1.92 0.018025 0.982052 1.44536e-06
6.08 2.08 0.0133142 0.986705 9.5676e-07
6.08 2.24 0.0142976 0.985767 9.99523e-07
6.08 2.4 0.0213702 0.978876 1.62821e-06
6.08 2.56 0.0380077 0.96265 3.50494e-06
6.08 2.72 0.074039 0.927227 8.91227e-06
6.08 2.88 0.153322 0.848487 2.48492e-05
6.08 3.04 0.315884 0.685379 6.78919e-05
6.08 3.2 0.558801 0.440064 0.000153903
6.08 3.36 0.769669 0.227352 0.000263842
6.08 3.52 0.887789 0.109151 0.000370291
6.08 3.68 0.943701 0.0540767 0.000465964
6.08 3.84 0.969605 0.0289967 0.000544738
6.08 4 0.980751 0.0180981 0.00059475
6.08 4.16 0.983126 0.0153071 0.000605001
6.08 4.32 0.978697 0.0191577 0.0005732
6.08 4.48 0.966213 0.0315351 0.000507673
6.08 4.64 0.938716 0.0595751 0.000421969
6.08 4.8 0.877033 0.121945 0.000326579
6.08 4.96 0.742965 0.256159 0.000224885
6.08 5.12 0.513144 0.485288 0.00012437
6.08 5.28 0.276937 0.721471 5.26286e-05
6.08 5.44 0.132569 0.867176 1.93097e-05
6.08 5.6 0.0642985 0.936222 7.17337e-06
6.08 5.76 0.0339329 0.966287 3.00742e-06
6.08 5.92 0.0212675 0.978958 1.58556e-06
6.08 6.08 0.0185321 0.982456 1.24671e-06
6.08 6.24 0.0241385 0.976906 1.6473e-06
6.08 6.4 0.0413352 0.958857 3.27645e-06
6.08 6.56 0.0816034 0.918799 8.22014e-06
6.08 6.72 0.17323 0.827876 2.27848e-05
6.08 6.88 0.358415 0.641358 6.0263e-05
6.08 7.04 0.614282 0.384223 0.000127341
6.08 7.2 0.812103 0.18694 0.000201164
6.08 7.36 0.91123 0.0870354 0.000262256
6.08 7.52 0.955309 0.0439525 0.00030858
6.08 7.68 0.972636 0.0268919 0.000336939
6.08 7.84 0.979857 0.019965 0.000351784
6.24 0 0.985499 0.0128837 0.00094209
6.24 0.16 0.983488 0.0148843 0.000900737
6.24 0.32 0.975413 0.0226041 0.000800915
6.24 0.48 0.958361 0.0394835 0.000667717
6.24 0.64 0.922734 0.0747102 0.000524151
6.24 0.8 0.847436 0.150242 0.000383396
6.24 0.96 0.694176 0.30399 0.00024727
6.24 1.12 0.45793 0.540678 0.000126982
6.24 1.28 0.241925 0.757314 5.12143e-05
6.24 1.44 0.117248 0.882701 1.86068e-05
6.24 1.6 0.0580911 0.942248 6.97462e-06
6.24 1.76 0.0306576 0.969792 2.9167e-06
6.24 1.92 0.0180056 0.982436 1.44531e-06
6.24 2.08 0.0133012 0.987181 9.57546e-07
6.24 2.24 0.0142874 0.986321 1.00162e-06
6.24 2.4 0.0213565 0.979436 1.63297e-06
6.24 2.56 0.0379827 0.963133 3.51629e-06
6.24 2.72 0.0739987 0.927585 8.94234e-06
6.24 2.88 0.153283 0.8487 2.49339e-05
6.24 3.04 0.315892 0.685406 6.81135e-05
6.24 3.2 0.558866 0.43994 0.000154346
6.24 3.36 0.769743 0.227226 0.000264479
6.24 3.52 0.887876 0.109073 0.000371025
6.24 3.68 0.943803 0.0540334 0.000466686
6.24 3.84 0.969717 0.0289752 0.000545332
6.24 4 0.980878 0.0180934 0.000595118
6.24 4.16 0.983279 0.0153194 0.0006051
6.24 4.32 0.978866 0.0191916 0.000573058
6.24 4.48 0.966341 0.0316024 0.000507359
6.24 4.64 0.938692 0.0597029 0.000421562
6.24 4.8 0.876726 0.122195 0.000326148
6.24 4.96 0.742295 0.256629 0.000224491
6.24 5.12 0.512275 0.485989 0.000124085
6.24 5.28 0.276257 0.72222 5.24863e-05
6.24 5.44 0.132175 0.867909 1.92566e-05
6.24 5.6 0.0640851 0.936916 7.1553e-06
6.24 5.76 0.0338117 0.966848 3.00104e-06
6.24 5.92 0.0211916 0.979345 1.58337e-06
6.24 6.08 0.0184741 0.982773 1.24672e-06
6.24 6.24 0.0240748 0.977312 1.64964e-06
6.24 6.4 0.0412343 0.959398 3.28321e-06
6.24 6.56 0.0814066 0.919414 8.2378e-06
6.24 6.72 0.172832 0.828575 2.28338e-05
6.24 6.88 0.357757 0.642205 6.04094e-05
6.24 7.04 0.613599 0.384972 0.000127718
6.24 7.2 0.811566 0.187339 0.000201818
6.24 7.36 0.910811 0.08721 0.000263134
6.24 7.52 0.955058 0.0440386 0.000309662
6.24 7.68 0.972397 0.0269424 0.000338119
6.24 7.84 0.979504 0.0199961 0.00035294
6.4 0 0.983394 0.0128257 0.000935769
6.4 0.16 0.981513 0.0148211 0.000894795
6.4 0.32 0.97366 0.022512 0.000795759
6.4 0.48 0.956971 0.0393294 0.000663615
6.4 0.64 0.921818 0.0744296 0.000521129
6.4 0.8 0.847138 0.14971 0.000381384
6.4 0.96 0.694581 0.303052 0.000246167
6.4 1.12 0.458698 0.539427 0.000126535
6.4 1.28 0.24249 0.756045 5.10627e-05
6.4 1.44 0.117533 0.881394 1.85521e-05
6.4 1.6 0.0582165 0.940747 6.95216e-06
6.4 1.76 0.0307117 0.968009 2.90648e-06
6.4 1.92 0.0180342 0.980417 1.44049e-06
6.4 2.08 0.0133281 0.985101 9.55547e-07
6.4 2.24 0.0143284 0.984372 1.00159e-06
6.4 2.4 0.0214278 0.977709 1.63545e-06
6.4 2.56 0.0381099 0.96159 3.52456e-06
6.4 2.72 0.0742294 0.926133 8.96747e-06
6.4 2.88 0.1537 0.847263 2.50083e-05
6.4 3.04 0.316545 0.683981 6.83006e-05
6.4 3.2 0.559463 0.438746 0.00015466
6.4 3.36 0.76979 0.226488 0.000264788
6.4 3.52 0.887245 0.108681 0.000371169
6.4 3.68 0.942556 0.0538235 0.000466501
6.4 3.84 0.967972 0.0288594 0.000544674
6.4 4 0.978838 0.0180313 0.00059396
6.4 4.16 0.981213 0.015291 0.000603579
6.4 4.32 0.977009 0.0191873 0.000571404
6.4 4.48 0.964799 0.0316225 0.000505769
6.4 4.64 0.937441 0.0597628 0.000420146
6.4 4.8 0.875664 0.122335 0.000324953
6.4 4.96 0.741314 0.256898 0.000223554
6.4 5.12 0.511407 0.486238 0.00012347
6.4 5.28 0.275726 0.722068 5.21917e-05
6.4 5.44 0.131938 0.867255 1.91443e-05
6.4 5.6 0.0639798 0.935757 7.11411e-06
6.4 5.76 0.0337576 0.965163 2.98464e-06
6.4 5.92 0.0211648 0.977295 1.57621e-06
6.4 6.08 0.0184699 0.980717 1.24374e-06
6.4 6.24 0.024094 0.975548 1.64958e-06
6.4 6.4 0.0412778 0.957953 3.28725e-06
6.4 6.56 0.081461 0.918176 8.25127e-06
6.4 6.72 0.172842 0.827575 2.28739e-05
6.4 6.88 0.357595 0.641604 6.05238e-05
6.4 7.04 0.613095 0.384709 0.00012798
6.4 7.2 0.810593 0.187203 0.000202237
6.4 7.36 0.909533 0.0871396 0.000263702
6.4 7.52 0.953603 0.0440003 0.000310345
6.4 7.68 0.970625 0.0269115 0.000338795
6.4 7.84 0.977762 0.0199746 0.000353709
6.56 0 0.983841 0.0128006 0.000931079
6.56 0.16 0.982006 0.014798 0.000890354
6.56 0.32 0.974179 0.0224803 0.000791828
6.56 0.48 0.957514 0.0392746 0.000660356
6.56 0.64 0.922347 0.0743209 0.000518572
6.56 0.8 0.847664 0.149488 0.000379529
6.56 0.96 0.695164 0.302663 0.000245024
6.56 1.12 0.459246 0.538993 0.000125997
6.56 1.28 0.242838 0.755828 5.08625e-05
6.56 1.44 0.117708 0.881471 1.84833e-05
6.56 1.6 0.0582996 0.941039 6.92756e-06
6.56 1.76 0.0307522 0.968366 2.89684e-06
6.56 1.92 0.0180612 0.980714 1.43672e-06
6.56 2.08 0.0133612 0.98532 9.54876e-07
6.56 2.24 0.0143841 0.984572 1.0037e-06
6.56 2.4 0.021527 0.977904 1.64216e-06
6.56 2.56 0.0382898 0.961685 3.54246e-06
6.56 2.72 0.074566 0.925955 9.01693e-06
6.56 2.88 0.154344 0.846628 2.51467e-05
6.56 3.04 0.317662 0.682827 6.86422e-05
6.56 3.2 0.560819 0.4375 0.000155267
6.56 3.36 0.770913 0.225694 0.000265563
6.56 3.52 0.888096 0.10829 0.000372022
6.56 3.68 0.943208 0.0536368 0.000467321
6.56 3.84 0.968443 0.0287688 0.000545285
6.56 4 0.979169 0.0179944 0.000594205
6.56 4.16 0.981502 0.0152939 0.000603409
6.56 4.32 0.977332 0.019231 0.000570883
6.56 4.48 0.965132 0.0317239 0.000505004
6.56 4.64 0.937644 0.0599684 0.00041924
6.56 4.8 0.875531 0.122753 0.000324
6.56 4.96 0.740659 0.257689 0.000222664
6.56 5.12 0.510399 0.487323 0.000122809
6.56 5.28 0.274983 0.722987 5.18609e-05
6.56 5.44 0.131581 0.867913 1.90201e-05
6.56 5.6 0.0638235 0.936214 7.07082e-06
6.56 5.76 0.0336873 0.965438 2.96892e-06
6.56 5.92 0.0211411 0.97751 1.57062e-06
6.56 6.08 0.0184838 0.981034 1.24323e-06
6.56 6.24 0.0241485 0.975939 1.65395e-06
6.56 6.4 0.0413823 0.958173 3.30064e-06
6.56 6.56 0.0816321 0.918059 8.28761e-06
6.56 6.72 0.173113 0.827214 2.2975e-05
6.56 6.88 0.357987 0.641187 6.07875e-05
6.56 7.04 0.613506 0.384395 0.000128526
6.56 7.2 0.81101 0.187062 0.000203128
6.56 7.36 0.910195 0.0871102 0.000264982
6.56 7.52 0.954364 0.0439988 0.000311921
6.56 7.68 0.971232 0.0269091 0.000340489
6.56 7.84 0.978471 0.0199757 0.000355542
6.72 0 0.985939 0.01281 0.000927231
6.72 0.16 0.984067 0.014819 0.00088666
6.72 0.32 0.976207 0.0225185 0.000788546
6.72 0.48 0.959436 0.0393431 0.000657595
6.72 0.64 0.924099 0.0744497 0.000516381
6.72 0.8 0.849141 0.149746 0.0003779
6.72 0.96 0.696231 0.303188 0.000243949
6.72 1.12 0.45981 0.53988 0.000125424
6.72 1.28 0.243065 0.756968 5.06256e-05
6.72 1.44 0.117805 0.882803 1.83998e-05
6.72 1.6 0.0583525 0.942635 6.8994e-06
6.72 1.76 0.0307895 0.97025 2.88735e-06
6.72 1.92 0.0180977 0.982773 1.43409e-06
6.72 2.08 0.0134122 0.987377 9.55861e-07
6.72 2.24 0.0144699 0.986486 1.00847e-06
6.72 2.4 0.0216774 0.979596 1.6541e-06
6.72 2.56 0.038564 0.963089 3.57255e-06
6.72 2.72 0.0750964 0.926952 9.09896e-06
6.72 2.88 0.15541 0.846971 2.53765e-05
6.72 3.04 0.319613 0.682246 6.92127e-05
6.72 3.2 0.563376 0.4364 0.000156288
6.72 3.36 0.773305 0.224909 0.000266881
6.72 3.52 0.890228 0.107909 0.000373523
6.72 3.68 0.945277 0.0534718 0.00046894
6.72 3.84 0.970553 0.0287043 0.000546879
6.72 4 0.981313 0.0179865 0.000595547
6.72 4.16 0.983612 0.0153344 0.00060429
6.72 4.32 0.979322 0.0193326 0.000571214
6.72 4.48 0.966904 0.0319253 0.000504847
6.72 4.64 0.939065 0.0603646 0.000418741
6.72 4.8 0.876376 0.123563 0.000323308
6.72 4.96 0.740599 0.259271 0.000221893
6.72 5.12 0.509508 0.489659 0.000122153
6.72 5.28 0.274158 0.725276 5.1509e-05
6.72 5.44 0.131158 0.869851 1.88858e-05
6.72 5.6 0.0636428 0.937973 7.02539e-06
6.72 5.76 0.0336197 0.967232 2.95403e-06
6.72 5.92 0.0211366 0.979495 1.56692e-06
6.72 6.08 0.0185319 0.98315 1.24562e-06
6.72 6.24 0.0242597 0.977859 1.66349e-06
6.72 6.4 0.0415891 0.959585 3.32551e-06
6.72 6.56 0.0820212 0.918979 8.35507e-06
6.72 6.72 0.173894 0.827791 2.31666e-05
6.72 6.88 0.359402 0.641321 6.12746e-05
6.72 7.04 0.615312 0.384204 0.000129452
6.72 7.2 0.812847 0.186936 0.000204498
6.72 7.36 0.912101 0.0870856 0.000266774
6.72 7.52 0.95615 0.0439986 0.000314008
6.72 7.68 0.972987 0.026914 0.000342777
6.72 7.84 0.980217 0.0199803 0.000357946
6.88 0 0.984278 0.0127859 0.000919247
6.88 0.16 0.982393 0.0148082 0.000879032
6.88 0.32 0.974607 0.0225157 0.000781834
6.88 0.48 0.958002 0.0393573 0.000652132
6.88 0.64 0.922922 0.0745207 0.000512259
6.88 0.8 0.848102 0.149966 0.000374963
6.88 0.96 0.695116 0.303657 0.000242009
6.88 1.12 0.458662 0.540352 0.00012434
6.88 1.28 0.242234 0.756826 5.01527e-05
6.88 1.44 0.117331 0.881891 1.82231e-05
6.88 1.6 0.0581017 0.941198 6.83483e-06
6.88 1.76 0.0306624 0.968588 2.86277e-06
6.88 1.92 0.0180428 0.981055 1.4246e-06
6.88 2.08 0.0134072 0.985615 9.5321e-07
6.88 2.24 0.0145115 0.984658 1.01072e-06
6.88 2.4 0.0217788 0.977742 1.6636e-06
6.88 2.56 0.0387743 0.961277 3.60009e-06
6.88 2.72 0.0755467 0.925152 9.18022e-06
6.88 2.88 0.156384 0.844931 2.56134e-05
6.88 3.04 0.321384 0.679654 6.97911e-05
6.88 3.2 0.565276 0.433793 0.000157205
6.88 3.36 0.774149 0.223235 0.000267768
6.88 3.52 0.889941 0.107061 0.000374119
6.88 3.68 0.944247 0.0530615 0.000469123
6.88 3.84 0.969127 0.0285073 0.000546546
6.88 4 0.979717 0.0179036 0.000594626
6.88 4.16 0.981968 0.0153257 0.0006028
6.88 4.32 0.977694 0.0193912 0.00056931
6.88 4.48 0.965332 0.0320786 0.000502789
6.88 4.64 0.937522 0.0607057 0.000416773
6.88 4.8 0.874664 0.124324 0.000321555
6.88 4.96 0.738346 0.260793 0.000220391
6.88 5.12 0.506863 0.491639 0.000121042
6.88 5.28 0.272222 0.726376 5.09362e-05
6.88 5.44 0.130141 0.869641 1.86626e-05
6.88 5.6 0.0631531 0.936819 6.94539e-06
6.88 5.76 0.0333875 0.965627 2.9249e-06
6.88 5.92 0.0210388 0.977836 1.55664e-06
6.88 6.08 0.018517 0.98153 1.24424e-06
6.88 6.24 0.0243128 0.976116 1.67018e-06
6.88 6.4 0.0417311 0.957697 3.3483e-06
6.88 6.56 0.0823505 0.91719 8.42471e-06
6.88 6.72 0.174637 0.826129 2.33736e-05
6.88 6.88 0.360639 0.639442 6.17747e-05
6.88 7.04 0.616214 0.382478 0.000130265
6.88 7.2 0.812762 0.18596 0.000205491
6.88 7.36 0.911172 0.0866317 0.000267873
6.88 7.52 0.954532 0.0437711 0.000315135
6.88 7.68 0.971293 0.026783 0.000344024
6.88 7.84 0.978742 0.0198915 0.000359353
7.04 0 0.984317 0.0128035 0.000912468
7.04 0.16 0.982362 0.0148476 0.000872512
7.04 0.32 0.974547 0.0225897 0.000776045
7.04 0.48 0.957836 0.0395035 0.00064728
7.04 0.64 0.922591 0.0748372 0.000508418
7.04 0.8 0.847302 0.150654 0.000372004
7.04 0.96 0.693535 0.304937 0.000239828
7.04 1.12 0.456762 0.541884 0.000123007
7.04 1.28 0.240931 0.757824 4.95599e-05
7.04 1.44 0.116664 0.882281 1.80072e-05
7.04 1.6 0.057779 0.94119 6.75879e-06
7.04 1.76 0.030508 0.968352 2.83478e-06
7.04 1.92 0.0179814 0.980706 1.41433e-06
7.04 2.08 0.0134112 0.985199 9.51112e-07
7.04 2.24 0.0145801 0.984182 1.01497e-06
7.04 2.4 0.0219357 0.977201 1.678e-06
7.04 2.56 0.0390917 0.9606 3.63984e-06
7.04 2.72 0.0762049 0.924115 9.29366e-06
7.04 2.88 0.157765 0.843106 2.59356e-05
7.04 3.04 0.323865 0.676696 7.05668e-05
7.04 3.2 0.568082 0.430634 0.000158455
7.04 3.36 0.776004 0.22125 0.000269121
7.04 3.52 0.890889 0.106104 0.000375378
7.04 3.68 0.944647 0.0526199 0.000470161
7.04 3.84 0.969182 0.0283055 0.000547165
7.04 4 0.979574 0.0178297 0.000594646
7.04 4.16 0.98175 0.0153416 0.000602171
7.04 4.32 0.977456 0.0194994 0.000568137
7.04 4.48 0.965017 0.032327 0.000501272
7.04 4.64 0.93692 0.0612317 0.000415104
7.04 4.8 0.873373 0.12545 0.000319859
7.04 4.96 0.735878 0.262993 0.000218757
7.04 5.12 0.503618 0.494572 0.000119746
7.04 5.28 0.269849 0.728482 5.02608e-05
7.04 5.44 0.128939 0.870553 1.84041e-05
7.04 5.6 0.0626008 0.936977 6.85537e-06
7.04 5.76 0.0331397 0.965445 2.89335e-06
7.04 5.92 0.0209482 0.977591 1.54647e-06
7.04 6.08 0.0185302 0.981243 1.24466e-06
7.04 6.24 0.0244271 0.975637 1.68154e-06
7.04 6.4 0.0420015 0.957 3.38334e-06
7.04 6.56 0.0829467 0.916291 8.52761e-06
7.04 6.72 0.175891 0.824616 2.36648e-05
7.04 6.88 0.362661 0.636889 6.2446e-05
7.04 7.04 0.618048 0.380021 0.000131342
7.04 7.2 0.813903 0.184663 0.000206894
7.04 7.36 0.911818 0.0860794 0.000269561
7.04 7.52 0.954855 0.0435214 0.000317057
7.04 7.68 0.97173 0.0266502 0.000346197
7.04 7.84 0.978872 0.0197953 0.000361511
7.2 0 0.986181 0.0128961 0.000907217
7.2 0.16 0.984172 0.0149693 0.000867462
7.2 0.32 0.976336 0.0227871 0.000771558
7.2 0.48 0.959281 0.0398582 0.000643352
7.2 0.64 0.923484 0.0755378 0.000505109
7.2 0.8 0.847331 0.152105 0.000369298
7.2 0.96 0.692142 0.307599 0.000237638
7.2 1.12 0.454525 0.545228 0.000121539
7.2 1.28 0.239345 0.760553 4.88855e-05
7.2 1.44 0.115898 0.884339 1.77661e-05
7.2 1.6 0.0574473 0.94299 6.67818e-06
7.2 1.76 0.0303724 0.970117 2.80742e-06
7.2 1.92 0.0179477 0.982482 1.40583e-06
7.2 2.08 0.0134533 0.986934 9.51529e-07
7.2 2.24 0.0147078 0.985778 1.02341e-06
7.2 2.4 0.0221939 0.978543 1.70075e-06
7.2 2.56 0.0395918 0.961535 3.69885e-06
7.2 2.72 0.0772158 0.924378 9.45709e-06
7.2 2.88 0.159856 0.842172 2.63926e-05
7.2 3.04 0.327626 0.674031 7.16595e-05
7.2 3.2 0.572516 0.427335 0.000160224
7.2 3.36 0.779414 0.219142 0.000271109
7.2 3.52 0.893407 0.105128 0.000377425
7.2 3.68 0.946847 0.0522071 0.000472235
7.2 3.84 0.971296 0.0281431 0.000549063
7.2 4 0.981631 0.0177996 0.000596059
7.2 4.16 0.983718 0.0154149 0.000602862
7.2 4.32 0.979244 0.0196976 0.000568052
7.2 4.48 0.966448 0.0327317 0.000500529
7.2 4.64 0.937714 0.062051 0.000413912
7.2 4.8 0.873069 0.127164 0.000318399
7.2 4.96 0.73383 0.266318 0.000217158
7.2 5.12 0.500253 0.49913 0.000118369
7.2 5.28 0.267284 0.7322 4.95239e-05
7.2 5.44 0.127671 0.872989 1.81253e-05
7.2 5.6 0.0620586 0.938823 6.76241e-06
7.2 5.76 0.0329287 0.967236 2.86353e-06
7.2 5.92 0.0209063 0.979467 1.53926e-06
7.2 6.08 0.0186116 0.98298 1.24939e-06
7.2 6.24 0.0246531 0.976938 1.70087e-06
7.2 6.4 0.0424772 0.957816 3.43661e-06
7.2 6.56 0.0839525 0.916563 8.67803e-06
7.2 6.72 0.177979 0.823723 2.40814e-05
7.2 6.88 0.366199 0.634353 6.34047e-05
7.2 7.04 0.621938 0.377378 0.000132894
7.2 7.2 0.817048 0.183262 0.000208854
7.2 7.36 0.914059 0.0854819 0.000271785
7.2 7.52 0.956768 0.0432678 0.000319588
7.2 7.68 0.973795 0.0265259 0.000349043
7.2 7.84 0.980389 0.0197029 0.000364285
7.36 0 0.983642 0.0129898 0.000898045
7.36 0.16 0.981574 0.0150856 0.000858629
7.36 0.32 0.973776 0.0229751 0.000763668
7.36 0.48 0.956729 0.0402118 0.000636715
7.36 0.64 0.920623 0.0762644 0.000499683
7.36 0.8 0.843955 0.153674 0.000365039
7.36 0.96 0.687717 0.310442 0.000234352
7.36 1.12 0.449885 0.548196 0.000119395
7.36 1.28 0.236342 0.761646 4.7904e-05
7.36 1.44 0.114427 0.883598 1.74097e-05
7.36 1.6 0.0567679 0.94116 6.5552e-06
7.36 1.76 0.0300601 0.967725 2.76341e-06
7.36 1.92 0.0178217 0.979835 1.39014e-06
7.36 2.08 0.0134445 0.984173 9.48463e-07
7.36 2.24 0.0148024 0.982948 1.02991e-06
7.36 2.4 0.0224238 0.975653 1.72246e-06
7.36 2.56 0.0400669 0.95856 3.7588e-06
7.36 2.72 0.0782214 0.921124 9.62869e-06
7.36 2.88 0.161988 0.838066 2.68768e-05
7.36 3.04 0.331346 0.668543 7.2782e-05
7.36 3.2 0.576207 0.42196 0.000161845
7.36 3.36 0.780885 0.215885 0.000272506
7.36 3.52 0.892912 0.103585 0.00037831
7.36 3.68 0.945266 0.0515123 0.00047255
7.36 3.84 0.969176 0.0278369 0.000548679
7.36 4 0.979247 0.0176937 0.000594835
7.36 4.16 0.981218 0.0154442 0.000600798
7.36 4.32 0.976688 0.0198641 0.000565352
7.36 4.48 0.963808 0.0331098 0.000497531
7.36 4.64 0.934826 0.062859 0.000410936
7.36 4.8 0.869456 0.128911 0.000315594
7.36 4.96 0.728774 0.269674 0.000214568
7.36 5.12 0.494478 0.503226 0.000116363
7.36 5.28 0.263302 0.734313 4.84976e-05
7.36 5.44 0.125709 0.872727 1.77381e-05
7.36 5.6 0.0611844 0.937194 6.63012e-06
7.36 5.76 0.0325531 0.96503 2.81847e-06
7.36 5.92 0.020778 0.976993 1.52535e-06
7.36 6.08 0.0186422 0.980192 1.2507e-06
7.36 6.24 0.024845 0.973847 1.71846e-06
7.36 6.4 0.0429387 0.954696 3.49097e-06
7.36 6.56 0.0849984 0.9134 8.83857e-06
7.36 6.72 0.180206 0.819682 2.4529e-05
7.36 6.88 0.36981 0.628961 6.43917e-05
7.36 7.04 0.625013 0.372681 0.000134279
7.36 7.2 0.817727 0.180709 0.000210178
7.36 7.36 0.912666 0.0843191 0.000272923
7.36 7.52 0.954954 0.0427526 0.000320878
7.36 7.68 0.971799 0.0262433 0.000350451
7.36 7.84 0.978477 0.0195139 0.000365808
7.52 0 0.986373 0.0132244 0.000894235
7.52 0.16 0.984224 0.01536 0.000854884
7.52 0.32 0.976021 0.0233931 0.000759892
7.52 0.48 0.958738 0.0409651 0.000633294
7.52 0.64 0.921622 0.0777169 0.000496424
7.52 0.8 0.843079 0.156558 0.000361867
7.52 0.96 0.684374 0.315534 0.000231406
7.52 1.12 0.445504 0.554244 0.000117286
7.52 1.28 0.233536 0.766329 4.69401e-05
7.52 1.44 0.113181 0.887073 1.70774e-05
7.52 1.6 0.0562706 0.944138 6.44949e-06
7.52 1.76 0.0298758 0.9705 2.72989e-06
7.52 1.92 0.0177919 0.98251 1.38141e-06
7.52 2.08 0.0135296 0.986762 9.5173e-07
7.52 2.24 0.0150228 0.98539 1.04511e-06
7.52 2.4 0.0228583 0.977809 1.76047e-06
7.52 2.56 0.0409046 0.960161 3.85512e-06
7.52 2.72 0.0798997 0.921624 9.88996e-06
7.52 2.88 0.16538 0.836523 2.75861e-05
7.52 3.04 0.337207 0.664288 7.44048e-05
7.52 3.2 0.582777 0.41708 0.000164325
7.52 3.36 0.785852 0.213003 0.000275207
7.52 3.52 0.896623 0.102343 0.000381106
7.52 3.68 0.94845 0.0510236 0.000475402
7.52 3.84 0.97212 0.0276694 0.000551311
7.52 4 0.982042 0.0176976 0.000596857
7.52 4.16 0.983878 0.0155931 0.000601915
7.52 4.32 0.97914 0.0202056 0.000565491
7.52 4.48 0.965821 0.0337874 0.000496821
7.52 4.64 0.935922 0.0642184 0.000409572
7.52 4.8 0.868769 0.131704 0.000313718
7.52 4.96 0.725305 0.274906 0.000212338
7.52 5.12 0.489297 0.510044 0.00011443
7.52 5.28 0.259695 0.739764 4.75067e-05
7.52 5.44 0.124068 0.876531 1.73823e-05
7.52 5.6 0.0605426 0.940281 6.51798e-06
7.52 5.76 0.0323391 0.967909 2.78548e-06
7.52 5.92 0.0207817 0.979737 1.52019e-06
7.52 6.08 0.0188231 0.982641 1.26158e-06
7.52 6.24 0.0252678 0.975926 1.75204e-06
7.52 6.4 0.0438143 0.956385 3.5802e-06
7.52 6.56 0.0868275 0.914061 9.08414e-06
7.52 6.72 0.183894 0.817879 2.51812e-05
7.52 6.88 0.375828 0.624295 6.5797e-05
7.52 7.04 0.63123 0.368153 0.000136315
7.52 7.2 0.82227 0.178375 0.000212444
7.52 7.36 0.916276 0.0834052 0.000275482
7.52 7.52 0.958551 0.0424116 0.000323898
7.52 7.68 0.974386 0.0260507 0.000353444
7.52 7.84 0.980868 0.0194016 0.000368889
7.68 0 0.982689 0.0134722 0.00088562
7.68 0.16 0.980748 0.0156489 0.000846738
7.68 0.32 0.972371 0.0238397 0.00075218
7.68 0.48 0.954783 0.0417708 0.0006263
7.68 0.64 0.91728 0.0793128 0.000490449
7.68 0.8 0.837537 0.159758 0.000356734
7.68 0.96 0.676979 0.320934 0.000227079
7.68 1.12 0.438238 0.559494 0.000114398
7.68 1.28 0.229239 0.768232 4.56642e-05
7.68 1.44 0.111249 0.886162 1.66365e-05
7.68 1.6 0.055456 0.941805 6.30623e-06
7.68 1.76 0.0295407 0.967515 2.68259e-06
7.68 1.92 0.0176896 0.979228 1.36724e-06
7.68 2.08 0.0135811 0.983321 9.52866e-07
7.68 2.24 0.0152337 0.981813 1.06002e-06
7.68 2.4 0.0232972 0.974081 1.80032e-06
7.68 2.56 0.0417725 0.956194 3.95843e-06
7.68 2.72 0.0816758 0.917085 1.01728e-05
7.68 2.88 0.168979 0.830584 2.83481e-05
7.68 3.04 0.343092 0.65635 7.6059e-05
7.68 3.2 0.588018 0.409768 0.000166466
7.68 3.36 0.787532 0.208923 0.000276828
7.68 3.52 0.895578 0.100552 0.000382001
7.68 3.68 0.946092 0.050282 0.000475635
7.68 3.84 0.969181 0.0273834 0.000550769
7.68 4 0.978835 0.0176466 0.000595346
7.68 4.16 0.980499 0.0157187 0.000599368
7.68 4.32 0.97562 0.0205432 0.000562125
7.68 4.48 0.962079 0.0344827 0.00049303
7.68 4.64 0.931687 0.0656426 0.000405729
7.68 4.8 0.863387 0.134665 0.000310002
7.68 4.96 0.717891 0.280305 0.000208829
7.68 5.12 0.481291 0.516118 0.000111764
7.68 5.28 0.254635 0.742579 4.62212e-05
7.68 5.44 0.12177 0.876045 1.69246e-05
7.68 5.6 0.0595995 0.938022 6.37044e-06
7.68 5.76 0.0319844 0.964918 2.73955e-06
7.68 5.92 0.0207225 0.976475 1.5101e-06
7.68 6.08 0.0189828 0.979155 1.27105e-06
7.68 6.24 0.0256973 0.972178 1.78677e-06
7.68 6.4 0.0447281 0.952329 3.67483e-06
7.68 6.56 0.0887605 0.909246 9.34547e-06
7.68 6.72 0.187832 0.811338 2.58734e-05
7.68 6.88 0.382042 0.616048 6.72214e-05
7.68 7.04 0.636332 0.361494 0.000138043
7.68 7.2 0.823324 0.174958 0.000213675
7.68 7.36 0.914373 0.0819562 0.000276195
7.68 7.52 0.95552 0.0417963 0.000324448
7.68 7.68 0.971463 0.0256839 0.000354322
7.68 7.84 0.97893 0.0192577 0.000370202
7.84 0 0.983769 0.0147643 0.000880599
7.84 0.16 0.981229 0.0174323 0.000839744
7.84 0.32 0.971597 0.0268423 0.000741368
7.84 0.48 0.951694 0.0471767 0.000612781
7.84 0.64 0.909325 0.0893945 0.000475294
7.84 0.8 0.820764 0.178309 0.000340649
7.84 0.96 0.649891 0.349553 0.000211661
7.84 1.12 0.411851 0.587393 0.000103838
7.84 1.28 0.214904 0.784312 4.11079e-05
7.84 1.44 0.105789 0.893628 1.5162e-05
7.84 1.6 0.053716 0.945728 5.88052e-06
7.84 1.76 0.0291557 0.970159 2.56966e-06
7.84 1.92 0.0179216 0.981277 1.35487e-06
7.84 2.08 0.0143482 0.984851 9.92914e-07
7.84 2.24 0.0167786 0.982554 1.16563e-06
7.84 2.4 0.0262144 0.973404 2.0442e-06
7.84 2.56 0.0472706 0.952804 4.55381e-06
7.84 2.72 0.0922309 0.908418 1.17192e-05
7.84 2.88 0.188662 0.812468 3.22699e-05
7.84 3.04 0.372668 0.628042 8.40773e-05
7.84 3.2 0.614891 0.384266 0.000177086
7.84 3.36 0.802326 0.195984 0.000287165
7.84 3.52 0.902594 0.0958147 0.000392136
7.84 3.68 0.949927 0.0488514 0.000485753
7.84 3.84 0.971797 0.0271955 0.000559769
7.84 4 0.980746 0.0181264 0.000601451
7.84 4.16 0.981657 0.0169117 0.000601181
7.84 4.32 0.9756 0.0228832 0.000559349
7.84 4.48 0.959926 0.0389406 0.000486431
7.84 4.64 0.925232 0.074257 0.00039634
7.84 4.8 0.848665 0.15121 0.000298508
7.84 4.96 0.691796 0.307832 0.000196358
7.84 5.12 0.452832 0.545992 0.000102048
7.84 5.28 0.237958 0.761017 4.16481e-05
7.84 5.44 0.115264 0.884537 1.53931e-05
7.84 5.6 0.0575757 0.942187 5.93015e-06
7.84 5.76 0.031668 0.967582 2.63264e-06
7.84 5.92 0.0212868 0.978302 1.51779e-06
7.84 6.08 0.0204559 0.97984 1.35537e-06
7.84 6.24 0.0286584 0.971227 2.00084e-06
7.84 6.4 0.0505498 0.948796 4.21258e-06
7.84 6.56 0.100319 0.900039 1.0756e-05
7.84 6.72 0.209512 0.791281 2.93711e-05
7.84 6.88 0.413201 0.58605 7.38901e-05
7.84 7.04 0.662155 0.337294 0.000145968
7.84 7.2 0.836105 0.163774 0.000220676
7.84 7.36 0.920461 0.0782108 0.00028276
7.84 7.52 0.959474 0.0409395 0.000330862
7.84 7.68 0.973364 0.0259961 0.000359843
7.84 7.84 0.980535 0.0192239 0.000378162
