0 0 0.000286329 5.12424e-06 0.998745
0 0.2 0.000362247 5.12846e-06 0.998694
0 0.4 0.000620108 5.05895e-06 0.998511
0 0.6 0.00116271 5.00994e-06 0.998055
0 0.8 0.00220104 4.99511e-06 0.99712
0 1 0.00409855 5.04071e-06 0.995344
0 1.2 0.00745391 5.22652e-06 0.992096
0 1.4 0.0132094 5.77912e-06 0.986421
0 1.6 0.0227841 7.31911e-06 0.976904
0 1.8 0.0382117 1.15196e-05 0.961541
0 2 0.0622306 2.28351e-05 0.937623
0 2.2 0.0982102 5.29589e-05 0.901754
0 2.4 0.149721 0.000132067 0.850299
0 2.6 0.219499 0.000336488 0.780422
0 2.8 0.307714 0.000855997 0.691753
0 3 0.41003 0.00216312 0.588171
0 3.2 0.516645 0.00550462 0.478287
0 3.4 0.612786 0.014783 0.372934
0 3.6 0.675206 0.0459809 0.27898
0 3.8 0.637099 0.174431 0.187378
0 4 0.338295 0.590342 0.0728788
0 4.2 0.088536 0.899534 0.0136534
0 4.4 0.024098 0.973945 0.00250783
0 4.6 0.00856718 0.991184 0.00064692
0 4.8 0.00535684 0.994716 0.000358364
0 5 0.00869502 0.99108 0.000657481
0 5.2 0.0246536 0.973399 0.00257193
0 5.4 0.0911207 0.89666 0.014064
0 5.6 0.346841 0.580099 0.0746144
0 5.8 0.641033 0.169846 0.188192
0 6 0.676242 0.0449361 0.279113
0 6.2 0.613087 0.0145199 0.372962
0 6.4 0.516702 0.00542304 0.478306
0 6.6 0.409974 0.00213453 0.58816
0 6.8 0.307616 0.000845556 0.691701
0 7 0.219406 0.000332674 0.780375
0 7.2 0.149652 0.00013069 0.850322
0 7.4 0.0981652 5.2469e-05 0.901906
0 7.6 0.0622035 2.26635e-05 0.937946
0 7.8 0.0381964 1.14604e-05 0.962047
0 8 0.0227756 7.29741e-06 0.977572
0 8.2 0.0132043 5.76768e-06 0.987203
0 8.4 0.00745029 5.2147e-06 0.992958
0 8.6 0.00409506 5.02338e-06 0.996279
0 8.8 0.00219582 4.96858e-06 0.998117
0 9 0.00115261 4.9707e-06 0.999094
0 9.2 0.00059895 5.00461e-06 0.999587
0 9.4 0.000320947 5.07259e-06 0.999825
0 9.6 0.000202147 5.18691e-06 0.999918
0 9.8 0.000146736 5.67144e-06 0.999919
0.2 0 0.000286279 5.13988e-06 0.998725
0.2 0.2 0.000362172 5.14473e-06 0.998674
0.2 0.4 0.000619993 5.07535e-06 0.998487
0.2 0.6 0.00116254 5.02634e-06 0.998028
0.2 0.8 0.00220073 5.01156e-06 0.997094
0.2 1 0.00409796 5.05734e-06 0.995318
0.2 1.2 0.00745281 5.24382e-06 0.992065
0.2 1.4 0.0132074 5.79841e-06 0.986387
0.2 1.6 0.0227806 7.34408e-06 0.97687
0.2 1.8 0.0382056 1.15604e-05 0.961506
0.2 2 0.0622201 2.29207e-05 0.937588
0.2 2.2 0.0981934 5.31653e-05 0.901722
0.2 2.4 0.149695 0.000132597 0.850268
0.2 2.6 0.21946 0.000337878 0.780397
0.2 2.8 0.307661 0.00085963 0.691737
0.2 3 0.409958 0.00217254 0.588161
0.2 3.2 0.51655 0.00552903 0.478274
0.2 3.4 0.61265 0.0148485 0.372909
0.2 3.6 0.674974 0.0461709 0.278926
0.2 3.8 0.636621 0.174922 0.187265
0.2 4 0.33822 0.590303 0.072875
0.2 4.2 0.0886815 0.899247 0.0136793
0.2 4.4 0.0241405 0.973788 0.00251304
0.2 4.6 0.00857828 0.991071 0.000647945
0.2 4.8 0.00535942 0.994617 0.000358615
0.2 5 0.00869433 0.990983 0.000657472
0.2 5.2 0.0246419 0.973302 0.00257053
0.2 5.4 0.0909917 0.896691 0.014044
0.2 5.6 0.345801 0.581251 0.0744012
0.2 5.8 0.640181 0.170828 0.187973
0.2 6 0.675956 0.0452276 0.279025
0.2 6.2 0.612965 0.014609 0.372909
0.2 6.4 0.516635 0.00545429 0.478257
0.2 6.6 0.409937 0.00214621 0.588116
0.2 6.8 0.307595 0.000849977 0.691657
0.2 7 0.219394 0.000334339 0.780324
0.2 7.2 0.149644 0.000131317 0.850268
0.2 7.4 0.0981612 5.27093e-05 0.901854
0.2 7.6 0.0622019 2.27613e-05 0.937901
0.2 7.8 0.0381959 1.1506e-05 0.962007
0.2 8 0.0227756 7.32409e-06 0.977534
0.2 8.2 0.0132044 5.78752e-06 0.987163
0.2 8.4 0.00745042 5.23209e-06 0.992912
0.2 8.6 0.00409516 5.03991e-06 0.996234
0.2 8.8 0.0021959 4.98487e-06 0.998073
0.2 9 0.00115266 4.98698e-06 0.999058
0.2 9.2 0.000598989 5.02098e-06 0.999555
0.2 9.4 0.000320978 5.08881e-06 0.999785
0.2 9.6 0.000202189 5.20327e-06 0.999864
0.2 9.8 0.000146646 5.6936e-06 0.999886
0.4 0 0.0002861 5.05426e-06 0.998666
0.4 0.2 0.000361966 5.05999e-06 0.998627
0.4 0.4 0.000619684 4.99251e-06 0.998452
0.4 0.6 0.00116203 4.94478e-06 0.997995
0.4 0.8 0.00219986 4.93051e-06 0.997071
0.4 1 0.00409641 4.97571e-06 0.995294
0.4 1.2 0.00745016 5.15961e-06 0.992027
0.4 1.4 0.013203 5.70646e-06 0.986342
0.4 1.6 0.0227732 7.23077e-06 0.976827
0.4 1.8 0.0381935 1.13885e-05 0.961457
0.4 2 0.0622009 2.26003e-05 0.937542
0.4 2.2 0.0981634 5.24509e-05 0.901685
0.4 2.4 0.14965 0.000130866 0.850223
0.4 2.6 0.219396 0.000333579 0.780366
0.4 2.8 0.307581 0.000848988 0.691732
0.4 3 0.409862 0.00214645 0.588175
0.4 3.2 0.516453 0.00546497 0.478305
0.4 3.4 0.612598 0.0146843 0.372954
0.4 3.6 0.67515 0.0457075 0.279053
0.4 3.8 0.637461 0.173638 0.187555
0.4 4 0.338957 0.589233 0.0730675
0.4 4.2 0.0884269 0.899418 0.0136512
0.4 4.4 0.0239636 0.973882 0.00249631
0.4 4.6 0.00849196 0.991068 0.000641589
0.4 4.8 0.00529206 0.994617 0.000354088
0.4 5 0.0085756 0.991045 0.000648283
0.4 5.2 0.0243139 0.973568 0.00253552
0.4 5.4 0.0899396 0.897771 0.0138834
0.4 5.6 0.343734 0.583644 0.0739839
0.4 5.8 0.639885 0.171032 0.187933
0.4 6 0.675976 0.0450612 0.279047
0.4 6.2 0.612954 0.0145132 0.372878
0.4 6.4 0.516623 0.00541016 0.478185
0.4 6.6 0.409941 0.00212682 0.58804
0.4 6.8 0.307607 0.000841702 0.691575
0.4 7 0.219406 0.000330883 0.780223
0.4 7.2 0.149654 0.000129885 0.850174
0.4 7.4 0.0981691 5.21005e-05 0.901768
0.4 7.6 0.0622084 2.24789e-05 0.937834
0.4 7.8 0.0382005 1.13499e-05 0.961949
0.4 8 0.0227786 7.21612e-06 0.977483
0.4 8.2 0.0132062 5.69753e-06 0.98711
0.4 8.4 0.00745138 5.14861e-06 0.99283
0.4 8.6 0.00409566 4.95869e-06 0.996167
0.4 8.8 0.00219612 4.90422e-06 0.998005
0.4 9 0.00115277 4.90629e-06 0.999014
0.4 9.2 0.00059903 4.93972e-06 0.99952
0.4 9.4 0.000320972 5.00655e-06 0.999749
0.4 9.6 0.000202138 5.11869e-06 0.999837
0.4 9.8 0.000146745 5.59679e-06 0.999857
0.6 0 0.000285874 4.99656e-06 0.998653
0.6 0.2 0.000361694 5.0025e-06 0.99862
0.6 0.4 0.00061926 4.93629e-06 0.99846
0.6 0.6 0.0011613 4.88944e-06 0.998009
0.6 0.8 0.0021986 4.87555e-06 0.997091
0.6 1 0.00409422 4.92047e-06 0.995317
0.6 1.2 0.00744642 5.10281e-06 0.992047
0.6 1.4 0.0131967 5.64497e-06 0.986359
0.6 1.6 0.0227629 7.15651e-06 0.976842
0.6 1.8 0.0381767 1.12805e-05 0.961464
0.6 2 0.0621744 2.24054e-05 0.937546
0.6 2.2 0.0981228 5.20313e-05 0.901689
0.6 2.4 0.14959 0.000129878 0.850229
0.6 2.6 0.219316 0.00033119 0.780388
0.6 2.8 0.307482 0.000843231 0.69178
0.6 3 0.409748 0.00213269 0.588241
0.6 3.2 0.516331 0.00543174 0.478374
0.6 3.4 0.612499 0.0145986 0.373022
0.6 3.6 0.675185 0.0454526 0.279149
0.6 3.8 0.637967 0.172824 0.187754
0.6 4 0.339864 0.588016 0.0732923
0.6 4.2 0.0885489 0.899217 0.0136798
0.6 4.4 0.0239452 0.973863 0.00249611
0.6 4.6 0.00846804 0.991061 0.000639989
0.6 4.8 0.00526288 0.994619 0.000352126
0.6 5 0.00851427 0.991082 0.000643403
0.6 5.2 0.0241336 0.973729 0.00251543
0.6 5.4 0.0892999 0.898457 0.0137827
0.6 5.6 0.342094 0.585579 0.0736443
0.6 5.8 0.639347 0.171607 0.187805
0.6 6 0.675871 0.0451179 0.278999
0.6 6.2 0.612937 0.0145057 0.372816
0.6 6.4 0.516642 0.00540114 0.478108
0.6 6.6 0.409982 0.00212153 0.587967
0.6 6.8 0.307649 0.000839019 0.6915
0.6 7 0.219439 0.000329615 0.780142
0.6 7.2 0.149679 0.000129302 0.850101
0.6 7.4 0.0981874 5.18263e-05 0.901712
0.6 7.6 0.0622216 2.23363e-05 0.937804
0.6 7.8 0.0382094 1.12612e-05 0.96194
0.6 8 0.0227842 7.14894e-06 0.977485
0.6 8.2 0.0132095 5.63862e-06 0.987111
0.6 8.4 0.00745319 5.09275e-06 0.992818
0.6 8.6 0.0040966 4.90385e-06 0.99615
0.6 8.8 0.00219659 4.84961e-06 0.997988
0.6 9 0.001153 4.85155e-06 0.999006
0.6 9.2 0.000599128 4.88457e-06 0.99952
0.6 9.4 0.000321004 4.95056e-06 0.999755
0.6 9.6 0.00020214 5.06106e-06 0.999846
0.6 9.8 0.000146774 5.53241e-06 0.999858
0.8 0 0.000285622 4.95811e-06 0.998682
0.8 0.2 0.000361393 4.96413e-06 0.99865
0.8 0.4 0.000618801 4.89869e-06 0.998495
0.8 0.6 0.00116053 4.85241e-06 0.998051
0.8 0.8 0.00219726 4.83878e-06 0.997141
0.8 1 0.00409191 4.88353e-06 0.995374
0.8 1.2 0.00744251 5.06485e-06 0.992108
0.8 1.4 0.0131902 5.60401e-06 0.986421
0.8 1.6 0.0227522 7.10746e-06 0.9769
0.8 1.8 0.0381596 1.12104e-05 0.961516
0.8 2 0.0621477 2.22813e-05 0.937592
0.8 2.2 0.0980824 5.17697e-05 0.90173
0.8 2.4 0.149532 0.000129275 0.850272
0.8 2.6 0.21924 0.000329759 0.780448
0.8 2.8 0.307392 0.000839844 0.691867
0.8 3 0.409653 0.0021247 0.588346
0.8 3.2 0.516241 0.00541239 0.478478
0.8 3.4 0.612435 0.0145469 0.373113
0.8 3.6 0.675225 0.0452841 0.279243
0.8 3.8 0.638398 0.172201 0.187919
0.8 4 0.340808 0.586819 0.0735153
0.8 4.2 0.0887868 0.898921 0.0137234
0.8 4.4 0.0239818 0.973798 0.00250128
0.8 4.6 0.00846877 0.991022 0.000640209
0.8 4.8 0.00525054 0.994586 0.000351273
0.8 5 0.00847885 0.991083 0.000640441
0.8 5.2 0.0240194 0.973836 0.0025019
0.8 5.4 0.0888537 0.898963 0.0137084
0.8 5.6 0.34079 0.587177 0.0733579
0.8 5.8 0.638859 0.172229 0.187653
0.8 6 0.675811 0.0452379 0.278923
0.8 6.2 0.612987 0.0145293 0.372741
0.8 6.4 0.516732 0.00540604 0.47803
0.8 6.6 0.410079 0.00212229 0.58789
0.8 6.8 0.307733 0.000838895 0.691423
0.8 7 0.219504 0.000329401 0.78007
0.8 7.2 0.149727 0.000129148 0.850046
0.8 7.4 0.098222 5.17286e-05 0.901685
0.8 7.6 0.0622454 2.22715e-05 0.937806
0.8 7.8 0.038225 1.12127e-05 0.961965
0.8 8 0.0227939 7.10774e-06 0.977523
0.8 8.2 0.0132152 5.6005e-06 0.98715
0.8 8.4 0.00745641 5.05581e-06 0.99285
0.8 8.6 0.00409834 4.86731e-06 0.996176
0.8 8.8 0.0021975 4.81314e-06 0.998011
0.8 9 0.00115345 4.81495e-06 0.999032
0.8 9.2 0.000599347 4.84766e-06 0.999549
0.8 9.4 0.000321108 4.91306e-06 0.999789
0.8 9.6 0.000202199 5.0225e-06 0.99988
0.8 9.8 0.000146811 5.48982e-06 0.999897
1 0 0.000285359 4.93321e-06 0.998745
1 0.2 0.000361077 4.93927e-06 0.998721
1 0.4 0.000618313 4.87433e-06 0.998588
1 0.6 0.0011597 4.8284e-06 0.998157
1 0.8 0.00219581 4.81491e-06 0.997255
1 1 0.00408942 4.85953e-06 0.995495
1 1.2 0.00743831 5.04015e-06 0.992232
1 1.4 0.0131832 5.57727e-06 0.986548
1 1.6 0.022741 7.07535e-06 0.977026
1 1.8 0.0381418 1.11643e-05 0.961637
1 2 0.0621202 2.21996e-05 0.937705
1 2.2 0.0980412 5.15981e-05 0.901836
1 2.4 0.149474 0.00012888 0.850375
1 2.6 0.219164 0.000328826 0.78056
1 2.8 0.307305 0.000837634 0.691998
1 3 0.409565 0.00211945 0.588491
1 3.2 0.516165 0.00539941 0.478616
1 3.4 0.612391 0.0145105 0.373232
1 3.6 0.675275 0.0451569 0.27935
1 3.8 0.638783 0.171688 0.188072
1 4 0.341695 0.585735 0.0737252
1 4.2 0.0890431 0.898638 0.0137696
1 4.4 0.0240337 0.97374 0.00250817
1 4.6 0.00847821 0.99099 0.000641174
1 4.8 0.00524556 0.994559 0.000350975
1 5 0.00845599 0.99109 0.000638547
1 5.2 0.023939 0.973933 0.0024922
1 5.4 0.0885204 0.899378 0.0136513
1 5.6 0.339758 0.58849 0.0731219
1 5.8 0.638468 0.17279 0.187508
1 6 0.675798 0.0453629 0.278845
1 6.2 0.613078 0.0145601 0.372668
1 6.4 0.516856 0.00541516 0.477956
1 6.6 0.410203 0.00212519 0.587821
1 6.8 0.307837 0.000839794 0.691362
1 7 0.219586 0.000329651 0.780026
1 7.2 0.149788 0.000129198 0.850034
1 7.4 0.0982657 5.17214e-05 0.90171
1 7.6 0.0622751 2.22501e-05 0.937865
1 7.8 0.0382442 1.11886e-05 0.962048
1 8 0.0228057 7.08361e-06 0.977619
1 8.2 0.0132222 5.57666e-06 0.98725
1 8.4 0.00746037 5.03217e-06 0.992947
1 8.6 0.00410051 4.84374e-06 0.996271
1 8.8 0.00219865 4.78957e-06 0.998107
1 9 0.00115404 4.7913e-06 0.999132
1 9.2 0.000599638 4.82383e-06 0.999655
1 9.4 0.000321251 4.88889e-06 0.999897
1 9.6 0.000202279 4.99772e-06 0.999982
1 9.8 0.000146862 5.46247e-06 0.999988
1.2 0 0.000285092 4.91757e-06 0.998814
1.2 0.2 0.000360754 4.92361e-06 0.998787
1.2 0.4 0.000617806 4.85887e-06 0.998647
1.2 0.6 0.00115882 4.81305e-06 0.99821
1.2 0.8 0.00219425 4.79957e-06 0.997303
1.2 1 0.0040867 4.84402e-06 0.995543
1.2 1.2 0.00743368 5.0241e-06 0.992282
1.2 1.4 0.0131756 5.55977e-06 0.986601
1.2 1.6 0.0227286 7.05404e-06 0.977081
1.2 1.8 0.0381223 1.11332e-05 0.961693
1.2 2 0.0620903 2.21432e-05 0.937761
1.2 2.2 0.0979969 5.14778e-05 0.901889
1.2 2.4 0.149411 0.000128601 0.85043
1.2 2.6 0.219081 0.000328156 0.780626
1.2 2.8 0.307208 0.000836023 0.692083
1.2 3 0.409465 0.00211555 0.588592
1.2 3.2 0.516076 0.00538955 0.478719
1.2 3.4 0.612335 0.014482 0.373323
1.2 3.6 0.675306 0.0450529 0.279434
1.2 3.8 0.63911 0.171254 0.188198
1.2 4 0.342479 0.584778 0.0739056
1.2 4.2 0.089281 0.89837 0.0138103
1.2 4.4 0.0240859 0.973675 0.00251426
1.2 4.6 0.00848997 0.990949 0.000642029
1.2 4.8 0.0052439 0.994525 0.000350727
1.2 5 0.00844017 0.991084 0.000636947
1.2 5.2 0.0238798 0.974001 0.00248416
1.2 5.4 0.0882668 0.899697 0.0136043
1.2 5.6 0.338953 0.589528 0.0729236
1.2 5.8 0.638164 0.173253 0.187362
1.2 6 0.675802 0.045471 0.27874
1.2 6.2 0.613169 0.0145887 0.372556
1.2 6.4 0.516975 0.00542437 0.477834
1.2 6.6 0.41032 0.00212845 0.587695
1.2 6.8 0.307939 0.000840953 0.691242
1.2 7 0.219668 0.000330051 0.779927
1.2 7.2 0.149851 0.000129326 0.84997
1.2 7.4 0.0983107 5.17541e-05 0.901683
1.2 7.6 0.0623058 2.22504e-05 0.93787
1.2 7.8 0.038264 1.11783e-05 0.962073
1.2 8 0.0228179 7.06994e-06 0.977653
1.2 8.2 0.0132294 5.56197e-06 0.987285
1.2 8.4 0.00746446 5.01718e-06 0.992982
1.2 8.6 0.00410277 4.82869e-06 0.996309
1.2 8.8 0.00219986 4.77451e-06 0.998152
1.2 9 0.00115467 4.77622e-06 0.999185
1.2 9.2 0.000599957 4.80867e-06 0.999717
1.2 9.4 0.000321412 4.87355e-06 0.999969
1.2 9.6 0.000202372 4.98205e-06 1.00006
1.2 9.8 0.000146921 5.4453e-06 1.00007
1.4 0 0.000284831 4.90813e-06 0.998879
1.4 0.2 0.000360431 4.9141e-06 0.998841
1.4 0.4 0.000617279 4.84931e-06 0.998673
1.4 0.6 0.00115787 4.80343e-06 0.998211
1.4 0.8 0.00219255 4.78984e-06 0.997286
1.4 1 0.0040837 4.83408e-06 0.995516
1.4 1.2 0.0074285 5.01371e-06 0.992252
1.4 1.4 0.0131669 5.54823e-06 0.986572
1.4 1.6 0.0227146 7.03956e-06 0.977057
1.4 1.8 0.0381002 1.11111e-05 0.961677
1.4 2 0.0620566 2.21015e-05 0.937751
1.4 2.2 0.0979472 5.1386e-05 0.901887
1.4 2.4 0.149341 0.000128382 0.850439
1.4 2.6 0.218989 0.000327624 0.780651
1.4 2.8 0.307095 0.000834724 0.692131
1.4 3 0.409344 0.00211236 0.588659
1.4 3.2 0.515962 0.00538137 0.478795
1.4 3.4 0.612249 0.0144581 0.373395
1.4 3.6 0.675299 0.0449656 0.279503
1.4 3.8 0.639363 0.170888 0.188305
1.4 4 0.343139 0.583969 0.0740595
1.4 4.2 0.0894868 0.898151 0.0138455
1.4 4.4 0.0241328 0.97364 0.00251973
1.4 4.6 0.00850147 0.990945 0.000642871
1.4 4.8 0.00524379 0.99453 0.000350597
1.4 5 0.0084289 0.991108 0.00063574
1.4 5.2 0.0238355 0.974073 0.0024779
1.4 5.4 0.0880748 0.899953 0.0135672
1.4 5.6 0.338336 0.590329 0.072764
1.4 5.8 0.637924 0.173613 0.187228
1.4 6 0.6758 0.0455566 0.278626
1.4 6.2 0.613236 0.0146118 0.372426
1.4 6.4 0.517066 0.00543205 0.477687
1.4 6.6 0.410415 0.00213127 0.587539
1.4 6.8 0.308024 0.000842016 0.691089
1.4 7 0.219738 0.000330443 0.779792
1.4 7.2 0.149905 0.000129464 0.849863
1.4 7.4 0.0983504 5.17973e-05 0.901607
1.4 7.6 0.0623328 2.22592e-05 0.937817
1.4 7.8 0.0382814 1.1175e-05 0.962032
1.4 8 0.0228285 7.06239e-06 0.977614
1.4 8.2 0.0132357 5.55301e-06 0.987247
1.4 8.4 0.00746806 5.00779e-06 0.992946
1.4 8.6 0.00410478 4.8192e-06 0.99628
1.4 8.8 0.00220096 4.76503e-06 0.998134
1.4 9 0.00115525 4.76676e-06 0.999179
1.4 9.2 0.00060025 4.79919e-06 0.999723
1.4 9.4 0.000321561 4.86398e-06 0.999988
1.4 9.6 0.000202459 4.97232e-06 1.0001
1.4 9.8 0.00014698 5.43475e-06 1.00012
1.6 0 0.000284593 4.90285e-06 0.998975
1.6 0.2 0.000360138 4.90878e-06 0.99893
1.6 0.4 0.000616806 4.84397e-06 0.998746
1.6 0.6 0.00115703 4.79799e-06 0.998262
1.6 0.8 0.00219103 4.78427e-06 0.997318
1.6 1 0.00408101 4.82831e-06 0.995534
1.6 1.2 0.00742386 5.00754e-06 0.992261
1.6 1.4 0.0131592 5.54117e-06 0.98658
1.6 1.6 0.0227021 7.03028e-06 0.97707
1.6 1.8 0.0380809 1.10961e-05 0.961698
1.6 2 0.0620275 2.20716e-05 0.937783
1.6 2.2 0.0979051 5.1318e-05 0.90193
1.6 2.4 0.149283 0.000128218 0.850493
1.6 2.6 0.218913 0.000327217 0.78072
1.6 2.8 0.307006 0.000833718 0.692215
1.6 3 0.409249 0.00210986 0.588755
1.6 3.2 0.515875 0.00537489 0.47889
1.6 3.4 0.612185 0.014439 0.373478
1.6 3.6 0.675297 0.0448948 0.279576
1.6 3.8 0.639571 0.17059 0.188401
1.6 4 0.343679 0.583307 0.074189
1.6 4.2 0.0896579 0.897979 0.0138756
1.6 4.4 0.0241726 0.973632 0.00252455
1.6 4.6 0.00851173 0.99097 0.000643682
1.6 4.8 0.00524441 0.994564 0.00035057
1.6 5 0.00842089 0.991153 0.000634884
1.6 5.2 0.023803 0.974147 0.00247322
1.6 5.4 0.0879325 0.900155 0.013539
1.6 5.6 0.337879 0.590933 0.0726399
1.6 5.8 0.63776 0.173888 0.187116
1.6 6 0.675828 0.045623 0.278529
1.6 6.2 0.613325 0.0146302 0.372318
1.6 6.4 0.517177 0.00543836 0.47757
1.6 6.6 0.410527 0.00213368 0.587423
1.6 6.8 0.308124 0.000842957 0.690985
1.6 7 0.219819 0.000330805 0.779711
1.6 7.2 0.149967 0.000129598 0.849809
1.6 7.4 0.0983938 5.18438e-05 0.901579
1.6 7.6 0.062362 2.22725e-05 0.937806
1.6 7.8 0.0382999 1.11761e-05 0.962029
1.6 8 0.0228398 7.05913e-06 0.977613
1.6 8.2 0.0132423 5.54823e-06 0.987246
1.6 8.4 0.00747189 5.00252e-06 0.992951
1.6 8.6 0.00410694 4.81383e-06 0.996296
1.6 8.8 0.00220213 4.75968e-06 0.998165
1.6 9 0.00115588 4.76147e-06 0.999226
1.6 9.2 0.000600574 4.79394e-06 0.999785
1.6 9.4 0.00032173 4.85873e-06 1.00006
1.6 9.6 0.000202561 4.96702e-06 1.00019
1.6 9.8 0.000147049 5.42898e-06 1.00021
1.8 0 0.000284386 4.90025e-06 0.999104
1.8 0.2 0.000359885 4.90615e-06 0.999054
1.8 0.4 0.000616402 4.8413e-06 0.998856
1.8 0.6 0.00115632 4.79525e-06 0.998356
1.8 0.8 0.00218976 4.78141e-06 0.997395
1.8 1 0.00407875 4.82527e-06 0.995596
1.8 1.2 0.00741999 5.00418e-06 0.992313
1.8 1.4 0.0131528 5.53712e-06 0.986628
1.8 1.6 0.0226919 7.02454e-06 0.977121
1.8 1.8 0.0380651 1.1086e-05 0.961758
1.8 2 0.0620041 2.20503e-05 0.937854
1.8 2.2 0.0978718 5.12678e-05 0.902013
1.8 2.4 0.149238 0.000128094 0.850587
1.8 2.6 0.218857 0.00032691 0.780827
1.8 2.8 0.306942 0.000832957 0.692333
1.8 3 0.409186 0.00210797 0.588878
1.8 3.2 0.515823 0.00536996 0.479006
1.8 3.4 0.612156 0.0144244 0.373576
1.8 3.6 0.675318 0.0448402 0.279657
1.8 3.8 0.639755 0.170359 0.188492
1.8 4 0.344119 0.582798 0.074298
1.8 4.2 0.0897982 0.897876 0.0139009
1.8 4.4 0.0242059 0.973665 0.00252872
1.8 4.6 0.00852058 0.991029 0.000644438
1.8 4.8 0.00524541 0.994629 0.000350615
1.8 5 0.00841546 0.991228 0.000634312
1.8 5.2 0.0237803 0.974244 0.00246988
1.8 5.4 0.0878328 0.90034 0.0135183
1.8 5.6 0.337561 0.591396 0.0725481
1.8 5.8 0.637675 0.174096 0.187031
1.8 6 0.675895 0.045674 0.278455
1.8 6.2 0.613441 0.0146447 0.37224
1.8 6.4 0.517309 0.00544346 0.477492
1.8 6.6 0.410654 0.00213568 0.587353
1.8 6.8 0.308234 0.000843756 0.690933
1.8 7 0.219907 0.00033112 0.779681
1.8 7.2 0.150032 0.000129718 0.849804
1.8 7.4 0.0984393 5.18874e-05 0.901594
1.8 7.6 0.0623922 2.22869e-05 0.937835
1.8 7.8 0.0383191 1.11794e-05 0.962065
1.8 8 0.0228515 7.05843e-06 0.977651
1.8 8.2 0.0132492 5.54612e-06 0.987288
1.8 8.4 0.00747589 4.99997e-06 0.993003
1.8 8.6 0.00410919 4.81118e-06 0.996362
1.8 8.8 0.00220337 4.75707e-06 0.998247
1.8 9 0.00115654 4.75892e-06 0.999326
1.8 9.2 0.00060092 4.79146e-06 0.9999
1.8 9.4 0.000321913 4.85628e-06 1.00019
1.8 9.6 0.000202673 4.96456e-06 1.00033
1.8 9.8 0.000147125 5.42632e-06 1.00036
2 0 0.000284206 4.89915e-06 0.999244
2 0.2 0.000359662 4.90503e-06 0.999189
2 0.4 0.000616025 4.84011e-06 0.998974
2 0.6 0.00115563 4.79398e-06 0.998458
2 0.8 0.0021885 4.78003e-06 0.99748
2 1 0.0040765 4.82373e-06 0.995665
2 1.2 0.00741607 5.00238e-06 0.992372
2 1.4 0.0131462 5.53477e-06 0.986683
2 1.6 0.0226811 7.02085e-06 0.977178
2 1.8 0.0380483 1.10788e-05 0.961822
2 2 0.0619789 2.20341e-05 0.937927
2 2.2 0.0978353 5.12283e-05 0.902095
2 2.4 0.149188 0.000127995 0.85068
2 2.6 0.218792 0.000326662 0.78093
2 2.8 0.306866 0.000832341 0.692445
2 3 0.409105 0.00210643 0.588991
2 3.2 0.515746 0.00536599 0.479112
2 3.4 0.612096 0.0144127 0.373666
2 3.6 0.6753 0.0447969 0.279731
2 3.8 0.639873 0.170177 0.188571
2 4 0.344452 0.582398 0.0743864
2 4.2 0.0899056 0.897779 0.0139215
2 4.4 0.0242313 0.973659 0.00253219
2 4.6 0.00852736 0.991033 0.000645103
2 4.8 0.0052462 0.994634 0.000350697
2 5 0.00841138 0.991244 0.000633942
2 5.2 0.0237635 0.974287 0.00246753
2 5.4 0.087761 0.90046 0.0135034
2 5.6 0.337334 0.591721 0.0724807
2 5.8 0.637605 0.174243 0.186963
2 6 0.675931 0.0457101 0.278391
2 6.2 0.613515 0.014655 0.372172
2 6.4 0.517398 0.00544716 0.477424
2 6.6 0.410744 0.00213715 0.587295
2 6.8 0.308313 0.000844355 0.690892
2 7 0.21997 0.00033136 0.77966
2 7.2 0.150079 0.000129812 0.849803
2 7.4 0.0984727 5.19226e-05 0.901611
2 7.6 0.0624145 2.22992e-05 0.937866
2 7.8 0.0383334 1.1183e-05 0.962103
2 8 0.0228604 7.05883e-06 0.977696
2 8.2 0.0132546 5.54537e-06 0.987342
2 8.4 0.00747905 4.99886e-06 0.993069
2 8.6 0.00411101 4.81001e-06 0.996444
2 8.8 0.00220438 4.75593e-06 0.998346
2 9 0.00115709 4.75784e-06 0.999441
2 9.2 0.000601211 4.79044e-06 1.00003
2 9.4 0.000322068 4.8553e-06 1.00033
2 9.6 0.000202768 4.96358e-06 1.00047
2 9.8 0.000147196 5.42531e-06 1.00051
2.2 0 0.000284055 4.89884e-06 0.999382
2.2 0.2 0.000359476 4.90472e-06 0.999326
2.2 0.4 0.000615721 4.83979e-06 0.999107
2.2 0.6 0.00115509 4.79362e-06 0.998581
2.2 0.8 0.00218751 4.77958e-06 0.997591
2.2 1 0.00407472 4.82316e-06 0.995764
2.2 1.2 0.00741299 5.0016e-06 0.992461
2.2 1.4 0.013141 5.53357e-06 0.986768
2.2 1.6 0.0226728 7.01861e-06 0.977264
2.2 1.8 0.0380353 1.10739e-05 0.961913
2.2 2 0.0619592 2.20222e-05 0.938023
2.2 2.2 0.0978067 5.1198e-05 0.902196
2.2 2.4 0.149148 0.000127918 0.850785
2.2 2.6 0.218741 0.000326466 0.781039
2.2 2.8 0.306805 0.000831851 0.692556
2.2 3 0.409038 0.00210521 0.5891
2.2 3.2 0.515683 0.00536282 0.47921
2.2 3.4 0.612044 0.0144034 0.373747
2.2 3.6 0.67528 0.0447629 0.279797
2.2 3.8 0.639955 0.170035 0.188637
2.2 4 0.344697 0.582077 0.0744549
2.2 4.2 0.0899841 0.897665 0.0139368
2.2 4.4 0.0242497 0.973598 0.00253458
2.2 4.6 0.00853217 0.990972 0.000645489
2.2 4.8 0.00524662 0.994573 0.000350677
2.2 5 0.00840813 0.991193 0.00063354
2.2 5.2 0.023751 0.974263 0.0024655
2.2 5.4 0.0877096 0.900506 0.0134919
2.2 5.6 0.337176 0.591929 0.0724305
2.2 5.8 0.637562 0.17434 0.186909
2.2 6 0.675967 0.0457341 0.278338
2.2 6.2 0.613581 0.014662 0.372116
2.2 6.4 0.517477 0.0054497 0.47737
2.2 6.6 0.410824 0.00213819 0.587252
2.2 6.8 0.308386 0.000844788 0.690867
2.2 7 0.220029 0.000331538 0.779658
2.2 7.2 0.150124 0.000129883 0.849823
2.2 7.4 0.0985043 5.19503e-05 0.901651
2.2 7.6 0.0624359 2.23095e-05 0.937921
2.2 7.8 0.0383473 1.11866e-05 0.96217
2.2 8 0.0228691 7.05982e-06 0.977774
2.2 8.2 0.0132599 5.54545e-06 0.987432
2.2 8.4 0.00748217 4.99866e-06 0.993173
2.2 8.6 0.0041128 4.80975e-06 0.996564
2.2 8.8 0.00220539 4.7557e-06 0.998482
2.2 9 0.00115763 4.75766e-06 0.999592
2.2 9.2 0.000601501 4.7903e-06 1.00019
2.2 9.4 0.000322225 4.85521e-06 1.00051
2.2 9.6 0.000202866 4.96351e-06 1.00065
2.2 9.8 0.000147266 5.42521e-06 1.00069
2.4 0 0.000283929 4.8989e-06 0.999504
2.4 0.2 0.00035932 4.90477e-06 0.999447
2.4 0.4 0.000615466 4.83982e-06 0.999223
2.4 0.6 0.00115463 4.79361e-06 0.998692
2.4 0.8 0.00218668 4.77951e-06 0.997694
2.4 1 0.00407324 4.823e-06 0.995859
2.4 1.2 0.00741041 5.00128e-06 0.992548
2.4 1.4 0.0131367 5.53291e-06 0.986851
2.4 1.6 0.0226658 7.01712e-06 0.977347
2.4 1.8 0.0380243 1.10703e-05 0.961997
2.4 2 0.0619424 2.20129e-05 0.93811
2.4 2.2 0.097782 5.11738e-05 0.902284
2.4 2.4 0.149113 0.000127855 0.850873
2.4 2.6 0.218694 0.000326305 0.781126
2.4 2.8 0.306745 0.000831443 0.692641
2.4 3 0.408968 0.00210418 0.589179
2.4 3.2 0.515608 0.00536015 0.47928
2.4 3.4 0.611974 0.0143957 0.373807
2.4 3.6 0.675229 0.0447353 0.279845
2.4 3.8 0.639977 0.169919 0.188685
2.4 4 0.344848 0.581793 0.074503
2.4 4.2 0.0900337 0.897497 0.0139476
2.4 4.4 0.0242612 0.973473 0.00253631
2.4 4.6 0.00853517 0.99086 0.000645781
2.4 4.8 0.00524666 0.994466 0.000350668
2.4 5 0.00840532 0.991088 0.000633242
2.4 5.2 0.0237406 0.974165 0.00246395
2.4 5.4 0.0876678 0.900452 0.0134829
2.4 5.6 0.337047 0.592017 0.0723901
2.4 5.8 0.637506 0.174394 0.186859
2.4 6 0.675971 0.0457478 0.278284
2.4 6.2 0.613612 0.0146659 0.372056
2.4 6.4 0.517524 0.00545118 0.477309
2.4 6.6 0.410878 0.00213882 0.5872
2.4 6.8 0.308438 0.000845063 0.690832
2.4 7 0.220074 0.000331656 0.779645
2.4 7.2 0.150159 0.000129932 0.849833
2.4 7.4 0.0985302 5.19699e-05 0.901683
2.4 7.6 0.0624538 2.23171e-05 0.93797
2.4 7.8 0.0383591 1.11894e-05 0.962234
2.4 8 0.0228765 7.06081e-06 0.97785
2.4 8.2 0.0132645 5.54577e-06 0.987521
2.4 8.4 0.00748489 4.99876e-06 0.993276
2.4 8.6 0.00411437 4.80981e-06 0.99668
2.4 8.8 0.00220626 4.75576e-06 0.998611
2.4 9 0.00115811 4.75775e-06 0.999732
2.4 9.2 0.000601755 4.79042e-06 1.00034
2.4 9.4 0.000322362 4.85533e-06 1.00066
2.4 9.6 0.000202952 4.96363e-06 1.00081
2.4 9.8 0.000147328 5.42536e-06 1.00086
2.6 0 0.000283822 4.89914e-06 0.999597
2.6 0.2 0.000359189 4.90501e-06 0.999541
2.6 0.4 0.000615255 4.84005e-06 0.999321
2.6 0.6 0.00115426 4.7938e-06 0.99879
2.6 0.8 0.00218601 4.77964e-06 0.99779
2.6 1 0.00407204 4.82305e-06 0.99595
2.6 1.2 0.00740834 5.00121e-06 0.992635
2.6 1.4 0.0131332 5.53257e-06 0.986934
2.6 1.6 0.0226601 7.01613e-06 0.977428
2.6 1.8 0.0380153 1.10676e-05 0.962079
2.6 2 0.0619288 2.20058e-05 0.938192
2.6 2.2 0.0977618 5.11554e-05 0.902367
2.6 2.4 0.149084 0.000127807 0.850954
2.6 2.6 0.218654 0.000326181 0.781203
2.6 2.8 0.306693 0.000831127 0.692712
2.6 3 0.408906 0.00210338 0.589243
2.6 3.2 0.515539 0.00535809 0.479337
2.6 3.4 0.611906 0.0143898 0.373854
2.6 3.6 0.675175 0.0447146 0.279885
2.6 3.8 0.639978 0.169834 0.188723
2.6 4 0.344945 0.581577 0.0745386
2.6 4.2 0.0900664 0.897355 0.0139556
2.6 4.4 0.0242689 0.973364 0.0025376
2.6 4.6 0.00853714 0.990762 0.000646007
2.6 4.8 0.0052466 0.994374 0.000350669
2.6 5 0.00840319 0.990996 0.000633035
2.6 5.2 0.023733 0.974074 0.00246285
2.6 5.4 0.0876383 0.900389 0.0134764
2.6 5.6 0.336957 0.592057 0.0723607
2.6 5.8 0.637464 0.174424 0.186819
2.6 6 0.67597 0.0457556 0.278239
2.6 6.2 0.613631 0.0146682 0.372004
2.6 6.4 0.517555 0.00545205 0.477255
2.6 6.6 0.410917 0.00213921 0.587152
2.6 6.8 0.308478 0.000845242 0.690801
2.6 7 0.22011 0.000331736 0.779636
2.6 7.2 0.150188 0.000129966 0.849847
2.6 7.4 0.098552 5.1984e-05 0.901717
2.6 7.6 0.062469 2.23227e-05 0.938021
2.6 7.8 0.0383691 1.11916e-05 0.962299
2.6 8 0.0228829 7.06168e-06 0.977928
2.6 8.2 0.0132684 5.54614e-06 0.987609
2.6 8.4 0.00748722 4.99896e-06 0.993375
2.6 8.6 0.00411571 4.80995e-06 0.996791
2.6 8.8 0.00220701 4.7559e-06 0.99873
2.6 9 0.00115851 4.75787e-06 0.999857
2.6 9.2 0.00060197 4.79053e-06 1.00047
2.6 9.4 0.000322479 4.85543e-06 1.00079
2.6 9.6 0.000203026 4.96372e-06 1.00094
2.6 9.8 0.00014738 5.42541e-06 1.00098
2.8 0 0.000283729 4.89957e-06 0.999645
2.8 0.2 0.000359074 4.90537e-06 0.99959
2.8 0.4 0.000615067 4.84031e-06 0.999371
2.8 0.6 0.00115392 4.79396e-06 0.998842
2.8 0.8 0.0021854 4.77971e-06 0.997843
2.8 1 0.00407097 4.82303e-06 0.996002
2.8 1.2 0.00740647 5.00106e-06 0.992684
2.8 1.4 0.01313 5.53219e-06 0.986981
2.8 1.6 0.0226549 7.01521e-06 0.977474
2.8 1.8 0.0380071 1.10653e-05 0.962125
2.8 2 0.0619163 2.2e-05 0.938241
2.8 2.2 0.0977434 5.11403e-05 0.902418
2.8 2.4 0.149058 0.000127769 0.851007
2.8 2.6 0.218618 0.000326084 0.781256
2.8 2.8 0.306647 0.000830885 0.692763
2.8 3 0.40885 0.00210278 0.589292
2.8 3.2 0.515478 0.00535658 0.479382
2.8 3.4 0.611847 0.0143856 0.373894
2.8 3.6 0.675128 0.0447005 0.279918
2.8 3.8 0.639971 0.169779 0.188754
2.8 4 0.34501 0.581452 0.0745652
2.8 4.2 0.0900887 0.897301 0.0139615
2.8 4.4 0.0242742 0.973339 0.00253858
2.8 4.6 0.00853855 0.990747 0.000646186
2.8 4.8 0.0052466 0.994363 0.00035068
2.8 5 0.00840182 0.990984 0.000632901
2.8 5.2 0.0237282 0.974062 0.00246211
2.8 5.4 0.0876199 0.900389 0.0134721
2.8 5.6 0.336902 0.592103 0.0723406
2.8 5.8 0.637439 0.174447 0.186789
2.8 6 0.675971 0.0457608 0.278203
2.8 6.2 0.613645 0.0146696 0.371961
2.8 6.4 0.517578 0.00545258 0.477208
2.8 6.6 0.410944 0.00213945 0.587108
2.8 6.8 0.308507 0.000845351 0.690767
2.8 7 0.220137 0.000331785 0.779617
2.8 7.2 0.15021 0.000129988 0.849845
2.8 7.4 0.0985679 5.19928e-05 0.90173
2.8 7.6 0.06248 2.23262e-05 0.938046
2.8 7.8 0.0383764 1.11929e-05 0.962333
2.8 8 0.0228876 7.06212e-06 0.977971
2.8 8.2 0.0132713 5.54626e-06 0.987662
2.8 8.4 0.00748895 4.99896e-06 0.993436
2.8 8.6 0.00411671 4.8099e-06 0.996858
2.8 8.8 0.00220757 4.75581e-06 0.998802
2.8 9 0.00115882 4.75774e-06 0.99993
2.8 9.2 0.00060213 4.79036e-06 1.00054
2.8 9.4 0.000322565 4.85521e-06 1.00086
2.8 9.6 0.00020308 4.96348e-06 1.00101
2.8 9.8 0.000147418 5.42513e-06 1.00104
3 0 0.000283647 4.90043e-06 0.99965
3 0.2 0.000358971 4.90608e-06 0.999594
3 0.4 0.000614896 4.8408e-06 0.999375
3 0.6 0.00115361 4.79423e-06 0.998846
3 0.8 0.00218484 4.77981e-06 0.997848
3 1 0.00406996 4.82298e-06 0.996006
3 1.2 0.0074047 5.00087e-06 0.992687
3 1.4 0.013127 5.53179e-06 0.986982
3 1.6 0.0226499 7.01434e-06 0.977474
3 1.8 0.0379991 1.10633e-05 0.962126
3 2 0.0619039 2.19949e-05 0.938244
3 2.2 0.0977249 5.11277e-05 0.902425
3 2.4 0.149031 0.000127737 0.851018
3 2.6 0.218582 0.000326004 0.78127
3 2.8 0.306598 0.000830687 0.69278
3 3 0.408791 0.0021023 0.589311
3 3.2 0.515412 0.00535539 0.479404
3 3.4 0.611781 0.0143825 0.373917
3 3.6 0.675073 0.0446905 0.27994
3 3.8 0.639951 0.169742 0.188777
3 4 0.345051 0.58138 0.0745851
3 4.2 0.0901047 0.897296 0.0139661
3 4.4 0.0242785 0.973367 0.00253938
3 4.6 0.00853986 0.990789 0.00064635
3 4.8 0.00524687 0.994411 0.000350709
3 5 0.0084013 0.991029 0.000632842
3 5.2 0.023726 0.9741 0.00246172
3 5.4 0.0876108 0.90042 0.0134695
3 5.6 0.336872 0.592141 0.0723275
3 5.8 0.637419 0.174461 0.186764
3 6 0.67596 0.0457633 0.278169
3 6.2 0.613642 0.0146701 0.371917
3 6.4 0.517581 0.00545277 0.477156
3 6.6 0.410953 0.00213954 0.587053
3 6.8 0.308519 0.000845399 0.690715
3 7 0.22015 0.000331809 0.779575
3 7.2 0.150221 0.000129998 0.849813
3 7.4 0.098577 5.19973e-05 0.901707
3 7.6 0.0624866 2.23278e-05 0.93803
3 7.8 0.0383809 1.11934e-05 0.962324
3 8 0.0228905 7.06219e-06 0.977969
3 8.2 0.0132731 5.54615e-06 0.987668
3 8.4 0.00749007 4.99878e-06 0.993449
3 8.6 0.00411737 4.80968e-06 0.996876
3 8.8 0.00220794 4.75554e-06 0.998821
3 9 0.00115902 4.75741e-06 0.999946
3 9.2 0.000602237 4.78996e-06 1.00055
3 9.4 0.000322622 4.85475e-06 1.00086
3 9.6 0.000203114 4.96296e-06 1.001
3 9.8 0.000147444 5.42457e-06 1.00104
3.2 0 0.000283577 4.90222e-06 0.999632
3.2 0.2 0.000358884 4.90756e-06 0.999576
3.2 0.4 0.00061475 4.84183e-06 0.999356
3.2 0.6 0.00115335 4.79487e-06 0.998828
3.2 0.8 0.00218435 4.78015e-06 0.99783
3.2 1 0.00406907 4.82309e-06 0.995988
3.2 1.2 0.00740315 5.00079e-06 0.992669
3.2 1.4 0.0131243 5.53148e-06 0.986961
3.2 1.6 0.0226454 7.01363e-06 0.97745
3.2 1.8 0.0379918 1.10616e-05 0.9621
3.2 2 0.0618923 2.19908e-05 0.938218
3.2 2.2 0.0977071 5.11172e-05 0.9024
3.2 2.4 0.149005 0.00012771 0.850995
3.2 2.6 0.218544 0.000325936 0.781251
3.2 2.8 0.306548 0.000830516 0.692766
3.2 3 0.408728 0.00210188 0.589304
3.2 3.2 0.51534 0.00535436 0.479404
3.2 3.4 0.611708 0.0143799 0.373924
3.2 3.6 0.675008 0.0446827 0.279951
3.2 3.8 0.639916 0.169715 0.188791
3.2 4 0.345068 0.581328 0.0745983
3.2 4.2 0.090113 0.897291 0.0139692
3.2 4.4 0.0242809 0.973388 0.00253994
3.2 4.6 0.00854067 0.990825 0.000646471
3.2 4.8 0.00524705 0.994452 0.000350735
3.2 5 0.00840097 0.991067 0.00063281
3.2 5.2 0.0237245 0.97413 0.00246146
3.2 5.4 0.0876049 0.90044 0.0134678
3.2 5.6 0.336851 0.592159 0.0723179
3.2 5.8 0.637394 0.174465 0.186743
3.2 6 0.675936 0.0457632 0.278135
3.2 6.2 0.61362 0.0146699 0.37187
3.2 6.4 0.517565 0.00545264 0.477097
3.2 6.6 0.410944 0.0021395 0.586985
3.2 6.8 0.308517 0.000845396 0.690646
3.2 7 0.220152 0.000331813 0.77951
3.2 7.2 0.150225 0.000130002 0.849757
3.2 7.4 0.0985812 5.19989e-05 0.901658
3.2 7.6 0.06249 2.23284e-05 0.937988
3.2 7.8 0.0383834 1.11935e-05 0.96229
3.2 8 0.0228923 7.0621e-06 0.977942
3.2 8.2 0.0132743 5.54598e-06 0.987649
3.2 8.4 0.00749081 4.99857e-06 0.993437
3.2 8.6 0.00411782 4.80943e-06 0.996867
3.2 8.8 0.0022082 4.75523e-06 0.998811
3.2 9 0.00115915 4.75704e-06 0.999933
3.2 9.2 0.000602308 4.78951e-06 1.00053
3.2 9.4 0.00032266 4.85422e-06 1.00084
3.2 9.6 0.000203138 4.96238e-06 1.00097
3.2 9.8 0.000147461 5.42392e-06 1.00101
3.4 0 0.000283524 4.90575e-06 0.999616
3.4 0.2 0.000358818 4.91037e-06 0.999562
3.4 0.4 0.000614641 4.84382e-06 0.999346
3.4 0.6 0.00115315 4.79617e-06 0.998822
3.4 0.8 0.002184 4.78095e-06 0.997829
3.4 1 0.00406845 4.82354e-06 0.995989
3.4 1.2 0.00740204 5.00099e-06 0.992668
3.4 1.4 0.0131224 5.53146e-06 0.986956
3.4 1.6 0.0226422 7.01329e-06 0.97744
3.4 1.8 0.0379864 1.10606e-05 0.962085
3.4 2 0.0618837 2.19882e-05 0.9382
3.4 2.2 0.0976938 5.11104e-05 0.90238
3.4 2.4 0.148985 0.000127692 0.850976
3.4 2.6 0.218515 0.000325891 0.781234
3.4 2.8 0.30651 0.000830403 0.692755
3.4 3 0.40868 0.0021016 0.589301
3.4 3.2 0.515288 0.00535368 0.479409
3.4 3.4 0.611655 0.0143781 0.373935
3.4 3.6 0.67496 0.0446772 0.279964
3.4 3.8 0.639882 0.169696 0.188802
3.4 4 0.345066 0.58128 0.0746066
3.4 4.2 0.0901143 0.897254 0.0139711
3.4 4.4 0.0242813 0.973365 0.00254027
3.4 4.6 0.00854081 0.990812 0.000646543
3.4 4.8 0.00524696 0.994445 0.000350748
3.4 5 0.00840047 0.991058 0.000632777
3.4 5.2 0.0237229 0.974115 0.00246124
3.4 5.4 0.0875993 0.900424 0.0134664
3.4 5.6 0.336834 0.592153 0.0723108
3.4 5.8 0.637377 0.174463 0.186727
3.4 6 0.675923 0.0457624 0.278112
3.4 6.2 0.61361 0.0146695 0.371837
3.4 6.4 0.517557 0.00545253 0.477053
3.4 6.6 0.41094 0.00213947 0.586934
3.4 6.8 0.308517 0.000845395 0.690592
3.4 7 0.220155 0.000331816 0.779458
3.4 7.2 0.150229 0.000130004 0.84971
3.4 7.4 0.098585 5.20003e-05 0.901618
3.4 7.6 0.0624931 2.2329e-05 0.937956
3.4 7.8 0.0383857 1.11937e-05 0.962265
3.4 8 0.0228939 7.06211e-06 0.977925
3.4 8.2 0.0132753 5.54592e-06 0.98764
3.4 8.4 0.00749148 4.99848e-06 0.993434
3.4 8.6 0.00411821 4.80931e-06 0.996868
3.4 8.8 0.00220842 4.75505e-06 0.998811
3.4 9 0.00115927 4.75679e-06 0.999929
3.4 9.2 0.000602372 4.78919e-06 1.00052
3.4 9.4 0.000322693 4.85383e-06 1.00082
3.4 9.6 0.000203158 4.96193e-06 1.00095
3.4 9.8 0.000147475 5.4234e-06 1.00098
3.6 0 0.000283482 4.91226e-06 0.999596
3.6 0.2 0.000358765 4.91506e-06 0.999541
3.6 0.4 0.000614552 4.84691e-06 0.999327
3.6 0.6 0.00115299 4.79811e-06 0.998807
3.6 0.8 0.00218371 4.78212e-06 0.997818
3.6 1 0.00406794 4.82422e-06 0.99598
3.6 1.2 0.00740113 5.00133e-06 0.992657
3.6 1.4 0.0131208 5.53154e-06 0.986939
3.6 1.6 0.0226394 7.01309e-06 0.977417
3.6 1.8 0.0379819 1.106e-05 0.962057
3.6 2 0.0618764 2.19863e-05 0.93817
3.6 2.2 0.0976828 5.11057e-05 0.902353
3.6 2.4 0.148969 0.000127681 0.850953
3.6 2.6 0.218494 0.000325863 0.78122
3.6 2.8 0.306483 0.00083034 0.692751
3.6 3 0.408651 0.00210146 0.589308
3.6 3.2 0.515257 0.00535334 0.479424
3.6 3.4 0.611624 0.0143771 0.373953
3.6 3.6 0.674927 0.0446737 0.279977
3.6 3.8 0.63985 0.16968 0.188811
3.6 4 0.345053 0.581225 0.074611
3.6 4.2 0.0901105 0.897181 0.0139719
3.6 4.4 0.02428 0.97329 0.00254039
3.6 4.6 0.00854032 0.990739 0.000646563
3.6 4.8 0.00524654 0.994373 0.000350742
3.6 5 0.00839965 0.990988 0.000632728
3.6 5.2 0.0237209 0.974051 0.00246101
3.6 5.4 0.0875933 0.90037 0.0134651
3.6 5.6 0.336818 0.592122 0.0723047
3.6 5.8 0.637364 0.174457 0.186715
3.6 6 0.67592 0.0457615 0.278096
3.6 6.2 0.613613 0.0146694 0.371818
3.6 6.4 0.517562 0.00545255 0.477029
3.6 6.6 0.410945 0.0021395 0.586902
3.6 6.8 0.308521 0.000845406 0.690554
3.6 7 0.220158 0.000331821 0.779415
3.6 7.2 0.150232 0.000130006 0.849665
3.6 7.4 0.0985874 5.20011e-05 0.901573
3.6 7.6 0.062495 2.23293e-05 0.937913
3.6 7.8 0.0383871 1.11937e-05 0.962225
3.6 8 0.0228948 7.06203e-06 0.97789
3.6 8.2 0.013276 5.54583e-06 0.98761
3.6 8.4 0.0074919 4.99839e-06 0.99341
3.6 8.6 0.00411847 4.80917e-06 0.996847
3.6 8.8 0.00220856 4.75486e-06 0.998791
3.6 9 0.00115935 4.75653e-06 0.999905
3.6 9.2 0.000602411 4.78886e-06 1.00049
3.6 9.4 0.000322713 4.85342e-06 1.00078
3.6 9.6 0.00020317 4.96146e-06 1.00091
3.6 9.8 0.000147484 5.42289e-06 1.00094
3.8 0 0.000283447 4.92407e-06 0.999567
3.8 0.2 0.00035872 4.92218e-06 0.999514
3.8 0.4 0.00061448 4.85121e-06 0.999304
3.8 0.6 0.00115286 4.80066e-06 0.998788
3.8 0.8 0.00218347 4.78359e-06 0.9978
3.8 1 0.00406751 4.82503e-06 0.995962
3.8 1.2 0.00740037 5.00172e-06 0.992633
3.8 1.4 0.0131195 5.53162e-06 0.986909
3.8 1.6 0.0226371 7.01289e-06 0.97738
3.8 1.8 0.0379781 1.10593e-05 0.962018
3.8 2 0.0618706 2.19846e-05 0.938132
3.8 2.2 0.0976744 5.11015e-05 0.902323
3.8 2.4 0.148958 0.000127671 0.850932
3.8 2.6 0.218481 0.000325843 0.781213
3.8 2.8 0.30647 0.000830302 0.692758
3.8 3 0.40864 0.00210141 0.589327
3.8 3.2 0.51525 0.00535331 0.479451
3.8 3.4 0.611619 0.0143773 0.373982
3.8 3.6 0.674919 0.0446746 0.279997
3.8 3.8 0.63984 0.169683 0.188823
3.8 4 0.345046 0.581233 0.074615
3.8 4.2 0.0901086 0.897181 0.0139726
3.8 4.4 0.0242796 0.973276 0.00254054
3.8 4.6 0.00854015 0.990713 0.000646605
3.8 4.8 0.00524635 0.994342 0.000350755
3.8 5 0.00839932 0.990966 0.00063272
3.8 5.2 0.0237203 0.974049 0.00246092
3.8 5.4 0.087592 0.900393 0.0134645
3.8 5.6 0.336817 0.592146 0.0723016
3.8 5.8 0.637372 0.174466 0.18671
3.8 6 0.675938 0.0457638 0.278091
3.8 6.2 0.613636 0.0146701 0.371814
3.8 6.4 0.517584 0.00545276 0.477024
3.8 6.6 0.410962 0.00213955 0.586893
3.8 6.8 0.308532 0.000845421 0.690536
3.8 7 0.220165 0.000331824 0.779388
3.8 7.2 0.150236 0.000130006 0.849628
3.8 7.4 0.0985894 5.20007e-05 0.901528
3.8 7.6 0.0624961 2.23289e-05 0.937863
3.8 7.8 0.0383878 1.11935e-05 0.962172
3.8 8 0.0228953 7.06181e-06 0.977837
3.8 8.2 0.0132763 5.54565e-06 0.98756
3.8 8.4 0.00749211 4.99827e-06 0.993363
3.8 8.6 0.0041186 4.809e-06 0.996802
3.8 8.8 0.00220864 4.75465e-06 0.998748
3.8 9 0.00115939 4.75627e-06 0.999861
3.8 9.2 0.000602431 4.78853e-06 1.00045
3.8 9.4 0.000322723 4.85304e-06 1.00073
3.8 9.6 0.000203176 4.96105e-06 1.00085
3.8 9.8 0.000147488 5.42242e-06 1.00088
4 0 0.000283409 4.94353e-06 0.999544
4 0.2 0.000358684 4.93149e-06 0.999498
4 0.4 0.000614428 4.85645e-06 0.999295
4 0.6 0.00115277 4.80371e-06 0.998782
4 0.8 0.00218332 4.78539e-06 0.997795
4 1 0.00406723 4.82608e-06 0.995946
4 1.2 0.00739986 5.0023e-06 0.992615
4 1.4 0.0131186 5.53189e-06 0.98688
4 1.6 0.0226356 7.01291e-06 0.977349
4 1.8 0.0379756 1.10591e-05 0.961981
4 2 0.0618669 2.19836e-05 0.9381
4 2.2 0.0976692 5.10995e-05 0.902287
4 2.4 0.148951 0.000127667 0.850911
4 2.6 0.218473 0.000325836 0.781202
4 2.8 0.306466 0.000830298 0.692768
4 3 0.408643 0.00210143 0.589353
4 3.2 0.515259 0.00535348 0.479483
4 3.4 0.611632 0.0143779 0.374017
4 3.6 0.674932 0.0446769 0.28002
4 3.8 0.639848 0.169691 0.188836
4 4 0.345043 0.581245 0.0746186
4 4.2 0.0901073 0.897172 0.0139733
4 4.4 0.0242794 0.973253 0.00254073
4 4.6 0.00854007 0.99068 0.000646668
4 4.8 0.00524623 0.994305 0.000350786
4 5 0.00839906 0.990936 0.000632746
4 5.2 0.02372 0.974038 0.00246093
4 5.4 0.0875926 0.900409 0.0134642
4 5.6 0.336823 0.592166 0.0722999
4 5.8 0.637398 0.174475 0.186708
4 6 0.675971 0.0457667 0.278094
4 6.2 0.613671 0.014671 0.37182
4 6.4 0.517616 0.00545307 0.477032
4 6.6 0.410987 0.00213965 0.586899
4 6.8 0.308549 0.00084545 0.690537
4 7 0.220176 0.000331832 0.779379
4 7.2 0.150242 0.000130008 0.849608
4 7.4 0.0985926 5.2001e-05 0.901498
4 7.6 0.0624978 2.23288e-05 0.937825
4 7.8 0.0383886 1.11933e-05 0.962128
4 8 0.0228958 7.06169e-06 0.97779
4 8.2 0.0132766 5.54559e-06 0.98751
4 8.4 0.00749229 4.99828e-06 0.993305
4 8.6 0.0041187 4.80896e-06 0.996744
4 8.8 0.0022087 4.75459e-06 0.998696
4 9 0.00115943 4.75618e-06 0.99982
4 9.2 0.000602449 4.78841e-06 1.00041
4 9.4 0.000322732 4.85288e-06 1.00068
4 9.6 0.000203181 4.96086e-06 1.00079
4 9.8 0.000147492 5.42221e-06 1.00081
4.2 0 0.000283377 4.96161e-06 0.999563
4.2 0.2 0.000358655 4.94052e-06 0.99949
4.2 0.4 0.000614398 4.86165e-06 0.9993
4.2 0.6 0.00115272 4.8068e-06 0.998787
4.2 0.8 0.00218323 4.78728e-06 0.997797
4.2 1 0.00406708 4.82723e-06 0.995927
4.2 1.2 0.00739958 5.00299e-06 0.992599
4.2 1.4 0.0131181 5.5323e-06 0.986846
4.2 1.6 0.0226347 7.01309e-06 0.97732
4.2 1.8 0.037974 1.1059e-05 0.961936
4.2 2 0.0618645 2.19831e-05 0.938063
4.2 2.2 0.0976654 5.10982e-05 0.902228
4.2 2.4 0.148945 0.000127663 0.850867
4.2 2.6 0.218461 0.000325829 0.781158
4.2 2.8 0.306459 0.000830288 0.692747
4.2 3 0.408638 0.00210143 0.589354
4.2 3.2 0.515255 0.00535353 0.479492
4.2 3.4 0.611628 0.0143782 0.374027
4.2 3.6 0.674929 0.044678 0.280028
4.2 3.8 0.639846 0.169696 0.188842
4.2 4 0.345039 0.581255 0.0746197
4.2 4.2 0.0901066 0.897171 0.0139734
4.2 4.4 0.0242794 0.973242 0.00254071
4.2 4.6 0.00854006 0.990661 0.000646655
4.2 4.8 0.00524614 0.994282 0.000350771
4.2 5 0.00839881 0.990919 0.000632708
4.2 5.2 0.0237198 0.974036 0.00246079
4.2 5.4 0.087594 0.900417 0.0134636
4.2 5.6 0.336829 0.592177 0.0722971
4.2 5.8 0.637411 0.174477 0.186699
4.2 6 0.675984 0.0457676 0.278086
4.2 6.2 0.613684 0.0146713 0.371812
4.2 6.4 0.51763 0.00545318 0.477024
4.2 6.6 0.410999 0.00213969 0.586888
4.2 6.8 0.308559 0.000845458 0.690522
4.2 7 0.220183 0.000331835 0.779359
4.2 7.2 0.150246 0.000130009 0.849581
4.2 7.4 0.0985952 5.20009e-05 0.901465
4.2 7.6 0.0624994 2.23288e-05 0.937787
4.2 7.8 0.0383895 1.11932e-05 0.962086
4.2 8 0.0228963 7.06168e-06 0.977745
4.2 8.2 0.0132769 5.54562e-06 0.987459
4.2 8.4 0.00749248 4.99835e-06 0.993236
4.2 8.6 0.00411881 4.80904e-06 0.996675
4.2 8.8 0.00220876 4.75468e-06 0.998638
4.2 9 0.00115946 4.75628e-06 0.999784
4.2 9.2 0.000602467 4.78851e-06 1.00038
4.2 9.4 0.000322742 4.85297e-06 1.00063
4.2 9.6 0.000203188 4.96095e-06 1.00075
4.2 9.8 0.000147496 5.42229e-06 1.00074
4.4 0 0.000283356 4.97191e-06 0.999575
4.4 0.2 0.000358632 4.94704e-06 0.999485
4.4 0.4 0.00061437 4.86575e-06 0.9993
4.4 0.6 0.00115267 4.80936e-06 0.998783
4.4 0.8 0.00218314 4.78889e-06 0.997787
4.4 1 0.0040669 4.82824e-06 0.995901
4.4 1.2 0.00739925 5.0036e-06 0.992568
4.4 1.4 0.0131175 5.53264e-06 0.986802
4.4 1.6 0.0226336 7.0132e-06 0.977273
4.4 1.8 0.0379721 1.10588e-05 0.961878
4.4 2 0.0618611 2.19823e-05 0.938005
4.4 2.2 0.0976599 5.10958e-05 0.902158
4.4 2.4 0.148936 0.000127657 0.850805
4.4 2.6 0.218447 0.000325815 0.781101
4.4 2.8 0.306445 0.000830258 0.692708
4.4 3 0.408623 0.00210138 0.589333
4.4 3.2 0.515241 0.00535346 0.479483
4.4 3.4 0.611618 0.0143782 0.374026
4.4 3.6 0.674926 0.0446788 0.280031
4.4 3.8 0.63985 0.1697 0.188846
4.4 4 0.34504 0.581267 0.0746217
4.4 4.2 0.0901072 0.897178 0.0139739
4.4 4.4 0.0242796 0.973243 0.00254085
4.4 4.6 0.00854014 0.990658 0.000646706
4.4 4.8 0.00524614 0.994277 0.000350799
4.4 5 0.00839878 0.990919 0.00063274
4.4 5.2 0.0237202 0.974041 0.00246085
4.4 5.4 0.0875967 0.900427 0.0134637
4.4 5.6 0.33684 0.592187 0.0722964
4.4 5.8 0.637427 0.174479 0.186694
4.4 6 0.675992 0.045768 0.278078
4.4 6.2 0.613685 0.0146713 0.371798
4.4 6.4 0.517629 0.00545313 0.477002
4.4 6.6 0.410997 0.00213965 0.586859
4.4 6.8 0.308557 0.000845435 0.690484
4.4 7 0.220181 0.000331825 0.779313
4.4 7.2 0.150245 0.000130005 0.849528
4.4 7.4 0.0985944 5.19992e-05 0.901406
4.4 7.6 0.0624989 2.23281e-05 0.937725
4.4 7.8 0.0383893 1.11929e-05 0.962021
4.4 8 0.0228962 7.06158e-06 0.977679
4.4 8.2 0.0132769 5.54561e-06 0.98739
4.4 8.4 0.00749245 4.99841e-06 0.993159
4.4 8.6 0.0041188 4.80916e-06 0.996602
4.4 8.8 0.00220877 4.75484e-06 0.998575
4.4 9 0.00115946 4.75647e-06 0.99974
4.4 9.2 0.000602471 4.78873e-06 1.00034
4.4 9.4 0.000322745 4.85321e-06 1.00059
4.4 9.6 0.00020319 4.9612e-06 1.00071
4.4 9.8 0.000147498 5.42254e-06 1.00068
4.6 0 0.00028334 4.97695e-06 0.999564
4.6 0.2 0.000358613 4.95077e-06 0.999469
4.6 0.4 0.000614339 4.86834e-06 0.999279
4.6 0.6 0.00115261 4.8111e-06 0.998754
4.6 0.8 0.00218302 4.79003e-06 0.997748
4.6 1 0.00406665 4.82896e-06 0.995848
4.6 1.2 0.00739876 5.00402e-06 0.992503
4.6 1.4 0.0131166 5.53283e-06 0.986727
4.6 1.6 0.022632 7.01314e-06 0.977193
4.6 1.8 0.0379693 1.10583e-05 0.961791
4.6 2 0.0618564 2.19809e-05 0.937916
4.6 2.2 0.0976523 5.10921e-05 0.902066
4.6 2.4 0.148925 0.000127648 0.85072
4.6 2.6 0.218431 0.000325792 0.781027
4.6 2.8 0.306427 0.000830208 0.692652
4.6 3 0.408604 0.00210128 0.589297
4.6 3.2 0.515225 0.00535328 0.479463
4.6 3.4 0.611609 0.014378 0.374017
4.6 3.6 0.674928 0.0446791 0.280031
4.6 3.8 0.63986 0.169703 0.188849
4.6 4 0.345048 0.581273 0.0746229
4.6 4.2 0.0901087 0.897178 0.0139739
4.6 4.4 0.0242799 0.973237 0.00254079
4.6 4.6 0.00854025 0.990649 0.000646673
4.6 4.8 0.00524618 0.994268 0.000350775
4.6 5 0.00839888 0.990911 0.000632698
4.6 5.2 0.0237207 0.974037 0.00246075
4.6 5.4 0.0876 0.900428 0.0134635
4.6 5.6 0.336855 0.59219 0.0722962
4.6 5.8 0.637447 0.17448 0.186691
4.6 6 0.676003 0.0457679 0.27807
4.6 6.2 0.613684 0.0146711 0.371781
4.6 6.4 0.517621 0.00545294 0.476973
4.6 6.6 0.410986 0.00213955 0.586815
4.6 6.8 0.308546 0.000845387 0.690425
4.6 7 0.220172 0.000331804 0.77924
4.6 7.2 0.150239 0.000129996 0.849443
4.6 7.4 0.09859 5.19957e-05 0.901313
4.6 7.6 0.0624961 2.23267e-05 0.937628
4.6 7.8 0.0383876 1.11924e-05 0.961922
4.6 8 0.0228952 7.06134e-06 0.977581
4.6 8.2 0.0132763 5.54554e-06 0.987293
4.6 8.4 0.00749218 4.99845e-06 0.993064
4.6 8.6 0.00411867 4.80928e-06 0.996514
4.6 8.8 0.0022087 4.75503e-06 0.998499
4.6 9 0.00115944 4.75672e-06 0.999678
4.6 9.2 0.000602459 4.78903e-06 1.00029
4.6 9.4 0.000322739 4.85355e-06 1.00054
4.6 9.6 0.000203187 4.96158e-06 1.00067
4.6 9.8 0.000147497 5.42287e-06 1.00063
4.8 0 0.000283328 4.97851e-06 0.999546
4.8 0.2 0.000358598 4.952e-06 0.999449
4.8 0.4 0.000614312 4.86924e-06 0.999257
4.8 0.6 0.00115255 4.8117e-06 0.998725
4.8 0.8 0.0021829 4.79038e-06 0.997707
4.8 1 0.0040664 4.82911e-06 0.995793
4.8 1.2 0.00739826 5.004e-06 0.992437
4.8 1.4 0.0131157 5.53266e-06 0.986653
4.8 1.6 0.0226304 7.01277e-06 0.977113
4.8 1.8 0.0379666 1.10576e-05 0.961707
4.8 2 0.061852 2.19792e-05 0.93783
4.8 2.2 0.0976453 5.10881e-05 0.90198
4.8 2.4 0.148915 0.000127638 0.85064
4.8 2.6 0.218418 0.00032577 0.78096
4.8 2.8 0.306413 0.00083016 0.692603
4.8 3 0.408591 0.00210118 0.589265
4.8 3.2 0.515216 0.0053531 0.479444
4.8 3.4 0.611606 0.0143777 0.374009
4.8 3.6 0.674934 0.0446787 0.280028
4.8 3.8 0.639873 0.169703 0.18885
4.8 4 0.345063 0.581277 0.0746253
4.8 4.2 0.090113 0.897185 0.0139746
4.8 4.4 0.0242809 0.973238 0.00254096
4.8 4.6 0.00854057 0.990646 0.000646727
4.8 4.8 0.00524638 0.994263 0.000350808
4.8 5 0.00839924 0.990909 0.000632746
4.8 5.2 0.023722 0.97404 0.00246089
4.8 5.4 0.0876057 0.900437 0.0134641
4.8 5.6 0.336875 0.592192 0.0722979
4.8 5.8 0.637466 0.174478 0.186689
4.8 6 0.676014 0.0457672 0.278063
4.8 6.2 0.613688 0.0146707 0.371767
4.8 6.4 0.517618 0.00545275 0.476949
4.8 6.6 0.410979 0.00213945 0.586777
4.8 6.8 0.308537 0.000845337 0.69037
4.8 7 0.220163 0.000331781 0.779169
4.8 7.2 0.150232 0.000129986 0.84936
4.8 7.4 0.0985849 5.19917e-05 0.901221
4.8 7.6 0.0624928 2.23249e-05 0.937532
4.8 7.8 0.0383856 1.11916e-05 0.961826
4.8 8 0.0228941 7.06089e-06 0.977486
4.8 8.2 0.0132757 5.54526e-06 0.987201
4.8 8.4 0.00749183 4.99827e-06 0.992977
4.8 8.6 0.00411849 4.80919e-06 0.996435
4.8 8.8 0.00220862 4.75503e-06 0.998432
4.8 9 0.0011594 4.7568e-06 0.999624
4.8 9.2 0.000602443 4.78918e-06 1.00024
4.8 9.4 0.000322731 4.85376e-06 1.0005
4.8 9.6 0.000203183 4.96184e-06 1.00062
4.8 9.8 0.000147494 5.42309e-06 1.00059
5 0 0.000283321 4.97704e-06 0.999519
5 0.2 0.000358587 4.95083e-06 0.999421
5 0.4 0.000614284 4.8683e-06 0.999223
5 0.6 0.00115249 4.81094e-06 0.998682
5 0.8 0.00218276 4.78973e-06 0.997654
5 1 0.00406613 4.82849e-06 0.995731
5 1.2 0.00739778 5.00338e-06 0.992368
5 1.4 0.0131148 5.53199e-06 0.986581
5 1.6 0.0226291 7.012e-06 0.977041
5 1.8 0.0379645 1.10565e-05 0.961634
5 2 0.0618488 2.19773e-05 0.937756
5 2.2 0.0976408 5.10843e-05 0.901909
5 2.4 0.148909 0.00012763 0.850578
5 2.6 0.218413 0.000325754 0.780913
5 2.8 0.306412 0.000830132 0.692572
5 3 0.408597 0.00210114 0.58925
5 3.2 0.515232 0.00535308 0.479442
5 3.4 0.611634 0.0143777 0.374012
5 3.6 0.674973 0.0446785 0.280034
5 3.8 0.639918 0.169701 0.188855
5 4 0.345098 0.581284 0.07463
5 4.2 0.0901227 0.897219 0.0139758
5 4.4 0.0242833 0.973275 0.0025412
5 4.6 0.00854131 0.99068 0.000646806
5 4.8 0.00524684 0.994296 0.000350857
5 5 0.00840004 0.990944 0.000632823
5 5.2 0.0237245 0.974079 0.00246113
5 5.4 0.0876163 0.900472 0.0134652
5 5.6 0.336914 0.592197 0.0723024
5 5.8 0.637516 0.174475 0.186693
5 6 0.676058 0.0457667 0.278066
5 6.2 0.613721 0.0146706 0.371768
5 6.4 0.517639 0.0054527 0.476944
5 6.6 0.410988 0.0021394 0.586759
5 6.8 0.308539 0.000845308 0.690336
5 7 0.220161 0.000331765 0.779118
5 7.2 0.150228 0.000129978 0.849293
5 7.4 0.0985814 5.19878e-05 0.901144
5 7.6 0.0624903 2.2323e-05 0.937451
5 7.8 0.038384 1.11904e-05 0.961745
5 8 0.0228931 7.06011e-06 0.977406
5 8.2 0.0132751 5.54462e-06 0.987123
5 8.4 0.00749147 4.99772e-06 0.992902
5 8.6 0.00411829 4.80871e-06 0.996365
5 8.8 0.00220852 4.75463e-06 0.998369
5 9 0.00115935 4.75648e-06 0.999569
5 9.2 0.000602419 4.78893e-06 1.00019
5 9.4 0.000322719 4.85354e-06 1.00046
5 9.6 0.000203176 4.96161e-06 1.00058
5 9.8 0.00014749 5.423e-06 1.00055
5.2 0 0.000283313 4.97189e-06 0.999451
5.2 0.2 0.000358571 4.94703e-06 0.999354
5.2 0.4 0.000614227 4.86564e-06 0.999145
5.2 0.6 0.00115236 4.80907e-06 0.998593
5.2 0.8 0.00218251 4.78834e-06 0.997556
5.2 1 0.00406567 4.8274e-06 0.99563
5.2 1.2 0.00739698 5.00244e-06 0.992266
5.2 1.4 0.0131135 5.5311e-06 0.986481
5.2 1.6 0.0226269 7.01102e-06 0.97694
5.2 1.8 0.0379612 1.10552e-05 0.961536
5.2 2 0.0618439 2.1975e-05 0.937658
5.2 2.2 0.0976342 5.10796e-05 0.901821
5.2 2.4 0.148902 0.00012762 0.8505
5.2 2.6 0.218407 0.000325734 0.780852
5.2 2.8 0.306407 0.000830094 0.692528
5.2 3 0.408597 0.00210108 0.58922
5.2 3.2 0.515242 0.00535297 0.479424
5.2 3.4 0.611654 0.0143775 0.374003
5.2 3.6 0.675002 0.0446774 0.280029
5.2 3.8 0.639959 0.169696 0.188854
5.2 4 0.345142 0.581286 0.0746341
5.2 4.2 0.0901364 0.897265 0.0139771
5.2 4.4 0.0242868 0.973333 0.0025415
5.2 4.6 0.00854246 0.990736 0.000646886
5.2 4.8 0.00524756 0.994351 0.0003509
5.2 5 0.00840127 0.991 0.000632905
5.2 5.2 0.0237282 0.974137 0.00246145
5.2 5.4 0.0876302 0.900518 0.0134667
5.2 5.6 0.336958 0.592199 0.072307
5.2 5.8 0.637557 0.174469 0.186693
5.2 6 0.676089 0.0457653 0.278061
5.2 6.2 0.613743 0.0146703 0.371759
5.2 6.4 0.517651 0.00545256 0.476926
5.2 6.6 0.410991 0.00213933 0.586729
5.2 6.8 0.308535 0.000845266 0.690288
5.2 7 0.220154 0.000331743 0.77905
5.2 7.2 0.15022 0.000129968 0.849207
5.2 7.4 0.0985751 5.1983e-05 0.901047
5.2 7.6 0.0624858 2.23207e-05 0.937349
5.2 7.8 0.0383809 1.11892e-05 0.961641
5.2 8 0.0228911 7.05921e-06 0.977302
5.2 8.2 0.0132739 5.54387e-06 0.98702
5.2 8.4 0.00749075 4.99704e-06 0.992803
5.2 8.6 0.00411788 4.80809e-06 0.996269
5.2 8.8 0.00220829 4.75408e-06 0.998275
5.2 9 0.00115923 4.756e-06 0.999475
5.2 9.2 0.000602356 4.7885e-06 1.0001
5.2 9.4 0.000322684 4.85316e-06 1.00038
5.2 9.6 0.000203151 4.96126e-06 1.0005
5.2 9.8 0.000147479 5.42267e-06 1.00048
5.4 0 0.000283314 4.96128e-06 0.999347
5.4 0.2 0.000358571 4.94026e-06 0.999265
5.4 0.4 0.000614239 4.86133e-06 0.999046
5.4 0.6 0.0011524 4.80626e-06 0.998489
5.4 0.8 0.00218257 4.78641e-06 0.997447
5.4 1 0.00406579 4.82599e-06 0.995528
5.4 1.2 0.00739722 5.00132e-06 0.992161
5.4 1.4 0.013114 5.5301e-06 0.986383
5.4 1.6 0.0226278 7.00996e-06 0.97684
5.4 1.8 0.0379626 1.10538e-05 0.961442
5.4 2 0.0618462 2.19725e-05 0.937562
5.4 2.2 0.097638 5.10743e-05 0.90174
5.4 2.4 0.148908 0.000127608 0.850424
5.4 2.6 0.218419 0.000325706 0.780792
5.4 2.8 0.306421 0.000830031 0.692473
5.4 3 0.408616 0.00210093 0.589172
5.4 3.2 0.515267 0.00535263 0.479386
5.4 3.4 0.611684 0.0143765 0.373976
5.4 3.6 0.675036 0.0446739 0.28001
5.4 3.8 0.640001 0.169682 0.188845
5.4 4 0.345187 0.581263 0.0746357
5.4 4.2 0.09015 0.897281 0.0139773
5.4 4.4 0.02429 0.97336 0.00254132
5.4 4.6 0.00854348 0.990761 0.000646761
5.4 4.8 0.00524823 0.994374 0.000350811
5.4 5 0.00840246 0.991024 0.000632791
5.4 5.2 0.0237317 0.974161 0.00246131
5.4 5.4 0.0876436 0.900533 0.0134671
5.4 5.6 0.337003 0.592173 0.0723098
5.4 5.8 0.637598 0.174455 0.186689
5.4 6 0.676123 0.0457616 0.278046
5.4 6.2 0.613774 0.0146692 0.371735
5.4 6.4 0.517676 0.00545218 0.476892
5.4 6.6 0.41101 0.00213917 0.586682
5.4 6.8 0.308548 0.0008452 0.690227
5.4 7 0.220162 0.000331714 0.778974
5.4 7.2 0.150226 0.000129955 0.849119
5.4 7.4 0.0985788 5.19776e-05 0.900951
5.4 7.6 0.0624882 2.23182e-05 0.937251
5.4 7.8 0.0383826 1.11878e-05 0.961544
5.4 8 0.0228921 7.0583e-06 0.977206
5.4 8.2 0.0132745 5.54312e-06 0.986929
5.4 8.4 0.00749107 4.99635e-06 0.992722
5.4 8.6 0.00411805 4.80745e-06 0.996191
5.4 8.8 0.00220838 4.75349e-06 0.998195
5.4 9 0.00115928 4.75546e-06 0.999386
5.4 9.2 0.000602382 4.78802e-06 1.00002
5.4 9.4 0.0003227 4.85273e-06 1.00031
5.4 9.6 0.000203164 4.96086e-06 1.00044
5.4 9.8 0.000147482 5.42226e-06 1.00044
5.6 0 0.00028333 4.94287e-06 0.999238
5.6 0.2 0.000358584 4.93094e-06 0.999184
5.6 0.4 0.000614253 4.85588e-06 0.998954
5.6 0.6 0.00115243 4.80293e-06 0.998397
5.6 0.8 0.00218265 4.78425e-06 0.997354
5.6 1 0.00406595 4.82451e-06 0.995452
5.6 1.2 0.00739756 5.00024e-06 0.992079
5.6 1.4 0.0131146 5.5292e-06 0.986317
5.6 1.6 0.0226291 7.00908e-06 0.976767
5.6 1.8 0.037965 1.10526e-05 0.961383
5.6 2 0.0618503 2.19706e-05 0.937496
5.6 2.2 0.0976451 5.10703e-05 0.901702
5.6 2.4 0.148921 0.0001276 0.850383
5.6 2.6 0.218442 0.000325688 0.780768
5.6 2.8 0.306447 0.00082999 0.692444
5.6 3 0.40865 0.00210084 0.589136
5.6 3.2 0.515307 0.00535237 0.479354
5.6 3.4 0.611732 0.0143757 0.373949
5.6 3.6 0.675091 0.0446706 0.279991
5.6 3.8 0.640064 0.169668 0.188837
5.6 4 0.345249 0.581235 0.0746389
5.6 4.2 0.0901677 0.897297 0.0139783
5.6 4.4 0.0242942 0.973387 0.00254141
5.6 4.6 0.00854481 0.990785 0.000646745
5.6 4.8 0.00524909 0.994398 0.000350791
5.6 5 0.00840404 0.991047 0.000632784
5.6 5.2 0.0237363 0.97418 0.00246143
5.6 5.4 0.0876605 0.90054 0.0134682
5.6 5.6 0.337062 0.592142 0.0723145
5.6 5.8 0.637658 0.174441 0.186687
5.6 6 0.676176 0.045758 0.278033
5.6 6.2 0.613821 0.0146683 0.371715
5.6 6.4 0.517715 0.00545188 0.476865
5.6 6.6 0.411042 0.00213906 0.586647
5.6 6.8 0.308571 0.000845155 0.690182
5.6 7 0.220178 0.000331693 0.778919
5.6 7.2 0.150236 0.000129946 0.849056
5.6 7.4 0.0985855 5.19736e-05 0.900885
5.6 7.6 0.0624924 2.23164e-05 0.937181
5.6 7.8 0.0383851 1.11869e-05 0.961475
5.6 8 0.0228936 7.05762e-06 0.977137
5.6 8.2 0.0132752 5.54253e-06 0.986862
5.6 8.4 0.00749147 4.99579e-06 0.992673
5.6 8.6 0.00411826 4.80693e-06 0.996144
5.6 8.8 0.00220849 4.75301e-06 0.99814
5.6 9 0.00115933 4.75503e-06 0.999313
5.6 9.2 0.000602408 4.78764e-06 0.999946
5.6 9.4 0.000322715 4.85239e-06 1.00025
5.6 9.6 0.000203173 4.96054e-06 1.00039
5.6 9.8 0.000147486 5.42193e-06 1.00042
5.8 0 0.000283355 4.92313e-06 0.999169
5.8 0.2 0.000358605 4.92137e-06 0.99911
5.8 0.4 0.000614289 4.85039e-06 0.998876
5.8 0.6 0.00115251 4.79966e-06 0.99832
5.8 0.8 0.0021828 4.78225e-06 0.997279
5.8 1 0.00406627 4.82325e-06 0.99539
5.8 1.2 0.0073982 4.99943e-06 0.99202
5.8 1.4 0.0131159 5.52864e-06 0.986269
5.8 1.6 0.0226313 7.0086e-06 0.976717
5.8 1.8 0.0379688 1.1052e-05 0.961337
5.8 2 0.0618564 2.19696e-05 0.937442
5.8 2.2 0.0976547 5.1068e-05 0.901656
5.8 2.4 0.148936 0.000127594 0.850333
5.8 2.6 0.218466 0.000325675 0.780723
5.8 2.8 0.306475 0.000829956 0.692396
5.8 3 0.408683 0.00210074 0.589084
5.8 3.2 0.515345 0.00535208 0.479304
5.8 3.4 0.611773 0.0143747 0.3739
5.8 3.6 0.675135 0.0446662 0.279957
5.8 3.8 0.640117 0.169648 0.188818
5.8 4 0.345312 0.581193 0.0746393
5.8 4.2 0.0901861 0.897299 0.0139789
5.8 4.4 0.0242984 0.973396 0.0025415
5.8 4.6 0.00854608 0.990791 0.000646749
5.8 4.8 0.00524986 0.994402 0.000350788
5.8 5 0.00840541 0.99105 0.000632795
5.8 5.2 0.0237405 0.974178 0.00246155
5.8 5.4 0.0876773 0.900518 0.013469
5.8 5.6 0.337119 0.592093 0.0723161
5.8 5.8 0.637706 0.17442 0.186673
5.8 6 0.676216 0.0457532 0.278005
5.8 6.2 0.613858 0.0146671 0.371678
5.8 6.4 0.51775 0.00545153 0.476821
5.8 6.6 0.411073 0.00213894 0.586599
5.8 6.8 0.308597 0.000845114 0.69013
5.8 7 0.220197 0.000331677 0.778862
5.8 7.2 0.150249 0.00012994 0.848998
5.8 7.4 0.0985945 5.19713e-05 0.900827
5.8 7.6 0.0624982 2.23155e-05 0.937126
5.8 7.8 0.0383888 1.11864e-05 0.961426
5.8 8 0.0228958 7.05735e-06 0.97709
5.8 8.2 0.0132765 5.54226e-06 0.986817
5.8 8.4 0.00749215 4.99545e-06 0.992634
5.8 8.6 0.00411861 4.80666e-06 0.996103
5.8 8.8 0.00220867 4.75278e-06 0.998093
5.8 9 0.00115942 4.75485e-06 0.999256
5.8 9.2 0.000602456 4.78751e-06 0.999889
5.8 9.4 0.00032274 4.85231e-06 1.00021
5.8 9.6 0.000203189 4.96048e-06 1.00035
5.8 9.8 0.000147497 5.42187e-06 1.00039
6 0 0.000283378 4.91113e-06 0.999096
6 0.2 0.000358636 4.914e-06 0.999034
6 0.4 0.00061434 4.84581e-06 0.998792
6 0.6 0.00115261 4.79685e-06 0.998232
6 0.8 0.00218301 4.78055e-06 0.997195
6 1 0.0040667 4.82223e-06 0.995311
6 1.2 0.00739904 4.99884e-06 0.991949
6 1.4 0.0131174 5.5283e-06 0.986202
6 1.6 0.022634 7.00836e-06 0.976651
6 1.8 0.0379732 1.10517e-05 0.961265
6 2 0.0618633 2.19691e-05 0.937365
6 2.2 0.0976651 5.10665e-05 0.901572
6 2.4 0.148951 0.00012759 0.850248
6 2.6 0.218486 0.000325662 0.780637
6 2.8 0.306501 0.000829914 0.69231
6 3 0.408711 0.0021006 0.589
6 3.2 0.51537 0.00535161 0.479222
6 3.4 0.611792 0.014373 0.373824
6 3.6 0.675151 0.0446593 0.279899
6 3.8 0.640146 0.169618 0.188783
6 4 0.345366 0.581125 0.0746344
6 4.2 0.0902027 0.897274 0.0139787
6 4.4 0.0243022 0.973383 0.00254146
6 4.6 0.00854716 0.990777 0.000646732
6 4.8 0.00525048 0.994385 0.000350776
6 5 0.00840644 0.991032 0.000632781
6 5.2 0.0237438 0.974153 0.00246152
6 5.4 0.087692 0.900472 0.0134689
6 5.6 0.337167 0.592017 0.0723119
6 5.8 0.637728 0.174388 0.186641
6 6 0.676225 0.0457457 0.277952
6 6.2 0.613872 0.0146653 0.371612
6 6.4 0.517771 0.00545101 0.476747
6 6.6 0.411097 0.00213879 0.586521
6 6.8 0.30862 0.000845064 0.69005
6 7 0.220216 0.00033166 0.778782
6 7.2 0.150263 0.000129934 0.848917
6 7.4 0.0986042 5.19695e-05 0.900749
6 7.6 0.0625047 2.23149e-05 0.937053
6 7.8 0.0383931 1.11863e-05 0.961358
6 8 0.0228984 7.05729e-06 0.977027
6 8.2 0.013278 5.54218e-06 0.986754
6 8.4 0.00749298 4.99532e-06 0.992568
6 8.6 0.00411906 4.80655e-06 0.996033
6 8.8 0.0022089 4.7527e-06 0.998018
6 9 0.00115954 4.75482e-06 0.99918
6 9.2 0.00060252 4.78753e-06 0.999814
6 9.4 0.000322774 4.85237e-06 1.00013
6 9.6 0.00020321 4.96056e-06 1.00028
6 9.8 0.000147513 5.42201e-06 1.00032
6.2 0 0.000283411 4.90443e-06 0.999009
6.2 0.2 0.000358679 4.90909e-06 0.998946
6.2 0.4 0.000614419 4.84253e-06 0.998703
6.2 0.6 0.00115276 4.79475e-06 0.998141
6.2 0.8 0.00218332 4.77926e-06 0.997101
6.2 1 0.00406729 4.82148e-06 0.995218
6.2 1.2 0.00740013 4.99843e-06 0.991858
6.2 1.4 0.0131193 5.5281e-06 0.986111
6.2 1.6 0.0226373 7.00829e-06 0.976559
6.2 1.8 0.0379787 1.10516e-05 0.961169
6.2 2 0.061872 2.19691e-05 0.937266
6.2 2.2 0.0976786 5.10662e-05 0.90147
6.2 2.4 0.148971 0.000127589 0.850147
6.2 2.6 0.218514 0.000325655 0.780536
6.2 2.8 0.306536 0.000829887 0.69221
6.2 3 0.40875 0.0021005 0.588902
6.2 3.2 0.515407 0.00535119 0.479128
6.2 3.4 0.61182 0.0143713 0.373737
6.2 3.6 0.675171 0.0446518 0.279828
6.2 3.8 0.640178 0.169585 0.188738
6.2 4 0.345425 0.58105 0.0746265
6.2 4.2 0.0902216 0.897253 0.0139782
6.2 4.4 0.0243067 0.973385 0.0025414
6.2 4.6 0.00854851 0.990781 0.000646715
6.2 4.8 0.00525124 0.994387 0.000350765
6.2 5 0.00840769 0.991031 0.000632764
6.2 5.2 0.0237478 0.974144 0.00246146
6.2 5.4 0.0877086 0.900438 0.0134683
6.2 5.6 0.337219 0.591937 0.0723045
6.2 5.8 0.637751 0.174353 0.186598
6.2 6 0.676237 0.0457377 0.277885
6.2 6.2 0.613893 0.0146634 0.371532
6.2 6.4 0.517803 0.00545053 0.476659
6.2 6.6 0.411133 0.00213866 0.586429
6.2 6.8 0.308652 0.000845028 0.689956
6.2 7 0.220242 0.000331651 0.778687
6.2 7.2 0.150282 0.000129932 0.848822
6.2 7.4 0.098617 5.19688e-05 0.900653
6.2 7.6 0.0625131 2.23148e-05 0.93696
6.2 7.8 0.0383984 1.11863e-05 0.961268
6.2 8 0.0229016 7.05736e-06 0.976937
6.2 8.2 0.0132799 5.54223e-06 0.986663
6.2 8.4 0.00749405 4.99532e-06 0.992474
6.2 8.6 0.00411964 4.80656e-06 0.995934
6.2 8.8 0.00220921 4.75273e-06 0.997916
6.2 9 0.00115971 4.75488e-06 0.999077
6.2 9.2 0.000602605 4.78763e-06 0.999711
6.2 9.4 0.000322822 4.85253e-06 1.00004
6.2 9.6 0.00020324 4.96076e-06 1.00018
6.2 9.8 0.000147534 5.42219e-06 1.00022
6.4 0 0.000283448 4.90057e-06 0.998877
6.4 0.2 0.000358726 4.90593e-06 0.998808
6.4 0.4 0.000614497 4.84018e-06 0.99855
6.4 0.6 0.0011529 4.79307e-06 0.997971
6.4 0.8 0.00218358 4.77809e-06 0.996918
6.4 1 0.00406777 4.82067e-06 0.995028
6.4 1.2 0.00740099 4.99786e-06 0.991664
6.4 1.4 0.0131209 5.52768e-06 0.985915
6.4 1.6 0.0226398 7.0079e-06 0.976362
6.4 1.8 0.0379829 1.10511e-05 0.960972
6.4 2 0.0618786 2.19681e-05 0.937069
6.4 2.2 0.0976887 5.10637e-05 0.901276
6.4 2.4 0.148986 0.000127582 0.849958
6.4 2.6 0.218535 0.000325635 0.780356
6.4 2.8 0.306562 0.000829829 0.692042
6.4 3 0.408779 0.00210032 0.588749
6.4 3.2 0.515436 0.00535063 0.478993
6.4 3.4 0.611844 0.0143693 0.373623
6.4 3.6 0.675192 0.0446436 0.279739
6.4 3.8 0.640212 0.169549 0.188682
6.4 4 0.345486 0.580962 0.0746143
6.4 4.2 0.0902408 0.897211 0.0139769
6.4 4.4 0.0243113 0.973362 0.00254121
6.4 4.6 0.00854993 0.990762 0.000646677
6.4 4.8 0.00525205 0.994368 0.000350746
6.4 5 0.00840899 0.991009 0.000632726
6.4 5.2 0.0237519 0.974114 0.00246127
6.4 5.4 0.0877254 0.900388 0.013467
6.4 5.6 0.337272 0.591846 0.0722927
6.4 5.8 0.637775 0.174315 0.186543
6.4 6 0.676248 0.0457291 0.277799
6.4 6.2 0.61391 0.0146613 0.371423
6.4 6.4 0.517826 0.00544992 0.47653
6.4 6.6 0.411157 0.00213846 0.586281
6.4 6.8 0.308675 0.000844961 0.689794
6.4 7 0.22026 0.000331628 0.778513
6.4 7.2 0.150296 0.000129923 0.84864
6.4 7.4 0.0986263 5.19659e-05 0.900466
6.4 7.6 0.0625193 2.23138e-05 0.93677
6.4 7.8 0.0384023 1.11859e-05 0.961075
6.4 8 0.022904 7.0571e-06 0.976741
6.4 8.2 0.0132813 5.542e-06 0.986462
6.4 8.4 0.00749485 4.99509e-06 0.992268
6.4 8.6 0.00412008 4.80633e-06 0.995723
6.4 8.8 0.00220945 4.75252e-06 0.997701
6.4 9 0.00115984 4.7547e-06 0.99886
6.4 9.2 0.000602674 4.78748e-06 0.999494
6.4 9.4 0.00032286 4.85241e-06 0.999821
6.4 9.6 0.000203265 4.96066e-06 0.999969
6.4 9.8 0.000147553 5.42211e-06 1.00001
6.6 0 0.000283495 4.89828e-06 0.998702
6.6 0.2 0.000358783 4.90394e-06 0.998623
6.6 0.4 0.000614588 4.83858e-06 0.998339
6.6 0.6 0.00115307 4.79185e-06 0.997733
6.6 0.8 0.00218387 4.77715e-06 0.99666
6.6 1 0.00406828 4.81995e-06 0.994755
6.6 1.2 0.00740188 4.99729e-06 0.991382
6.6 1.4 0.0131224 5.52719e-06 0.98563
6.6 1.6 0.0226423 7.00742e-06 0.976075
6.6 1.8 0.0379868 1.10505e-05 0.960685
6.6 2 0.0618846 2.19668e-05 0.936783
6.6 2.2 0.0976974 5.10604e-05 0.900995
6.6 2.4 0.148998 0.000127572 0.849683
6.6 2.6 0.21855 0.000325607 0.780095
6.6 2.8 0.30658 0.000829747 0.691799
6.6 3 0.408798 0.00210008 0.588532
6.6 3.2 0.515452 0.00534992 0.478807
6.6 3.4 0.611857 0.014367 0.373472
6.6 3.6 0.675203 0.0446347 0.279624
6.6 3.8 0.640238 0.16951 0.188609
6.6 4 0.345544 0.580865 0.0745958
6.6 4.2 0.0902595 0.897154 0.0139745
6.6 4.4 0.024316 0.973327 0.0025409
6.6 4.6 0.00855148 0.990737 0.000646623
6.6 4.8 0.00525297 0.994344 0.000350723
6.6 5 0.00841043 0.99098 0.000632672
6.6 5.2 0.0237561 0.974074 0.00246097
6.6 5.4 0.0877418 0.900327 0.0134647
6.6 5.6 0.337322 0.591749 0.0722749
6.6 5.8 0.637792 0.174276 0.186472
6.6 6 0.676251 0.0457199 0.277687
6.6 6.2 0.613915 0.0146589 0.371276
6.6 6.4 0.517835 0.00544916 0.476348
6.6 6.6 0.41117 0.0021382 0.586068
6.6 6.8 0.308689 0.000844872 0.689556
6.6 7 0.220273 0.000331597 0.778258
6.6 7.2 0.150306 0.000129913 0.848372
6.6 7.4 0.0986341 5.19623e-05 0.900192
6.6 7.6 0.0625248 2.23124e-05 0.936492
6.6 7.8 0.0384059 1.11853e-05 0.960793
6.6 8 0.0229063 7.05673e-06 0.976455
6.6 8.2 0.0132827 5.54169e-06 0.986171
6.6 8.4 0.00749565 4.99478e-06 0.991971
6.6 8.6 0.00412054 4.80602e-06 0.99542
6.6 8.8 0.0022097 4.75223e-06 0.997396
6.6 9 0.00115997 4.75445e-06 0.998552
6.6 9.2 0.00060275 4.78727e-06 0.999187
6.6 9.4 0.000322903 4.85223e-06 0.999515
6.6 9.6 0.000203293 4.96048e-06 0.999666
6.6 9.8 0.000147575 5.42195e-06 0.999723
6.8 0 0.000283561 4.89698e-06 0.998518
6.8 0.2 0.000358865 4.9028e-06 0.998425
6.8 0.4 0.000614725 4.83766e-06 0.998104
6.8 0.6 0.00115331 4.79112e-06 0.997461
6.8 0.8 0.00218431 4.77658e-06 0.996361
6.8 1 0.00406906 4.81948e-06 0.994438
6.8 1.2 0.00740322 4.99691e-06 0.991055
6.8 1.4 0.0131246 5.52688e-06 0.985297
6.8 1.6 0.022646 7.00715e-06 0.975738
6.8 1.8 0.0379925 1.10502e-05 0.960347
6.8 2 0.0618932 2.19663e-05 0.936446
6.8 2.2 0.0977095 5.10589e-05 0.90066
6.8 2.4 0.149014 0.000127566 0.849352
6.8 2.6 0.218569 0.000325585 0.779772
6.8 2.8 0.306599 0.00082967 0.691494
6.8 3 0.408815 0.00209984 0.588257
6.8 3.2 0.515466 0.00534917 0.478574
6.8 3.4 0.611866 0.0143646 0.373284
6.8 3.6 0.67521 0.0446258 0.279481
6.8 3.8 0.640258 0.169473 0.188517
6.8 4 0.345592 0.580767 0.0745689
6.8 4.2 0.0902759 0.897084 0.0139707
6.8 4.4 0.0243202 0.973273 0.00254037
6.8 4.6 0.00855287 0.990688 0.000646527
6.8 4.8 0.0052538 0.994296 0.00035068
6.8 5 0.00841173 0.99093 0.000632579
6.8 5.2 0.0237598 0.974019 0.00246045
6.8 5.4 0.087756 0.900255 0.013461
6.8 5.6 0.337363 0.591652 0.0722489
6.8 5.8 0.637803 0.174239 0.186383
6.8 6 0.67625 0.0457109 0.277547
6.8 6.2 0.613916 0.0146565 0.371092
6.8 6.4 0.517842 0.00544839 0.476119
6.8 6.6 0.411182 0.00213795 0.585799
6.8 6.8 0.308704 0.000844791 0.689258
6.8 7 0.220289 0.000331573 0.777941
6.8 7.2 0.15032 0.000129906 0.848048
6.8 7.4 0.0986451 5.19606e-05 0.899864
6.8 7.6 0.0625327 2.2312e-05 0.936162
6.8 7.8 0.0384112 1.11851e-05 0.960461
6.8 8 0.0229097 7.05656e-06 0.97612
6.8 8.2 0.0132848 5.54152e-06 0.985832
6.8 8.4 0.00749687 4.99459e-06 0.991626
6.8 8.6 0.00412123 4.80584e-06 0.995072
6.8 8.8 0.00221009 4.75208e-06 0.997044
6.8 9 0.00116019 4.75433e-06 0.998199
6.8 9.2 0.000602867 4.7872e-06 0.998832
6.8 9.4 0.000322969 4.85219e-06 0.999159
6.8 9.6 0.000203337 4.96046e-06 0.999316
6.8 9.8 0.000147607 5.42192e-06 0.999388
7 0 0.000283651 4.89631e-06 0.998355
7 0.2 0.000358978 4.9022e-06 0.998232
7 0.4 0.000614915 4.83719e-06 0.997837
7 0.6 0.00115366 4.79076e-06 0.997142
7 0.8 0.00218494 4.7763e-06 0.996012
7 1 0.00407018 4.81927e-06 0.994075
7 1.2 0.00740517 4.99675e-06 0.990683
7 1.4 0.0131279 5.52681e-06 0.984922
7 1.6 0.0226514 7.00727e-06 0.975364
7 1.8 0.0380012 1.10507e-05 0.959978
7 2 0.0619067 2.19678e-05 0.936082
7 2.2 0.0977293 5.10622e-05 0.9003
7 2.4 0.149041 0.000127573 0.848997
7 2.6 0.218604 0.000325595 0.779428
7 2.8 0.306643 0.000829676 0.691173
7 3 0.408868 0.00209981 0.587972
7 3.2 0.515527 0.00534901 0.478333
7 3.4 0.611931 0.0143638 0.37309
7 3.6 0.675274 0.0446221 0.279332
7 3.8 0.640313 0.169454 0.188415
7 4 0.345634 0.580709 0.074533
7 4.2 0.0902868 0.897023 0.0139647
7 4.4 0.0243226 0.973206 0.00253944
7 4.6 0.00855357 0.990616 0.000646339
7 4.8 0.00525418 0.994222 0.00035059
7 5 0.00841235 0.990858 0.000632398
7 5.2 0.0237619 0.973951 0.00245956
7 5.4 0.087765 0.900195 0.0134553
7 5.6 0.337398 0.591597 0.0722146
7 5.8 0.63785 0.174221 0.186285
7 6 0.676306 0.0457074 0.277403
7 6.2 0.613974 0.0146557 0.370903
7 6.4 0.517896 0.00544823 0.475885
7 6.6 0.411229 0.00213791 0.585521
7 6.8 0.308744 0.000844794 0.688944
7 7 0.22032 0.000331581 0.777605
7 7.2 0.150345 0.000129912 0.847701
7 7.4 0.0986634 5.19637e-05 0.899514
7 7.6 0.0625453 2.23134e-05 0.935807
7 7.8 0.0384194 1.11857e-05 0.960099
7 8 0.0229148 7.05677e-06 0.975751
7 8.2 0.0132878 5.54156e-06 0.985454
7 8.4 0.00749865 4.99458e-06 0.991242
7 8.6 0.00412225 4.80582e-06 0.994683
7 8.8 0.00221066 4.75207e-06 0.996653
7 9 0.0011605 4.75437e-06 0.997805
7 9.2 0.000603036 4.78728e-06 0.998432
7 9.4 0.000323065 4.85232e-06 0.998747
7 9.6 0.0002034 4.96064e-06 0.998904
7 9.8 0.000147653 5.42207e-06 0.999033
7.2 0 0.000283769 4.89595e-06 0.99826
7.2 0.2 0.000359122 4.90184e-06 0.998075
7.2 0.4 0.000615145 4.83683e-06 0.997474
7.2 0.6 0.00115407 4.79043e-06 0.9967
7.2 0.8 0.00218568 4.77601e-06 0.995551
7.2 1 0.00407151 4.81902e-06 0.99361
7.2 1.2 0.00740749 4.99655e-06 0.990219
7.2 1.4 0.0131318 5.52673e-06 0.984463
7.2 1.6 0.022658 7.00748e-06 0.974915
7.2 1.8 0.0380119 1.10517e-05 0.959541
7.2 2 0.0619232 2.19705e-05 0.935656
7.2 2.2 0.097754 5.10691e-05 0.899886
7.2 2.4 0.149076 0.00012759 0.848595
7.2 2.6 0.218652 0.000325633 0.779044
7.2 2.8 0.306705 0.000829763 0.690818
7.2 3 0.408945 0.0021 0.587656
7.2 3.2 0.515616 0.0053494 0.478064
7.2 3.4 0.612023 0.0143645 0.372869
7.2 3.6 0.675352 0.0446227 0.279155
7.2 3.8 0.640363 0.16945 0.188289
7.2 4 0.345653 0.580679 0.0744823
7.2 4.2 0.0902911 0.896964 0.0139557
7.2 4.4 0.0243234 0.973126 0.00253802
7.2 4.6 0.00855377 0.990521 0.000646045
7.2 4.8 0.00525426 0.994122 0.000350447
7.2 5 0.00841252 0.990763 0.000632117
7.2 5.2 0.0237625 0.973871 0.00245822
7.2 5.4 0.0877679 0.900135 0.0134467
7.2 5.6 0.337411 0.591568 0.0721662
7.2 5.8 0.637894 0.174218 0.186163
7.2 6 0.676377 0.0457083 0.277232
7.2 6.2 0.614059 0.0146565 0.370689
7.2 6.4 0.517978 0.00544862 0.475625
7.2 6.6 0.411301 0.0021381 0.585215
7.2 6.8 0.308801 0.000844877 0.688597
7.2 7 0.220364 0.000331618 0.777229
7.2 7.2 0.150377 0.000129928 0.847308
7.2 7.4 0.0986864 5.19704e-05 0.899109
7.2 7.6 0.0625606 2.2316e-05 0.93539
7.2 7.8 0.0384292 1.11866e-05 0.95967
7.2 8 0.0229208 7.05703e-06 0.975307
7.2 8.2 0.0132914 5.54154e-06 0.984996
7.2 8.4 0.00750074 4.99445e-06 0.990774
7.2 8.6 0.00412345 4.80567e-06 0.99421
7.2 8.8 0.00221133 4.75194e-06 0.996177
7.2 9 0.00116087 4.75429e-06 0.997327
7.2 9.2 0.000603238 4.78723e-06 0.997942
7.2 9.4 0.000323178 4.85229e-06 0.99821
7.2 9.6 0.000203474 4.96063e-06 0.998302
7.2 9.8 0.00014771 5.42213e-06 0.9987
7.4 0 0.000283925 4.89588e-06 0.998367
7.4 0.2 0.000359315 4.90178e-06 0.998239
7.4 0.4 0.000615459 4.83677e-06 0.997833
7.4 0.6 0.00115463 4.7904e-06 0.997139
7.4 0.8 0.00218671 4.77601e-06 0.996018
7.4 1 0.00407335 4.81905e-06 0.99409
7.4 1.2 0.00741071 4.99667e-06 0.990707
7.4 1.4 0.0131373 5.52705e-06 0.984957
7.4 1.6 0.0226671 7.00831e-06 0.97541
7.4 1.8 0.0380266 1.10538e-05 0.960033
7.4 2 0.0619462 2.19759e-05 0.936135
7.4 2.2 0.0977883 5.10828e-05 0.900339
7.4 2.4 0.149125 0.000127623 0.849009
7.4 2.6 0.218716 0.000325714 0.779406
7.4 2.8 0.306786 0.000829949 0.691121
7.4 3 0.40904 0.00210042 0.587899
7.4 3.2 0.515716 0.00535032 0.478248
7.4 3.4 0.612117 0.0143667 0.373001
7.4 3.6 0.675423 0.0446284 0.279244
7.4 3.8 0.640393 0.169467 0.188339
7.4 4 0.345633 0.580698 0.0744937
7.4 4.2 0.0902837 0.896927 0.013957
7.4 4.4 0.0243217 0.973063 0.00253812
7.4 4.6 0.00855323 0.990445 0.000646024
7.4 4.8 0.00525394 0.99404 0.000350428
7.4 5 0.00841202 0.990686 0.000632108
7.4 5.2 0.0237608 0.973808 0.00245836
7.4 5.4 0.0877602 0.900097 0.0134483
7.4 5.6 0.337388 0.591588 0.0721788
7.4 5.8 0.637918 0.174236 0.186217
7.4 6 0.676442 0.0457141 0.277327
7.4 6.2 0.614145 0.0146586 0.370829
7.4 6.4 0.518071 0.00544953 0.475817
7.4 6.6 0.411389 0.00213851 0.585467
7.4 6.8 0.308876 0.000845059 0.688911
7.4 7 0.220424 0.000331696 0.777602
7.4 7.2 0.150422 0.000129961 0.847733
7.4 7.4 0.0987181 5.19836e-05 0.899572
7.4 7.6 0.0625818 2.23211e-05 0.935876
7.4 7.8 0.0384428 1.11886e-05 0.960169
7.4 8 0.0229292 7.05784e-06 0.975809
7.4 8.2 0.0132964 5.54187e-06 0.985497
7.4 8.4 0.00750368 4.99461e-06 0.991273
7.4 8.6 0.00412512 4.80577e-06 0.994707
7.4 8.8 0.00221227 4.75204e-06 0.996675
7.4 9 0.00116138 4.75441e-06 0.99783
7.4 9.2 0.000603518 4.78739e-06 0.998458
7.4 9.4 0.000323335 4.85247e-06 0.99877
7.4 9.6 0.000203577 4.96082e-06 0.99892
7.4 9.8 0.000147789 5.42237e-06 0.999071
7.6 0 0.000284118 4.89598e-06 0.998526
7.6 0.2 0.000359553 4.90189e-06 0.998432
7.6 0.4 0.00061585 4.83693e-06 0.998114
7.6 0.6 0.00115533 4.79058e-06 0.997482
7.6 0.8 0.00218798 4.77623e-06 0.996398
7.6 1 0.00407563 4.81932e-06 0.994493
7.6 1.2 0.00741469 4.99704e-06 0.991126
7.6 1.4 0.0131441 5.5277e-06 0.985386
7.6 1.6 0.0226783 7.00967e-06 0.975846
7.6 1.8 0.0380445 1.1057e-05 0.960468
7.6 2 0.0619738 2.19838e-05 0.93656
7.6 2.2 0.0978288 5.11025e-05 0.900738
7.6 2.4 0.149181 0.000127672 0.849365
7.6 2.6 0.218789 0.00032583 0.779708
7.6 2.8 0.306874 0.00083022 0.691361
7.6 3 0.409136 0.00210104 0.588077
7.6 3.2 0.515811 0.00535176 0.478371
7.6 3.4 0.612196 0.0143703 0.373079
7.6 3.6 0.675469 0.04464 0.279288
7.6 3.8 0.640375 0.169511 0.188352
7.6 4 0.34554 0.580773 0.0744795
7.6 4.2 0.0902542 0.89689 0.0139527
7.6 4.4 0.0243149 0.972991 0.00253727
7.6 4.6 0.00855116 0.990363 0.000645804
7.6 4.8 0.00525276 0.993956 0.000350311
7.6 5 0.00841009 0.990604 0.000631911
7.6 5.2 0.0237545 0.973734 0.00245763
7.6 5.4 0.0877323 0.900058 0.0134447
7.6 5.6 0.337297 0.591658 0.0721676
7.6 5.8 0.637897 0.174279 0.186236
7.6 6 0.676481 0.0457256 0.277379
7.6 6.2 0.614216 0.0146622 0.370918
7.6 6.4 0.518159 0.00545093 0.475953
7.6 6.6 0.411478 0.00213911 0.585659
7.6 6.8 0.308957 0.000845318 0.689164
7.6 7 0.220492 0.000331806 0.777917
7.6 7.2 0.150474 0.000130007 0.848102
7.6 7.4 0.0987552 5.20019e-05 0.89998
7.6 7.6 0.062607 2.23285e-05 0.93631
7.6 7.8 0.0384592 1.11916e-05 0.960616
7.6 8 0.0229394 7.05911e-06 0.976258
7.6 8.2 0.0133025 5.54249e-06 0.985944
7.6 8.4 0.00750729 4.99498e-06 0.991716
7.6 8.6 0.00412718 4.80604e-06 0.995147
7.6 8.8 0.00221342 4.7523e-06 0.997116
7.6 9 0.00116202 4.75468e-06 0.998274
7.6 9.2 0.000603866 4.78767e-06 0.998912
7.6 9.4 0.000323533 4.85278e-06 0.999244
7.6 9.6 0.000203708 4.96114e-06 0.999405
7.6 9.8 0.000147887 5.4227e-06 0.999484
7.8 0 0.000284354 4.89645e-06 0.998676
7.8 0.2 0.000359843 4.90238e-06 0.998601
7.8 0.4 0.000616321 4.83744e-06 0.998326
7.8 0.6 0.00115617 4.79114e-06 0.99774
7.8 0.8 0.0021895 4.77682e-06 0.996689
7.8 1 0.00407831 4.81997e-06 0.994807
7.8 1.2 0.00741933 4.99784e-06 0.991457
7.8 1.4 0.0131519 5.52886e-06 0.985731
7.8 1.6 0.0226911 7.01176e-06 0.976199
7.8 1.8 0.0380648 1.10615e-05 0.960822
7.8 2 0.0620045 2.19944e-05 0.936903
7.8 2.2 0.0978731 5.11286e-05 0.901055
7.8 2.4 0.149241 0.000127736 0.849643
7.8 2.6 0.218866 0.000325988 0.779933
7.8 2.8 0.306964 0.000830596 0.691527
7.8 3 0.40923 0.00210192 0.588186
7.8 3.2 0.515896 0.00535391 0.478433
7.8 3.4 0.612255 0.0143762 0.373106
7.8 3.6 0.675481 0.0446602 0.27929
7.8 3.8 0.640292 0.169591 0.188328
7.8 4 0.345344 0.580918 0.0744359
7.8 4.2 0.0901929 0.896836 0.013942
7.8 4.4 0.0243004 0.972878 0.00253536
7.8 4.6 0.00854671 0.990239 0.000645357
7.8 4.8 0.00525021 0.99383 0.000350085
7.8 5 0.00840595 0.99048 0.000631504
7.8 5.2 0.0237411 0.973619 0.00245594
7.8 5.4 0.0876751 0.899996 0.0134353
7.8 5.6 0.33711 0.591788 0.0721293
7.8 5.8 0.637811 0.174356 0.18622
7.8 6 0.676486 0.045745 0.277392
7.8 6.2 0.614266 0.0146678 0.370957
7.8 6.4 0.518233 0.00545295 0.47603
7.8 6.6 0.411561 0.00213993 0.585783
7.8 6.8 0.309037 0.000845666 0.689344
7.8 7 0.22056 0.000331952 0.778155
7.8 7.2 0.150528 0.000130066 0.848389
7.8 7.4 0.0987949 5.20258e-05 0.900307
7.8 7.6 0.0626346 2.23381e-05 0.936664
7.8 7.8 0.0384773 1.11957e-05 0.960982
7.8 8 0.0229509 7.06102e-06 0.976628
7.8 8.2 0.0133096 5.54358e-06 0.986313
7.8 8.4 0.00751146 4.99574e-06 0.99208
7.8 8.6 0.0041296 4.80668e-06 0.995506
7.8 8.8 0.00221479 4.7529e-06 0.997475
7.8 9 0.00116278 4.75527e-06 0.998633
7.8 9.2 0.000604283 4.78828e-06 0.999277
7.8 9.4 0.00032377 4.85339e-06 0.999613
7.8 9.6 0.000203865 4.96174e-06 0.99977
7.8 9.8 0.000148007 5.42336e-06 0.999834
8 0 0.00028464 4.89779e-06 0.9988
8 0.2 0.000360193 4.90373e-06 0.998734
8 0.4 0.000616883 4.83881e-06 0.998486
8 0.6 0.00115716 4.79252e-06 0.997927
8 0.8 0.00219126 4.77824e-06 0.996901
8 1 0.00408141 4.82147e-06 0.99504
8 1.2 0.00742463 4.99953e-06 0.991707
8 1.4 0.0131608 5.53102e-06 0.985995
8 1.6 0.0227054 7.01513e-06 0.976472
8 1.8 0.038087 1.10679e-05 0.961094
8 2 0.0620377 2.20089e-05 0.937163
8 2.2 0.0979203 5.11638e-05 0.90129
8 2.4 0.149304 0.000127823 0.84984
8 2.6 0.218944 0.000326202 0.78008
8 2.8 0.307049 0.000831111 0.691617
8 3 0.409311 0.00210316 0.588222
8 3.2 0.515955 0.00535698 0.478428
8 3.4 0.612278 0.0143849 0.373078
8 3.6 0.675447 0.0446921 0.279251
8 3.8 0.640134 0.169723 0.188269
8 4 0.345031 0.581178 0.0743622
8 4.2 0.0900963 0.896802 0.0139247
8 4.4 0.024278 0.972761 0.0025324
8 4.6 0.0085399 0.990109 0.000644695
8 4.8 0.00524636 0.993698 0.000349759
8 5 0.00839967 0.990348 0.000630902
8 5.2 0.0237206 0.973497 0.00245332
8 5.4 0.0875866 0.89995 0.0134201
8 5.6 0.336815 0.59202 0.0720638
8 5.8 0.637653 0.17448 0.186171
8 6 0.676444 0.0457749 0.277365
8 6.2 0.614277 0.0146759 0.370945
8 6.4 0.518279 0.00545577 0.476041
8 6.6 0.411627 0.00214106 0.585834
8 6.8 0.309109 0.000846131 0.689447
8 7 0.220627 0.000332144 0.778313
8 7.2 0.150583 0.000130144 0.848595
8 7.4 0.0988361 5.20572e-05 0.900549
8 7.6 0.0626637 2.23511e-05 0.936932
8 7.8 0.0384969 1.12015e-05 0.961265
8 8 0.0229636 7.06413e-06 0.976918
8 8.2 0.0133175 5.54564e-06 0.986604
8 8.4 0.00751621 4.99738e-06 0.992367
8 8.6 0.00413237 4.80816e-06 0.995788
8 8.8 0.00221637 4.75431e-06 0.997751
8 9 0.00116365 4.75665e-06 0.998906
8 9.2 0.000604769 4.78965e-06 0.999547
8 9.4 0.000324049 4.85475e-06 0.999881
8 9.6 0.000204053 4.96313e-06 1.00004
8 9.8 0.00014815 5.42486e-06 1.00009
8.2 0 0.000284978 4.90076e-06 0.998887
8.2 0.2 0.000360604 4.90672e-06 0.998828
8.2 0.4 0.000617536 4.84178e-06 0.998595
8.2 0.6 0.0011583 4.79549e-06 0.998054
8.2 0.8 0.00219326 4.78124e-06 0.997045
8.2 1 0.00408488 4.82457e-06 0.995201
8.2 1.2 0.00743053 5.00289e-06 0.991885
8.2 1.4 0.0131705 5.53501e-06 0.986187
8.2 1.6 0.0227209 7.0207e-06 0.976672
8.2 1.8 0.0381108 1.10776e-05 0.961293
8.2 2 0.0620727 2.20292e-05 0.937349
8.2 2.2 0.097969 5.12112e-05 0.901452
8.2 2.4 0.149368 0.000127939 0.849965
8.2 2.6 0.219019 0.000326487 0.780156
8.2 2.8 0.307128 0.00083181 0.69164
8.2 3 0.409379 0.00210487 0.588199
8.2 3.2 0.515995 0.00536135 0.478374
8.2 3.4 0.612273 0.0143977 0.373013
8.2 3.6 0.675375 0.0447396 0.279183
8.2 3.8 0.639898 0.169924 0.188181
8.2 4 0.34458 0.581596 0.0742559
8.2 4.2 0.0899587 0.896817 0.0139001
8.2 4.4 0.0242462 0.972654 0.00252826
8.2 4.6 0.00853036 0.989984 0.000643795
8.2 4.8 0.00524102 0.993573 0.000349323
8.2 5 0.00839096 0.990222 0.00063009
8.2 5.2 0.023692 0.973385 0.00244968
8.2 5.4 0.0874624 0.899946 0.0133985
8.2 5.6 0.336399 0.592391 0.0719696
8.2 5.8 0.63742 0.174667 0.186095
8.2 6 0.676362 0.0458188 0.277311
8.2 6.2 0.614258 0.0146875 0.370895
8.2 6.4 0.518301 0.0054597 0.476005
8.2 6.6 0.411677 0.00214258 0.585828
8.2 6.8 0.309172 0.000846751 0.689485
8.2 7 0.220689 0.000332396 0.778399
8.2 7.2 0.150636 0.000130246 0.848725
8.2 7.4 0.0988773 5.20989e-05 0.900716
8.2 7.6 0.0626937 2.23691e-05 0.937126
8.2 7.8 0.0385175 1.12103e-05 0.961475
8.2 8 0.0229771 7.06934e-06 0.977136
8.2 8.2 0.0133261 5.54948e-06 0.986823
8.2 8.4 0.00752143 5.00069e-06 0.992582
8.2 8.6 0.00413546 4.81126e-06 0.995999
8.2 8.8 0.00221814 4.75732e-06 0.997954
8.2 9 0.00116465 4.75962e-06 0.999103
8.2 9.2 0.000605328 4.79262e-06 0.999739
8.2 9.4 0.000324374 4.85774e-06 1.00007
8.2 9.6 0.000204272 4.96617e-06 1.00022
8.2 9.8 0.000148319 5.42817e-06 1.00027
8.4 0 0.000285375 4.9068e-06 0.998973
8.4 0.2 0.000361083 4.91277e-06 0.998916
8.4 0.4 0.000618282 4.84775e-06 0.99869
8.4 0.6 0.00115957 4.80143e-06 0.998157
8.4 0.8 0.00219548 4.7872e-06 0.997161
8.4 1 0.0040887 4.83067e-06 0.995333
8.4 1.2 0.00743696 5.00932e-06 0.992033
8.4 1.4 0.013181 5.54228e-06 0.986347
8.4 1.6 0.0227374 7.0301e-06 0.976837
8.4 1.8 0.0381357 1.10925e-05 0.961454
8.4 2 0.0621086 2.20581e-05 0.937496
8.4 2.2 0.0980183 5.1276e-05 0.901574
8.4 2.4 0.149431 0.000128095 0.85005
8.4 2.6 0.219094 0.000326869 0.780197
8.4 2.8 0.307204 0.000832751 0.691632
8.4 3 0.40944 0.0021072 0.588146
8.4 3.2 0.516024 0.00536739 0.478295
8.4 3.4 0.612252 0.0144156 0.372926
8.4 3.6 0.675274 0.0448067 0.279097
8.4 3.8 0.639588 0.170209 0.188069
8.4 4 0.343974 0.582213 0.074115
8.4 4.2 0.0897735 0.896904 0.0138675
8.4 4.4 0.0242037 0.972583 0.00252283
8.4 4.6 0.00851773 0.989892 0.000642635
8.4 4.8 0.00523403 0.99348 0.000348771
8.4 5 0.00837957 0.990129 0.000629055
8.4 5.2 0.0236544 0.973309 0.00244497
8.4 5.4 0.0872979 0.900008 0.0133702
8.4 5.6 0.335847 0.592935 0.0718458
8.4 5.8 0.63712 0.174929 0.185999
8.4 6 0.676252 0.0458801 0.277242
8.4 6.2 0.61422 0.0147037 0.370828
8.4 6.4 0.518309 0.00546507 0.475945
8.4 6.6 0.411717 0.00214463 0.585794
8.4 6.8 0.309228 0.000847573 0.689491
8.4 7 0.220747 0.000332728 0.778449
8.4 7.2 0.150687 0.000130381 0.848818
8.4 7.4 0.0989181 5.21556e-05 0.900844
8.4 7.6 0.0627239 2.23949e-05 0.93728
8.4 7.8 0.0385387 1.12239e-05 0.961645
8.4 8 0.0229913 7.07824e-06 0.977316
8.4 8.2 0.0133352 5.55655e-06 0.987006
8.4 8.4 0.00752708 5.00706e-06 0.992765
8.4 8.6 0.00413885 4.81737e-06 0.996178
8.4 8.8 0.00222011 4.76333e-06 0.998125
8.4 9 0.00116578 4.76562e-06 0.999269
8.4 9.2 0.00060596 4.79863e-06 0.999897
8.4 9.4 0.000324745 4.86382e-06 1.00022
8.4 9.6 0.000204526 4.97236e-06 1.00037
8.4 9.8 0.000148516 5.43494e-06 1.00042
8.6 0 0.000285814 4.9178e-06 0.999048
8.6 0.2 0.000361606 4.92378e-06 0.998992
8.6 0.4 0.000619073 4.85862e-06 0.998767
8.6 0.6 0.00116089 4.81222e-06 0.998239
8.6 0.8 0.00219772 4.79803e-06 0.997252
8.6 1 0.00409248 4.84166e-06 0.995439
8.6 1.2 0.00744318 5.02076e-06 0.992153
8.6 1.4 0.0131909 5.55484e-06 0.986477
8.6 1.6 0.0227526 7.04554e-06 0.97697
8.6 1.8 0.0381582 1.11153e-05 0.96158
8.6 2 0.0621403 2.20995e-05 0.937606
8.6 2.2 0.0980606 5.13645e-05 0.901659
8.6 2.4 0.149484 0.000128301 0.8501
8.6 2.6 0.219152 0.000327366 0.780203
8.6 2.8 0.307259 0.000833964 0.691591
8.6 3 0.409475 0.0021102 0.588065
8.6 3.2 0.516018 0.0053752 0.478189
8.6 3.4 0.612188 0.0144389 0.372817
8.6 3.6 0.675117 0.0448944 0.278993
8.6 3.8 0.63918 0.170587 0.187933
8.6 4 0.343198 0.58306 0.0739385
8.6 4.2 0.0895382 0.897108 0.0138267
8.6 4.4 0.0241499 0.972588 0.00251611
8.6 4.6 0.00850178 0.989861 0.000641214
8.6 4.8 0.00522527 0.993443 0.000348102
8.6 5 0.00836538 0.990096 0.000627802
8.6 5.2 0.0236076 0.973307 0.00243922
8.6 5.4 0.0870926 0.900175 0.0133354
8.6 5.6 0.335153 0.593676 0.0716926
8.6 5.8 0.636732 0.175271 0.185881
8.6 6 0.676087 0.0459589 0.277155
8.6 6.2 0.614139 0.0147243 0.370739
8.6 6.4 0.518281 0.00547189 0.475861
8.6 6.6 0.411729 0.00214723 0.585733
8.6 6.8 0.309262 0.000848617 0.689468
8.6 7 0.220788 0.000333155 0.778469
8.6 7.2 0.150726 0.000130559 0.848877
8.6 7.4 0.098951 5.22331e-05 0.900936
8.6 7.6 0.0627492 2.24321e-05 0.937395
8.6 7.8 0.0385571 1.12451e-05 0.961777
8.6 8 0.023004 7.09307e-06 0.97746
8.6 8.2 0.0133436 5.56887e-06 0.987154
8.6 8.4 0.00753243 5.01842e-06 0.992913
8.6 8.6 0.00414213 4.82838e-06 0.996323
8.6 8.8 0.00222206 4.77424e-06 0.998266
8.6 9 0.00116691 4.77655e-06 0.999404
8.6 9.2 0.00060661 4.80964e-06 1.00003
8.6 9.4 0.000325133 4.87501e-06 1.00035
8.6 9.6 0.000204796 4.98382e-06 1.00049
8.6 9.8 0.00014873 5.44747e-06 1.00054
8.8 0 0.000286272 4.93644e-06 0.999103
8.8 0.2 0.000362135 4.94246e-06 0.999046
8.8 0.4 0.000619805 4.87707e-06 0.998821
8.8 0.6 0.00116201 4.83051e-06 0.998293
8.8 0.8 0.00219952 4.81627e-06 0.99731
8.8 1 0.00409536 4.86007e-06 0.995503
8.8 1.2 0.00744769 5.03973e-06 0.992226
8.8 1.4 0.0131977 5.57535e-06 0.986556
8.8 1.6 0.0227625 7.06999e-06 0.977049
8.8 1.8 0.0381718 1.11496e-05 0.961653
8.8 2 0.0621579 2.21586e-05 0.937664
8.8 2.2 0.0980819 5.14839e-05 0.901693
8.8 2.4 0.149507 0.000128567 0.8501
8.8 2.6 0.219172 0.000327986 0.780164
8.8 2.8 0.307267 0.000835441 0.691512
8.8 3 0.409455 0.00211381 0.587951
8.8 3.2 0.515953 0.00538451 0.478057
8.8 3.4 0.61206 0.0144668 0.372687
8.8 3.6 0.674888 0.0450012 0.278872
8.8 3.8 0.638659 0.171054 0.187775
8.8 4 0.342236 0.584123 0.0737256
8.8 4.2 0.0892471 0.897391 0.0137775
8.8 4.4 0.0240834 0.972632 0.00250805
8.8 4.6 0.00848216 0.989863 0.000639541
8.8 4.8 0.00521464 0.993438 0.000347333
8.8 5 0.00834814 0.990094 0.000626348
8.8 5.2 0.0235505 0.973338 0.00243243
8.8 5.4 0.0868427 0.900407 0.013294
8.8 5.6 0.334308 0.594592 0.0715103
8.8 5.8 0.636245 0.175685 0.185745
8.8 6 0.675854 0.0460525 0.277053
8.8 6.2 0.613994 0.0147483 0.370632
8.8 6.4 0.518194 0.00547981 0.475754
8.8 6.6 0.411686 0.00215027 0.585644
8.8 6.8 0.309249 0.000849865 0.68941
8.8 7 0.22079 0.000333682 0.778446
8.8 7.2 0.150735 0.000130788 0.84889
8.8 7.4 0.0989625 5.23383e-05 0.90098
8.8 7.6 0.0627602 2.24857e-05 0.937461
8.8 7.8 0.0385663 1.12775e-05 0.96186
8.8 8 0.0230111 7.11679e-06 0.97755
8.8 8.2 0.0133487 5.58911e-06 0.987245
8.8 8.4 0.00753599 5.03731e-06 0.993007
8.8 8.6 0.00414448 4.8468e-06 0.996416
8.8 8.8 0.00222355 4.79257e-06 0.998358
8.8 9 0.00116781 4.79496e-06 0.999492
8.8 9.2 0.000607156 4.82826e-06 1.00011
8.8 9.4 0.000325471 4.894e-06 1.00043
8.8 9.6 0.000205037 5.0033e-06 1.00057
8.8 9.8 0.000148937 5.46884e-06 1.00062
9 0 0.000286729 4.96676e-06 0.999139
9 0.2 0.000362629 4.97282e-06 0.999082
9 0.4 0.000620303 4.90702e-06 0.998853
9 0.6 0.00116258 4.86016e-06 0.998322
9 0.8 0.0022002 4.8458e-06 0.997336
9 1 0.00409611 4.88976e-06 0.995529
9 1.2 0.0074483 5.07018e-06 0.992254
9 1.4 0.0131977 5.60797e-06 0.986586
9 1.6 0.022761 7.10825e-06 0.977079
9 1.8 0.0381675 1.1202e-05 0.961678
9 2 0.0621489 2.22453e-05 0.937679
9 2.2 0.0980656 5.16524e-05 0.901689
9 2.4 0.14948 0.000128927 0.850069
9 2.6 0.219131 0.000328788 0.7801
9 2.8 0.307203 0.000837263 0.691411
9 3 0.409359 0.00211805 0.58782
9 3.2 0.515811 0.00539516 0.477913
9 3.4 0.611859 0.0144985 0.372551
9 3.6 0.674587 0.0451236 0.278746
9 3.8 0.638035 0.171599 0.187603
9 4 0.341104 0.585391 0.0734822
9 4.2 0.0889029 0.897758 0.013721
9 4.4 0.0240043 0.972717 0.00249888
9 4.6 0.00845912 0.989898 0.000637691
9 4.8 0.00520251 0.993464 0.000346519
9 5 0.00832827 0.990122 0.000624782
9 5.2 0.023484 0.973404 0.00242488
9 5.4 0.0865528 0.900706 0.0132475
9 5.6 0.333333 0.595663 0.0713058
9 5.8 0.635675 0.176156 0.185599
9 6 0.675556 0.0461567 0.276948
9 6.2 0.61378 0.0147746 0.370518
9 6.4 0.518031 0.00548851 0.475635
9 6.6 0.411567 0.00215375 0.585538
9 6.8 0.309164 0.000851375 0.689331
9 7 0.220731 0.000334361 0.778399
9 7.2 0.150695 0.000131101 0.848873
9 7.4 0.0989366 5.24891e-05 0.900988
9 7.6 0.0627447 2.25659e-05 0.937487
9 7.8 0.0385579 1.13276e-05 0.961897
9 8 0.0230071 7.15429e-06 0.977593
9 8.2 0.0133472 5.62148e-06 0.98729
9 8.4 0.00753568 5.06768e-06 0.993051
9 8.6 0.00414468 4.87647e-06 0.996459
9 8.8 0.0022239 4.82212e-06 0.998401
9 9 0.00116815 4.82469e-06 0.999534
9 9.2 0.000607414 4.85841e-06 1.00015
9 9.4 0.000325645 4.9248e-06 1.00047
9 9.6 0.000205162 5.035e-06 1.00061
9 9.8 0.000149112 5.50369e-06 1.00066
9.2 0 0.000287221 5.01428e-06 0.999161
9.2 0.2 0.000363204 5.02042e-06 0.999104
9.2 0.4 0.000621264 4.95402e-06 0.998873
9.2 0.6 0.0011643 4.90666e-06 0.998337
9.2 0.8 0.00220328 4.89205e-06 0.997347
9.2 1 0.00410157 4.93618e-06 0.995536
9.2 1.2 0.00745782 5.11767e-06 0.992256
9.2 1.4 0.013214 5.65868e-06 0.986587
9.2 1.6 0.0227882 7.16737e-06 0.977081
9.2 1.8 0.0382118 1.12821e-05 0.96168
9.2 2 0.0622187 2.23765e-05 0.937674
9.2 2.2 0.0981711 5.19035e-05 0.901669
9.2 2.4 0.149632 0.00012945 0.850024
9.2 2.6 0.219336 0.000329905 0.78002
9.2 2.8 0.30746 0.000839649 0.691296
9.2 3 0.409651 0.00212319 0.587678
9.2 3.2 0.516107 0.00540702 0.477762
9.2 3.4 0.612114 0.0145319 0.37241
9.2 3.6 0.674713 0.0452523 0.278616
9.2 3.8 0.637718 0.172187 0.187421
9.2 4 0.340002 0.586796 0.073214
9.2 4.2 0.0885418 0.898169 0.0136573
9.2 4.4 0.0239185 0.972806 0.00248835
9.2 4.6 0.00843462 0.989925 0.000635586
9.2 4.8 0.00519053 0.99348 0.000345637
9.2 5 0.00830803 0.990143 0.000623056
9.2 5.2 0.0234146 0.973473 0.00241646
9.2 5.4 0.0862604 0.901036 0.0131962
9.2 5.6 0.332427 0.59682 0.0710852
9.2 5.8 0.635429 0.176645 0.185446
9.2 6 0.67569 0.0462601 0.276837
9.2 6.2 0.61402 0.0148004 0.370396
9.2 6.4 0.518305 0.0054976 0.475503
9.2 6.6 0.411837 0.00215782 0.585416
9.2 6.8 0.309401 0.000853348 0.689234
9.2 7 0.22092 0.000335321 0.778332
9.2 7.2 0.150835 0.000131565 0.848836
9.2 7.4 0.0990341 5.27195e-05 0.900976
9.2 7.6 0.0628095 2.26901e-05 0.937495
9.2 7.8 0.0385992 1.14055e-05 0.961917
9.2 8 0.0230325 7.21271e-06 0.977614
9.2 8.2 0.0133623 5.67199e-06 0.98731
9.2 8.4 0.00754453 5.11511e-06 0.99307
9.2 8.6 0.00414976 4.92285e-06 0.99648
9.2 8.8 0.00222677 4.86833e-06 0.998426
9.2 9 0.00116975 4.87122e-06 0.99956
9.2 9.2 0.00060832 4.90566e-06 1.00018
9.2 9.4 0.000326186 4.97323e-06 1.00051
9.2 9.6 0.000205537 5.08502e-06 1.00065
9.2 9.8 0.000149368 5.55876e-06 1.00069
9.4 0 0.000287774 5.08661e-06 0.999177
9.4 0.2 0.000363798 5.09295e-06 0.999123
9.4 0.4 0.000621968 5.02564e-06 0.998893
9.4 0.6 0.00116537 4.97749e-06 0.998357
9.4 0.8 0.00220503 4.96243e-06 0.997364
9.4 1 0.0041044 5.00676e-06 0.995546
9.4 1.2 0.00746236 5.18982e-06 0.99226
9.4 1.4 0.0132212 5.73559e-06 0.986587
9.4 1.6 0.0227998 7.25697e-06 0.977082
9.4 1.8 0.0382303 1.14038e-05 0.961679
9.4 2 0.0622478 2.25779e-05 0.937665
9.4 2.2 0.0982159 5.22931e-05 0.901644
9.4 2.4 0.149698 0.000130266 0.84997
9.4 2.6 0.219428 0.000331638 0.779932
9.4 2.8 0.307574 0.000843229 0.69117
9.4 3 0.409777 0.00213032 0.587523
9.4 3.2 0.516224 0.00542137 0.477598
9.4 3.4 0.612193 0.0145663 0.372258
9.4 3.6 0.674691 0.0453741 0.278479
9.4 3.8 0.63731 0.172751 0.187235
9.4 4 0.338817 0.588246 0.0729337
9.4 4.2 0.0881363 0.898612 0.0135879
9.4 4.4 0.0238231 0.972889 0.00247727
9.4 4.6 0.00841105 0.989929 0.000633735
9.4 4.8 0.00518187 0.993472 0.000345092
9.4 5 0.00829053 0.990148 0.000621734
9.4 5.2 0.0233422 0.973535 0.00240825
9.4 5.4 0.0859424 0.901379 0.0131423
9.4 5.6 0.33148 0.597974 0.0708602
9.4 5.8 0.635116 0.177085 0.18529
9.4 6 0.675684 0.0463454 0.276716
9.4 6.2 0.614087 0.0148235 0.370257
9.4 6.4 0.518399 0.005508 0.475349
9.4 6.6 0.41194 0.00216351 0.585269
9.4 6.8 0.309496 0.000856409 0.689114
9.4 7 0.220997 0.000336871 0.778245
9.4 7.2 0.150891 0.000132319 0.848784
9.4 7.4 0.0990719 5.30882e-05 0.900952
9.4 7.6 0.0628342 2.28848e-05 0.937491
9.4 7.8 0.0386149 1.15253e-05 0.961922
9.4 8 0.0230424 7.30172e-06 0.977622
9.4 8.2 0.0133686 5.74872e-06 0.987322
9.4 8.4 0.00754855 5.18717e-06 0.993085
9.4 8.6 0.0041523 4.99331e-06 0.996501
9.4 8.8 0.00222837 4.93853e-06 0.998451
9.4 9 0.00117075 4.94188e-06 0.999592
9.4 9.2 0.000608941 4.97742e-06 1.00022
9.4 9.4 0.000326564 5.04698e-06 1.00054
9.4 9.6 0.00020575 5.16168e-06 1.00068
9.4 9.8 0.000149628 5.64332e-06 1.00072
9.6 0 0.000288525 5.19367e-06 0.999167
9.6 0.2 0.000364755 5.20101e-06 0.999133
9.6 0.4 0.000623656 5.13249e-06 0.998908
9.6 0.6 0.00116842 5.083e-06 0.998372
9.6 0.8 0.00221051 5.0672e-06 0.997381
9.6 1 0.00411399 5.11173e-06 0.995564
9.6 1.2 0.00747884 5.29705e-06 0.99226
9.6 1.4 0.0132488 5.84986e-06 0.986588
9.6 1.6 0.0228446 7.39047e-06 0.977073
9.6 1.8 0.038301 1.15863e-05 0.96167
9.6 2 0.0623557 2.28885e-05 0.937641
9.6 2.2 0.0983738 5.29164e-05 0.901619
9.6 2.4 0.149918 0.000131629 0.849905
9.6 2.6 0.219721 0.000334662 0.779842
9.6 2.8 0.307935 0.000849736 0.691046
9.6 3 0.410189 0.00214357 0.587374
9.6 3.2 0.516653 0.00544691 0.477445
9.6 3.4 0.61259 0.0146161 0.372109
9.6 3.6 0.674997 0.0454929 0.278341
9.6 3.8 0.637288 0.173187 0.187057
9.6 4 0.337853 0.58959 0.0726533
9.6 4.2 0.0877178 0.899111 0.0135079
9.6 4.4 0.0237384 0.972983 0.00246681
9.6 4.6 0.00840395 0.989926 0.000633251
9.6 4.8 0.00518932 0.993467 0.000345728
9.6 5 0.00829251 0.990157 0.000622029
9.6 5.2 0.0232941 0.973596 0.00240234
9.6 5.4 0.0856419 0.901736 0.0130834
9.6 5.6 0.330778 0.598997 0.0706391
9.6 5.8 0.635212 0.177367 0.185139
9.6 6 0.676029 0.0464031 0.276594
9.6 6.2 0.614485 0.0148558 0.37012
9.6 6.4 0.518819 0.00552831 0.475201
9.6 6.6 0.412339 0.00217511 0.585127
9.6 6.8 0.309846 0.0008624 0.688991
9.6 7 0.22128 0.000339734 0.778145
9.6 7.2 0.151106 0.000133634 0.848721
9.6 7.4 0.0992267 5.36972e-05 0.900915
9.6 7.6 0.06294 2.31913e-05 0.93747
9.6 7.8 0.0386844 1.17076e-05 0.961908
9.6 8 0.0230865 7.43477e-06 0.977616
9.6 8.2 0.0133958 5.8628e-06 0.987322
9.6 8.4 0.00756482 5.29425e-06 0.99309
9.6 8.6 0.00416183 5.09803e-06 0.996529
9.6 8.8 0.00223378 5.04276e-06 0.998476
9.6 9 0.00117378 5.04664e-06 0.999613
9.6 9.2 0.000610637 5.08358e-06 1.00024
9.6 9.4 0.000327551 5.15649e-06 1.00056
9.6 9.6 0.000206269 5.27705e-06 1.0007
9.6 9.8 0.000150187 5.77056e-06 1.00075
9.8 0 0.000289778 5.82973e-06 0.999237
9.8 0.2 0.00036629 5.83915e-06 0.999166
9.8 0.4 0.000626208 5.75743e-06 0.998914
9.8 0.6 0.00117279 5.6995e-06 0.998367
9.8 0.8 0.00221798 5.68071e-06 0.99735
9.8 1 0.00412668 5.72961e-06 0.995516
9.8 1.2 0.00749969 5.93472e-06 0.992233
9.8 1.4 0.0132822 6.54728e-06 0.98655
9.8 1.6 0.0228965 8.25422e-06 0.977023
9.8 1.8 0.0383793 1.2904e-05 0.961605
9.8 2 0.0624698 2.5406e-05 0.937555
9.8 2.2 0.0985343 5.86034e-05 0.90148
9.8 2.4 0.150134 0.00014553 0.849772
9.8 2.6 0.219991 0.000369421 0.779669
9.8 2.8 0.30824 0.000936283 0.690825
9.8 3 0.410468 0.00235631 0.587093
9.8 3.2 0.516748 0.00596728 0.477063
9.8 3.4 0.612107 0.0159227 0.371548
9.8 3.6 0.672804 0.0489637 0.277278
9.8 3.8 0.631385 0.181272 0.185113
9.8 4 0.337254 0.59057 0.0723216
9.8 4.2 0.0914368 0.894868 0.0140203
9.8 4.4 0.0254459 0.971113 0.00263884
9.8 4.6 0.00913052 0.989169 0.000688242
9.8 4.8 0.00567093 0.992939 0.000378225
9.8 5 0.00902712 0.989337 0.000677585
9.8 5.2 0.0250738 0.971639 0.00258207
9.8 5.4 0.0899974 0.896788 0.0136951
9.8 5.6 0.333111 0.596368 0.0709273
9.8 5.8 0.630371 0.184092 0.183478
9.8 6 0.67395 0.0497018 0.275556
9.8 6.2 0.614006 0.0161419 0.369552
9.8 6.4 0.518913 0.00604703 0.474848
9.8 6.6 0.412608 0.00238837 0.584857
9.8 6.8 0.31014 0.000949451 0.688781
9.8 7 0.221543 0.000374778 0.778007
9.8 7.2 0.151318 0.00014767 0.848604
9.8 7.4 0.0993852 5.94435e-05 0.900827
9.8 7.6 0.0630526 2.57326e-05 0.937396
9.8 7.8 0.0387619 1.30312e-05 0.961857
9.8 8 0.0231379 8.3018e-06 0.977575
9.8 8.2 0.0134289 6.56106e-06 0.987297
9.8 8.4 0.00758555 5.93136e-06 0.993108
9.8 8.6 0.00417441 5.71412e-06 0.996512
9.8 8.8 0.00224127 5.65323e-06 0.998467
9.8 9 0.00117811 5.65791e-06 0.99958
9.8 9.2 0.000613185 5.69963e-06 1.0002
9.8 9.4 0.000329289 5.78067e-06 1.00053
9.8 9.6 0.000208146 5.92539e-06 1.00067
9.8 9.8 0.000149103 6.54098e-06 1.00071
