0 0 0.0148993 0.989334 3.93828e-06
0 0.12 0.0181238 0.986238 4.61994e-06
0 0.24 0.0290437 0.975562 6.59242e-06
0 0.36 0.0553951 0.949586 1.02673e-05
0 0.48 0.119114 0.886408 1.63141e-05
0 0.6 0.263119 0.743392 2.46056e-05
0 0.72 0.50985 0.49801 3.10638e-05
0 0.84 0.753965 0.254978 2.8891e-05
0 0.96 0.894684 0.114665 2.07994e-05
0 1.08 0.956792 0.0524014 1.31802e-05
0 1.2 0.982342 0.0264663 8.14089e-06
0 1.32 0.992256 0.0162095 5.53562e-06
0 1.44 0.994296 0.014022 4.93202e-06
0 1.56 0.990024 0.0183849 6.20129e-06
0 1.68 0.976386 0.0322807 9.60535e-06
0 1.8 0.942665 0.0662072 1.5608e-05
0 1.92 0.862051 0.146619 2.39636e-05
0 2.04 0.689585 0.318141 3.1245e-05
0 2.16 0.429433 0.576707 3.05957e-05
0 2.28 0.210017 0.794646 2.26941e-05
0 2.4 0.09499 0.908831 1.47313e-05
0 2.52 0.0452855 0.958203 9.2499e-06
0 2.64 0.0243022 0.979089 5.95137e-06
0 2.76 0.0157022 0.98768 4.26492e-06
0 2.88 0.0136411 0.989785 3.86752e-06
0 3 0.0168649 0.986656 4.68529e-06
0 3.12 0.0273234 0.976332 6.87739e-06
0 3.24 0.0523179 0.951567 1.08686e-05
0 3.36 0.111503 0.892875 1.73086e-05
0 3.48 0.24549 0.759848 2.6229e-05
0 3.6 0.482848 0.52385 3.37816e-05
0 3.72 0.73218 0.275626 3.23672e-05
0 3.84 0.882806 0.125353 2.37713e-05
0 3.96 0.950835 0.0570962 1.51568e-05
0 4.08 0.979309 0.0281703 9.22908e-06
0 4.2 0.990978 0.0161092 5.9179e-06
0 4.32 0.994704 0.0121935 4.68259e-06
0 4.44 0.993071 0.0138768 5.24752e-06
0 4.56 0.985024 0.0222126 7.74378e-06
0 4.68 0.964746 0.0429169 1.26558e-05
0 4.8 0.916188 0.0917837 2.04048e-05
0 4.92 0.803927 0.20393 2.97591e-05
0 5.04 0.588996 0.418162 3.49877e-05
0 5.16 0.329432 0.676643 3.03036e-05
0 5.28 0.153941 0.851192 2.10367e-05
0 5.4 0.0708801 0.933753 1.34178e-05
0 5.52 0.0353922 0.969087 8.43698e-06
0 5.64 0.0201999 0.984329 5.53421e-06
0 5.76 0.0137828 0.990537 4.0025e-06
0 5.88 0.0133894 0.991021 3.96202e-06
0.2 0 0.0149969 0.988963 3.97008e-06
0.2 0.12 0.0182627 0.985592 4.66288e-06
0.2 0.24 0.0291824 0.974502 6.63606e-06
0.2 0.36 0.0555213 0.948023 1.03142e-05
0.2 0.48 0.119461 0.884262 1.63853e-05
0.2 0.6 0.263823 0.740638 2.46937e-05
0.2 0.72 0.510231 0.495532 3.11191e-05
0.2 0.84 0.753376 0.253613 2.89154e-05
0.2 0.96 0.893664 0.113997 2.08212e-05
0.2 1.08 0.955729 0.0520514 1.31988e-05
0.2 1.2 0.981362 0.0262671 8.1544e-06
0.2 1.32 0.991356 0.0160765 5.54513e-06
0.2 1.44 0.993422 0.0139022 4.94006e-06
0.2 1.56 0.98912 0.0182301 6.21051e-06
0.2 1.68 0.975421 0.0320252 9.61767e-06
0.2 1.8 0.941678 0.0657296 1.56233e-05
0.2 1.92 0.861246 0.145656 2.39796e-05
0.2 2.04 0.689497 0.316178 3.12745e-05
0.2 2.16 0.430288 0.573677 3.06793e-05
0.2 2.28 0.210754 0.791861 2.27975e-05
0.2 2.4 0.0952429 0.906763 1.48038e-05
0.2 2.52 0.0453064 0.956588 9.29129e-06
0.2 2.64 0.0242591 0.977748 5.97414e-06
0.2 2.76 0.0156493 0.986505 4.27865e-06
0.2 2.88 0.0135859 0.988656 3.8786e-06
0.2 3 0.0168039 0.985443 4.69917e-06
0.2 3.12 0.0272639 0.974926 6.90082e-06
0.2 3.24 0.0523129 0.94986 1.09118e-05
0.2 3.36 0.111703 0.89069 1.73834e-05
0.2 3.48 0.246025 0.7571 2.63285e-05
0.2 3.6 0.483128 0.5213 3.38534e-05
0.2 3.72 0.73155 0.274179 3.24033e-05
0.2 3.84 0.881752 0.124645 2.38018e-05
0.2 3.96 0.94974 0.0567279 1.51818e-05
0.2 4.08 0.97828 0.0279646 9.24639e-06
0.2 4.2 0.990026 0.0159799 5.92915e-06
0.2 4.32 0.993797 0.0120897 4.69083e-06
0.2 4.44 0.992159 0.0137576 5.25574e-06
0.2 4.56 0.984065 0.0220294 7.75458e-06
0.2 4.68 0.963726 0.0425893 1.26705e-05
0.2 4.8 0.915194 0.0911487 2.0422e-05
0.2 4.92 0.803273 0.202626 2.97785e-05
0.2 5.04 0.589255 0.415657 3.50387e-05
0.2 5.16 0.330276 0.673475 3.04104e-05
0.2 5.28 0.154392 0.848552 2.11358e-05
0.2 5.4 0.0709417 0.931709 1.34781e-05
0.2 5.52 0.0352895 0.967379 8.46406e-06
0.2 5.64 0.0200123 0.98268 5.53397e-06
0.2 5.76 0.0136372 0.989201 3.99751e-06
0.2 5.88 0.0133275 0.98946 3.98504e-06
0.4 0 0.0148332 0.989203 3.94584e-06
0.4 0.12 0.0180839 0.985835 4.64048e-06
0.4 0.24 0.0288957 0.975011 6.6044e-06
0.4 0.36 0.0550348 0.948872 1.02729e-05
0.4 0.48 0.118721 0.88527 1.63472e-05
0.4 0.6 0.263058 0.741336 2.46926e-05
0.4 0.72 0.510261 0.495056 3.11762e-05
0.4 0.84 0.753366 0.252326 2.89619e-05
0.4 0.96 0.89309 0.112952 2.08233e-05
0.4 1.08 0.954706 0.0514129 1.31798e-05
0.4 1.2 0.980203 0.0258926 8.13217e-06
0.4 1.32 0.990184 0.0158235 5.52384e-06
0.4 1.44 0.992253 0.0136698 4.91762e-06
0.4 1.56 0.987982 0.0179235 6.18321e-06
0.4 1.68 0.97442 0.0315072 9.58334e-06
0.4 1.8 0.941065 0.0647544 1.55881e-05
0.4 1.92 0.861504 0.143863 2.39726e-05
0.4 2.04 0.690878 0.313653 3.13476e-05
0.4 2.16 0.431463 0.572039 3.07986e-05
0.4 2.28 0.210807 0.792121 2.28556e-05
0.4 2.4 0.0948752 0.907717 1.48055e-05
0.4 2.52 0.0449551 0.957284 9.27246e-06
0.4 2.64 0.0239958 0.978243 5.95137e-06
0.4 2.76 0.0154443 0.98691 4.25602e-06
0.4 2.88 0.0133906 0.989021 3.85432e-06
0.4 3 0.0165636 0.985839 4.66971e-06
0.4 3.12 0.0269096 0.975431 6.86305e-06
0.4 3.24 0.051753 0.950617 1.08666e-05
0.4 3.36 0.110849 0.891651 1.73426e-05
0.4 3.48 0.245009 0.757891 2.63274e-05
0.4 3.6 0.48257 0.521051 3.39232e-05
0.4 3.72 0.731348 0.272998 3.24744e-05
0.4 3.84 0.881156 0.123585 2.38212e-05
0.4 3.96 0.948738 0.0560717 1.5171e-05
0.4 4.08 0.977079 0.0275834 9.2272e-06
0.4 4.2 0.988775 0.0157374 5.90945e-06
0.4 4.32 0.992575 0.0118919 4.67043e-06
0.4 4.44 0.990975 0.013526 5.23118e-06
0.4 4.56 0.982957 0.021666 7.72226e-06
0.4 4.68 0.962803 0.0419255 1.26305e-05
0.4 4.8 0.914812 0.089886 2.03893e-05
0.4 4.92 0.803936 0.200466 2.97985e-05
0.4 5.04 0.590634 0.413225 3.51478e-05
0.4 5.16 0.330821 0.67249 3.05144e-05
0.4 5.28 0.154079 0.848813 2.11635e-05
0.4 5.4 0.07047 0.932247 1.34624e-05
0.4 5.52 0.0348943 0.967888 8.43462e-06
0.4 5.64 0.0196936 0.983181 5.50019e-06
0.4 5.76 0.0133763 0.98952 3.96292e-06
0.4 5.88 0.0130906 0.989836 3.95852e-06
0.6 0 0.0147782 0.989482 3.94532e-06
0.6 0.12 0.0180183 0.986127 4.64032e-06
0.6 0.24 0.0288051 0.975366 6.60719e-06
0.6 0.36 0.054909 0.949324 1.02841e-05
0.6 0.48 0.118586 0.885764 1.63777e-05
0.6 0.6 0.263052 0.741627 2.47556e-05
0.6 0.72 0.510517 0.49482 3.12605e-05
0.6 0.84 0.753486 0.251831 2.90199e-05
0.6 0.96 0.892846 0.112579 2.08449e-05
0.6 1.08 0.954258 0.051192 1.31822e-05
0.6 1.2 0.979719 0.0257598 8.12718e-06
0.6 1.32 0.989724 0.0157273 5.51566e-06
0.6 1.44 0.991822 0.0135734 4.90676e-06
0.6 1.56 0.987587 0.0177874 6.1688e-06
0.6 1.68 0.974109 0.0312636 9.56524e-06
0.6 1.8 0.940998 0.0642598 1.55716e-05
0.6 1.92 0.862034 0.142855 2.39791e-05
0.6 2.04 0.69231 0.311998 3.1422e-05
0.6 2.16 0.433058 0.570571 3.09393e-05
0.6 2.28 0.2116 0.791673 2.29762e-05
0.6 2.4 0.0950996 0.907838 1.48763e-05
0.6 2.52 0.0449762 0.957487 9.30811e-06
0.6 2.64 0.0239623 0.978389 5.96765e-06
0.6 2.76 0.0153966 0.987012 4.26243e-06
0.6 2.88 0.0133322 0.989108 3.85618e-06
0.6 3 0.0164851 0.985939 4.67058e-06
0.6 3.12 0.0267945 0.9756 6.86689e-06
0.6 3.24 0.051581 0.950916 1.088e-05
0.6 3.36 0.110614 0.892069 1.73771e-05
0.6 3.48 0.244792 0.758243 2.63989e-05
0.6 3.6 0.482529 0.520993 3.4027e-05
0.6 3.72 0.731302 0.272624 3.25595e-05
0.6 3.84 0.880862 0.123257 2.38635e-05
0.6 3.96 0.948275 0.0558686 1.51854e-05
0.6 4.08 0.976562 0.0274616 9.22841e-06
0.6 4.2 0.988263 0.0156537 5.90466e-06
0.6 4.32 0.992085 0.0118158 4.66185e-06
0.6 4.44 0.990505 0.0134285 5.21853e-06
0.6 4.56 0.982523 0.0215038 7.70468e-06
0.6 4.68 0.962487 0.0416108 1.26095e-05
0.6 4.8 0.914841 0.0892361 2.03758e-05
0.6 4.92 0.804698 0.199217 2.98267e-05
0.6 5.04 0.592118 0.411536 3.52593e-05
0.6 5.16 0.331966 0.671415 3.06601e-05
0.6 5.28 0.154488 0.848563 2.12658e-05
0.6 5.4 0.0705228 0.932291 1.35173e-05
0.6 5.52 0.0348421 0.967943 8.46013e-06
0.6 5.64 0.0196197 0.983194 5.50984e-06
0.6 5.76 0.0133047 0.98948 3.96551e-06
0.6 5.88 0.0130167 0.98978 3.9607e-06
0.8 0 0.0147707 0.990015 3.95115e-06
0.8 0.12 0.0180048 0.986509 4.64615e-06
0.8 0.24 0.0287887 0.975508 6.61714e-06
0.8 0.36 0.0548979 0.949268 1.03034e-05
0.8 0.48 0.118613 0.88562 1.64149e-05
0.8 0.6 0.263198 0.741371 2.48189e-05
0.8 0.72 0.510792 0.494416 3.13386e-05
0.8 0.84 0.753617 0.251475 2.90803e-05
0.8 0.96 0.892748 0.112375 2.08794e-05
0.8 1.08 0.954044 0.0510878 1.31993e-05
0.8 1.2 0.979487 0.0257002 8.13463e-06
0.8 1.32 0.989516 0.0156818 5.51763e-06
0.8 1.44 0.991644 0.0135222 4.90526e-06
0.8 1.56 0.987442 0.0177072 6.16482e-06
0.8 1.68 0.974032 0.0311067 9.56e-06
0.8 1.8 0.94111 0.0639125 1.55694e-05
0.8 1.92 0.862609 0.142075 2.39956e-05
0.8 2.04 0.693624 0.310547 3.1491e-05
0.8 2.16 0.434602 0.568938 3.10653e-05
0.8 2.28 0.212512 0.790654 2.30919e-05
0.8 2.4 0.0954714 0.907308 1.4951e-05
0.8 2.52 0.0451091 0.95716 9.35069e-06
0.8 2.64 0.0240059 0.97814 5.99082e-06
0.8 2.76 0.0154056 0.986802 4.27502e-06
0.8 2.88 0.0133247 0.988906 3.86392e-06
0.8 3 0.0164659 0.985718 4.67783e-06
0.8 3.12 0.0267631 0.975357 6.87812e-06
0.8 3.24 0.0515353 0.950683 1.09014e-05
0.8 3.36 0.110559 0.891874 1.74178e-05
0.8 3.48 0.244759 0.758068 2.64692e-05
0.8 3.6 0.482553 0.520769 3.41222e-05
0.8 3.72 0.731274 0.2724 3.26448e-05
0.8 3.84 0.880699 0.123116 2.39188e-05
0.8 3.96 0.94804 0.0557936 1.5216e-05
0.8 4.08 0.976323 0.0274186 9.24374e-06
0.8 4.2 0.988047 0.0156215 5.9111e-06
0.8 4.32 0.991885 0.0117808 4.66296e-06
0.8 4.44 0.990308 0.0133764 5.21609e-06
0.8 4.56 0.982338 0.0214076 7.69977e-06
0.8 4.68 0.962377 0.0414071 1.26044e-05
0.8 4.8 0.914986 0.088775 2.03786e-05
0.8 4.92 0.805414 0.198235 2.98618e-05
0.8 5.04 0.593472 0.409993 3.53601e-05
0.8 5.16 0.333151 0.670074 3.07943e-05
0.8 5.28 0.155059 0.847795 2.13686e-05
0.8 5.4 0.0707296 0.931807 1.35793e-05
0.8 5.52 0.0349055 0.967499 8.49449e-06
0.8 5.64 0.0196334 0.982629 5.52861e-06
0.8 5.76 0.0133024 0.98896 3.97665e-06
0.8 5.88 0.0130119 0.989177 3.9713e-06
1 0 0.0147846 0.99154 3.95922e-06
1 0.12 0.0180084 0.98818 4.65236e-06
1 0.24 0.0287919 0.977413 6.62649e-06
1 0.36 0.0549076 0.951352 1.03199e-05
1 0.48 0.118644 0.887648 1.64444e-05
1 0.6 0.26327 0.743014 2.48659e-05
1 0.72 0.510864 0.495378 3.13958e-05
1 0.84 0.753519 0.251881 2.91275e-05
1 0.96 0.892481 0.112529 2.09097e-05
1 1.08 0.953711 0.0511487 1.3217e-05
1 1.2 0.97917 0.025725 8.14416e-06
1 1.32 0.989239 0.0156893 5.522e-06
1 1.44 0.991396 0.0135178 4.90617e-06
1 1.56 0.987209 0.0176883 6.16315e-06
1 1.68 0.973828 0.0310583 9.55641e-06
1 1.8 0.941034 0.0637928 1.55665e-05
1 1.92 0.862896 0.141805 2.4004e-05
1 2.04 0.694535 0.310147 3.1537e-05
1 2.16 0.435793 0.568997 3.11576e-05
1 2.28 0.213273 0.791761 2.31816e-05
1 2.4 0.0958108 0.909126 1.50117e-05
1 2.52 0.0452467 0.959225 9.38683e-06
1 2.64 0.0240617 0.98023 6.01142e-06
1 2.76 0.0154274 0.98886 4.28679e-06
1 2.88 0.0133304 0.99095 3.87139e-06
1 3 0.0164617 0.987792 4.68446e-06
1 3.12 0.0267497 0.977497 6.88731e-06
1 3.24 0.0515081 0.952876 1.09174e-05
1 3.36 0.110503 0.894012 1.74464e-05
1 3.48 0.244644 0.759917 2.65169e-05
1 3.6 0.482354 0.522029 3.41885e-05
1 3.72 0.73099 0.273026 3.27106e-05
1 3.84 0.880348 0.123376 2.39668e-05
1 3.96 0.947677 0.0559016 1.52459e-05
1 4.08 0.975998 0.027466 9.26084e-06
1 4.2 0.987768 0.0156419 5.92002e-06
1 4.32 0.991631 0.0117868 4.66676e-06
1 4.44 0.990049 0.0133713 5.21654e-06
1 4.56 0.982061 0.0213866 7.69788e-06
1 4.68 0.962124 0.0413512 1.26014e-05
1 4.8 0.914906 0.0886382 2.03797e-05
1 4.92 0.805784 0.197968 2.98842e-05
1 5.04 0.594405 0.409811 3.54303e-05
1 5.16 0.334061 0.670702 3.08938e-05
1 5.28 0.155542 0.849378 2.14485e-05
1 5.4 0.0709308 0.933883 1.363e-05
1 5.52 0.0349854 0.969738 8.52412e-06
1 5.64 0.0196663 0.984959 5.54597e-06
1 5.76 0.0133189 0.991229 3.98802e-06
1 5.88 0.0130258 0.991478 3.98214e-06
1.2 0 0.0148057 0.99299 3.9675e-06
1.2 0.12 0.0180107 0.989695 4.6563e-06
1.2 0.24 0.0287861 0.979008 6.63146e-06
1.2 0.36 0.0548896 0.952983 1.03281e-05
1.2 0.48 0.118595 0.889174 1.64584e-05
1.2 0.6 0.263134 0.744216 2.48876e-05
1.2 0.72 0.510539 0.496081 3.14216e-05
1.2 0.84 0.752914 0.25218 2.9149e-05
1.2 0.96 0.891688 0.112639 2.09238e-05
1.2 1.08 0.952849 0.0511902 1.32253e-05
1.2 1.2 0.978316 0.0257404 8.14842e-06
1.2 1.32 0.988414 0.0156919 5.52312e-06
1.2 1.44 0.990591 0.0135103 4.90435e-06
1.2 1.56 0.986408 0.0176665 6.15791e-06
1.2 1.68 0.973043 0.0310067 9.54676e-06
1.2 1.8 0.940352 0.0636716 1.55524e-05
1.2 1.92 0.862534 0.141537 2.39917e-05
1.2 2.04 0.694768 0.309722 3.1548e-05
1.2 2.16 0.436437 0.568871 3.12062e-05
1.2 2.28 0.213745 0.79247 2.32363e-05
1.2 2.4 0.0960304 0.910488 1.50506e-05
1.2 2.52 0.0453367 0.960908 9.41058e-06
1.2 2.64 0.0240978 0.98205 6.02516e-06
1.2 2.76 0.0154401 0.990737 4.29448e-06
1.2 2.88 0.0133301 0.992845 3.87566e-06
1.2 3 0.0164501 0.98968 4.68715e-06
1.2 3.12 0.0267215 0.979358 6.88999e-06
1.2 3.24 0.0514449 0.954676 1.09217e-05
1.2 3.36 0.110355 0.895681 1.74545e-05
1.2 3.48 0.244305 0.76133 2.65318e-05
1.2 3.6 0.481728 0.52302 3.42139e-05
1.2 3.72 0.730154 0.273538 3.2742e-05
1.2 3.84 0.879425 0.12359 2.39929e-05
1.2 3.96 0.946748 0.0559883 1.52633e-05
1.2 4.08 0.975105 0.0275026 9.27103e-06
1.2 4.2 0.986917 0.0156568 5.92503e-06
1.2 4.32 0.990802 0.0117897 4.66792e-06
1.2 4.44 0.989217 0.0133638 5.21431e-06
1.2 4.56 0.981214 0.0213634 7.69188e-06
1.2 4.68 0.961293 0.0412944 1.2591e-05
1.2 4.8 0.914217 0.0885059 2.03665e-05
1.2 4.92 0.805491 0.19771 2.98794e-05
1.2 5.04 0.594681 0.409574 3.54573e-05
1.2 5.16 0.334521 0.671071 3.09472e-05
1.2 5.28 0.155813 0.850554 2.14953e-05
1.2 5.4 0.0710457 0.93557 1.36606e-05
1.2 5.52 0.0350306 0.9717 8.54241e-06
1.2 5.64 0.0196851 0.987104 5.55711e-06
1.2 5.76 0.0133283 0.993443 3.99542e-06
1.2 5.88 0.0130342 0.993735 3.98943e-06
1.4 0 0.0148166 0.994048 3.97241e-06
1.4 0.12 0.0180002 0.990794 4.65605e-06
1.4 0.24 0.0287577 0.980147 6.6291e-06
1.4 0.36 0.054824 0.954122 1.03228e-05
1.4 0.48 0.118439 0.89022 1.64484e-05
1.4 0.6 0.262766 0.745039 2.48713e-05
1.4 0.72 0.509819 0.496584 3.14008e-05
1.4 0.84 0.751856 0.252403 2.91302e-05
1.4 0.96 0.890449 0.11272 2.09103e-05
1.4 1.08 0.951566 0.0512185 1.32165e-05
1.4 1.2 0.977061 0.0257494 8.14236e-06
1.4 1.32 0.987197 0.0156914 5.51742e-06
1.4 1.44 0.989389 0.0135013 4.89667e-06
1.4 1.56 0.985192 0.0176441 6.14542e-06
1.4 1.68 0.971811 0.0309566 9.52579e-06
1.4 1.8 0.939176 0.0635578 1.55192e-05
1.4 1.92 0.861614 0.14129 2.39479e-05
1.4 2.04 0.694392 0.309316 3.15113e-05
1.4 2.16 0.436554 0.568637 3.11991e-05
1.4 2.28 0.213911 0.792842 2.3246e-05
1.4 2.4 0.0961057 0.911383 1.50604e-05
1.4 2.52 0.045359 0.962101 9.41672e-06
1.4 2.64 0.0240992 0.983386 6.02813e-06
1.4 2.76 0.0154319 0.992141 4.29494e-06
1.4 2.88 0.0133131 0.994275 3.87378e-06
1.4 3 0.0164192 0.991102 4.68261e-06
1.4 3.12 0.026663 0.980744 6.88192e-06
1.4 3.24 0.0513252 0.955992 1.09085e-05
1.4 3.36 0.110091 0.896884 1.74338e-05
1.4 3.48 0.243729 0.762369 2.65024e-05
1.4 3.6 0.480702 0.523807 3.4184e-05
1.4 3.72 0.728835 0.273972 3.27241e-05
1.4 3.84 0.878017 0.123772 2.39845e-05
1.4 3.96 0.945356 0.0560597 1.52593e-05
1.4 4.08 0.973775 0.0275316 9.26851e-06
1.4 4.2 0.985647 0.0156679 5.92222e-06
1.4 4.32 0.989565 0.0117909 4.6633e-06
1.4 4.44 0.987977 0.0133558 5.20601e-06
1.4 4.56 0.979949 0.0213414 7.67715e-06
1.4 4.68 0.960014 0.0412431 1.25661e-05
1.4 4.8 0.913029 0.0883911 2.03286e-05
1.4 4.92 0.804628 0.19749 2.98344e-05
1.4 5.04 0.594359 0.409351 3.54272e-05
1.4 5.16 0.334534 0.671271 3.09426e-05
1.4 5.28 0.155847 0.851361 2.14995e-05
1.4 5.4 0.0710472 0.936801 1.36638e-05
1.4 5.52 0.0350186 0.973181 8.54325e-06
1.4 5.64 0.0196717 0.988747 5.55708e-06
1.4 5.76 0.0133161 0.995167 3.9946e-06
1.4 5.88 0.0130214 0.995475 3.98872e-06
1.6 0 0.0148005 0.994449 3.966e-06
1.6 0.12 0.0179652 0.991224 4.64312e-06
1.6 0.24 0.0286893 0.980609 6.60234e-06
1.6 0.36 0.0546823 0.954598 1.02708e-05
1.6 0.48 0.118131 0.890664 1.63547e-05
1.6 0.6 0.262121 0.745401 2.4725e-05
1.6 0.72 0.508687 0.496829 3.12173e-05
1.6 0.84 0.750383 0.252515 2.89633e-05
1.6 0.96 0.888873 0.112753 2.07918e-05
1.6 1.08 0.950018 0.0512242 1.31417e-05
1.6 1.2 0.975581 0.0257467 8.09558e-06
1.6 1.32 0.985771 0.015684 5.48422e-06
1.6 1.44 0.987976 0.0134873 4.86478e-06
1.6 1.56 0.983749 0.0176172 6.1028e-06
1.6 1.68 0.970315 0.0309015 9.45823e-06
1.6 1.8 0.937668 0.0634394 1.54099e-05
1.6 1.92 0.860255 0.14104 2.37847e-05
1.6 2.04 0.693465 0.308882 3.13117e-05
1.6 2.16 0.436149 0.568234 3.1022e-05
1.6 2.28 0.213741 0.792796 2.31244e-05
1.6 2.4 0.0960005 0.911656 1.49835e-05
1.6 2.52 0.0452843 0.962533 9.36814e-06
1.6 2.64 0.0240443 0.983865 5.99595e-06
1.6 2.76 0.0153864 0.99263 4.27045e-06
1.6 2.88 0.0132647 0.994774 3.84967e-06
1.6 3 0.0163518 0.991621 4.65156e-06
1.6 3.12 0.0265511 0.981292 6.83536e-06
1.6 3.24 0.0511176 0.956564 1.0835e-05
1.6 3.36 0.109673 0.897463 1.73177e-05
1.6 3.48 0.242887 0.762945 2.63299e-05
1.6 3.6 0.479285 0.524326 3.39731e-05
1.6 3.72 0.727096 0.274284 3.25362e-05
1.6 3.84 0.876252 0.1239 2.3853e-05
1.6 3.96 0.943681 0.0561053 1.51772e-05
1.6 4.08 0.972214 0.0275472 9.2187e-06
1.6 4.2 0.984178 0.0156716 5.88936e-06
1.6 4.32 0.988141 0.0117873 4.63535e-06
1.6 4.44 0.986547 0.0133441 5.17209e-06
1.6 4.56 0.978467 0.0213155 7.62494e-06
1.6 4.68 0.958469 0.0411883 1.24798e-05
1.6 4.8 0.911486 0.0882761 2.01907e-05
1.6 4.92 0.803285 0.197272 2.9639e-05
1.6 5.04 0.593476 0.409082 3.52098e-05
1.6 5.16 0.334087 0.671229 3.07652e-05
1.6 5.28 0.155606 0.851675 2.13781e-05
1.6 5.4 0.0708963 0.937335 1.35826e-05
1.6 5.52 0.0349173 0.973801 8.48587e-06
1.6 5.64 0.0196009 0.989392 5.51717e-06
1.6 5.76 0.0132622 0.995822 3.96303e-06
1.6 5.88 0.0129674 0.996138 3.95805e-06
1.8 0 0.0147698 0.994233 3.94591e-06
1.8 0.12 0.0179189 0.991005 4.6133e-06
1.8 0.24 0.0286037 0.980369 6.54171e-06
1.8 0.36 0.0545096 0.954308 1.0152e-05
1.8 0.48 0.117772 0.890343 1.61393e-05
1.8 0.6 0.26141 0.745102 2.43861e-05
1.8 0.72 0.507547 0.496627 3.07885e-05
1.8 0.84 0.749054 0.252378 2.85684e-05
1.8 0.96 0.887577 0.112654 2.05091e-05
1.8 1.08 0.948812 0.0511577 1.29629e-05
1.8 1.2 0.974452 0.0257023 7.9848e-06
1.8 1.32 0.984686 0.0156497 5.40772e-06
1.8 1.44 0.986899 0.0134507 4.79465e-06
1.8 1.56 0.982645 0.0175629 6.01236e-06
1.8 1.68 0.969159 0.0308049 9.31657e-06
1.8 1.8 0.936468 0.0632531 1.51795e-05
1.8 1.92 0.859098 0.140675 2.34338e-05
1.8 2.04 0.692548 0.308241 3.08623e-05
1.8 2.16 0.435604 0.567419 3.05928e-05
1.8 2.28 0.21344 0.792097 2.28123e-05
1.8 2.4 0.0958182 0.91114 1.47834e-05
1.8 2.52 0.0451678 0.962127 9.24302e-06
1.8 2.64 0.0239658 0.983499 5.91508e-06
1.8 2.76 0.0153258 0.992275 4.21156e-06
1.8 2.88 0.0132042 0.994429 3.79486e-06
1.8 3 0.0162713 0.991295 4.58374e-06
1.8 3.12 0.0264212 0.980991 6.73488e-06
1.8 3.24 0.0508826 0.956287 1.06757e-05
1.8 3.36 0.109216 0.897222 1.70636e-05
1.8 3.48 0.242004 0.762806 2.59469e-05
1.8 3.6 0.477884 0.52434 3.34908e-05
1.8 3.72 0.725515 0.274307 3.20882e-05
1.8 3.84 0.87478 0.123874 2.35302e-05
1.8 3.96 0.942367 0.0560679 1.49734e-05
1.8 4.08 0.971033 0.0275165 9.09497e-06
1.8 4.2 0.983085 0.0156473 5.80944e-06
1.8 4.32 0.987087 0.011763 4.57063e-06
1.8 4.44 0.985485 0.0133103 5.09744e-06
1.8 4.56 0.977354 0.0212581 7.51284e-06
1.8 4.68 0.957276 0.0410822 1.22954e-05
1.8 4.8 0.91023 0.0880755 1.98933e-05
1.8 4.92 0.802076 0.196908 2.92075e-05
1.8 5.04 0.592523 0.408531 3.47072e-05
1.8 5.16 0.333488 0.670658 3.03324e-05
1.8 5.28 0.155256 0.851239 2.10753e-05
1.8 5.4 0.0706825 0.93701 1.33814e-05
1.8 5.52 0.0347786 0.973506 8.34657e-06
1.8 5.64 0.0195058 0.98907 5.42012e-06
1.8 5.76 0.0131906 0.99551 3.8881e-06
1.8 5.88 0.0128955 0.995816 3.88404e-06
2 0 0.0147658 0.99334 3.95682e-06
2 0.12 0.0179136 0.990144 4.62936e-06
2 0.24 0.0286008 0.979588 6.58053e-06
2 0.36 0.0545075 0.953671 1.02343e-05
2 0.48 0.117752 0.889908 1.62957e-05
2 0.6 0.261323 0.744959 2.46394e-05
2 0.72 0.507391 0.496759 3.11233e-05
2 0.84 0.74892 0.252562 2.88926e-05
2 0.96 0.887461 0.112776 2.07483e-05
2 1.08 0.948686 0.0512268 1.31159e-05
2 1.2 0.974316 0.0257411 8.07922e-06
2 1.32 0.984546 0.0156723 5.4708e-06
2 1.44 0.986754 0.0134653 4.84875e-06
2 1.56 0.982496 0.017574 6.07798e-06
2 1.68 0.969019 0.0308117 9.41658e-06
2 1.8 0.936378 0.0632424 1.53416e-05
2 1.92 0.859126 0.140602 2.36842e-05
2 2.04 0.69275 0.308013 3.11937e-05
2 2.16 0.435896 0.566974 3.09251e-05
2 2.28 0.213662 0.791475 2.30619e-05
2 2.4 0.0959458 0.910365 1.49443e-05
2 2.52 0.0452368 0.961207 9.34232e-06
2 2.64 0.0240034 0.982454 5.97737e-06
2 2.76 0.0153469 0.991148 4.25453e-06
2 2.88 0.0132169 0.993287 3.83204e-06
2 3 0.0162798 0.990209 4.62742e-06
2 3.12 0.0264249 0.980031 6.79885e-06
2 3.24 0.050869 0.95552 1.07783e-05
2 3.36 0.109142 0.896734 1.72306e-05
2 3.48 0.241783 0.762714 2.62079e-05
2 3.6 0.47751 0.524624 3.38445e-05
2 3.72 0.725184 0.274632 3.24485e-05
2 3.84 0.874544 0.124072 2.38056e-05
2 3.96 0.942182 0.0561725 1.51524e-05
2 4.08 0.970883 0.0275725 9.20475e-06
2 4.2 0.982965 0.0156793 5.87937e-06
2 4.32 0.986983 0.011784 4.6244e-06
2 4.44 0.985377 0.0133282 5.15536e-06
2 4.56 0.977228 0.0212779 7.59613e-06
2 4.68 0.957142 0.0411058 1.243e-05
2 4.8 0.910127 0.088095 2.01095e-05
2 4.92 0.802062 0.19689 2.95226e-05
2 5.04 0.592612 0.408397 3.50788e-05
2 5.16 0.333615 0.670321 3.06565e-05
2 5.28 0.155361 0.850678 2.1302e-05
2 5.4 0.070756 0.936239 1.35299e-05
2 5.52 0.0348279 0.972547 8.44701e-06
2 5.64 0.0195391 0.98797 5.48766e-06
2 5.76 0.0132149 0.994306 3.93958e-06
2 5.88 0.01292 0.994615 3.93398e-06
2.2 0 0.0147602 0.992 3.95677e-06
2.2 0.12 0.0179081 0.988833 4.62663e-06
2.2 0.24 0.0285989 0.978362 6.57799e-06
2.2 0.36 0.0545114 0.952586 1.02296e-05
2.2 0.48 0.117758 0.889043 1.62974e-05
2.2 0.6 0.261328 0.744429 2.46468e-05
2.2 0.72 0.50746 0.4966 3.11371e-05
2.2 0.84 0.749168 0.252568 2.89102e-05
2.2 0.96 0.88784 0.1128 2.07621e-05
2.2 1.08 0.949126 0.0512435 1.31242e-05
2.2 1.2 0.974792 0.0257508 8.08364e-06
2.2 1.32 0.985044 0.0156767 5.4727e-06
2.2 1.44 0.987256 0.0134648 4.84869e-06
2.2 1.56 0.98298 0.0175662 6.076e-06
2.2 1.68 0.969479 0.0307884 9.41249e-06
2.2 1.8 0.936829 0.0631796 1.53358e-05
2.2 1.92 0.859596 0.140437 2.3679e-05
2.2 2.04 0.693232 0.30762 3.11945e-05
2.2 2.16 0.436296 0.566237 3.09352e-05
2.2 2.28 0.213906 0.790427 2.30753e-05
2.2 2.4 0.0960733 0.909088 1.49545e-05
2.2 2.52 0.0453023 0.959745 9.34838e-06
2.2 2.64 0.0240381 0.980845 5.98036e-06
2.2 2.76 0.0153662 0.989447 4.2555e-06
2.2 2.88 0.0132289 0.991565 3.83161e-06
2.2 3 0.0162887 0.988547 4.62588e-06
2.2 3.12 0.0264318 0.978504 6.79639e-06
2.2 3.24 0.0508671 0.954199 1.07749e-05
2.2 3.36 0.109105 0.895709 1.72262e-05
2.2 3.48 0.241668 0.762126 2.62027e-05
2.2 3.6 0.477373 0.524518 3.38453e-05
2.2 3.72 0.725239 0.274717 3.24608e-05
2.2 3.84 0.874799 0.124142 2.38193e-05
2.2 3.96 0.942552 0.0562104 1.51621e-05
2.2 4.08 0.971331 0.027593 9.21063e-06
2.2 4.2 0.983469 0.0156907 5.88267e-06
2.2 4.32 0.987514 0.0117901 4.62586e-06
2.2 4.44 0.985896 0.0133302 5.1553e-06
2.2 4.56 0.977704 0.0212743 7.59452e-06
2.2 4.68 0.957565 0.0410888 1.24268e-05
2.2 4.8 0.910511 0.088042 2.01052e-05
2.2 4.92 0.802412 0.19674 2.9519e-05
2.2 5.04 0.592891 0.408022 3.50781e-05
2.2 5.16 0.333799 0.669577 3.06601e-05
2.2 5.28 0.155478 0.849575 2.13088e-05
2.2 5.4 0.0708311 0.934861 1.35384e-05
2.2 5.52 0.0348782 0.970947 8.45676e-06
2.2 5.64 0.0195734 0.986196 5.49007e-06
2.2 5.76 0.0132405 0.992433 3.94818e-06
2.2 5.88 0.0129456 0.992709 3.93599e-06
2.4 0 0.014744 0.990182 3.9268e-06
2.4 0.12 0.017889 0.987032 4.54235e-06
2.4 0.24 0.0285705 0.976599 6.37985e-06
2.4 0.36 0.0544606 0.950925 9.78497e-06
2.4 0.48 0.117653 0.887604 1.55456e-05
2.4 0.6 0.26112 0.743411 2.3481e-05
2.4 0.72 0.507189 0.496118 2.96319e-05
2.4 0.84 0.748997 0.25241 2.74693e-05
2.4 0.96 0.887802 0.11275 1.96882e-05
2.4 1.08 0.949181 0.051226 1.24225e-05
2.4 1.2 0.97491 0.0257428 7.64032e-06
2.4 1.32 0.9852 0.0156702 5.16699e-06
2.4 1.44 0.987419 0.0134554 4.57503e-06
2.4 1.56 0.983122 0.0175481 5.73393e-06
2.4 1.68 0.969581 0.030749 8.89068e-06
2.4 1.8 0.936888 0.0630865 1.45081e-05
2.4 1.92 0.85963 0.140207 2.24477e-05
2.4 2.04 0.693264 0.307078 2.96397e-05
2.4 2.16 0.436326 0.565183 2.94468e-05
2.4 2.28 0.21392 0.788866 2.19901e-05
2.4 2.4 0.0960751 0.907164 1.42613e-05
2.4 2.52 0.0452995 0.957572 8.91843e-06
2.4 2.64 0.0240337 0.978501 5.7061e-06
2.4 2.76 0.0153601 0.987004 4.06006e-06
2.4 2.88 0.0132195 0.9891 3.65475e-06
2.4 3 0.0162727 0.98614 4.41122e-06
2.4 3.12 0.0264012 0.976235 6.47959e-06
2.4 3.24 0.0508024 0.952152 1.02697e-05
2.4 3.36 0.10896 0.89401 1.64107e-05
2.4 3.48 0.241365 0.760971 2.49459e-05
2.4 3.6 0.476934 0.524015 3.21957e-05
2.4 3.72 0.724894 0.274588 3.0838e-05
2.4 3.84 0.874632 0.124114 2.25869e-05
2.4 3.96 0.942517 0.0562032 1.43517e-05
2.4 4.08 0.971389 0.0275907 8.70599e-06
2.4 4.2 0.98359 0.015689 5.55463e-06
2.4 4.32 0.98766 0.0117868 4.365e-06
2.4 4.44 0.98603 0.0133228 4.86411e-06
2.4 4.56 0.977793 0.0212574 7.16973e-06
2.4 4.68 0.957588 0.0410493 1.17455e-05
2.4 4.8 0.910461 0.0879447 1.90359e-05
2.4 4.92 0.802294 0.196493 2.80083e-05
2.4 5.04 0.592725 0.407423 3.33484e-05
2.4 5.16 0.333657 0.668398 2.91861e-05
2.4 5.28 0.155401 0.847836 2.0299e-05
2.4 5.4 0.0707973 0.932707 1.28965e-05
2.4 5.52 0.0348639 0.968488 8.03541e-06
2.4 5.64 0.0195669 0.983526 5.14582e-06
2.4 5.76 0.0132367 0.989624 3.75444e-06
2.4 5.88 0.0129426 0.989918 3.67991e-06
2.6 0 0.0147255 0.988235 3.94629e-06
2.6 0.12 0.0178662 0.985029 4.6125e-06
2.6 0.24 0.0285319 0.974506 6.55572e-06
2.6 0.36 0.0543827 0.948829 1.01906e-05
2.6 0.48 0.117482 0.885714 1.62361e-05
2.6 0.6 0.260775 0.742035 2.45591e-05
2.6 0.72 0.506695 0.495439 3.10428e-05
2.6 0.84 0.748569 0.252177 2.8841e-05
2.6 0.96 0.88751 0.112673 2.07199e-05
2.6 1.08 0.948975 0.0511953 1.30996e-05
2.6 1.2 0.974743 0.0257269 8.06824e-06
2.6 1.32 0.985048 0.0156583 5.46065e-06
2.6 1.44 0.987272 0.0134416 4.83508e-06
2.6 1.56 0.982973 0.017526 6.05559e-06
2.6 1.68 0.969424 0.0307059 9.37851e-06
2.6 1.8 0.936712 0.0629905 1.52796e-05
2.6 1.92 0.859421 0.139972 2.35928e-05
2.6 2.04 0.693027 0.3065 3.10828e-05
2.6 2.16 0.436118 0.563975 3.08258e-05
2.6 2.28 0.213791 0.786984 2.2994e-05
2.6 2.4 0.0960081 0.904818 1.49017e-05
2.6 2.52 0.0452651 0.954952 9.31512e-06
2.6 2.64 0.024014 0.975722 5.9585e-06
2.6 2.76 0.0153457 0.984141 4.23883e-06
2.6 2.88 0.0132041 0.98622 3.81484e-06
2.6 3 0.0162495 0.983307 4.60374e-06
2.6 3.12 0.0263583 0.973516 6.76258e-06
2.6 3.24 0.0507132 0.94964 1.0721e-05
2.6 3.36 0.108763 0.89186 1.71411e-05
2.6 3.48 0.240961 0.759446 2.60806e-05
2.6 3.6 0.476324 0.523283 3.37118e-05
2.6 3.72 0.724331 0.274358 3.23623e-05
2.6 3.84 0.874228 0.124045 2.37608e-05
2.6 3.96 0.942218 0.0561769 1.5129e-05
2.6 4.08 0.97114 0.0275775 9.1915e-06
2.6 4.2 0.983361 0.0156802 5.86997e-06
2.6 4.32 0.987438 0.0117781 4.61421e-06
2.6 4.44 0.98581 0.0133105 5.13982e-06
2.6 4.56 0.977567 0.0212357 7.56937e-06
2.6 4.68 0.957342 0.0410052 1.23838e-05
2.6 4.8 0.910171 0.0878433 2.00338e-05
2.6 4.92 0.801925 0.196233 2.94101e-05
2.6 5.04 0.592298 0.406751 3.49386e-05
2.6 5.16 0.333318 0.666993 3.05273e-05
2.6 5.28 0.155216 0.845714 2.12123e-05
2.6 5.4 0.0707091 0.93008 1.34759e-05
2.6 5.52 0.0348211 0.9655 8.4155e-06
2.6 5.64 0.0195439 0.980264 5.45176e-06
2.6 5.76 0.0132218 0.98622 3.92503e-06
2.6 5.88 0.0129285 0.986494 3.90395e-06
2.8 0 0.0147098 0.986684 3.94716e-06
2.8 0.12 0.017848 0.98329 4.62053e-06
2.8 0.24 0.0285013 0.972546 6.57785e-06
2.8 0.36 0.0543187 0.946774 1.02432e-05
2.8 0.48 0.117332 0.88387 1.6326e-05
2.8 0.6 0.260441 0.740666 2.47028e-05
2.8 0.72 0.506138 0.494717 3.12404e-05
2.8 0.84 0.74793 0.251894 2.90411e-05
2.8 0.96 0.886859 0.112564 2.08725e-05
2.8 1.08 0.948302 0.0511469 1.31996e-05
2.8 1.2 0.974044 0.0257009 8.13088e-06
2.8 1.32 0.984332 0.0156399 5.50283e-06
2.8 1.44 0.986555 0.0134227 4.87142e-06
2.8 1.56 0.982275 0.0174985 6.0997e-06
2.8 1.68 0.968764 0.0306558 9.44519e-06
2.8 1.8 0.936111 0.0628852 1.53855e-05
2.8 1.92 0.858899 0.139728 2.37512e-05
2.8 2.04 0.692612 0.305928 3.12828e-05
2.8 2.16 0.43585 0.562828 3.10145e-05
2.8 2.28 0.213661 0.785241 2.31289e-05
2.8 2.4 0.0959532 0.902661 1.49875e-05
2.8 2.52 0.0452413 0.952521 9.36863e-06
2.8 2.64 0.0240022 0.973101 5.99292e-06
2.8 2.76 0.0153377 0.981409 4.26325e-06
2.8 2.88 0.0131952 0.983459 3.83631e-06
2.8 3 0.0162346 0.980605 4.62874e-06
2.8 3.12 0.0263282 0.970956 6.7983e-06
2.8 3.24 0.0506457 0.947303 1.07769e-05
2.8 3.36 0.108604 0.889864 1.72314e-05
2.8 3.48 0.240603 0.757989 2.62243e-05
2.8 3.6 0.475715 0.522521 3.39151e-05
2.8 3.72 0.723624 0.27407 3.25782e-05
2.8 3.84 0.873513 0.123936 2.39306e-05
2.8 3.96 0.941481 0.0561286 1.52416e-05
2.8 4.08 0.970366 0.0275519 9.26148e-06
2.8 4.2 0.982554 0.0156637 5.91489e-06
2.8 4.32 0.986619 0.0117639 4.64909e-06
2.8 4.44 0.985003 0.0132931 5.17789e-06
2.8 4.56 0.976796 0.0212078 7.62445e-06
2.8 4.68 0.956624 0.0409528 1.24722e-05
2.8 4.8 0.909509 0.0877318 2.01726e-05
2.8 4.92 0.801317 0.195969 2.96045e-05
2.8 5.04 0.591769 0.40611 3.51539e-05
2.8 5.16 0.332966 0.665706 3.07013e-05
2.8 5.28 0.155046 0.843804 2.13278e-05
2.8 5.4 0.0706367 0.927712 1.35501e-05
2.8 5.52 0.0347897 0.962738 8.46789e-06
2.8 5.64 0.0195287 0.976993 5.50229e-06
2.8 5.76 0.0132132 0.982924 3.9551e-06
2.8 5.88 0.0129198 0.982912 3.94656e-06
3 0 0.0146956 0.98652 3.94674e-06
3 0.12 0.0178333 0.983285 4.62146e-06
3 0.24 0.0284763 0.972736 6.58002e-06
3 0.36 0.054265 0.947078 1.02478e-05
3 0.48 0.117203 0.884127 1.6333e-05
3 0.6 0.260146 0.740879 2.47144e-05
3 0.72 0.505619 0.4949 3.12605e-05
3 0.84 0.747265 0.251988 2.90659e-05
3 0.96 0.886079 0.112586 2.08917e-05
3 1.08 0.947398 0.0511422 1.32112e-05
3 1.2 0.973033 0.0256909 8.13714e-06
3 1.32 0.983255 0.0156293 5.50608e-06
3 1.44 0.985462 0.0134104 4.87326e-06
3 1.56 0.981222 0.0174813 6.10135e-06
3 1.68 0.967806 0.0306293 9.44803e-06
3 1.8 0.935298 0.0628448 1.53917e-05
3 1.92 0.858265 0.139674 2.3763e-05
3 2.04 0.692173 0.305875 3.13005e-05
3 2.16 0.435602 0.562818 3.10329e-05
3 2.28 0.213553 0.785337 2.31433e-05
3 2.4 0.0959121 0.902909 1.49977e-05
3 2.52 0.0452257 0.952929 9.37585e-06
3 2.64 0.0239956 0.973653 5.99802e-06
3 2.76 0.0153337 0.982061 4.26698e-06
3 2.88 0.0131903 0.984145 3.83931e-06
3 3 0.0162253 0.981251 4.63158e-06
3 3.12 0.0263076 0.971502 6.80142e-06
3 3.24 0.0505966 0.947716 1.07806e-05
3 3.36 0.108481 0.89015 1.7236e-05
3 3.48 0.240318 0.758207 2.62318e-05
3 3.6 0.475199 0.522715 3.39308e-05
3 3.72 0.722954 0.27418 3.26007e-05
3 3.84 0.872728 0.123965 2.39493e-05
3 3.96 0.94056 0.0561254 1.52531e-05
3 4.08 0.969317 0.0275423 9.26765e-06
3 4.2 0.981415 0.0156542 5.91808e-06
3 4.32 0.985441 0.0117546 4.65094e-06
3 4.44 0.983844 0.0132821 5.17958e-06
3 4.56 0.975716 0.021193 7.62725e-06
3 4.68 0.955671 0.0409344 1.2478e-05
3 4.8 0.908714 0.0877184 2.01838e-05
3 4.92 0.800676 0.195989 2.96217e-05
3 5.04 0.591276 0.406198 3.51713e-05
3 5.16 0.332663 0.665847 3.07124e-05
3 5.28 0.154908 0.844016 2.13351e-05
3 5.4 0.0705816 0.928066 1.3556e-05
3 5.52 0.0347676 0.963305 8.4734e-06
3 5.64 0.0195191 0.977909 5.50919e-06
3 5.76 0.0132081 0.98381 3.95981e-06
3 5.88 0.0129148 0.983974 3.95325e-06
3.2 0 0.0146786 0.986563 3.94674e-06
3.2 0.12 0.0178191 0.983307 4.62325e-06
3.2 0.24 0.0284521 0.972718 6.58227e-06
3.2 0.36 0.0542104 0.947019 1.02504e-05
3.2 0.48 0.117066 0.884052 1.63359e-05
3.2 0.6 0.259817 0.740854 2.47182e-05
3.2 0.72 0.504993 0.494952 3.12682e-05
3.2 0.84 0.746368 0.252037 2.90765e-05
3.2 0.96 0.884966 0.112601 2.08997e-05
3.2 1.08 0.946092 0.0511411 1.32153e-05
3.2 1.2 0.97157 0.0256852 8.13871e-06
3.2 1.32 0.981693 0.0156225 5.5062e-06
3.2 1.44 0.983872 0.0134019 4.87252e-06
3.2 1.56 0.979681 0.017469 6.10002e-06
3.2 1.68 0.966392 0.0306099 9.44653e-06
3.2 1.8 0.934079 0.0628129 1.5391e-05
3.2 1.92 0.857299 0.139621 2.37649e-05
3.2 2.04 0.691509 0.305789 3.13065e-05
3.2 2.16 0.435248 0.562696 3.10417e-05
3.2 2.28 0.21341 0.785212 2.31519e-05
3.2 2.4 0.0958626 0.902815 1.50048e-05
3.2 2.52 0.0452091 0.952876 9.38127e-06
3.2 2.64 0.0239897 0.973643 6.00202e-06
3.2 2.76 0.0153308 0.982081 4.26998e-06
3.2 2.88 0.013187 0.984177 3.84177e-06
3.2 3 0.0162185 0.981274 4.63391e-06
3.2 3.12 0.0262912 0.971499 6.80391e-06
3.2 3.24 0.0505543 0.94768 1.07834e-05
3.2 3.36 0.108369 0.890097 1.72388e-05
3.2 3.48 0.240037 0.758189 2.6235e-05
3.2 3.6 0.474637 0.522764 3.3937e-05
3.2 3.72 0.72212 0.274229 3.26102e-05
3.2 3.84 0.871668 0.12398 2.39567e-05
3.2 3.96 0.939291 0.0561242 1.52569e-05
3.2 4.08 0.967868 0.0275368 9.26895e-06
3.2 4.2 0.979837 0.0156485 5.91817e-06
3.2 4.32 0.983805 0.0117488 4.65048e-06
3.2 4.44 0.982231 0.0132752 5.1789e-06
3.2 4.56 0.974204 0.0211842 7.62675e-06
3.2 4.68 0.954327 0.0409239 1.24785e-05
3.2 4.8 0.907584 0.0877109 2.01869e-05
3.2 4.92 0.799787 0.195996 2.96282e-05
3.2 5.04 0.590651 0.406221 3.51785e-05
3.2 5.16 0.33232 0.665837 3.07176e-05
3.2 5.28 0.154766 0.843973 2.13395e-05
3.2 5.4 0.070529 0.928037 1.356e-05
3.2 5.52 0.0347478 0.963319 8.47687e-06
3.2 5.64 0.0195106 0.977994 5.51227e-06
3.2 5.76 0.0132037 0.983907 3.96225e-06
3.2 5.88 0.0129107 0.984116 3.95599e-06
3.4 0 0.014655 0.986531 3.9462e-06
3.4 0.12 0.0178059 0.9832 4.62675e-06
3.4 0.24 0.0284339 0.972507 6.58789e-06
3.4 0.36 0.0541687 0.946741 1.02589e-05
3.4 0.48 0.116949 0.883785 1.63483e-05
3.4 0.6 0.259505 0.740693 2.47359e-05
3.4 0.72 0.504336 0.49493 3.12915e-05
3.4 0.84 0.745327 0.252061 2.90995e-05
3.4 0.96 0.883577 0.112615 2.09155e-05
3.4 1.08 0.944392 0.0511442 1.32238e-05
3.4 1.2 0.969619 0.0256836 8.1427e-06
3.4 1.32 0.979581 0.0156189 5.50795e-06
3.4 1.44 0.981714 0.0133967 4.87338e-06
3.4 1.56 0.977602 0.0174613 6.10101e-06
3.4 1.68 0.964511 0.0305975 9.44901e-06
3.4 1.8 0.932493 0.062791 1.53973e-05
3.4 1.92 0.856083 0.139576 2.37786e-05
3.4 2.04 0.690718 0.305694 3.13292e-05
3.4 2.16 0.434865 0.562514 3.10684e-05
3.4 2.28 0.213277 0.784944 2.31748e-05
3.4 2.4 0.0958283 0.90247 1.50214e-05
3.4 2.52 0.0452043 0.952454 9.39265e-06
3.4 2.64 0.0239921 0.973161 6.00986e-06
3.4 2.76 0.0153341 0.981563 4.27577e-06
3.4 2.88 0.0131895 0.98365 3.84683e-06
3.4 3 0.0162192 0.980768 4.6395e-06
3.4 3.12 0.0262864 0.971039 6.8113e-06
3.4 3.24 0.0505315 0.94729 1.07939e-05
3.4 3.36 0.108289 0.889798 1.72538e-05
3.4 3.48 0.239802 0.758015 2.6256e-05
3.4 3.6 0.474098 0.522726 3.39638e-05
3.4 3.72 0.72121 0.274245 3.26364e-05
3.4 3.84 0.870402 0.123993 2.39749e-05
3.4 3.96 0.937697 0.0561273 1.52668e-05
3.4 4.08 0.965992 0.0275358 9.27366e-06
3.4 4.2 0.977762 0.0156462 5.92035e-06
3.4 4.32 0.981639 0.011746 4.65173e-06
3.4 4.44 0.980098 0.013272 5.18032e-06
3.4 4.56 0.972224 0.0211807 7.6296e-06
3.4 4.68 0.952601 0.0409211 1.2485e-05
3.4 4.8 0.906181 0.0877114 2.02002e-05
3.4 4.92 0.798744 0.196001 2.96509e-05
3.4 5.04 0.589988 0.406203 3.5207e-05
3.4 5.16 0.332001 0.66572 3.07433e-05
3.4 5.28 0.154652 0.843721 2.13589e-05
3.4 5.4 0.070497 0.927661 1.35738e-05
3.4 5.52 0.0347419 0.962821 8.48658e-06
3.4 5.64 0.019512 0.977381 5.51934e-06
3.4 5.76 0.0132065 0.983237 3.96766e-06
3.4 5.88 0.0129136 0.983384 3.96143e-06
3.6 0 0.0146231 0.986295 3.94337e-06
3.6 0.12 0.0177885 0.982567 4.62945e-06
3.6 0.24 0.0284062 0.97135 6.59229e-06
3.6 0.36 0.0540994 0.945246 1.02652e-05
3.6 0.48 0.116757 0.882397 1.63572e-05
3.6 0.6 0.259005 0.739675 2.47487e-05
3.6 0.72 0.503282 0.494406 3.131e-05
3.6 0.84 0.743685 0.251869 2.91196e-05
3.6 0.96 0.881437 0.112552 2.09301e-05
3.6 1.08 0.941843 0.0511207 1.3232e-05
3.6 1.2 0.966748 0.025672 8.14675e-06
3.6 1.32 0.976508 0.0156108 5.50997e-06
3.6 1.44 0.978589 0.0133884 4.87474e-06
3.6 1.56 0.974584 0.0174494 6.10278e-06
3.6 1.68 0.961745 0.0305755 9.45264e-06
3.6 1.8 0.930098 0.062741 1.54051e-05
3.6 1.92 0.85416 0.139447 2.37931e-05
3.6 2.04 0.689374 0.305357 3.13507e-05
3.6 2.16 0.434137 0.561787 3.10913e-05
3.6 2.28 0.212985 0.783791 2.31933e-05
3.6 2.4 0.0957319 0.90099 1.50348e-05
3.6 2.52 0.0451765 0.950742 9.4021e-06
3.6 2.64 0.0239856 0.971305 6.01661e-06
3.6 2.76 0.0153333 0.979628 4.28092e-06
3.6 2.88 0.0131892 0.981694 3.85143e-06
3.6 3 0.0162162 0.978848 4.64458e-06
3.6 3.12 0.0262737 0.969214 6.81784e-06
3.6 3.24 0.0504872 0.945625 1.08028e-05
3.6 3.36 0.10815 0.888381 1.72663e-05
3.6 3.48 0.239412 0.756979 2.62736e-05
3.6 3.6 0.473227 0.52216 3.39875e-05
3.6 3.72 0.719762 0.274024 3.26612e-05
3.6 3.84 0.868448 0.123918 2.3993e-05
3.6 3.96 0.935314 0.0561009 1.52772e-05
3.6 4.08 0.963257 0.0275242 9.27904e-06
3.6 4.2 0.974778 0.0156395 5.92317e-06
3.6 4.32 0.978545 0.0117406 4.65367e-06
3.6 4.44 0.977047 0.0132659 5.18259e-06
3.6 4.56 0.969366 0.0211712 7.63365e-06
3.6 4.68 0.950059 0.0409019 1.2493e-05
3.6 4.8 0.904044 0.0876627 2.02152e-05
3.6 4.92 0.797086 0.19586 2.96744e-05
3.6 5.04 0.588889 0.405817 3.52343e-05
3.6 5.16 0.331449 0.6649 3.0766e-05
3.6 5.28 0.154441 0.842462 2.13755e-05
3.6 5.4 0.0704285 0.92605 1.35857e-05
3.6 5.52 0.0347219 0.960861 8.49509e-06
3.6 5.64 0.0195066 0.974871 5.52566e-06
3.6 5.76 0.0132059 0.980829 3.97257e-06
3.6 5.88 0.0129131 0.980641 3.96652e-06
3.8 0 0.0146039 0.987611 3.9406e-06
3.8 0.12 0.0177882 0.984161 4.63153e-06
3.8 0.24 0.0284202 0.973282 6.59617e-06
3.8 0.36 0.0541454 0.947322 1.02715e-05
3.8 0.48 0.116892 0.884237 1.63675e-05
3.8 0.6 0.259385 0.741112 2.47659e-05
3.8 0.72 0.504187 0.495317 3.1336e-05
3.8 0.84 0.74529 0.2523 2.9148e-05
3.8 0.96 0.883544 0.112719 2.0952e-05
3.8 1.08 0.944218 0.0511817 1.32458e-05
3.8 1.2 0.969244 0.0256957 8.15493e-06
3.8 1.32 0.979051 0.0156219 5.5152e-06
3.8 1.44 0.981141 0.0133964 4.87922e-06
3.8 1.56 0.977119 0.0174603 6.1085e-06
3.8 1.68 0.964222 0.0305992 9.46193e-06
3.8 1.8 0.932436 0.0628049 1.54209e-05
3.8 1.92 0.85621 0.139627 2.38181e-05
3.8 2.04 0.690911 0.305831 3.13833e-05
3.8 2.16 0.435013 0.562799 3.11228e-05
3.8 2.28 0.213362 0.785417 2.32161e-05
3.8 2.4 0.0958769 0.903157 1.50496e-05
3.8 2.52 0.0452354 0.953388 9.41166e-06
3.8 2.64 0.0240136 0.974367 6.02308e-06
3.8 2.76 0.0153502 0.982979 4.28571e-06
3.8 2.88 0.0132032 0.985136 3.8557e-06
3.8 3 0.0162329 0.982158 4.64943e-06
3.8 3.12 0.0263014 0.972204 6.82442e-06
3.8 3.24 0.0505464 0.948182 1.08126e-05
3.8 3.36 0.108299 0.890456 1.72814e-05
3.8 3.48 0.23981 0.758526 2.62974e-05
3.8 3.6 0.474158 0.523121 3.40212e-05
3.8 3.72 0.721389 0.274477 3.2697e-05
3.8 3.84 0.870605 0.124094 2.40208e-05
3.8 3.96 0.937774 0.0561657 1.5295e-05
3.8 4.08 0.96587 0.0275496 9.28963e-06
3.8 4.2 0.977459 0.0156513 5.92976e-06
3.8 4.32 0.981243 0.0117486 4.65881e-06
3.8 4.44 0.979731 0.0132753 5.18848e-06
3.8 4.56 0.972 0.0211888 7.64269e-06
3.8 4.68 0.952581 0.0409445 1.25083e-05
3.8 4.8 0.906338 0.0877767 2.02403e-05
3.8 4.92 0.79896 0.196166 2.97103e-05
3.8 5.04 0.590121 0.406537 3.5274e-05
3.8 5.16 0.332044 0.666216 3.07978e-05
3.8 5.28 0.154675 0.844369 2.13966e-05
3.8 5.4 0.0705198 0.928526 1.35993e-05
3.8 5.52 0.0347625 0.963952 8.50418e-06
3.8 5.64 0.0195292 0.978721 5.53204e-06
3.8 5.76 0.0132208 0.984748 3.97743e-06
3.8 5.88 0.0129283 0.98487 3.97142e-06
4 0 0.0145947 0.988556 3.93927e-06
4 0.12 0.01779 0.985164 4.63302e-06
4 0.24 0.0284325 0.974369 6.59915e-06
4 0.36 0.0541813 0.948411 1.02767e-05
4 0.48 0.116994 0.885212 1.63765e-05
4 0.6 0.259672 0.741895 2.47816e-05
4 0.72 0.504872 0.495836 3.13604e-05
4 0.84 0.746514 0.252558 2.91753e-05
4 0.96 0.885158 0.112824 2.09737e-05
4 1.08 0.946031 0.0512221 1.32602e-05
4 1.2 0.971133 0.0257121 8.1637e-06
4 1.32 0.980959 0.01563 5.52107e-06
4 1.44 0.983056 0.0134025 4.88447e-06
4 1.56 0.979041 0.0174686 6.11529e-06
4 1.68 0.966131 0.0306166 9.4728e-06
4 1.8 0.934267 0.0628491 1.54389e-05
4 1.92 0.857829 0.139745 2.38453e-05
4 2.04 0.692127 0.306127 3.14173e-05
4 2.16 0.435705 0.563413 3.11542e-05
4 2.28 0.21366 0.78639 2.32379e-05
4 2.4 0.0959923 0.90445 1.50628e-05
4 2.52 0.0452823 0.954984 9.41969e-06
4 2.64 0.0240356 0.976234 6.02812e-06
4 2.76 0.0153631 0.985037 4.28923e-06
4 2.88 0.0132137 0.987253 3.85878e-06
4 3 0.0162458 0.984185 4.65308e-06
4 3.12 0.0263238 0.974016 6.82974e-06
4 3.24 0.0505951 0.949709 1.08211e-05
4 3.36 0.108422 0.891679 1.72955e-05
4 3.48 0.240132 0.759437 2.63207e-05
4 3.6 0.474904 0.523693 3.40551e-05
4 3.72 0.722684 0.274754 3.27335e-05
4 3.84 0.872318 0.124206 2.40498e-05
4 3.96 0.939715 0.056209 1.53142e-05
4 4.08 0.96791 0.0275674 9.30135e-06
4 4.2 0.979528 0.01566 5.93724e-06
4 4.32 0.983316 0.0117547 4.66479e-06
4 4.44 0.981802 0.0132826 5.19536e-06
4 4.56 0.974056 0.0212021 7.65309e-06
4 4.68 0.954578 0.040975 1.25256e-05
4 4.8 0.908177 0.0878542 2.02677e-05
4 4.92 0.800474 0.196364 2.97486e-05
4 5.04 0.591123 0.40699 3.53156e-05
4 5.16 0.332533 0.667031 3.08305e-05
4 5.28 0.15487 0.845549 2.14174e-05
4 5.4 0.0705959 0.930083 1.36119e-05
4 5.52 0.0347959 0.965937 8.51196e-06
4 5.64 0.0195467 0.981163 5.53709e-06
4 5.76 0.0132323 0.987424 3.98107e-06
4 5.88 0.0129397 0.987679 3.97509e-06
4.2 0 0.0145924 0.988928 3.93963e-06
4.2 0.12 0.017793 0.985543 4.63488e-06
4.2 0.24 0.0284416 0.974747 6.60228e-06
4.2 0.36 0.0542037 0.948765 1.0282e-05
4.2 0.48 0.117052 0.885518 1.63853e-05
4.2 0.6 0.259824 0.742142 2.47963e-05
4.2 0.72 0.505216 0.496002 3.13813e-05
4.2 0.84 0.747089 0.252638 2.91966e-05
4.2 0.96 0.885867 0.112853 2.09896e-05
4.2 1.08 0.946765 0.0512301 1.32699e-05
4.2 1.2 0.971835 0.0257132 8.16943e-06
4.2 1.32 0.981627 0.0156293 5.52485e-06
4.2 1.44 0.983723 0.0134016 4.88799e-06
4.2 1.56 0.979748 0.017468 6.12014e-06
4.2 1.68 0.966905 0.0306183 9.48102e-06
4.2 1.8 0.935091 0.0628598 1.54532e-05
4.2 1.92 0.858632 0.139783 2.38682e-05
4.2 2.04 0.692787 0.306239 3.14478e-05
4.2 2.16 0.436114 0.563664 3.11841e-05
4.2 2.28 0.213849 0.786799 2.32592e-05
4.2 2.4 0.0960697 0.904999 1.50759e-05
4.2 2.52 0.0453153 0.95567 9.42744e-06
4.2 2.64 0.0240516 0.977048 6.03285e-06
4.2 2.76 0.0153725 0.985942 4.29245e-06
4.2 2.88 0.0132214 0.988185 3.86159e-06
4.2 3 0.0162554 0.98507 4.65648e-06
4.2 3.12 0.0263404 0.974794 6.83491e-06
4.2 3.24 0.0506301 0.950348 1.08296e-05
4.2 3.36 0.108505 0.892178 1.731e-05
4.2 3.48 0.240338 0.7598 2.63441e-05
4.2 3.6 0.475347 0.523911 3.40871e-05
4.2 3.72 0.723388 0.27485 3.27653e-05
4.2 3.84 0.873176 0.12424 2.40733e-05
4.2 3.96 0.940612 0.0562186 1.53289e-05
4.2 4.08 0.968778 0.0275692 9.30995e-06
4.2 4.2 0.980353 0.0156598 5.94257e-06
4.2 4.32 0.984118 0.0117543 4.66905e-06
4.2 4.44 0.98262 0.0132826 5.20042e-06
4.2 4.56 0.974922 0.0212038 7.66107e-06
4.2 4.68 0.955495 0.0409826 1.25393e-05
4.2 4.8 0.909101 0.0878805 2.02908e-05
4.2 4.92 0.801304 0.196442 2.97827e-05
4.2 5.04 0.591725 0.407184 3.53553e-05
4.2 5.16 0.332853 0.667395 3.08637e-05
4.2 5.28 0.155006 0.846082 2.14391e-05
4.2 5.4 0.0706522 0.930791 1.36249e-05
4.2 5.52 0.0348211 0.966844 8.51966e-06
4.2 5.64 0.0195599 0.982279 5.54188e-06
4.2 5.76 0.0132406 0.988661 3.98434e-06
4.2 5.88 0.0129482 0.988998 3.97846e-06
4.4 0 0.0145956 0.988986 3.94188e-06
4.4 0.12 0.0177992 0.985588 4.63811e-06
4.4 0.24 0.0284519 0.97476 6.60695e-06
4.4 0.36 0.0542219 0.948743 1.02892e-05
4.4 0.48 0.117088 0.885477 1.63969e-05
4.4 0.6 0.259899 0.742105 2.4814e-05
4.4 0.72 0.505345 0.49598 3.14038e-05
4.4 0.84 0.747253 0.252627 2.92174e-05
4.4 0.96 0.886015 0.112846 2.10042e-05
4.4 1.08 0.946856 0.0512248 1.32788e-05
4.4 1.2 0.971853 0.025709 8.17462e-06
4.4 1.32 0.981594 0.015626 5.52833e-06
4.4 1.44 0.983687 0.0133987 4.89133e-06
4.4 1.56 0.979764 0.017465 6.12486e-06
4.4 1.68 0.967014 0.0306153 9.48913e-06
4.4 1.8 0.935302 0.062858 1.54674e-05
4.4 1.92 0.858916 0.139787 2.38913e-05
4.4 2.04 0.69308 0.306257 3.14795e-05
4.4 2.16 0.436337 0.56372 3.12166e-05
4.4 2.28 0.213972 0.786905 2.32837e-05
4.4 2.4 0.0961277 0.905149 1.50915e-05
4.4 2.52 0.0453438 0.955874 9.43706e-06
4.4 2.64 0.0240672 0.977312 6.03894e-06
4.4 2.76 0.0153826 0.986249 4.29673e-06
4.4 2.88 0.0132301 0.988503 3.86542e-06
4.4 3 0.016266 0.985361 4.66112e-06
4.4 3.12 0.0263573 0.975029 6.84177e-06
4.4 3.24 0.0506616 0.950515 1.08406e-05
4.4 3.36 0.10857 0.892287 1.73277e-05
4.4 3.48 0.240475 0.759866 2.63714e-05
4.4 3.6 0.475591 0.523936 3.4122e-05
4.4 3.72 0.723705 0.274853 3.27977e-05
4.4 3.84 0.873492 0.124237 2.40964e-05
4.4 3.96 0.94087 0.0562145 1.5343e-05
4.4 4.08 0.968955 0.0275655 9.31805e-06
4.4 4.2 0.980459 0.0156569 5.94757e-06
4.4 4.32 0.984195 0.011752 4.67306e-06
4.4 4.44 0.98272 0.0132804 5.20522e-06
4.4 4.56 0.975091 0.0212016 7.66872e-06
4.4 4.68 0.955761 0.0409815 1.25527e-05
4.4 4.8 0.909452 0.0878839 2.03136e-05
4.4 4.92 0.801689 0.196459 2.98172e-05
4.4 5.04 0.592062 0.407236 3.53976e-05
4.4 5.16 0.333069 0.667512 3.09013e-05
4.4 5.28 0.155114 0.846264 2.14651e-05
4.4 5.4 0.0707029 0.931037 1.36411e-05
4.4 5.52 0.0348465 0.96717 8.52955e-06
4.4 5.64 0.0195741 0.982685 5.54815e-06
4.4 5.76 0.01325 0.989119 3.98874e-06
4.4 5.88 0.0129575 0.989482 3.98286e-06
4.6 0 0.0146012 0.988821 3.94536e-06
4.6 0.12 0.0178057 0.985375 4.6422e-06
4.6 0.24 0.0284584 0.974451 6.61212e-06
4.6 0.36 0.0542256 0.94835 1.02963e-05
4.6 0.48 0.11708 0.885061 1.64073e-05
4.6 0.6 0.259856 0.741737 2.48291e-05
4.6 0.72 0.505214 0.495721 3.14217e-05
4.6 0.84 0.746992 0.252491 2.92328e-05
4.6 0.96 0.885649 0.112786 2.10149e-05
4.6 1.08 0.946408 0.0511971 1.32853e-05
4.6 1.2 0.971336 0.0256945 8.17842e-06
4.6 1.32 0.981032 0.015617 5.53095e-06
4.6 1.44 0.983125 0.0133912 4.89397e-06
4.6 1.56 0.979251 0.0174561 6.12876e-06
4.6 1.68 0.966587 0.0306013 9.49591e-06
4.6 1.8 0.934977 0.0628315 1.54793e-05
4.6 1.92 0.858693 0.13973 2.39105e-05
4.6 2.04 0.692967 0.306137 3.15059e-05
4.6 2.16 0.436318 0.56352 3.12444e-05
4.6 2.28 0.213987 0.786655 2.33054e-05
4.6 2.4 0.0961459 0.904895 1.51061e-05
4.6 2.52 0.0453587 0.955663 9.44663e-06
4.6 2.64 0.0240785 0.977166 6.04546e-06
4.6 2.76 0.0153915 0.986155 4.30163e-06
4.6 2.88 0.0132382 0.988423 3.86992e-06
4.6 3 0.0162754 0.98525 4.66643e-06
4.6 3.12 0.0263697 0.974851 6.84916e-06
4.6 3.24 0.0506787 0.950265 1.08516e-05
4.6 3.36 0.108593 0.891995 1.73445e-05
4.6 3.48 0.240497 0.759582 2.63959e-05
4.6 3.6 0.475579 0.523714 3.41519e-05
4.6 3.72 0.7236 0.274725 3.28243e-05
4.6 3.84 0.873287 0.124177 2.4115e-05
4.6 3.96 0.940577 0.0561866 1.53543e-05
4.6 4.08 0.968577 0.0275508 9.32458e-06
4.6 4.2 0.980016 0.015648 5.95158e-06
4.6 4.32 0.983725 0.0117452 4.6763e-06
4.6 4.44 0.982273 0.0132732 5.20917e-06
4.6 4.56 0.974713 0.0211914 7.6751e-06
4.6 4.68 0.955479 0.0409637 1.2564e-05
4.6 4.8 0.909272 0.0878488 2.03327e-05
4.6 4.92 0.801606 0.196384 2.98464e-05
4.6 5.04 0.592071 0.407095 3.54342e-05
4.6 5.16 0.333118 0.667316 3.09353e-05
4.6 5.28 0.155155 0.846054 2.14895e-05
4.6 5.4 0.0707305 0.930854 1.36571e-05
4.6 5.52 0.0348644 0.967041 8.53991e-06
4.6 5.64 0.019586 0.982605 5.55507e-06
4.6 5.76 0.013259 0.98909 3.99388e-06
4.6 5.88 0.0129661 0.989453 3.98792e-06
4.8 0 0.0146055 0.988436 3.94909e-06
4.8 0.12 0.01781 0.984978 4.64651e-06
4.8 0.24 0.0284603 0.974005 6.61776e-06
4.8 0.36 0.0542176 0.947841 1.03041e-05
4.8 0.48 0.117038 0.884497 1.64181e-05
4.8 0.6 0.259715 0.741185 2.4843e-05
4.8 0.72 0.504853 0.495291 3.14358e-05
4.8 0.84 0.746357 0.252247 2.92428e-05
4.8 0.96 0.884828 0.112671 2.10207e-05
4.8 1.08 0.945493 0.0511438 1.32885e-05
4.8 1.2 0.970371 0.0256671 8.1802e-06
4.8 1.32 0.980046 0.0156002 5.53223e-06
4.8 1.44 0.982145 0.0133772 4.89546e-06
4.8 1.56 0.978305 0.0174389 6.13122e-06
4.8 1.68 0.9657 0.0305729 9.50045e-06
4.8 1.8 0.934171 0.062776 1.54875e-05
4.8 1.92 0.858009 0.139612 2.39244e-05
4.8 2.04 0.692481 0.305898 3.15264e-05
4.8 2.16 0.436074 0.563136 3.12677e-05
4.8 2.28 0.213903 0.786205 2.33249e-05
4.8 2.4 0.0961262 0.904471 1.51201e-05
4.8 2.52 0.0453594 0.955321 9.45642e-06
4.8 2.64 0.0240843 0.976923 6.05246e-06
4.8 2.76 0.0153979 0.985986 4.30706e-06
4.8 2.88 0.0132448 0.988275 3.87499e-06
4.8 3 0.0162823 0.985062 4.67235e-06
4.8 3.12 0.0263764 0.974575 6.85716e-06
4.8 3.24 0.0506806 0.949883 1.0863e-05
4.8 3.36 0.108575 0.891531 1.73609e-05
4.8 3.48 0.240413 0.759099 2.64183e-05
4.8 3.6 0.47533 0.523313 3.41771e-05
4.8 3.72 0.72311 0.274484 3.28447e-05
4.8 3.84 0.872613 0.12406 2.4128e-05
4.8 3.96 0.939794 0.0561312 1.53618e-05
4.8 4.08 0.967727 0.0275225 9.32869e-06
4.8 4.2 0.979125 0.0156314 5.95403e-06
4.8 4.32 0.982822 0.0117326 4.67829e-06
4.8 4.44 0.981388 0.0132595 5.21171e-06
4.8 4.56 0.973875 0.0211705 7.67942e-06
4.8 4.68 0.954712 0.0409257 1.25719e-05
4.8 4.8 0.908604 0.0877715 2.03467e-05
4.8 4.92 0.801087 0.196222 2.9869e-05
4.8 5.04 0.591766 0.406796 3.54645e-05
4.8 5.16 0.333004 0.666911 3.09653e-05
4.8 5.28 0.15513 0.845643 2.15125e-05
4.8 5.4 0.0707323 0.930511 1.3673e-05
4.8 5.52 0.0348726 0.966812 8.55088e-06
4.8 5.64 0.0195946 0.982505 5.56295e-06
4.8 5.76 0.0132664 0.989051 3.99987e-06
4.8 5.88 0.0129739 0.989447 3.99402e-06
5 0 0.0146063 0.98783 3.95259e-06
5 0.12 0.0178087 0.984361 4.65043e-06
5 0.24 0.0284516 0.973362 6.62302e-06
5 0.36 0.0541879 0.947171 1.03117e-05
5 0.48 0.116953 0.88383 1.64295e-05
5 0.6 0.259493 0.740579 2.48591e-05
5 0.72 0.504373 0.494841 3.14538e-05
5 0.84 0.74561 0.252001 2.92574e-05
5 0.96 0.883966 0.11256 2.10306e-05
5 1.08 0.944631 0.0510941 1.32947e-05
5 1.2 0.969547 0.0256426 8.18412e-06
5 1.32 0.97926 0.0155856 5.53508e-06
5 1.44 0.981381 0.0133653 4.89837e-06
5 1.56 0.977541 0.0174243 6.13537e-06
5 1.68 0.964919 0.0305481 9.50734e-06
5 1.8 0.933373 0.0627259 1.54991e-05
5 1.92 0.857234 0.139501 2.39424e-05
5 2.04 0.691843 0.30566 3.15507e-05
5 2.16 0.43569 0.562728 3.12933e-05
5 2.28 0.213732 0.785688 2.33452e-05
5 2.4 0.0960618 0.903927 1.5134e-05
5 2.52 0.0453371 0.954805 9.46572e-06
5 2.64 0.0240772 0.976453 6.05887e-06
5 2.76 0.0153959 0.985552 4.31193e-06
5 2.88 0.0132439 0.987851 3.87952e-06
5 3 0.0162804 0.984619 4.67775e-06
5 3.12 0.0263694 0.974089 6.86471e-06
5 3.24 0.0506581 0.949346 1.08742e-05
5 3.36 0.108509 0.890967 1.73777e-05
5 3.48 0.240239 0.758564 2.64424e-05
5 3.6 0.47494 0.522895 3.42056e-05
5 3.72 0.722477 0.274244 3.28696e-05
5 3.84 0.871859 0.123948 2.41454e-05
5 3.96 0.939028 0.0560804 1.53725e-05
5 4.08 0.966988 0.0274973 9.33504e-06
5 4.2 0.978418 0.0156168 5.95802e-06
5 4.32 0.982135 0.0117218 4.68153e-06
5 4.44 0.980703 0.0132475 5.21558e-06
5 4.56 0.973176 0.0211521 7.68552e-06
5 4.68 0.953996 0.0408912 1.25823e-05
5 4.8 0.907886 0.0876989 2.03642e-05
5 4.92 0.800435 0.196063 2.98956e-05
5 5.04 0.591301 0.406489 3.54982e-05
5 5.16 0.33277 0.66647 3.09971e-05
5 5.28 0.155037 0.845156 2.1536e-05
5 5.4 0.0706996 0.930049 1.36889e-05
5 5.52 0.0348615 0.966409 8.56152e-06
5 5.64 0.0195905 0.982162 5.57033e-06
5 5.76 0.013265 0.988754 4.00545e-06
5 5.88 0.0129722 0.989147 3.99957e-06
5.2 0 0.0146032 0.987013 3.95548e-06
5.2 0.12 0.0177983 0.983541 4.65348e-06
5.2 0.24 0.028422 0.972548 6.62723e-06
5.2 0.36 0.0541101 0.946382 1.03183e-05
5.2 0.48 0.116773 0.883102 1.64401e-05
5.2 0.6 0.259095 0.739962 2.48752e-05
5.2 0.72 0.503625 0.494406 3.14732e-05
5.2 0.84 0.744569 0.25177 2.92741e-05
5.2 0.96 0.882874 0.112457 2.10421e-05
5.2 1.08 0.943657 0.0510487 1.33019e-05
5.2 1.2 0.968738 0.0256207 8.1887e-06
5.2 1.32 0.978581 0.0155731 5.53844e-06
5.2 1.44 0.980747 0.0133553 4.90173e-06
5.2 1.56 0.976852 0.0174119 6.14e-06
5.2 1.68 0.964099 0.0305268 9.51482e-06
5.2 1.8 0.932399 0.0626817 1.55115e-05
5.2 1.92 0.856167 0.139401 2.39616e-05
5.2 2.04 0.690866 0.305439 3.15758e-05
5.2 2.16 0.435022 0.562323 3.13181e-05
5.2 2.28 0.213388 0.785119 2.33633e-05
5.2 2.4 0.0959057 0.903262 1.51456e-05
5.2 2.52 0.0452651 0.95409 9.47292e-06
5.2 2.64 0.0240405 0.975709 6.06347e-06
5.2 2.76 0.0153734 0.984789 4.31523e-06
5.2 2.88 0.0132251 0.987082 3.88257e-06
5.2 3 0.0162572 0.983859 4.68155e-06
5.2 3.12 0.0263308 0.973349 6.87043e-06
5.2 3.24 0.0505815 0.948635 1.08834e-05
5.2 3.36 0.108342 0.890306 1.73925e-05
5.2 3.48 0.239877 0.757998 2.64649e-05
5.2 3.6 0.474255 0.52249 3.42342e-05
5.2 3.72 0.721508 0.274023 3.28959e-05
5.2 3.84 0.870831 0.123848 2.41641e-05
5.2 3.96 0.938112 0.0560353 1.53842e-05
5.2 4.08 0.966239 0.0274754 9.34203e-06
5.2 4.2 0.977816 0.0156045 5.9625e-06
5.2 4.32 0.981607 0.0117127 4.68516e-06
5.2 4.44 0.980151 0.0132374 5.21982e-06
5.2 4.56 0.972513 0.0211363 7.69201e-06
5.2 4.68 0.953176 0.0408608 1.25933e-05
5.2 4.8 0.906925 0.0876337 2.03824e-05
5.2 4.92 0.799444 0.195918 2.99229e-05
5.2 5.04 0.590495 0.406195 3.55315e-05
5.2 5.16 0.332289 0.66601 3.10269e-05
5.2 5.28 0.154805 0.844586 2.15568e-05
5.2 5.4 0.0705916 0.929425 1.37021e-05
5.2 5.52 0.0348054 0.965755 8.56979e-06
5.2 5.64 0.0195513 0.981478 5.57564e-06
5.2 5.76 0.0132413 0.988059 4.00926e-06
5.2 5.88 0.0129428 0.988435 4.00332e-06
5.4 0 0.0146147 0.986146 3.95857e-06
5.4 0.12 0.0178149 0.982685 4.65644e-06
5.4 0.24 0.0284607 0.971719 6.63141e-06
5.4 0.36 0.0542095 0.945604 1.03251e-05
5.4 0.48 0.117017 0.882405 1.64516e-05
5.4 0.6 0.25967 0.739388 2.48932e-05
5.4 0.72 0.504736 0.494008 3.14952e-05
5.4 0.84 0.746142 0.251565 2.92931e-05
5.4 0.96 0.884648 0.112371 2.10555e-05
5.4 1.08 0.945449 0.0510137 1.33107e-05
5.4 1.2 0.970481 0.0256054 8.19438e-06
5.4 1.32 0.980281 0.0155651 5.54263e-06
5.4 1.44 0.982445 0.0133494 4.90583e-06
5.4 1.56 0.978597 0.0174046 6.14544e-06
5.4 1.68 0.965921 0.0305132 9.52331e-06
5.4 1.8 0.934275 0.0626501 1.55251e-05
5.4 1.92 0.857979 0.139321 2.39819e-05
5.4 2.04 0.692371 0.305244 3.16018e-05
5.4 2.16 0.435977 0.561943 3.13433e-05
5.4 2.28 0.213845 0.784556 2.33813e-05
5.4 2.4 0.0960982 0.902566 1.51565e-05
5.4 2.52 0.0453482 0.953304 9.4793e-06
5.4 2.64 0.0240807 0.974863 6.0673e-06
5.4 2.76 0.0153973 0.983909 4.31785e-06
5.4 2.88 0.0132455 0.986192 3.88498e-06
5.4 3 0.0162838 0.982988 4.68468e-06
5.4 3.12 0.0263783 0.972519 6.8754e-06
5.4 3.24 0.0506829 0.947869 1.08918e-05
5.4 3.36 0.10858 0.88963 1.74068e-05
5.4 3.48 0.240432 0.757449 2.64877e-05
5.4 3.6 0.475361 0.522113 3.42638e-05
5.4 3.72 0.723145 0.273828 3.29236e-05
5.4 3.84 0.872722 0.123766 2.41844e-05
5.4 3.96 0.940031 0.0560022 1.53973e-05
5.4 4.08 0.968089 0.0274609 9.35013e-06
5.4 4.2 0.979591 0.015597 5.96781e-06
5.4 4.32 0.983351 0.0117075 4.6895e-06
5.4 4.44 0.981923 0.0132316 5.22478e-06
5.4 4.56 0.974364 0.0211265 7.69936e-06
5.4 4.68 0.955122 0.0408399 1.26052e-05
5.4 4.8 0.908906 0.0875835 2.04016e-05
5.4 4.92 0.80128 0.195793 2.99507e-05
5.4 5.04 0.591892 0.405923 3.55647e-05
5.4 5.16 0.333081 0.665555 3.1056e-05
5.4 5.28 0.155162 0.843985 2.15763e-05
5.4 5.4 0.0707457 0.928719 1.3714e-05
5.4 5.52 0.0348786 0.964977 8.57679e-06
5.4 5.64 0.0195962 0.980643 5.57992e-06
5.4 5.76 0.0132678 0.987192 4.01217e-06
5.4 5.88 0.0129737 0.987563 4.00622e-06
5.6 0 0.0146287 0.985354 3.96292e-06
5.6 0.12 0.0178281 0.981923 4.66008e-06
5.6 0.24 0.0284869 0.971003 6.6365e-06
5.6 0.36 0.0542758 0.94494 1.03333e-05
5.6 0.48 0.117192 0.881802 1.64651e-05
5.6 0.6 0.260106 0.738876 2.49136e-05
5.6 0.72 0.505618 0.493645 3.15193e-05
5.6 0.84 0.747436 0.251376 2.93136e-05
5.6 0.96 0.886184 0.112292 2.10698e-05
5.6 1.08 0.947096 0.0509818 1.33199e-05
5.6 1.2 0.972171 0.0255916 8.20039e-06
5.6 1.32 0.981992 0.0155582 5.54706e-06
5.6 1.44 0.984169 0.0133445 4.91011e-06
5.6 1.56 0.980328 0.0173986 6.15102e-06
5.6 1.68 0.967643 0.0305016 9.53191e-06
5.6 1.8 0.935945 0.0626223 1.55387e-05
5.6 1.92 0.859494 0.139249 2.40023e-05
5.6 2.04 0.693558 0.305067 3.16281e-05
5.6 2.16 0.436688 0.561591 3.13689e-05
5.6 2.28 0.214164 0.784037 2.34001e-05
5.6 2.4 0.0962226 0.901933 1.51683e-05
5.6 2.52 0.0453962 0.952601 9.48636e-06
5.6 2.64 0.024101 0.974117 6.07165e-06
5.6 2.76 0.0154081 0.983139 4.32088e-06
5.6 2.88 0.0132544 0.985418 3.88777e-06
5.6 3 0.0162965 0.982227 4.68826e-06
5.6 3.12 0.0264042 0.971789 6.88099e-06
5.6 3.24 0.0507451 0.947185 1.09011e-05
5.6 3.36 0.10874 0.889015 1.74222e-05
5.6 3.48 0.240833 0.756939 2.65115e-05
5.6 3.6 0.476202 0.521762 3.42939e-05
5.6 3.72 0.724456 0.273648 3.29517e-05
5.6 3.84 0.874329 0.123692 2.4205e-05
5.6 3.96 0.941771 0.055973 1.54106e-05
5.6 4.08 0.969875 0.0274485 9.35849e-06
5.6 4.2 0.981392 0.0155911 5.97337e-06
5.6 4.32 0.985161 0.0117035 4.69405e-06
5.6 4.44 0.983741 0.0132272 5.22993e-06
5.6 4.56 0.976187 0.0211185 7.70683e-06
5.6 4.68 0.956927 0.0408218 1.26172e-05
5.6 4.8 0.910628 0.0875381 2.04205e-05
5.6 4.92 0.802779 0.195677 2.9978e-05
5.6 5.04 0.592972 0.405662 3.55971e-05
5.6 5.16 0.333661 0.665115 3.10846e-05
5.6 5.28 0.155409 0.843408 2.15961e-05
5.6 5.4 0.0708442 0.928052 1.37262e-05
5.6 5.52 0.034921 0.964256 8.5842e-06
5.6 5.64 0.0196189 0.979902 5.58465e-06
5.6 5.76 0.0132816 0.986418 4.01542e-06
5.6 5.88 0.0129881 0.986793 4.00948e-06
5.8 0 0.0146428 0.984475 3.96867e-06
5.8 0.12 0.0178321 0.981015 4.66323e-06
5.8 0.24 0.0284895 0.970036 6.63981e-06
5.8 0.36 0.0542875 0.943955 1.03378e-05
5.8 0.48 0.117248 0.880889 1.64727e-05
5.8 0.6 0.2603 0.73814 2.49263e-05
5.8 0.72 0.506103 0.493174 3.15364e-05
5.8 0.84 0.748237 0.251153 2.93301e-05
5.8 0.96 0.887241 0.112203 2.10825e-05
5.8 1.08 0.948325 0.0509466 1.33287e-05
5.8 1.2 0.973511 0.0255765 8.20633e-06
5.8 1.32 0.983393 0.0155504 5.55152e-06
5.8 1.44 0.98559 0.0133389 4.91442e-06
5.8 1.56 0.981729 0.0173916 6.15653e-06
5.8 1.68 0.968978 0.0304882 9.54014e-06
5.8 1.8 0.937151 0.0625902 1.55512e-05
5.8 1.92 0.860484 0.139163 2.40198e-05
5.8 2.04 0.69423 0.30484 3.16481e-05
5.8 2.16 0.437009 0.561094 3.13854e-05
5.8 2.28 0.214263 0.783241 2.34101e-05
5.8 2.4 0.0962383 0.900929 1.51736e-05
5.8 2.52 0.0453907 0.951484 9.4892e-06
5.8 2.64 0.0240926 0.972948 6.0733e-06
5.8 2.76 0.0154007 0.981951 4.32204e-06
5.8 2.88 0.0132477 0.984228 3.88889e-06
5.8 3 0.0162898 0.981047 4.68979e-06
5.8 3.12 0.0263982 0.970635 6.8835e-06
5.8 3.24 0.050747 0.946091 1.09056e-05
5.8 3.36 0.108778 0.888039 1.74303e-05
5.8 3.48 0.240987 0.756171 2.65256e-05
5.8 3.6 0.476625 0.521283 3.43147e-05
5.8 3.72 0.725241 0.273427 3.29739e-05
5.8 3.84 0.87542 0.123606 2.4223e-05
5.8 3.96 0.94307 0.0559402 1.54232e-05
5.8 4.08 0.971303 0.027435 9.36669e-06
5.8 4.2 0.982895 0.0155845 5.97898e-06
5.8 4.32 0.9867 0.0116992 4.69869e-06
5.8 4.44 0.985276 0.0132223 5.23511e-06
5.8 4.56 0.977677 0.0211096 7.71417e-06
5.8 4.68 0.958319 0.0408014 1.26285e-05
5.8 4.8 0.911849 0.0874854 2.04372e-05
5.8 4.92 0.803729 0.195536 3.00002e-05
5.8 5.04 0.593557 0.405315 3.56204e-05
5.8 5.16 0.333911 0.664462 3.11023e-05
5.8 5.28 0.155482 0.842484 2.16065e-05
5.8 5.4 0.0708561 0.92695 1.37319e-05
5.8 5.52 0.0349172 0.963037 8.58721e-06
5.8 5.64 0.0196124 0.978598 5.58625e-06
5.8 5.76 0.0132755 0.985077 4.01641e-06
5.8 5.88 0.0129821 0.985462 4.01049e-06
6 0 0.0146606 0.983867 3.9771e-06
6 0.12 0.0178316 0.980416 4.66737e-06
6 0.24 0.0284826 0.969432 6.64466e-06
6 0.36 0.0542788 0.943351 1.0345e-05
6 0.48 0.117253 0.880314 1.64839e-05
6 0.6 0.260365 0.737649 2.49431e-05
6 0.72 0.506315 0.492839 3.15569e-05
6 0.84 0.74862 0.250983 2.93483e-05
6 0.96 0.887794 0.112129 2.10955e-05
6 1.08 0.949014 0.0509138 1.3337e-05
6 1.2 0.974295 0.0255605 8.21167e-06
6 1.32 0.98423 0.0155413 5.55536e-06
6 1.44 0.986444 0.0133319 4.91809e-06
6 1.56 0.982561 0.0173833 6.16133e-06
6 1.68 0.969748 0.0304744 9.54759e-06
6 1.8 0.937809 0.0625626 1.55631e-05
6 1.92 0.86097 0.139099 2.40373e-05
6 2.04 0.694496 0.304682 3.16694e-05
6 2.16 0.437078 0.560749 3.14044e-05
6 2.28 0.214245 0.782691 2.34231e-05
6 2.4 0.0962054 0.900259 1.51817e-05
6 2.52 0.0453643 0.950773 9.49424e-06
6 2.64 0.0240742 0.972234 6.07658e-06
6 2.76 0.0153874 0.981245 4.32446e-06
6 2.88 0.0132362 0.983528 3.89119e-06
6 3 0.0162767 0.980345 4.69267e-06
6 3.12 0.0263809 0.96993 6.8878e-06
6 3.24 0.0507247 0.945396 1.09124e-05
6 3.36 0.108758 0.887392 1.74414e-05
6 3.48 0.241006 0.755641 2.65431e-05
6 3.6 0.476769 0.520943 3.43381e-05
6 3.72 0.725599 0.273264 3.29974e-05
6 3.84 0.875997 0.123538 2.4241e-05
6 3.96 0.943819 0.055911 1.5435e-05
6 4.08 0.972171 0.0274209 9.37413e-06
6 4.2 0.983835 0.0155767 5.98388e-06
6 4.32 0.987674 0.0116936 4.70267e-06
6 4.44 0.986246 0.013216 5.2396e-06
6 4.56 0.978601 0.0210997 7.72072e-06
6 4.68 0.959149 0.0407821 1.26389e-05
6 4.8 0.912527 0.0874423 2.04535e-05
6 4.92 0.804196 0.19543 3.00227e-05
6 5.04 0.593783 0.405064 3.56452e-05
6 5.16 0.333961 0.663992 3.11223e-05
6 5.28 0.155465 0.841836 2.16197e-05
6 5.4 0.0708296 0.926212 1.374e-05
6 5.52 0.0348961 0.96227 8.59237e-06
6 5.64 0.0195974 0.977813 5.5897e-06
6 5.76 0.0132642 0.984318 4.01896e-06
6 5.88 0.0129704 0.984662 4.01296e-06
6.2 0 0.0146731 0.98356 3.98532e-06
6.2 0.12 0.0178226 0.980138 4.67093e-06
6.2 0.24 0.0284583 0.969147 6.64838e-06
6.2 0.36 0.0542297 0.943041 1.03499e-05
6.2 0.48 0.117158 0.879964 1.64911e-05
6.2 0.6 0.260184 0.737285 2.49529e-05
6.2 0.72 0.506008 0.492538 3.15669e-05
6.2 0.84 0.748201 0.250798 2.93551e-05
6.2 0.96 0.887354 0.112034 2.10988e-05
6.2 1.08 0.948617 0.0508664 1.33384e-05
6.2 1.2 0.973958 0.0255354 8.21228e-06
6.2 1.32 0.983939 0.015526 5.5558e-06
6.2 1.44 0.986164 0.0133193 4.91864e-06
6.2 1.56 0.982257 0.0173681 6.16229e-06
6.2 1.68 0.969388 0.03045 9.54943e-06
6.2 1.8 0.937379 0.0625178 1.55666e-05
6.2 1.92 0.860484 0.139012 2.40434e-05
6.2 2.04 0.694014 0.304512 3.16779e-05
6.2 2.16 0.436701 0.560447 3.14123e-05
6.2 2.28 0.214021 0.782272 2.34287e-05
6.2 2.4 0.0960878 0.899813 1.51855e-05
6.2 2.52 0.0453018 0.950369 9.49682e-06
6.2 2.64 0.0240386 0.971882 6.07843e-06
6.2 2.76 0.0153639 0.980934 4.32594e-06
6.2 2.88 0.0132161 0.983233 3.89265e-06
6.2 3 0.0162527 0.980034 4.69449e-06
6.2 3.12 0.0263442 0.969578 6.89041e-06
6.2 3.24 0.050661 0.944994 1.09164e-05
6.2 3.36 0.108641 0.886962 1.74475e-05
6.2 3.48 0.24079 0.755232 2.65519e-05
6.2 3.6 0.476418 0.520635 3.43489e-05
6.2 3.72 0.725165 0.273086 3.30071e-05
6.2 3.84 0.875573 0.123448 2.42473e-05
6.2 3.96 0.943464 0.0558656 1.54385e-05
6.2 4.08 0.971899 0.027397 9.37596e-06
6.2 4.2 0.983628 0.0155626 5.98497e-06
6.2 4.32 0.987498 0.0116829 4.70354e-06
6.2 4.44 0.986061 0.0132043 5.24065e-06
6.2 4.56 0.978369 0.0210817 7.72242e-06
6.2 4.68 0.95884 0.0407496 1.2642e-05
6.2 4.8 0.912136 0.0873789 2.0459e-05
6.2 4.92 0.803753 0.195302 3.00316e-05
6.2 5.04 0.593368 0.404818 3.56558e-05
6.2 5.16 0.333667 0.6636 3.11312e-05
6.2 5.28 0.155299 0.841361 2.16258e-05
6.2 5.4 0.0707399 0.925736 1.3744e-05
6.2 5.52 0.0348458 0.961845 8.59503e-06
6.2 5.64 0.0195666 0.977477 5.59164e-06
6.2 5.76 0.0132424 0.98401 4.02044e-06
6.2 5.88 0.0129488 0.984409 4.01457e-06
6.4 0 0.0146822 0.983662 3.99121e-06
6.4 0.12 0.0178156 0.980243 4.67397e-06
6.4 0.24 0.0284338 0.969237 6.65169e-06
6.4 0.36 0.0541702 0.943103 1.03544e-05
6.4 0.48 0.117021 0.87999 1.64977e-05
6.4 0.6 0.25988 0.737273 2.49621e-05
6.4 0.72 0.505435 0.492509 3.1578e-05
6.4 0.84 0.747413 0.250772 2.93651e-05
6.4 0.96 0.886499 0.112016 2.11056e-05
6.4 1.08 0.947798 0.0508557 1.33424e-05
6.4 1.2 0.973212 0.0255292 8.21467e-06
6.4 1.32 0.983249 0.0155222 5.55745e-06
6.4 1.44 0.985485 0.0133166 4.92024e-06
6.4 1.56 0.981537 0.0173655 6.16449e-06
6.4 1.68 0.968587 0.0304472 9.55303e-06
6.4 1.8 0.936495 0.062516 1.55727e-05
6.4 1.92 0.859565 0.139016 2.40526e-05
6.4 2.04 0.693173 0.304524 3.16886e-05
6.4 2.16 0.436103 0.560444 3.14204e-05
6.4 2.28 0.213706 0.782229 2.34338e-05
6.4 2.4 0.0959443 0.899777 1.51889e-05
6.4 2.52 0.0452356 0.950382 9.49925e-06
6.4 2.64 0.0240048 0.971944 6.08024e-06
6.4 2.76 0.0153432 0.981031 4.32742e-06
6.4 2.88 0.0131989 0.983343 3.89412e-06
6.4 3 0.0162315 0.98013 4.69629e-06
6.4 3.12 0.0263091 0.969638 6.89291e-06
6.4 3.24 0.0505917 0.945007 1.092e-05
6.4 3.36 0.108491 0.886933 1.74529e-05
6.4 3.48 0.240466 0.755188 2.65598e-05
6.4 3.6 0.475821 0.520608 3.436e-05
6.4 3.72 0.72435 0.273073 3.3019e-05
6.4 3.84 0.874698 0.123438 2.42563e-05
6.4 3.96 0.942638 0.0558582 1.54441e-05
6.4 4.08 0.971164 0.0273921 9.37925e-06
6.4 4.2 0.982975 0.0155594 5.98702e-06
6.4 4.32 0.986883 0.0116804 4.70515e-06
6.4 4.44 0.985427 0.0132017 5.24252e-06
6.4 4.56 0.977665 0.0210782 7.72528e-06
6.4 4.68 0.95804 0.0407447 1.26468e-05
6.4 4.8 0.911258 0.087373 2.0467e-05
6.4 4.92 0.802875 0.195297 3.0043e-05
6.4 5.04 0.592634 0.404804 3.56675e-05
6.4 5.16 0.333209 0.663549 3.11395e-05
6.4 5.28 0.155075 0.841294 2.16314e-05
6.4 5.4 0.0706372 0.9257 1.37478e-05
6.4 5.52 0.0347953 0.961865 8.59769e-06
6.4 5.64 0.0195364 0.977556 5.59355e-06
6.4 5.76 0.0132226 0.984143 4.02199e-06
6.4 5.88 0.0129271 0.984528 4.01605e-06
6.6 0 0.0147085 0.984004 3.9945e-06
6.6 0.12 0.0178428 0.980585 4.67592e-06
6.6 0.24 0.0284772 0.969566 6.6537e-06
6.6 0.36 0.054254 0.943416 1.03569e-05
6.6 0.48 0.117199 0.880276 1.65011e-05
6.6 0.6 0.260264 0.737505 2.49666e-05
6.6 0.72 0.506152 0.492662 3.15831e-05
6.6 0.84 0.748426 0.250851 2.93696e-05
6.6 0.96 0.887635 0.112052 2.11089e-05
6.6 1.08 0.948941 0.050873 1.33447e-05
6.6 1.2 0.97432 0.0255385 8.21626e-06
6.6 1.32 0.98432 0.0155284 5.55867e-06
6.6 1.44 0.986541 0.0133224 4.92144e-06
6.6 1.56 0.982607 0.0173736 6.16607e-06
6.6 1.68 0.969689 0.0304616 9.55536e-06
6.6 1.8 0.937616 0.0625454 1.55761e-05
6.6 1.92 0.860641 0.13908 2.40571e-05
6.6 2.04 0.694059 0.304656 3.1693e-05
6.6 2.16 0.436655 0.560645 3.14227e-05
6.6 2.28 0.213977 0.782456 2.34348e-05
6.6 2.4 0.0960678 0.900012 1.51896e-05
6.6 2.52 0.0452947 0.950624 9.49988e-06
6.6 2.64 0.0240366 0.97219 6.08082e-06
6.6 2.76 0.0153641 0.981281 4.328e-06
6.6 2.88 0.0132173 0.983596 3.89477e-06
6.6 3 0.0162545 0.98038 4.69709e-06
6.6 3.12 0.0263465 0.969882 6.89396e-06
6.6 3.24 0.0506641 0.945248 1.09215e-05
6.6 3.36 0.108647 0.887168 1.7455e-05
6.6 3.48 0.240806 0.755398 2.65628e-05
6.6 3.6 0.476481 0.520767 3.43641e-05
6.6 3.72 0.725327 0.273165 3.30236e-05
6.6 3.84 0.875819 0.123481 2.42599e-05
6.6 3.96 0.943768 0.0558779 1.54466e-05
6.6 4.08 0.972247 0.027402 9.38086e-06
6.6 4.2 0.984002 0.0155651 5.98809e-06
6.6 4.32 0.987879 0.0116847 4.70602e-06
6.6 4.44 0.986435 0.0132066 5.24353e-06
6.6 4.56 0.978721 0.0210864 7.72678e-06
6.6 4.68 0.959151 0.0407605 1.26492e-05
6.6 4.8 0.912391 0.0874061 2.04704e-05
6.6 4.92 0.80393 0.195369 3.00474e-05
6.6 5.04 0.593434 0.404939 3.56716e-05
6.6 5.16 0.333664 0.663736 3.1142e-05
6.6 5.28 0.155289 0.8415 2.16329e-05
6.6 5.4 0.0707355 0.925909 1.37489e-05
6.6 5.52 0.0348444 0.962073 8.59842e-06
6.6 5.64 0.0195661 0.977768 5.59412e-06
6.6 5.76 0.0132427 0.984365 4.02249e-06
6.6 5.88 0.0129489 0.984774 4.01664e-06
6.8 0 0.0147393 0.984835 3.99719e-06
6.8 0.12 0.0178777 0.981439 4.67832e-06
6.8 0.24 0.0285321 0.970466 6.65707e-06
6.8 0.36 0.0543546 0.94435 1.03623e-05
6.8 0.48 0.1174 0.881185 1.65095e-05
6.8 0.6 0.260664 0.738273 2.49785e-05
6.8 0.72 0.506842 0.493174 3.15968e-05
6.8 0.84 0.749342 0.251117 2.93818e-05
6.8 0.96 0.88864 0.112177 2.1118e-05
6.8 1.08 0.949964 0.0509343 1.33511e-05
6.8 1.2 0.975336 0.0255714 8.22066e-06
6.8 1.32 0.985321 0.0155493 5.56189e-06
6.8 1.44 0.987528 0.0133409 4.92442e-06
6.8 1.56 0.983586 0.0173977 6.16974e-06
6.8 1.68 0.970662 0.0305025 9.56062e-06
6.8 1.8 0.938573 0.0626247 1.55836e-05
6.8 1.92 0.861553 0.139246 2.40673e-05
6.8 2.04 0.694838 0.305 3.17049e-05
6.8 2.16 0.437186 0.561248 3.14337e-05
6.8 2.28 0.21427 0.783273 2.34433e-05
6.8 2.4 0.0962175 0.900937 1.51956e-05
6.8 2.52 0.0453732 0.951578 9.50379e-06
6.8 2.64 0.0240816 0.973134 6.08341e-06
6.8 2.76 0.0153943 0.98221 4.32993e-06
6.8 2.88 0.0132441 0.984517 3.8966e-06
6.8 3 0.0162874 0.981308 4.69935e-06
6.8 3.12 0.0263982 0.970825 6.89728e-06
6.8 3.24 0.0507576 0.946194 1.09267e-05
6.8 3.36 0.108829 0.888069 1.74629e-05
6.8 3.48 0.241165 0.75616 2.65737e-05
6.8 3.6 0.477106 0.521286 3.43765e-05
6.8 3.72 0.726175 0.273441 3.30347e-05
6.8 3.84 0.876755 0.123611 2.42684e-05
6.8 3.96 0.944712 0.0559412 1.54525e-05
6.8 4.08 0.973171 0.0274349 9.38488e-06
6.8 4.2 0.9849 0.0155844 5.99084e-06
6.8 4.32 0.988759 0.0116995 4.70826e-06
6.8 4.44 0.987315 0.0132234 5.24603e-06
6.8 4.56 0.979614 0.0211125 7.7303e-06
6.8 4.68 0.960059 0.0408086 1.26544e-05
6.8 4.8 0.913301 0.0875027 2.04779e-05
6.8 4.92 0.804794 0.195572 3.00572e-05
6.8 5.04 0.594136 0.405347 3.5683e-05
6.8 5.16 0.33411 0.664399 3.11528e-05
6.8 5.28 0.155527 0.842352 2.16415e-05
6.8 5.4 0.0708586 0.926853 1.37549e-05
6.8 5.52 0.0349118 0.963048 8.60241e-06
6.8 5.64 0.0196076 0.978749 5.59686e-06
6.8 5.76 0.0132724 0.985349 4.02457e-06
6.8 5.88 0.0129786 0.985747 4.01869e-06
7 0 0.0147637 0.985955 3.99935e-06
7 0.12 0.017906 0.982582 4.68057e-06
7 0.24 0.0285754 0.971652 6.66033e-06
7 0.36 0.0544308 0.945557 1.03674e-05
7 0.48 0.117545 0.88234 1.65176e-05
7 0.6 0.260937 0.739241 2.49899e-05
7 0.72 0.507291 0.493814 3.16101e-05
7 0.84 0.749905 0.25144 2.93931e-05
7 0.96 0.889204 0.11232 2.11255e-05
7 1.08 0.950481 0.0509991 1.33554e-05
7 1.2 0.97581 0.0256041 8.2232e-06
7 1.32 0.985763 0.0155694 5.56357e-06
7 1.44 0.987949 0.0133583 4.92594e-06
7 1.56 0.983998 0.0174207 6.17171e-06
7 1.68 0.97108 0.0305428 9.56373e-06
7 1.8 0.939016 0.0627073 1.55888e-05
7 1.92 0.86202 0.139431 2.40755e-05
7 2.04 0.695273 0.305406 3.17157e-05
7 2.16 0.437502 0.561992 3.14441e-05
7 2.28 0.214458 0.784316 2.34516e-05
7 2.4 0.0963224 0.902153 1.52016e-05
7 2.52 0.0454327 0.952866 9.5079e-06
7 2.64 0.0241175 0.974436 6.08619e-06
7 2.76 0.0154191 0.983503 4.332e-06
7 2.88 0.0132662 0.985803 3.89855e-06
7 3 0.0163146 0.982595 4.70175e-06
7 3.12 0.0264399 0.972113 6.90077e-06
7 3.24 0.0508296 0.947455 1.09319e-05
7 3.36 0.108961 0.889236 1.74706e-05
7 3.48 0.241406 0.757117 2.65839e-05
7 3.6 0.477493 0.521919 3.43875e-05
7 3.72 0.726654 0.273761 3.30435e-05
7 3.84 0.877219 0.123753 2.42736e-05
7 3.96 0.945114 0.0560047 1.54552e-05
7 4.08 0.973517 0.0274661 9.38626e-06
7 4.2 0.985208 0.0156021 5.9916e-06
7 4.32 0.989046 0.0117128 4.70883e-06
7 4.44 0.987597 0.0132385 5.24674e-06
7 4.56 0.979908 0.0211369 7.73149e-06
7 4.68 0.960388 0.0408557 1.26565e-05
7 4.8 0.913682 0.0876039 2.04818e-05
7 4.92 0.805213 0.195802 3.00641e-05
7 5.04 0.594518 0.405833 3.56922e-05
7 5.16 0.334376 0.665223 3.11622e-05
7 5.28 0.155684 0.84345 2.16493e-05
7 5.4 0.0709477 0.928116 1.37608e-05
7 5.52 0.0349641 0.964396 8.60663e-06
7 5.64 0.019641 0.980136 5.59987e-06
7 5.76 0.0132967 0.98675 4.02686e-06
7 5.88 0.0130029 0.987134 4.02098e-06
7.2 0 0.0147777 0.986994 4.00057e-06
7.2 0.12 0.0179223 0.983629 4.68189e-06
7.2 0.24 0.0285997 0.972721 6.66224e-06
7.2 0.36 0.0544724 0.946637 1.03705e-05
7.2 0.48 0.117624 0.883383 1.65229e-05
7.2 0.6 0.261095 0.740143 2.49987e-05
7.2 0.72 0.507584 0.494433 3.16225e-05
7.2 0.84 0.750336 0.251763 2.9406e-05
7.2 0.96 0.889727 0.112469 2.11357e-05
7.2 1.08 0.951058 0.0510688 1.33624e-05
7.2 1.2 0.976415 0.0256398 8.22767e-06
7.2 1.32 0.986376 0.0155912 5.56666e-06
7.2 1.44 0.988552 0.0133772 4.92872e-06
7.2 1.56 0.984576 0.0174455 6.17521e-06
7.2 1.68 0.971617 0.0305861 9.569e-06
7.2 1.8 0.939497 0.0627945 1.55967e-05
7.2 1.92 0.862423 0.139618 2.40864e-05
7.2 2.04 0.695568 0.305803 3.17276e-05
7.2 2.16 0.437674 0.562695 3.14535e-05
7.2 2.28 0.214547 0.785267 2.34573e-05
7.2 2.4 0.0963717 0.903229 1.52049e-05
7.2 2.52 0.0454622 0.953993 9.51002e-06
7.2 2.64 0.0241364 0.975578 6.08765e-06
7.2 2.76 0.0154329 0.984646 4.33315e-06
7.2 2.88 0.0132789 0.986942 3.89969e-06
7.2 3 0.0163302 0.983727 4.70318e-06
7.2 3.12 0.0264634 0.973233 6.9028e-06
7.2 3.24 0.050869 0.948545 1.0935e-05
7.2 3.36 0.109033 0.890254 1.74753e-05
7.2 3.48 0.241542 0.757975 2.65911e-05
7.2 3.6 0.477732 0.5225 3.4397e-05
7.2 3.72 0.726991 0.274064 3.30528e-05
7.2 3.84 0.877619 0.123893 2.42809e-05
7.2 3.96 0.945552 0.0560699 1.54602e-05
7.2 4.08 0.973976 0.0274987 9.38937e-06
7.2 4.2 0.985678 0.0156207 5.99361e-06
7.2 4.32 0.989515 0.0117269 4.71045e-06
7.2 4.44 0.988053 0.0132548 5.24864e-06
7.2 4.56 0.980341 0.021163 7.73434e-06
7.2 4.68 0.960788 0.0409055 1.2661e-05
7.2 4.8 0.914038 0.0877078 2.04885e-05
7.2 4.92 0.80551 0.196026 3.00725e-05
7.2 5.04 0.594733 0.406289 3.57008e-05
7.2 5.16 0.334506 0.665971 3.11687e-05
7.2 5.28 0.155757 0.844411 2.16536e-05
7.2 5.4 0.0709903 0.929198 1.37637e-05
7.2 5.52 0.0349909 0.965549 8.60874e-06
7.2 5.64 0.0196591 0.981331 5.60148e-06
7.2 5.76 0.0133103 0.987965 4.02815e-06
7.2 5.88 0.0130164 0.988333 4.02225e-06
7.4 0 0.0147813 0.987701 4.00041e-06
7.4 0.12 0.0179262 0.984328 4.68166e-06
7.4 0.24 0.0286035 0.973387 6.66163e-06
7.4 0.36 0.0544749 0.947274 1.03693e-05
7.4 0.48 0.117623 0.883989 1.65212e-05
7.4 0.6 0.261098 0.740684 2.49977e-05
7.4 0.72 0.507625 0.494828 3.16242e-05
7.4 0.84 0.750473 0.251983 2.94108e-05
7.4 0.96 0.889989 0.112576 2.11414e-05
7.4 1.08 0.951435 0.0511207 1.33672e-05
7.4 1.2 0.976879 0.025667 8.23119e-06
7.4 1.32 0.98689 0.0156082 5.5693e-06
7.4 1.44 0.989074 0.0133921 4.93117e-06
7.4 1.56 0.98506 0.0174649 6.17824e-06
7.4 1.68 0.972022 0.0306194 9.57322e-06
7.4 1.8 0.93979 0.0628595 1.56023e-05
7.4 1.92 0.862583 0.139753 2.40922e-05
7.4 2.04 0.695599 0.30607 3.17309e-05
7.4 2.16 0.437637 0.563133 3.14522e-05
7.4 2.28 0.214513 0.785814 2.34537e-05
7.4 2.4 0.0963565 0.903816 1.52018e-05
7.4 2.52 0.0454581 0.954591 9.50786e-06
7.4 2.64 0.0241365 0.976178 6.08631e-06
7.4 2.76 0.0154342 0.985241 4.3323e-06
7.4 2.88 0.0132809 0.98753 3.89904e-06
7.4 3 0.0163329 0.984309 4.70247e-06
7.4 3.12 0.0264668 0.973807 6.90175e-06
7.4 3.24 0.0508726 0.949106 1.09333e-05
7.4 3.36 0.109036 0.890785 1.74728e-05
7.4 3.48 0.241549 0.758437 2.65883e-05
7.4 3.6 0.477759 0.522823 3.43951e-05
7.4 3.72 0.727068 0.274241 3.30527e-05
7.4 3.84 0.87778 0.123981 2.42825e-05
7.4 3.96 0.945807 0.0561132 1.54623e-05
7.4 4.08 0.974312 0.0275212 9.39118e-06
7.4 4.2 0.986068 0.0156341 5.99502e-06
7.4 4.32 0.989926 0.0117373 4.71173e-06
7.4 4.44 0.988446 0.0132669 5.25018e-06
7.4 4.56 0.98068 0.0211824 7.73652e-06
7.4 4.68 0.961044 0.0409417 1.26639e-05
7.4 4.8 0.91419 0.0877799 2.04915e-05
7.4 4.92 0.805552 0.196172 3.00739e-05
7.4 5.04 0.594701 0.406563 3.56986e-05
7.4 5.16 0.334462 0.666383 3.11638e-05
7.4 5.28 0.155732 0.844903 2.16488e-05
7.4 5.4 0.0709813 0.929721 1.37602e-05
7.4 5.52 0.0349889 0.966081 8.60644e-06
7.4 5.64 0.0196596 0.981869 5.60003e-06
7.4 5.76 0.0133111 0.988481 4.02705e-06
7.4 5.88 0.0130179 0.988895 4.02136e-06
7.6 0 0.0147811 0.988313 4e-06
7.6 0.12 0.0179272 0.984951 4.68153e-06
7.6 0.24 0.0286059 0.974045 6.66179e-06
7.6 0.36 0.0544796 0.947958 1.037e-05
7.6 0.48 0.117632 0.884669 1.65229e-05
7.6 0.6 0.261117 0.741288 2.50011e-05
7.6 0.72 0.507681 0.495252 3.16301e-05
7.6 0.84 0.750598 0.252205 2.9418e-05
7.6 0.96 0.890189 0.112675 2.11476e-05
7.6 1.08 0.95171 0.0511648 1.33717e-05
7.6 1.2 0.977225 0.0256889 8.23427e-06
7.6 1.32 0.987291 0.0156217 5.57161e-06
7.6 1.44 0.989491 0.0134039 4.93338e-06
7.6 1.56 0.985449 0.0174807 6.18104e-06
7.6 1.68 0.972348 0.0306475 9.5773e-06
7.6 1.8 0.940036 0.0629179 1.56082e-05
7.6 1.92 0.862744 0.139883 2.41e-05
7.6 2.04 0.695674 0.30635 3.17387e-05
7.6 2.16 0.437648 0.563618 3.1457e-05
7.6 2.28 0.214509 0.78644 2.34557e-05
7.6 2.4 0.0963552 0.904484 1.52023e-05
7.6 2.52 0.0454587 0.955242 9.50784e-06
7.6 2.64 0.0241375 0.976784 6.08609e-06
7.6 2.76 0.0154354 0.985804 4.33209e-06
7.6 2.88 0.0132826 0.988073 3.89894e-06
7.6 3 0.0163358 0.984864 4.70257e-06
7.6 3.12 0.0264724 0.974395 6.9022e-06
7.6 3.24 0.050884 0.949725 1.09344e-05
7.6 3.36 0.10906 0.8914 1.74752e-05
7.6 3.48 0.2416 0.758968 2.65922e-05
7.6 3.6 0.477851 0.523178 3.43999e-05
7.6 3.72 0.727196 0.274419 3.30567e-05
7.6 3.84 0.877942 0.124058 2.42853e-05
7.6 3.96 0.946012 0.0561474 1.54642e-05
7.6 4.08 0.974569 0.0275378 9.39251e-06
7.6 4.2 0.986374 0.0156436 5.99606e-06
7.6 4.32 0.990257 0.0117449 4.71277e-06
7.6 4.44 0.988765 0.0132762 5.25157e-06
7.6 4.56 0.980956 0.0211981 7.73864e-06
7.6 4.68 0.961259 0.040973 1.26672e-05
7.6 4.8 0.914343 0.0878485 2.04961e-05
7.6 4.92 0.805646 0.196326 3.00794e-05
7.6 5.04 0.59474 0.406876 3.57033e-05
7.6 5.16 0.334471 0.666874 3.11663e-05
7.6 5.28 0.155735 0.845491 2.16497e-05
7.6 5.4 0.0709837 0.930325 1.37603e-05
7.6 5.52 0.0349909 0.966657 8.60623e-06
7.6 5.64 0.0196611 0.982392 5.59975e-06
7.6 5.76 0.0133121 0.988978 4.02675e-06
7.6 5.88 0.0130191 0.989371 4.02106e-06
7.8 0 0.014778 0.98885 3.99913e-06
7.8 0.12 0.017926 0.985523 4.68118e-06
7.8 0.24 0.0286061 0.974688 6.66178e-06
7.8 0.36 0.0544815 0.948653 1.03705e-05
7.8 0.48 0.117635 0.88535 1.65241e-05
7.8 0.6 0.261118 0.741864 2.50033e-05
7.8 0.72 0.50769 0.495638 3.16342e-05
7.8 0.84 0.750634 0.252394 2.94232e-05
7.8 0.96 0.890255 0.112751 2.11518e-05
7.8 1.08 0.951817 0.0511962 1.33746e-05
7.8 1.2 0.97739 0.0257039 8.23638e-06
7.8 1.32 0.987508 0.0156309 5.57329e-06
7.8 1.44 0.989731 0.0134122 4.93507e-06
7.8 1.56 0.98567 0.017492 6.18325e-06
7.8 1.68 0.972521 0.0306682 9.58055e-06
7.8 1.8 0.940154 0.062963 1.5613e-05
7.8 1.92 0.862816 0.139992 2.41064e-05
7.8 2.04 0.695699 0.306602 3.17452e-05
7.8 2.16 0.437637 0.564074 3.14607e-05
7.8 2.28 0.214498 0.787048 2.34569e-05
7.8 2.4 0.0963525 0.905154 1.52026e-05
7.8 2.52 0.0454586 0.955901 9.50767e-06
7.8 2.64 0.0241378 0.977396 6.08575e-06
7.8 2.76 0.015436 0.986365 4.33178e-06
7.8 2.88 0.0132838 0.98861 3.89878e-06
7.8 3 0.0163385 0.985417 4.70267e-06
7.8 3.12 0.0264785 0.974989 6.90276e-06
7.8 3.24 0.0508975 0.950351 1.09358e-05
7.8 3.36 0.10909 0.892005 1.74778e-05
7.8 3.48 0.241659 0.759464 2.65962e-05
7.8 3.6 0.477941 0.523483 3.44039e-05
7.8 3.72 0.727288 0.274553 3.30589e-05
7.8 3.84 0.878017 0.124108 2.42859e-05
7.8 3.96 0.94609 0.0561667 1.54643e-05
7.8 4.08 0.974678 0.0275466 9.39269e-06
7.8 4.2 0.986523 0.0156488 5.99638e-06
7.8 4.32 0.99043 0.0117494 4.71332e-06
7.8 4.44 0.988935 0.0132823 5.25253e-06
7.8 4.56 0.981095 0.0212092 7.74025e-06
7.8 4.68 0.961358 0.0409964 1.26697e-05
7.8 4.8 0.914411 0.0879038 2.04999e-05
7.8 4.92 0.805692 0.196462 3.00843e-05
7.8 5.04 0.594759 0.40717 3.57076e-05
7.8 5.16 0.334474 0.667348 3.11683e-05
7.8 5.28 0.155737 0.846074 2.16503e-05
7.8 5.4 0.0709862 0.93094 1.37603e-05
7.8 5.52 0.0349926 0.967254 8.60593e-06
7.8 5.64 0.0196619 0.982958 5.59932e-06
7.8 5.76 0.0133126 0.989509 4.02634e-06
7.8 5.88 0.0130193 0.989894 4.02055e-06
8 0 0.0147693 0.989163 3.99694e-06
8 0.12 0.0179205 0.98584 4.67993e-06
8 0.24 0.0286006 0.975032 6.66046e-06
8 0.36 0.0544739 0.949036 1.0369e-05
8 0.48 0.117622 0.885763 1.65224e-05
8 0.6 0.261097 0.742263 2.50022e-05
8 0.72 0.507672 0.49594 3.1635e-05
8 0.84 0.750639 0.252555 2.94259e-05
8 0.96 0.890292 0.112822 2.11548e-05
8 1.08 0.951907 0.0512279 1.33772e-05
8 1.2 0.977548 0.0257201 8.23846e-06
8 1.32 0.987723 0.0156412 5.57507e-06
8 1.44 0.989971 0.0134216 4.93694e-06
8 1.56 0.985892 0.0175047 6.18565e-06
8 1.68 0.97269 0.0306905 9.58388e-06
8 1.8 0.940257 0.0630088 1.56174e-05
8 1.92 0.862859 0.140094 2.41115e-05
8 2.04 0.69569 0.306818 3.17491e-05
8 2.16 0.437595 0.564422 3.14608e-05
8 2.28 0.214465 0.787446 2.34544e-05
8 2.4 0.0963351 0.905521 1.51998e-05
8 2.52 0.04545 0.9562 9.50531e-06
8 2.64 0.0241333 0.977623 6.08397e-06
8 2.76 0.0154335 0.986537 4.33049e-06
8 2.88 0.0132826 0.988759 3.8978e-06
8 3 0.0163386 0.985581 4.70182e-06
8 3.12 0.0264807 0.975201 6.90198e-06
8 3.24 0.0509052 0.950621 1.09352e-05
8 3.36 0.109112 0.892314 1.74778e-05
8 3.48 0.241711 0.759752 2.65971e-05
8 3.6 0.478027 0.523674 3.44047e-05
8 3.72 0.727369 0.274643 3.30582e-05
8 3.84 0.878082 0.124145 2.42847e-05
8 3.96 0.946168 0.0561837 1.54637e-05
8 4.08 0.974797 0.0275556 9.39265e-06
8 4.2 0.986686 0.0156547 5.99675e-06
8 4.32 0.990621 0.0117549 4.71406e-06
8 4.44 0.989122 0.0132898 5.25377e-06
8 4.56 0.98125 0.0212223 7.74221e-06
8 4.68 0.961464 0.0410226 1.26725e-05
8 4.8 0.914471 0.0879606 2.05034e-05
8 4.92 0.805716 0.196589 3.00878e-05
8 5.04 0.594749 0.407414 3.57088e-05
8 5.16 0.334448 0.66768 3.11663e-05
8 5.28 0.155719 0.846403 2.16471e-05
8 5.4 0.0709761 0.931209 1.37572e-05
8 5.52 0.0349867 0.967446 8.60344e-06
8 5.64 0.0196579 0.983073 5.59734e-06
8 5.76 0.0133096 0.989577 4.02477e-06
8 5.88 0.0130163 0.989964 4.01894e-06
8.2 0 0.0147534 0.989453 3.99315e-06
8.2 0.12 0.0179132 0.986146 4.67851e-06
8.2 0.24 0.0285969 0.975403 6.65959e-06
8.2 0.36 0.0544759 0.949486 1.03688e-05
8.2 0.48 0.117637 0.886262 1.65236e-05
8.2 0.6 0.261139 0.742721 2.50054e-05
8.2 0.72 0.507752 0.496248 3.16396e-05
8.2 0.84 0.750737 0.252703 2.94301e-05
8.2 0.96 0.890407 0.112883 2.11578e-05
8.2 1.08 0.95206 0.0512543 1.33794e-05
8.2 1.2 0.977756 0.0257335 8.24027e-06
8.2 1.32 0.987979 0.0156499 5.57668e-06
8.2 1.44 0.990246 0.0134297 4.93868e-06
8.2 1.56 0.98615 0.0175158 6.18795e-06
8.2 1.68 0.972901 0.0307102 9.58714e-06
8.2 1.8 0.94041 0.0630497 1.56219e-05
8.2 1.92 0.862961 0.140188 2.41172e-05
8.2 2.04 0.695754 0.307029 3.1755e-05
8.2 2.16 0.437626 0.564803 3.14648e-05
8.2 2.28 0.214476 0.787946 2.3456e-05
8.2 2.4 0.0963388 0.906029 1.51998e-05
8.2 2.52 0.0454505 0.956639 9.50459e-06
8.2 2.64 0.0241328 0.977975 6.0831e-06
8.2 2.76 0.0154332 0.986818 4.32978e-06
8.2 2.88 0.0132834 0.989011 3.89737e-06
8.2 3 0.0163417 0.985857 4.70179e-06
8.2 3.12 0.0264892 0.97554 6.90263e-06
8.2 3.24 0.0509275 0.951033 1.09372e-05
8.2 3.36 0.109168 0.892752 1.74821e-05
8.2 3.48 0.241836 0.760114 2.66038e-05
8.2 3.6 0.478221 0.523865 3.44103e-05
8.2 3.72 0.727553 0.274707 3.3059e-05
8.2 3.84 0.87823 0.124166 2.42832e-05
8.2 3.96 0.946317 0.0561929 1.54625e-05
8.2 4.08 0.974978 0.0275609 9.39221e-06
8.2 4.2 0.986904 0.0156588 5.99689e-06
8.2 4.32 0.990859 0.0117593 4.71469e-06
8.2 4.44 0.989356 0.0132964 5.25499e-06
8.2 4.56 0.981453 0.021234 7.74422e-06
8.2 4.68 0.961621 0.0410463 1.26755e-05
8.2 4.8 0.914584 0.088013 2.05074e-05
8.2 4.92 0.805799 0.19671 3.00927e-05
8.2 5.04 0.594808 0.407668 3.57135e-05
8.2 5.16 0.334481 0.668084 3.11693e-05
8.2 5.28 0.155734 0.846873 2.16481e-05
8.2 5.4 0.0709816 0.931659 1.37571e-05
8.2 5.52 0.0349882 0.967824 8.60272e-06
8.2 5.64 0.0196578 0.983369 5.59648e-06
8.2 5.76 0.013309 0.989814 4.02394e-06
8.2 5.88 0.0130155 0.990194 4.01806e-06
8.4 0 0.0147267 0.98971 3.98676e-06
8.4 0.12 0.0179028 0.98644 4.67658e-06
8.4 0.24 0.0285936 0.975818 6.65881e-06
8.4 0.36 0.0544843 0.950023 1.03695e-05
8.4 0.48 0.117673 0.886857 1.65266e-05
8.4 0.6 0.261238 0.743257 2.50117e-05
8.4 0.72 0.507952 0.496601 3.16484e-05
8.4 0.84 0.751035 0.252871 2.94383e-05
8.4 0.96 0.890778 0.112956 2.1164e-05
8.4 1.08 0.952506 0.0512872 1.33839e-05
8.4 1.2 0.978281 0.0257511 8.24361e-06
8.4 1.32 0.988568 0.0156618 5.57947e-06
8.4 1.44 0.990856 0.0134409 4.94156e-06
8.4 1.56 0.986728 0.0175308 6.19165e-06
8.4 1.68 0.973407 0.0307358 9.59239e-06
8.4 1.8 0.940824 0.063101 1.56293e-05
8.4 1.92 0.863282 0.140302 2.41269e-05
8.4 2.04 0.695972 0.307282 3.17656e-05
8.4 2.16 0.437738 0.565266 3.14728e-05
8.4 2.28 0.214521 0.78857 2.34601e-05
8.4 2.4 0.0963547 0.906688 1.52012e-05
8.4 2.52 0.0454557 0.957233 9.50464e-06
8.4 2.64 0.0241343 0.978478 6.08266e-06
8.4 2.76 0.0154342 0.987244 4.32937e-06
8.4 2.88 0.0132855 0.989406 3.89727e-06
8.4 3 0.0163469 0.986279 4.70226e-06
8.4 3.12 0.026502 0.976033 6.90417e-06
8.4 3.24 0.0509597 0.951597 1.09408e-05
8.4 3.36 0.109249 0.893326 1.74891e-05
8.4 3.48 0.242022 0.760575 2.66148e-05
8.4 3.6 0.478545 0.524104 3.44215e-05
8.4 3.72 0.727941 0.274789 3.30647e-05
8.4 3.84 0.878638 0.124197 2.42855e-05
8.4 3.96 0.946769 0.0562083 1.54639e-05
8.4 4.08 0.975495 0.0275707 9.39359e-06
8.4 4.2 0.987483 0.0156663 5.99841e-06
8.4 4.32 0.991467 0.0117668 4.71656e-06
8.4 4.44 0.989945 0.0133065 5.25763e-06
8.4 4.56 0.98198 0.0212509 7.74813e-06
8.4 4.68 0.962062 0.0410783 1.26812e-05
8.4 4.8 0.914936 0.0880806 2.05153e-05
8.4 4.92 0.806063 0.196861 3.01025e-05
8.4 5.04 0.594976 0.407986 3.57232e-05
8.4 5.16 0.334563 0.668598 3.11759e-05
8.4 5.28 0.155767 0.847499 2.16515e-05
8.4 5.4 0.0709949 0.932297 1.37584e-05
8.4 5.52 0.0349934 0.968419 8.60301e-06
8.4 5.64 0.0196601 0.983909 5.59637e-06
8.4 5.76 0.0133099 0.990296 4.02365e-06
8.4 5.88 0.0130164 0.990667 4.01774e-06
8.6 0 0.0146947 0.989849 3.97886e-06
8.6 0.12 0.0178897 0.986594 4.67384e-06
8.6 0.24 0.028587 0.976057 6.65685e-06
8.6 0.36 0.0544873 0.950356 1.03682e-05
8.6 0.48 0.1177 0.887254 1.65265e-05
8.6 0.6 0.261323 0.743634 2.50134e-05
8.6 0.72 0.508138 0.496867 3.16521e-05
8.6 0.84 0.751359 0.25301 2.94428e-05
8.6 0.96 0.891218 0.11302 2.11682e-05
8.6 1.08 0.953064 0.0513194 1.33876e-05
8.6 1.2 0.978956 0.0257698 8.24681e-06
8.6 1.32 0.98933 0.0156751 5.5824e-06
8.6 1.44 0.991645 0.0134538 4.94473e-06
8.6 1.56 0.987472 0.017548 6.19571e-06
8.6 1.68 0.974047 0.0307645 9.59791e-06
8.6 1.8 0.941332 0.0631562 1.56366e-05
8.6 1.92 0.863648 0.140418 2.41353e-05
8.6 2.04 0.696186 0.307521 3.17727e-05
8.6 2.16 0.437816 0.565654 3.14753e-05
8.6 2.28 0.214538 0.789037 2.34591e-05
8.6 2.4 0.0963557 0.907141 1.51991e-05
8.6 2.52 0.045453 0.957607 9.50243e-06
8.6 2.64 0.0241315 0.978755 6.08077e-06
8.6 2.76 0.0154325 0.987446 4.32797e-06
8.6 2.88 0.0132855 0.989578 3.89636e-06
8.6 3 0.0163499 0.986478 4.70182e-06
8.6 3.12 0.026512 0.976301 6.90444e-06
8.6 3.24 0.050988 0.951943 1.09424e-05
8.6 3.36 0.109325 0.893699 1.74931e-05
8.6 3.48 0.242203 0.760875 2.66216e-05
8.6 3.6 0.478873 0.524253 3.44277e-05
8.6 3.72 0.728362 0.274839 3.30667e-05
8.6 3.84 0.87912 0.124219 2.42856e-05
8.6 3.96 0.947337 0.0562232 1.54645e-05
8.6 4.08 0.976171 0.0275818 9.39493e-06
8.6 4.2 0.988251 0.0156754 6.00017e-06
8.6 4.32 0.992276 0.011776 4.7188e-06
8.6 4.44 0.990726 0.0133187 5.26073e-06
8.6 4.56 0.982669 0.0212708 7.75255e-06
8.6 4.68 0.962622 0.0411145 1.26872e-05
8.6 4.8 0.915357 0.0881534 2.05228e-05
8.6 4.92 0.806344 0.197015 3.01103e-05
8.6 5.04 0.595115 0.408277 3.5728e-05
8.6 5.16 0.334605 0.669011 3.11763e-05
8.6 5.28 0.155776 0.847952 2.16499e-05
8.6 5.4 0.070995 0.932722 1.37564e-05
8.6 5.52 0.0349915 0.968774 8.60109e-06
8.6 5.64 0.0196577 0.984178 5.59468e-06
8.6 5.76 0.0133079 0.990522 4.02228e-06
8.6 5.88 0.0130143 0.990876 4.01631e-06
8.8 0 0.0146717 0.99 3.97275e-06
8.8 0.12 0.0178796 0.986737 4.67113e-06
8.8 0.24 0.0285809 0.97621 6.65412e-06
8.8 0.36 0.0544859 0.950518 1.03647e-05
8.8 0.48 0.117709 0.887398 1.65215e-05
8.8 0.6 0.261349 0.74371 2.50054e-05
8.8 0.72 0.508147 0.496852 3.16394e-05
8.8 0.84 0.751322 0.252966 2.94275e-05
8.8 0.96 0.891137 0.112991 2.11557e-05
8.8 1.08 0.952992 0.051305 1.33797e-05
8.8 1.2 0.978921 0.0257634 8.24232e-06
8.8 1.32 0.989331 0.0156728 5.57994e-06
8.8 1.44 0.991659 0.0134534 4.94318e-06
8.8 1.56 0.987467 0.0175489 6.19417e-06
8.8 1.68 0.973996 0.0307669 9.59539e-06
8.8 1.8 0.941231 0.0631626 1.56318e-05
8.8 1.92 0.863522 0.140439 2.41271e-05
8.8 2.04 0.696067 0.307585 3.17611e-05
8.8 2.16 0.43773 0.565792 3.14627e-05
8.8 2.28 0.214493 0.789238 2.34491e-05
8.8 2.4 0.0963344 0.907373 1.51922e-05
8.8 2.52 0.0454425 0.957836 9.4979e-06
8.8 2.64 0.0241263 0.978964 6.07789e-06
8.8 2.76 0.0154305 0.987634 4.3262e-06
8.8 2.88 0.0132859 0.989754 3.89527e-06
8.8 3 0.0163531 0.986655 4.70109e-06
8.8 3.12 0.0265209 0.976485 6.90384e-06
8.8 3.24 0.0510114 0.952124 1.09419e-05
8.8 3.36 0.109385 0.893834 1.74924e-05
8.8 3.48 0.242332 0.760886 2.66187e-05
8.8 3.6 0.479043 0.524121 3.4417e-05
8.8 3.72 0.728436 0.274698 3.30473e-05
8.8 3.84 0.879082 0.124141 2.42672e-05
8.8 3.96 0.947269 0.0561876 1.54519e-05
8.8 4.08 0.976129 0.0275665 9.38757e-06
8.8 4.2 0.988245 0.0156688 5.99612e-06
8.8 4.32 0.992285 0.0117735 4.71646e-06
8.8 4.44 0.99072 0.0133183 5.25891e-06
8.8 4.56 0.98262 0.0212716 7.75017e-06
8.8 4.68 0.962516 0.0411172 1.2683e-05
8.8 4.8 0.915209 0.0881621 2.05152e-05
8.8 4.92 0.806191 0.197045 3.00985e-05
8.8 5.04 0.594994 0.408362 3.57135e-05
8.8 5.16 0.334532 0.669169 3.11631e-05
8.8 5.28 0.155743 0.848164 2.16405e-05
8.8 5.4 0.0709799 0.932955 1.37503e-05
8.8 5.52 0.0349838 0.969001 8.59719e-06
8.8 5.64 0.0196533 0.984386 5.59211e-06
8.8 5.76 0.013305 0.990715 4.02044e-06
8.8 5.88 0.0130115 0.991065 4.01448e-06
9 0 0.0146594 0.990046 3.96865e-06
9 0.12 0.0178737 0.986778 4.66848e-06
9 0.24 0.0285778 0.976257 6.65085e-06
9 0.36 0.0544903 0.950579 1.03602e-05
9 0.48 0.117738 0.887457 1.65152e-05
9 0.6 0.261434 0.743708 2.49961e-05
9 0.72 0.508274 0.496755 3.16244e-05
9 0.84 0.75141 0.252861 2.94082e-05
9 0.96 0.891162 0.112929 2.11392e-05
9 1.08 0.953001 0.0512757 1.33688e-05
9 1.2 0.978944 0.0257502 8.23601e-06
9 1.32 0.98937 0.0156669 5.57641e-06
9 1.44 0.991702 0.0134507 4.94088e-06
9 1.56 0.987498 0.0175469 6.19177e-06
9 1.68 0.974001 0.0307641 9.59156e-06
9 1.8 0.941206 0.0631587 1.56251e-05
9 1.92 0.863484 0.14044 2.41164e-05
9 2.04 0.696036 0.307619 3.17471e-05
9 2.16 0.437701 0.565901 3.14481e-05
9 2.28 0.214464 0.789401 2.34367e-05
9 2.4 0.0963129 0.907531 1.51831e-05
9 2.52 0.0454289 0.957956 9.49164e-06
9 2.64 0.0241187 0.979039 6.07387e-06
9 2.76 0.015427 0.987676 4.32373e-06
9 2.88 0.0132854 0.989781 3.89367e-06
9 3 0.0163556 0.986684 4.69973e-06
9 3.12 0.0265292 0.976532 6.90229e-06
9 3.24 0.0510362 0.952189 1.094e-05
9 3.36 0.109456 0.89388 1.749e-05
9 3.48 0.242503 0.760825 2.66143e-05
9 3.6 0.479301 0.523914 3.4404e-05
9 3.72 0.728613 0.274495 3.30238e-05
9 3.84 0.879128 0.124028 2.42443e-05
9 3.96 0.947259 0.0561356 1.5436e-05
9 4.08 0.976119 0.0275433 9.37809e-06
9 4.2 0.988251 0.0156584 5.99084e-06
9 4.32 0.9923 0.0117686 4.71332e-06
9 4.44 0.990728 0.0133155 5.25631e-06
9 4.56 0.982606 0.0212687 7.74662e-06
9 4.68 0.962475 0.0411127 1.26769e-05
9 4.8 0.91515 0.0881568 2.05051e-05
9 4.92 0.80614 0.197051 3.00839e-05
9 5.04 0.594961 0.408418 3.56967e-05
9 5.16 0.334503 0.669298 3.11476e-05
9 5.28 0.155718 0.848321 2.16286e-05
9 5.4 0.0709625 0.933087 1.37418e-05
9 5.52 0.0349727 0.969083 8.59148e-06
9 5.64 0.0196463 0.98442 5.58831e-06
9 5.76 0.0133004 0.990722 4.01777e-06
9 5.88 0.0130071 0.991069 4.01188e-06
9.2 0 0.0146561 0.989925 3.96609e-06
9.2 0.12 0.0178735 0.986672 4.66625e-06
9.2 0.24 0.0285812 0.9762 6.64747e-06
9.2 0.36 0.0545069 0.950581 1.03551e-05
9.2 0.48 0.117801 0.887494 1.65081e-05
9.2 0.6 0.261612 0.743695 2.49866e-05
9.2 0.72 0.508601 0.496628 3.16096e-05
9.2 0.84 0.751768 0.25272 2.93883e-05
9.2 0.96 0.891487 0.112847 2.11219e-05
9.2 1.08 0.953333 0.0512378 1.33578e-05
9.2 1.2 0.979315 0.0257352 8.2305e-06
9.2 1.32 0.989776 0.0156624 5.57423e-06
9.2 1.44 0.992121 0.0134505 4.94023e-06
9.2 1.56 0.987901 0.0175476 6.19112e-06
9.2 1.68 0.974364 0.0307632 9.58942e-06
9.2 1.8 0.941515 0.0631553 1.56199e-05
9.2 1.92 0.863744 0.140443 2.41072e-05
9.2 2.04 0.696235 0.307671 3.17346e-05
9.2 2.16 0.437794 0.566062 3.14339e-05
9.2 2.28 0.214474 0.789629 2.34231e-05
9.2 2.4 0.0963001 0.907726 1.51723e-05
9.2 2.52 0.0454168 0.95806 9.4842e-06
9.2 2.64 0.0241122 0.979049 6.06935e-06
9.2 2.76 0.0154255 0.98762 4.32131e-06
9.2 2.88 0.0132875 0.989699 3.89236e-06
9.2 3 0.016361 0.986618 4.69857e-06
9.2 3.12 0.0265411 0.976516 6.90057e-06
9.2 3.24 0.0510686 0.952231 1.09374e-05
9.2 3.36 0.10955 0.893934 1.74868e-05
9.2 3.48 0.242741 0.760781 2.66096e-05
9.2 3.6 0.47972 0.523703 3.43918e-05
9.2 3.72 0.729043 0.274271 3.30009e-05
9.2 3.84 0.879477 0.123898 2.42216e-05
9.2 3.96 0.947579 0.0560756 1.54205e-05
9.2 4.08 0.976455 0.027518 9.36959e-06
9.2 4.2 0.988615 0.0156489 5.98696e-06
9.2 4.32 0.992682 0.0117659 4.71186e-06
9.2 4.44 0.991109 0.013315 5.2555e-06
9.2 4.56 0.982962 0.0212674 7.7449e-06
9.2 4.68 0.962793 0.0411082 1.26726e-05
9.2 4.8 0.915426 0.08815 2.04968e-05
9.2 4.92 0.806375 0.19706 3.00712e-05
9.2 5.04 0.595122 0.408496 3.56813e-05
9.2 5.16 0.334558 0.669474 3.11316e-05
9.2 5.28 0.155718 0.848517 2.16149e-05
9.2 5.4 0.0709507 0.933225 1.37318e-05
9.2 5.52 0.0349632 0.969129 8.58482e-06
9.2 5.64 0.0196408 0.984379 5.58422e-06
9.2 5.76 0.0132977 0.990633 4.01519e-06
9.2 5.88 0.0130051 0.990965 4.00957e-06
9.4 0 0.0146645 0.989514 3.96428e-06
9.4 0.12 0.0178841 0.986308 4.664e-06
9.4 0.24 0.0285935 0.975949 6.64185e-06
9.4 0.36 0.0545291 0.950453 1.03442e-05
9.4 0.48 0.117865 0.887432 1.64908e-05
9.4 0.6 0.261814 0.743593 2.49644e-05
9.4 0.72 0.509033 0.496389 3.15853e-05
9.4 0.84 0.752247 0.25247 2.93636e-05
9.4 0.96 0.891917 0.112703 2.11032e-05
9.4 1.08 0.953768 0.0511764 1.33485e-05
9.4 1.2 0.979805 0.0257161 8.22865e-06
9.4 1.32 0.990322 0.0156619 5.57685e-06
9.4 1.44 0.992688 0.0134567 4.9448e-06
9.4 1.56 0.988457 0.0175536 6.19574e-06
9.4 1.68 0.974878 0.0307619 9.59202e-06
9.4 1.8 0.941974 0.063138 1.5618e-05
9.4 1.92 0.864138 0.140408 2.40987e-05
9.4 2.04 0.696534 0.307668 3.17186e-05
9.4 2.16 0.437904 0.566202 3.14089e-05
9.4 2.28 0.214446 0.789855 2.33943e-05
9.4 2.4 0.0962562 0.907862 1.5149e-05
9.4 2.52 0.0453929 0.958016 9.46938e-06
9.4 2.64 0.0241057 0.978852 6.0617e-06
9.4 2.76 0.0154298 0.987336 4.3183e-06
9.4 2.88 0.0132974 0.989384 3.89127e-06
9.4 3 0.0163734 0.986327 4.69684e-06
9.4 3.12 0.0265567 0.976304 6.89585e-06
9.4 3.24 0.0510973 0.952127 1.09278e-05
9.4 3.36 0.109628 0.893897 1.74716e-05
9.4 3.48 0.242969 0.760689 2.65903e-05
9.4 3.6 0.480194 0.523436 3.43696e-05
9.4 3.72 0.729612 0.273972 3.29747e-05
9.4 3.84 0.879999 0.123719 2.41994e-05
9.4 3.96 0.948081 0.0559955 1.5408e-05
9.4 4.08 0.976974 0.0274889 9.36554e-06
9.4 4.2 0.989168 0.015643 5.98831e-06
9.4 4.32 0.993266 0.0117698 4.71602e-06
9.4 4.44 0.991695 0.0133211 5.26055e-06
9.4 4.56 0.983525 0.0212697 7.74905e-06
9.4 4.68 0.963306 0.0410991 1.26736e-05
9.4 4.8 0.915883 0.0881203 2.0492e-05
9.4 4.92 0.806763 0.197018 3.0059e-05
9.4 5.04 0.595368 0.408518 3.56602e-05
9.4 5.16 0.334606 0.669614 3.11018e-05
9.4 5.28 0.155681 0.848641 2.15855e-05
9.4 5.4 0.0709172 0.933224 1.37103e-05
9.4 5.52 0.0349482 0.969 8.57211e-06
9.4 5.64 0.0196385 0.984167 5.57816e-06
9.4 5.76 0.0133 0.990344 4.01178e-06
9.4 5.88 0.0130133 0.990697 4.00836e-06
9.6 0 0.0147045 0.989245 3.94759e-06
9.6 0.12 0.0179521 0.985891 4.6504e-06
9.6 0.24 0.0286597 0.975578 6.61364e-06
9.6 0.36 0.0545879 0.950174 1.02914e-05
9.6 0.48 0.117895 0.887254 1.64059e-05
9.6 0.6 0.261879 0.743454 2.48677e-05
9.6 0.72 0.509693 0.496076 3.15334e-05
9.6 0.84 0.752842 0.252056 2.93697e-05
9.6 0.96 0.892413 0.112477 2.11352e-05
9.6 1.08 0.954169 0.0511009 1.33868e-05
9.6 1.2 0.980199 0.0257169 8.26639e-06
9.6 1.32 0.99073 0.0156908 5.61264e-06
9.6 1.44 0.9931 0.0134946 4.98105e-06
9.6 1.56 0.988856 0.017591 6.23628e-06
9.6 1.68 0.975267 0.0307853 9.63964e-06
9.6 1.8 0.942358 0.0631149 1.56714e-05
9.6 1.92 0.864537 0.140288 2.4147e-05
9.6 2.04 0.69689 0.307519 3.17329e-05
9.6 2.16 0.437923 0.566295 3.13502e-05
9.6 2.28 0.214263 0.790295 2.32893e-05
9.6 2.4 0.0961567 0.908153 1.5059e-05
9.6 2.52 0.0453846 0.957805 9.41361e-06
9.6 2.64 0.0241373 0.97846 6.03265e-06
9.6 2.76 0.0154763 0.986872 4.30427e-06
9.6 2.88 0.0133499 0.988875 3.88184e-06
9.6 3 0.0164303 0.985839 4.68275e-06
9.6 3.12 0.026616 0.975855 6.8666e-06
9.6 3.24 0.0511543 0.951825 1.0872e-05
9.6 3.36 0.109672 0.893733 1.73818e-05
9.6 3.48 0.243056 0.760592 2.64854e-05
9.6 3.6 0.480585 0.523166 3.43085e-05
9.6 3.72 0.730268 0.273546 3.29771e-05
9.6 3.84 0.880585 0.123445 2.42316e-05
9.6 3.96 0.948575 0.0558983 1.54484e-05
9.6 4.08 0.977443 0.0274776 9.4051e-06
9.6 4.2 0.98965 0.0156648 6.02484e-06
9.6 4.32 0.993776 0.0118034 4.75163e-06
9.6 4.44 0.992212 0.0133579 5.29939e-06
9.6 4.56 0.984023 0.0213019 7.79524e-06
9.6 4.68 0.963745 0.041107 1.27283e-05
9.6 4.8 0.916303 0.0880622 2.05503e-05
9.6 4.92 0.807208 0.19687 3.01028e-05
9.6 5.04 0.595642 0.408452 3.56477e-05
9.6 5.16 0.334527 0.669805 3.10109e-05
9.6 5.28 0.155534 0.848765 2.14732e-05
9.6 5.4 0.0708682 0.933094 1.36272e-05
9.6 5.52 0.0349656 0.968688 8.52442e-06
9.6 5.64 0.01968 0.983699 5.55526e-06
9.6 5.76 0.0133252 0.989819 3.99273e-06
9.6 5.88 0.013084 0.990119 4.00534e-06
9.8 0 0.0162011 0.987356 4.25552e-06
9.8 0.12 0.0196644 0.98409 4.98271e-06
9.8 0.24 0.0311792 0.973025 7.04824e-06
9.8 0.36 0.0586586 0.946086 1.08638e-05
9.8 0.48 0.124323 0.880858 1.70801e-05
9.8 0.6 0.26905 0.736286 2.53642e-05
9.8 0.72 0.51024 0.494901 3.14895e-05
9.8 0.84 0.747492 0.25746 2.91603e-05
9.8 0.96 0.887212 0.117904 2.11338e-05
9.8 1.08 0.95103 0.054621 1.3516e-05
9.8 1.2 0.978488 0.0278304 8.41818e-06
9.8 1.32 0.989753 0.0171107 5.75372e-06
9.8 1.44 0.992346 0.0147573 5.11927e-06
9.8 1.56 0.987793 0.0191803 6.38931e-06
9.8 1.68 0.973208 0.0333145 9.8094e-06
9.8 1.8 0.938421 0.0674538 1.58076e-05
9.8 1.92 0.858171 0.147024 2.41169e-05
9.8 2.04 0.690708 0.313914 3.14783e-05
9.8 2.16 0.438898 0.565333 3.1338e-05
9.8 2.28 0.220357 0.783568 2.37837e-05
9.8 2.4 0.101443 0.902086 1.56826e-05
9.8 2.52 0.0487475 0.954263 9.93435e-06
9.8 2.64 0.0262208 0.976259 6.42279e-06
9.8 2.76 0.0169255 0.98518 4.60891e-06
9.8 2.88 0.0146382 0.98733 4.1659e-06
9.8 3 0.0179779 0.984112 5.01509e-06
9.8 3.12 0.0289438 0.973507 7.31469e-06
9.8 3.24 0.0550285 0.947924 1.14834e-05
9.8 3.36 0.115928 0.887511 1.81203e-05
9.8 3.48 0.250548 0.753212 2.7071e-05
9.8 3.6 0.482864 0.521051 3.43141e-05
9.8 3.72 0.725478 0.278574 3.27293e-05
9.8 3.84 0.875261 0.129082 2.42003e-05
9.8 3.96 0.945198 0.0596247 1.55759e-05
9.8 4.08 0.975682 0.0296899 9.56595e-06
9.8 4.2 0.988764 0.0170658 6.17148e-06
9.8 4.32 0.993153 0.0129134 4.88696e-06
9.8 4.44 0.991422 0.014601 5.44407e-06
9.8 4.56 0.98256 0.0231582 7.96463e-06
9.8 4.68 0.960964 0.0442767 1.29056e-05
9.8 4.8 0.911291 0.0934406 2.06423e-05
9.8 4.92 0.800171 0.204205 2.99503e-05
9.8 5.04 0.591716 0.412612 3.53863e-05
9.8 5.16 0.338502 0.665934 3.12449e-05
9.8 5.28 0.16174 0.842605 2.21159e-05
9.8 5.4 0.0753885 0.928608 1.42753e-05
9.8 5.52 0.037765 0.965783 9.03198e-06
9.8 5.64 0.0214773 0.981699 5.92925e-06
9.8 5.76 0.0147562 0.988151 4.32575e-06
9.8 5.88 0.0143175 0.988615 4.27781e-06
