0 0 -23.5684 -31.7063 -23.5684
0 0.1 21.272 13.4863 21.272
0 0.2 -5.77644 -12.9481 -5.77644
0 0.3 15.0846 8.94507 15.0846
0 0.4 11.877 7.22373 11.877
0 0.5 11.3195 8.55014 11.3195
0 0.6 10.0257 9.40946 10.0257
0 0.7 8.93194 10.5493 8.93194
0 0.8 8.01291 11.7393 8.01291
0 0.9 7.32935 12.8621 7.32935
0 1 6.86527 13.7806 6.86527
0 1.1 6.59512 14.4045 6.59512
0 1.2 6.4975 14.6859 6.4975
0 1.3 6.56174 14.6045 6.56174
0 1.4 6.78665 14.1564 6.78665
0 1.5 7.1858 13.363 7.1858
0 1.6 7.7852 12.2865 7.7852
0 1.7 8.61302 11.0432 8.61302
0 1.8 9.67281 9.78976 9.67281
0 1.9 10.9052 8.67083 10.9052
0 2 12.1816 7.76824 12.1816
0 2.1 13.3505 7.09931 13.3505
0 2.2 14.2846 6.64079 14.2846
0 2.3 14.9111 6.36689 14.9111
0 2.4 15.1994 6.26044 15.1994
0 2.5 15.1381 6.31322 15.1381
0 2.6 14.7236 6.52469 14.7236
0 2.7 13.9621 6.90168 13.9621
0 2.8 12.8956 7.46785 12.8956
0 2.9 11.6165 8.25194 11.6165
0 3 10.2756 9.27451 10.2756
0 3.1 9.03114 10.5009 9.03114
0 3.2 7.99305 11.8236 7.99305
0 3.3 7.1968 13.0894 7.1968
0 3.4 6.62835 14.1599 6.62835
0 3.5 6.25593 14.9436 6.25593
0 3.6 6.0611 15.4047 6.0611
0 3.7 6.0353 15.5328 6.0353
0 3.8 6.17176 15.3165 6.17176
0 3.9 6.46792 14.742 6.46792
0 4 6.93254 13.8107 6.93254
0 4.1 7.59437 12.5723 7.59437
0 4.2 8.49482 11.1513 8.49482
0 4.3 9.64965 9.72932 9.64965
0 4.4 10.9912 8.47062 10.9912
0 4.5 12.469 7.56666 12.469
0 4.6 11.7112 4.83209 11.7112
0 4.7 82.0876 73.8783 82.0876
0 4.8 -64.799 -74.1089 -64.799
0 4.9 295.853 287.309 295.853
0.1 0 -58.3826 -66.4866 -58.3826
0.1 0.1 -10.8801 -18.6391 -10.8801
0.1 0.2 -37.6226 -44.7682 -37.6226
0.1 0.3 -13.1779 -19.299 -13.1779
0.1 0.4 -17.3499 -21.9849 -17.3499
0.1 0.5 -17.696 -20.4494 -17.696
0.1 0.6 -19.0232 -19.6261 -19.0232
0.1 0.7 -20.1082 -18.4805 -20.1082
0.1 0.8 -21.0342 -17.3005 -21.0342
0.1 0.9 -21.7286 -16.1911 -21.7286
0.1 1 -22.2054 -15.2872 -22.2054
0.1 1.1 -22.4855 -14.6745 -22.4855
0.1 1.2 -22.5866 -14.3973 -22.5866
0.1 1.3 -22.519 -14.4756 -22.519
0.1 1.4 -22.2847 -14.914 -22.2847
0.1 1.5 -21.8719 -15.6927 -21.8719
0.1 1.6 -21.2583 -16.7534 -21.2583
0.1 1.7 -20.4228 -17.9868 -20.4228
0.1 1.8 -19.3639 -19.2385 -19.3639
0.1 1.9 -18.1407 -20.3642 -18.1407
0.1 2 -16.8817 -21.2825 -16.8817
0.1 2.1 -15.7334 -21.9711 -15.7334
0.1 2.2 -14.8197 -22.4496 -14.8197
0.1 2.3 -14.2091 -22.7394 -14.2091
0.1 2.4 -13.9269 -22.8518 -13.9269
0.1 2.5 -13.9851 -22.7957 -13.9851
0.1 2.6 -14.3862 -22.5705 -14.3862
0.1 2.7 -15.1288 -22.1744 -15.1288
0.1 2.8 -16.1726 -21.5857 -16.1726
0.1 2.9 -17.4324 -20.7835 -17.4324
0.1 3 -18.7594 -19.7492 -18.7594
0.1 3.1 -20.0003 -18.5222 -20.0003
0.1 3.2 -21.0451 -17.2093 -21.0451
0.1 3.3 -21.8562 -15.961 -21.8562
0.1 3.4 -22.4439 -14.9119 -22.4439
0.1 3.5 -22.8336 -14.1472 -22.8336
0.1 3.6 -23.0387 -13.6976 -23.0387
0.1 3.7 -23.066 -13.572 -23.066
0.1 3.8 -22.9211 -13.7808 -22.9211
0.1 3.9 -22.6085 -14.3398 -22.6085
0.1 4 -22.1241 -15.2522 -22.1241
0.1 4.1 -21.4438 -16.4728 -21.4438
0.1 4.2 -20.5324 -17.8833 -20.5324
0.1 4.3 -19.3788 -19.3069 -19.3788
0.1 4.4 -18.0579 -20.5879 -18.0579
0.1 4.5 -16.5403 -21.4559 -16.5403
0.1 4.6 -19.1365 -26.0366 -19.1365
0.1 4.7 67.918 59.6501 67.918
0.1 4.8 -90.8813 -100.216 -90.8813
0.1 4.9 318.904 310.278 318.904
0.2 0 -27.0241 -35.1689 -27.0241
0.2 0.1 18.0454 10.2565 18.0454
0.2 0.2 -10.6046 -17.7836 -10.6046
0.2 0.3 14.9152 8.76604 14.9152
0.2 0.4 9.69353 5.04164 9.69353
0.2 0.5 9.65515 6.90028 9.65515
0.2 0.6 8.23983 7.65587 8.23983
0.2 0.7 7.16886 8.83691 7.16886
0.2 0.8 6.24983 10.0433 6.24983
0.2 0.9 5.5712 11.1825 5.5712
0.2 1 5.11622 12.1169 5.11622
0.2 1.1 4.85009 12.7483 4.85009
0.2 1.2 4.75397 13.0321 4.75397
0.2 1.3 4.81993 12.9512 4.81993
0.2 1.4 5.03795 12.4928 5.03795
0.2 1.5 5.43203 11.6873 5.43203
0.2 1.6 6.02829 10.5962 6.02829
0.2 1.7 6.8518 9.33213 6.8518
0.2 1.8 7.91117 8.05701 7.91117
0.2 1.9 9.15371 6.92567 9.15371
0.2 2 10.446 6.01796 10.446
0.2 2.1 11.6291 5.34657 11.6291
0.2 2.2 12.5785 4.89212 12.5785
0.2 2.3 13.2111 4.61823 13.2111
0.2 2.4 13.5064 4.51618 13.5064
0.2 2.5 13.4414 4.56651 13.4414
0.2 2.6 13.0248 4.78029 13.0248
0.2 2.7 12.2477 5.15007 12.2477
0.2 2.8 11.1718 5.72019 11.1718
0.2 2.9 9.87223 6.50252 9.87223
0.2 3 8.52402 7.54046 8.52402
0.2 3.1 7.27063 8.78018 7.27063
0.2 3.2 6.23945 10.1294 6.23945
0.2 3.3 5.45428 11.42 5.45428
0.2 3.4 4.88978 12.5027 4.88978
0.2 3.5 4.51983 13.2911 4.51983
0.2 3.6 4.33347 13.76 4.33347
0.2 3.7 4.31146 13.8894 4.31146
0.2 3.8 4.45079 13.6709 4.45079
0.2 3.9 4.74365 13.0838 4.74365
0.2 4 5.20137 12.1311 5.20137
0.2 4.1 5.85724 10.8644 5.85724
0.2 4.2 6.75813 9.41279 6.75813
0.2 4.3 7.92448 7.9651 7.92448
0.2 4.4 9.27659 6.67453 9.27659
0.2 4.5 10.8268 5.79743 10.8268
0.2 4.6 8.98329 1.92344 8.98329
0.2 4.7 99.9561 91.4889 99.9561
0.2 4.8 -65.8243 -75.4216 -65.8243
0.2 4.9 377.723 368.9 377.723
0.3 0 -34.4928 -42.6272 -34.4928
0.3 0.1 10.5332 2.74935 10.5332
0.3 0.2 -16.575 -23.7488 -16.575
0.3 0.3 8.51025 2.37031 8.51025
0.3 0.4 3.44564 -1.19 3.44564
0.3 0.5 3.45532 0.726523 3.45532
0.3 0.6 2.02537 1.47956 2.02537
0.3 0.7 0.95667 2.67464 0.95667
0.3 0.8 0.0324041 3.88526 0.0324041
0.3 0.9 -0.650888 5.02563 -0.650888
0.3 1 -1.10918 5.95934 -1.10918
0.3 1.1 -1.37645 6.58991 -1.37645
0.3 1.2 -1.4737 6.87127 -1.4737
0.3 1.3 -1.40533 6.79037 -1.40533
0.3 1.4 -1.18452 6.33108 -1.18452
0.3 1.5 -0.785455 5.5245 -0.785455
0.3 1.6 -0.18202 4.43141 -0.18202
0.3 1.7 0.647892 3.16132 0.647892
0.3 1.8 1.71447 1.87817 1.71447
0.3 1.9 2.96338 0.737282 2.96338
0.3 2 4.26115 -0.179151 4.26115
0.3 2.1 5.44638 -0.859014 5.44638
0.3 2.2 6.39653 -1.31963 6.39653
0.3 2.3 7.02584 -1.60013 7.02584
0.3 2.4 7.32151 -1.70223 7.32151
0.3 2.5 7.25578 -1.65042 7.25578
0.3 2.6 6.83905 -1.43213 6.83905
0.3 2.7 6.06073 -1.05597 6.06073
0.3 2.8 4.98365 -0.47601 4.98365
0.3 2.9 3.67762 0.314344 3.67762
0.3 3 2.32436 1.36354 2.32436
0.3 3.1 1.06406 2.61191 1.06406
0.3 3.2 0.0279153 3.96848 0.0279153
0.3 3.3 -0.764244 5.25976 -0.764244
0.3 3.4 -1.33284 6.34164 -1.33284
0.3 3.5 -1.70833 7.12404 -1.70833
0.3 3.6 -1.8961 7.58857 -1.8961
0.3 3.7 -1.91792 7.71329 -1.91792
0.3 3.8 -1.77375 7.49257 -1.77375
0.3 3.9 -1.47371 6.90234 -1.47371
0.3 4 -1.00647 5.94396 -1.00647
0.3 4.1 -0.337198 4.66936 -0.337198
0.3 4.2 0.580354 3.20668 0.580354
0.3 4.3 1.76571 1.74559 1.76571
0.3 4.4 3.13888 0.441644 3.13888
0.3 4.5 4.67363 -0.485534 4.67363
0.3 4.6 3.31357 -3.91167 3.31357
0.3 4.7 94.1632 85.5015 94.1632
0.3 4.8 -68.8489 -78.6599 -68.8489
0.3 4.9 363.118 354.093 363.118
0.4 0 -35.7335 -43.8482 -35.7335
0.4 0.1 8.57814 0.807739 8.57814
0.4 0.2 -17.9851 -25.1432 -17.9851
0.4 0.3 6.95227 0.832726 6.95227
0.4 0.4 1.95622 -2.65151 1.95622
0.4 0.5 1.97006 -0.721052 1.97006
0.4 0.6 0.534624 0.0372879 0.534624
0.4 0.7 -0.533258 1.24291 -0.533258
0.4 0.8 -1.45787 2.46023 -1.45787
0.4 0.9 -2.13983 3.60559 -2.13983
0.4 1 -2.5965 4.54171 -2.5965
0.4 1.1 -2.862 5.17284 -2.862
0.4 1.2 -2.95815 5.45288 -2.95815
0.4 1.3 -2.88869 5.36971 -2.88869
0.4 1.4 -2.66695 4.90683 -2.66695
0.4 1.5 -2.26681 4.0949 -2.26681
0.4 1.6 -1.66196 2.99418 -1.66196
0.4 1.7 -0.829268 1.71499 -0.829268
0.4 1.8 0.242111 0.422586 0.242111
0.4 1.9 1.49787 -0.725823 1.49787
0.4 2 2.80312 -1.64741 2.80312
0.4 2.1 3.99447 -2.33054 3.99447
0.4 2.2 4.94856 -2.79302 4.94856
0.4 2.3 5.57931 -3.07453 5.57931
0.4 2.4 5.87487 -3.17636 5.87487
0.4 2.5 5.80685 -3.12381 5.80685
0.4 2.6 5.38638 -2.90358 5.38638
0.4 2.7 4.60196 -2.52493 4.60196
0.4 2.8 3.51772 -1.94042 3.51772
0.4 2.9 2.2033 -1.14411 2.2033
0.4 3 0.843377 -0.08623 0.843377
0.4 3.1 -0.420619 1.17229 -0.420619
0.4 3.2 -1.45764 2.53823 -1.45764
0.4 3.3 -2.24923 3.83567 -2.24923
0.4 3.4 -2.81619 4.92051 -2.81619
0.4 3.5 -3.19054 5.70201 -3.19054
0.4 3.6 -3.37655 6.16387 -3.37655
0.4 3.7 -3.39624 6.28417 -3.39624
0.4 3.8 -3.24921 6.05722 -3.24921
0.4 3.9 -2.94572 5.45775 -2.94572
0.4 4 -2.47345 4.48671 -2.47345
0.4 4.1 -1.79608 3.19649 -1.79608
0.4 4.2 -0.865073 1.71783 -0.865073
0.4 4.3 0.34017 0.243749 0.34017
0.4 4.4 1.73899 -1.06745 1.73899
0.4 4.5 3.27506 -2.0235 3.27506
0.4 4.6 2.11743 -5.27374 2.11743
0.4 4.7 92.5357 83.6897 92.5357
0.4 4.8 -69.414 -79.4187 -69.414
0.4 4.9 358.122 348.907 358.122
0.5 0 -36.1389 -44.2321 -36.1389
0.5 0.1 8.12304 0.366504 8.12304
0.5 0.2 -18.3008 -25.4417 -18.3008
0.5 0.3 6.59887 0.501808 6.59887
0.5 0.4 1.6228 -2.95401 1.6228
0.5 0.5 1.63145 -1.01843 1.63145
0.5 0.6 0.192284 -0.253024 0.192284
0.5 0.7 -0.875374 0.962096 -0.875374
0.5 0.8 -1.79821 2.18748 -1.79821
0.5 0.9 -2.47686 3.33902 -2.47686
0.5 1 -2.93013 4.27852 -2.93013
0.5 1.1 -3.19287 4.91051 -3.19287
0.5 1.2 -3.28723 5.18926 -3.28723
0.5 1.3 -3.21679 5.1031 -3.21679
0.5 1.4 -2.99506 4.6351 -2.99506
0.5 1.5 -2.59524 3.8159 -2.59524
0.5 1.6 -1.9903 2.70584 -1.9903
0.5 1.7 -1.15587 1.41627 -1.15587
0.5 1.8 -0.0800174 0.11437 -0.0800174
0.5 1.9 1.18287 -1.04094 1.18287
0.5 2 2.49661 -1.96614 2.49661
0.5 2.1 3.69544 -2.65059 3.69544
0.5 2.2 4.65497 -3.11281 4.65497
0.5 2.3 5.28808 -3.3938 5.28808
0.5 2.4 5.5836 -3.49465 5.5836
0.5 2.5 5.51263 -3.44139 5.51263
0.5 2.6 5.08665 -3.2203 5.08665
0.5 2.7 4.29418 -2.84034 4.29418
0.5 2.8 3.20044 -2.2529 3.20044
0.5 2.9 1.8762 -1.45162 1.8762
0.5 3 0.508995 -0.385576 0.508995
0.5 3.1 -0.758346 0.883229 -0.758346
0.5 3.2 -1.79462 2.25957 -1.79462
0.5 3.3 -2.58318 3.56489 -2.58318
0.5 3.4 -3.14617 4.65422 -3.14617
0.5 3.5 -3.51705 5.4364 -3.51705
0.5 3.6 -3.70003 5.89605 -3.70003
0.5 3.7 -3.71703 6.01162 -3.71703
0.5 3.8 -3.56753 5.77708 -3.56753
0.5 3.9 -3.26176 5.16606 -3.26176
0.5 4 -2.78628 4.17933 -2.78628
0.5 4.1 -2.10274 2.87047 -2.10274
0.5 4.2 -1.1599 1.3737 -1.1599
0.5 4.3 0.0645308 -0.113479 0.0645308
0.5 4.4 1.48902 -1.42962 1.48902
0.5 4.5 3.03841 -2.39805 3.03841
0.5 4.6 1.96693 -5.58181 1.96693
0.5 4.7 92.1978 83.1818 92.1978
0.5 4.8 -69.4169 -79.5971 -69.4169
0.5 4.9 356.795 347.406 356.795
0.6 0 -36.2243 -44.2974 -36.2243
0.6 0.1 8.0243 0.279614 8.0243
0.6 0.2 -18.3723 -25.498 -18.3723
0.6 0.3 6.51634 0.440171 6.51634
0.6 0.4 1.54115 -3.00601 1.54115
0.6 0.5 1.54352 -1.06628 1.54352
0.6 0.6 0.100688 -0.29392 0.100688
0.6 0.7 -0.967277 0.929804 -0.967277
0.6 0.8 -1.88813 2.163 -1.88813
0.6 0.9 -2.56334 3.32039 -2.56334
0.6 1 -3.01326 4.26285 -3.01326
0.6 1.1 -3.27326 4.89529 -3.27326
0.6 1.2 -3.36577 5.1725 -3.36577
0.6 1.3 -3.29439 5.08298 -3.29439
0.6 1.4 -3.07247 4.60971 -3.07247
0.6 1.5 -2.6728 3.78314 -2.6728
0.6 1.6 -2.06756 2.66378 -2.06756
0.6 1.7 -1.23115 1.36411 -1.23115
0.6 1.8 -0.150564 0.0532789 -0.150564
0.6 1.9 1.11972 -1.10809 1.11972
0.6 2 2.44199 -2.0361 2.44199
0.6 2.1 3.64834 -2.72102 3.64834
0.6 2.2 4.6132 -3.18233 4.6132
0.6 2.3 5.24864 -3.46218 5.24864
0.6 2.4 5.54374 -3.56187 5.54374
0.6 2.5 5.46943 -3.50781 5.46943
0.6 2.6 5.03745 -3.28595 5.03745
0.6 2.7 4.2364 -2.90487 4.2364
0.6 2.8 3.13247 -2.315 3.13247
0.6 2.9 1.7981 -1.50897 1.7981
0.6 3 0.423435 -0.435077 0.423435
0.6 3.1 -0.84702 0.843893 -0.84702
0.6 3.2 -1.88252 2.2302 -1.88252
0.6 3.3 -2.66781 3.54315 -2.66781
0.6 3.4 -3.2268 4.63653 -3.2268
0.6 3.5 -3.59394 5.41929 -3.59394
0.6 3.6 -3.77358 5.8768 -3.77358
0.6 3.7 -3.78771 5.98761 -3.78771
0.6 3.8 -3.63581 5.74529 -3.63581
0.6 3.9 -3.32775 5.12273 -3.32775
0.6 4 -2.8492 4.12039 -2.8492
0.6 4.1 -2.15988 2.79312 -2.15988
0.6 4.2 -1.206 1.27869 -1.206
0.6 4.3 0.0363169 -0.220764 0.0363169
0.6 4.4 1.484 -1.54113 1.484
0.6 4.5 3.05039 -2.51411 3.05039
0.6 4.6 2.02039 -5.67122 2.02039
0.6 4.7 92.1841 83.0173 92.1841
0.6 4.8 -69.3142 -79.6497 -69.3142
0.6 4.9 356.473 346.932 356.473
0.7 0 -36.272 -44.3277 -36.272
0.7 0.1 8.016 0.280291 8.016
0.7 0.2 -18.3898 -25.5034 -18.3898
0.7 0.3 6.49514 0.436779 6.49514
0.7 0.4 1.51512 -3.00577 1.51512
0.7 0.5 1.51202 -1.06153 1.51202
0.7 0.6 0.0660281 -0.282225 0.0660281
0.7 0.7 -1.00197 0.949854 -1.00197
0.7 0.8 -1.92042 2.19085 -1.92042
0.7 0.9 -2.59205 3.35393 -2.59205
0.7 1 -3.0385 4.29929 -3.0385
0.7 1.1 -3.29582 4.93206 -3.29582
0.7 1.2 -3.38645 5.20765 -3.38645
0.7 1.3 -3.3141 5.11469 -3.3141
0.7 1.4 -3.09202 4.63601 -3.09202
0.7 1.5 -2.69248 3.80204 -2.69248
0.7 1.6 -2.08698 2.67342 -2.08698
0.7 1.7 -1.24878 1.36385 -1.24878
0.7 1.8 -0.163872 0.0444004 -0.163872
0.7 1.9 1.11306 -1.12278 1.11306
0.7 2 2.4429 -2.05341 2.4429
0.7 2.1 3.65575 -2.73872 3.65575
0.7 2.2 4.6249 -3.1992 4.6249
0.7 2.3 5.26183 -3.478 5.26183
0.7 2.4 5.55597 -3.57655 5.55597
0.7 2.5 5.47817 -3.52154 5.47817
0.7 2.6 5.04031 -3.29863 5.04031
0.7 2.7 4.23112 -2.91606 4.23112
0.7 2.8 3.11762 -2.32332 3.11762
0.7 2.9 1.77393 -1.51217 1.77393
0.7 3 0.392713 -0.4301 0.392713
0.7 3.1 -0.880127 0.859138 -0.880127
0.7 3.2 -1.91418 2.2555 -1.91418
0.7 3.3 -2.69576 3.57609 -2.69576
0.7 3.4 -3.25052 4.67353 -3.25052
0.7 3.5 -3.61375 5.45702 -3.61375
0.7 3.6 -3.79012 5.91243 -3.79012
0.7 3.7 -3.80146 6.01876 -3.80146
0.7 3.8 -3.64732 5.76904 -3.64732
0.7 3.9 -3.33727 5.13552 -3.33727
0.7 4 -2.85618 4.11838 -2.85618
0.7 4.1 -2.16202 2.77369 -2.16202
0.7 4.2 -1.1988 1.24247 -1.1988
0.7 4.3 0.0585312 -0.268959 0.0585312
0.7 4.4 1.52517 -1.59424 1.52517
0.7 4.5 3.10753 -2.56906 3.10753
0.7 4.6 2.10396 -5.7111 2.10396
0.7 4.7 92.232 82.9365 92.232
0.7 4.8 -69.2059 -79.6734 -69.2059
0.7 4.9 356.366 346.696 356.366
0.8 0 -36.3071 -44.35 -36.3071
0.8 0.1 8.0284 0.297984 8.0284
0.8 0.2 -18.3975 -25.5028 -18.3975
0.8 0.3 6.48472 0.439607 6.48472
0.8 0.4 1.49841 -3.00159 1.49841
0.8 0.5 1.49049 -1.05313 1.49049
0.8 0.6 0.0414151 -0.267777 0.0414151
0.8 0.7 -1.02684 0.971621 -1.02684
0.8 0.8 -1.94346 2.21933 -1.94346
0.8 0.9 -2.61214 3.38724 -2.61214
0.8 1 -3.05578 4.33484 -3.05578
0.8 1.1 -3.31078 4.96763 -3.31078
0.8 1.2 -3.39976 5.24148 -3.39976
0.8 1.3 -3.32643 5.14516 -3.32643
0.8 1.4 -3.10383 4.66151 -3.10383
0.8 1.5 -2.70396 3.82078 -2.70396
0.8 1.6 -2.09766 2.68388 -2.09766
0.8 1.7 -1.25725 1.36559 -1.25725
0.8 1.8 -0.167932 0.0387745 -0.167932
0.8 1.9 1.11527 -1.13313 1.11527
0.8 2 2.45183 -2.0657 2.45183
0.8 2.1 3.67005 -2.75111 3.67005
0.8 2.2 4.64243 -3.2107 4.64243
0.8 2.3 5.28005 -3.48846 5.28005
0.8 2.4 5.57276 -3.58587 5.57276
0.8 2.5 5.49141 -3.52978 5.49141
0.8 2.6 5.04796 -3.30564 5.04796
0.8 2.7 4.23123 -2.92134 4.23123
0.8 2.8 3.10893 -2.32566 3.10893
0.8 2.9 1.75675 -1.50945 1.75675
0.8 3 0.36956 -0.419659 0.36956
0.8 3.1 -0.905362 0.879153 -0.905362
0.8 3.2 -1.9382 2.28457 -1.9382
0.8 3.3 -2.7166 3.61183 -2.7166
0.8 3.4 -3.26775 4.7126 -3.26775
0.8 3.5 -3.62768 5.49641 -3.62768
0.8 3.6 -3.80116 5.94984 -3.80116
0.8 3.7 -3.80998 6.05218 -3.80998
0.8 3.8 -3.65371 5.79606 -3.65371
0.8 3.9 -3.34164 5.15318 -3.34164
0.8 4 -2.85804 4.12339 -2.85804
0.8 4.1 -2.15945 2.76373 -2.15945
0.8 4.2 -1.18817 1.21793 -1.18817
0.8 4.3 0.0817414 -0.304108 0.0817414
0.8 4.4 1.56361 -1.63434 1.56361
0.8 4.5 3.15923 -2.61057 3.15923
0.8 4.6 2.17268 -5.74447 2.17268
0.8 4.7 92.2755 82.8744 92.2755
0.8 4.8 -69.1207 -79.6965 -69.1207
0.8 4.9 356.306 346.531 356.306
0.9 0 -36.3362 -44.3718 -36.3362
0.9 0.1 8.0493 0.319759 8.0493
0.9 0.2 -18.3973 -25.4993 -18.3973
0.9 0.3 6.48426 0.446733 6.48426
0.9 0.4 1.49142 -2.99446 1.49142
0.9 0.5 1.47874 -1.04297 1.47874
0.9 0.6 0.0261702 -0.253203 0.0261702
0.9 0.7 -1.0432 0.991714 -1.0432
0.9 0.8 -1.95903 2.24453 -1.95903
0.9 0.9 -2.62593 3.41595 -2.62593
0.9 1 -3.06764 4.36501 -3.06764
0.9 1.1 -3.321 4.9974 -3.321
0.9 1.2 -3.40864 5.26944 -3.40864
0.9 1.3 -3.33427 5.17007 -3.33427
0.9 1.4 -3.11083 4.68201 -3.11083
0.9 1.5 -2.70998 3.83555 -2.70998
0.9 1.6 -2.10205 2.69184 -2.10205
0.9 1.7 -1.25859 1.36672 -1.25859
0.9 1.8 -0.164298 0.0345425 -0.164298
0.9 1.9 1.12524 -1.1403 1.12524
0.9 2 2.46815 -2.07342 2.46815
0.9 2.1 3.69119 -2.75795 3.69119
0.9 2.2 4.66614 -3.21612 4.66614
0.9 2.3 5.30395 -3.49256 5.30395
0.9 2.4 5.59497 -3.58868 5.59497
0.9 2.5 5.51005 -3.53149 5.51005
0.9 2.6 5.06121 -3.30623 5.06121
0.9 2.7 4.23731 -2.92049 4.23731
0.9 2.8 3.10665 -2.32239 3.10665
0.9 2.9 1.74629 -1.50204 1.74629
0.9 3 0.353179 -0.405811 0.353179
0.9 3.1 -0.924295 0.900909 -0.924295
0.9 3.2 -1.95665 2.31378 -1.95665
0.9 3.3 -2.73283 3.64633 -2.73283
0.9 3.4 -3.28134 4.74951 -3.28134
0.9 3.5 -3.63877 5.53325 -3.63877
0.9 3.6 -3.81004 5.98475 -3.81004
0.9 3.7 -3.81671 6.08377 -3.81671
0.9 3.8 -3.65849 5.82256 -3.65849
0.9 3.9 -3.34439 5.17237 -3.34439
0.9 4 -2.85826 4.13266 -2.85826
0.9 4.1 -2.15554 2.76118 -2.15554
0.9 4.2 -1.17716 1.20381 -1.17716
0.9 4.3 0.103408 -0.326717 0.103408
0.9 4.4 1.59787 -1.66099 1.59787
0.9 4.5 3.20474 -2.63796 3.20474
0.9 4.6 2.23268 -5.76445 2.23268
0.9 4.7 92.3221 82.8386 92.3221
0.9 4.8 -69.0469 -79.7071 -69.0469
0.9 4.9 356.27 346.412 356.27
1 0 -36.3557 -44.3907 -36.3557
1 0.1 8.07016 0.336545 8.07016
1 0.2 -18.394 -25.4981 -18.394
1 0.3 6.48681 0.450681 6.48681
1 0.4 1.48834 -2.99079 1.48834
1 0.5 1.47157 -1.03695 1.47157
1 0.6 0.0157168 -0.243795 0.0157168
1 0.7 -1.05505 1.00546 -1.05505
1 0.8 -1.97073 2.2623 -1.97073
1 0.9 -2.63652 3.43655 -2.63652
1 1 -3.07692 4.38672 -3.07692
1 1.1 -3.32903 5.01869 -3.32903
1 1.2 -3.41557 5.2891 -3.41557
1 1.3 -3.34025 5.18693 -3.34025
1 1.4 -3.11582 4.695 -3.11582
1 1.5 -2.71376 3.84351 -2.71376
1 1.6 -2.10393 2.69401 -2.10393
1 1.7 -1.25728 1.36331 -1.25728
1 1.8 -0.15823 0.027059 -0.15823
1 1.9 1.13699 -1.14966 1.13699
1 2 2.48523 -2.08264 2.48523
1 2.1 3.71194 -2.766 3.71194
1 2.2 4.68852 -3.22263 4.68852
1 2.3 5.32594 -3.49768 5.32594
1 2.4 5.61499 -3.59253 5.61499
1 2.5 5.52661 -3.53421 5.52661
1 2.6 5.07282 -3.30781 5.07282
1 2.7 4.24249 -2.92064 4.24249
1 2.8 3.10442 -2.32027 3.10442
1 2.9 1.73689 -1.49611 1.73689
1 3 0.338547 -0.394128 0.338547
1 3.1 -0.941168 0.919616 -0.941168
1 3.2 -1.97325 2.33896 -1.97325
1 3.3 -2.7477 3.67604 -2.7477
1 3.4 -3.29414 4.78125 -3.29414
1 3.5 -3.64967 5.56492 -3.64967
1 3.6 -3.81916 6.01496 -3.81916
1 3.7 -3.82413 6.11152 -3.82413
1 3.8 -3.66427 5.84659 -3.66427
1 3.9 -3.34854 5.19097 -3.34854
1 4 -2.86049 4.1437 -2.86049
1 4.1 -2.15475 2.7629 -2.15475
1 4.2 -1.17118 1.19606 -1.17118
1 4.3 0.117367 -0.341788 0.117367
1 4.4 1.62139 -1.68005 1.62139
1 4.5 3.23692 -2.65833 3.23692
1 4.6 2.27593 -5.77984 2.27593
1 4.7 92.3582 82.8136 92.3582
1 4.8 -68.9909 -79.7139 -68.9909
1 4.9 356.241 346.321 356.241
1.1 0 -36.3627 -44.4047 -36.3627
1.1 0.1 8.08917 0.345937 8.08917
1.1 0.2 -18.3864 -25.4987 -18.3864
1.1 0.3 6.49348 0.451842 6.49348
1.1 0.4 1.49056 -2.98993 1.49056
1.1 0.5 1.47008 -1.03466 1.47008
1.1 0.6 0.0109007 -0.239321 0.0109007
1.1 0.7 -1.06181 1.01293 -1.06181
1.1 0.8 -1.97813 2.27271 -1.97813
1.1 0.9 -2.64368 3.44904 -2.64368
1.1 1 -3.08344 4.40004 -3.08344
1.1 1.1 -3.33483 5.03159 -3.33483
1.1 1.2 -3.42054 5.30056 -3.42054
1.1 1.3 -3.34431 5.19603 -3.34431
1.1 1.4 -3.1188 4.70077 -3.1188
1.1 1.5 -2.71525 3.84509 -2.71525
1.1 1.6 -2.10315 2.69096 -2.10315
1.1 1.7 -1.25302 1.35611 -1.25302
1.1 1.8 -0.149217 0.0172258 -0.149217
1.1 1.9 1.15125 -1.16017 1.15125
1.1 2 2.50408 -2.09222 2.50408
1.1 2.1 3.73368 -2.77392 3.73368
1.1 2.2 4.71117 -3.22885 4.71117
1.1 2.3 5.34776 -3.50246 5.34776
1.1 2.4 5.63472 -3.59603 5.63472
1.1 2.5 5.54305 -3.5366 5.54305
1.1 2.6 5.08478 -3.30913 5.08478
1.1 2.7 4.24871 -2.92069 4.24871
1.1 2.8 3.10404 -2.31839 3.10404
1.1 2.9 1.73006 -1.49107 1.73006
1.1 3 0.326889 -0.384307 0.326889
1.1 3.1 -0.955205 0.935216 -0.955205
1.1 3.2 -1.98747 2.35993 -1.98747
1.1 3.3 -2.76088 3.70073 -2.76088
1.1 3.4 -3.30597 4.8076 -3.30597
1.1 3.5 -3.66021 5.59129 -3.66021
1.1 3.6 -3.82849 6.04038 -3.82849
1.1 3.7 -3.83217 6.13541 -3.83217
1.1 3.8 -3.67107 5.86817 -3.67107
1.1 3.9 -3.35407 5.20909 -3.35407
1.1 4 -2.86463 4.15668 -2.86463
1.1 4.1 -2.15687 2.76914 -2.15687
1.1 4.2 -1.16977 1.19499 -1.16977
1.1 4.3 0.124465 -0.348933 0.124465
1.1 4.4 1.63575 -1.69082 1.63575
1.1 4.5 3.2582 -2.67065 3.2582
1.1 4.6 2.30633 -5.78864 2.30633
1.1 4.7 92.3853 82.7985 92.3853
1.1 4.8 -68.9496 -79.716 -68.9496
1.1 4.9 356.216 346.254 356.216
1.2 0 -36.3567 -44.4131 -36.3567
1.2 0.1 8.10391 0.345458 8.10391
1.2 0.2 -18.3765 -25.503 -18.3765
1.2 0.3 6.50172 0.447685 6.50172
1.2 0.4 1.49566 -2.99423 1.49566
1.2 0.5 1.47189 -1.03831 1.47189
1.2 0.6 0.00945444 -0.241751 0.00945444
1.2 0.7 -1.06564 1.01241 -1.06564
1.2 0.8 -1.9833 2.27428 -1.9833
1.2 0.9 -2.64932 3.45224 -2.64932
1.2 1 -3.08906 4.40397 -3.08906
1.2 1.1 -3.3401 5.03531 -3.3401
1.2 1.2 -3.42525 5.30317 -3.42525
1.2 1.3 -3.34822 5.19667 -3.34822
1.2 1.4 -3.12158 4.69864 -3.12158
1.2 1.5 -2.71642 3.83949 -2.71642
1.2 1.6 -2.10189 2.68168 -2.10189
1.2 1.7 -1.24824 1.34377 -1.24824
1.2 1.8 -0.139935 0.00334361 -0.139935
1.2 1.9 1.16524 -1.17385 1.16524
1.2 2 2.52184 -2.10444 2.52184
1.2 2.1 3.75347 -2.7843 3.75347
1.2 2.2 4.73125 -3.23747 4.73125
1.2 2.3 5.3667 -3.50963 5.3667
1.2 2.4 5.65151 -3.602 5.65151
1.2 2.5 5.55684 -3.54151 5.55684
1.2 2.6 5.09462 -3.31302 5.09462
1.2 2.7 4.2536 -2.92345 4.2536
1.2 2.8 3.10323 -2.31953 3.10323
1.2 2.9 1.72365 -1.48955 1.72365
1.2 3 0.316124 -0.378824 0.316124
1.2 3.1 -0.968307 0.945525 -0.968307
1.2 3.2 -2.00115 2.37471 -2.00115
1.2 3.3 -2.77411 3.71867 -2.77411
1.2 3.4 -3.31847 4.82707 -3.31847
1.2 3.5 -3.67196 5.61107 -3.67196
1.2 3.6 -3.83949 6.05983 -3.83949
1.2 3.7 -3.84231 6.1543 -3.84231
1.2 3.8 -3.6803 5.88619 -3.6803
1.2 3.9 -3.36245 5.22546 -3.36245
1.2 4 -2.87226 4.17007 -2.87226
1.2 4.1 -2.16358 2.77798 -2.16358
1.2 4.2 -1.17471 1.19823 -1.17471
1.2 4.3 0.122943 -0.350929 0.122943
1.2 4.4 1.63925 -1.69645 1.63925
1.2 4.5 3.26678 -2.67858 3.26678
1.2 4.6 2.32049 -5.79642 2.32049
1.2 4.7 92.3926 82.7808 92.3926
1.2 4.8 -68.9296 -79.7227 -68.9296
1.2 4.9 356.187 346.199 356.187
1.3 0 -36.3362 -44.4145 -36.3362
1.3 0.1 8.11445 0.33558 8.11445
1.3 0.2 -18.363 -25.5093 -18.363
1.3 0.3 6.51242 0.43976 6.51242
1.3 0.4 1.50482 -3.00166 1.50482
1.3 0.5 1.47831 -1.04555 1.47831
1.3 0.6 0.0128499 -0.248359 0.0128499
1.3 0.7 -1.06485 1.00707 -1.06485
1.3 0.8 -1.98428 2.2706 -1.98428
1.3 0.9 -2.6513 3.45008 -2.6513
1.3 1 -3.09143 4.40276 -3.09143
1.3 1.1 -3.34247 5.0342 -3.34247
1.3 1.2 -3.42728 5.30135 -3.42728
1.3 1.3 -3.34957 5.19332 -3.34957
1.3 1.4 -3.12184 4.693 -3.12184
1.3 1.5 -2.71509 3.83093 -2.71509
1.3 1.6 -2.09817 2.67012 -2.09817
1.3 1.7 -1.24119 1.32991 -1.24119
1.3 1.8 -0.128825 -0.0113999 -0.128825
1.3 1.9 1.18027 -1.18802 1.18027
1.3 2 2.53969 -2.11709 2.53969
1.3 2.1 3.7725 -2.79519 3.7725
1.3 2.2 4.74986 -3.24687 4.74986
1.3 2.3 5.38386 -3.5178 5.38386
1.3 2.4 5.66654 -3.6091 5.66654
1.3 2.5 5.56923 -3.5476 5.56923
1.3 2.6 5.1038 -3.31806 5.1038
1.3 2.7 4.25881 -2.92732 4.25881
1.3 2.8 3.10387 -2.32181 3.10387
1.3 2.9 1.71971 -1.48943 1.71971
1.3 3 0.308496 -0.375247 0.308496
1.3 3.1 -0.97815 0.95325 -0.97815
1.3 3.2 -2.01178 2.38642 -2.01178
1.3 3.3 -2.78472 3.73332 -2.78472
1.3 3.4 -3.32883 4.84338 -3.32883
1.3 3.5 -3.68203 5.62814 -3.68203
1.3 3.6 -3.84921 6.07728 -3.84921
1.3 3.7 -3.85153 6.17216 -3.85153
1.3 3.8 -3.68897 5.9044 -3.68897
1.3 3.9 -3.37068 5.24363 -3.37068
1.3 4 -2.88038 4.18712 -2.88038
1.3 4.1 -2.17191 2.79221 -2.17191
1.3 4.2 -1.18302 1.20808 -1.18302
1.3 4.3 0.115727 -0.346033 0.115727
1.3 4.4 1.63478 -1.69568 1.63478
1.3 4.5 3.26598 -2.68069 3.26598
1.3 4.6 2.32378 -5.79982 2.32378
1.3 4.7 92.3865 82.7642 92.3865
1.3 4.8 -68.9217 -79.727 -68.9217
1.3 4.9 356.155 346.155 356.155
1.4 0 -36.3016 -44.4082 -36.3016
1.4 0.1 8.1245 0.321111 8.1245
1.4 0.2 -18.3434 -25.5137 -18.3434
1.4 0.3 6.53151 0.435614 6.53151
1.4 0.4 1.5225 -3.00597 1.5225
1.4 0.5 1.49324 -1.05049 1.49324
1.4 0.6 0.0245261 -0.253529 0.0245261
1.4 0.7 -1.05637 1.00231 -1.05637
1.4 0.8 -1.97838 2.26688 -1.97838
1.4 0.9 -2.64716 3.44763 -2.64716
1.4 1 -3.08832 4.40129 -3.08832
1.4 1.1 -3.33977 5.03316 -3.33977
1.4 1.2 -3.42449 5.29998 -3.42449
1.4 1.3 -3.34621 5.19088 -3.34621
1.4 1.4 -3.1174 4.68877 -3.1174
1.4 1.5 -2.70893 3.82444 -2.70893
1.4 1.6 -2.08945 2.66144 -2.08945
1.4 1.7 -1.22903 1.31981 -1.22903
1.4 1.8 -0.112692 -0.021573 -0.112692
1.4 1.9 1.20005 -1.19698 1.20005
1.4 2 2.56188 -2.12421 2.56188
1.4 2.1 3.79544 -2.8005 3.79544
1.4 2.2 4.77216 -3.25071 4.77216
1.4 2.3 5.40469 -3.52047 5.40469
1.4 2.4 5.68542 -3.61083 5.68542
1.4 2.5 5.58593 -3.54839 5.58593
1.4 2.6 5.11792 -3.31792 5.11792
1.4 2.7 4.26974 -2.92622 4.26974
1.4 2.8 3.11099 -2.31953 3.11099
1.4 2.9 1.72284 -1.48538 1.72284
1.4 3 0.308051 -0.368657 0.308051
1.4 3.1 -0.981141 0.963007 -0.981141
1.4 3.2 -2.01626 2.39933 -2.01626
1.4 3.3 -2.78998 3.74877 -2.78998
1.4 3.4 -3.33455 4.86052 -3.33455
1.4 3.5 -3.68805 5.6464 -3.68805
1.4 3.6 -3.85535 6.09654 -3.85535
1.4 3.7 -3.85753 6.19267 -3.85753
1.4 3.8 -3.69465 5.92644 -3.69465
1.4 3.9 -3.37616 5.26707 -3.37616
1.4 4 -2.88607 4.21113 -2.88607
1.4 4.1 -2.17839 2.81517 -2.17839
1.4 4.2 -1.19054 1.22804 -1.19054
1.4 4.3 0.107751 -0.330453 0.107751
1.4 4.4 1.62782 -1.6845 1.62782
1.4 4.5 3.26144 -2.67296 3.26144
1.4 4.6 2.32241 -5.79418 2.32241
1.4 4.7 92.3913 82.7722 92.3913
1.4 4.8 -68.9184 -79.7223 -68.9184
1.4 4.9 356.164 346.165 356.164
1.5 0 -36.2553 -44.3957 -36.2553
1.5 0.1 8.12973 0.298351 8.12973
1.5 0.2 -18.3229 -25.5208 -18.3229
1.5 0.3 6.55053 0.427423 6.55053
1.5 0.4 1.54086 -3.01423 1.54086
1.5 0.5 1.5091 -1.0598 1.5091
1.5 0.6 0.0373584 -0.263373 0.0373584
1.5 0.7 -1.04676 0.99261 -1.04676
1.5 0.8 -1.97148 2.25819 -1.97148
1.5 0.9 -2.64218 3.44042 -2.64218
1.5 1 -3.08449 4.39551 -3.08449
1.5 1.1 -3.33649 5.02826 -3.33649
1.5 1.2 -3.42129 5.2952 -3.42129
1.5 1.3 -3.34263 5.18541 -3.34263
1.5 1.4 -3.11296 4.68188 -3.11296
1.5 1.5 -2.70309 3.81561 -2.70309
1.5 1.6 -2.08146 2.65075 -2.08146
1.5 1.7 -1.21812 1.30802 -1.21812
1.5 1.8 -0.0984665 -0.0332665 -0.0984665
1.5 1.9 1.2172 -1.20747 1.2172
1.5 2 2.58075 -2.13302 2.58075
1.5 2.1 3.81467 -2.80764 3.81467
1.5 2.2 4.79052 -3.25662 4.79052
1.5 2.3 5.42165 -3.52536 5.42165
1.5 2.4 5.70071 -3.61492 5.70071
1.5 2.5 5.5995 -3.55169 5.5995
1.5 2.6 5.1296 -3.32041 5.1296
1.5 2.7 4.27907 -2.92792 4.27907
1.5 2.8 3.11743 -2.3203 3.11743
1.5 2.9 1.72611 -1.48475 1.72611
1.5 3 0.308279 -0.365983 0.308279
1.5 3.1 -0.983311 0.968338 -0.983311
1.5 3.2 -2.01996 2.4076 -2.01996
1.5 3.3 -2.79462 3.75967 -2.79462
1.5 3.4 -3.33984 4.87351 -3.33984
1.5 3.5 -3.69384 5.66111 -3.69384
1.5 3.6 -3.86149 6.11293 -3.86149
1.5 3.7 -3.86385 6.21104 -3.86385
1.5 3.8 -3.70105 5.94716 -3.70105
1.5 3.9 -3.38286 5.29015 -3.38286
1.5 4 -2.89366 4.23587 -2.89366
1.5 4.1 -2.18784 2.83983 -2.18784
1.5 4.2 -1.20252 1.25031 -1.20252
1.5 4.3 0.0934019 -0.312635 0.0934019
1.5 4.4 1.6125 -1.67178 1.6125
1.5 4.5 3.24709 -2.66451 3.24709
1.5 4.6 2.31 -5.78888 2.31
1.5 4.7 92.3863 82.7809 92.3863
1.5 4.8 -68.9285 -79.7202 -68.9285
1.5 4.9 356.177 346.19 356.177
1.6 0 -36.1994 -44.3781 -36.1994
1.6 0.1 8.13212 0.270257 8.13212
1.6 0.2 -18.3011 -25.5291 -18.3011
1.6 0.3 6.57044 0.417164 6.57044
1.6 0.4 1.56054 -3.02461 1.56054
1.6 0.5 1.52629 -1.07174 1.52629
1.6 0.6 0.0514663 -0.276317 0.0514663
1.6 0.7 -1.03612 0.979375 -1.03612
1.6 0.8 -1.9639 2.24569 -1.9639
1.6 0.9 -2.63687 3.42936 -2.63687
1.6 1 -3.08063 4.38601 -3.08063
1.6 1.1 -3.33337 5.01998 -3.33337
1.6 1.2 -3.41844 5.28739 -3.41844
1.6 1.3 -3.33956 5.17733 -3.33956
1.6 1.4 -3.10919 4.67285 -3.10919
1.6 1.5 -2.6981 3.80514 -2.6981
1.6 1.6 -2.07453 2.63897 -2.07453
1.6 1.7 -1.20856 1.2956 -1.20856
1.6 1.8 -0.085974 -0.0452465 -0.085974
1.6 1.9 1.23228 -1.21807 1.23228
1.6 2 2.59728 -2.14191 2.59728
1.6 2.1 3.83147 -2.81497 3.83147
1.6 2.2 4.80659 -3.2628 4.80659
1.6 2.3 5.43665 -3.53059 5.43665
1.6 2.4 5.71442 -3.61951 5.71442
1.6 2.5 5.61202 -3.55563 5.61202
1.6 2.6 5.14083 -3.32377 5.14083
1.6 2.7 4.28861 -2.9308 4.28861
1.6 2.8 3.12472 -2.32274 3.12472
1.6 2.9 1.73072 -1.48643 1.73072
1.6 3 0.310019 -0.366424 0.310019
1.6 3.1 -0.984128 0.969765 -0.984128
1.6 3.2 -2.02272 2.41137 -2.02272
1.6 3.3 -2.79877 3.76583 -2.79877
1.6 3.4 -3.34505 4.88186 -3.34505
1.6 3.5 -3.69989 5.67148 -3.69989
1.6 3.6 -3.8682 6.12544 -3.8682
1.6 3.7 -3.87103 6.22608 -3.87103
1.6 3.8 -3.70856 5.9653 -3.70856
1.6 3.9 -3.39093 5.31155 -3.39093
1.6 4 -2.90299 4.25996 -2.90299
1.6 4.1 -2.19951 2.86498 -2.19951
1.6 4.2 -1.21746 1.27401 -1.21746
1.6 4.3 0.0750478 -0.292929 0.0750478
1.6 4.4 1.59211 -1.65718 1.59211
1.6 4.5 3.22681 -2.65448 3.22681
1.6 4.6 2.29097 -5.78255 2.29097
1.6 4.7 92.3769 82.7926 92.3769
1.6 4.8 -68.9458 -79.7179 -68.9458
1.6 4.9 356.187 346.219 356.187
1.7 0 -36.14 -44.3595 -36.14
1.7 0.1 8.13367 0.2402 8.13367
1.7 0.2 -18.2785 -25.5378 -18.2785
1.7 0.3 6.59056 0.405786 6.59056
1.7 0.4 1.58122 -3.03564 1.58122
1.7 0.5 1.54488 -1.08427 1.54488
1.7 0.6 0.0673908 -0.289713 0.0673908
1.7 0.7 -1.02338 0.965827 -1.02338
1.7 0.8 -1.95399 2.23313 -1.95399
1.7 0.9 -2.6291 3.41856 -2.6291
1.7 1 -3.07419 4.37721 -3.07419
1.7 1.1 -3.32768 5.01279 -3.32768
1.7 1.2 -3.41313 5.28104 -3.41313
1.7 1.3 -3.33422 5.17108 -3.33422
1.7 1.4 -3.10347 4.66595 -3.10347
1.7 1.5 -2.69164 3.79706 -2.69164
1.7 1.6 -2.06678 2.62968 -2.06678
1.7 1.7 -1.19896 1.28565 -1.19896
1.7 1.8 -0.0743092 -0.0550514 -0.0743092
1.7 1.9 1.24569 -1.227 1.24569
1.7 2 2.61159 -2.1497 2.61159
1.7 2.1 3.84584 -2.82162 3.84584
1.7 2.2 4.82025 -3.2687 4.82025
1.7 2.3 5.44952 -3.53583 5.44952
1.7 2.4 5.72644 -3.62428 5.72644
1.7 2.5 5.6234 -3.55993 5.6234
1.7 2.6 5.15161 -3.32761 5.15161
1.7 2.7 4.29852 -2.9343 4.29852
1.7 2.8 3.13327 -2.32593 3.13327
1.7 2.9 1.73742 -1.48909 1.73742
1.7 3 0.314472 -0.368126 0.314472
1.7 3.1 -0.981911 0.969655 -0.981911
1.7 3.2 -2.02226 2.41356 -2.02226
1.7 3.3 -2.79965 3.7706 -2.79965
1.7 3.4 -3.347 4.88917 -3.347
1.7 3.5 -3.70274 5.68128 -3.70274
1.7 3.6 -3.87186 6.13782 -3.87186
1.7 3.7 -3.87538 6.24142 -3.87538
1.7 3.8 -3.71356 5.98413 -3.71356
1.7 3.9 -3.39692 5.33409 -3.39692
1.7 4 -2.91076 4.28572 -2.91076
1.7 4.1 -2.21037 2.89225 -2.21037
1.7 4.2 -1.23253 1.30017 -1.23253
1.7 4.3 0.0555043 -0.27064 0.0555043
1.7 4.4 1.56957 -1.64007 1.56957
1.7 4.5 3.20412 -2.64172 3.20412
1.7 4.6 2.26931 -5.7736 2.26931
1.7 4.7 92.3612 82.803 92.3612
1.7 4.8 -68.9661 -79.7135 -68.9661
1.7 4.9 356.199 346.255 356.199
1.8 0 -36.083 -44.3439 -36.083
1.8 0.1 8.13783 0.212899 8.13783
1.8 0.2 -18.2544 -25.545 -18.2544
1.8 0.3 6.61249 0.396164 6.61249
1.8 0.4 1.604 -3.0448 1.604
1.8 0.5 1.5657 -1.09499 1.5657
1.8 0.6 0.085518 -0.301519 0.085518
1.8 0.7 -1.00855 0.953654 -1.00855
1.8 0.8 -1.94216 2.22175 -1.94216
1.8 0.9 -2.61961 3.40886 -2.61961
1.8 1 -3.06624 4.36952 -3.06624
1.8 1.1 -3.3206 5.00691 -3.3206
1.8 1.2 -3.40658 5.27626 -3.40658
1.8 1.3 -3.32778 5.16676 -3.32778
1.8 1.4 -3.09681 4.66145 -3.09681
1.8 1.5 -2.68443 3.79186 -2.68443
1.8 1.6 -2.05854 2.62375 -2.05854
1.8 1.7 -1.18924 1.27934 -1.18924
1.8 1.8 -0.0628862 -0.0611364 -0.0628862
1.8 1.9 1.25861 -1.23231 1.25861
1.8 2 2.62535 -2.1541 2.62535
1.8 2.1 3.85978 -2.82518 3.85978
1.8 2.2 4.83386 -3.27169 4.83386
1.8 2.3 5.46281 -3.53832 5.46281
1.8 2.4 5.73936 -3.62651 5.73936
1.8 2.5 5.63625 -3.56185 5.63625
1.8 2.6 5.16446 -3.32931 5.16446
1.8 2.7 4.31113 -2.93593 4.31113
1.8 2.8 3.14509 -2.32768 3.14509
1.8 2.9 1.74779 -1.49088 1.74779
1.8 3 0.32272 -0.369683 0.32272
1.8 3.1 -0.976066 0.968954 -0.976066
1.8 3.2 -2.01855 2.41458 -2.01855
1.8 3.3 -2.79771 3.77386 -2.79771
1.8 3.4 -3.34645 4.89495 -3.34645
1.8 3.5 -3.70338 5.68965 -3.70338
1.8 3.6 -3.87352 6.14899 -3.87352
1.8 3.7 -3.87797 6.25576 -3.87797
1.8 3.8 -3.71691 6.0023 -3.71691
1.8 3.9 -3.40139 5.35636 -3.40139
1.8 4 -2.91707 4.31177 -2.91707
1.8 4.1 -2.21975 2.92058 -2.21975
1.8 4.2 -1.24613 1.32825 -1.24613
1.8 4.3 0.0374092 -0.245599 0.0374092
1.8 4.4 1.54859 -1.61935 1.54859
1.8 4.5 3.18316 -2.62468 3.18316
1.8 4.6 2.24894 -5.76062 2.24894
1.8 4.7 92.3507 82.8212 92.3507
1.8 4.8 -68.9829 -79.7029 -68.9829
1.8 4.9 356.222 346.305 356.222
1.9 0 -36.0357 -44.3363 -36.0357
1.9 0.1 8.14409 0.189254 8.14409
1.9 0.2 -18.233 -25.5532 -18.233
1.9 0.3 6.63185 0.385469 6.63185
1.9 0.4 1.62395 -3.05536 1.62395
1.9 0.5 1.5838 -1.10714 1.5838
1.9 0.6 0.101072 -0.314742 0.101072
1.9 0.7 -0.996195 0.940004 -0.996195
1.9 0.8 -1.9328 2.20881 -1.9328
1.9 0.9 -2.61261 3.39754 -2.61261
1.9 1 -3.06083 4.36023 -3.06083
1.9 1.1 -3.31616 4.99952 -3.31616
1.9 1.2 -3.4028 5.27016 -3.4028
1.9 1.3 -3.32423 5.16146 -3.32423
1.9 1.4 -3.0932 4.65639 -3.0932
1.9 1.5 -2.68053 3.78656 -2.68053
1.9 1.6 -2.05398 2.61807 -2.05398
1.9 1.7 -1.18361 1.2735 -1.18361
1.9 1.8 -0.0560255 -0.0668272 -0.0560255
1.9 1.9 1.26659 -1.23756 1.26659
1.9 2 2.63409 -2.15879 2.63409
1.9 2.1 3.86895 -2.82931 3.86895
1.9 2.2 4.84308 -3.27553 4.84308
1.9 2.3 5.47217 -3.54188 5.47217
1.9 2.4 5.74894 -3.62996 5.74894
1.9 2.5 5.6463 -3.5652 5.6463
1.9 2.6 5.17508 -3.33264 5.17508
1.9 2.7 4.3221 -2.93948 4.3221
1.9 2.8 3.15585 -2.33172 3.15585
1.9 2.9 1.75753 -1.49546 1.75753
1.9 3 0.330542 -0.374662 0.330542
1.9 3.1 -0.970711 0.964174 -0.970711
1.9 3.2 -2.01552 2.41102 -2.01552
1.9 3.3 -2.79669 3.77225 -2.79669
1.9 3.4 -3.34706 4.89578 -3.34706
1.9 3.5 -3.70538 5.69311 -3.70538
1.9 3.6 -3.87672 6.15532 -3.87672
1.9 3.7 -3.88223 6.26536 -3.88223
1.9 3.8 -3.72211 6.01578 -3.72211
1.9 3.9 -3.40774 5.37415 -3.40774
1.9 4 -2.92525 4.33364 -2.92525
1.9 4.1 -2.23094 2.94521 -2.23094
1.9 4.2 -1.26141 1.35328 -1.26141
1.9 4.3 0.0177213 -0.222862 0.0177213
1.9 4.4 1.52595 -1.60035 1.52595
1.9 4.5 3.16002 -2.60929 3.16002
1.9 4.6 2.22578 -5.74942 2.22578
1.9 4.7 92.3402 82.8405 92.3402
1.9 4.8 -69.003 -79.6942 -69.003
1.9 4.9 356.247 346.357 356.247
2 0 -36.0001 -44.3368 -36.0001
2 0.1 8.15285 0.170875 8.15285
2 0.2 -18.2141 -25.5613 -18.2141
2 0.3 6.64961 0.375873 6.64961
2 0.4 1.64186 -3.06528 1.64186
2 0.5 1.59998 -1.11854 1.59998
2 0.6 0.11492 -0.327087 0.11492
2 0.7 -0.985264 0.927375 -0.985264
2 0.8 -1.92464 2.19694 -1.92464
2 0.9 -2.60668 3.38728 -2.60668
2 1 -3.05641 4.352 -3.05641
2 1.1 -3.31268 4.9933 -3.31268
2 1.2 -3.40003 5.26539 -3.40003
2 1.3 -3.32183 5.15775 -3.32183
2 1.4 -3.09095 4.65328 -3.09095
2 1.5 -2.67831 3.78356 -2.67831
2 1.6 -2.05153 2.61497 -2.05153
2 1.7 -1.18067 1.27023 -1.18067
2 1.8 -0.0524004 -0.0701904 -0.0524004
2 1.9 1.27098 -1.24091 1.27098
2 2 2.63916 -2.16206 2.63916
2 2.1 3.87459 -2.83251 3.87459
2 2.2 4.84921 -3.27872 4.84921
2 2.3 5.47895 -3.54504 5.47895
2 2.4 5.75642 -3.63323 5.75642
2 2.5 5.65479 -3.56854 5.65479
2 2.6 5.18468 -3.33618 5.18468
2 2.7 4.33264 -2.94344 4.33264
2 2.8 3.16673 -2.33643 3.16673
2 2.9 1.76785 -1.50112 1.76785
2 3 0.339232 -0.381183 0.339232
2 3.1 -0.964384 0.957365 -0.964384
2 3.2 -2.01157 2.40502 -2.01157
2 3.3 -2.79487 3.76796 -2.79487
2 3.4 -3.34692 4.89389 -3.34692
2 3.5 -3.70669 5.69385 -3.70669
2 3.6 -3.87926 6.15897 -3.87926
2 3.7 -3.88594 6.27223 -3.88594
2 3.8 -3.72686 6.02644 -3.72686
2 3.9 -3.41375 5.38897 -3.41375
2 4 -2.93312 4.3525 -2.93312
2 4.1 -2.24166 2.96703 -2.24166
2 4.2 -1.27601 1.37595 -1.27601
2 4.3 -0.00113723 -0.201927 -0.00113723
2 4.4 1.50392 -1.58279 1.50392
2 4.5 3.13653 -2.59565 3.13653
2 4.6 2.20131 -5.74016 2.20131
2 4.7 92.3298 82.8605 92.3298
2 4.8 -69.0281 -79.6899 -69.0281
2 4.9 356.273 346.411 356.273
2.1 0 -35.9741 -44.3416 -35.9741
2.1 0.1 8.16278 0.157299 8.16278
2.1 0.2 -18.1977 -25.5683 -18.1977
2.1 0.3 6.66557 0.36806 6.66557
2.1 0.4 1.65774 -3.07353 1.65774
2.1 0.5 1.61433 -1.12802 1.61433
2.1 0.6 0.127133 -0.337351 0.127133
2.1 0.7 -0.975695 0.916942 -0.975695
2.1 0.8 -1.9176 2.18726 -1.9176
2.1 0.9 -2.6017 3.37914 -2.6017
2.1 1 -3.05286 4.34583 -3.05286
2.1 1.1 -3.31007 4.98909 -3.31007
2.1 1.2 -3.39817 5.26275 -3.39817
2.1 1.3 -3.32041 5.15643 -3.32041
2.1 1.4 -3.08982 4.6529 -3.08982
2.1 1.5 -2.67743 3.7837 -2.67743
2.1 1.6 -2.05079 2.61528 -2.05079
2.1 1.7 -1.17987 1.27047 -1.17987
2.1 1.8 -0.0514035 -0.0702991 -0.0514035
2.1 1.9 1.27238 -1.24149 1.27238
2.1 2 2.64118 -2.1631 2.64118
2.1 2.1 3.87744 -2.8339 3.87744
2.1 2.2 4.85293 -3.2805 4.85293
2.1 2.3 5.48374 -3.5471 5.48374
2.1 2.4 5.76244 -3.63557 5.76244
2.1 2.5 5.66229 -3.57114 5.66229
2.1 2.6 5.19381 -3.33912 5.19381
2.1 2.7 4.34323 -2.94695 4.34323
2.1 2.8 3.17819 -2.3409 3.17819
2.1 2.9 1.77917 -1.50686 1.77917
2.1 3 0.34919 -0.388232 0.34919
2.1 3.1 -0.956727 0.949515 -0.956727
2.1 3.2 -2.00636 2.39752 -2.00636
2.1 3.3 -2.7919 3.76182 -2.7919
2.1 3.4 -3.34574 4.88992 -3.34574
2.1 3.5 -3.70702 5.69241 -3.70702
2.1 3.6 -3.88089 6.1603 -3.88089
2.1 3.7 -3.88875 6.27663 -3.88875
2.1 3.8 -3.73072 6.03442 -3.73072
2.1 3.9 -3.41882 5.4009 -3.41882
2.1 4 -2.93986 4.36836 -2.93986
2.1 4.1 -2.25097 2.98592 -2.25097
2.1 4.2 -1.2888 1.39602 -1.2888
2.1 4.3 -0.0178701 -0.183087 -0.0178701
2.1 4.4 1.4839 -1.56699 1.4839
2.1 4.5 3.11443 -2.58374 3.11443
2.1 4.6 2.1768 -5.73333 2.1768
2.1 4.7 92.3245 82.8838 92.3245
2.1 4.8 -69.0546 -79.6885 -69.0546
2.1 4.9 356.317 346.483 356.317
2.2 0 -35.9557 -44.3476 -35.9557
2.2 0.1 8.17091 0.146229 8.17091
2.2 0.2 -18.1855 -25.5752 -18.1855
2.2 0.3 6.67665 0.359719 6.67665
2.2 0.4 1.66885 -3.08199 1.66885
2.2 0.5 1.62412 -1.13733 1.62412
2.2 0.6 0.135013 -0.347201 0.135013
2.2 0.7 -0.970074 0.907168 -0.970074
2.2 0.8 -1.91408 2.17841 -1.91408
2.2 0.9 -2.59984 3.3719 -2.59984
2.2 1 -3.05217 4.34056 -3.05217
2.2 1.1 -3.31015 4.98583 -3.31015
2.2 1.2 -3.39894 5.26117 -3.39894
2.2 1.3 -3.3217 5.15632 -3.3217
2.2 1.4 -3.09163 4.65396 -3.09163
2.2 1.5 -2.67984 3.78549 -2.67984
2.2 1.6 -2.05381 2.61736 -2.05381
2.2 1.7 -1.18348 1.27227 -1.18348
2.2 1.8 -0.055361 -0.0692437 -0.055361
2.2 1.9 1.26849 -1.24146 1.26849
2.2 2 2.6379 -2.16407 2.6379
2.2 2.1 3.87521 -2.83574 3.87521
2.2 2.2 4.85203 -3.28302 4.85203
2.2 2.3 5.4844 -3.55015 5.4844
2.2 2.4 5.76479 -3.63912 5.76479
2.2 2.5 5.66654 -3.57511 5.66654
2.2 2.6 5.20006 -3.34358 5.20006
2.2 2.7 4.35134 -2.95215 4.35134
2.2 2.8 3.18755 -2.34724 3.18755
2.2 2.9 1.78875 -1.51471 1.78875
2.2 3 0.3577 -0.397675 0.3577
2.2 3.1 -0.950265 0.938991 -0.950265
2.2 3.2 -2.0022 2.38706 -2.0022
2.2 3.3 -2.78984 3.75256 -2.78984
2.2 3.4 -3.34531 4.88277 -3.34531
2.2 3.5 -3.70797 5.68771 -3.70797
2.2 3.6 -3.88299 6.1583 -3.88299
2.2 3.7 -3.89198 6.27747 -3.89198
2.2 3.8 -3.73502 6.03845 -3.73502
2.2 3.9 -3.42438 5.40837 -3.42438
2.2 4 -2.94709 4.37924 -2.94709
2.2 4.1 -2.26061 2.99951 -2.26061
2.2 4.2 -1.30168 1.41073 -1.30168
2.2 4.3 -0.0343526 -0.169278 -0.0343526
2.2 4.4 1.46455 -1.55547 1.46455
2.2 4.5 3.09351 -2.57506 3.09351
2.2 4.6 2.1536 -5.72907 2.1536
2.2 4.7 92.3144 82.899 92.3144
2.2 4.8 -69.0786 -79.6877 -69.0786
2.2 4.9 356.348 346.538 356.348
2.3 0 -35.943 -44.3526 -35.943
2.3 0.1 8.17775 0.138631 8.17775
2.3 0.2 -18.176 -25.5802 -18.176
2.3 0.3 6.68538 0.354041 6.68538
2.3 0.4 1.67772 -3.08739 1.67772
2.3 0.5 1.63203 -1.14299 1.63203
2.3 0.6 0.141445 -0.352893 0.141445
2.3 0.7 -0.965332 0.901985 -0.965332
2.3 0.8 -1.91084 2.17443 -1.91084
2.3 0.9 -2.59776 3.36966 -2.59776
2.3 1 -3.0509 4.3403 -3.0509
2.3 1.1 -3.30948 4.98753 -3.30948
2.3 1.2 -3.39887 5.26462 -3.39887
2.3 1.3 -3.32221 5.16137 -3.32221
2.3 1.4 -3.09283 4.66036 -3.09283
2.3 1.5 -2.68194 3.79281 -2.68194
2.3 1.6 -2.05704 2.62497 -2.05704
2.3 1.7 -1.18789 1.27938 -1.18789
2.3 1.8 -0.0608117 -0.0634685 -0.0608117
2.3 1.9 1.26261 -1.23747 1.26261
2.3 2 2.63241 -2.16186 2.63241
2.3 2.1 3.87089 -2.83499 3.87089
2.3 2.2 4.84932 -3.28344 4.84932
2.3 2.3 5.48359 -3.55145 5.48359
2.3 2.4 5.76604 -3.64111 5.76604
2.3 2.5 5.67003 -3.57766 5.67003
2.3 2.6 5.20593 -3.34667 5.20593
2.3 2.7 4.35947 -2.95595 4.35947
2.3 2.8 3.19741 -2.35211 3.19741
2.3 2.9 1.79931 -1.52104 1.79931
2.3 3 0.367683 -0.405596 0.367683
2.3 3.1 -0.941918 0.929924 -0.941918
2.3 3.2 -1.9958 2.37795 -1.9958
2.3 3.3 -2.78527 3.74454 -2.78527
2.3 3.4 -3.34217 4.8767 -3.34217
2.3 3.5 -3.706 5.68398 -3.706
2.3 3.6 -3.88206 6.15704 -3.88206
2.3 3.7 -3.89207 6.27873 -3.89207
2.3 3.8 -3.73612 6.04246 -3.73612
2.3 3.9 -3.42665 5.4153 -3.42665
2.3 4 -2.95088 4.38907 -2.95088
2.3 4.1 -2.26658 3.01159 -2.26658
2.3 4.2 -1.31056 1.42375 -1.31056
2.3 4.3 -0.0464479 -0.156953 -0.0464479
2.3 4.4 1.45002 -1.54483 1.45002
2.3 4.5 3.0782 -2.566 3.0782
2.3 4.6 2.13617 -5.72377 2.13617
2.3 4.7 92.3021 82.9076 92.3021
2.3 4.8 -69.0959 -79.6845 -69.0959
2.3 4.9 356.371 346.58 356.371
2.4 0 -35.9356 -44.3561 -35.9356
2.4 0.1 8.18202 0.133113 8.18202
2.4 0.2 -18.17 -25.5839 -18.17
2.4 0.3 6.69069 0.349797 6.69069
2.4 0.4 1.68338 -3.09086 1.68338
2.4 0.5 1.63711 -1.1461 1.63711
2.4 0.6 0.145513 -0.355452 0.145513
2.4 0.7 -0.962355 0.90045 -0.962355
2.4 0.8 -1.90879 2.17443 -1.90879
2.4 0.9 -2.5964 3.37152 -2.5964
2.4 1 -3.05003 4.34413 -3.05003
2.4 1.1 -3.30903 4.99329 -3.30903
2.4 1.2 -3.39893 5.27214 -3.39893
2.4 1.3 -3.32286 5.17057 -3.32286
2.4 1.4 -3.09428 4.67103 -3.09428
2.4 1.5 -2.68452 3.80452 -2.68452
2.4 1.6 -2.0611 2.63693 -2.0611
2.4 1.7 -1.19373 1.29047 -1.19373
2.4 1.8 -0.0682468 -0.0542941 -0.0682468
2.4 1.9 1.25427 -1.23084 1.25427
2.4 2 2.6242 -2.1578 2.6242
2.4 2.1 3.86375 -2.83313 3.86375
2.4 2.2 4.84392 -3.28328 4.84392
2.4 2.3 5.48027 -3.55254 5.48027
2.4 2.4 5.76502 -3.64312 5.76502
2.4 2.5 5.67156 -3.58031 5.67156
2.4 2.6 5.21017 -3.34982 5.21017
2.4 2.7 4.36641 -2.95963 4.36641
2.4 2.8 3.20658 -2.35663 3.20658
2.4 2.9 1.80973 -1.52679 1.80973
2.4 3 0.378032 -0.412763 0.378032
2.4 3.1 -0.932704 0.921737 -0.932704
2.4 3.2 -1.98823 2.36967 -1.98823
2.4 3.3 -2.77927 3.73725 -2.77927
2.4 3.4 -3.3374 4.87121 -3.3374
2.4 3.5 -3.70225 5.68062 -3.70225
2.4 3.6 -3.87918 6.1559 -3.87918
2.4 3.7 -3.89004 6.27978 -3.89004
2.4 3.8 -3.73494 6.04576 -3.73494
2.4 3.9 -3.42646 5.42092 -3.42646
2.4 4 -2.95194 4.39693 -2.95194
2.4 4.1 -2.26942 3.0212 -2.26942
2.4 4.2 -1.31581 1.43403 -1.31581
2.4 4.3 -0.054437 -0.147289 -0.054437
2.4 4.4 1.43992 -1.53646 1.43992
2.4 4.5 3.06741 -2.55871 3.06741
2.4 4.6 2.12272 -5.72023 2.12272
2.4 4.7 92.2881 82.9094 92.2881
2.4 4.8 -69.1105 -79.6836 -69.1105
2.4 4.9 356.382 346.607 356.382
2.5 0 -35.9331 -44.3582 -35.9331
2.5 0.1 8.18534 0.13088 8.18534
2.5 0.2 -18.1658 -25.5853 -18.1658
2.5 0.3 6.69501 0.348781 6.69501
2.5 0.4 1.68735 -3.09157 1.68735
2.5 0.5 1.64027 -1.1465 1.64027
2.5 0.6 0.14768 -0.355233 0.14768
2.5 0.7 -0.961138 0.901729 -0.961138
2.5 0.8 -1.90833 2.17717 -1.90833
2.5 0.9 -2.59645 3.37594 -2.59645
2.5 1 -3.05048 4.35029 -3.05048
2.5 1.1 -3.30987 5.00116 -3.30987
2.5 1.2 -3.40018 5.28172 -3.40018
2.5 1.3 -3.32469 5.18184 -3.32469
2.5 1.4 -3.0969 4.6839 -3.0969
2.5 1.5 -2.68827 3.81861 -2.68827
2.5 1.6 -2.06641 2.65142 -2.06641
2.5 1.7 -1.20085 1.3042 -1.20085
2.5 1.8 -0.0770118 -0.0425599 -0.0770118
2.5 1.9 1.24469 -1.22178 1.24469
2.5 2 2.61502 -2.15142 2.61502
2.5 2.1 3.85606 -2.82898 3.85606
2.5 2.2 4.83838 -3.28085 4.83838
2.5 2.3 5.47716 -3.5514 5.47716
2.5 2.4 5.76449 -3.64295 5.76449
2.5 2.5 5.6737 -3.58089 5.6737
2.5 2.6 5.21507 -3.35105 5.21507
2.5 2.7 4.37397 -2.96164 4.37397
2.5 2.8 3.21633 -2.35972 3.21633
2.5 2.9 1.82064 -1.53144 1.82064
2.5 3 0.388822 -0.419183 0.388822
2.5 3.1 -0.923133 0.913872 -0.923133
2.5 3.2 -1.98031 2.36133 -1.98031
2.5 3.3 -2.77293 3.72951 -2.77293
2.5 3.4 -3.3323 4.8649 -3.3323
2.5 3.5 -3.69806 5.67612 -3.69806
2.5 3.6 -3.87575 6.15324 -3.87575
2.5 3.7 -3.88734 6.27885 -3.88734
2.5 3.8 -3.73293 6.04652 -3.73293
2.5 3.9 -3.42513 5.42337 -3.42513
2.5 4 -2.95142 4.40104 -2.95142
2.5 4.1 -2.26996 3.02671 -2.26996
2.5 4.2 -1.3178 1.44031 -1.3178
2.5 4.3 -0.0581354 -0.141069 -0.0581354
2.5 4.4 1.43467 -1.53096 1.43467
2.5 4.5 3.06143 -2.55385 3.06143
2.5 4.6 2.11508 -5.71739 2.11508
2.5 4.7 92.2865 82.9178 92.2865
2.5 4.8 -69.1188 -79.6821 -69.1188
2.5 4.9 356.402 346.637 356.402
2.6 0 -35.9356 -44.3593 -35.9356
2.6 0.1 8.18657 0.130313 8.18657
2.6 0.2 -18.1651 -25.5866 -18.1651
2.6 0.3 6.69565 0.347841 6.69565
2.6 0.4 1.68698 -3.09265 1.68698
2.6 0.5 1.63892 -1.14725 1.63892
2.6 0.6 0.145389 -0.355227 0.145389
2.6 0.7 -0.96419 0.902893 -0.96419
2.6 0.8 -1.91192 2.17974 -1.91192
2.6 0.9 -2.6004 3.38004 -2.6004
2.6 1 -3.05474 4.35587 -3.05474
2.6 1.1 -3.31446 5.00822 -3.31446
2.6 1.2 -3.40515 5.29035 -3.40515
2.6 1.3 -3.33019 5.19212 -3.33019
2.6 1.4 -3.10316 4.69583 -3.10316
2.6 1.5 -2.6956 3.8319 -2.6956
2.6 1.6 -2.07527 2.66523 -2.07527
2.6 1.7 -1.21158 1.31721 -1.21158
2.6 1.8 -0.0893746 -0.0315977 -0.0893746
2.6 1.9 1.23162 -1.21358 1.23162
2.6 2 2.60255 -2.146 2.60255
2.6 2.1 3.84533 -2.82589 3.84533
2.6 2.2 4.8301 -3.27948 4.8301
2.6 2.3 5.47156 -3.55133 5.47156
2.6 2.4 5.7616 -3.64387 5.7616
2.6 2.5 5.67353 -3.58263 5.67353
2.6 2.6 5.21762 -3.35354 5.21762
2.6 2.7 4.3791 -2.965 4.3791
2.6 2.8 3.22353 -2.36431 3.22353
2.6 2.9 1.82895 -1.53771 1.82895
2.6 3 0.396984 -0.427419 0.396984
2.6 3.1 -0.916107 0.904014 -0.916107
2.6 3.2 -1.97495 2.35065 -1.97495
2.6 3.3 -2.7691 3.71908 -2.7691
2.6 3.4 -3.32967 4.8555 -3.32967
2.6 3.5 -3.6963 5.66811 -3.6963
2.6 3.6 -3.87463 6.14663 -3.87463
2.6 3.7 -3.88673 6.27353 -3.88673
2.6 3.8 -3.7328 6.04229 -3.7328
2.6 3.9 -3.4254 5.42018 -3.4254
2.6 4 -2.95201 4.3989 -2.95201
2.6 4.1 -2.27087 3.02558 -2.27087
2.6 4.2 -1.31918 1.44 -1.31918
2.6 4.3 -0.0601939 -0.140962 -0.0601939
2.6 4.4 1.43165 -1.53101 1.43165
2.6 4.5 3.05754 -2.55429 3.05754
2.6 4.6 2.1109 -5.7179 2.1109
2.6 4.7 92.2893 82.9241 92.2893
2.6 4.8 -69.1237 -79.6832 -69.1237
2.6 4.9 356.413 346.651 356.413
2.7 0 -35.9417 -44.3586 -35.9417
2.7 0.1 8.18644 0.131805 8.18644
2.7 0.2 -18.1667 -25.5868 -18.1667
2.7 0.3 6.69341 0.34764 6.69341
2.7 0.4 1.68407 -3.09237 1.68407
2.7 0.5 1.63529 -1.1461 1.63529
2.7 0.6 0.141228 -0.352717 0.141228
2.7 0.7 -0.96866 0.907048 -0.96866
2.7 0.8 -1.9165 2.18562 -1.9165
2.7 0.9 -2.60499 3.38755 -2.60499
2.7 1 -3.05941 4.36484 -3.05941
2.7 1.1 -3.31935 5.01851 -3.31935
2.7 1.2 -3.4103 5.30213 -3.4103
2.7 1.3 -3.33584 5.20541 -3.33584
2.7 1.4 -3.10955 4.71064 -3.10955
2.7 1.5 -2.70311 3.84791 -2.70311
2.7 1.6 -2.08443 2.68151 -2.08443
2.7 1.7 -1.22277 1.33238 -1.22277
2.7 1.8 -0.102434 -0.0189365 -0.102434
2.7 1.9 1.21765 -1.20417 1.21765
2.7 2 2.58905 -2.13979 2.58905
2.7 2.1 3.83353 -2.82231 3.83353
2.7 2.2 4.82074 -3.27786 4.82074
2.7 2.3 5.46486 -3.55116 5.46486
2.7 2.4 5.75762 -3.64473 5.75762
2.7 2.5 5.67221 -3.5843 5.67221
2.7 2.6 5.21897 -3.35588 5.21897
2.7 2.7 4.38299 -2.96806 4.38299
2.7 2.8 3.22958 -2.3683 3.22958
2.7 2.9 1.83628 -1.54304 1.83628
2.7 3 0.404475 -0.434311 0.404475
2.7 3.1 -0.909399 0.895801 -0.909399
2.7 3.2 -1.9695 2.34182 -1.9695
2.7 3.3 -2.76486 3.71053 -2.76486
2.7 3.4 -3.32639 4.84782 -3.32639
2.7 3.5 -3.69364 5.66161 -3.69364
2.7 3.6 -3.87243 6.14118 -3.87243
2.7 3.7 -3.88489 6.26883 -3.88489
2.7 3.8 -3.73127 6.03802 -3.73127
2.7 3.9 -3.42403 5.41615 -3.42403
2.7 4 -2.95065 4.39505 -2.95065
2.7 4.1 -2.26936 3.02198 -2.26936
2.7 4.2 -1.31748 1.43677 -1.31748
2.7 4.3 -0.0584428 -0.143769 -0.0584428
2.7 4.4 1.43297 -1.53368 1.43297
2.7 4.5 3.05819 -2.55696 3.05819
2.7 4.6 2.1112 -5.72024 2.1112
2.7 4.7 92.2843 82.9171 92.2843
2.7 4.8 -69.1255 -79.687 -69.1255
2.7 4.9 356.397 346.633 356.397
2.8 0 -35.9522 -44.3576 -35.9522
2.8 0.1 8.18691 0.136457 8.18691
2.8 0.2 -18.1696 -25.5859 -18.1696
2.8 0.3 6.68944 0.348315 6.68944
2.8 0.4 1.67929 -3.09115 1.67929
2.8 0.5 1.62989 -1.14369 1.62989
2.8 0.6 0.135228 -0.348918 0.135228
2.8 0.7 -0.97492 0.912512 -0.97492
2.8 0.8 -1.92279 2.19272 -1.92279
2.8 0.9 -2.61124 3.39606 -2.61124
2.8 1 -3.06573 4.37448 -3.06573
2.8 1.1 -3.32588 5.02919 -3.32588
2.8 1.2 -3.41705 5.31406 -3.41705
2.8 1.3 -3.34299 5.21872 -3.34299
2.8 1.4 -3.11732 4.72539 -3.11732
2.8 1.5 -2.7118 3.86387 -2.7118
2.8 1.6 -2.09456 2.69778 -2.09456
2.8 1.7 -1.23475 1.34753 -1.23475
2.8 1.8 -0.116064 -0.0062482 -0.116064
2.8 1.9 1.20333 -1.19466 1.20333
2.8 2 2.57538 -2.1334 2.57538
2.8 2.1 3.82167 -2.8185 3.82167
2.8 2.2 4.81143 -3.27589 4.81143
2.8 2.3 5.4582 -3.55055 5.4582
2.8 2.4 5.7536 -3.6451 5.7536
2.8 2.5 5.67068 -3.58545 5.67068
2.8 2.6 5.21986 -3.35769 5.21986
2.8 2.7 4.38614 -2.97057 4.38614
2.8 2.8 3.23459 -2.37172 3.23459
2.8 2.9 1.84243 -1.54768 1.84243
2.8 3 0.41066 -0.440529 0.41066
2.8 3.1 -0.903936 0.888269 -0.903936
2.8 3.2 -1.96526 2.33347 -1.96526
2.8 3.3 -2.76177 3.70212 -2.76177
2.8 3.4 -3.32424 4.83982 -3.32424
2.8 3.5 -3.69208 5.65426 -3.69208
2.8 3.6 -3.87124 6.13435 -3.87124
2.8 3.7 -3.88383 6.2623 -3.88383
2.8 3.8 -3.73025 6.03136 -3.73025
2.8 3.9 -3.42281 5.40914 -3.42281
2.8 4 -2.94893 4.38765 -2.94893
2.8 4.1 -2.26677 3.01444 -2.26677
2.8 4.2 -1.31379 1.42952 -1.31379
2.8 4.3 -0.0536355 -0.150191 -0.0536355
2.8 4.4 1.43845 -1.53907 1.43845
2.8 4.5 3.06394 -2.56117 3.06394
2.8 4.6 2.11688 -5.72342 2.11688
2.8 4.7 92.2814 82.9066 92.2814
2.8 4.8 -69.1198 -79.6889 -69.1198
2.8 4.9 356.377 346.607 356.377
2.9 0 -35.9696 -44.3602 -35.9696
2.9 0.1 8.19074 0.146052 8.19074
2.9 0.2 -18.1726 -25.5835 -18.1726
2.9 0.3 6.68624 0.351221 6.68624
2.9 0.4 1.67478 -3.08803 1.67478
2.9 0.5 1.62451 -1.13949 1.62451
2.9 0.6 0.129008 -0.343486 0.129008
2.9 0.7 -0.981571 0.919384 -0.981571
2.9 0.8 -1.9296 2.20092 -1.9296
2.9 0.9 -2.61808 3.4053 -2.61808
2.9 1 -3.07271 4.38447 -3.07271
2.9 1.1 -3.33311 5.03983 -3.33311
2.9 1.2 -3.42442 5.32571 -3.42442
2.9 1.3 -3.35065 5.23154 -3.35065
2.9 1.4 -3.12541 4.73955 -3.12541
2.9 1.5 -2.72053 3.87925 -2.72053
2.9 1.6 -2.10438 2.71354 -2.10438
2.9 1.7 -1.24597 1.36239 -1.24597
2.9 1.8 -0.128461 0.00647073 -0.128461
2.9 1.9 1.19069 -1.18471 1.19069
2.9 2 2.56379 -2.12613 2.56379
2.9 2.1 3.81219 -2.81336 3.81219
2.9 2.2 4.80462 -3.27224 4.80462
2.9 2.3 5.45402 -3.54803 5.45402
2.9 2.4 5.75193 -3.64337 5.75193
2.9 2.5 5.6712 -3.58445 5.6712
2.9 2.6 5.22235 -3.35741 5.22235
2.9 2.7 4.39036 -2.9711 4.39036
2.9 2.8 3.24013 -2.37326 3.24013
2.9 2.9 1.84847 -1.55072 1.84847
2.9 3 0.416509 -0.445159 0.416509
2.9 3.1 -0.898987 0.882135 -0.898987
2.9 3.2 -1.9616 2.3262 -1.9616
2.9 3.3 -2.7593 3.69434 -2.7593
2.9 3.4 -3.32272 4.8319 -3.32272
2.9 3.5 -3.6911 5.64644 -3.6911
2.9 3.6 -3.87052 6.12652 -3.87052
2.9 3.7 -3.88309 6.2542 -3.88309
2.9 3.8 -3.7293 6.02261 -3.7293
2.9 3.9 -3.42126 5.39956 -3.42126
2.9 4 -2.94633 4.37724 -2.94633
2.9 4.1 -2.26254 3.00363 -2.26254
2.9 4.2 -1.30748 1.41909 -1.30748
2.9 4.3 -0.0450302 -0.15921 -0.0450302
2.9 4.4 1.44888 -1.54608 1.44888
2.9 4.5 3.07542 -2.56605 3.07542
2.9 4.6 2.12846 -5.72674 2.12846
2.9 4.7 92.2851 82.897 92.2851
2.9 4.8 -69.1081 -79.6903 -69.1081
2.9 4.9 356.367 346.584 356.367
3 0 -35.9971 -44.371 -35.9971
3 0.1 8.19765 0.159535 8.19765
3 0.2 -18.1778 -25.5826 -18.1778
3 0.3 6.68061 0.35255 6.68061
3 0.4 1.66708 -3.08711 1.66708
3 0.5 1.61577 -1.13754 1.61577
3 0.6 0.119088 -0.340567 0.119088
3 0.7 -0.992131 0.923508 -0.992131
3 0.8 -1.94044 2.20611 -1.94044
3 0.9 -2.62901 3.41125 -2.62901
3 1 -3.08378 4.39088 -3.08378
3 1.1 -3.34438 5.04661 -3.34438
3 1.2 -3.43577 5.33319 -3.43577
3 1.3 -3.36218 5.23993 -3.36218
3 1.4 -3.1372 4.74904 -3.1372
3 1.5 -2.73273 3.88976 -2.73273
3 1.6 -2.11732 2.72436 -2.11732
3 1.7 -1.25989 1.3724 -1.25989
3 1.8 -0.143052 0.0146322 -0.143052
3 1.9 1.17634 -1.17886 1.17634
3 2 2.55084 -2.12241 2.55084
3 2.1 3.80147 -2.81131 3.80147
3 2.2 4.79659 -3.27125 4.79659
3 2.3 5.44845 -3.54788 5.44845
3 2.4 5.74859 -3.64381 5.74859
3 2.5 5.66965 -3.58553 5.66965
3 2.6 5.2223 -3.35916 5.2223
3 2.7 4.39146 -2.97368 4.39146
3 2.8 3.24196 -2.37692 3.24196
3 2.9 1.85033 -1.55586 1.85033
3 3 0.417797 -0.451928 0.417797
3 3.1 -0.898719 0.873835 -0.898719
3 3.2 -1.96261 2.31661 -1.96261
3 3.3 -2.76141 3.68394 -2.76141
3 3.4 -3.32566 4.82096 -3.32566
3 3.5 -3.69448 5.63511 -3.69448
3 3.6 -3.87403 6.11467 -3.87403
3 3.7 -3.88635 6.24166 -3.88635
3 3.8 -3.73216 6.00889 -3.73216
3 3.9 -3.42327 5.38443 -3.42327
3 4 -2.94693 4.36074 -2.94693
3 4.1 -2.26094 2.98635 -2.26094
3 4.2 -1.303 1.40214 -1.303
3 4.3 -0.0372928 -0.174389 -0.0372928
3 4.4 1.45931 -1.55862 1.45931
3 4.5 3.08709 -2.57616 3.08709
3 4.6 2.14002 -5.73514 2.14002
3 4.7 92.2942 82.8884 92.2942
3 4.8 -69.0949 -79.6945 -69.0949
3 4.9 356.36 346.561 356.36
3.1 0 -36.0327 -44.3897 -36.0327
3.1 0.1 8.21161 0.180093 8.21161
3.1 0.2 -18.1797 -25.5782 -18.1797
3.1 0.3 6.68035 0.359572 6.68035
3.1 0.4 1.66497 -3.08011 1.66497
3.1 0.5 1.61269 -1.12926 1.61269
3.1 0.6 0.115171 -0.330851 0.115171
3.1 0.7 -0.996301 0.93487 -0.996301
3.1 0.8 -1.94444 2.21894 -1.94444
3.1 0.9 -2.63263 3.42517 -2.63263
3.1 1 -3.08709 4.40544 -3.08709
3.1 1.1 -3.34758 5.06156 -3.34758
3.1 1.2 -3.43882 5.34868 -3.43882
3.1 1.3 -3.36534 5.25596 -3.36534
3.1 1.4 -3.14064 4.76562 -3.14064
3.1 1.5 -2.73667 3.90669 -2.73667
3.1 1.6 -2.12213 2.7409 -2.12213
3.1 1.7 -1.26573 1.38757 -1.26573
3.1 1.8 -0.149593 0.0276372 -0.149593
3.1 1.9 1.16992 -1.16831 1.16992
3.1 2 2.54558 -2.114 2.54558
3.1 2.1 3.79805 -2.80452 3.79805
3.1 2.2 4.79535 -3.26547 4.79535
3.1 2.3 5.44913 -3.54288 5.44913
3.1 2.4 5.75101 -3.63927 5.75101
3.1 2.5 5.67343 -3.58144 5.67343
3.1 2.6 5.22715 -3.35551 5.22715
3.1 2.7 4.39715 -2.97048 4.39715
3.1 2.8 3.24816 -2.37429 3.24816
3.1 2.9 1.85655 -1.55405 1.85655
3.1 3 0.423734 -0.450959 0.423734
3.1 3.1 -0.893249 0.874074 -0.893249
3.1 3.2 -1.9577 2.31622 -1.9577
3.1 3.3 -2.75689 3.68314 -2.75689
3.1 3.4 -3.32133 4.8198 -3.32133
3.1 3.5 -3.69009 5.63352 -3.69009
3.1 3.6 -3.86938 6.11237 -3.86938
3.1 3.7 -3.88131 6.23819 -3.88131
3.1 3.8 -3.72664 6.00365 -3.72664
3.1 3.9 -3.41694 5.37699 -3.41694
3.1 4 -2.93927 4.35102 -2.93927
3.1 4.1 -2.25114 2.97491 -2.25114
3.1 4.2 -1.29027 1.39025 -1.29027
3.1 4.3 -0.0211718 -0.185005 -0.0211718
3.1 4.4 1.47815 -1.56691 1.47815
3.1 4.5 3.10701 -2.58221 3.10701
3.1 4.6 2.16067 -5.73841 2.16067
3.1 4.7 92.3098 82.8826 92.3098
3.1 4.8 -69.0747 -79.6952 -69.0747
3.1 4.9 356.355 346.536 356.355
3.2 0 -36.0734 -44.4154 -36.0734
3.2 0.1 8.2268 0.200891 8.2268
3.2 0.2 -18.1836 -25.5766 -18.1836
3.2 0.3 6.67696 0.36294 6.67696
3.2 0.4 1.65979 -3.07647 1.65979
3.2 0.5 1.60662 -1.12405 1.60662
3.2 0.6 0.108416 -0.323876 0.108416
3.2 0.7 -1.00297 0.94393 -1.00297
3.2 0.8 -1.95054 2.22986 -1.95054
3.2 0.9 -2.63794 3.43747 -2.63794
3.2 1 -3.09177 4.41851 -3.09177
3.2 1.1 -3.35181 5.07502 -3.35181
3.2 1.2 -3.44274 5.36244 -3.44274
3.2 1.3 -3.36923 5.26988 -3.36923
3.2 1.4 -3.14479 4.77952 -3.14479
3.2 1.5 -2.74134 3.92024 -2.74134
3.2 1.6 -2.12766 2.75338 -2.12766
3.2 1.7 -1.27225 1.39812 -1.27225
3.2 1.8 -0.156783 0.0356798 -0.156783
3.2 1.9 1.16278 -1.16283 1.16278
3.2 2 2.53936 -2.11064 2.53936
3.2 2.1 3.7932 -2.80273 3.7932
3.2 2.2 4.7921 -3.26461 4.7921
3.2 2.3 5.44719 -3.54271 5.44719
3.2 2.4 5.75024 -3.63942 5.75024
3.2 2.5 5.67348 -3.58182 5.67348
3.2 2.6 5.2278 -3.35598 5.2278
3.2 2.7 4.39819 -2.97099 4.39819
3.2 2.8 3.24942 -2.37478 3.24942
3.2 2.9 1.85778 -1.55456 1.85778
3.2 3 0.424919 -0.451411 0.424919
3.2 3.1 -0.892011 0.87379 -0.892011
3.2 3.2 -1.95634 2.31603 -1.95634
3.2 3.3 -2.75526 3.68295 -2.75526
3.2 3.4 -3.31934 4.81933 -3.31934
3.2 3.5 -3.68763 5.63249 -3.68763
3.2 3.6 -3.86639 6.11034 -3.86639
3.2 3.7 -3.87767 6.23468 -3.87767
3.2 3.8 -3.72242 5.9979 -3.72242
3.2 3.9 -3.4119 5.36846 -3.4119
3.2 4 -2.93302 4.33943 -2.93302
3.2 4.1 -2.24288 2.96075 -2.24288
3.2 4.2 -1.27919 1.37481 -1.27919
3.2 4.3 -0.00683932 -0.199954 -0.00683932
3.2 4.4 1.49504 -1.58014 1.49504
3.2 4.5 3.12516 -2.59323 3.12516
3.2 4.6 2.18087 -5.7455 2.18087
3.2 4.7 92.3211 82.8688 92.3211
3.2 4.8 -69.0525 -79.6975 -69.0525
3.2 4.9 356.33 346.487 356.33
3.3 0 -36.112 -44.4425 -36.112
3.3 0.1 8.24202 0.219632 8.24202
3.3 0.2 -18.1875 -25.5768 -18.1875
3.3 0.3 6.67253 0.363558 6.67253
3.3 0.4 1.65338 -3.07556 1.65338
3.3 0.5 1.59898 -1.12169 1.59898
3.3 0.6 0.10003 -0.319582 0.10003
3.3 0.7 -1.01126 0.95051 -1.01126
3.3 0.8 -1.95813 2.23853 -1.95813
3.3 0.9 -2.64457 3.44765 -2.64457
3.3 1 -3.09752 4.42953 -3.09752
3.3 1.1 -3.35691 5.08633 -3.35691
3.3 1.2 -3.44736 5.37381 -3.44736
3.3 1.3 -3.37367 5.28098 -3.37367
3.3 1.4 -3.14934 4.79005 -3.14934
3.3 1.5 -2.74623 3.92979 -2.74623
3.3 1.6 -2.13314 2.76128 -2.13314
3.3 1.7 -1.27831 1.40378 -1.27831
3.3 1.8 -0.163008 0.0388564 -0.163008
3.3 1.9 1.15697 -1.16194 1.15697
3.3 2 2.53457 -2.11143 2.53457
3.3 2.1 3.78961 -2.80466 3.78961
3.3 2.2 4.78969 -3.26714 4.78969
3.3 2.3 5.44554 -3.54565 5.44554
3.3 2.4 5.74916 -3.64243 5.74916
3.3 2.5 5.67258 -3.58484 5.67258
3.3 2.6 5.22681 -3.35891 5.22681
3.3 2.7 4.39692 -2.97368 4.39692
3.3 2.8 3.24773 -2.37707 3.24773
3.3 2.9 1.8556 -1.55638 1.8556
3.3 3 0.422542 -0.452491 0.422542
3.3 3.1 -0.89419 0.873544 -0.89419
3.3 3.2 -1.95805 2.31639 -1.95805
3.3 3.3 -2.75629 3.68355 -2.75629
3.3 3.4 -3.31963 4.81969 -3.31963
3.3 3.5 -3.68718 5.63209 -3.68718
3.3 3.6 -3.86516 6.10869 -3.86516
3.3 3.7 -3.87568 6.23119 -3.87568
3.3 3.8 -3.71972 5.99181 -3.71972
3.3 3.9 -3.40834 5.35913 -3.40834
3.3 4 -2.92816 4.32656 -2.92816
3.3 4.1 -2.23595 2.94475 -2.23595
3.3 4.2 -1.26929 1.35701 -1.26929
3.3 4.3 0.00650477 -0.217691 0.00650477
3.3 4.4 1.5112 -1.59639 1.5112
3.3 4.5 3.14306 -2.60717 3.14306
3.3 4.6 2.20206 -5.75452 2.20206
3.3 4.7 92.331 82.85 92.331
3.3 4.8 -69.0293 -79.7022 -69.0293
3.3 4.9 356.301 346.43 356.301
3.4 0 -36.1423 -44.4659 -36.1423
3.4 0.1 8.25849 0.236907 8.25849
3.4 0.2 -18.188 -25.5761 -18.188
3.4 0.3 6.67293 0.366734 6.67293
3.4 0.4 1.65126 -3.07246 1.65126
3.4 0.5 1.59523 -1.11731 1.59523
3.4 0.6 0.0950204 -0.313525 0.0950204
3.4 0.7 -1.01662 0.958655 -1.01662
3.4 0.8 -1.96324 2.2485 -1.96324
3.4 0.9 -2.64909 3.45884 -2.64909
3.4 1 -3.10141 4.44121 -3.10141
3.4 1.1 -3.36025 5.09797 -3.36025
3.4 1.2 -3.45019 5.38507 -3.45019
3.4 1.3 -3.37611 5.29159 -3.37611
3.4 1.4 -3.15149 4.79968 -3.15149
3.4 1.5 -2.74815 3.93806 -2.74815
3.4 1.6 -2.13482 2.76773 -2.13482
3.4 1.7 -1.27955 1.4081 -1.27955
3.4 1.8 -0.163403 0.0411584 -0.163403
3.4 1.9 1.15783 -1.16121 1.15783
3.4 2 2.53681 -2.11168 2.53681
3.4 2.1 3.79295 -2.80546 3.79295
3.4 2.2 4.79375 -3.26814 4.79375
3.4 2.3 5.44976 -3.54673 5.44976
3.4 2.4 5.75326 -3.64335 5.75326
3.4 2.5 5.6762 -3.58552 5.6762
3.4 2.6 5.2297 -3.35918 5.2297
3.4 2.7 4.3988 -2.9734 4.3988
3.4 2.8 3.24844 -2.37607 3.24844
3.4 2.9 1.85515 -1.55449 1.85515
3.4 3 0.421334 -0.449496 0.421334
3.4 3.1 -0.895582 0.877655 -0.895582
3.4 3.2 -1.95921 2.32118 -1.95921
3.4 3.3 -2.75698 3.68837 -2.75698
3.4 3.4 -3.31977 4.82382 -3.31977
3.4 3.5 -3.68672 5.63496 -3.68672
3.4 3.6 -3.86401 6.10986 -3.86401
3.4 3.7 -3.87366 6.23024 -3.87366
3.4 3.8 -3.71674 5.98811 -3.71674
3.4 3.9 -3.4041 5.35219 -3.4041
3.4 4 -2.92218 4.31606 -2.92218
3.4 4.1 -2.22731 2.93115 -2.22731
3.4 4.2 -1.25705 1.34162 -1.25705
3.4 4.3 0.0229934 -0.232839 0.0229934
3.4 4.4 1.53114 -1.60999 1.53114
3.4 4.5 3.16475 -2.61884 3.16475
3.4 4.6 2.22629 -5.76229 2.22629
3.4 4.7 92.3489 82.8377 92.3489
3.4 4.8 -69.0046 -79.7073 -69.0046
3.4 4.9 356.284 346.384 356.284
3.5 0 -36.1606 -44.4827 -36.1606
3.5 0.1 8.27214 0.248209 8.27214
3.5 0.2 -18.1872 -25.5768 -18.1872
3.5 0.3 6.67308 0.367037 6.67308
3.5 0.4 1.64856 -3.07235 1.64856
3.5 0.5 1.59039 -1.11612 1.59039
3.5 0.6 0.0885799 -0.310627 0.0885799
3.5 0.7 -1.02375 0.963664 -1.02375
3.5 0.8 -1.97029 2.25542 -1.97029
3.5 0.9 -2.65564 3.46701 -2.65564
3.5 1 -3.10732 4.44984 -3.10732
3.5 1.1 -3.36554 5.10636 -3.36554
3.5 1.2 -3.45485 5.39278 -3.45485
3.5 1.3 -3.3802 5.29817 -3.3802
3.5 1.4 -3.15503 4.8047 -3.15503
3.5 1.5 -2.75104 3.94111 -2.75104
3.5 1.6 -2.13689 2.76843 -2.13689
3.5 1.7 -1.28036 1.40651 -1.28036
3.5 1.8 -0.162392 0.0378269 -0.162392
3.5 1.9 1.1609 -1.1655 1.1609
3.5 2 2.54176 -2.11615 2.54176
3.5 2.1 3.79909 -2.80973 3.79909
3.5 2.2 4.80033 -3.27199 4.80033
3.5 2.3 5.45601 -3.55023 5.45601
3.5 2.4 5.75877 -3.64637 5.75877
3.5 2.5 5.6805 -3.58803 5.6805
3.5 2.6 5.23237 -3.36115 5.23237
3.5 2.7 4.39951 -2.97469 4.39951
3.5 2.8 3.247 -2.37642 3.247
3.5 2.9 1.85165 -1.55365 1.85165
3.5 3 0.416494 -0.447031 0.416494
3.5 3.1 -0.900876 0.881779 -0.900876
3.5 3.2 -1.96427 2.32644 -1.96427
3.5 3.3 -2.76144 3.69386 -2.76144
3.5 3.4 -3.32354 4.82861 -3.32354
3.5 3.5 -3.68981 5.6383 -3.68981
3.5 3.6 -3.86632 6.11125 -3.86632
3.5 3.7 -3.87505 6.22925 -3.87505
3.5 3.8 -3.71707 5.98422 -3.71707
3.5 3.9 -3.40309 5.34486 -3.40309
3.5 4 -2.91927 4.30501 -2.91927
3.5 4.1 -2.22161 2.91674 -2.22161
3.5 4.2 -1.24742 1.32521 -1.24742
3.5 4.3 0.0373706 -0.249127 0.0373706
3.5 4.4 1.54971 -1.6246 1.54971
3.5 4.5 3.18588 -2.63128 3.18588
3.5 4.6 2.25093 -5.77016 2.25093
3.5 4.7 92.3667 82.8247 92.3667
3.5 4.8 -68.9787 -79.7118 -68.9787
3.5 4.9 356.27 346.34 356.27
3.6 0 -36.1669 -44.493 -36.1669
3.6 0.1 8.2824 0.252754 8.2824
3.6 0.2 -18.1854 -25.5796 -18.1854
3.6 0.3 6.67291 0.364329 6.67291
3.6 0.4 1.64552 -3.07492 1.64552
3.6 0.5 1.58503 -1.11737 1.58503
3.6 0.6 0.0813996 -0.309917 0.0813996
3.6 0.7 -1.03178 0.966779 -1.03178
3.6 0.8 -1.97833 2.26072 -1.97833
3.6 0.9 -2.66315 3.47378 -2.66315
3.6 1 -3.11412 4.45714 -3.11412
3.6 1.1 -3.37158 5.11333 -3.37158
3.6 1.2 -3.46018 5.3987 -3.46018
3.6 1.3 -3.38481 5.30245 -3.38481
3.6 1.4 -3.15887 4.80673 -3.15887
3.6 1.5 -2.75399 3.94032 -2.75399
3.6 1.6 -2.13855 2.76458 -2.13855
3.6 1.7 -1.28014 1.39987 -1.28014
3.6 1.8 -0.159682 0.02932 -0.159682
3.6 1.9 1.1663 -1.17467 1.1663
3.6 2 2.54926 -2.1251 2.54926
3.6 2.1 3.80765 -2.81803 3.80765
3.6 2.2 4.80886 -3.27956 4.80886
3.6 2.3 5.46364 -3.55709 5.46364
3.6 2.4 5.76493 -3.6525 5.76493
3.6 2.5 5.68471 -3.59341 5.68471
3.6 2.6 5.2342 -3.36566 5.2342
3.6 2.7 4.39853 -2.97816 4.39853
3.6 2.8 3.24299 -2.37852 3.24299
3.6 2.9 1.84499 -1.55378 1.84499
3.6 3 0.408105 -0.444658 0.408105
3.6 3.1 -0.909717 0.886796 -0.909717
3.6 3.2 -1.97263 2.33341 -1.97263
3.6 3.3 -2.76891 3.70157 -2.76891
3.6 3.4 -3.33011 4.83578 -3.33011
3.6 3.5 -3.69554 5.64398 -3.69554
3.6 3.6 -3.87119 6.11483 -3.87119
3.6 3.7 -3.87894 6.23034 -3.87894
3.6 3.8 -3.71988 5.98226 -3.71988
3.6 3.9 -3.40456 5.33931 -3.40456
3.6 4 -2.91899 4.29542 -2.91899
3.6 4.1 -2.21868 2.90335 -2.21868
3.6 4.2 -1.24071 1.3092 -1.24071
3.6 4.3 0.0488298 -0.265675 0.0488298
3.6 4.4 1.56568 -1.63994 1.56568
3.6 4.5 3.20468 -2.64496 3.20468
3.6 4.6 2.27178 -5.78142 2.27178
3.6 4.7 92.3798 82.8071 92.3798
3.6 4.8 -68.9545 -79.7183 -68.9545
3.6 4.9 356.25 346.291 356.25
3.7 0 -36.1598 -44.4955 -36.1598
3.7 0.1 8.29119 0.252378 8.29119
3.7 0.2 -18.1787 -25.5803 -18.1787
3.7 0.3 6.67772 0.363972 6.67772
3.7 0.4 1.64774 -3.07439 1.64774
3.7 0.5 1.58467 -1.11522 1.58467
3.7 0.6 0.0790515 -0.305327 0.0790515
3.7 0.7 -1.03507 0.974285 -1.03507
3.7 0.8 -1.98149 2.27104 -1.98149
3.7 0.9 -2.66556 3.48606 -2.66556
3.7 1 -3.11554 4.47025 -3.11554
3.7 1.1 -3.37205 5.12611 -3.37205
3.7 1.2 -3.45973 5.41021 -3.45973
3.7 1.3 -3.38351 5.31175 -3.38351
3.7 1.4 -3.15672 4.81296 -3.15672
3.7 1.5 -2.75074 3.94281 -2.75074
3.7 1.6 -2.13374 2.76301 -2.13374
3.7 1.7 -1.27293 1.39481 -1.27293
3.7 1.8 -0.149313 0.0221182 -0.149313
3.7 1.9 1.17987 -1.18249 1.17987
3.7 2 2.56527 -2.13232 2.56527
3.7 2.1 3.82464 -2.8242 3.82464
3.7 2.2 4.82546 -3.28461 4.82546
3.7 2.3 5.47877 -3.56116 5.47877
3.7 2.4 5.77794 -3.65558 5.77794
3.7 2.5 5.69508 -3.59544 5.69508
3.7 2.6 5.24136 -3.36656 5.24136
3.7 2.7 4.40199 -2.97767 4.40199
3.7 2.8 3.2426 -2.37608 3.2426
3.7 2.9 1.84117 -1.54865 1.84117
3.7 3 0.402234 -0.43595 0.402234
3.7 3.1 -0.916029 0.899309 -0.916029
3.7 3.2 -1.97809 2.349 -1.97809
3.7 3.3 -2.77297 3.71876 -2.77297
3.7 3.4 -3.33278 4.85296 -3.33278
3.7 3.5 -3.69707 5.65986 -3.69707
3.7 3.6 -3.8717 6.12865 -3.8717
3.7 3.7 -3.87847 6.24155 -3.87847
3.7 3.8 -3.71839 5.99034 -3.71839
3.7 3.9 -3.40195 5.34356 -3.40195
3.7 4 -2.91489 4.2953 -2.91489
3.7 4.1 -2.21237 2.89882 -2.21237
3.7 4.2 -1.23097 1.30128 -1.23097
3.7 4.3 0.0630569 -0.275095 0.0630569
3.7 4.4 1.58458 -1.64887 1.58458
3.7 4.5 3.22726 -2.65226 3.22726
3.7 4.6 2.29835 -5.78517 2.29835
3.7 4.7 92.395 82.7925 92.395
3.7 4.8 -68.926 -79.7197 -68.926
3.7 4.9 356.233 346.244 356.233
3.8 0 -36.1408 -44.4919 -36.1408
3.8 0.1 8.29594 0.244505 8.29594
3.8 0.2 -18.1703 -25.5826 -18.1703
3.8 0.3 6.68307 0.361552 6.68307
3.8 0.4 1.6504 -3.07557 1.6504
3.8 0.5 1.5841 -1.11481 1.5841
3.8 0.6 0.0758984 -0.302414 0.0758984
3.8 0.7 -1.0396 0.980342 -1.0396
3.8 0.8 -1.98619 2.28013 -1.98619
3.8 0.9 -2.66961 3.49734 -2.66961
3.8 1 -3.11864 4.4824 -3.11864
3.8 1.1 -3.37411 5.13786 -3.37411
3.8 1.2 -3.46083 5.42031 -3.46083
3.8 1.3 -3.38363 5.31914 -3.38363
3.8 1.4 -3.15575 4.81662 -3.15575
3.8 1.5 -2.74842 3.94181 -2.74842
3.8 1.6 -2.12931 2.75722 -2.12931
3.8 1.7 -1.26536 1.38501 -1.26536
3.8 1.8 -0.137678 0.0100899 -0.137678
3.8 1.9 1.1957 -1.19468 1.1957
3.8 2 2.58406 -2.14342 2.58406
3.8 2.1 3.84464 -2.83363 3.84464
3.8 2.2 4.84484 -3.29249 4.84484
3.8 2.3 5.49632 -3.56761 5.49632
3.8 2.4 5.79276 -3.66076 5.79276
3.8 2.5 5.70651 -3.5994 5.70651
3.8 2.6 5.24877 -3.36917 5.24877
3.8 2.7 4.40471 -2.97868 4.40471
3.8 2.8 3.2403 -2.37495 3.2403
3.8 2.9 1.83453 -1.54425 1.83453
3.8 3 0.392772 -0.427257 0.392772
3.8 3.1 -0.926202 0.91276 -0.926202
3.8 3.2 -1.98742 2.36637 -1.98742
3.8 3.3 -2.78074 3.73833 -2.78074
3.8 3.4 -3.33906 4.87279 -3.33906
3.8 3.5 -3.70208 5.67854 -3.70208
3.8 3.6 -3.87564 6.14528 -3.87564
3.8 3.7 -3.8814 6.25559 -3.8814
3.8 3.8 -3.72039 6.0012 -3.72039
3.8 3.9 -3.40295 5.35058 -3.40295
3.8 4 -2.91466 4.29777 -2.91466
3.8 4.1 -2.21016 2.89656 -2.21016
3.8 4.2 -1.22568 1.29495 -1.22568
3.8 4.3 0.0726133 -0.283804 0.0726133
3.8 4.4 1.59891 -1.65792 1.59891
3.8 4.5 3.24552 -2.66047 3.24552
3.8 4.6 2.32004 -5.79131 2.32004
3.8 4.7 92.4089 82.7787 92.4089
3.8 4.8 -68.8993 -79.721 -68.8993
3.8 4.9 356.206 346.19 356.206
3.9 0 -36.1087 -44.4811 -36.1087
3.9 0.1 8.29604 0.22835 8.29604
3.9 0.2 -18.1597 -25.5856 -18.1597
3.9 0.3 6.6897 0.357521 6.6897
3.9 0.4 1.6541 -3.07806 1.6541
3.9 0.5 1.58371 -1.11596 1.58371
3.9 0.6 0.072074 -0.30119 0.072074
3.9 0.7 -1.04562 0.984583 -1.04562
3.9 0.8 -1.99283 2.2875 -1.99283
3.9 0.9 -2.67594 3.50688 -2.67594
3.9 1 -3.12417 4.49275 -3.12417
3.9 1.1 -3.37868 5.14756 -3.37868
3.9 1.2 -3.46436 5.42807 -3.46436
3.9 1.3 -3.38602 5.32373 -3.38602
3.9 1.4 -3.15681 4.81686 -3.15681
3.9 1.5 -2.74757 3.93691 -2.74757
3.9 1.6 -2.12562 2.74702 -2.12562
3.9 1.7 -1.25743 1.37069 -1.25743
3.9 1.8 -0.124362 -0.00613869 -0.124362
3.9 1.9 1.21438 -1.21047 1.21438
3.9 2 2.6068 -2.1571 2.6068
3.9 2.1 3.86915 -2.84475 3.86915
3.9 2.2 4.86894 -3.30124 4.86894
3.9 2.3 5.51837 -3.57442 5.51837
3.9 2.4 5.81163 -3.66598 5.81163
3.9 2.5 5.72138 -3.60316 5.72138
3.9 2.6 5.25865 -3.3716 5.25865
3.9 2.7 4.40868 -2.97964 4.40868
3.9 2.8 3.23796 -2.37376 3.23796
3.9 2.9 1.82641 -1.53979 1.82641
3.9 3 0.380771 -0.418153 0.380771
3.9 3.1 -0.939732 0.927024 -0.939732
3.9 3.2 -2.00043 2.38508 -2.00043
3.9 3.3 -2.79231 3.7596 -2.79231
3.9 3.4 -3.34914 4.89452 -3.34914
3.9 3.5 -3.71093 5.69912 -3.71093
3.9 3.6 -3.88349 6.16379 -3.88349
3.9 3.7 -3.88836 6.2715 -3.88836
3.9 3.8 -3.72636 6.01414 -3.72636
3.9 3.9 -3.40796 5.35988 -3.40796
3.9 4 -2.9184 4.30277 -2.9184
3.9 4.1 -2.212 2.89686 -2.212
3.9 4.2 -1.22434 1.29113 -1.22434
3.9 4.3 0.0783967 -0.290331 0.0783967
3.9 4.4 1.61006 -1.66498 1.61006
3.9 4.5 3.26202 -2.66618 3.26202
3.9 4.6 2.3426 -5.79315 2.3426
3.9 4.7 92.4238 82.768 92.4238
3.9 4.8 -68.8721 -79.7195 -68.8721
3.9 4.9 356.194 346.152 356.194
4 0 -36.065 -44.4644 -36.065
4 0.1 8.29172 0.20431 8.29172
4 0.2 -18.1477 -25.5903 -18.1477
4 0.3 6.69781 0.352472 6.69781
4 0.4 1.65919 -3.08116 1.65919
4 0.5 1.58399 -1.11776 1.58399
4 0.6 0.0683484 -0.300414 0.0683484
4 0.7 -1.05189 0.988763 -1.05189
4 0.8 -2.00012 2.295 -2.00012
4 0.9 -2.68309 3.51676 -2.68309
4 1 -3.13061 4.50348 -3.13061
4 1.1 -3.38414 5.15759 -3.38414
4 1.2 -3.46881 5.43579 -3.46881
4 1.3 -3.38923 5.32785 -3.38923
4 1.4 -3.15842 4.8161 -3.15842
4 1.5 -2.74709 3.93018 -2.74709
4 1.6 -2.12177 2.73437 -2.12177
4 1.7 -1.24865 1.35341 -1.24865
4 1.8 -0.109343 -0.0254878 -0.109343
4 1.9 1.23573 -1.22908 1.23573
4 2 2.63266 -2.17335 2.63266
4 2.1 3.89703 -2.85804 3.89703
4 2.2 4.89616 -3.312 4.89616
4 2.3 5.54326 -3.58294 5.54326
4 2.4 5.83285 -3.67275 5.83285
4 2.5 5.73796 -3.60838 5.73796
4 2.6 5.2696 -3.37529 5.2696
4 2.7 4.41295 -2.98159 4.41295
4 2.8 3.2349 -2.37336 3.2349
4 2.9 1.8168 -1.5355 1.8168
4 3 0.366553 -0.408501 0.366553
4 3.1 -0.95573 0.942828 -0.95573
4 3.2 -2.01604 2.40613 -2.01604
4 3.3 -2.80648 3.78379 -2.80648
4 3.4 -3.36184 4.91944 -3.36184
4 3.5 -3.72241 5.72305 -3.72241
4 3.6 -3.89396 6.18578 -3.89396
4 3.7 -3.89792 6.29105 -3.89792
4 3.8 -3.73513 6.03078 -3.73513
4 3.9 -3.41589 5.37306 -3.41589
4 4 -2.92538 4.31166 -2.92538
4 4.1 -2.21741 2.90091 -2.21741
4 4.2 -1.2271 1.29043 -1.2271
4 4.3 0.0796753 -0.294572 0.0796753
4 4.4 1.61654 -1.67072 1.61654
4 4.5 3.27349 -2.67194 3.27349
4 4.6 2.35749 -5.79868 2.35749
4 4.7 92.435 82.7572 92.435
4 4.8 -68.8521 -79.7221 -68.8521
4 4.9 356.179 346.115 356.179
4.1 0 -36.0114 -44.4435 -36.0114
4.1 0.1 8.28068 0.170069 8.28068
4.1 0.2 -18.1367 -25.5989 -18.1367
4.1 0.3 6.70248 0.341413 6.70248
4.1 0.4 1.66087 -3.08965 1.66087
4.1 0.5 1.58019 -1.12487 1.58019
4.1 0.6 0.0602347 -0.304438 0.0602347
4.1 0.7 -1.0629 0.988591 -1.0629
4.1 0.8 -2.01204 2.29889 -2.01204
4.1 0.9 -2.69477 3.52352 -2.69477
4.1 1 -3.14137 4.51142 -3.14137
4.1 1.1 -3.3938 5.16486 -3.3938
4.1 1.2 -3.47728 5.44069 -3.47728
4.1 1.3 -3.39643 5.3287 -3.39643
4.1 1.4 -3.16415 4.81133 -3.16415
4.1 1.5 -2.75054 3.91877 -2.75054
4.1 1.6 -2.1217 2.71615 -2.1217
4.1 1.7 -1.24316 1.32995 -1.24316
4.1 1.8 -0.0969274 -0.0513192 -0.0969274
4.1 1.9 1.25512 -1.25423 1.25512
4.1 2 2.6573 -2.19574 2.6573
4.1 2.1 3.92399 -2.87714 3.92399
4.1 2.2 4.92265 -3.3281 4.92265
4.1 2.3 5.56723 -3.59661 5.56723
4.1 2.4 5.85281 -3.68451 5.85281
4.1 2.5 5.7529 -3.6184 5.7529
4.1 2.6 5.27825 -3.38373 5.27825
4.1 2.7 4.41403 -2.98833 4.41403
4.1 2.8 3.22781 -2.37747 3.22781
4.1 2.9 1.80218 -1.53542 1.80218
4.1 3 0.346725 -0.402333 0.346725
4.1 3.1 -0.977756 0.955953 -0.977756
4.1 3.2 -2.03752 2.42558 -2.03752
4.1 3.3 -2.82616 3.8073 -2.82616
4.1 3.4 -3.37966 4.9444 -3.37966
4.1 3.5 -3.73877 5.74743 -3.73877
4.1 3.6 -3.90929 6.20838 -3.90929
4.1 3.7 -3.91251 6.31128 -3.91251
4.1 3.8 -3.74898 6.04836 -3.74898
4.1 3.9 -3.42931 5.38716 -3.42931
4.1 4 -2.93836 4.3214 -2.93836
4.1 4.1 -2.22961 2.90539 -2.22961
4.1 4.2 -1.23728 1.28964 -1.23728
4.1 4.3 0.0729602 -0.29976 0.0729602
4.1 4.4 1.61485 -1.67816 1.61485
4.1 4.5 3.27757 -2.67931 3.27757
4.1 4.6 2.36916 -5.80222 2.36916
4.1 4.7 92.4309 82.7355 92.4309
4.1 4.8 -68.8392 -79.7272 -68.8392
4.1 4.9 356.138 346.055 356.138
4.2 0 -35.9566 -44.4268 -35.9566
4.2 0.1 8.26349 0.126077 8.26349
4.2 0.2 -18.1295 -25.6145 -18.1295
4.2 0.3 6.70218 0.322705 6.70218
4.2 0.4 1.65732 -3.1054 1.65732
4.2 0.5 1.57054 -1.13901 1.57054
4.2 0.6 0.0460496 -0.314709 0.0460496
4.2 0.7 -1.07998 0.983141 -1.07998
4.2 0.8 -2.03025 2.2981 -2.03025
4.2 0.9 -2.71268 3.52621 -2.71268
4.2 1 -3.1583 4.51566 -3.1583
4.2 1.1 -3.40946 5.16864 -3.40946
4.2 1.2 -3.49182 5.44186 -3.49182
4.2 1.3 -3.40965 5.32555 -3.40965
4.2 1.4 -3.17574 4.80216 -3.17574
4.2 1.5 -2.76003 3.902 -2.76003
4.2 1.6 -2.12746 2.69177 -2.12746
4.2 1.7 -1.24321 1.29949 -1.24321
4.2 1.8 -0.0895459 -0.0847563 -0.0895459
4.2 1.9 1.27013 -1.28725 1.27013
4.2 2 2.67788 -2.22631 2.67788
4.2 2.1 3.94716 -2.90442 3.94716
4.2 2.2 4.94517 -3.35261 4.94517
4.2 2.3 5.58717 -3.61859 5.58717
4.2 2.4 5.86852 -3.70453 5.86852
4.2 2.5 5.76316 -3.63669 5.76316
4.2 2.6 5.28181 -3.40031 5.28181
4.2 2.7 4.40956 -3.00287 4.40956
4.2 2.8 3.21441 -2.38913 3.21441
4.2 2.9 1.78074 -1.54212 1.78074
4.2 3 0.319584 -0.402002 0.319584
4.2 3.1 -1.0071 0.964555 -1.0071
4.2 3.2 -2.06634 2.44157 -2.06634
4.2 3.3 -2.85316 3.82815 -2.85316
4.2 3.4 -3.40478 4.96721 -3.40478
4.2 3.5 -3.76241 5.76999 -3.76241
4.2 3.6 -3.93181 6.22952 -3.93181
4.2 3.7 -3.93423 6.33036 -3.93423
4.2 3.8 -3.77027 6.06478 -3.77027
4.2 3.9 -3.45035 5.40031 -3.45035
4.2 4 -2.95939 4.33013 -2.95939
4.2 4.1 -2.2504 2.90855 -2.2504
4.2 4.2 -1.25693 1.28665 -1.25693
4.2 4.3 0.0560823 -0.308162 0.0560823
4.2 4.4 1.60242 -1.69006 1.60242
4.2 4.5 3.26943 -2.69351 3.26943
4.2 4.6 2.36487 -5.81722 2.36487
4.2 4.7 92.4206 82.7118 92.4206
4.2 4.8 -68.8364 -79.7388 -68.8364
4.2 4.9 356.08 345.983 356.08
4.3 0 -35.918 -44.4309 -35.918
4.3 0.1 8.22323 0.0553823 8.22323
4.3 0.2 -18.1358 -25.6468 -18.1358
4.3 0.3 6.68183 0.28119 6.68183
4.3 0.4 1.6363 -3.14064 1.6363
4.3 0.5 1.54229 -1.17283 1.54229
4.3 0.6 0.0129499 -0.343912 0.0129499
4.3 0.7 -1.11645 0.95932 -1.11645
4.3 0.8 -2.06757 2.28003 -2.06757
4.3 0.9 -2.74953 3.51236 -2.74953
4.3 1 -3.19384 4.50398 -3.19384
4.3 1.1 -3.44362 5.15672 -3.44362
4.3 1.2 -3.52463 5.42749 -3.52463
4.3 1.3 -3.44115 5.30664 -3.44115
4.3 1.4 -3.20587 4.7766 -3.20587
4.3 1.5 -2.78795 3.8684 -2.78795
4.3 1.6 -2.15179 2.64968 -2.15179
4.3 1.7 -1.26154 1.25065 -1.26154
4.3 1.8 -0.0999562 -0.137136 -0.0999562
4.3 1.9 1.26799 -1.33954 1.26799
4.3 2 2.68217 -2.27598 2.68217
4.3 2.1 3.95462 -2.95072 3.95462
4.3 2.2 4.95262 -3.3957 4.95262
4.3 2.3 5.59213 -3.65912 5.59213
4.3 2.4 5.86924 -3.74303 5.86924
4.3 2.5 5.75834 -3.67339 5.75834
4.3 2.6 5.26986 -3.4354 5.26986
4.3 2.7 4.3888 -3.03617 4.3888
4.3 2.8 3.18405 -2.41939 3.18405
4.3 2.9 1.74134 -1.56733 1.74134
4.3 3 0.273785 -0.419662 0.273785
4.3 3.1 -1.05576 0.955773 -1.05576
4.3 3.2 -2.11439 2.44128 -2.11439
4.3 3.3 -2.89905 3.83378 -2.89905
4.3 3.4 -3.44837 4.97567 -3.44837
4.3 3.5 -3.80427 5.77876 -3.80427
4.3 3.6 -3.97262 6.23703 -3.97262
4.3 3.7 -3.97445 6.33586 -3.97445
4.3 3.8 -3.80994 6.06808 -3.80994
4.3 3.9 -3.49014 5.40037 -3.49014
4.3 4 -2.99959 4.32574 -2.99959
4.3 4.1 -2.29106 2.89826 -2.29106
4.3 4.2 -1.29694 1.26988 -1.29694
4.3 4.3 0.0183181 -0.330979 0.0183181
4.3 4.4 1.56898 -1.71682 1.56898
4.3 4.5 3.24125 -2.72193 3.24125
4.3 4.6 2.34981 -5.83742 2.34981
4.3 4.7 92.3533 82.6357 92.3533
4.3 4.8 -68.8474 -79.7589 -68.8474
4.3 4.9 355.857 345.75 355.857
4.4 0 -35.9487 -44.5083 -35.9487
4.4 0.1 8.09898 -0.103168 8.09898
4.4 0.2 -18.2033 -25.7438 -18.2033
4.4 0.3 6.58992 0.165216 6.58992
4.4 0.4 1.54856 -3.24466 1.54856
4.4 0.5 1.44576 -1.27586 1.44576
4.4 0.6 -0.0886661 -0.441294 -0.0886661
4.4 0.7 -1.2215 0.868495 -1.2215
4.4 0.8 -2.17381 2.19567 -2.17381
4.4 0.9 -2.85521 3.43305 -2.85521
4.4 1 -3.29826 4.42725 -3.29826
4.4 1.1 -3.54647 5.08017 -3.54647
4.4 1.2 -3.6264 5.34832 -3.6264
4.4 1.3 -3.54156 5.22295 -3.54156
4.4 1.4 -3.30465 4.68635 -3.30465
4.4 1.5 -2.88477 3.76945 -2.88477
4.4 1.6 -2.2449 2.54168 -2.2449
4.4 1.7 -1.34864 1.13493 -1.34864
4.4 1.8 -0.17879 -0.257226 -0.17879
4.4 1.9 1.19796 -1.46022 1.19796
4.4 2 2.61902 -2.39472 2.61902
4.4 2.1 3.89521 -3.06635 3.89521
4.4 2.2 4.89324 -3.5087 4.89324
4.4 2.3 5.53056 -3.76965 5.53056
4.4 2.4 5.80348 -3.85169 5.80348
4.4 2.5 5.68687 -3.78045 5.68687
4.4 2.6 5.19107 -3.54086 5.19107
4.4 2.7 4.30106 -3.13956 4.30106
4.4 2.8 3.08612 -2.51962 3.08612
4.4 2.9 1.63393 -1.66188 1.63393
4.4 3 0.159444 -0.505838 0.159444
4.4 3.1 -1.17296 0.879809 -1.17296
4.4 3.2 -2.23117 2.37484 -2.23117
4.4 3.3 -3.01383 3.77403 -3.01383
4.4 3.4 -3.56095 4.9193 -3.56095
4.4 3.5 -3.91525 5.72298 -3.91525
4.4 3.6 -4.08238 6.18047 -4.08238
4.4 3.7 -4.08342 6.27775 -4.08342
4.4 3.8 -3.91881 6.00759 -3.91881
4.4 3.9 -3.59912 5.33692 -3.59912
4.4 4 -3.10912 4.25795 -3.10912
4.4 4.1 -2.40127 2.82444 -2.40127
4.4 4.2 -1.40719 1.18881 -1.40719
4.4 4.3 -0.0903013 -0.418975 -0.0903013
4.4 4.4 1.46396 -1.80986 1.46396
4.4 4.5 3.13958 -2.81907 3.13958
4.4 4.6 2.26594 -5.92212 2.26594
4.4 4.7 92.1607 82.4391 92.1607
4.4 4.8 -68.909 -79.8253 -68.909
4.4 4.9 355.238 345.127 355.238
4.5 0 -36.2405 -44.8506 -36.2405
4.5 0.1 7.65801 -0.583261 7.65801
4.5 0.2 -18.4985 -26.0729 -18.4985
4.5 0.3 6.24033 -0.212153 6.24033
4.5 0.4 1.2164 -3.5958 1.2164
4.5 0.5 1.10307 -1.62644 1.10307
4.5 0.6 -0.436554 -0.784834 -0.436554
4.5 0.7 -1.57339 0.53242 -1.57339
4.5 0.8 -2.52659 1.86759 -2.52659
4.5 0.9 -3.2075 3.11081 -3.2075
4.5 1 -3.64911 4.10831 -3.64911
4.5 1.1 -3.8959 4.76162 -3.8959
4.5 1.2 -3.97474 5.02736 -3.97474
4.5 1.3 -3.88871 4.89745 -3.88871
4.5 1.4 -3.65039 4.35411 -3.65039
4.5 1.5 -3.22802 3.42891 -3.22802
4.5 1.6 -2.58444 2.19158 -2.58444
4.5 1.7 -1.68191 0.776484 -1.68191
4.5 1.8 -0.503347 -0.620837 -0.503347
4.5 1.9 0.882956 -1.82506 0.882956
4.5 2 2.3119 -2.75793 2.3119
4.5 2.1 3.59257 -3.4268 3.59257
4.5 2.2 4.59161 -3.86636 4.59161
4.5 2.3 5.22701 -4.12515 5.22701
4.5 2.4 5.49599 -4.20552 5.49599
4.5 2.5 5.3741 -4.13254 5.3741
4.5 2.6 4.87109 -3.89139 4.87109
4.5 2.7 3.97182 -3.48826 3.97182
4.5 2.8 2.74647 -2.86492 2.74647
4.5 2.9 1.28381 -2.00162 1.28381
4.5 3 -0.198616 -0.83702 -0.198616
4.5 3.1 -1.53501 0.559163 -1.53501
4.5 3.2 -2.5931 2.0647 -2.5931
4.5 3.3 -3.37373 3.47161 -3.37373
4.5 3.4 -3.91847 4.62113 -3.91847
4.5 3.5 -4.27114 5.42585 -4.27114
4.5 3.6 -4.43728 5.88261 -4.43728
4.5 3.7 -4.43779 5.97835 -4.43779
4.5 3.8 -4.2727 5.70643 -4.2727
4.5 3.9 -3.95327 5.03283 -3.95327
4.5 4 -3.46381 3.9496 -3.46381
4.5 4.1 -2.75653 2.51009 -2.75653
4.5 4.2 -1.76187 0.867614 -1.76187
4.5 4.3 -0.443126 -0.747169 -0.443126
4.5 4.4 1.11502 -2.14296 1.11502
4.5 4.5 2.79521 -3.15477 2.79521
4.5 4.6 1.97651 -6.20775 1.97651
4.5 4.7 91.5768 81.8554 91.5768
4.5 4.8 -69.1092 -80.0247 -69.1092
4.5 4.9 353.409 343.296 353.409
4.6 0 -37.1714 -45.8382 -37.1714
4.6 0.1 6.05333 -2.2344 6.05333
4.6 0.2 -19.6787 -27.2938 -19.6787
4.6 0.3 4.93152 -1.55451 4.93152
4.6 0.4 -0.0561852 -4.89159 -0.0561852
4.6 0.5 -0.182003 -2.92158 -0.182003
4.6 0.6 -1.72932 -2.07305 -1.72932
4.6 0.7 -2.87113 -0.746918 -2.87113
4.6 0.8 -3.8265 0.597073 -3.8265
4.6 0.9 -4.50752 1.84712 -4.50752
4.6 1 -4.94853 2.84824 -4.94853
4.6 1.1 -5.19397 3.50258 -5.19397
4.6 1.2 -5.27215 3.76602 -5.27215
4.6 1.3 -5.18525 3.63157 -5.18525
4.6 1.4 -4.94598 3.08113 -4.94598
4.6 1.5 -4.52138 2.1471 -4.52138
4.6 1.6 -3.87369 0.899761 -3.87369
4.6 1.7 -2.96535 -0.525682 -2.96535
4.6 1.8 -1.77773 -1.92999 -1.77773
4.6 1.9 -0.380616 -3.13663 -0.380616
4.6 2 1.05669 -4.0698 1.05669
4.6 2.1 2.3432 -4.73659 2.3432
4.6 2.2 3.34348 -5.17466 3.34348
4.6 2.3 3.9778 -5.43159 3.9778
4.6 2.4 4.24368 -5.51024 4.24368
4.6 2.5 4.11677 -5.43582 4.11677
4.6 2.6 3.60697 -5.19295 3.60697
4.6 2.7 2.69885 -4.7874 2.69885
4.6 2.8 1.46246 -4.16058 1.46246
4.6 2.9 -0.0118416 -3.29144 -0.0118416
4.6 3 -1.5035 -2.11741 -1.5035
4.6 3.1 -2.84433 -0.708787 -2.84433
4.6 3.2 -3.9034 0.80851 -3.9034
4.6 3.3 -4.68277 2.22423 -4.68277
4.6 3.4 -5.22579 3.37866 -5.22579
4.6 3.5 -5.57696 4.18514 -5.57696
4.6 3.6 -5.74184 4.64195 -5.74184
4.6 3.7 -5.74187 4.73637 -5.74187
4.6 3.8 -5.57728 4.46177 -5.57728
4.6 3.9 -5.25843 3.78469 -5.25843
4.6 4 -4.77015 2.69598 -4.77015
4.6 4.1 -4.06353 1.24929 -4.06353
4.6 4.2 -3.06898 -0.402313 -3.06898
4.6 4.3 -1.74926 -2.02664 -1.74926
4.6 4.4 -0.188785 -3.43019 -0.188785
4.6 4.5 1.49268 -4.44861 1.49268
4.6 4.6 0.777693 -7.40308 0.777693
4.6 4.7 89.7997 80.0801 89.7997
4.6 4.8 -69.8505 -80.7655 -69.8505
4.6 4.9 348.057 337.947 348.057
4.7 0 -45.7571 -54.4912 -45.7571
4.7 0.1 0.25009 -8.09551 0.25009
4.7 0.2 -24.2872 -31.9529 -24.2872
4.7 0.3 0.0879958 -6.44024 0.0879958
4.7 0.4 -4.86797 -9.73282 -4.86797
4.7 0.5 -4.98316 -7.73658 -4.98316
4.7 0.6 -6.54046 -6.88073 -6.54046
4.7 0.7 -7.68449 -5.54034 -7.68449
4.7 0.8 -8.63803 -4.18126 -8.63803
4.7 0.9 -9.31551 -2.91898 -9.31551
4.7 1 -9.75266 -1.90982 -9.75266
4.7 1.1 -9.99726 -1.25396 -9.99726
4.7 1.2 -10.0705 -0.987836 -10.0705
4.7 1.3 -9.98083 -1.12431 -9.98083
4.7 1.4 -9.74377 -1.68452 -9.74377
4.7 1.5 -9.32073 -2.63096 -9.32073
4.7 1.6 -8.6659 -3.88567 -8.6659
4.7 1.7 -7.75331 -5.32426 -7.75331
4.7 1.8 -6.55716 -6.73815 -6.55716
4.7 1.9 -5.1468 -7.94716 -5.1468
4.7 2 -3.69901 -8.88105 -3.69901
4.7 2.1 -2.40558 -9.54689 -2.40558
4.7 2.2 -1.40006 -9.98113 -1.40006
4.7 2.3 -0.76726 -10.2379 -0.76726
4.7 2.4 -0.502195 -10.3137 -0.502195
4.7 2.5 -0.632253 -10.237 -0.632253
4.7 2.6 -1.14955 -9.99391 -1.14955
4.7 2.7 -2.06755 -9.58755 -2.06755
4.7 2.8 -3.31622 -8.95837 -3.31622
4.7 2.9 -4.80438 -8.08467 -4.80438
4.7 3 -6.30651 -6.90075 -6.30651
4.7 3.1 -7.65553 -5.48112 -7.65553
4.7 3.2 -8.71512 -3.94933 -8.71512
4.7 3.3 -9.49175 -2.52141 -9.49175
4.7 3.4 -10.0326 -1.36027 -10.0326
4.7 3.5 -10.3797 -0.548633 -10.3797
4.7 3.6 -10.5431 -0.0910389 -10.5431
4.7 3.7 -10.5428 0.00223735 -10.5428
4.7 3.8 -10.3777 -0.273825 -10.3777
4.7 3.9 -10.0592 -0.954329 -10.0592
4.7 4 -9.57291 -2.05001 -9.57291
4.7 4.1 -8.8667 -3.50496 -8.8667
4.7 4.2 -7.87147 -5.16669 -7.87147
4.7 4.3 -6.55018 -6.80175 -6.55018
4.7 4.4 -4.98295 -8.20945 -4.98295
4.7 4.5 -3.28369 -9.21672 -3.28369
4.7 4.6 -3.83049 -12.0053 -3.83049
4.7 4.7 84.4679 74.7506 84.4679
4.7 4.8 -72.4382 -83.354 -72.4382
4.7 4.9 332.823 322.715 332.823
4.8 0 66.9307 58.0841 66.9307
4.8 0.1 94.6525 86.2364 94.6525
4.8 0.2 59.5867 51.8618 59.5867
4.8 0.3 87.2002 80.6228 87.2002
4.8 0.4 80.3015 75.4019 80.3015
4.8 0.5 80.4771 77.707 80.4771
4.8 0.6 78.7831 78.446 78.7831
4.8 0.7 77.6459 79.8123 77.6459
4.8 0.8 76.7164 81.2123 76.7164
4.8 0.9 76.0966 82.5441 76.0966
4.8 1 75.7069 83.6082 75.7069
4.8 1.1 75.4872 84.2915 75.4872
4.8 1.2 75.4315 84.5757 75.4315
4.8 1.3 75.4972 84.4118 75.4972
4.8 1.4 75.6988 83.8076 75.6988
4.8 1.5 76.0752 82.8033 76.0752
4.8 1.6 76.6645 81.4674 76.6645
4.8 1.7 77.5476 79.979 77.5476
4.8 1.8 78.7306 78.5301 78.7306
4.8 1.9 80.1845 77.3455 80.1845
4.8 2 81.6936 76.4572 81.6936
4.8 2.1 83.0697 75.8621 83.0697
4.8 2.2 84.1366 75.4842 84.1366
4.8 2.3 84.8356 75.2919 84.8356
4.8 2.4 85.1016 75.2187 85.1016
4.8 2.5 84.9473 75.275 84.9473
4.8 2.6 84.3905 75.4861 84.3905
4.8 2.7 83.3866 75.8182 83.3866
4.8 2.8 82.0515 76.3774 82.0515
4.8 2.9 80.4999 77.2077 80.4999
4.8 3 78.957 78.3748 78.957
4.8 3.1 77.6208 79.8299 77.6208
4.8 3.2 76.6017 81.422 76.6017
4.8 3.3 75.9133 82.9527 75.9133
4.8 3.4 75.4271 84.1767 75.4271
4.8 3.5 75.1454 85.0577 75.1454
4.8 3.6 75.0179 85.5525 75.0179
4.8 3.7 75.0282 85.6552 75.0282
4.8 3.8 75.1563 85.3394 75.1563
4.8 3.9 75.4108 84.5893 75.4108
4.8 4 75.8196 83.4081 75.8196
4.8 4.1 76.4365 81.8509 76.4365
4.8 4.2 77.3723 80.1128 77.3723
4.8 4.3 78.685 78.4506 78.685
4.8 4.4 80.2805 77.0536 80.2805
4.8 4.5 82.1153 76.1711 82.1153
4.8 4.6 80.879 72.6909 80.879
4.8 4.7 176.934 167.207 176.934
4.8 4.8 -12.8197 -23.774 -12.8197
4.8 4.9 513.021 502.916 513.021
4.9 0 -124.713 -133.385 -124.713
4.9 0.1 -86.4881 -94.8219 -86.4881
4.9 0.2 -103.443 -111.074 -103.443
4.9 0.3 -79.5032 -85.9976 -79.5032
4.9 0.4 -84.2385 -89.0611 -84.2385
4.9 0.5 -84.4617 -87.1735 -84.4617
4.9 0.6 -85.9962 -86.3048 -85.9962
4.9 0.7 -87.1355 -84.976 -87.1355
4.9 0.8 -88.0871 -83.6336 -88.0871
4.9 0.9 -88.7602 -82.3822 -88.7602
4.9 1 -89.2021 -81.3898 -89.2021
4.9 1.1 -89.4462 -80.7437 -89.4462
4.9 1.2 -89.5181 -80.4855 -89.5181
4.9 1.3 -89.4284 -80.6313 -89.4284
4.9 1.4 -89.1754 -81.185 -89.1754
4.9 1.5 -88.7387 -82.1249 -88.7387
4.9 1.6 -88.0845 -83.3822 -88.0845
4.9 1.7 -87.1596 -84.803 -87.1596
4.9 1.8 -85.9623 -86.2006 -85.9623
4.9 1.9 -84.5662 -87.4036 -84.5662
4.9 2 -83.1352 -88.3329 -83.1352
4.9 2.1 -81.8608 -88.9996 -81.8608
4.9 2.2 -80.8775 -89.442 -80.8775
4.9 2.3 -80.2531 -89.6963 -80.2531
4.9 2.4 -80.0047 -89.7783 -80.0047
4.9 2.5 -80.1386 -89.6956 -80.1386
4.9 2.6 -80.6583 -89.4444 -80.6583
4.9 2.7 -81.5671 -89.0187 -81.5671
4.9 2.8 -82.8138 -88.3816 -82.8138
4.9 2.9 -84.2807 -87.4889 -84.2807
4.9 3 -85.7739 -86.3078 -85.7739
4.9 3.1 -87.1067 -84.8894 -87.1067
4.9 3.2 -88.1691 -83.3799 -88.1691
4.9 3.3 -88.9492 -81.9716 -88.9492
4.9 3.4 -89.4923 -80.8253 -89.4923
4.9 3.5 -89.838 -80.0194 -89.838
4.9 3.6 -90.0076 -79.574 -90.0076
4.9 3.7 -90.0093 -79.489 -90.0093
4.9 3.8 -89.843 -79.77 -89.843
4.9 3.9 -89.5152 -80.4452 -89.5152
4.9 4 -89.0124 -81.5251 -89.0124
4.9 4.1 -88.2965 -82.9628 -88.2965
4.9 4.2 -87.3018 -84.6053 -87.3018
4.9 4.3 -85.9939 -86.2231 -85.9939
4.9 4.4 -84.4775 -87.6405 -84.4775
4.9 4.5 -82.5496 -88.3706 -82.5496
4.9 4.6 -86.7903 -94.7821 -86.7903
4.9 4.7 3.32283 -6.22768 3.32283
4.9 4.8 -141.482 -151.967 -141.482
4.9 4.9 202.2 192.163 202.2
