0 0 0.0135774 0.988628 7.09732e-07
0 0.16 0.0158856 0.986403 8.79085e-07
0 0.32 0.0245547 0.977853 1.57713e-06
0 0.48 0.0438242 0.958579 3.54932e-06
0 0.64 0.0851466 0.917117 9.25625e-06
0 0.8 0.175233 0.826802 2.60371e-05
0 0.96 0.353806 0.647719 7.00582e-05
0 1.12 0.601751 0.398791 0.000152849
0 1.28 0.799212 0.200651 0.000252916
0 1.44 0.903793 0.0958188 0.000348454
0 1.6 0.951798 0.0476758 0.000434931
0 1.76 0.973645 0.0257508 0.000506632
0 1.92 0.983108 0.0162742 0.000552607
0 2.08 0.985353 0.0140674 0.000562742
0 2.24 0.981505 0.0180035 0.000534478
0 2.4 0.969663 0.03004 0.000474773
0 2.56 0.942896 0.0571846 0.000395781
0 2.72 0.882928 0.117867 0.000307409
0 2.88 0.751731 0.249924 0.000212815
0 3.04 0.522903 0.478557 0.000118405
0 3.2 0.284028 0.716829 5.02313e-05
0 3.36 0.136446 0.864762 1.83348e-05
0 3.52 0.0660338 0.935507 6.70497e-06
0 3.68 0.0341879 0.967281 2.72676e-06
0 3.84 0.0200203 0.981101 1.35427e-06
0 4 0.0151168 0.985541 9.56678e-07
0 4.16 0.0168549 0.983316 1.11358e-06
0 4.32 0.0260545 0.973663 1.99529e-06
0 4.48 0.0478833 0.951494 4.64236e-06
0 4.64 0.0968165 0.902414 1.25572e-05
0 4.8 0.205616 0.793568 3.58327e-05
0 4.96 0.411284 0.586954 9.3176e-05
0 5.12 0.659836 0.336727 0.000187238
0 5.28 0.832195 0.164011 0.000287806
0 5.44 0.917977 0.0785209 0.000377665
0 5.6 0.956715 0.0399859 0.000453364
0 5.76 0.974014 0.0229559 0.000508337
0 5.92 0.980419 0.0168122 0.000533323
0 6.08 0.979288 0.0181237 0.000522866
0 6.24 0.969994 0.0275443 0.000479554
0 6.4 0.947094 0.0505768 0.000412482
0 6.56 0.895085 0.102843 0.000331037
0 6.72 0.77918 0.219116 0.000239063
0 6.88 0.563367 0.435084 0.00014093
0 7.04 0.312777 0.685712 6.23588e-05
0 7.2 0.148134 0.850697 2.2877e-05
0 7.36 0.0698951 0.929231 8.26866e-06
0 7.52 0.0360684 0.963137 3.38426e-06
0 7.68 0.0224291 0.976701 1.81685e-06
0 7.84 0.0167731 0.982194 1.26156e-06
0.16 0 0.013609 0.98854 7.11189e-07
0.16 0.16 0.0159378 0.986259 8.81785e-07
0.16 0.32 0.0246481 0.97761 1.58309e-06
0.16 0.48 0.0439962 0.958232 3.56345e-06
0.16 0.64 0.0854662 0.916621 9.29194e-06
0.16 0.8 0.175785 0.826088 2.61225e-05
0.16 0.96 0.354486 0.646905 7.02027e-05
0.16 1.12 0.602162 0.398286 0.000152981
0.16 1.28 0.799324 0.200469 0.000253015
0.16 1.44 0.903782 0.0957651 0.000348563
0.16 1.6 0.951759 0.0476593 0.000435078
0.16 1.76 0.973607 0.0257431 0.000506828
0.16 1.92 0.983072 0.016267 0.000552841
0.16 2.08 0.985322 0.0140572 0.000562995
0.16 2.24 0.981474 0.0179857 0.000534725
0.16 2.4 0.969645 0.0300031 0.000474997
0.16 2.56 0.942926 0.0570937 0.000395982
0.16 2.72 0.883108 0.117615 0.000307609
0.16 2.88 0.752317 0.249238 0.00021307
0.16 3.04 0.524088 0.477249 0.000118724
0.16 3.2 0.285155 0.71556 5.04538e-05
0.16 3.36 0.137099 0.863938 1.8432e-05
0.16 3.52 0.0663572 0.934984 6.74141e-06
0.16 3.68 0.0343485 0.966904 2.74094e-06
0.16 3.84 0.0201059 0.980783 1.36063e-06
0.16 4 0.0151716 0.985247 9.60435e-07
0.16 4.16 0.0169056 0.983032 1.11708e-06
0.16 4.32 0.0261235 0.973365 2.00047e-06
0.16 4.48 0.0479964 0.951164 4.65238e-06
0.16 4.64 0.0970004 0.902025 1.25778e-05
0.16 4.8 0.205836 0.79316 3.58634e-05
0.16 4.96 0.411295 0.586785 9.31661e-05
0.16 5.12 0.659585 0.33686 0.000187157
0.16 5.28 0.831936 0.16416 0.000287723
0.16 5.44 0.917748 0.0786052 0.000377606
0.16 5.6 0.956425 0.040027 0.000453324
0.16 5.76 0.973825 0.0229757 0.000508306
0.16 5.92 0.980296 0.0168232 0.000533295
0.16 6.08 0.979195 0.0181336 0.000522835
0.16 6.24 0.969916 0.0275595 0.00047952
0.16 6.4 0.947007 0.0506031 0.000412442
0.16 6.56 0.894984 0.102877 0.000330994
0.16 6.72 0.779123 0.219083 0.000239042
0.16 6.88 0.563581 0.434744 0.00014098
0.16 7.04 0.313194 0.685123 6.24375e-05
0.16 7.2 0.148445 0.850186 2.29227e-05
0.16 7.36 0.0700705 0.928835 8.28909e-06
0.16 7.52 0.0361665 0.962814 3.39398e-06
0.16 7.68 0.0225122 0.976407 1.82446e-06
0.16 7.84 0.0168245 0.981985 1.26515e-06
0.32 0 0.0133888 0.988726 6.98302e-07
0.32 0.16 0.0156576 0.986426 8.64347e-07
0.32 0.32 0.0241937 0.977876 1.54958e-06
0.32 0.48 0.043186 0.958813 3.48641e-06
0.32 0.64 0.0839563 0.917899 9.09724e-06
0.32 0.8 0.173046 0.828607 2.564e-05
0.32 0.96 0.350537 0.650669 6.92524e-05
0.32 1.12 0.598912 0.401377 0.000151822
0.32 1.28 0.797853 0.201729 0.00025201
0.32 1.44 0.903247 0.0960464 0.000347651
0.32 1.6 0.951502 0.0476413 0.000434231
0.32 1.76 0.973426 0.0256463 0.000506211
0.32 1.92 0.982934 0.0161226 0.000552679
0.32 2.08 0.985277 0.0138262 0.000563454
0.32 2.24 0.981599 0.0175768 0.000535836
0.32 2.4 0.970128 0.0292356 0.000476628
0.32 2.56 0.944172 0.0555821 0.000397982
0.32 2.72 0.885913 0.114561 0.000309915
0.32 2.88 0.757692 0.243618 0.00021563
0.32 3.04 0.530906 0.470214 0.000120945
0.32 3.2 0.289621 0.71085 5.15892e-05
0.32 3.36 0.138926 0.861834 1.88186e-05
0.32 3.52 0.0669628 0.934069 6.85191e-06
0.32 3.68 0.0345127 0.966415 2.76965e-06
0.32 3.84 0.0200936 0.980441 1.36458e-06
0.32 4 0.0150382 0.985015 9.53139e-07
0.32 4.16 0.0166152 0.982974 1.09677e-06
0.32 4.32 0.0255581 0.973589 1.95172e-06
0.32 4.48 0.0468919 0.95196 4.5275e-06
0.32 4.64 0.0947922 0.90393 1.22404e-05
0.32 4.8 0.201669 0.797039 3.50101e-05
0.32 4.96 0.405504 0.592336 9.15809e-05
0.32 5.12 0.655215 0.340974 0.000185412
0.32 5.28 0.829884 0.165864 0.000286245
0.32 5.44 0.916768 0.0791125 0.000376256
0.32 5.6 0.955262 0.0401216 0.000452066
0.32 5.76 0.973253 0.0229222 0.000507283
0.32 5.92 0.979977 0.0166711 0.00053271
0.32 6.08 0.979085 0.0178433 0.000522834
0.32 6.24 0.970136 0.0270179 0.000480106
0.32 6.4 0.947752 0.0495694 0.000413515
0.32 6.56 0.89673 0.100872 0.000332467
0.32 6.72 0.78248 0.21548 0.000240814
0.32 6.88 0.567949 0.430127 0.000142613
0.32 7.04 0.316028 0.681978 6.32988e-05
0.32 7.2 0.149434 0.848867 2.32006e-05
0.32 7.36 0.0702713 0.928281 8.35755e-06
0.32 7.52 0.0361358 0.962497 3.40621e-06
0.32 7.68 0.0224083 0.976186 1.82203e-06
0.32 7.84 0.0167454 0.981774 1.26368e-06
0.48 0 0.0132371 0.988847 6.88797e-07
0.48 0.16 0.0154704 0.986548 8.5194e-07
0.48 0.32 0.0238926 0.978069 1.52621e-06
0.48 0.48 0.0426464 0.959222 3.43237e-06
0.48 0.64 0.0829287 0.918793 8.95792e-06
0.48 0.8 0.171099 0.830416 2.52821e-05
0.48 0.96 0.347499 0.653553 6.84995e-05
0.48 1.12 0.596046 0.404041 0.000150809
0.48 1.28 0.79623 0.203073 0.000251069
0.48 1.44 0.902412 0.096532 0.000346825
0.48 1.6 0.950958 0.0477842 0.000433556
0.48 1.76 0.972987 0.0256563 0.000505852
0.48 1.92 0.982561 0.0160532 0.000552842
0.48 2.08 0.985001 0.0136632 0.000564267
0.48 2.24 0.981489 0.0172554 0.000537268
0.48 2.4 0.970356 0.0286058 0.000478516
0.48 2.56 0.945096 0.0542942 0.000400144
0.48 2.72 0.888318 0.111826 0.000312291
0.48 2.88 0.762781 0.238237 0.000218239
0.48 3.04 0.538053 0.462857 0.00012331
0.48 3.2 0.294848 0.705435 5.28898e-05
0.48 3.36 0.141363 0.859198 1.92999e-05
0.48 3.52 0.0679317 0.932889 7.00431e-06
0.48 3.68 0.0348794 0.965821 2.81636e-06
0.48 3.84 0.0201986 0.980086 1.37723e-06
0.48 4 0.0149862 0.984808 9.51359e-07
0.48 4.16 0.0164045 0.982935 1.08196e-06
0.48 4.32 0.0251013 0.973801 1.9114e-06
0.48 4.48 0.0459567 0.952659 4.41846e-06
0.48 4.64 0.0928336 0.905645 1.19322e-05
0.48 4.8 0.197728 0.800736 3.41864e-05
0.48 4.96 0.399489 0.598113 8.99249e-05
0.48 5.12 0.650077 0.345806 0.000183429
0.48 5.28 0.827084 0.168236 0.0002845
0.48 5.44 0.915274 0.0800427 0.000374696
0.48 5.6 0.954174 0.04046 0.000450642
0.48 5.76 0.972467 0.023018 0.000506113
0.48 5.92 0.979409 0.0166347 0.00053198
0.48 6.08 0.97871 0.0176847 0.000522658
0.48 6.24 0.970011 0.0266818 0.000480475
0.48 6.4 0.948009 0.0489077 0.000414316
0.48 6.56 0.897687 0.0995648 0.000333587
0.48 6.72 0.784596 0.213056 0.000242153
0.48 6.88 0.570973 0.426827 0.000143865
0.48 7.04 0.318209 0.679522 6.39991e-05
0.48 7.2 0.150328 0.847704 2.34498e-05
0.48 7.36 0.0705388 0.927744 8.42963e-06
0.48 7.52 0.0361878 0.962181 3.42602e-06
0.48 7.68 0.022397 0.975958 1.82804e-06
0.48 7.84 0.0167288 0.981583 1.26642e-06
0.64 0 0.0131398 0.988966 6.82012e-07
0.64 0.16 0.0153517 0.986681 8.4306e-07
0.64 0.32 0.0237102 0.978269 1.50947e-06
0.64 0.48 0.0423207 0.959584 3.39324e-06
0.64 0.64 0.0822956 0.919505 8.8549e-06
0.64 0.8 0.169858 0.831807 2.50092e-05
0.64 0.96 0.345508 0.655816 6.78982e-05
0.64 1.12 0.594243 0.406266 0.000149951
0.64 1.28 0.795534 0.204316 0.000250246
0.64 1.44 0.902518 0.0970552 0.000346137
0.64 1.6 0.951452 0.0479835 0.00043308
0.64 1.76 0.973682 0.025712 0.000505753
0.64 1.92 0.983387 0.01602 0.000553311
0.64 2.08 0.985939 0.013536 0.000565403
0.64 2.24 0.98256 0.016981 0.000539
0.64 2.4 0.971672 0.0280489 0.00048065
0.64 2.56 0.946966 0.0531229 0.000402479
0.64 2.72 0.891497 0.109255 0.00031477
0.64 2.88 0.768541 0.232969 0.000220923
0.64 3.04 0.545993 0.455286 0.000125791
0.64 3.2 0.300869 0.699601 5.43055e-05
0.64 3.36 0.144323 0.856287 1.9843e-05
0.64 3.52 0.0691906 0.931614 7.18307e-06
0.64 3.68 0.0354051 0.965245 2.8742e-06
0.64 3.84 0.0203966 0.979812 1.39518e-06
0.64 4 0.0149997 0.984708 9.5286e-07
0.64 4.16 0.0162578 0.982995 1.07026e-06
0.64 4.32 0.0247312 0.97409 1.87558e-06
0.64 4.48 0.045159 0.953392 4.31743e-06
0.64 4.64 0.0910953 0.907353 1.16372e-05
0.64 4.8 0.194079 0.804443 3.33696e-05
0.64 4.96 0.393702 0.604135 8.82089e-05
0.64 5.12 0.645143 0.351135 0.000181285
0.64 5.28 0.82477 0.171019 0.000282585
0.64 5.44 0.914602 0.0812192 0.000373005
0.64 5.6 0.954214 0.0409391 0.000449109
0.64 5.76 0.972864 0.0232018 0.000504839
0.64 5.92 0.980024 0.0166692 0.000531132
0.64 6.08 0.979474 0.0176094 0.000522338
0.64 6.24 0.970907 0.0264775 0.000480664
0.64 6.4 0.94909 0.0484891 0.000414901
0.64 6.56 0.899125 0.0987311 0.000334438
0.64 6.72 0.786663 0.211496 0.000243155
0.64 6.88 0.573481 0.424657 0.000144786
0.64 7.04 0.320012 0.677857 6.45231e-05
0.64 7.2 0.15114 0.8469 2.3645e-05
0.64 7.36 0.0708409 0.927387 8.49054e-06
0.64 7.52 0.0362997 0.961991 3.4452e-06
0.64 7.68 0.0224437 0.975831 1.8357e-06
0.64 7.84 0.016745 0.981476 1.27064e-06
0.8 0 0.0130842 0.989077 6.77427e-07
0.8 0.16 0.0152774 0.986808 8.36735e-07
0.8 0.32 0.0235902 0.97844 1.49726e-06
0.8 0.48 0.0421007 0.959863 3.3641e-06
0.8 0.64 0.0818541 0.920028 8.77642e-06
0.8 0.8 0.168959 0.832832 2.47956e-05
0.8 0.96 0.343997 0.657539 6.74104e-05
0.8 1.12 0.592789 0.408052 0.000149222
0.8 1.28 0.794908 0.205382 0.000249525
0.8 1.44 0.902547 0.0975437 0.000345555
0.8 1.6 0.951816 0.0481903 0.000432745
0.8 1.76 0.974223 0.0257832 0.000505832
0.8 1.92 0.984046 0.0160035 0.000553984
0.8 2.08 0.986702 0.0134283 0.000566748
0.8 2.24 0.983455 0.0167341 0.000540923
0.8 2.4 0.972807 0.0275357 0.000482935
0.8 2.56 0.948637 0.052023 0.000404915
0.8 2.72 0.894452 0.106791 0.000317302
0.8 2.88 0.774106 0.227791 0.000223637
0.8 3.04 0.553979 0.447587 0.000128334
0.8 3.2 0.307149 0.69346 5.57938e-05
0.8 3.36 0.147489 0.853152 2.04257e-05
0.8 3.52 0.0705667 0.930234 7.37839e-06
0.8 3.68 0.0359956 0.964641 2.93891e-06
0.8 3.84 0.0206327 0.979559 1.41636e-06
0.8 4 0.0150397 0.984646 9.56351e-07
0.8 4.16 0.0161352 0.983087 1.06044e-06
0.8 4.32 0.0243902 0.974391 1.84247e-06
0.8 4.48 0.0444019 0.954105 4.22126e-06
0.8 4.64 0.0894089 0.909005 1.13504e-05
0.8 4.8 0.190451 0.808087 3.25578e-05
0.8 4.96 0.387749 0.610243 8.64541e-05
0.8 5.12 0.63983 0.35674 0.000179025
0.8 5.28 0.822115 0.174039 0.000280538
0.8 5.44 0.9137 0.0825363 0.000371193
0.8 5.6 0.954104 0.0414981 0.000447459
0.8 5.76 0.973116 0.0234371 0.000503436
0.8 5.92 0.980471 0.0167477 0.000530131
0.8 6.08 0.980041 0.0175881 0.000521841
0.8 6.24 0.971569 0.0263609 0.000480654
0.8 6.4 0.949868 0.0482352 0.000415266
0.8 6.56 0.900105 0.098228 0.000335038
0.8 6.72 0.787982 0.210569 0.00024386
0.8 6.88 0.57501 0.423375 0.000145414
0.8 7.04 0.321103 0.676847 6.48771e-05
0.8 7.2 0.151643 0.846388 2.37803e-05
0.8 7.36 0.0710361 0.927148 8.5349e-06
0.8 7.52 0.036376 0.961857 3.46029e-06
0.8 7.68 0.0224787 0.975738 1.84236e-06
0.8 7.84 0.0167634 0.981406 1.27464e-06
0.96 0 0.0130608 0.989169 6.74584e-07
0.96 0.16 0.0152343 0.986921 8.32236e-07
0.96 0.32 0.0235133 0.978589 1.48815e-06
0.96 0.48 0.0419525 0.960091 3.34179e-06
0.96 0.64 0.0815442 0.920435 8.71507e-06
0.96 0.8 0.168301 0.833625 2.4625e-05
0.96 0.96 0.342845 0.658894 6.70108e-05
0.96 1.12 0.591628 0.409508 0.000148605
0.96 1.28 0.794379 0.206293 0.000248908
0.96 1.44 0.902552 0.0979836 0.000345086
0.96 1.6 0.952104 0.0483877 0.000432551
0.96 1.76 0.974664 0.0258575 0.000506078
0.96 1.92 0.98459 0.0159948 0.000554839
0.96 2.08 0.98734 0.0133326 0.000568275
0.96 2.24 0.984222 0.0165065 0.000543006
0.96 2.4 0.973806 0.0270558 0.000485345
0.96 2.56 0.950151 0.0509849 0.000407432
0.96 2.72 0.897209 0.104443 0.000319867
0.96 2.88 0.779438 0.222783 0.000226351
0.96 3.04 0.561864 0.439959 0.000130895
0.96 3.2 0.313526 0.687226 5.7321e-05
0.96 3.36 0.150759 0.849929 2.10316e-05
0.96 3.52 0.072004 0.928812 7.58342e-06
0.96 3.68 0.0366209 0.964027 3.00754e-06
0.96 3.84 0.02089 0.97931 1.43939e-06
0.96 4 0.015096 0.984595 9.61034e-07
0.96 4.16 0.0160291 0.98319 1.05187e-06
0.96 4.32 0.0240715 0.974695 1.81141e-06
0.96 4.48 0.0436798 0.954804 4.12942e-06
0.96 4.64 0.0877791 0.910615 1.10734e-05
0.96 4.8 0.186892 0.811659 3.17628e-05
0.96 4.96 0.381772 0.616343 8.4702e-05
0.96 5.12 0.634327 0.362482 0.00017672
0.96 5.28 0.819262 0.177188 0.000278429
0.96 5.44 0.912649 0.0839288 0.000369325
0.96 5.6 0.953879 0.0420996 0.000445751
0.96 5.76 0.973256 0.0237011 0.000501962
0.96 5.92 0.980789 0.0168527 0.000529036
0.96 6.08 0.980462 0.0176022 0.000521225
0.96 6.24 0.972062 0.0263039 0.000480503
0.96 6.4 0.95043 0.0480966 0.000415472
0.96 6.56 0.900754 0.0979657 0.000335454
0.96 6.72 0.788749 0.210126 0.000244342
0.96 6.88 0.575784 0.42281 0.000145811
0.96 7.04 0.321615 0.67641 6.50911e-05
0.96 7.2 0.151878 0.846156 2.3863e-05
0.96 7.36 0.0711295 0.927032 8.56319e-06
0.96 7.52 0.0364142 0.961789 3.47053e-06
0.96 7.68 0.0224972 0.975686 1.84719e-06
0.96 7.84 0.0167743 0.981361 1.27774e-06
1.12 0 0.0130573 0.989242 6.72852e-07
1.12 0.16 0.0152107 0.987025 8.28929e-07
1.12 0.32 0.0234639 0.978732 1.4811e-06
1.12 0.48 0.0418509 0.960296 3.3241e-06
1.12 0.64 0.0813208 0.92078 8.66555e-06
1.12 0.8 0.167808 0.834276 2.44852e-05
1.12 0.96 0.341951 0.660008 6.66774e-05
1.12 1.12 0.590702 0.410733 0.00014808
1.12 1.28 0.793956 0.207087 0.000248386
1.12 1.44 0.902577 0.098384 0.000344721
1.12 1.6 0.952374 0.0485759 0.00043248
1.12 1.76 0.975067 0.0259332 0.000506468
1.12 1.92 0.985084 0.0159922 0.000555845
1.12 2.08 0.98792 0.0132479 0.000569945
1.12 2.24 0.984922 0.0162978 0.000545209
1.12 2.4 0.974724 0.0266107 0.000487842
1.12 2.56 0.951558 0.0500153 0.000409998
1.12 2.72 0.899794 0.102235 0.00032244
1.12 2.88 0.784503 0.218023 0.000229036
1.12 3.04 0.569514 0.432566 0.000133432
1.12 3.2 0.319855 0.681064 5.88558e-05
1.12 3.36 0.154045 0.846724 2.16464e-05
1.12 3.52 0.0734566 0.927407 7.79249e-06
1.12 3.68 0.0372561 0.963429 3.07786e-06
1.12 3.84 0.0211555 0.979077 1.46328e-06
1.12 4 0.0151612 0.984557 9.66413e-07
1.12 4.16 0.0159354 0.983303 1.04428e-06
1.12 4.32 0.0237735 0.975005 1.78236e-06
1.12 4.48 0.0429967 0.955495 4.04263e-06
1.12 4.64 0.0862275 0.912175 1.081e-05
1.12 4.8 0.183475 0.815108 3.10011e-05
1.12 4.96 0.375942 0.622298 8.29991e-05
1.12 5.12 0.628836 0.368198 0.00017444
1.12 5.28 0.816357 0.180366 0.000276328
1.12 5.44 0.911544 0.0853464 0.000367463
1.12 5.6 0.953604 0.0427185 0.000444046
1.12 5.76 0.973342 0.0239793 0.000500479
1.12 5.92 0.981046 0.0169739 0.000527913
1.12 6.08 0.98081 0.01764 0.000520556
1.12 6.24 0.972465 0.0262881 0.000480277
1.12 6.4 0.950869 0.0480377 0.000415581
1.12 6.56 0.901206 0.0978682 0.00033575
1.12 6.72 0.789165 0.210014 0.000244676
1.12 6.88 0.576055 0.422746 0.000146052
1.12 7.04 0.321725 0.676391 6.52063e-05
1.12 7.2 0.151917 0.846145 2.39071e-05
1.12 7.36 0.0711441 0.927024 8.57906e-06
1.12 7.52 0.0364204 0.961783 3.47672e-06
1.12 7.68 0.0225002 0.975677 1.85034e-06
1.12 7.84 0.0167759 0.981339 1.27987e-06
1.28 0 0.0130585 0.989306 6.71429e-07
1.28 0.16 0.0151961 0.98712 8.26232e-07
1.28 0.32 0.0234292 0.978859 1.47526e-06
1.28 0.48 0.0417749 0.960479 3.30922e-06
1.28 0.64 0.0811459 0.921085 8.62331e-06
1.28 0.8 0.167406 0.834846 2.43645e-05
1.28 0.96 0.341201 0.660982 6.63858e-05
1.28 1.12 0.589902 0.41182 0.000147615
1.28 1.28 0.79358 0.207809 0.000247928
1.28 1.44 0.902593 0.0987575 0.000344425
1.28 1.6 0.95261 0.0487567 0.000432487
1.28 1.76 0.975423 0.0260091 0.000506942
1.28 1.92 0.985521 0.0159944 0.000556933
1.28 2.08 0.988434 0.0131729 0.000571678
1.28 2.24 0.985546 0.0161076 0.000547454
1.28 2.4 0.975551 0.0262016 0.000490355
1.28 2.56 0.952838 0.0491211 0.000412553
1.28 2.72 0.902172 0.100192 0.000324969
1.28 2.88 0.789216 0.213587 0.000231641
1.28 3.04 0.576765 0.425566 0.000135894
1.28 3.2 0.325977 0.675123 6.03628e-05
1.28 3.36 0.157255 0.843614 2.2255e-05
1.28 3.52 0.0748812 0.926045 8.00008e-06
1.28 3.68 0.0378798 0.962846 3.1478e-06
1.28 3.84 0.0214184 0.978841 1.48719e-06
1.28 4 0.0152295 0.984507 9.72124e-07
1.28 4.16 0.0158521 0.9834 1.03755e-06
1.28 4.32 0.0234974 0.975295 1.7555e-06
1.28 4.48 0.0423601 0.95615 3.96195e-06
1.28 4.64 0.0847787 0.913648 1.05646e-05
1.28 4.8 0.18027 0.818361 3.02878e-05
1.28 4.96 0.370405 0.627962 8.13852e-05
1.28 5.12 0.623518 0.373725 0.000172243
1.28 5.28 0.813492 0.183473 0.000274283
1.28 5.44 0.910425 0.0867401 0.000365644
1.28 5.6 0.953293 0.0433304 0.000442378
1.28 5.76 0.97338 0.0242582 0.000499023
1.28 5.92 0.981247 0.017101 0.000526797
1.28 6.08 0.981095 0.0176903 0.000519869
1.28 6.24 0.972795 0.0262962 0.000480008
1.28 6.4 0.951216 0.0480252 0.00041563
1.28 6.56 0.901524 0.0978656 0.00033597
1.28 6.72 0.789365 0.21009 0.000244917
1.28 6.88 0.576031 0.422967 0.000146198
1.28 7.04 0.321602 0.676616 6.52629e-05
1.28 7.2 0.15184 0.846267 2.39279e-05
1.28 7.36 0.0711096 0.927075 8.58715e-06
1.28 7.52 0.036405 0.961799 3.48022e-06
1.28 7.68 0.0224917 0.975671 1.85228e-06
1.28 7.84 0.0167705 0.981324 1.28129e-06
1.44 0 0.0130565 0.989386 6.69895e-07
1.44 0.16 0.0151838 0.987224 8.23754e-07
1.44 0.32 0.0234004 0.97899 1.47001e-06
1.44 0.48 0.0417099 0.960665 3.29576e-06
1.44 0.64 0.0809913 0.921392 8.58476e-06
1.44 0.8 0.167041 0.835407 2.42533e-05
1.44 0.96 0.340504 0.661929 6.61156e-05
1.44 1.12 0.58915 0.412877 0.000147185
1.44 1.28 0.793223 0.208514 0.000247514
1.44 1.44 0.902608 0.0991256 0.00034418
1.44 1.6 0.952835 0.0489374 0.000432548
1.44 1.76 0.975765 0.0260878 0.000507471
1.44 1.92 0.985941 0.0160024 0.000558063
1.44 2.08 0.988926 0.0131087 0.000573431
1.44 2.24 0.986134 0.0159375 0.000549695
1.44 2.4 0.976319 0.0258327 0.000492839
1.44 2.56 0.954016 0.0483132 0.000415056
1.44 2.72 0.904348 0.0983431 0.000327417
1.44 2.88 0.793534 0.209553 0.000234127
1.44 3.04 0.583489 0.419112 0.000138234
1.44 3.2 0.331754 0.669563 6.18088e-05
1.44 3.36 0.160312 0.840696 2.28427e-05
1.44 3.52 0.0762413 0.924778 8.20104e-06
1.44 3.68 0.0384757 0.962312 3.21557e-06
1.44 3.84 0.0216711 0.978627 1.51045e-06
1.44 4 0.0152981 0.984464 9.77919e-07
1.44 4.16 0.0157789 0.983496 1.03166e-06
1.44 4.32 0.0232468 0.975576 1.73113e-06
1.44 4.48 0.0417804 0.956774 3.88856e-06
1.44 4.64 0.0834598 0.915028 1.03413e-05
1.44 4.8 0.177346 0.821373 2.96368e-05
1.44 4.96 0.365306 0.633221 7.98977e-05
1.44 5.12 0.618546 0.378926 0.000170188
1.44 5.28 0.810792 0.186424 0.000272354
1.44 5.44 0.909372 0.08807 0.000363925
1.44 5.6 0.953009 0.0439167 0.000440805
1.44 5.76 0.973429 0.0245276 0.000497652
1.44 5.92 0.981452 0.0172269 0.00052575
1.44 6.08 0.981377 0.0177452 0.000519226
1.44 6.24 0.973113 0.026315 0.000479757
1.44 6.4 0.951538 0.048033 0.000415673
1.44 6.56 0.901804 0.097901 0.000336168
1.44 6.72 0.789505 0.210235 0.000245127
1.44 6.88 0.575934 0.423285 0.000146315
1.44 7.04 0.321421 0.676934 6.53019e-05
1.44 7.2 0.151733 0.846456 2.39413e-05
1.44 7.36 0.071061 0.927168 8.59263e-06
1.44 7.52 0.0363828 0.961837 3.48275e-06
1.44 7.68 0.0224795 0.975681 1.85376e-06
1.44 7.84 0.0167627 0.981325 1.28242e-06
1.6 0 0.0130498 0.989505 6.68173e-07
1.6 0.16 0.0151704 0.987361 8.21286e-07
1.6 0.32 0.023372 0.97916 1.46493e-06
1.6 0.48 0.0416457 0.960893 3.28274e-06
1.6 0.64 0.0808356 0.921741 8.54709e-06
1.6 0.8 0.166667 0.836009 2.41436e-05
1.6 0.96 0.33978 0.662923 6.58473e-05
1.6 1.12 0.588355 0.413977 0.00014676
1.6 1.28 0.792828 0.209244 0.000247112
1.6 1.44 0.902589 0.099504 0.000343951
1.6 1.6 0.953031 0.0491231 0.000432621
1.6 1.76 0.976079 0.0261709 0.000507998
1.6 1.92 0.986333 0.0160165 0.000559172
1.6 2.08 0.989385 0.0130554 0.000575136
1.6 2.24 0.986676 0.0157885 0.000551859
1.6 2.4 0.977016 0.0255065 0.000495227
1.6 2.56 0.955074 0.0475982 0.000417447
1.6 2.72 0.90629 0.0967076 0.000329734
1.6 2.88 0.797389 0.205972 0.000236449
1.6 3.04 0.589561 0.413317 0.000140408
1.6 3.2 0.337055 0.664506 6.3161e-05
1.6 3.36 0.163143 0.838049 2.33957e-05
1.6 3.52 0.0775051 0.923661 8.39061e-06
1.6 3.68 0.0390308 0.961876 3.27959e-06
1.6 3.84 0.0219081 0.978488 1.53252e-06
1.6 4 0.0153652 0.984482 9.83633e-07
1.6 4.16 0.0157169 0.983641 1.02666e-06
1.6 4.32 0.0230257 0.975888 1.70959e-06
1.6 4.48 0.0412676 0.957391 3.82353e-06
1.6 4.64 0.0822943 0.916312 1.01435e-05
1.6 4.8 0.174759 0.8241 2.90586e-05
1.6 4.96 0.360759 0.637963 7.85647e-05
1.6 5.12 0.614051 0.383662 0.000168317
1.6 5.28 0.808333 0.189134 0.000270578
1.6 5.44 0.908416 0.0892964 0.000362335
1.6 5.6 0.952763 0.044459 0.000439352
1.6 5.76 0.973495 0.0247778 0.000496395
1.6 5.92 0.981664 0.0173446 0.000524798
1.6 6.08 0.98166 0.0177969 0.000518654
1.6 6.24 0.973426 0.0263323 0.000479549
1.6 6.4 0.951854 0.0480369 0.000415735
1.6 6.56 0.902087 0.0979203 0.000336375
1.6 6.72 0.789688 0.210331 0.00024535
1.6 6.88 0.575935 0.423518 0.000146455
1.6 7.04 0.321334 0.677196 6.53584e-05
1.6 7.2 0.151674 0.846646 2.3962e-05
1.6 7.36 0.0710323 0.927296 8.60046e-06
1.6 7.52 0.0363694 0.961925 3.48609e-06
1.6 7.68 0.0224723 0.975746 1.85562e-06
1.6 7.84 0.0167581 0.98137 1.28378e-06
1.76 0 0.0130384 0.989658 6.66249e-07
1.76 0.16 0.0151535 0.987525 8.18687e-07
1.76 0.32 0.0233393 0.979353 1.45968e-06
1.76 0.48 0.0415731 0.961146 3.26925e-06
1.76 0.64 0.08066 0.922121 8.50781e-06
1.76 0.8 0.166245 0.836664 2.40284e-05
1.76 0.96 0.33896 0.664009 6.55652e-05
1.76 1.12 0.587452 0.415181 0.000146319
1.76 1.28 0.792366 0.210034 0.000246702
1.76 1.44 0.902539 0.099909 0.000343717
1.76 1.6 0.953213 0.0493205 0.000432683
1.76 1.76 0.97639 0.0262609 0.000508497
1.76 1.92 0.986726 0.0160382 0.000560224
1.76 2.08 0.989841 0.0130141 0.000576752
1.76 2.24 0.987202 0.015662 0.000553907
1.76 2.4 0.977671 0.0252259 0.000497479
1.76 2.56 0.956031 0.0469824 0.000419692
1.76 2.72 0.908002 0.0952997 0.000331888
1.76 2.88 0.800752 0.20288 0.000238573
1.76 3.04 0.594886 0.408262 0.000142375
1.76 3.2 0.341768 0.660036 6.439e-05
1.76 3.36 0.16568 0.835703 2.39007e-05
1.76 3.52 0.0786422 0.922688 8.56418e-06
1.76 3.68 0.0395319 0.961521 3.3383e-06
1.76 3.84 0.0221233 0.978405 1.55285e-06
1.76 4 0.0154284 0.984541 9.89069e-07
1.76 4.16 0.0156658 0.983812 1.02254e-06
1.76 4.32 0.022836 0.976203 1.69103e-06
1.76 4.48 0.040827 0.957966 3.7674e-06
1.76 4.64 0.0812953 0.917455 9.97295e-06
1.76 4.8 0.172543 0.826477 2.85597e-05
1.76 4.96 0.356842 0.642088 7.74054e-05
1.76 5.12 0.61014 0.387824 0.000166665
1.76 5.28 0.806195 0.191536 0.000268991
1.76 5.44 0.907612 0.0903886 0.00036091
1.76 5.6 0.952597 0.0449437 0.000438056
1.76 5.76 0.973615 0.0250019 0.000495287
1.76 5.92 0.98192 0.0174491 0.000523982
1.76 6.08 0.98198 0.01784 0.000518191
1.76 6.24 0.973772 0.0263393 0.00047942
1.76 6.4 0.952206 0.0480188 0.000415854
1.76 6.56 0.902435 0.097883 0.000336627
1.76 6.72 0.790011 0.210288 0.000245624
1.76 6.88 0.576175 0.423514 0.000146658
1.76 7.04 0.321455 0.67726 6.54599e-05
1.76 7.2 0.15172 0.846748 2.40009e-05
1.76 7.36 0.0710483 0.927404 8.61436e-06
1.76 7.52 0.0363757 0.962021 3.49153e-06
1.76 7.68 0.0224758 0.975829 1.85843e-06
1.76 7.84 0.0167612 0.98145 1.28574e-06
1.92 0 0.0130219 0.989811 6.64088e-07
1.92 0.16 0.0151317 0.987686 8.15853e-07
1.92 0.32 0.0232991 0.979542 1.45401e-06
1.92 0.48 0.0414854 0.961394 3.25468e-06
1.92 0.64 0.0804508 0.922507 8.46522e-06
1.92 0.8 0.165746 0.837363 2.39032e-05
1.92 0.96 0.337996 0.665206 6.52593e-05
1.92 1.12 0.586382 0.416519 0.000145846
1.92 1.28 0.791792 0.210907 0.00024627
1.92 1.44 0.902426 0.100349 0.000343467
1.92 1.6 0.953356 0.0495325 0.000432718
1.92 1.76 0.97667 0.0263589 0.000508946
1.92 1.92 0.987091 0.0160675 0.000561191
1.92 2.08 0.990265 0.0129849 0.000578247
1.92 2.24 0.987686 0.0155583 0.000555805
1.92 2.4 0.978258 0.0249916 0.000499564
1.92 2.56 0.956863 0.0464676 0.000421762
1.92 2.72 0.909456 0.0941238 0.000333853
1.92 2.88 0.803583 0.200293 0.000240474
1.92 3.04 0.599391 0.403993 0.000144109
1.92 3.2 0.345804 0.656207 6.54728e-05
1.92 3.36 0.167871 0.833675 2.43471e-05
1.92 3.52 0.079628 0.921842 8.71792e-06
1.92 3.68 0.0399678 0.961214 3.3904e-06
1.92 3.84 0.0223118 0.978337 1.57096e-06
1.92 4 0.0154854 0.984599 9.94045e-07
1.92 4.16 0.0156247 0.983966 1.01922e-06
1.92 4.32 0.0226781 0.976476 1.67547e-06
1.92 4.48 0.0404605 0.958452 3.72035e-06
1.92 4.64 0.0804685 0.918409 9.8305e-06
1.92 4.8 0.170714 0.828452 2.81433e-05
1.92 4.96 0.353599 0.645522 7.64321e-05
1.92 5.12 0.606874 0.391323 0.000165257
1.92 5.28 0.804409 0.193574 0.000267621
1.92 5.44 0.906961 0.0913212 0.000359674
1.92 5.6 0.952498 0.0453595 0.000436943
1.92 5.76 0.973767 0.0251939 0.000494357
1.92 5.92 0.982194 0.0175363 0.000523329
1.92 6.08 0.982312 0.0178701 0.000517866
1.92 6.24 0.97413 0.026329 0.0004794
1.92 6.4 0.952584 0.0479649 0.000416055
1.92 6.56 0.902853 0.0977573 0.00033695
1.92 6.72 0.790518 0.210038 0.000245982
1.92 6.88 0.576745 0.423157 0.000146959
1.92 7.04 0.321865 0.677014 6.56274e-05
1.92 7.2 0.151912 0.846684 2.40663e-05
1.92 7.36 0.0711263 0.927432 8.63706e-06
1.92 7.52 0.0364094 0.962081 3.50005e-06
1.92 7.68 0.0224946 0.975898 1.86268e-06
1.92 7.84 0.0167746 0.981516 1.28859e-06
2.08 0 0.0129999 0.989943 6.6167e-07
2.08 0.16 0.015104 0.987821 8.12727e-07
2.08 0.32 0.0232495 0.979694 1.44778e-06
2.08 0.48 0.0413793 0.961605 3.23865e-06
2.08 0.64 0.0802009 0.922868 8.41825e-06
2.08 0.8 0.165156 0.838078 2.37646e-05
2.08 0.96 0.336855 0.666499 6.49194e-05
2.08 1.12 0.585096 0.417991 0.000145319
2.08 1.28 0.791048 0.211859 0.00024578
2.08 1.44 0.902183 0.100822 0.000343147
2.08 1.6 0.953384 0.049757 0.000432655
2.08 1.76 0.976839 0.026463 0.000509252
2.08 1.92 0.987341 0.016103 0.000561968
2.08 2.08 0.99057 0.0129663 0.000579508
2.08 2.24 0.988043 0.0154757 0.000557442
2.08 2.4 0.9787 0.0248012 0.000501385
2.08 2.56 0.957504 0.0460497 0.000423577
2.08 2.72 0.910597 0.0931728 0.000335569
2.08 2.88 0.805838 0.1982 0.000242111
2.08 3.04 0.603025 0.400514 0.000145581
2.08 3.2 0.349105 0.653034 6.63899e-05
2.08 3.36 0.169678 0.831957 2.47264e-05
2.08 3.52 0.0804463 0.921099 8.84897e-06
2.08 3.68 0.0403318 0.960922 3.43494e-06
2.08 3.84 0.0224704 0.978248 1.58653e-06
2.08 4 0.0155347 0.984618 9.98427e-07
2.08 4.16 0.015593 0.984065 1.01664e-06
2.08 4.32 0.0225516 0.976669 1.66286e-06
2.08 4.48 0.0401678 0.958811 3.68225e-06
2.08 4.64 0.0798128 0.919135 9.7156e-06
2.08 4.8 0.169271 0.829979 2.78077e-05
2.08 4.96 0.351033 0.648211 7.56417e-05
2.08 5.12 0.604259 0.394097 0.000164089
2.08 5.28 0.802954 0.195205 0.000266448
2.08 5.44 0.906413 0.0920734 0.000358594
2.08 5.6 0.952396 0.0456961 0.000435964
2.08 5.76 0.973872 0.0253481 0.000493544
2.08 5.92 0.9824 0.0176022 0.000522772
2.08 6.08 0.982572 0.0178828 0.000517615
2.08 6.24 0.974424 0.026295 0.000479432
2.08 6.4 0.952921 0.0478635 0.000416296
2.08 6.56 0.903297 0.09752 0.000337317
2.08 6.72 0.7912 0.209531 0.000246412
2.08 6.88 0.577675 0.422368 0.000147363
2.08 7.04 0.322605 0.676377 6.58687e-05
2.08 7.2 0.152274 0.846393 2.41623e-05
2.08 7.36 0.0712763 0.927335 8.67004e-06
2.08 7.52 0.036475 0.962057 3.51216e-06
2.08 7.68 0.0225308 0.975901 1.86859e-06
2.08 7.84 0.0168004 0.981544 1.2925e-06
2.24 0 0.0129727 0.990067 6.59e-07
2.24 0.16 0.0150707 0.987953 8.09319e-07
2.24 0.32 0.0231914 0.979855 1.44103e-06
2.24 0.48 0.0412563 0.961833 3.22127e-06
2.24 0.64 0.0799135 0.923259 8.36716e-06
2.24 0.8 0.164479 0.83885 2.36131e-05
2.24 0.96 0.335544 0.667894 6.45459e-05
2.24 1.12 0.583588 0.419574 0.000144734
2.24 1.28 0.790103 0.212871 0.000245215
2.24 1.44 0.901755 0.101313 0.000342727
2.24 1.6 0.953222 0.0499843 0.000432446
2.24 1.76 0.976804 0.0265671 0.000509353
2.24 1.92 0.987374 0.0161405 0.000562475
2.24 2.08 0.99065 0.0129548 0.00058045
2.24 2.24 0.988172 0.0154096 0.000558738
2.24 2.4 0.978908 0.0246478 0.000502871
2.24 2.56 0.957881 0.0457166 0.000425085
2.24 2.72 0.911378 0.092425 0.000337002
2.24 2.88 0.807499 0.19657 0.000243464
2.24 3.04 0.60579 0.397803 0.00014678
2.24 3.2 0.351663 0.650545 6.71344e-05
2.24 3.36 0.171097 0.830608 2.50354e-05
2.24 3.52 0.0810948 0.920526 8.95624e-06
2.24 3.68 0.0406231 0.96071 3.47162e-06
2.24 3.84 0.0225991 0.9782 1.59946e-06
2.24 4 0.0155763 0.984657 1.00219e-06
2.24 4.16 0.0155707 0.984166 1.01478e-06
2.24 4.32 0.0224565 0.97684 1.65312e-06
2.24 4.48 0.0399482 0.959103 3.65286e-06
2.24 4.64 0.0793251 0.919691 9.62735e-06
2.24 4.8 0.168204 0.83111 2.75503e-05
2.24 4.96 0.349132 0.650174 7.50291e-05
2.24 5.12 0.602284 0.396124 0.000163152
2.24 5.28 0.801797 0.196403 0.00026546
2.24 5.44 0.905908 0.0926272 0.000357642
2.24 5.6 0.952211 0.0459432 0.000435077
2.24 5.76 0.973833 0.0254582 0.000492797
2.24 5.92 0.982436 0.017642 0.000522255
2.24 6.08 0.982657 0.0178733 0.000517381
2.24 6.24 0.974559 0.0262306 0.000479468
2.24 6.4 0.953141 0.0477039 0.00041654
2.24 6.56 0.903713 0.0971535 0.000337705
2.24 6.72 0.792031 0.208741 0.000246904
2.24 6.88 0.578969 0.421122 0.000147868
2.24 7.04 0.323691 0.675352 6.61873e-05
2.24 7.2 0.152818 0.845912 2.42909e-05
2.24 7.36 0.0715049 0.92717 8.71417e-06
2.24 7.52 0.0365762 0.962023 3.52826e-06
2.24 7.68 0.0225869 0.975915 1.87637e-06
2.24 7.84 0.0168398 0.981566 1.29758e-06
2.4 0 0.0129403 0.990198 6.5609e-07
2.4 0.16 0.0150324 0.988088 8.05658e-07
2.4 0.32 0.0231256 0.980015 1.43383e-06
2.4 0.48 0.041119 0.962058 3.20278e-06
2.4 0.64 0.0795953 0.923654 8.31277e-06
2.4 0.8 0.163734 0.839654 2.34516e-05
2.4 0.96 0.334099 0.669376 6.41461e-05
2.4 1.12 0.581912 0.421266 0.000144103
2.4 1.28 0.789017 0.213945 0.000244594
2.4 1.44 0.901204 0.101827 0.000342227
2.4 1.6 0.952933 0.0502184 0.000432115
2.4 1.76 0.976628 0.026674 0.000509274
2.4 1.92 0.987253 0.0161818 0.000562741
2.4 2.08 0.99057 0.0129515 0.000581101
2.4 2.24 0.988136 0.0153615 0.000559718
2.4 2.4 0.978944 0.0245326 0.000504045
2.4 2.56 0.958058 0.0454688 0.000426303
2.4 2.72 0.911868 0.0918768 0.000338166
2.4 2.88 0.808646 0.195387 0.00024455
2.4 3.04 0.607758 0.395837 0.000147717
2.4 3.2 0.353516 0.648721 6.77095e-05
2.4 3.36 0.172139 0.829609 2.52745e-05
2.4 3.52 0.081578 0.920102 9.03978e-06
2.4 3.68 0.0408437 0.960561 3.50043e-06
2.4 3.84 0.0226985 0.978181 1.60974e-06
2.4 4 0.0156102 0.984706 1.00529e-06
2.4 4.16 0.015557 0.98426 1.01357e-06
2.4 4.32 0.0223906 0.976979 1.64605e-06
2.4 4.48 0.0397969 0.959318 3.63153e-06
2.4 4.64 0.0789949 0.920073 9.56383e-06
2.4 4.8 0.167492 0.831863 2.73656e-05
2.4 4.96 0.347868 0.651465 7.45846e-05
2.4 5.12 0.600945 0.397461 0.000162442
2.4 5.28 0.800967 0.197202 0.000264658
2.4 5.44 0.905492 0.093 0.000356828
2.4 5.6 0.951993 0.0461098 0.000434297
2.4 5.76 0.973704 0.0255294 0.000492132
2.4 5.92 0.982358 0.0176593 0.000521796
2.4 6.08 0.982623 0.0178454 0.000517183
2.4 6.24 0.974589 0.0261413 0.000479526
2.4 6.4 0.953295 0.0474965 0.000416803
2.4 6.56 0.904142 0.0966779 0.000338124
2.4 6.72 0.793032 0.207706 0.000247462
2.4 6.88 0.580624 0.419465 0.000148474
2.4 7.04 0.325112 0.673962 6.65799e-05
2.4 7.2 0.153537 0.84524 2.44507e-05
2.4 7.36 0.0718095 0.926923 8.76897e-06
2.4 7.52 0.0367117 0.961958 3.54815e-06
2.4 7.68 0.0226622 0.97592 1.88593e-06
2.4 7.84 0.0168926 0.981596 1.30379e-06
2.56 0 0.0129026 0.990342 6.52934e-07
2.56 0.16 0.0149895 0.988232 8.01788e-07
2.56 0.32 0.0230541 0.980178 1.42631e-06
2.56 0.48 0.0409715 0.962285 3.18358e-06
2.56 0.64 0.0792562 0.924054 8.25638e-06
2.56 0.8 0.162944 0.840481 2.3284e-05
2.56 0.96 0.33257 0.670916 6.37303e-05
2.56 1.12 0.58013 0.423033 0.000143445
2.56 1.28 0.787846 0.215063 0.000243934
2.56 1.44 0.900582 0.102357 0.000341669
2.56 1.6 0.952569 0.0504571 0.000431689
2.56 1.76 0.976368 0.0267828 0.00050905
2.56 1.92 0.98704 0.0162265 0.000562806
2.56 2.08 0.99039 0.0129563 0.0005815
2.56 2.24 0.987997 0.0153304 0.000560418
2.56 2.4 0.978868 0.0244531 0.000504937
2.56 2.56 0.958095 0.0452999 0.000427256
2.56 2.72 0.912131 0.0915111 0.000339084
2.56 2.88 0.809356 0.194612 0.000245387
2.56 3.04 0.609018 0.394556 0.000148412
2.56 3.2 0.354724 0.647522 6.81259e-05
2.56 3.36 0.172832 0.828944 2.54473e-05
2.56 3.52 0.0819073 0.919822 9.1007e-06
2.56 3.68 0.040998 0.960474 3.52172e-06
2.56 3.84 0.0227703 0.978189 1.61747e-06
2.56 4 0.0156364 0.984765 1.00773e-06
2.56 4.16 0.0155505 0.984348 1.01287e-06
2.56 4.32 0.0223504 0.97709 1.64132e-06
2.56 4.48 0.039706 0.959466 3.61731e-06
2.56 4.64 0.078804 0.920308 9.52213e-06
2.56 4.8 0.167095 0.83229 2.72455e-05
2.56 4.96 0.347175 0.65217 7.42904e-05
2.56 5.12 0.600191 0.398187 0.000161938
2.56 5.28 0.800457 0.197644 0.000264032
2.56 5.44 0.905185 0.0932119 0.00035615
2.56 5.6 0.951781 0.0462055 0.000433628
2.56 5.76 0.973532 0.0255666 0.000491557
2.56 5.92 0.982214 0.0176576 0.000521405
2.56 6.08 0.982521 0.0178025 0.000517032
2.56 6.24 0.974562 0.0260328 0.000479614
2.56 6.4 0.953421 0.0472518 0.000417088
2.56 6.56 0.904606 0.0961166 0.000338573
2.56 6.72 0.794192 0.206476 0.000248076
2.56 6.88 0.582588 0.417476 0.000149161
2.56 7.04 0.326818 0.672275 6.70345e-05
2.56 7.2 0.154405 0.844411 2.46367e-05
2.56 7.36 0.0721782 0.926608 8.83267e-06
2.56 7.52 0.0368758 0.961864 3.57119e-06
2.56 7.68 0.0227533 0.975911 1.89695e-06
2.56 7.84 0.0169565 0.981625 1.31093e-06
2.72 0 0.0128586 0.990503 6.49503e-07
2.72 0.16 0.0149428 0.988387 7.97767e-07
2.72 0.32 0.022979 0.980343 1.41868e-06
2.72 0.48 0.0408191 0.962503 3.16423e-06
2.72 0.64 0.0789084 0.92444 8.19962e-06
2.72 0.8 0.162137 0.841294 2.31152e-05
2.72 0.96 0.331007 0.672455 6.33104e-05
2.72 1.12 0.5783 0.424811 0.000142775
2.72 1.28 0.786626 0.216187 0.000243252
2.72 1.44 0.899912 0.102886 0.000341068
2.72 1.6 0.952153 0.0506939 0.000431188
2.72 1.76 0.97605 0.026891 0.000508704
2.72 1.92 0.986763 0.0162733 0.000562696
2.72 2.08 0.990141 0.0129675 0.000581678
2.72 2.24 0.987784 0.0153139 0.000560867
2.72 2.4 0.978707 0.0244049 0.000505573
2.72 2.56 0.958017 0.0451989 0.000427965
2.72 2.72 0.912198 0.0913019 0.000339771
2.72 2.88 0.809685 0.194184 0.000245996
2.72 3.04 0.609661 0.393861 0.000148887
2.72 3.2 0.355367 0.64686 6.83988e-05
2.72 3.36 0.173219 0.828566 2.55603e-05
2.72 3.52 0.0821004 0.919666 9.14114e-06
2.72 3.68 0.0410937 0.96044 3.53618e-06
2.72 3.84 0.0228173 0.978221 1.62287e-06
2.72 4 0.0156554 0.984833 1.00954e-06
2.72 4.16 0.0155498 0.984433 1.01258e-06
2.72 4.32 0.0223318 0.977178 1.63852e-06
2.72 4.48 0.0396658 0.959556 3.60902e-06
2.72 4.64 0.0787295 0.920413 9.49862e-06
2.72 4.8 0.16696 0.832439 2.7179e-05
2.72 4.96 0.346956 0.652375 7.41214e-05
2.72 5.12 0.599922 0.398393 0.000161607
2.72 5.28 0.80021 0.197783 0.000263554
2.72 5.44 0.904969 0.0932871 0.000355586
2.72 5.6 0.951577 0.046241 0.000433052
2.72 5.76 0.97333 0.0255755 0.000491058
2.72 5.92 0.982025 0.0176405 0.00052107
2.72 6.08 0.982368 0.0177486 0.000516915
2.72 6.24 0.974491 0.0259109 0.000479717
2.72 6.4 0.95352 0.0469819 0.00041738
2.72 6.56 0.905082 0.0954969 0.000339031
2.72 6.72 0.795447 0.205111 0.000248717
2.72 6.88 0.584758 0.415249 0.000149899
2.72 7.04 0.328725 0.670365 6.75308e-05
2.72 7.2 0.155381 0.84346 2.48408e-05
2.72 7.36 0.0725936 0.926238 8.90259e-06
2.72 7.52 0.0370609 0.961746 3.59641e-06
2.72 7.68 0.0228562 0.975896 1.90899e-06
2.72 7.84 0.0170285 0.981651 1.31869e-06
2.88 0 0.0128075 0.990685 6.45761e-07
2.88 0.16 0.0148935 0.988553 7.93681e-07
2.88 0.32 0.0229034 0.98051 1.41117e-06
2.88 0.48 0.0406686 0.962722 3.14539e-06
2.88 0.64 0.0785682 0.924823 8.1446e-06
2.88 0.8 0.161351 0.842092 2.29516e-05
2.88 0.96 0.329486 0.673958 6.29026e-05
2.88 1.12 0.576514 0.426546 0.000142121
2.88 1.28 0.785433 0.217283 0.000242577
2.88 1.44 0.899251 0.1034 0.000340455
2.88 1.6 0.951734 0.0509223 0.000430644
2.88 1.76 0.97572 0.0269955 0.000508275
2.88 1.92 0.986467 0.0163204 0.000562456
2.88 2.08 0.989869 0.0129837 0.000581682
2.88 2.24 0.987543 0.0153096 0.000561112
2.88 2.4 0.978508 0.0243826 0.000505994
2.88 2.56 0.957875 0.0451547 0.000428466
2.88 2.72 0.912134 0.0912224 0.000340264
2.88 2.88 0.80973 0.194045 0.000246413
2.88 3.04 0.609821 0.393655 0.000149178
2.88 3.2 0.355557 0.646658 6.85518e-05
2.88 3.36 0.173355 0.828446 2.56229e-05
2.88 3.52 0.0821819 0.919629 9.16423e-06
2.88 3.68 0.0411406 0.960463 3.5448e-06
2.88 3.84 0.0228434 0.978281 1.62624e-06
2.88 4 0.0156679 0.984914 1.01076e-06
2.88 4.16 0.015553 0.98452 1.01257e-06
2.88 4.32 0.0223298 0.977257 1.63722e-06
2.88 4.48 0.0396651 0.959615 3.60535e-06
2.88 4.64 0.078746 0.92044 9.48932e-06
2.88 4.8 0.167031 0.832395 2.71546e-05
2.88 4.96 0.347111 0.652215 7.40509e-05
2.88 5.12 0.600044 0.398209 0.000161414
2.88 5.28 0.800187 0.197692 0.000263198
2.88 5.44 0.904846 0.0932582 0.000355122
2.88 5.6 0.951402 0.0462309 0.000432559
2.88 5.76 0.97313 0.0255631 0.000490626
2.88 5.92 0.981825 0.0176127 0.000520782
2.88 6.08 0.982202 0.0176881 0.000516824
2.88 6.24 0.974408 0.025783 0.000479828
2.88 6.4 0.953616 0.0467023 0.000417667
2.88 6.56 0.905573 0.0948548 0.000339481
2.88 6.72 0.796754 0.203691 0.00024936
2.88 6.88 0.587034 0.412922 0.000150654
2.88 7.04 0.330741 0.668357 6.80453e-05
2.88 7.2 0.156415 0.842461 2.50533e-05
2.88 7.36 0.0730343 0.925855 8.97536e-06
2.88 7.52 0.0372571 0.961627 3.62259e-06
2.88 7.68 0.0229651 0.975882 1.92144e-06
2.88 7.84 0.0171048 0.98169 1.32672e-06
3.04 0 0.0127512 0.990879 6.41832e-07
3.04 0.16 0.014844 0.98872 7.89692e-07
3.04 0.32 0.0228313 0.980682 1.40407e-06
3.04 0.48 0.0405276 0.962945 3.1278e-06
3.04 0.64 0.0782515 0.925197 8.0934e-06
3.04 0.8 0.160621 0.842849 2.27994e-05
3.04 0.96 0.328073 0.675365 6.25218e-05
3.04 1.12 0.574854 0.428172 0.000141506
3.04 1.28 0.784332 0.21831 0.000241935
3.04 1.44 0.898651 0.10388 0.000339859
3.04 1.6 0.951361 0.0511353 0.000430095
3.04 1.76 0.97543 0.0270933 0.000507811
3.04 1.92 0.986207 0.0163659 0.000562141
3.04 2.08 0.989629 0.013003 0.000581569
3.04 2.24 0.987327 0.0153146 0.000561209
3.04 2.4 0.978324 0.0243807 0.00050625
3.04 2.56 0.957723 0.0451547 0.000428803
3.04 2.72 0.912002 0.0912427 0.000340598
3.04 2.88 0.809582 0.194126 0.000246673
3.04 3.04 0.609626 0.393822 0.000149322
3.04 3.2 0.355409 0.646805 6.86097e-05
3.04 3.36 0.173305 0.828526 2.56457e-05
3.04 3.52 0.0821788 0.919691 9.17357e-06
3.04 3.68 0.0411496 0.960538 3.54877e-06
3.04 3.84 0.022853 0.978372 1.62797e-06
3.04 4 0.015675 0.985016 1.01147e-06
3.04 4.16 0.0155587 0.984621 1.01269e-06
3.04 4.32 0.0223392 0.977343 1.63693e-06
3.04 4.48 0.0396917 0.959667 3.60488e-06
3.04 4.64 0.0788246 0.920422 9.4898e-06
3.04 4.8 0.16724 0.832228 2.71589e-05
3.04 4.96 0.347519 0.651817 7.40482e-05
3.04 5.12 0.600435 0.39777 0.000161318
3.04 5.28 0.800334 0.197452 0.000262935
3.04 5.44 0.904815 0.0931614 0.000354736
3.04 5.6 0.951283 0.0461912 0.000432138
3.04 5.76 0.97297 0.0255376 0.000490254
3.04 5.92 0.981659 0.0175793 0.000520537
3.04 6.08 0.982067 0.0176264 0.000516753
3.04 6.24 0.974352 0.0256574 0.000479938
3.04 6.4 0.953732 0.0464295 0.000417937
3.04 6.56 0.906074 0.0942278 0.000339906
3.04 6.72 0.798053 0.202301 0.000249973
3.04 6.88 0.589291 0.41063 0.000151387
3.04 7.04 0.332749 0.666372 6.85501e-05
3.04 7.2 0.15745 0.841481 2.52627e-05
3.04 7.36 0.0734753 0.925491 9.04706e-06
3.04 7.52 0.0374533 0.961529 3.64834e-06
3.04 7.68 0.0230739 0.975888 1.93366e-06
3.04 7.84 0.0171808 0.981743 1.33457e-06
3.2 0 0.0126987 0.99105 6.38201e-07
3.2 0.16 0.0147988 0.988869 7.86061e-07
3.2 0.32 0.0227668 0.980846 1.39771e-06
3.2 0.48 0.0404028 0.96316 3.11215e-06
3.2 0.64 0.0779728 0.925547 8.04794e-06
3.2 0.8 0.15998 0.843535 2.26642e-05
3.2 0.96 0.326834 0.676625 6.2183e-05
3.2 1.12 0.573404 0.429624 0.000140954
3.2 1.28 0.783382 0.219227 0.000241351
3.2 1.44 0.898153 0.10431 0.000339308
3.2 1.6 0.951069 0.0513259 0.000429571
3.2 1.76 0.975214 0.0271814 0.00050735
3.2 1.92 0.98602 0.0164084 0.000561797
3.2 2.08 0.989459 0.0130238 0.000581387
3.2 2.24 0.987173 0.0153262 0.000561205
3.2 2.4 0.978188 0.0243937 0.000506387
3.2 2.56 0.957597 0.0451861 0.000429013
3.2 2.72 0.91185 0.0913323 0.000340808
3.2 2.88 0.809325 0.194357 0.000246814
3.2 3.04 0.609211 0.394238 0.000149358
3.2 3.2 0.355044 0.64719 6.85997e-05
3.2 3.36 0.173131 0.828743 2.56399e-05
3.2 3.52 0.0821186 0.919818 9.17291e-06
3.2 3.68 0.0411316 0.96064 3.54927e-06
3.2 3.84 0.0228506 0.978473 1.62845e-06
3.2 4 0.0156771 0.985119 1.01173e-06
3.2 4.16 0.0155648 0.98472 1.01282e-06
3.2 4.32 0.0223542 0.977425 1.63714e-06
3.2 4.48 0.0397321 0.95971 3.60608e-06
3.2 4.64 0.0789346 0.920383 9.49544e-06
3.2 4.8 0.167519 0.832006 2.71785e-05
3.2 4.96 0.348054 0.651312 7.4082e-05
3.2 5.12 0.60097 0.397217 0.000161278
3.2 5.28 0.800585 0.197143 0.00026273
3.2 5.44 0.904859 0.0930341 0.000354406
3.2 5.6 0.951228 0.0461386 0.000431769
3.2 5.76 0.972873 0.0255071 0.000489925
3.2 5.92 0.981555 0.0175456 0.000520317
3.2 6.08 0.981989 0.0175688 0.000516686
3.2 6.24 0.974344 0.0255423 0.00048003
3.2 6.4 0.953875 0.04618 0.00041817
3.2 6.56 0.906568 0.0936535 0.00034028
3.2 6.72 0.79928 0.201023 0.000250525
3.2 6.88 0.591403 0.408514 0.000152056
3.2 7.04 0.334632 0.664533 6.90159e-05
3.2 7.2 0.158421 0.840578 2.54565e-05
3.2 7.36 0.073889 0.925163 9.11341e-06
3.2 7.52 0.0376372 0.961449 3.67212e-06
3.2 7.68 0.0231756 0.9759 1.9449e-06
3.2 7.84 0.0172517 0.98179 1.34176e-06
3.36 0 0.0126583 0.99117 6.3531e-07
3.36 0.16 0.014762 0.988986 7.83036e-07
3.36 0.32 0.0227136 0.980983 1.39236e-06
3.36 0.48 0.0403 0.963341 3.09898e-06
3.36 0.64 0.0777435 0.92584 8.00977e-06
3.36 0.8 0.159452 0.844102 2.25507e-05
3.36 0.96 0.325812 0.67766 6.18963e-05
3.36 1.12 0.572193 0.430816 0.000140477
3.36 1.28 0.78257 0.21998 0.000240829
3.36 1.44 0.897703 0.104661 0.000338792
3.36 1.6 0.950786 0.0514818 0.000429058
3.36 1.76 0.974992 0.0272537 0.000506873
3.36 1.92 0.985823 0.0164439 0.000561404
3.36 2.08 0.989276 0.0130427 0.000581118
3.36 2.24 0.986999 0.0153398 0.000561084
3.36 2.4 0.978022 0.0244128 0.000506389
3.36 2.56 0.957427 0.0452311 0.000429088
3.36 2.72 0.911634 0.0914517 0.000340894
3.36 2.88 0.80897 0.194651 0.000246849
3.36 3.04 0.608661 0.39476 0.000149314
3.36 3.2 0.35456 0.647672 6.85446e-05
3.36 3.36 0.17289 0.829011 2.56159e-05
3.36 3.52 0.082027 0.919961 9.16586e-06
3.36 3.68 0.0410987 0.96074 3.54751e-06
3.36 3.84 0.0228407 0.978562 1.62804e-06
3.36 4 0.0156758 0.985205 1.01164e-06
3.36 4.16 0.0155695 0.9848 1.0128e-06
3.36 4.32 0.0223693 0.977489 1.63737e-06
3.36 4.48 0.0397734 0.959739 3.60751e-06
3.36 4.64 0.0790453 0.92033 9.50168e-06
3.36 4.8 0.167796 0.831773 2.71993e-05
3.36 4.96 0.348579 0.650797 7.41182e-05
3.36 5.12 0.601483 0.396657 0.000161243
3.36 5.28 0.800809 0.196829 0.000262528
3.36 5.44 0.904872 0.0929023 0.000354074
3.36 5.6 0.951144 0.0460838 0.000431389
3.36 5.76 0.97275 0.0254766 0.00048957
3.36 5.92 0.981426 0.0175145 0.000520051
3.36 6.08 0.981882 0.0175179 0.00051655
3.36 6.24 0.974295 0.0254421 0.000480034
3.36 6.4 0.953954 0.0459637 0.000418304
3.36 6.56 0.906951 0.0931564 0.000340547
3.36 6.72 0.800303 0.199918 0.00025096
3.36 6.88 0.593208 0.406679 0.000152612
3.36 7.04 0.33626 0.662931 6.94113e-05
3.36 7.2 0.159263 0.839789 2.56221e-05
3.36 7.36 0.074248 0.924875 9.17011e-06
3.36 7.52 0.0377966 0.961377 3.6924e-06
3.36 7.68 0.0232637 0.97591 1.95448e-06
3.36 7.84 0.0173128 0.98182 1.34787e-06
3.52 0 0.012631 0.991249 6.33226e-07
3.52 0.16 0.0147354 0.989062 7.80731e-07
3.52 0.32 0.0226739 0.981066 1.38819e-06
3.52 0.48 0.0402229 0.963454 3.08872e-06
3.52 0.64 0.0775713 0.926034 7.98003e-06
3.52 0.8 0.159056 0.844499 2.2462e-05
3.52 0.96 0.325037 0.678407 6.16699e-05
3.52 1.12 0.571263 0.43169 0.000140091
3.52 1.28 0.781924 0.220535 0.000240385
3.52 1.44 0.897321 0.104921 0.000338331
3.52 1.6 0.950527 0.0515971 0.000428581
3.52 1.76 0.97478 0.0273076 0.000506408
3.52 1.92 0.98563 0.0164708 0.000560994
3.52 2.08 0.989094 0.013058 0.000580801
3.52 2.24 0.98682 0.0153524 0.000560884
3.52 2.4 0.977842 0.0244327 0.000506292
3.52 2.56 0.957233 0.0452777 0.000429059
3.52 2.72 0.911386 0.0915723 0.000340885
3.52 2.88 0.808578 0.194943 0.000246808
3.52 3.04 0.608076 0.395271 0.000149222
3.52 3.2 0.354053 0.648129 6.84665e-05
3.52 3.36 0.172636 0.829246 2.55832e-05
3.52 3.52 0.0819274 0.92007 9.15572e-06
3.52 3.68 0.0410615 0.960805 3.54459e-06
3.52 3.84 0.0228279 0.978615 1.62714e-06
3.52 4 0.0156721 0.985255 1.01126e-06
3.52 4.16 0.0155716 0.984845 1.01254e-06
3.52 4.32 0.0223795 0.97752 1.63718e-06
3.52 4.48 0.0398034 0.959738 3.60781e-06
3.52 4.64 0.0791278 0.920262 9.50431e-06
3.52 4.8 0.168004 0.831559 2.72089e-05
3.52 4.96 0.34897 0.650369 7.41272e-05
3.52 5.12 0.601851 0.396206 0.000161172
3.52 5.28 0.80094 0.196578 0.000262301
3.52 5.44 0.904835 0.0927979 0.000353722
3.52 5.6 0.95103 0.0460405 0.000430981
3.52 5.76 0.972607 0.0254527 0.000489171
3.52 5.92 0.981282 0.0174901 0.00051972
3.52 6.08 0.981755 0.0174777 0.000516326
3.52 6.24 0.974212 0.0253628 0.000479932
3.52 6.4 0.95397 0.0457929 0.000418319
3.52 6.56 0.907205 0.092765 0.000340686
3.52 6.72 0.80106 0.199049 0.00025125
3.52 6.88 0.594589 0.405229 0.000153017
3.52 7.04 0.337521 0.661649 6.9709e-05
3.52 7.2 0.159919 0.839142 2.57482e-05
3.52 7.36 0.0745274 0.924623 9.21336e-06
3.52 7.52 0.0379204 0.961293 3.70784e-06
3.52 7.68 0.0233321 0.97589 1.96176e-06
3.52 7.84 0.0173605 0.981835 1.35252e-06
3.68 0 0.0126148 0.991279 6.31862e-07
3.68 0.16 0.0147191 0.989095 7.79171e-07
3.68 0.32 0.0226494 0.981112 1.38536e-06
3.68 0.48 0.0401754 0.963522 3.08174e-06
3.68 0.64 0.0774647 0.926152 7.95984e-06
3.68 0.8 0.158808 0.844738 2.24014e-05
3.68 0.96 0.32455 0.67886 6.15127e-05
3.68 1.12 0.570665 0.432225 0.00013981
3.68 1.28 0.781489 0.220878 0.000240037
3.68 1.44 0.897043 0.105082 0.000337945
3.68 1.6 0.950323 0.0516692 0.000428164
3.68 1.76 0.974608 0.0273417 0.000505985
3.68 1.92 0.985472 0.0164884 0.000560602
3.68 2.08 0.988942 0.0130686 0.000580475
3.68 2.24 0.986667 0.0153621 0.000560643
3.68 2.4 0.977681 0.024449 0.000506132
3.68 2.56 0.957053 0.0453163 0.000428958
3.68 2.72 0.911157 0.0916718 0.000340812
3.68 2.88 0.808229 0.195183 0.000246725
3.68 3.04 0.607574 0.395687 0.000149115
3.68 3.2 0.353623 0.648496 6.83886e-05
3.68 3.36 0.172422 0.829429 2.55515e-05
3.68 3.52 0.0818433 0.92015 9.14577e-06
3.68 3.68 0.0410302 0.960851 3.54159e-06
3.68 3.84 0.0228163 0.978654 1.6261e-06
3.68 4 0.0156675 0.985292 1.01071e-06
3.68 4.16 0.0155701 0.984878 1.01198e-06
3.68 4.32 0.0223813 0.977544 1.63628e-06
3.68 4.48 0.0398137 0.959742 3.60604e-06
3.68 4.64 0.0791618 0.920225 9.50034e-06
3.68 4.8 0.168097 0.831444 2.71982e-05
3.68 4.96 0.349146 0.650143 7.40886e-05
3.68 5.12 0.601994 0.395974 0.00016104
3.68 5.28 0.800944 0.196454 0.00026203
3.68 5.44 0.904747 0.0927489 0.00035334
3.68 5.6 0.950904 0.0460213 0.00043054
3.68 5.76 0.97247 0.0254414 0.000488724
3.68 5.92 0.981148 0.017476 0.000519318
3.68 6.08 0.981634 0.0174517 0.000516009
3.68 6.24 0.974119 0.0253098 0.000479718
3.68 6.4 0.953942 0.0456781 0.000418211
3.68 6.56 0.907335 0.0925027 0.000340687
3.68 6.72 0.801527 0.198468 0.00025138
3.68 6.88 0.595479 0.40426 0.00015325
3.68 7.04 0.338346 0.660789 6.9892e-05
3.68 7.2 0.160349 0.838707 2.58271e-05
3.68 7.36 0.074711 0.924455 9.24058e-06
3.68 7.52 0.0380019 0.961237 3.71756e-06
3.68 7.68 0.023377 0.975872 1.96632e-06
3.68 7.84 0.0173917 0.98184 1.35541e-06
3.84 0 0.0126079 0.991247 6.31125e-07
3.84 0.16 0.0147122 0.989063 7.7832e-07
3.84 0.32 0.0226397 0.981084 1.38383e-06
3.84 0.48 0.040157 0.963505 3.07804e-06
3.84 0.64 0.0774237 0.926156 7.94922e-06
3.84 0.8 0.158712 0.844789 2.23694e-05
3.84 0.96 0.324354 0.678993 6.14263e-05
3.84 1.12 0.570407 0.432398 0.000139639
3.84 1.28 0.781268 0.220992 0.000239793
3.84 1.44 0.896869 0.105137 0.000337642
3.84 1.6 0.950174 0.051695 0.000427817
3.84 1.76 0.974473 0.0273546 0.000505618
3.84 1.92 0.985346 0.0164954 0.000560245
3.84 2.08 0.988818 0.013073 0.000580156
3.84 2.24 0.98654 0.0153666 0.000560381
3.84 2.4 0.977543 0.0244575 0.000505931
3.84 2.56 0.956898 0.0453376 0.000428808
3.84 2.72 0.910968 0.0917289 0.000340696
3.84 2.88 0.807968 0.195324 0.000246622
3.84 3.04 0.607225 0.395929 0.000149017
3.84 3.2 0.353336 0.648692 6.83259e-05
3.84 3.36 0.172281 0.829498 2.55268e-05
3.84 3.52 0.0817887 0.920148 9.138e-06
3.84 3.68 0.0410098 0.960825 3.53914e-06
3.84 3.84 0.0228078 0.978623 1.62512e-06
3.84 4 0.015662 0.985261 1.01001e-06
3.84 4.16 0.0155635 0.984848 1.01101e-06
3.84 4.32 0.0223709 0.977513 1.63435e-06
3.84 4.48 0.0397957 0.959712 3.60128e-06
3.84 4.64 0.0791285 0.920203 9.48707e-06
3.84 4.8 0.168032 0.831444 2.71595e-05
3.84 4.96 0.34903 0.650177 7.39851e-05
3.84 5.12 0.601835 0.396027 0.000160825
3.84 5.28 0.800778 0.196495 0.000261699
3.84 5.44 0.904589 0.0927717 0.000352916
3.84 5.6 0.950756 0.0460331 0.000430057
3.84 5.76 0.972333 0.0254459 0.00048822
3.84 5.92 0.981021 0.017474 0.000518839
3.84 6.08 0.981516 0.0174412 0.000515592
3.84 6.24 0.974013 0.025285 0.000479385
3.84 6.4 0.953864 0.0456235 0.000417971
3.84 6.56 0.907328 0.0923801 0.000340543
3.84 6.72 0.801675 0.198202 0.000251338
3.84 6.88 0.595821 0.403821 0.000153295
3.84 7.04 0.338676 0.660388 6.99468e-05
3.84 7.2 0.160522 0.838483 2.58528e-05
3.84 7.36 0.0747844 0.924346 9.24956e-06
3.84 7.52 0.0380341 0.961184 3.72075e-06
3.84 7.68 0.0233947 0.975848 1.9678e-06
3.84 7.84 0.0174039 0.981815 1.35634e-06
4 0 0.0126089 0.991152 6.30953e-07
4 0.16 0.0147141 0.988965 7.78139e-07
4 0.32 0.0226437 0.980981 1.38356e-06
4 0.48 0.0401663 0.963398 3.07751e-06
4 0.64 0.0774459 0.926041 7.94794e-06
4 0.8 0.158763 0.844649 2.23654e-05
4 0.96 0.324448 0.678813 6.14102e-05
4 1.12 0.570494 0.432225 0.00013958
4 1.28 0.781282 0.220892 0.000239658
4 1.44 0.89683 0.105094 0.000337436
4 1.6 0.950118 0.0516787 0.00042756
4 1.76 0.974416 0.0273484 0.000505331
4 1.92 0.985292 0.016493 0.00055995
4 2.08 0.988765 0.0130719 0.000579875
4 2.24 0.986481 0.0153659 0.000560131
4 2.4 0.977474 0.0244573 0.00050572
4 2.56 0.956814 0.0453391 0.000428637
4 2.72 0.910868 0.0917361 0.000340562
4 2.88 0.807847 0.195344 0.00024652
4 3.04 0.607091 0.395957 0.000148946
4 3.2 0.353239 0.648677 6.82897e-05
4 3.36 0.172238 0.829425 2.55138e-05
4 3.52 0.0817736 0.920046 9.1339e-06
4 3.68 0.0410043 0.960712 3.53771e-06
4 3.84 0.0228038 0.978506 1.62435e-06
4 4 0.0156557 0.985146 1.00919e-06
4 4.16 0.0155512 0.984738 1.0096e-06
4 4.32 0.0223463 0.977416 1.63123e-06
4 4.48 0.039745 0.959643 3.5931e-06
4 4.64 0.0790179 0.920198 9.46316e-06
4 4.8 0.167789 0.831576 2.70889e-05
4 4.96 0.348586 0.650517 7.38085e-05
4 5.12 0.601344 0.396419 0.000160519
4 5.28 0.800442 0.196733 0.000261308
4 5.44 0.904386 0.0928833 0.000352461
4 5.6 0.950623 0.0460837 0.000429547
4 5.76 0.972235 0.0254702 0.00048768
4 5.92 0.98094 0.0174865 0.000518302
4 6.08 0.981441 0.0174485 0.000515095
4 6.24 0.973934 0.0252912 0.000478954
4 6.4 0.953772 0.0456341 0.000417617
4 6.56 0.907213 0.0924068 0.000340265
4 6.72 0.801515 0.198269 0.000251128
4 6.88 0.595609 0.403934 0.000153149
4 7.04 0.338497 0.660463 6.98701e-05
4 7.2 0.160429 0.838471 2.58235e-05
4 7.36 0.0747428 0.924281 9.23967e-06
4 7.52 0.0380148 0.961101 3.71714e-06
4 7.68 0.0233837 0.975762 1.96606e-06
4 7.84 0.0173962 0.981729 1.35522e-06
4.16 0 0.0126174 0.991018 6.3131e-07
4.16 0.16 0.0147242 0.988829 7.78595e-07
4.16 0.32 0.0226611 0.980841 1.3845e-06
4.16 0.48 0.0402026 0.963245 3.08003e-06
4.16 0.64 0.0775294 0.925853 7.95557e-06
4.16 0.8 0.158956 0.844367 2.2388e-05
4.16 0.96 0.324819 0.678367 6.14606e-05
4.16 1.12 0.570913 0.431742 0.000139626
4.16 1.28 0.781526 0.220599 0.000239627
4.16 1.44 0.896928 0.104964 0.000337321
4.16 1.6 0.950154 0.0516241 0.000427383
4.16 1.76 0.974433 0.0273247 0.000505113
4.16 1.92 0.985304 0.0164816 0.000559706
4.16 2.08 0.988774 0.013065 0.00057962
4.16 2.24 0.986484 0.0153595 0.000559883
4.16 2.4 0.977471 0.0244474 0.000505493
4.16 2.56 0.956807 0.0453187 0.000428444
4.16 2.72 0.910872 0.0916887 0.000340413
4.16 2.88 0.807896 0.195236 0.000246426
4.16 3.04 0.607212 0.395759 0.000148911
4.16 3.2 0.353366 0.648452 6.82863e-05
4.16 3.36 0.172312 0.829236 2.55152e-05
4.16 3.52 0.0818068 0.919882 9.1345e-06
4.16 3.68 0.0410175 0.960555 3.53767e-06
4.16 3.84 0.0228064 0.97835 1.62393e-06
4.16 4 0.0156497 0.984993 1.00832e-06
4.16 4.16 0.0155338 0.984596 1.00781e-06
4.16 4.32 0.0223084 0.9773 1.62699e-06
4.16 4.48 0.0396629 0.959581 3.5816e-06
4.16 4.64 0.078832 0.920253 9.42883e-06
4.16 4.8 0.167369 0.83188 2.69869e-05
4.16 4.96 0.347819 0.651192 7.35595e-05
4.16 5.12 0.600528 0.397168 0.000160124
4.16 5.28 0.799943 0.19718 0.000260858
4.16 5.44 0.904143 0.0930872 0.000351973
4.16 5.6 0.950506 0.0461744 0.000429008
4.16 5.76 0.972173 0.0255145 0.000487097
4.16 5.92 0.980901 0.0175133 0.000517703
4.16 6.08 0.981404 0.017473 0.000514513
4.16 6.24 0.97388 0.0253275 0.00047842
4.16 6.4 0.953672 0.0457077 0.000417148
4.16 6.56 0.907003 0.0925783 0.000339857
4.16 6.72 0.801071 0.198659 0.000250757
4.16 6.88 0.594876 0.404591 0.000152822
4.16 7.04 0.337839 0.661017 6.96686e-05
4.16 7.2 0.160084 0.838696 2.57423e-05
4.16 7.36 0.0745939 0.924299 9.212e-06
4.16 7.52 0.0379477 0.96103 3.70717e-06
4.16 7.68 0.0233464 0.97566 1.96132e-06
4.16 7.84 0.0173702 0.981613 1.35218e-06
4.32 0 0.0126327 0.990875 6.3217e-07
4.32 0.16 0.0147418 0.988684 7.79641e-07
4.32 0.32 0.0226904 0.980687 1.38654e-06
4.32 0.48 0.0402627 0.963073 3.0853e-06
4.32 0.64 0.0776667 0.925625 7.97123e-06
4.32 0.8 0.159275 0.843987 2.24345e-05
4.32 0.96 0.325436 0.677717 6.15712e-05
4.32 1.12 0.571632 0.431011 0.000139768
4.32 1.28 0.781986 0.220147 0.000239693
4.32 1.44 0.897156 0.104759 0.000337292
4.32 1.6 0.950275 0.0515371 0.000427283
4.32 1.76 0.974513 0.0272858 0.000504956
4.32 1.92 0.985368 0.0164622 0.000559502
4.32 2.08 0.988831 0.013053 0.000579383
4.32 2.24 0.986539 0.0153475 0.00055963
4.32 2.4 0.977527 0.024428 0.000505247
4.32 2.56 0.956878 0.0452771 0.000428229
4.32 2.72 0.910988 0.0915894 0.000340251
4.32 2.88 0.808126 0.195006 0.000246344
4.32 3.04 0.607595 0.395355 0.000148915
4.32 3.2 0.353721 0.648046 6.83168e-05
4.32 3.36 0.172503 0.828959 2.55314e-05
4.32 3.52 0.0818889 0.919685 9.13999e-06
4.32 3.68 0.04105 0.960383 3.5391e-06
4.32 3.84 0.022816 0.978184 1.62392e-06
4.32 4 0.0156447 0.984833 1.00747e-06
4.32 4.16 0.0155125 0.984454 1.00572e-06
4.32 4.32 0.0222589 0.977195 1.62183e-06
4.32 4.48 0.0395531 0.959553 3.5673e-06
4.32 4.64 0.0785789 0.92039 9.38557e-06
4.32 4.8 0.166792 0.832368 2.68579e-05
4.32 4.96 0.346761 0.6522 7.32481e-05
4.32 5.12 0.599423 0.398263 0.000159653
4.32 5.28 0.799308 0.197825 0.000260366
4.32 5.44 0.903872 0.093378 0.000351468
4.32 5.6 0.950405 0.0463023 0.000428456
4.32 5.76 0.972141 0.0255771 0.000486488
4.32 5.92 0.980894 0.017553 0.000517056
4.32 6.08 0.981397 0.0175127 0.000513863
4.32 6.24 0.973847 0.0253905 0.000477802
4.32 6.4 0.953567 0.0458383 0.000416583
4.32 6.56 0.906719 0.0928816 0.000339338
4.32 6.72 0.800391 0.199346 0.000250249
4.32 6.88 0.593694 0.405747 0.000152337
4.32 7.04 0.336764 0.662021 6.93587e-05
4.32 7.2 0.159523 0.839154 2.56161e-05
4.32 7.36 0.0743522 0.924415 9.16898e-06
4.32 7.52 0.0378394 0.960993 3.69173e-06
4.32 7.68 0.0232863 0.975566 1.954e-06
4.32 7.84 0.0173284 0.9815 1.3475e-06
4.48 0 0.0126549 0.990751 6.3352e-07
4.48 0.16 0.014766 0.988561 7.81222e-07
4.48 0.32 0.0227296 0.980557 1.38951e-06
4.48 0.48 0.0403418 0.962915 3.09282e-06
4.48 0.64 0.0778457 0.925386 7.99328e-06
4.48 0.8 0.159688 0.843539 2.24998e-05
4.48 0.96 0.326236 0.676908 6.17279e-05
4.48 1.12 0.572567 0.430084 0.000139983
4.48 1.28 0.782585 0.21957 0.000239829
4.48 1.44 0.897453 0.104496 0.00033732
4.48 1.6 0.950429 0.0514235 0.000427227
4.48 1.76 0.974609 0.0272341 0.000504827
4.48 1.92 0.98544 0.016436 0.000559304
4.48 2.08 0.988893 0.0130362 0.000579125
4.48 2.24 0.9866 0.0153305 0.000559336
4.48 2.4 0.977597 0.0243998 0.000504949
4.48 2.56 0.956977 0.0452161 0.000427962
4.48 2.72 0.911165 0.0914437 0.000340052
4.48 2.88 0.808483 0.194669 0.000246253
4.48 3.04 0.608187 0.39477 0.00014894
4.48 3.2 0.354265 0.647488 6.83724e-05
4.48 3.36 0.172794 0.828624 2.55593e-05
4.48 3.52 0.0820136 0.91949 9.14941e-06
4.48 3.68 0.0411001 0.960243 3.54177e-06
4.48 3.84 0.0228325 0.978064 1.62428e-06
4.48 4 0.0156413 0.984725 1.00667e-06
4.48 4.16 0.0154888 0.984366 1.00345e-06
4.48 4.32 0.0222013 0.977147 1.61604e-06
4.48 4.48 0.0394224 0.959591 3.55098e-06
4.48 4.64 0.0782733 0.920618 9.33559e-06
4.48 4.8 0.166087 0.833015 2.67077e-05
4.48 4.96 0.34546 0.653477 7.28871e-05
4.48 5.12 0.598064 0.399637 0.000159122
4.48 5.28 0.798531 0.198629 0.000259839
4.48 5.44 0.903543 0.0937376 0.000350949
4.48 5.6 0.95028 0.0464589 0.000427891
4.48 5.76 0.972097 0.0256535 0.000485854
4.48 5.92 0.980877 0.0176023 0.000516363
4.48 6.08 0.981376 0.0175642 0.000513145
4.48 6.24 0.973793 0.0254747 0.000477101
4.48 6.4 0.953423 0.046014 0.000415925
4.48 6.56 0.906342 0.0932907 0.000338716
4.48 6.72 0.799492 0.200273 0.000249619
4.48 6.88 0.592132 0.407307 0.00015172
4.48 7.04 0.335351 0.663388 6.89602e-05
4.48 7.2 0.158789 0.839816 2.54539e-05
4.48 7.36 0.0740386 0.924641 9.11387e-06
4.48 7.52 0.0377001 0.961031 3.67201e-06
4.48 7.68 0.0232094 0.975531 1.94467e-06
4.48 7.84 0.017275 0.981435 1.34158e-06
4.64 0 0.0126841 0.990654 6.35376e-07
4.64 0.16 0.0147955 0.988463 7.83254e-07
4.64 0.32 0.0227749 0.980441 1.39311e-06
4.64 0.48 0.0404315 0.962755 3.1017e-06
4.64 0.64 0.0780475 0.925118 8.01904e-06
4.64 0.8 0.160153 0.843019 2.25757e-05
4.64 0.96 0.327133 0.675969 6.19105e-05
4.64 1.12 0.573601 0.429014 0.000140236
4.64 1.28 0.783233 0.218906 0.000240001
4.64 1.44 0.897762 0.104192 0.000337375
4.64 1.6 0.950579 0.0512919 0.000427187
4.64 1.76 0.974693 0.0271737 0.000504695
4.64 1.92 0.985495 0.0164051 0.000559079
4.64 2.08 0.988936 0.0130162 0.000578817
4.64 2.24 0.986645 0.0153101 0.000558969
4.64 2.4 0.977655 0.0243656 0.000504568
4.64 2.56 0.95707 0.0451415 0.000427613
4.64 2.72 0.911351 0.091264 0.000339784
4.64 2.88 0.808889 0.194252 0.00024612
4.64 3.04 0.608889 0.394044 0.000148959
4.64 3.2 0.354921 0.646799 6.84348e-05
4.64 3.36 0.173146 0.828224 2.55914e-05
4.64 3.52 0.0821642 0.919284 9.16031e-06
4.64 3.68 0.041161 0.960123 3.54488e-06
4.64 3.84 0.022853 0.97798 1.62476e-06
4.64 4 0.015639 0.984662 1.00587e-06
4.64 4.16 0.0154639 0.984323 1.00109e-06
4.64 4.32 0.0221388 0.977141 1.60991e-06
4.64 4.48 0.0392781 0.959665 3.53343e-06
4.64 4.64 0.0779314 0.920887 9.28129e-06
4.64 4.8 0.165292 0.833738 2.65437e-05
4.64 4.96 0.343979 0.654904 7.24926e-05
4.64 5.12 0.596498 0.401182 0.00015855
4.64 5.28 0.797622 0.199535 0.000259292
4.64 5.44 0.903146 0.0941411 0.00035043
4.64 5.6 0.950117 0.0466335 0.000427327
4.64 5.76 0.972024 0.0257384 0.00048521
4.64 5.92 0.980831 0.0176577 0.000515643
4.64 6.08 0.981325 0.0176236 0.00051238
4.64 6.24 0.973705 0.0255735 0.000476334
4.64 6.4 0.953227 0.0462213 0.00041519
4.64 6.56 0.905867 0.093773 0.000338006
4.64 6.72 0.798398 0.201363 0.000248886
4.64 6.88 0.590271 0.409133 0.000150998
4.64 7.04 0.333689 0.664979 6.84955e-05
4.64 7.2 0.157932 0.840593 2.52654e-05
4.64 7.36 0.073675 0.924927 9.05003e-06
4.64 7.52 0.0375396 0.961113 3.64918e-06
4.64 7.68 0.0231212 0.975536 1.93387e-06
4.64 7.84 0.017214 0.981414 1.33488e-06
4.8 0 0.0127208 0.990577 6.37799e-07
4.8 0.16 0.0148286 0.98839 7.85764e-07
4.8 0.32 0.0228229 0.980352 1.39768e-06
4.8 0.48 0.0405244 0.962614 3.11326e-06
4.8 0.64 0.0782554 0.924857 8.05337e-06
4.8 0.8 0.160632 0.842485 2.26796e-05
4.8 0.96 0.328057 0.674988 6.2175e-05
4.8 1.12 0.574659 0.427894 0.000140676
4.8 1.28 0.783877 0.218208 0.000240482
4.8 1.44 0.898043 0.103871 0.000337858
4.8 1.6 0.950685 0.0511506 0.000427679
4.8 1.76 0.974722 0.0271078 0.000505174
4.8 1.92 0.985489 0.0163709 0.000559505
4.8 2.08 0.988915 0.0129942 0.000579157
4.8 2.24 0.986627 0.0152878 0.000559201
4.8 2.4 0.977657 0.0243284 0.000504703
4.8 2.56 0.957118 0.0450604 0.000427683
4.8 2.72 0.91151 0.0910691 0.000339836
4.8 2.88 0.809296 0.1938 0.000246213
4.8 3.04 0.609628 0.393261 0.000149112
4.8 3.2 0.355618 0.646065 6.8558e-05
4.8 3.36 0.173521 0.827819 2.56441e-05
4.8 3.52 0.0823231 0.9191 9.17726e-06
4.8 3.68 0.0412254 0.960042 3.54977e-06
4.8 3.84 0.0228746 0.977946 1.62586e-06
4.8 4 0.0156374 0.984652 1.00544e-06
4.8 4.16 0.0154392 0.984333 9.9917e-07
4.8 4.32 0.022076 0.977181 1.6047e-06
4.8 4.48 0.0391311 0.959778 3.51846e-06
4.8 4.64 0.0775794 0.921189 9.23516e-06
4.8 4.8 0.164466 0.834497 2.64061e-05
4.8 4.96 0.342429 0.656389 7.21778e-05
4.8 5.12 0.594845 0.402791 0.000158171
4.8 5.28 0.796644 0.200475 0.000259083
4.8 5.44 0.902691 0.0945565 0.000350378
4.8 5.6 0.949895 0.0468112 0.000427331
4.8 5.76 0.971888 0.025824 0.000485198
4.8 5.92 0.980719 0.0177141 0.000515574
4.8 6.08 0.981207 0.0176855 0.000512239
4.8 6.24 0.973549 0.0256783 0.000476124
4.8 6.4 0.952966 0.046443 0.000414917
4.8 6.56 0.905315 0.0942908 0.000337647
4.8 6.72 0.797192 0.202534 0.000248383
4.8 6.88 0.588257 0.411093 0.000150385
4.8 7.04 0.331911 0.666683 6.80672e-05
4.8 7.2 0.157022 0.841439 2.50872e-05
4.8 7.36 0.0732906 0.925263 8.98917e-06
4.8 7.52 0.0373708 0.961244 3.6275e-06
4.8 7.68 0.0230289 0.975593 1.92368e-06
4.8 7.84 0.0171502 0.981436 1.32819e-06
4.96 0 0.0127636 0.990501 6.40666e-07
4.96 0.16 0.0148623 0.988317 7.88451e-07
4.96 0.32 0.0228683 0.980259 1.40229e-06
4.96 0.48 0.040611 0.962472 3.12472e-06
4.96 0.64 0.0784502 0.924601 8.08726e-06
4.96 0.8 0.161085 0.841968 2.27821e-05
4.96 0.96 0.328933 0.674037 6.24364e-05
4.96 1.12 0.575651 0.426805 0.000141111
4.96 1.28 0.78445 0.217526 0.000240958
4.96 1.44 0.898246 0.103553 0.000338326
4.96 1.6 0.950704 0.0510089 0.000428138
4.96 1.76 0.974658 0.0270408 0.00050559
4.96 1.92 0.985384 0.016336 0.000559836
4.96 2.08 0.988793 0.012972 0.000579372
4.96 2.24 0.986511 0.0152661 0.000559286
4.96 2.4 0.977566 0.0242928 0.000504686
4.96 2.56 0.95708 0.0449828 0.000427613
4.96 2.72 0.911592 0.0908823 0.000339772
4.96 2.88 0.809634 0.193368 0.000246218
4.96 3.04 0.610301 0.392514 0.00014921
4.96 3.2 0.356265 0.645371 6.86533e-05
4.96 3.36 0.173865 0.827441 2.5686e-05
4.96 3.52 0.0824661 0.918931 9.1904e-06
4.96 3.68 0.0412819 0.959967 3.5533e-06
4.96 3.84 0.0228923 0.977912 1.62648e-06
4.96 4 0.0156346 0.984639 1.00489e-06
4.96 4.16 0.0154158 0.984337 9.97407e-07
4.96 4.32 0.0220171 0.977214 1.60005e-06
4.96 4.48 0.0389925 0.95988 3.50502e-06
4.96 4.64 0.0772448 0.921471 9.19335e-06
4.96 4.8 0.163675 0.835213 2.62807e-05
4.96 4.96 0.340934 0.6578 7.18916e-05
4.96 5.12 0.593229 0.404328 0.000157838
4.96 5.28 0.795656 0.201369 0.00025893
4.96 5.44 0.902185 0.0949472 0.000350384
4.96 5.6 0.949599 0.0469758 0.000427386
4.96 5.76 0.971664 0.0259025 0.000485224
4.96 5.92 0.980513 0.0177662 0.000515525
4.96 6.08 0.980994 0.0177446 0.000512097
4.96 6.24 0.973303 0.0257807 0.000475896
4.96 6.4 0.952624 0.0466616 0.000414616
4.96 6.56 0.904697 0.0948033 0.000337259
4.96 6.72 0.795944 0.203696 0.000247857
4.96 6.88 0.586235 0.413031 0.000149763
4.96 7.04 0.330148 0.668357 6.76386e-05
4.96 7.2 0.156126 0.842265 2.49101e-05
4.96 7.36 0.0729133 0.925588 8.92881e-06
4.96 7.52 0.0372053 0.961363 3.60594e-06
4.96 7.68 0.0229386 0.975636 1.9135e-06
4.96 7.84 0.0170881 0.98146 1.32166e-06
5.12 0 0.012804 0.990416 6.43531e-07
5.12 0.16 0.0148921 0.98825 7.91053e-07
5.12 0.32 0.022907 0.980189 1.40666e-06
5.12 0.48 0.0406846 0.962366 3.13546e-06
5.12 0.64 0.0786178 0.924397 8.11888e-06
5.12 0.8 0.16148 0.841532 2.28778e-05
5.12 0.96 0.329703 0.673212 6.26817e-05
5.12 1.12 0.576526 0.42585 0.000141525
5.12 1.28 0.784956 0.216924 0.000241423
5.12 1.44 0.898428 0.103271 0.000338788
5.12 1.6 0.950725 0.0508816 0.000428583
5.12 1.76 0.974605 0.0269801 0.000505971
5.12 1.92 0.985296 0.0163048 0.000560104
5.12 2.08 0.988689 0.0129536 0.000579492
5.12 2.24 0.986411 0.01525 0.000559252
5.12 2.4 0.977484 0.0242673 0.00050454
5.12 2.56 0.95704 0.0449252 0.000427416
5.12 2.72 0.911648 0.0907389 0.000339592
5.12 2.88 0.809895 0.19303 0.000246122
5.12 3.04 0.610835 0.391927 0.000149225
5.12 3.2 0.356776 0.644837 6.87005e-05
5.12 3.36 0.174131 0.827167 2.57081e-05
5.12 3.52 0.0825717 0.918822 9.19672e-06
5.12 3.68 0.0413202 0.959927 3.55452e-06
5.12 3.84 0.0229021 0.977901 1.62634e-06
5.12 4 0.0156299 0.984643 1.00422e-06
5.12 4.16 0.0153957 0.984354 9.95994e-07
5.12 4.32 0.0219685 0.977256 1.59655e-06
5.12 4.48 0.0388771 0.959982 3.49479e-06
5.12 4.64 0.0769617 0.921727 9.16098e-06
5.12 4.8 0.162998 0.835843 2.61827e-05
5.12 4.96 0.339643 0.659031 7.1671e-05
5.12 5.12 0.59183 0.405666 0.000157608
5.12 5.28 0.794802 0.202145 0.000258891
5.12 5.44 0.901751 0.0952832 0.00035051
5.12 5.6 0.949346 0.0471157 0.000427564
5.12 5.76 0.971473 0.0259688 0.000485372
5.12 5.92 0.980336 0.0178115 0.000515584
5.12 6.08 0.980809 0.0177983 0.000512041
5.12 6.24 0.973085 0.0258757 0.000475729
5.12 6.4 0.952314 0.0468649 0.000414353
5.12 6.56 0.904132 0.0952788 0.0003369
5.12 6.72 0.794799 0.20477 0.000247364
5.12 6.88 0.584386 0.414815 0.000149184
5.12 7.04 0.328548 0.669894 6.72438e-05
5.12 7.2 0.155317 0.843029 2.47479e-05
5.12 7.36 0.0725748 0.925898 8.87369e-06
5.12 7.52 0.0370578 0.96149 3.58627e-06
5.12 7.68 0.0228584 0.975694 1.90422e-06
5.12 7.84 0.0170329 0.981484 1.31571e-06
5.28 0 0.0128324 0.99032 6.45878e-07
5.28 0.16 0.014913 0.988178 7.93299e-07
5.28 0.32 0.0229339 0.980117 1.41047e-06
5.28 0.48 0.040737 0.962266 3.14481e-06
5.28 0.64 0.0787411 0.924224 8.14637e-06
5.28 0.8 0.16178 0.841182 2.29613e-05
5.28 0.96 0.330301 0.672555 6.28979e-05
5.28 1.12 0.577208 0.425085 0.000141899
5.28 1.28 0.785347 0.216438 0.00024186
5.28 1.44 0.898563 0.10304 0.000339231
5.28 1.6 0.950734 0.0507757 0.000428999
5.28 1.76 0.974555 0.026929 0.000506303
5.28 1.92 0.985215 0.0162792 0.000560288
5.28 2.08 0.988594 0.0129406 0.000579492
5.28 2.24 0.986314 0.0152422 0.000559073
5.28 2.4 0.977397 0.0242572 0.000504238
5.28 2.56 0.956977 0.0448993 0.000427067
5.28 2.72 0.911638 0.0906658 0.000339271
5.28 2.88 0.810004 0.192846 0.000245895
5.28 3.04 0.611105 0.3916 0.000149125
5.28 3.2 0.357037 0.644546 6.86752e-05
5.28 3.36 0.174255 0.827024 2.57002e-05
5.28 3.52 0.0826121 0.918763 9.19266e-06
5.28 3.68 0.0413281 0.959897 3.55227e-06
5.28 3.84 0.022899 0.977881 1.62505e-06
5.28 4 0.0156219 0.984627 1.00336e-06
5.28 4.16 0.0153806 0.984344 9.95077e-07
5.28 4.32 0.0219355 0.977263 1.5947e-06
5.28 4.48 0.0387972 0.960033 3.48931e-06
5.28 4.64 0.0767595 0.921892 9.14275e-06
5.28 4.8 0.162503 0.836286 2.61263e-05
5.28 4.96 0.338686 0.659926 7.15503e-05
5.28 5.12 0.590785 0.406649 0.00015753
5.28 5.28 0.794162 0.20271 0.00025901
5.28 5.44 0.901421 0.095523 0.000350789
5.28 5.6 0.949147 0.0472128 0.0004279
5.28 5.76 0.971318 0.0260142 0.000485674
5.28 5.92 0.980188 0.0178445 0.000515784
5.28 6.08 0.98065 0.0178415 0.000512102
5.28 6.24 0.972896 0.0259555 0.00047565
5.28 6.4 0.952044 0.0470366 0.000414157
5.28 6.56 0.903647 0.0956785 0.000336596
5.28 6.72 0.793831 0.205669 0.000246938
5.28 6.88 0.58284 0.416296 0.000148688
5.28 7.04 0.327225 0.671153 6.69103e-05
5.28 7.2 0.154655 0.84364 2.46119e-05
5.28 7.36 0.0722996 0.926132 8.82759e-06
5.28 7.52 0.0369389 0.961571 3.56986e-06
5.28 7.68 0.0227942 0.975719 1.89648e-06
5.28 7.84 0.0169888 0.981479 1.31076e-06
5.44 0 0.0128461 0.990204 6.47579e-07
5.44 0.16 0.0149225 0.988075 7.95044e-07
5.44 0.32 0.0229454 0.980004 1.41349e-06
5.44 0.48 0.0407612 0.962134 3.15221e-06
5.44 0.64 0.078806 0.924053 8.1682e-06
5.44 0.8 0.161954 0.840908 2.30282e-05
5.44 0.96 0.330669 0.672087 6.30749e-05
5.44 1.12 0.577634 0.424548 0.00014222
5.44 1.28 0.785575 0.216092 0.000242258
5.44 1.44 0.898615 0.10287 0.000339644
5.44 1.6 0.950695 0.0506945 0.000429371
5.44 1.76 0.974468 0.0268888 0.000506561
5.44 1.92 0.9851 0.0162601 0.000560358
5.44 2.08 0.988464 0.0129344 0.000579336
5.44 2.24 0.98618 0.0152451 0.000558713
5.44 2.4 0.977266 0.0242672 0.000503746
5.44 2.56 0.95685 0.0449158 0.000426535
5.44 2.72 0.911511 0.0906885 0.000338781
5.44 2.88 0.809876 0.192873 0.000245505
5.44 3.04 0.610985 0.391628 0.000148875
5.44 3.2 0.356931 0.644576 6.85532e-05
5.44 3.36 0.174175 0.82703 2.56514e-05
5.44 3.52 0.082558 0.918733 9.17448e-06
5.44 3.68 0.0412935 0.959837 3.5453e-06
5.44 3.84 0.0228776 0.977803 1.6222e-06
5.44 4 0.0156089 0.984539 1.00219e-06
5.44 4.16 0.0153714 0.984252 9.94757e-07
5.44 4.32 0.0219224 0.977176 1.59494e-06
5.44 4.48 0.0387638 0.959969 3.48991e-06
5.44 4.64 0.0766645 0.92189 9.14292e-06
5.44 4.8 0.162253 0.836437 2.61243e-05
5.44 4.96 0.338181 0.660331 7.15607e-05
5.44 5.12 0.590222 0.407119 0.000157648
5.44 5.28 0.793801 0.202973 0.000259325
5.44 5.44 0.901208 0.095625 0.000351249
5.44 5.6 0.948991 0.0472487 0.000428412
5.44 5.76 0.971173 0.02603 0.000486145
5.44 5.92 0.980037 0.01786 0.000516135
5.44 6.08 0.980487 0.0178693 0.000512289
5.44 6.24 0.972709 0.0260128 0.000475669
5.44 6.4 0.9518 0.0471619 0.000414036
5.44 6.56 0.903249 0.0959686 0.000336363
5.44 6.72 0.793089 0.206315 0.000246602
5.44 6.88 0.581695 0.417345 0.000148307
5.44 7.04 0.326265 0.67201 6.66588e-05
5.44 7.2 0.15418 0.844011 2.45101e-05
5.44 7.36 0.0721048 0.92622 8.79318e-06
5.44 7.52 0.0368555 0.961543 3.55759e-06
5.44 7.68 0.0227497 0.975649 1.89069e-06
5.44 7.84 0.0169586 0.981396 1.30705e-06
5.6 0 0.0128471 0.990072 6.48738e-07
5.6 0.16 0.0149206 0.987947 7.96294e-07
5.6 0.32 0.0229409 0.979869 1.41566e-06
5.6 0.48 0.0407559 0.961992 3.1575e-06
5.6 0.64 0.0788086 0.923904 8.18382e-06
5.6 0.8 0.161993 0.840729 2.30768e-05
5.6 0.96 0.330787 0.671833 6.32092e-05
5.6 1.12 0.577778 0.424262 0.000142486
5.6 1.28 0.785624 0.215899 0.000242623
5.6 1.44 0.898577 0.102767 0.00034004
5.6 1.6 0.950608 0.0506406 0.00042972
5.6 1.76 0.974351 0.0268608 0.000506771
5.6 1.92 0.984961 0.0162486 0.000560342
5.6 2.08 0.98831 0.0129364 0.000579052
5.6 2.24 0.986014 0.0152613 0.000558191
5.6 2.4 0.977089 0.0243031 0.000503075
5.6 2.56 0.956646 0.0449866 0.000425823
5.6 2.72 0.911236 0.0908338 0.000338113
5.6 2.88 0.809447 0.193171 0.000244934
5.6 3.04 0.61037 0.392114 0.000148447
5.6 3.2 0.356365 0.645021 6.83136e-05
5.6 3.36 0.173838 0.827244 2.55529e-05
5.6 3.52 0.0823878 0.918767 9.13914e-06
5.6 3.68 0.0412078 0.959775 3.53261e-06
5.6 3.84 0.0228346 0.977692 1.61748e-06
5.6 4 0.0155907 0.9844 1.00068e-06
5.6 4.16 0.0153701 0.984096 9.95176e-07
5.6 4.32 0.0219348 0.977009 1.59774e-06
5.6 4.48 0.0387893 0.959793 3.49795e-06
5.6 4.64 0.0767051 0.921706 9.16562e-06
5.6 4.8 0.162311 0.836239 2.61894e-05
5.6 4.96 0.338247 0.660127 7.17328e-05
5.6 5.12 0.590267 0.406945 0.000158009
5.6 5.28 0.793794 0.202854 0.00025988
5.6 5.44 0.901147 0.0955547 0.000351934
5.6 5.6 0.948892 0.0472087 0.000429146
5.6 5.76 0.971049 0.0260094 0.000486833
5.6 5.92 0.979894 0.0178542 0.000516687
5.6 6.08 0.980329 0.0178788 0.000512646
5.6 6.24 0.972534 0.0260434 0.000475824
5.6 6.4 0.951591 0.0472322 0.00041402
5.6 6.56 0.902957 0.0961274 0.000336225
5.6 6.72 0.792618 0.206657 0.00024638
5.6 6.88 0.58103 0.417878 0.000148063
5.6 7.04 0.325734 0.6724 6.65035e-05
5.6 7.2 0.153928 0.844116 2.44482e-05
5.6 7.36 0.0720055 0.926164 8.77235e-06
5.6 7.52 0.0368149 0.961422 3.55014e-06
5.6 7.68 0.0227288 0.975507 1.88715e-06
5.6 7.84 0.0169448 0.981248 1.30477e-06
5.76 0 0.0128383 0.989949 6.49505e-07
5.76 0.16 0.0149089 0.987823 7.97145e-07
5.76 0.32 0.0229219 0.979739 1.41712e-06
5.76 0.48 0.0407231 0.961864 3.16096e-06
5.76 0.64 0.0787524 0.923799 8.1939e-06
5.76 0.8 0.161903 0.840666 2.31089e-05
5.76 0.96 0.330669 0.671807 6.3305e-05
5.76 1.12 0.577665 0.424236 0.000142705
5.76 1.28 0.785527 0.215861 0.000242962
5.76 1.44 0.898484 0.102732 0.000340427
5.76 1.6 0.950512 0.0506145 0.000430055
5.76 1.76 0.974246 0.0268456 0.000506939
5.76 1.92 0.984844 0.0162457 0.000560243
5.76 2.08 0.988177 0.0129484 0.00057864
5.76 2.24 0.985861 0.0152941 0.000557504
5.76 2.4 0.976903 0.0243706 0.000502218
5.76 2.56 0.956388 0.045124 0.00042492
5.76 2.72 0.910817 0.0911293 0.000337255
5.76 2.88 0.808687 0.193801 0.000244165
5.76 3.04 0.609186 0.393158 0.000147821
5.76 3.2 0.355263 0.645983 6.79416e-05
5.76 3.36 0.173205 0.827733 2.53984e-05
5.76 3.52 0.0820842 0.918913 9.08457e-06
5.76 3.68 0.041064 0.959751 3.51357e-06
5.76 3.84 0.0227676 0.977588 1.6107e-06
5.76 4 0.0155672 0.984253 9.98828e-07
5.76 4.16 0.0153789 0.983916 9.965e-07
5.76 4.32 0.0219779 0.976794 1.60357e-06
5.76 4.48 0.0388851 0.959528 3.5148e-06
5.76 4.64 0.076907 0.921342 9.21492e-06
5.76 4.8 0.162735 0.835661 2.63333e-05
5.76 4.96 0.338993 0.659236 7.20941e-05
5.76 5.12 0.591047 0.406035 0.00015865
5.76 5.28 0.79423 0.202299 0.000260706
5.76 5.44 0.901298 0.0952875 0.000352866
5.76 5.6 0.948902 0.0470828 0.000430118
5.76 5.76 0.970995 0.025948 0.000487752
5.76 5.92 0.979806 0.0178254 0.00051745
5.76 6.08 0.980221 0.017869 0.00051318
5.76 6.24 0.972412 0.0260466 0.000476115
5.76 6.4 0.951457 0.0472454 0.000414111
5.76 6.56 0.902812 0.0961493 0.000336182
5.76 6.72 0.792465 0.206683 0.000246277
5.76 6.88 0.580899 0.417876 0.000147966
5.76 7.04 0.325672 0.672317 6.64518e-05
5.76 7.2 0.153917 0.843969 2.44293e-05
5.76 7.36 0.0720095 0.92599 8.76609e-06
5.76 7.52 0.0368205 0.961241 3.54787e-06
5.76 7.68 0.0227336 0.975328 1.88605e-06
5.76 7.84 0.0169488 0.981071 1.30403e-06
5.92 0 0.0128224 0.989867 6.50035e-07
5.92 0.16 0.0148899 0.987737 7.97747e-07
5.92 0.32 0.0228917 0.979649 1.4181e-06
5.92 0.48 0.0406688 0.961786 3.16313e-06
5.92 0.64 0.0786488 0.923764 8.19994e-06
5.92 0.8 0.161707 0.840727 2.31285e-05
5.92 0.96 0.330355 0.671995 6.33717e-05
5.92 1.12 0.577343 0.424441 0.000142891
5.92 1.28 0.785321 0.215959 0.000243294
5.92 1.44 0.898362 0.102754 0.000340824
5.92 1.6 0.950422 0.0506113 0.000430391
5.92 1.76 0.974161 0.0268411 0.000507079
5.92 1.92 0.984749 0.0162507 0.000560072
5.92 2.08 0.988065 0.0129707 0.000578107
5.92 2.24 0.98572 0.0153451 0.000556653
5.92 2.4 0.976707 0.0244741 0.000501173
5.92 2.56 0.95608 0.045338 0.000423823
5.92 2.72 0.910249 0.0915983 0.000336203
5.92 2.88 0.807566 0.194814 0.000243188
5.92 3.04 0.607372 0.394848 0.000146982
5.92 3.2 0.353572 0.647546 6.74261e-05
5.92 3.36 0.172248 0.82856 2.51835e-05
5.92 3.52 0.0816363 0.919225 9.00934e-06
5.92 3.68 0.040858 0.959819 3.48775e-06
5.92 3.84 0.0226754 0.977545 1.60176e-06
5.92 4 0.015539 0.984148 9.96655e-07
5.92 4.16 0.0153999 0.983761 9.98869e-07
5.92 4.32 0.0220564 0.976578 1.61282e-06
5.92 4.48 0.0390613 0.959212 3.54154e-06
5.92 4.64 0.0772921 0.920818 9.29411e-06
5.92 4.8 0.163574 0.834689 2.65654e-05
5.92 4.96 0.340503 0.657596 7.26658e-05
5.92 5.12 0.592646 0.404318 0.000159599
5.92 5.28 0.795163 0.201268 0.000261825
5.92 5.44 0.90169 0.0948057 0.000354061
5.92 5.6 0.949034 0.0468632 0.000431339
5.92 5.76 0.971015 0.0258425 0.000488906
5.92 5.92 0.979775 0.0177721 0.000518421
5.92 6.08 0.980164 0.0178399 0.000513885
5.92 6.24 0.972346 0.0260234 0.000476536
5.92 6.4 0.951404 0.0472049 0.000414298
5.92 6.56 0.902819 0.0960417 0.000336228
5.92 6.72 0.792634 0.206407 0.000246286
5.92 6.88 0.581295 0.417367 0.000148009
5.92 7.04 0.326072 0.671798 6.64991e-05
5.92 7.2 0.154144 0.843612 2.44514e-05
5.92 7.36 0.072116 0.925746 8.7738e-06
5.92 7.52 0.0368722 0.961049 3.55057e-06
5.92 7.68 0.0227639 0.975158 1.88725e-06
5.92 7.84 0.0169706 0.980922 1.30476e-06
6.08 0 0.0128022 0.989842 6.50483e-07
6.08 0.16 0.0148666 0.987714 7.98285e-07
6.08 0.32 0.0228553 0.979634 1.41897e-06
6.08 0.48 0.0406021 0.961791 3.16492e-06
6.08 0.64 0.0785174 0.923825 8.20447e-06
6.08 0.8 0.161447 0.840913 2.31429e-05
6.08 0.96 0.329923 0.672357 6.34272e-05
6.08 1.12 0.576906 0.424818 0.000143074
6.08 1.28 0.785078 0.216153 0.00024365
6.08 1.44 0.898261 0.102816 0.00034126
6.08 1.6 0.950378 0.0506232 0.000430761
6.08 1.76 0.974131 0.0268439 0.000507226
6.08 1.92 0.984712 0.0162623 0.000559863
6.08 2.08 0.988006 0.0130037 0.000577482
6.08 2.24 0.985621 0.0154163 0.000555665
6.08 2.4 0.976533 0.024618 0.000499962
6.08 2.56 0.955745 0.0456377 0.000422548
6.08 2.72 0.909544 0.0922607 0.000334963
6.08 2.88 0.806074 0.196252 0.000242001
6.08 3.04 0.604893 0.397251 0.000145922
6.08 3.2 0.351261 0.649778 6.67624e-05
6.08 3.36 0.170955 0.829785 2.49063e-05
6.08 3.52 0.081039 0.919756 8.91292e-06
6.08 3.68 0.040588 0.960028 3.45497e-06
6.08 3.84 0.0225577 0.977608 1.59061e-06
6.08 4 0.0155064 0.98413 9.94189e-07
6.08 4.16 0.0154348 0.983675 1.00239e-06
6.08 4.32 0.0221739 0.976405 1.62581e-06
6.08 4.48 0.0393258 0.958885 3.57907e-06
6.08 4.64 0.0778782 0.920166 9.40585e-06
6.08 4.8 0.164865 0.833331 2.68935e-05
6.08 4.96 0.342842 0.655183 7.34646e-05
6.08 5.12 0.595132 0.401765 0.000160875
6.08 5.28 0.796642 0.199745 0.000263253
6.08 5.44 0.902361 0.0941025 0.00035553
6.08 5.6 0.949323 0.0465474 0.000432818
6.08 5.76 0.971143 0.0256923 0.000490302
6.08 5.92 0.979831 0.017695 0.000519604
6.08 6.08 0.980187 0.0177937 0.000514757
6.08 6.24 0.972363 0.0259789 0.000477079
6.08 6.4 0.951453 0.0471209 0.000414573
6.08 6.56 0.902987 0.0958278 0.000336348
6.08 6.72 0.793103 0.20588 0.000246388
6.08 6.88 0.582169 0.416436 0.000148171
6.08 7.04 0.326885 0.670932 6.6631e-05
6.08 7.2 0.154583 0.843117 2.45085e-05
6.08 7.36 0.072314 0.925491 8.79335e-06
6.08 7.52 0.0369651 0.960906 3.55743e-06
6.08 7.68 0.0228172 0.97506 1.8904e-06
6.08 7.84 0.017008 0.980834 1.30667e-06
6.24 0 0.0127801 0.989858 6.51e-07
6.24 0.16 0.014842 0.987728 7.98956e-07
6.24 0.32 0.0228174 0.979654 1.42011e-06
6.24 0.48 0.0405328 0.961833 3.1673e-06
6.24 0.64 0.0783801 0.923931 8.21043e-06
6.24 0.8 0.161173 0.841155 2.31611e-05
6.24 0.96 0.329467 0.672789 6.34931e-05
6.24 1.12 0.576463 0.425256 0.000143286
6.24 1.28 0.784865 0.216374 0.000244059
6.24 1.44 0.898208 0.102883 0.00034176
6.24 1.6 0.950382 0.0506357 0.000431182
6.24 1.76 0.974144 0.0268474 0.000507392
6.24 1.92 0.984711 0.0162777 0.000559622
6.24 2.08 0.987976 0.0130463 0.00057677
6.24 2.24 0.985543 0.0155079 0.000554541
6.24 2.4 0.97636 0.0248041 0.000498586
6.24 2.56 0.955367 0.0460282 0.000421095
6.24 2.72 0.908686 0.0931288 0.000333536
6.24 2.88 0.804186 0.198141 0.0002406
6.24 3.04 0.601719 0.400399 0.000144637
6.24 3.2 0.348313 0.652689 6.59488e-05
6.24 3.36 0.169315 0.831393 2.45665e-05
6.24 3.52 0.080288 0.920474 8.79505e-06
6.24 3.68 0.0402514 0.960333 3.4151e-06
6.24 3.84 0.0224131 0.977725 1.57717e-06
6.24 4 0.0154691 0.984144 9.91393e-07
6.24 4.16 0.0154836 0.983604 1.00707e-06
6.24 4.32 0.0223313 0.976221 1.64261e-06
6.24 4.48 0.0396809 0.958502 3.62773e-06
6.24 4.64 0.078672 0.919347 9.55145e-06
6.24 4.8 0.166626 0.831551 2.73215e-05
6.24 4.96 0.346035 0.651966 7.44973e-05
6.24 5.12 0.598513 0.398362 0.000162482
6.24 5.28 0.798665 0.197728 0.000264987
6.24 5.44 0.903303 0.0931778 0.000357263
6.24 5.6 0.949755 0.0461351 0.000434535
6.24 5.76 0.971358 0.0254976 0.000491909
6.24 5.92 0.97995 0.0175955 0.000520959
6.24 6.08 0.980266 0.0177334 0.000515754
6.24 6.24 0.972439 0.0259193 0.000477702
6.24 6.4 0.951577 0.0470082 0.000414894
6.24 6.56 0.903275 0.0955422 0.000336502
6.24 6.72 0.793796 0.205179 0.000246539
6.24 6.88 0.583392 0.415206 0.000148407
6.24 7.04 0.328 0.669816 6.68185e-05
6.24 7.2 0.155175 0.842514 2.45885e-05
6.24 7.36 0.0725762 0.92521 8.82033e-06
6.24 7.52 0.0370859 0.960767 3.56679e-06
6.24 7.68 0.0228855 0.974977 1.89463e-06
6.24 7.84 0.0170556 0.980771 1.30923e-06
6.4 0 0.0127588 0.9899 6.51752e-07
6.4 0.16 0.01482 0.987765 8.00012e-07
6.4 0.32 0.022785 0.979693 1.42205e-06
6.4 0.48 0.0404748 0.961894 3.17165e-06
6.4 0.64 0.078267 0.924045 8.22182e-06
6.4 0.8 0.160952 0.84138 2.31945e-05
6.4 0.96 0.329109 0.673159 6.35968e-05
6.4 1.12 0.576141 0.425606 0.000143565
6.4 1.28 0.784746 0.216528 0.000244552
6.4 1.44 0.898209 0.102914 0.00034234
6.4 1.6 0.950413 0.0506293 0.000431665
6.4 1.76 0.974164 0.0268427 0.000507582
6.4 1.92 0.984704 0.0162928 0.000559351
6.4 2.08 0.987931 0.0130967 0.000575968
6.4 2.24 0.985439 0.0156195 0.000553277
6.4 2.4 0.976147 0.0250328 0.000497039
6.4 2.56 0.954907 0.0465113 0.000419459
6.4 2.72 0.907638 0.0942078 0.000331916
6.4 2.88 0.801865 0.20049 0.000238984
6.4 3.04 0.597825 0.404295 0.000143126
6.4 3.2 0.34473 0.656267 6.49886e-05
6.4 3.36 0.167338 0.833371 2.41663e-05
6.4 3.52 0.079387 0.921369 8.65659e-06
6.4 3.68 0.0398501 0.960723 3.36841e-06
6.4 3.84 0.0222424 0.977885 1.56155e-06
6.4 4 0.0154275 0.984177 9.88305e-07
6.4 4.16 0.0155467 0.983533 1.01294e-06
6.4 4.32 0.0225291 0.976018 1.66328e-06
6.4 4.48 0.0401281 0.958054 3.68777e-06
6.4 4.64 0.0796773 0.918352 9.73165e-06
6.4 4.8 0.168862 0.829338 2.78509e-05
6.4 4.96 0.350077 0.647938 7.57634e-05
6.4 5.12 0.602754 0.394129 0.000164407
6.4 5.28 0.801187 0.195235 0.000267001
6.4 5.44 0.904475 0.0920394 0.000359226
6.4 5.6 0.950287 0.0456295 0.000436448
6.4 5.76 0.971616 0.0252604 0.000493675
6.4 5.92 0.980086 0.0174759 0.000522425
6.4 6.08 0.980352 0.0176632 0.000516811
6.4 6.24 0.972524 0.0258536 0.000478339
6.4 6.4 0.951721 0.0468861 0.0004152
6.4 6.56 0.903606 0.0952303 0.000336633
6.4 6.72 0.794582 0.204407 0.00024668
6.4 6.88 0.584777 0.413844 0.000148655
6.4 7.04 0.329259 0.668593 6.70217e-05
6.4 7.2 0.15584 0.841874 2.4675e-05
6.4 7.36 0.0728676 0.924929 8.84915e-06
6.4 7.52 0.0372187 0.960638 3.57658e-06
6.4 7.68 0.0229596 0.974906 1.89897e-06
6.4 7.84 0.0171069 0.980724 1.31181e-06
6.56 0 0.0127408 0.989953 6.52897e-07
6.56 0.16 0.0148049 0.98781 8.01745e-07
6.56 0.32 0.0227657 0.979743 1.42543e-06
6.56 0.48 0.0404432 0.961957 3.17964e-06
6.56 0.64 0.0782113 0.924136 8.24341e-06
6.56 0.8 0.160858 0.841515 2.3257e-05
6.56 0.96 0.328992 0.67333 6.3772e-05
6.56 1.12 0.576112 0.425713 0.000143966
6.56 1.28 0.784846 0.216522 0.000245181
6.56 1.44 0.898353 0.102867 0.000343054
6.56 1.6 0.95055 0.0505877 0.000432271
6.56 1.76 0.974275 0.0268235 0.000507868
6.56 1.92 0.98478 0.0163051 0.000559131
6.56 2.08 0.98796 0.0131546 0.000575158
6.56 2.24 0.985396 0.0157521 0.000551948
6.56 2.4 0.975966 0.0253069 0.000495384
6.56 2.56 0.954422 0.0470923 0.000417687
6.56 2.72 0.906436 0.0955071 0.000330135
6.56 2.88 0.799129 0.203315 0.000237168
6.56 3.04 0.593227 0.408942 0.000141403
6.56 3.2 0.340536 0.66049 6.38922e-05
6.56 3.36 0.165039 0.835699 2.37106e-05
6.56 3.52 0.078343 0.922428 8.49927e-06
6.56 3.68 0.0393868 0.961191 3.31547e-06
6.56 3.84 0.0220467 0.978082 1.54392e-06
6.56 4 0.0153819 0.984225 9.84987e-07
6.56 4.16 0.0156237 0.983462 1.02001e-06
6.56 4.32 0.0227661 0.975792 1.68783e-06
6.56 4.48 0.0406648 0.95754 3.75916e-06
6.56 4.64 0.0808889 0.917185 9.94647e-06
6.56 4.8 0.171563 0.826704 2.84814e-05
6.56 4.96 0.354937 0.643139 7.72574e-05
6.56 5.12 0.607808 0.389136 0.000166634
6.56 5.28 0.804197 0.192319 0.000269284
6.56 5.44 0.905907 0.0907136 0.000361415
6.56 5.6 0.950976 0.0450432 0.000438558
6.56 5.76 0.97199 0.024988 0.000495603
6.56 5.92 0.980318 0.0173423 0.000524005
6.56 6.08 0.980523 0.0175914 0.000517924
6.56 6.24 0.972681 0.0257958 0.000478979
6.56 6.4 0.951919 0.0467838 0.00041547
6.56 6.56 0.903964 0.0949576 0.000336705
6.56 6.72 0.795353 0.203706 0.000246754
6.56 6.88 0.586108 0.412583 0.000148847
6.56 7.04 0.330465 0.667465 6.71936e-05
6.56 7.2 0.156471 0.841304 2.47483e-05
6.56 7.36 0.0731413 0.924693 8.87295e-06
6.56 7.52 0.0373418 0.96054 3.58432e-06
6.56 7.68 0.0230278 0.974857 1.90223e-06
6.56 7.84 0.0171536 0.980688 1.31363e-06
6.72 0 0.0127295 0.990011 6.54614e-07
6.72 0.16 0.014803 0.987848 8.04511e-07
6.72 0.32 0.0227708 0.97977 1.431e-06
6.72 0.48 0.0404598 0.961979 3.19311e-06
6.72 0.64 0.0782577 0.924134 8.28042e-06
6.72 0.8 0.160984 0.84144 2.33633e-05
6.72 0.96 0.329278 0.673109 6.40527e-05
6.72 1.12 0.576546 0.425377 0.000144532
6.72 1.28 0.785263 0.216237 0.000245983
6.72 1.44 0.898685 0.102689 0.000343929
6.72 1.6 0.950818 0.0504898 0.000433028
6.72 1.76 0.974498 0.026781 0.000508285
6.72 1.92 0.984959 0.0163112 0.000559002
6.72 2.08 0.988082 0.0132187 0.000574381
6.72 2.24 0.985429 0.0159055 0.00055059
6.72 2.4 0.975828 0.0256268 0.000493648
6.72 2.56 0.953914 0.0477717 0.000415795
6.72 2.72 0.905072 0.097026 0.0003282
6.72 2.88 0.795965 0.206603 0.000235158
6.72 3.04 0.587937 0.414294 0.000139476
6.72 3.2 0.335777 0.665282 6.26705e-05
6.72 3.36 0.162452 0.838317 2.32054e-05
6.72 3.52 0.0771741 0.923614 8.32533e-06
6.72 3.68 0.0388703 0.961712 3.25706e-06
6.72 3.84 0.0218307 0.978296 1.52457e-06
6.72 4 0.0153349 0.984269 9.81546e-07
6.72 4.16 0.0157162 0.983371 1.0283e-06
6.72 4.32 0.023043 0.975527 1.7162e-06
6.72 4.48 0.0412907 0.956943 3.84168e-06
6.72 4.64 0.0823033 0.915825 1.0195e-05
6.72 4.8 0.174711 0.823636 2.92088e-05
6.72 4.96 0.360555 0.637597 7.89627e-05
6.72 5.12 0.613573 0.383459 0.000169126
6.72 5.28 0.807622 0.189036 0.000271791
6.72 5.44 0.907565 0.0892279 0.000363788
6.72 5.6 0.951816 0.044389 0.000440823
6.72 5.76 0.972485 0.0246877 0.00049765
6.72 5.92 0.980658 0.0172011 0.000525652
6.72 6.08 0.980785 0.0175261 0.000519043
6.72 6.24 0.972905 0.0257607 0.000479567
6.72 6.4 0.952143 0.0467313 0.000415644
6.72 6.56 0.904273 0.0947917 0.000336652
6.72 6.72 0.795941 0.203223 0.000246683
6.72 6.88 0.587117 0.411661 0.000148899
6.72 7.04 0.331388 0.666632 6.72773e-05
6.72 7.2 0.156953 0.840892 2.47853e-05
6.72 7.36 0.0733491 0.924532 8.8839e-06
6.72 7.52 0.037434 0.960475 3.58723e-06
6.72 7.68 0.0230781 0.974826 1.9031e-06
6.72 7.84 0.0171878 0.980676 1.3139e-06
6.88 0 0.0127312 0.990067 6.57233e-07
6.88 0.16 0.014823 0.987879 8.08795e-07
6.88 0.32 0.0228142 0.979791 1.43968e-06
6.88 0.48 0.0405496 0.961967 3.21432e-06
6.88 0.64 0.0784567 0.924022 8.33904e-06
6.88 0.8 0.161433 0.841079 2.35308e-05
6.88 0.96 0.330147 0.672333 6.44779e-05
6.88 1.12 0.577633 0.424409 0.000145318
6.88 1.28 0.786094 0.215559 0.000246995
6.88 1.44 0.899225 0.10233 0.000344986
6.88 1.6 0.951199 0.050314 0.000433946
6.88 1.76 0.974796 0.026706 0.00050884
6.88 1.92 0.985196 0.0163072 0.000558968
6.88 2.08 0.98825 0.0132875 0.00057364
6.88 2.24 0.985488 0.0160792 0.000549205
6.88 2.4 0.975685 0.025992 0.000491832
6.88 2.56 0.953341 0.0485487 0.000413787
6.88 2.72 0.903517 0.098762 0.000326116
6.88 2.88 0.792369 0.210344 0.000232963
6.88 3.04 0.581999 0.42031 0.000137362
6.88 3.2 0.330524 0.670592 6.13416e-05
6.88 3.36 0.159627 0.841206 2.26596e-05
6.88 3.52 0.0759046 0.924935 8.13811e-06
6.88 3.68 0.0383121 0.96231 3.19438e-06
6.88 3.84 0.0216002 0.978558 1.50397e-06
6.88 4 0.0152895 0.984344 9.78186e-07
6.88 4.16 0.0158259 0.983296 1.0379e-06
6.88 4.32 0.0233607 0.975255 1.74838e-06
6.88 4.48 0.0420047 0.956293 3.93514e-06
6.88 4.64 0.0839146 0.914305 1.04762e-05
6.88 4.8 0.178284 0.820178 3.00284e-05
6.88 4.96 0.36686 0.631393 8.086e-05
6.88 5.12 0.619933 0.377206 0.000171841
6.88 5.28 0.811366 0.185459 0.000274469
6.88 5.44 0.909383 0.0876152 0.000366286
6.88 5.6 0.952748 0.043682 0.000443177
6.88 5.76 0.973046 0.0243677 0.00049974
6.88 5.92 0.981047 0.017059 0.000527284
6.88 6.08 0.98108 0.017476 0.000520082
6.88 6.24 0.973135 0.0257634 0.000480022
6.88 6.4 0.952319 0.0467608 0.000415648
6.88 6.56 0.904426 0.0948063 0.000336403
6.88 6.72 0.796164 0.203123 0.000246389
6.88 6.88 0.587529 0.411356 0.000148725
6.88 7.04 0.33179 0.666347 6.72162e-05
6.88 7.2 0.157166 0.840787 2.47628e-05
6.88 7.36 0.073441 0.924529 8.87432e-06
6.88 7.52 0.0374741 0.960508 3.58271e-06
6.88 7.68 0.0230985 0.974867 1.90043e-06
6.88 7.84 0.0172015 0.980708 1.31186e-06
7.04 0 0.0127604 0.990091 6.61517e-07
7.04 0.16 0.014876 0.987869 8.15241e-07
7.04 0.32 0.0229084 0.979739 1.45245e-06
7.04 0.48 0.0407341 0.961832 3.24544e-06
7.04 0.64 0.078852 0.923681 8.42513e-06
7.04 0.8 0.162301 0.840266 2.37752e-05
7.04 0.96 0.331772 0.670774 6.50818e-05
7.04 1.12 0.579547 0.422598 0.000146361
7.04 1.28 0.787422 0.214371 0.000248238
7.04 1.44 0.899974 0.101741 0.000346225
7.04 1.6 0.951648 0.0500412 0.000435015
7.04 1.76 0.9751 0.0265909 0.000509519
7.04 1.92 0.98541 0.01629 0.000559015
7.04 2.08 0.988377 0.01336 0.000572917
7.04 2.24 0.985489 0.016273 0.000547778
7.04 2.4 0.97546 0.0264025 0.000489924
7.04 2.56 0.952641 0.0494221 0.00041165
7.04 2.72 0.901728 0.100709 0.000323876
7.04 2.88 0.788329 0.214511 0.000230581
7.04 3.04 0.575457 0.426907 0.000135073
7.04 3.2 0.324847 0.676294 5.99204e-05
7.04 3.36 0.156606 0.844256 2.20812e-05
7.04 3.52 0.0745539 0.926304 7.94065e-06
7.04 3.68 0.0377203 0.962909 3.12854e-06
7.04 3.84 0.0213595 0.9788 1.48257e-06
7.04 4 0.0152478 0.984386 9.75096e-07
7.04 4.16 0.0159531 0.983173 1.04888e-06
7.04 4.32 0.0237169 0.974913 1.7843e-06
7.04 4.48 0.0428006 0.955527 4.03903e-06
7.04 4.64 0.0857071 0.912566 1.0788e-05
7.04 4.8 0.182241 0.816298 3.09312e-05
7.04 4.96 0.373754 0.62457 8.29184e-05
7.04 5.12 0.626748 0.370482 0.000174716
7.04 5.28 0.815316 0.181659 0.000277248
7.04 5.44 0.911265 0.0859107 0.000368832
7.04 5.6 0.953679 0.0429384 0.000445533
7.04 5.76 0.973575 0.0240374 0.000501777
7.04 5.92 0.981388 0.0169235 0.000528796
7.04 6.08 0.98131 0.0174506 0.000520938
7.04 6.24 0.973271 0.0258202 0.000480244
7.04 6.4 0.952345 0.0469052 0.000415391
7.04 6.56 0.9043 0.0950756 0.000335872
7.04 6.72 0.795827 0.203568 0.000245781
7.04 6.88 0.587049 0.411922 0.000148232
7.04 7.04 0.331416 0.666807 6.69494e-05
7.04 7.2 0.156976 0.841048 2.46565e-05
7.04 7.36 0.0733599 0.924662 8.83622e-06
7.04 7.52 0.0374388 0.960581 3.56799e-06
7.04 7.68 0.02308 0.974915 1.89296e-06
7.04 7.84 0.0171878 0.980762 1.30681e-06
7.2 0 0.0128353 0.990075 6.68421e-07
7.2 0.16 0.0149766 0.987825 8.24652e-07
7.2 0.32 0.023074 0.979628 1.47059e-06
7.2 0.48 0.0410477 0.961573 3.28929e-06
7.2 0.64 0.0795072 0.923075 8.54593e-06
7.2 0.8 0.163705 0.838905 2.41152e-05
7.2 0.96 0.334329 0.668262 6.5903e-05
7.2 1.12 0.582435 0.419781 0.000147707
7.2 1.28 0.789298 0.212593 0.000249739
7.2 1.44 0.900927 0.100893 0.000347663
7.2 1.6 0.952134 0.0496627 0.00043625
7.2 1.76 0.975367 0.0264337 0.000510336
7.2 1.92 0.985552 0.0162601 0.000559157
7.2 2.08 0.988412 0.0134377 0.000572228
7.2 2.24 0.98538 0.0164894 0.000546323
7.2 2.4 0.975104 0.0268619 0.000487935
7.2 2.56 0.951766 0.0503973 0.000409396
7.2 2.72 0.899662 0.102872 0.000321488
7.2 2.88 0.783823 0.219096 0.000228025
7.2 3.04 0.568354 0.434028 0.000132632
7.2 3.2 0.318838 0.68231 5.84292e-05
7.2 3.36 0.153457 0.847429 2.14813e-05
7.2 3.52 0.0731602 0.927721 7.73744e-06
7.2 3.68 0.0371165 0.96353 3.06132e-06
7.2 3.84 0.0211206 0.979054 1.46113e-06
7.2 4 0.0152174 0.984432 9.72697e-07
7.2 4.16 0.0161037 0.983044 1.06154e-06
7.2 4.32 0.0241174 0.97454 1.82424e-06
7.2 4.48 0.0436837 0.954678 4.15353e-06
7.2 4.64 0.0876807 0.910638 1.11295e-05
7.2 4.8 0.186555 0.812041 3.19105e-05
7.2 4.96 0.381131 0.617227 8.51102e-05
7.2 5.12 0.633853 0.363423 0.000177698
7.2 5.28 0.819342 0.177729 0.000280068
7.2 5.44 0.913124 0.0841608 0.000371368
7.2 5.6 0.954538 0.0421813 0.000447829
7.2 5.76 0.974005 0.0237098 0.000503691
7.2 5.92 0.981614 0.0168049 0.000530115
7.2 6.08 0.981407 0.0174621 0.000521537
7.2 6.24 0.973246 0.0259509 0.000480167
7.2 6.4 0.952141 0.047204 0.000414812
7.2 6.56 0.903773 0.0956847 0.000334997
7.2 6.72 0.794722 0.204735 0.000244787
7.2 6.88 0.585386 0.413635 0.000147343
7.2 7.04 0.33004 0.668244 6.64283e-05
7.2 7.2 0.156283 0.8418 2.44482e-05
7.2 7.36 0.0730691 0.925004 8.76417e-06
7.2 7.52 0.0373131 0.960753 3.54149e-06
7.2 7.68 0.0230129 0.975029 1.88009e-06
7.2 7.84 0.0171425 0.980858 1.29845e-06
7.36 0 0.0129689 0.990017 6.78632e-07
7.36 0.16 0.0151395 0.987731 8.37852e-07
7.36 0.32 0.0233321 0.979427 1.49552e-06
7.36 0.48 0.0415271 0.961141 3.34907e-06
7.36 0.64 0.0804909 0.922129 8.70952e-06
7.36 0.8 0.165772 0.836868 2.45707e-05
7.36 0.96 0.337997 0.664619 6.69773e-05
7.36 1.12 0.586426 0.415829 0.000149387
7.36 1.28 0.791757 0.210183 0.000251508
7.36 1.44 0.902073 0.0997827 0.000349302
7.36 1.6 0.952633 0.049183 0.000437661
7.36 1.76 0.975566 0.0262399 0.000511307
7.36 1.92 0.985584 0.0162224 0.000559413
7.36 2.08 0.988314 0.0135259 0.000571599
7.36 2.24 0.985124 0.0167351 0.000544862
7.36 2.4 0.974582 0.0273802 0.000485884
7.36 2.56 0.950684 0.051489 0.000407037
7.36 2.72 0.897289 0.10527 0.000318957
7.36 2.88 0.778837 0.224101 0.000225297
7.36 3.04 0.560753 0.441606 0.000130056
7.36 3.2 0.312608 0.688532 5.68906e-05
7.36 3.36 0.150259 0.850649 2.08726e-05
7.36 3.52 0.071767 0.92914 7.53369e-06
7.36 3.68 0.036525 0.964147 2.99485e-06
7.36 3.84 0.0208972 0.979306 1.44065e-06
7.36 4 0.0152077 0.984473 9.71579e-07
7.36 4.16 0.0162853 0.982897 1.0764e-06
7.36 4.32 0.0245705 0.974123 1.86884e-06
7.36 4.48 0.0446642 0.953737 4.27955e-06
7.36 4.64 0.0898451 0.908516 1.15012e-05
7.36 4.8 0.191216 0.807421 3.29613e-05
7.36 4.96 0.388909 0.609454 8.7407e-05
7.36 5.12 0.641108 0.356176 0.000180729
7.36 5.28 0.823337 0.173776 0.000282868
7.36 5.44 0.914889 0.082422 0.000373841
7.36 5.6 0.955266 0.0414407 0.000450016
7.36 5.76 0.974296 0.0234031 0.000505435
7.36 5.92 0.981688 0.0167173 0.000531193
7.36 6.08 0.981332 0.0175263 0.000521832
7.36 6.24 0.973013 0.0261802 0.000479744
7.36 6.4 0.951646 0.0477028 0.000413865
7.36 6.56 0.902742 0.0967268 0.000333726
7.36 6.72 0.79266 0.206805 0.000243338
7.36 6.88 0.582288 0.416743 0.000145989
7.36 7.04 0.32749 0.670828 6.5616e-05
7.36 7.2 0.155018 0.84311 2.41267e-05
7.36 7.36 0.0725483 0.925571 8.65566e-06
7.36 7.52 0.0370922 0.961024 3.50275e-06
7.36 7.68 0.0228961 0.975202 1.86171e-06
7.36 7.84 0.0170672 0.980995 1.28696e-06
7.52 0 0.0131747 0.989902 6.92859e-07
7.52 0.16 0.0153818 0.987567 8.55802e-07
7.52 0.32 0.0237106 0.979112 1.52908e-06
7.52 0.48 0.0422213 0.960495 3.42898e-06
7.52 0.64 0.0818919 0.920762 8.92601e-06
7.52 0.8 0.168653 0.834012 2.51643e-05
7.52 0.96 0.34296 0.659671 6.83388e-05
7.52 1.12 0.591592 0.410676 0.000151415
7.52 1.28 0.794775 0.207172 0.000253536
7.52 1.44 0.903386 0.0984498 0.000351144
7.52 1.6 0.953136 0.0486303 0.000439271
7.52 1.76 0.975705 0.0260272 0.000512475
7.52 1.92 0.985523 0.0161895 0.00055984
7.52 2.08 0.988104 0.0136357 0.000571089
7.52 2.24 0.98474 0.0170242 0.000543451
7.52 2.4 0.9739 0.0279789 0.000483813
7.52 2.56 0.949383 0.0527322 0.000404595
7.52 2.72 0.894577 0.107956 0.00031629
7.52 2.88 0.773344 0.229573 0.000222398
7.52 3.04 0.552713 0.449596 0.000127362
7.52 3.2 0.306295 0.694833 5.53313e-05
7.52 3.36 0.147122 0.853814 2.02711e-05
7.52 3.52 0.0704368 0.930506 7.33646e-06
7.52 3.68 0.0359805 0.964745 2.93217e-06
7.52 3.84 0.0207099 0.979558 1.42262e-06
7.52 4 0.0152332 0.984516 9.72701e-07
7.52 4.16 0.016512 0.982738 1.09441e-06
7.52 4.32 0.0250943 0.973658 1.91955e-06
7.52 4.48 0.0457692 0.952689 4.41967e-06
7.52 4.64 0.0922389 0.906178 1.19072e-05
7.52 4.8 0.196254 0.802424 3.40843e-05
7.52 4.96 0.397032 0.601323 8.9784e-05
7.52 5.12 0.648368 0.348907 0.000183746
7.52 5.28 0.827191 0.169933 0.000285589
7.52 5.44 0.916515 0.080773 0.000376214
7.52 5.6 0.95583 0.0407601 0.000452077
7.52 5.76 0.974464 0.0231434 0.000507006
7.52 5.92 0.981636 0.0166805 0.000532031
7.52 6.08 0.981104 0.017665 0.000521822
7.52 6.24 0.972576 0.0265412 0.000478968
7.52 6.4 0.95083 0.0484619 0.00041253
7.52 6.56 0.901114 0.098317 0.000332019
7.52 6.72 0.789457 0.209979 0.000241375
7.52 6.88 0.577543 0.421479 0.000144114
7.52 7.04 0.323681 0.674661 6.44957e-05
7.52 7.2 0.153181 0.844994 2.36928e-05
7.52 7.36 0.0718138 0.926361 8.51335e-06
7.52 7.52 0.0367905 0.961391 3.45348e-06
7.52 7.68 0.0227358 0.975435 1.83832e-06
7.52 7.84 0.0169758 0.98115 1.27353e-06
7.68 0 0.0134714 0.989689 7.1212e-07
7.68 0.16 0.0157242 0.987269 8.79692e-07
7.68 0.32 0.0242463 0.978594 1.57366e-06
7.68 0.48 0.0431991 0.959521 3.53482e-06
7.68 0.64 0.0838339 0.918819 9.20916e-06
7.68 0.8 0.172544 0.830107 2.5924e-05
7.68 0.96 0.349414 0.653193 7.00211e-05
7.68 1.12 0.597904 0.404332 0.000153781
7.68 1.28 0.798214 0.203698 0.000255778
7.68 1.44 0.904799 0.096999 0.000353175
7.68 1.6 0.953642 0.048065 0.000441118
7.68 1.76 0.975819 0.0258301 0.000513904
7.68 1.92 0.985433 0.0161835 0.000560526
7.68 2.08 0.987852 0.0137866 0.000570799
7.68 2.24 0.9843 0.0173819 0.000542178
7.68 2.4 0.97311 0.0286988 0.000481786
7.68 2.56 0.947869 0.0541967 0.000402106
7.68 2.72 0.891471 0.11104 0.000313485
7.68 2.88 0.767261 0.235642 0.000219309
7.68 3.04 0.544266 0.457981 0.000124556
7.68 3.2 0.300089 0.700981 5.37865e-05
7.68 3.36 0.144204 0.856702 1.96997e-05
7.68 3.52 0.069261 0.931672 7.15566e-06
7.68 3.68 0.0355363 0.965206 2.87746e-06
7.68 3.84 0.0205874 0.979708 1.40907e-06
7.68 4 0.0153152 0.98446 9.77431e-07
7.68 4.16 0.0168053 0.982463 1.11711e-06
7.68 4.32 0.0257208 0.973048 1.97899e-06
7.68 4.48 0.0470528 0.951429 4.57922e-06
7.68 4.64 0.0949498 0.903507 1.23579e-05
7.68 4.8 0.201773 0.79693 3.52919e-05
7.68 4.96 0.405494 0.59283 9.2226e-05
7.68 5.12 0.655425 0.341812 0.000186672
7.68 5.28 0.830722 0.16639 0.00028815
7.68 5.44 0.917976 0.0793267 0.000378459
7.68 5.6 0.95611 0.0402012 0.000454016
7.68 5.76 0.974578 0.0229674 0.000508434
7.68 5.92 0.981529 0.0167219 0.000532669
7.68 6.08 0.980776 0.017909 0.000521549
7.68 6.24 0.971959 0.0270814 0.000477864
7.68 6.4 0.949668 0.0495657 0.000410808
7.68 6.56 0.898776 0.100609 0.000329846
7.68 6.72 0.784895 0.214503 0.000238835
7.68 6.88 0.570953 0.428044 0.000141672
7.68 7.04 0.318648 0.67969 6.3079e-05
7.68 7.2 0.150871 0.84732 2.31652e-05
7.68 7.36 0.0709355 0.927258 8.34749e-06
7.68 7.52 0.0364536 0.961751 3.39882e-06
7.68 7.68 0.0225291 0.975664 1.80921e-06
7.68 7.84 0.016912 0.981241 1.26192e-06
7.84 0 0.0147399 0.988283 7.86171e-07
7.84 0.16 0.0174959 0.985457 9.90211e-07
7.84 0.32 0.0272777 0.975543 1.80088e-06
7.84 0.48 0.0487577 0.95393 4.07691e-06
7.84 0.64 0.0944296 0.908171 1.06172e-05
7.84 0.8 0.192257 0.810344 2.95082e-05
7.84 0.96 0.378914 0.623583 7.73514e-05
7.84 1.12 0.624053 0.378041 0.000163359
7.84 1.28 0.811376 0.190475 0.00026483
7.84 1.44 0.9096 0.0921455 0.000361788
7.84 1.6 0.955082 0.046543 0.000449542
7.84 1.76 0.975984 0.0255405 0.000521247
7.84 1.92 0.98495 0.0165203 0.000565251
7.84 2.08 0.98673 0.0147472 0.000571631
7.84 2.24 0.982229 0.0193172 0.00053879
7.84 2.4 0.969297 0.0324194 0.000474855
7.84 2.56 0.940556 0.0614453 0.000392681
7.84 2.72 0.877131 0.125322 0.000302272
7.84 2.88 0.741623 0.261171 0.00020694
7.84 3.04 0.512631 0.489404 0.000113933
7.84 3.2 0.27901 0.721997 4.82331e-05
7.84 3.36 0.135307 0.865613 1.77394e-05
7.84 3.52 0.0662317 0.934708 6.57859e-06
7.84 3.68 0.0346968 0.966014 2.72511e-06
7.84 3.84 0.0206714 0.979606 1.38886e-06
7.84 4 0.0160682 0.983694 1.01981e-06
7.84 4.16 0.0184557 0.980768 1.23467e-06
7.84 4.32 0.0289442 0.969779 2.26163e-06
7.84 4.48 0.0533405 0.945068 5.30173e-06
7.84 4.64 0.107421 0.890991 1.42958e-05
7.84 4.8 0.224977 0.773668 4.01389e-05
7.84 4.96 0.437216 0.560915 0.00010118
7.84 5.12 0.679395 0.31776 0.000196814
7.84 5.28 0.841645 0.155537 0.000297149
7.84 5.44 0.921882 0.0755243 0.000386739
7.84 5.6 0.958324 0.0391045 0.000461561
7.84 5.76 0.974887 0.0229657 0.000514208
7.84 5.92 0.980877 0.0174502 0.000535386
7.84 6.08 0.979138 0.0195632 0.000520443
7.84 6.24 0.968642 0.0303408 0.000473078
7.84 6.4 0.943221 0.0559501 0.000403074
7.84 6.56 0.886071 0.113244 0.00031979
7.84 6.72 0.761647 0.237653 0.000227002
7.84 6.88 0.540347 0.458506 0.000130664
7.84 7.04 0.296924 0.701385 5.68923e-05
7.84 7.2 0.141624 0.856561 2.09267e-05
7.84 7.36 0.0679206 0.93028 7.69448e-06
7.84 7.52 0.0357688 0.96244 3.23569e-06
7.84 7.68 0.0228432 0.975365 1.79805e-06
7.84 7.84 0.0169339 0.98128 1.22832e-06
