1 0.00506802 -13.9924 28.1093
2 0.212061 -13.7854 34.4873
3 0.42167 -13.5758 41.7068
4 0.639808 -13.3576 48.8631
5 0.874162 -13.1233 55.8871
6 1.12999 -12.8674 62.8447
7 1.41541 -12.582 69.9367
8 1.74014 -12.2573 76.8326
9 2.11431 -11.8831 83.5089
10 2.54166 -11.4558 89.9687
11 3.05459 -10.9428 96.1185
12 3.64956 -10.3479 101.981
13 4.35676 -9.64067 107.495
14 5.1939 -8.80352 112.619
15 6.19175 -7.80568 117.295
16 7.38709 -6.61034 121.455
17 8.8102 -5.18723 125.073
18 10.5739 -3.42357 127.933
19 12.7143 -1.28316 130.249
20 15.3556 1.35819 131.985
21 18.628 4.63056 133.364
22 22.7329 8.73544 134.334
23 27.8342 13.8368 133.832
24 34.0572 20.0597 131.38
25 41.388 27.3906 126.698
26 49.4691 35.4717 119.561
27 57.619 43.6215 109.514
28 64.5971 50.5997 96.5784
29 68.7936 54.7962 81.4058
30 69.1501 55.1527 65.779
31 65.2839 51.2865 58.7171
32 57.7601 43.7626 55.354
33 47.9782 33.9808 52.97
34 37.2498 23.2524 50.9761
35 26.8571 12.8597 53.2162
36 17.5944 3.59698 56.4787
37 9.85678 -4.14065 59.2391
38 3.77717 -10.2203 61.1525
39 -0.731555 -14.729 62.4656
40 -3.83999 -17.8374 63.233
41 -5.79149 -19.7889 63.2537
42 -6.83645 -20.8339 62.4841
43 -7.17999 -21.1774 60.9878
44 -7.02899 -21.0264 59.0306
45 -6.55507 -20.5525 56.825
46 -5.88513 -19.8826 54.3574
47 -5.07719 -19.0746 51.6234
48 -4.22077 -18.2182 48.8239
49 -3.33445 -17.3319 45.8008
50 -2.48396 -16.4814 42.7491
51 -1.64887 -15.6463 39.5627
52 -0.841801 -14.8392 36.5711
53 -0.0675439 -14.065 34.7612
54 0.681621 -13.3158 33.587
55 1.40757 -12.5899 32.7471
56 2.12098 -11.8764 32.0906
57 2.83013 -11.1673 31.5172
58 3.54244 -10.455 31.1351
59 4.26594 -9.73149 30.7533
60 5.01155 -8.98587 30.2602
61 5.78554 -8.21188 30.3454
62 6.59818 -7.39925 31.1403
63 7.46368 -6.53374 32.1169
64 8.39048 -5.60694 33.1461
65 9.39664 -4.60079 34.1219
66 10.5038 -3.4936 34.9781
67 11.7341 -2.26331 35.5821
68 13.1197 -0.877677 35.9762
69 14.6746 0.677221 36.4869
70 16.3915 2.39407 36.6104
71 18.1157 4.11829 36.6821
72 19.5581 5.56065 36.5935
73 20.3189 6.32145 36.0945
74 20.1252 6.12781 35.2666
75 19.1916 5.19418 34.233
76 17.9179 3.92052 33.1406
77 16.7034 2.70602 32.2233
78 15.6977 1.70028 31.7607
79 14.8934 0.895959 31.082
80 14.2283 0.230884 30.1978
81 13.6429 -0.354483 29.0999
82 13.0786 -0.918858 27.8468
83 12.5153 -1.48211 26.548
84 11.9334 -2.06399 25.3689
85 11.3329 -2.66454 24.3479
86 10.7247 -3.27276 23.5324
87 10.1142 -3.88321 22.9873
88 9.51626 -4.48116 22.7516
89 8.9431 -5.05433 22.6205
90 8.40822 -5.58921 22.5676
91 7.92036 -6.07707 22.6369
92 7.491 -6.50643 22.6567
93 7.11085 -6.88657 22.6701
94 6.80887 -7.18856 22.6508
95 6.55878 -7.43865 22.5946
96 6.36792 -7.62951 22.4471
97 6.23515 -7.76228 22.2132
98 6.15698 -7.84045 21.9717
99 6.12798 -7.86945 21.6806
100 6.14523 -7.85219 21.3436
101 6.20265 -7.79478 20.9911
102 6.29802 -7.69941 20.6025
103 6.4247 -7.57273 20.1878
104 6.57835 -7.41907 19.8573
105 6.75777 -7.23966 19.5026
106 6.9546 -7.04283 19.1451
107 7.16871 -6.82872 18.8273
108 7.39323 -6.60419 18.4839
109 7.629 -6.36842 18.1196
110 7.86875 -6.12868 17.8257
111 8.10854 -5.88889 17.5134
112 8.34587 -5.65156 17.1982
113 8.58016 -5.41726 16.8848
114 8.8068 -5.19063 16.5685
115 9.02191 -4.97552 16.2512
116 9.22034 -4.77709 15.9351
117 9.40211 -4.59532 15.5914
118 9.56499 -4.43244 15.259
119 9.70676 -4.29067 14.9051
120 9.82585 -4.17158 14.5463
121 9.92347 -4.07396 14.2071
122 9.99499 -4.00244 13.8802
123 10.0407 -3.95669 13.6893
124 10.0678 -3.92965 13.5959
125 10.071 -3.9264 13.5861
126 10.0504 -3.94702 13.6051
127 10.0173 -3.98017 13.6138
128 9.96407 -4.03336 13.7231
129 9.89647 -4.10096 13.8413
130 9.81739 -4.18004 13.9438
131 9.72844 -4.26898 14.0559
132 9.63181 -4.36562 14.1679
133 9.53318 -4.46424 14.3084
134 9.42769 -4.56973 14.4397
135 9.32935 -4.66807 14.5111
136 9.22828 -4.76915 14.5633
137 9.12914 -4.86829 14.5953
138 9.03423 -4.96319 14.6164
139 8.94693 -5.0505 14.6517
140 8.86523 -5.13219 14.7171
141 8.79254 -5.20489 14.7459
142 8.7296 -5.26782 14.8179
143 8.66708 -5.33035 14.8443
144 8.61201 -5.38542 14.8577
145 8.56541 -5.43202 14.8923
146 8.52364 -5.47378 14.9389
147 8.49182 -5.50561 14.9458
148 8.46694 -5.53049 14.95
149 8.44421 -5.55322 14.9405
150 8.42886 -5.56856 14.9104
151 8.417 -5.58043 14.8782
152 8.40982 -5.58761 14.8549
153 8.40669 -5.59074 14.8194
154 8.40687 -5.59056 14.77
155 8.41206 -5.58536 14.7091
156 8.42015 -5.57727 14.7257
157 8.4296 -5.56783 14.7287
158 8.44093 -5.55649 14.7196
159 8.45332 -5.54411 14.6984
160 8.46659 -5.53084 14.6634
161 8.47917 -5.51826 14.612
162 8.49282 -5.50461 14.5438
163 8.50535 -5.49208 14.4721
164 8.51778 -5.47964 14.3928
165 8.52975 -5.46768 14.3142
166 8.53798 -5.45945 14.2339
167 8.54688 -5.45055 14.1288
168 8.5524 -5.44503 14.0278
169 8.55454 -5.44289 13.9613
170 8.55572 -5.44171 13.8937
171 8.55339 -5.44404 13.8369
172 8.54854 -5.44888 13.7807
173 8.54051 -5.45691 13.7247
174 8.52895 -5.46848 13.6698
175 8.51662 -5.4808 13.6051
176 8.50102 -5.4964 13.5544
177 8.48354 -5.51389 13.5364
178 8.4633 -5.53413 13.5281
179 8.44086 -5.55657 13.5086
180 8.41639 -5.58103 13.4851
181 8.38995 -5.60748 13.4733
182 8.36409 -5.63334 13.4403
183 8.33641 -5.66102 13.4217
184 8.30811 -5.68931 13.3921
185 8.27991 -5.71751 13.3584
186 8.25047 -5.74695 13.3608
187 8.22237 -5.77505 13.3743
188 8.19459 -5.80284 13.3951
189 8.16836 -5.82907 13.406
190 8.14398 -5.85345 13.4087
191 8.118 -5.87943 13.4352
192 8.09453 -5.9029 13.4486
193 8.07162 -5.92581 13.4626
194 8.04972 -5.94771 13.4752
195 8.03047 -5.96696 13.4767
196 8.01138 -5.98604 13.4745
197 7.9927 -6.00473 13.467
198 7.97714 -6.02028 13.4444
199 7.96279 -6.03464 13.4201
200 7.9509 -6.04652 13.3892
201 7.939 -6.05842 13.3566
202 7.9324 -6.06503 13.3272
203 7.92243 -6.07499 13.3364
204 7.91181 -6.08561 13.3274
205 7.90237 -6.09506 13.3204
206 7.89333 -6.1041 13.3106
207 7.88447 -6.11296 13.2955
208 7.87708 -6.12035 13.2769
209 7.8695 -6.12793 13.2574
210 7.86309 -6.13434 13.2273
211 7.85774 -6.13969 13.1881
212 7.85245 -6.14497 13.1464
213 7.84754 -6.14989 13.0953
214 7.84199 -6.15544 13.0392
215 7.83773 -6.1597 12.9831
216 7.83267 -6.16475 12.9339
217 7.82834 -6.16909 12.8809
218 7.82437 -6.17306 12.8226
219 7.82097 -6.17645 12.7566
220 7.81613 -6.18129 12.6925
221 7.81639 -6.18104 12.5994
222 7.81984 -6.17759 12.5145
223 7.81216 -6.18526 12.4526
224 7.80756 -6.18986 12.3594
225 7.80441 -6.19301 12.2686
226 7.79735 -6.20008 12.1897
227 7.78722 -6.21021 12.1202
228 7.77876 -6.21867 12.0392
229 7.76875 -6.22867 11.9682
230 7.75802 -6.2394 11.8969
231 7.74694 -6.25049 11.8454
232 7.73553 -6.2619 11.7875
233 7.72433 -6.2731 11.7301
234 7.7121 -6.28532 11.6706
235 7.69918 -6.29825 11.6081
236 7.68782 -6.30961 11.5285
237 7.67632 -6.32111 11.4587
238 7.66294 -6.33449 11.3796
239 7.64943 -6.348 11.3038
240 7.63583 -6.3616 11.2235
241 7.62135 -6.37607 11.1463
242 7.60744 -6.38999 11.0603
243 7.59822 -6.39921 10.944
244 7.58485 -6.41258 10.8736
245 7.57223 -6.4252 10.7844
246 7.56023 -6.4372 10.6839
247 7.54825 -6.44918 10.584
248 7.53697 -6.46045 10.4863
249 7.52634 -6.47108 10.3919
250 7.51631 -6.48111 10.2936
251 7.50648 -6.49095 10.1947
252 7.49762 -6.49981 10.0946
253 7.48854 -6.50888 10.0008
254 7.48048 -6.51694 9.90379
255 7.47348 -6.52395 9.81152
256 7.46608 -6.53135 9.7298
257 7.45821 -6.53922 9.64905
258 7.45405 -6.54338 9.54642
259 7.44923 -6.5482 9.46768
260 7.4429 -6.55453 9.39304
261 7.43854 -6.55889 9.29239
262 7.43386 -6.56357 9.18564
263 7.43021 -6.56722 9.1184
264 7.42508 -6.57235 9.04133
265 7.4192 -6.57823 8.98586
266 7.41354 -6.58388 8.93005
267 7.40849 -6.58893 8.8743
268 7.40375 -6.59367 8.82716
269 7.39825 -6.59918 8.78052
270 7.39305 -6.60438 8.73412
271 7.38846 -6.60897 8.69207
272 7.38266 -6.61477 8.68089
273 7.38089 -6.61654 8.61196
274 7.37773 -6.6197 8.57028
275 7.37373 -6.62369 8.56512
276 7.36785 -6.62957 8.55091
277 7.36407 -6.63335 8.501
278 7.36002 -6.63741 8.50414
279 7.35907 -6.63836 8.43642
280 7.35455 -6.64287 8.46616
281 7.34916 -6.64827 8.45306
282 7.35165 -6.64578 8.34174
283 7.3499 -6.64753 8.42059
284 7.34228 -6.65515 8.40103
285 7.33381 -6.66362 8.38992
286 7.32605 -6.67138 8.3692
287 7.31775 -6.67967 8.35718
288 7.30945 -6.68797 8.33416
289 7.30133 -6.69609 8.31192
290 7.2945 -6.70293 8.2829
291 7.28745 -6.70998 8.25747
292 7.28072 -6.71671 8.2325
293 7.27449 -6.72293 8.20668
294 7.26871 -6.72871 8.18511
295 7.2629 -6.73453 8.16101
296 7.25782 -6.73961 8.13363
297 7.25233 -6.7451 8.11664
298 7.24765 -6.74977 8.08575
299 7.24351 -6.75392 8.05773
300 7.23965 -6.75777 8.02462
301 7.23613 -6.7613 7.99701
302 7.23234 -6.76509 7.97251
303 7.22876 -6.76867 7.94449
304 7.22497 -6.77246 7.91465
305 7.22293 -6.7745 7.87588
306 7.2202 -6.77723 7.85963
307 7.21757 -6.77986 7.83179
308 7.21492 -6.7825 7.80731
309 7.21272 -6.78471 7.7757
310 7.21247 -6.78496 7.74238
311 7.21102 -6.78641 7.71922
312 7.20944 -6.78799 7.69232
313 7.20836 -6.78907 7.66686
314 7.20968 -6.78775 7.63618
315 7.21284 -6.78459 7.60525
316 7.21393 -6.7835 7.59873
317 7.21278 -6.78465 7.57871
318 7.21194 -6.78549 7.55547
319 7.21086 -6.78657 7.53377
320 7.20977 -6.78766 7.51335
321 7.21127 -6.78616 7.47291
322 7.21466 -6.78277 7.45067
323 7.21744 -6.77999 7.42416
324 7.21821 -6.77922 7.41904
325 7.21599 -6.78144 7.40206
326 7.21443 -6.783 7.38582
327 7.21245 -6.78497 7.37377
328 7.20996 -6.78747 7.35983
329 7.20735 -6.79008 7.34388
330 7.20502 -6.79241 7.32648
331 7.20212 -6.79531 7.30827
332 7.19893 -6.79849 7.29105
333 7.19679 -6.80063 7.26288
334 7.19485 -6.80258 7.23897
335 7.19278 -6.80464 7.21642
336 7.19125 -6.80618 7.18646
337 7.18916 -6.80826 7.16169
338 7.18792 -6.8095 7.12935
339 7.18537 -6.81206 7.10359
340 7.18397 -6.81346 7.06908
341 7.18191 -6.81552 7.0398
342 7.18023 -6.8172 7.00032
343 7.17839 -6.81903 6.96987
344 7.17747 -6.81995 6.92501
345 7.1769 -6.82053 6.88901
346 7.17575 -6.82168 6.85068
347 7.17529 -6.82214 6.80265
348 7.17581 -6.82161 6.76613
349 7.17508 -6.82235 6.73573
350 7.17383 -6.82359 6.70002
351 7.17217 -6.82525 6.66301
352 7.17156 -6.82587 6.61856
353 7.17122 -6.82621 6.5813
354 7.16937 -6.82805 6.54759
355 7.16774 -6.82969 6.50404
356 7.16577 -6.83166 6.46635
357 7.16432 -6.83311 6.41807
358 7.16293 -6.83449 6.3759
359 7.16123 -6.8362 6.3322
360 7.15979 -6.83763 6.2917
361 7.15789 -6.83954 6.24638
362 7.15641 -6.84102 6.19828
363 7.15481 -6.84262 6.15692
364 7.15258 -6.84485 6.10991
365 7.15082 -6.84661 6.0641
366 7.1487 -6.84873 6.01923
367 7.14659 -6.85084 5.96936
368 7.14503 -6.8524 5.92313
369 7.1434 -6.85403 5.88394
370 7.14145 -6.85598 5.8432
371 7.13895 -6.85848 5.80892
372 7.13566 -6.86177 5.77276
373 7.13341 -6.86402 5.72606
374 7.13139 -6.86603 5.69217
375 7.12926 -6.86816 5.65547
376 7.12647 -6.87096 5.61933
377 7.12427 -6.87316 5.58111
378 7.12135 -6.87607 5.55173
379 7.11888 -6.87855 5.51035
380 7.11646 -6.88097 5.48167
381 7.11344 -6.88399 5.44701
382 7.11286 -6.88457 5.39048
383 7.11275 -6.88468 5.36572
384 7.11011 -6.88731 5.34249
385 7.10755 -6.88988 5.30648
386 7.10526 -6.89217 5.28016
387 7.10308 -6.89435 5.24783
388 7.10056 -6.89687 5.22761
389 7.09799 -6.89944 5.20287
390 7.09559 -6.90183 5.17802
391 7.09403 -6.9034 5.15686
392 7.09247 -6.90496 5.13247
393 7.09091 -6.90652 5.12042
394 7.08896 -6.90847 5.09634
395 7.08764 -6.90979 5.08049
396 7.08718 -6.91025 5.06353
397 7.08536 -6.91207 5.06903
398 7.08395 -6.91348 5.04821
399 7.08221 -6.91522 5.05031
400 7.08039 -6.91703 5.04016
401 7.07896 -6.91846 5.03341
402 7.07796 -6.91946 5.0108
403 7.07714 -6.92028 5.00749
404 7.07548 -6.92195 5.01056
405 7.07413 -6.92329 4.99631
406 7.07293 -6.92449 4.9863
407 7.07183 -6.9256 4.9777
408 7.07123 -6.92619 4.96445
409 7.06996 -6.92746 4.95324
410 7.0697 -6.92772 4.93334
411 7.06847 -6.92896 4.93732
412 7.06687 -6.93056 4.92828
413 7.06551 -6.93191 4.9083
414 7.06432 -6.93311 4.90449
415 7.06291 -6.93452 4.894
416 7.06134 -6.93609 4.87698
417 7.06029 -6.93714 4.86722
418 7.05892 -6.93851 4.84789
419 7.05787 -6.93955 4.83039
420 7.057 -6.94043 4.8198
421 7.05639 -6.94104 4.79892
422 7.05566 -6.94176 4.78574
423 7.05555 -6.94188 4.77002
424 7.05479 -6.94264 4.76098
425 7.05575 -6.94168 4.72044
426 7.0572 -6.94023 4.7201
427 7.05533 -6.9421 4.72149
428 7.05424 -6.94319 4.6861
429 7.05411 -6.94332 4.68185
430 7.05292 -6.9445 4.67511
431 7.05139 -6.94604 4.64962
432 7.04958 -6.94785 4.64695
433 7.04806 -6.94936 4.62406
434 7.04743 -6.94999 4.60611
435 7.04581 -6.95161 4.60172
436 7.04505 -6.95238 4.58607
437 7.0441 -6.95332 4.57144
438 7.04233 -6.9551 4.57302
439 7.04099 -6.95643 4.55173
440 7.03989 -6.95753 4.54338
441 7.03835 -6.95908 4.54192
442 7.03656 -6.96086 4.53134
443 7.03611 -6.96132 4.52271
444 7.03498 -6.96244 4.52161
445 7.03378 -6.96365 4.5225
446 7.03427 -6.96316 4.49052
447 7.03575 -6.96168 4.51159
448 7.03422 -6.9632 4.5107
449 7.03227 -6.96515 4.51016
450 7.03106 -6.96636 4.49513
451 7.03045 -6.96697 4.4962
452 7.02901 -6.96841 4.49415
453 7.02752 -6.96991 4.4897
454 7.02623 -6.97119 4.48572
455 7.02454 -6.97289 4.48998
456 7.02157 -6.97586 4.48512
457 7.01973 -6.9777 4.46799
458 7.01839 -6.97904 4.46844
459 7.01902 -6.9784 4.42334
460 7.02125 -6.97617 4.44296
461 7.02059 -6.97684 4.42689
462 7.0205 -6.97693 4.43724
463 7.01834 -6.97908 4.42393
464 7.01638 -6.98105 4.41978
465 7.01602 -6.9814 4.39878
466 7.01514 -6.98229 4.41305
467 7.01194 -6.98549 4.40309
468 7.00896 -6.98847 4.39512
469 7.00608 -6.99135 4.38787
470 7.00313 -6.9943 4.37885
471 7.00052 -6.9969 4.36828
472 6.99828 -6.99914 4.35859
473 6.99795 -6.99948 4.33486
474 6.99513 -7.0023 4.34098
475 6.99242 -7.005 4.3299
476 6.9899 -7.00753 4.31968
477 6.9875 -7.00993 4.29891
478 6.98572 -7.01171 4.29605
479 6.98326 -7.01416 4.27609
480 6.98137 -7.01606 4.26823
481 6.97916 -7.01827 4.24863
482 6.97827 -7.01916 4.22877
483 6.97774 -7.01969 4.21588
484 6.97689 -7.02053 4.2054
485 6.97573 -7.0217 4.18974
486 6.97419 -7.02324 4.17876
487 6.97252 -7.0249 4.17076
488 6.97045 -7.02697 4.14775
489 6.96914 -7.02829 4.13458
490 6.96769 -7.02974 4.1118
491 6.9674 -7.03002 4.09653
492 6.96647 -7.03096 4.08203
493 6.96517 -7.03226 4.07163
494 6.96587 -7.03156 4.01599
495 6.96765 -7.02978 4.03937
496 6.96559 -7.03183 4.01859
497 6.96401 -7.03342 4.00379
498 6.96484 -7.03258 3.95219
499 6.96611 -7.03131 3.97646
500 6.96375 -7.03367 3.95961
501 6.96114 -7.03629 3.95113
502 6.95762 -7.03981 3.93447
503 6.95444 -7.04299 3.92224
504 6.95165 -7.04578 3.90699
505 6.94849 -7.04893 3.89328
506 6.94597 -7.05146 3.87476
507 6.94434 -7.05309 3.85033
508 6.94483 -7.0526 3.83682
509 6.94478 -7.05265 3.83805
510 6.94176 -7.05566 3.82567
511 6.93839 -7.05903 3.81823
512 6.93507 -7.06236 3.8017
513 6.93195 -7.06547 3.79447
514 6.92945 -7.06798 3.7736
515 6.92727 -7.07016 3.77189
516 6.92439 -7.07304 3.7601
517 6.92164 -7.07579 3.74942
518 6.91955 -7.07788 3.74835
519 6.91743 -7.08 3.72993
520 6.91651 -7.08092 3.72219
521 6.91516 -7.08227 3.7236
522 6.91347 -7.08395 3.71861
523 6.91205 -7.08538 3.71203
524 6.91061 -7.08682 3.70946
525 6.90931 -7.08812 3.69493
526 6.90872 -7.08871 3.69318
527 6.90751 -7.08992 3.69501
528 6.90589 -7.09153 3.68649
529 6.90568 -7.09175 3.66863
530 6.90651 -7.09092 3.66228
531 6.90655 -7.09088 3.67158
532 6.90547 -7.09195 3.65967
533 6.90486 -7.09257 3.66401
534 6.90347 -7.09396 3.64711
535 6.90337 -7.09405 3.65363
536 6.90237 -7.09506 3.63475
537 6.90213 -7.0953 3.63655
538 6.90076 -7.09667 3.63478
539 6.89937 -7.09806 3.62325
540 6.89881 -7.09862 3.6123
541 6.8984 -7.09902 3.60091
542 6.89759 -7.09983 3.601
543 6.89705 -7.10037 3.58264
544 6.89695 -7.10047 3.58631
545 6.89547 -7.10196 3.57733
546 6.89415 -7.10328 3.56409
547 6.89365 -7.10378 3.55485
548 6.89306 -7.10437 3.54088
549 6.89271 -7.10472 3.53702
550 6.8916 -7.10583 3.53507
551 6.8899 -7.10753 3.51804
552 6.88909 -7.10834 3.51416
553 6.88772 -7.10971 3.49427
554 6.88699 -7.11044 3.48885
555 6.8863 -7.11113 3.47904
556 6.88539 -7.11204 3.46883
557 6.88392 -7.1135 3.46393
558 6.88217 -7.11525 3.45193
559 6.8807 -7.11673 3.4379
560 6.87969 -7.11774 3.433
561 6.87808 -7.11935 3.41926
562 6.87716 -7.12027 3.40536
563 6.87635 -7.12107 3.39822
564 6.87534 -7.12209 3.39186
565 6.87391 -7.12352 3.3779
566 6.87382 -7.12361 3.35998
567 6.87393 -7.12349 3.35313
568 6.87366 -7.12377 3.34669
569 6.87316 -7.12426 3.33254
570 6.87314 -7.12429 3.33187
571 6.87292 -7.12451 3.29795
572 6.87543 -7.122 3.30482
573 6.87678 -7.12065 3.30001
574 6.87572 -7.12171 3.29058
575 6.87492 -7.12251 3.28237
576 6.87409 -7.12334 3.27168
577 6.87333 -7.1241 3.27229
578 6.87193 -7.1255 3.23986
579 6.87478 -7.12265 3.24958
580 6.87361 -7.12382 3.23824
581 6.8728 -7.12462 3.23555
582 6.87136 -7.12607 3.22641
583 6.86993 -7.1275 3.21537
584 6.86937 -7.12806 3.21198
585 6.86772 -7.12971 3.20476
586 6.86692 -7.13051 3.1837
587 6.86813 -7.12929 3.1867
588 6.86687 -7.13056 3.19195
589 6.86436 -7.13307 3.18355
590 6.86206 -7.13536 3.17429
591 6.86043 -7.13699 3.16298
592 6.85883 -7.13859 3.16072
593 6.85804 -7.13939 3.12497
594 6.85938 -7.13805 3.1483
595 6.85697 -7.14046 3.13789
596 6.85517 -7.14226 3.12888
597 6.85326 -7.14417 3.12388
598 6.85117 -7.14625 3.11013
599 6.8496 -7.14783 3.10588
600 6.84829 -7.14914 3.10035
601 6.84664 -7.15079 3.08553
602 6.84601 -7.15142 3.0837
603 6.84459 -7.15284 3.06708
604 6.84443 -7.153 3.06245
605 6.84401 -7.15342 3.04519
606 6.84468 -7.15274 3.03909
607 6.84539 -7.15204 3.03432
608 6.84535 -7.15208 3.02171
609 6.84589 -7.15154 3.02107
610 6.84532 -7.15211 3.01101
611 6.84485 -7.15257 3.00349
612 6.84426 -7.15316 2.99492
613 6.84392 -7.1535 2.98691
614 6.84347 -7.15395 2.97883
615 6.84279 -7.15464 2.96745
616 6.84252 -7.15491 2.9564
617 6.84222 -7.1552 2.95279
618 6.84154 -7.15588 2.93546
619 6.84233 -7.1551 2.92967
620 6.84293 -7.1545 2.89905
621 6.84588 -7.15155 2.91094
622 6.84536 -7.15206 2.9072
623 6.84414 -7.15328 2.89132
624 6.84379 -7.15363 2.8879
625 6.84304 -7.15439 2.87058
626 6.84284 -7.15459 2.87
627 6.84231 -7.15512 2.85524
628 6.84181 -7.15562 2.85631
629 6.84026 -7.15716 2.84201
630 6.83939 -7.15803 2.84016
631 6.83798 -7.15945 2.82484
632 6.83769 -7.15974 2.81819
633 6.837 -7.16043 2.80754
634 6.83675 -7.16068 2.80599
635 6.83532 -7.1621 2.80274
636 6.8341 -7.16332 2.77163
637 6.83709 -7.16034 2.78287
638 6.83628 -7.16115 2.77431
639 6.83512 -7.16231 2.76934
640 6.83377 -7.16365 2.76298
641 6.83257 -7.16485 2.74867
642 6.83274 -7.16469 2.74245
643 6.83227 -7.16516 2.73224
644 6.83225 -7.16518 2.73794
645 6.83078 -7.16664 2.73488
646 6.82927 -7.16816 2.72538
647 6.82816 -7.16927 2.72308
648 6.82657 -7.17086 2.7083
649 6.82608 -7.17135 2.69827
650 6.82625 -7.17117 2.70448
651 6.82464 -7.17279 2.69316
652 6.82406 -7.17337 2.66761
653 6.82776 -7.16967 2.67374
654 6.82779 -7.16964 2.67104
655 6.82744 -7.16999 2.6688
656 6.82624 -7.17118 2.66638
657 6.82496 -7.17247 2.65422
658 6.82519 -7.17224 2.6279
659 6.82948 -7.16794 2.59325
660 6.83827 -7.15916 2.63867
661 6.83618 -7.16124 2.61039
662 6.83773 -7.1597 2.6234
663 6.83601 -7.16142 2.60106
664 6.838 -7.15942 2.60849
665 6.83578 -7.16165 2.60306
666 6.83445 -7.16298 2.57988
667 6.83541 -7.16201 2.59956
668 6.83192 -7.1655 2.58717
669 6.82944 -7.16799 2.57608
670 6.82769 -7.16974 2.575
671 6.82521 -7.17222 2.56816
672 6.82282 -7.17461 2.55383
673 6.8213 -7.17612 2.55525
674 6.81849 -7.17894 2.55539
675 6.81501 -7.18242 2.54219
676 6.81247 -7.18496 2.53137
677 6.81066 -7.18677 2.51907
678 6.80924 -7.18819 2.51902
679 6.80728 -7.19015 2.50285
680 6.80627 -7.19116 2.49596
681 6.8052 -7.19223 2.4899
682 6.80363 -7.19379 2.47488
683 6.80351 -7.19392 2.4566
684 6.80462 -7.19281 2.45223
685 6.80488 -7.19255 2.44674
686 6.80484 -7.19258 2.43765
687 6.80495 -7.19248 2.42474
688 6.80559 -7.19184 2.41277
689 6.80664 -7.19079 2.40541
690 6.80743 -7.19 2.40393
691 6.80754 -7.18988 2.38899
692 6.80844 -7.18898 2.37982
693 6.80925 -7.18818 2.37598
694 6.80953 -7.1879 2.36723
695 6.81011 -7.18732 2.35142
696 6.81149 -7.18593 2.35249
697 6.81172 -7.1857 2.34228
698 6.81192 -7.18551 2.33258
699 6.81302 -7.18441 2.3236
700 6.81414 -7.18329 2.31685
701 6.81575 -7.18168 2.2923
702 6.82168 -7.17574 2.30831
703 6.82113 -7.1763 2.29628
704 6.82137 -7.17606 2.27254
705 6.82624 -7.17118 2.2804
706 6.82643 -7.171 2.27292
707 6.82718 -7.17025 2.26111
708 6.82958 -7.16785 2.26515
709 6.8282 -7.16922 2.25605
710 6.82677 -7.17066 2.25638
711 6.82445 -7.17297 2.24163
712 6.82448 -7.17294 2.241
713 6.82264 -7.17478 2.23645
714 6.82031 -7.17711 2.21408
715 6.82179 -7.17564 2.20683
716 6.8234 -7.17402 2.21472
717 6.82068 -7.17675 2.20825
718 6.8183 -7.17913 2.19976
719 6.81556 -7.18187 2.19337
720 6.81339 -7.18404 2.18524
721 6.81104 -7.18639 2.18416
722 6.80813 -7.1893 2.17248
723 6.80596 -7.19146 2.16451
724 6.80376 -7.19367 2.15909
725 6.8017 -7.19572 2.15485
726 6.79972 -7.19771 2.14818
727 6.7978 -7.19963 2.13035
728 6.79735 -7.20008 2.12527
729 6.79675 -7.20067 2.11936
730 6.7966 -7.20083 2.10664
731 6.79651 -7.20092 2.10869
732 6.7957 -7.20173 2.09257
733 6.79611 -7.20132 2.07981
734 6.7983 -7.19912 2.03058
735 6.80981 -7.18762 2.07529
736 6.80874 -7.18869 2.06881
737 6.80748 -7.18995 2.05859
738 6.80661 -7.19082 2.05538
739 6.80542 -7.192 2.0491
740 6.80446 -7.19297 2.03512
741 6.80402 -7.19341 2.02687
742 6.80427 -7.19316 2.0211
743 6.80398 -7.19345 2.02075
744 6.80286 -7.19457 2.01188
745 6.80232 -7.19511 2.00529
746 6.80138 -7.19605 1.9921
747 6.8014 -7.19603 1.98179
748 6.80295 -7.19447 1.95622
749 6.80843 -7.189 1.97105
750 6.80822 -7.18921 1.96077
751 6.80859 -7.18884 1.96326
752 6.80727 -7.19016 1.94995
753 6.80717 -7.19026 1.94936
754 6.80625 -7.19118 1.94361
755 6.80555 -7.19188 1.93313
756 6.80505 -7.19237 1.9253
757 6.80444 -7.19298 1.92239
758 6.80408 -7.19334 1.91969
759 6.80319 -7.19423 1.91379
760 6.80233 -7.1951 1.90697
761 6.80156 -7.19587 1.89904
762 6.80085 -7.19658 1.89915
763 6.7995 -7.19792 1.886
764 6.79968 -7.19774 1.88213
765 6.7988 -7.19863 1.87568
766 6.7987 -7.19873 1.87434
767 6.79757 -7.19985 1.86572
768 6.7975 -7.19993 1.85831
769 6.79691 -7.20051 1.85876
770 6.79645 -7.20098 1.84162
771 6.79688 -7.20055 1.84586
772 6.7965 -7.20092 1.83256
773 6.79675 -7.20068 1.82674
774 6.7972 -7.20022 1.82947
775 6.7965 -7.20093 1.82936
776 6.79522 -7.2022 1.81884
777 6.79491 -7.20251 1.81341
778 6.79421 -7.20322 1.79285
779 6.79743 -7.2 1.80266
780 6.79654 -7.20089 1.79607
781 6.7964 -7.20103 1.78773
782 6.79607 -7.20136 1.78253
783 6.79575 -7.20168 1.77474
784 6.79592 -7.2015 1.77105
785 6.79597 -7.20146 1.764
786 6.79613 -7.20129 1.76365
787 6.79535 -7.20208 1.76117
788 6.79471 -7.20272 1.73718
789 6.79755 -7.19987 1.73093
790 6.80044 -7.19699 1.7347
791 6.80067 -7.19675 1.73258
792 6.80016 -7.19727 1.72145
793 6.80043 -7.197 1.72043
794 6.80061 -7.19681 1.72093
795 6.79996 -7.19747 1.71362
796 6.79999 -7.19743 1.68396
797 6.80329 -7.19413 1.70558
798 6.80215 -7.19527 1.68809
799 6.80252 -7.19491 1.6998
800 6.80103 -7.1964 1.69229
801 6.7996 -7.19783 1.68236
802 6.79924 -7.19819 1.68941
803 6.79709 -7.20034 1.67015
804 6.7968 -7.20063 1.68045
805 6.79481 -7.20262 1.67078
806 6.79317 -7.20426 1.66305
807 6.79202 -7.20541 1.66613
808 6.79006 -7.20736 1.65766
809 6.78839 -7.20903 1.64546
810 6.78781 -7.20962 1.64441
811 6.7869 -7.21053 1.63485
812 6.78658 -7.21084 1.62827
813 6.78595 -7.21148 1.6293
814 6.78481 -7.21262 1.6235
815 6.78431 -7.21312 1.59572
816 6.78807 -7.20935 1.60395
817 6.78779 -7.20963 1.60115
818 6.78753 -7.2099 1.60379
819 6.7862 -7.21123 1.59848
820 6.78483 -7.21259 1.57954
821 6.78575 -7.21168 1.5836
822 6.78554 -7.21189 1.57277
823 6.78543 -7.212 1.57352
824 6.78504 -7.21239 1.56763
825 6.78522 -7.21221 1.56291
826 6.78497 -7.21245 1.56144
827 6.78428 -7.21315 1.5476
828 6.78523 -7.21219 1.54564
829 6.78556 -7.21186 1.54837
830 6.78481 -7.21262 1.52855
831 6.78646 -7.21097 1.52875
832 6.78736 -7.21007 1.5234
833 6.78826 -7.20917 1.52201
834 6.7886 -7.20883 1.519
835 6.78903 -7.2084 1.49982
836 6.79336 -7.20407 1.50889
837 6.79361 -7.20381 1.51261
838 6.79262 -7.20481 1.50415
839 6.79233 -7.2051 1.49935
840 6.79252 -7.2049 1.49321
841 6.79256 -7.20486 1.49113
842 6.79232 -7.20511 1.48468
843 6.79251 -7.20492 1.49095
844 6.7913 -7.20613 1.4864
845 6.79035 -7.20708 1.47572
846 6.79025 -7.20717 1.47656
847 6.78977 -7.20766 1.47013
848 6.78902 -7.20841 1.46645
849 6.78909 -7.20833 1.46592
850 6.78848 -7.20895 1.46006
851 6.78877 -7.20866 1.44454
852 6.79585 -7.20157 1.45356
853 6.79498 -7.20245 1.44553
854 6.79531 -7.20212 1.45312
855 6.79372 -7.20371 1.43668
856 6.79387 -7.20356 1.44489
857 6.79245 -7.20498 1.44317
858 6.79109 -7.20634 1.43064
859 6.79106 -7.20637 1.44108
860 6.78915 -7.20827 1.43331
861 6.78784 -7.20958 1.42703
862 6.78728 -7.21015 1.42728
863 6.78638 -7.21105 1.42765
864 6.78496 -7.21246 1.42078
865 6.78441 -7.21301 1.4057
866 6.78721 -7.21022 1.41714
867 6.78589 -7.21154 1.41222
868 6.78463 -7.2128 1.40591
869 6.78453 -7.2129 1.39718
870 6.78432 -7.21311 1.40605
871 6.78336 -7.21407 1.39034
872 6.78352 -7.2139 1.39137
873 6.78722 -7.2102 1.38493
874 6.78715 -7.21027 1.38173
875 6.78748 -7.20995 1.3878
876 6.78648 -7.21094 1.3862
877 6.78533 -7.2121 1.38228
878 6.78488 -7.21255 1.36953
879 6.78502 -7.21241 1.3659
880 6.78684 -7.21059 1.35153
881 6.79068 -7.20675 1.37098
882 6.78986 -7.20756 1.37427
883 6.78827 -7.20916 1.36492
884 6.78733 -7.21009 1.36674
885 6.78577 -7.21166 1.3564
886 6.78521 -7.21222 1.35185
887 6.78511 -7.21231 1.35224
888 6.78522 -7.21221 1.33163
889 6.79131 -7.20612 1.32774
890 6.79441 -7.20302 1.35062
891 6.7924 -7.20502 1.34633
892 6.79086 -7.20657 1.34982
893 6.78895 -7.20848 1.31372
894 6.7954 -7.20203 1.33576
895 6.79386 -7.20357 1.33053
896 6.79277 -7.20466 1.32032
897 6.79916 -7.19827 1.33199
898 6.79658 -7.20085 1.33725
899 6.79369 -7.20374 1.3234
900 6.79249 -7.20493 1.33106
901 6.78999 -7.20744 1.31749
902 6.78891 -7.20851 1.31876
903 6.78727 -7.21016 1.31752
904 6.78548 -7.21194 1.31456
905 6.78395 -7.21348 1.31914
906 6.78178 -7.21564 1.31643
907 6.77971 -7.21771 1.31593
908 6.77765 -7.21978 1.30614
909 6.77594 -7.22148 1.27873
910 6.77942 -7.21801 1.29611
911 6.77861 -7.21882 1.29308
912 6.77765 -7.21977 1.29367
913 6.77658 -7.22085 1.29224
914 6.77455 -7.22288 1.28355
915 6.78335 -7.21407 1.27107
916 6.78341 -7.21402 1.28093
917 6.7845 -7.21293 1.27297
918 6.78392 -7.21351 1.27033
919 6.78322 -7.21421 1.26672
920 6.7825 -7.21493 1.26985
921 6.78101 -7.21642 1.26939
922 6.7797 -7.21772 1.26854
923 6.77811 -7.21932 1.26573
924 6.77665 -7.22077 1.2355
925 6.78391 -7.21352 1.23801
926 6.78492 -7.21251 1.24927
927 6.78401 -7.21342 1.24417
928 6.78336 -7.21407 1.23646
929 6.78291 -7.21452 1.24001
930 6.78173 -7.2157 1.2392
931 6.7809 -7.21653 1.23629
932 6.77983 -7.2176 1.22167
933 6.78029 -7.21714 1.22011
934 6.78001 -7.21742 1.21514
935 6.7807 -7.21673 1.21902
936 6.78023 -7.2172 1.21462
937 6.78021 -7.21721 1.20361
938 6.78123 -7.2162 1.2114
939 6.78081 -7.21661 1.19599
940 6.78156 -7.21587 1.19374
941 6.7827 -7.21473 1.19647
942 6.78325 -7.21418 1.21539
943 6.7905 -7.20693 1.20515
944 6.78876 -7.20867 1.19316
945 6.78853 -7.20889 1.18281
946 6.78882 -7.20861 1.19583
947 6.78737 -7.21005 1.19134
948 6.78638 -7.21105 1.18535
949 6.78565 -7.21178 1.18892
950 6.78424 -7.21319 1.18897
951 6.7827 -7.21473 1.18834
952 6.78114 -7.21629 1.17278
953 6.7808 -7.21663 1.17957
954 6.77951 -7.21792 1.17899
955 6.77839 -7.21904 1.16093
956 6.77894 -7.21849 1.17008
957 6.77798 -7.21944 1.17046
958 6.77673 -7.2207 1.15886
959 6.7773 -7.22013 1.16561
960 6.7762 -7.22122 1.1669
961 6.77498 -7.22245 1.16446
962 6.77397 -7.22346 1.15798
963 6.77311 -7.22431 1.15482
964 6.77264 -7.22478 1.14587
965 6.77309 -7.22434 1.13835
966 6.77582 -7.22161 1.14
967 6.77634 -7.22109 1.13793
968 6.77636 -7.22106 1.12515
969 6.77813 -7.21929 1.13944
970 6.77749 -7.21994 1.12888
971 6.77823 -7.2192 1.12383
972 6.77903 -7.2184 1.1274
973 6.77911 -7.21832 1.11708
974 6.78041 -7.21702 1.11509
975 6.78156 -7.21586 1.11179
976 6.78282 -7.2146 1.10971
977 6.78395 -7.21348 1.11781
978 6.78368 -7.21374 1.12191
979 6.78274 -7.21468 1.11657
980 6.78223 -7.21519 1.10637
981 6.78318 -7.21424 1.11786
982 6.78217 -7.21526 1.10732
983 6.78235 -7.21507 1.11093
984 6.78177 -7.21566 1.10279
985 6.78255 -7.21488 1.10515
986 6.782 -7.21543 1.11064
987 6.78132 -7.21611 1.103
988 6.78089 -7.21654 1.10362
989 6.78069 -7.21673 1.10043
990 6.78014 -7.21728 1.09763
991 6.78024 -7.21719 1.10105
992 6.77921 -7.21821 1.09417
993 6.77939 -7.21803 1.09683
994 6.77879 -7.21864 1.0974
995 6.77814 -7.21929 1.09833
996 6.77746 -7.21996 1.09493
997 6.77665 -7.22078 1.09711
998 6.77569 -7.22173 1.09022
999 6.77534 -7.22208 1.08848
1000 6.77525 -7.22218 1.08873
1001 6.77448 -7.22295 1.08793
1002 6.77398 -7.22345 1.07979
1003 6.77418 -7.22325 1.08039
1004 6.77441 -7.22302 1.07413
1005 6.77487 -7.22256 1.07267
1006 6.77558 -7.22185 1.07538
1007 6.77534 -7.22209 1.07424
1008 6.77555 -7.22188 1.07023
1009 6.77573 -7.2217 1.07014
1010 6.77566 -7.22177 1.06765
1011 6.77552 -7.22191 1.06589
1012 6.77572 -7.2217 1.05516
1013 6.77711 -7.22032 1.05316
1014 6.77804 -7.21939 1.06259
1015 6.77769 -7.21973 1.05905
1016 6.77776 -7.21967 1.0579
1017 6.77767 -7.21975 1.04932
1018 6.77823 -7.2192 1.05856
1019 6.77793 -7.21949 1.05832
1020 6.77704 -7.22039 1.05572
1021 6.77666 -7.22077 1.05749
1022 6.77581 -7.22161 1.04695
1023 6.77602 -7.22141 1.05352
1024 6.77532 -7.22211 1.05132
1025 6.77493 -7.22249 1.04129
1026 6.77518 -7.22224 1.04883
1027 6.77469 -7.22273 1.04778
1028 6.77387 -7.22355 1.04067
1029 6.77398 -7.22345 1.03637
1030 6.77389 -7.22354 1.03862
1031 6.77394 -7.22348 1.03723
1032 6.77363 -7.2238 1.03829
1033 6.77321 -7.22422 1.029
1034 6.77326 -7.22417 1.01936
1035 6.7745 -7.22292 1.0252
1036 6.7751 -7.22232 1.02589
1037 6.77459 -7.22283 1.02874
1038 6.77428 -7.22315 1.02042
1039 6.77456 -7.22287 1.02408
1040 6.77397 -7.22346 1.02009
1041 6.77353 -7.2239 1.02245
1042 6.7729 -7.22452 1.00919
1043 6.77365 -7.22378 1.01957
1044 6.77345 -7.22398 1.01379
1045 6.77318 -7.22425 1.00858
1046 6.77306 -7.22437 1.01647
1047 6.77212 -7.2253 1.01485
1048 6.77122 -7.2262 1.01277
1049 6.7705 -7.22693 1.00269
1050 6.7705 -7.22693 1.00427
1051 6.7702 -7.22723 0.99939
1052 6.77001 -7.22741 0.992692
1053 6.77076 -7.22667 0.996456
1054 6.77061 -7.22682 0.992823
1055 6.77046 -7.22697 0.982231
1056 6.77177 -7.22566 0.993627
1057 6.77128 -7.22615 0.987263
1058 6.77148 -7.22595 0.986946
1059 6.77123 -7.22619 0.988138
1060 6.77069 -7.22674 0.983926
1061 6.77052 -7.2269 0.985832
1062 6.76982 -7.2276 0.984496
1063 6.76902 -7.22841 0.969523
1064 6.76989 -7.22754 0.976024
1065 6.76963 -7.2278 0.968799
1066 6.77062 -7.22681 0.966091
1067 6.77073 -7.22669 0.972256
1068 6.77047 -7.22696 0.967894
1069 6.77036 -7.22707 0.968797
1070 6.76902 -7.22841 0.971708
1071 6.77167 -7.22576 0.968936
1072 6.77043 -7.22699 0.959969
1073 6.77052 -7.22691 0.963163
1074 6.76987 -7.22756 0.953869
1075 6.76994 -7.22749 0.959453
1076 6.76859 -7.22883 0.949688
1077 6.7691 -7.22832 0.953875
1078 6.76821 -7.22922 0.948181
1079 6.76829 -7.22913 0.949839
1080 6.76747 -7.22995 0.946838
1081 6.7672 -7.23022 0.949411
1082 6.76602 -7.23141 0.940533
1083 6.7668 -7.23063 0.938365
1084 6.76671 -7.23072 0.940523
1085 6.76606 -7.23137 0.937783
1086 6.76561 -7.23181 0.934591
1087 6.76532 -7.23211 0.937812
1088 6.76927 -7.22815 0.929833
1089 6.76906 -7.22837 0.929554
1090 6.76859 -7.22884 0.923095
1091 6.76857 -7.22886 0.919974
1092 6.769 -7.22842 0.922782
1093 6.76813 -7.22929 0.924116
1094 6.76711 -7.23032 0.915167
1095 6.76678 -7.23065 0.908314
1096 6.7677 -7.22972 0.912672
1097 6.768 -7.22943 0.923995
1098 6.7663 -7.23112 0.918847
1099 6.76484 -7.23258 0.916148
1100 6.7634 -7.23403 0.91423
1101 6.76243 -7.235 0.912482
1102 6.76125 -7.23618 0.915151
1103 6.7598 -7.23763 0.903607
1104 6.75936 -7.23806 0.904234
1105 6.75894 -7.23848 0.907398
1106 6.75716 -7.24026 0.895722
1107 6.75766 -7.23976 0.896276
1108 6.75777 -7.23966 0.901094
1109 6.75673 -7.2407 0.891773
1110 6.7565 -7.24092 0.883233
1111 6.75766 -7.23976 0.888211
1112 6.7574 -7.24003 0.892078
1113 6.75658 -7.24084 0.879746
1114 6.75689 -7.24054 0.883032
1115 6.75629 -7.24113 0.876944
1116 6.75658 -7.24084 0.881506
1117 6.75599 -7.24144 0.875496
1118 6.75593 -7.2415 0.86974
1119 6.75603 -7.2414 0.860401
1120 6.75721 -7.24022 0.865871
1121 6.757 -7.24043 0.857104
1122 6.75862 -7.23881 0.854193
1123 6.75986 -7.23757 0.857309
1124 6.75994 -7.23749 0.860712
1125 6.75957 -7.23785 0.851438
1126 6.76001 -7.23742 0.855984
1127 6.75991 -7.23752 0.850362
1128 6.75975 -7.23768 0.845922
1129 6.76019 -7.23724 0.849862
1130 6.7596 -7.23783 0.845171
1131 6.76009 -7.23734 0.845123
1132 6.75949 -7.23793 0.839472
1133 6.75987 -7.23756 0.837803
1134 6.7602 -7.23722 0.834094
1135 6.7598 -7.23762 0.831985
1136 6.76043 -7.23699 0.837142
1137 6.7599 -7.23753 0.83314
1138 6.75968 -7.23775 0.828641
1139 6.75958 -7.23784 0.828706
1140 6.75938 -7.23804 0.823452
1141 6.75987 -7.23756 0.822831
1142 6.7597 -7.23773 0.82246
1143 6.76005 -7.23738 0.823989
1144 6.75917 -7.23826 0.825395
1145 6.7573 -7.24013 0.814895
1146 6.75785 -7.23957 0.818492
1147 6.7573 -7.24013 0.813401
1148 6.75705 -7.24038 0.810045
1149 6.75657 -7.24086 0.818876
1150 6.755 -7.24243 0.806264
1151 6.75554 -7.24189 0.816036
1152 6.75386 -7.24356 0.811157
1153 6.75282 -7.24461 0.806364
1154 6.75173 -7.2457 0.797154
1155 6.75252 -7.24491 0.791434
1156 6.75322 -7.24421 0.805275
1157 6.75175 -7.24567 0.798252
1158 6.75098 -7.24645 0.794911
1159 6.75054 -7.24689 0.793311
1160 6.7497 -7.24772 0.796011
1161 6.7484 -7.24902 0.786983
1162 6.74822 -7.24921 0.784459
1163 6.7477 -7.24973 0.78447
1164 6.74755 -7.24988 0.779499
1165 6.74712 -7.25031 0.771101
1166 6.74772 -7.24971 0.76403
1167 6.74853 -7.2489 0.771978
1168 6.74893 -7.2485 0.76882
1169 6.74887 -7.24856 0.770525
1170 6.7483 -7.24913 0.761963
1171 6.74834 -7.24909 0.759725
1172 6.74877 -7.24866 0.758888
1173 6.74814 -7.24928 0.754643
1174 6.74882 -7.24861 0.751648
1175 6.74915 -7.24827 0.750551
1176 6.74898 -7.24845 0.752664
1177 6.74831 -7.24912 0.750526
1178 6.74785 -7.24958 0.739194
1179 6.74889 -7.24854 0.743239
1180 6.74841 -7.24902 0.742439
1181 6.74788 -7.24955 0.7379
1182 6.74788 -7.24955 0.734481
1183 6.74773 -7.24969 0.729335
1184 6.74829 -7.24913 0.735338
1185 6.74742 -7.25001 0.727216
1186 6.74812 -7.24931 0.719403
1187 6.74957 -7.24785 0.724684
1188 6.74955 -7.24788 0.720527
1189 6.74929 -7.24814 0.711463
1190 6.75031 -7.24712 0.715179
1191 6.75029 -7.24714 0.712158
1192 6.75023 -7.2472 0.710155
1193 6.75073 -7.2467 0.710327
1194 6.75047 -7.24695 0.710997
1195 6.74957 -7.24785 0.711169
1196 6.7486 -7.24882 0.708834
1197 6.74752 -7.24991 0.70327
1198 6.74753 -7.2499 0.701252
1199 6.74696 -7.25047 0.685475
1200 6.7487 -7.24872 0.692667
1201 6.74855 -7.24888 0.692398
1202 6.74819 -7.24924 0.687147
1203 6.74852 -7.2489 0.691924
1204 6.74754 -7.24989 0.687523
1205 6.74707 -7.25036 0.685495
1206 6.74615 -7.25128 0.678288
1207 6.74632 -7.2511 0.671743
1208 6.74735 -7.25007 0.67221
1209 6.7476 -7.24983 0.670389
1210 6.74906 -7.24837 0.672393
1211 6.74849 -7.24894 0.672486
1212 6.74771 -7.24971 0.668536
1213 6.74777 -7.24966 0.670169
1214 6.74643 -7.25099 0.668806
1215 6.74568 -7.25175 0.664714
1216 6.74478 -7.25264 0.656867
1217 6.74484 -7.25259 0.662615
1218 6.74373 -7.2537 0.662722
1219 6.74244 -7.25499 0.659612
1220 6.74132 -7.25611 0.650289
1221 6.74117 -7.25626 0.646637
1222 6.7416 -7.25583 0.644479
1223 6.7415 -7.25592 0.648351
1224 6.74107 -7.25636 0.646828
1225 6.74011 -7.25732 0.642958
1226 6.73944 -7.25799 0.639364
1227 6.73936 -7.25807 0.63908
1228 6.73874 -7.25869 0.638508
1229 6.73788 -7.25954 0.632278
1230 6.73773 -7.25969 0.629849
1231 6.73782 -7.25961 0.62322
1232 6.73807 -7.25935 0.619692
1233 6.73913 -7.2583 0.616424
1234 6.73983 -7.2576 0.61627
1235 6.74 -7.25743 0.618304
1236 6.73963 -7.2578 0.612544
1237 6.74012 -7.25731 0.611366
1238 6.73995 -7.25748 0.609624
1239 6.73979 -7.25764 0.604344
1240 6.74043 -7.25699 0.603029
1241 6.74102 -7.25641 0.601122
1242 6.7421 -7.25533 0.599341
1243 6.74203 -7.2554 0.594953
1244 6.74208 -7.25534 0.665943
1245 6.75067 -7.24676 0.598893
1246 6.75031 -7.24712 0.593412
1247 6.75016 -7.24727 0.59282
1248 6.74932 -7.24811 0.593443
1249 6.74852 -7.2489 0.589901
1250 6.74799 -7.24944 0.592177
1251 6.74666 -7.25077 0.583359
1252 6.74708 -7.25035 0.579133
1253 6.7473 -7.25013 0.581514
1254 6.74798 -7.24945 0.587912
1255 6.74435 -7.25308 0.676677
1256 6.75572 -7.24171 0.619682
1257 6.7611 -7.23633 0.588281
1258 6.75904 -7.23839 0.583108
1259 6.7564 -7.24102 0.585275
1260 6.75456 -7.24287 0.585115
1261 6.75166 -7.24577 0.581284
1262 6.74933 -7.2481 0.589036
1263 6.74551 -7.25192 0.573181
1264 6.74383 -7.2536 0.577232
1265 6.74114 -7.25629 0.641934
1266 6.7456 -7.25183 0.601867
1267 6.74843 -7.249 0.585343
1268 6.74443 -7.253 0.572418
1269 6.74232 -7.25511 0.57951
1270 6.73875 -7.25868 0.569758
1271 6.73634 -7.26109 0.570949
1272 6.73369 -7.26374 0.562879
1273 6.73246 -7.26497 0.575598
1274 6.72945 -7.26798 0.573118
1275 6.72684 -7.27058 0.582569
1276 6.72981 -7.26762 0.565091
1277 6.72841 -7.26902 0.560896
1278 6.72623 -7.2712 0.54656
1279 6.72648 -7.27095 0.554399
1280 6.72499 -7.27244 0.616913
1281 6.73661 -7.26081 0.544805
1282 6.73565 -7.26178 0.545094
1283 6.73501 -7.26241 0.546075
1284 6.73367 -7.26376 0.537364
1285 6.733 -7.26443 0.55892
1286 6.73716 -7.26027 0.531484
1287 6.73784 -7.25959 0.535805
1288 6.73662 -7.26081 0.536293
1289 6.73529 -7.26214 0.534639
1290 6.73399 -7.26344 0.533437
1291 6.73334 -7.26409 0.533753
1292 6.73261 -7.26482 0.530348
1293 6.73184 -7.26559 0.528594
1294 6.73135 -7.26608 0.523253
1295 6.73154 -7.26588 0.525773
1296 6.73057 -7.26686 0.52051
1297 6.72992 -7.26751 0.516208
1298 6.73012 -7.26731 0.519122
1299 6.73015 -7.26728 0.516985
1300 6.72942 -7.268 0.507883
1301 6.73077 -7.26665 0.510087
1302 6.73092 -7.26651 0.506757
1303 6.73167 -7.26576 0.504141
1304 6.73209 -7.26534 0.50379
1305 6.7329 -7.26452 0.500805
1306 6.7345 -7.26292 0.499365
1307 6.73381 -7.26361 0.499413
1308 6.73512 -7.2623 0.498022
1309 6.73767 -7.25975 0.492329
1310 6.73771 -7.25972 0.491712
1311 6.73776 -7.25966 0.489291
1312 6.73803 -7.2594 0.531771
1313 6.74287 -7.25456 0.48926
1314 6.7416 -7.25583 0.52956
1315 6.74445 -7.25297 0.538273
1316 6.74984 -7.24759 0.493853
1317 6.75009 -7.24733 0.492832
1318 6.74817 -7.24925 0.490986
1319 6.74625 -7.25118 0.487663
1320 6.7428 -7.25463 0.609557
1321 6.75668 -7.24075 0.491499
1322 6.75435 -7.24308 0.524593
1323 6.75539 -7.24203 0.491131
1324 6.75231 -7.24511 0.487275
1325 6.74989 -7.24754 0.487968
1326 6.74756 -7.24987 0.486839
1327 6.74484 -7.25259 0.489587
1328 6.74111 -7.25632 0.483747
1329 6.73795 -7.25948 0.486605
1330 6.73503 -7.26239 0.484367
1331 6.7327 -7.26473 0.489672
1332 6.72939 -7.26803 0.48752
1333 6.72674 -7.27069 0.487356
1334 6.72454 -7.27288 0.490328
1335 6.72187 -7.27556 0.485073
1336 6.72094 -7.27649 0.487806
1337 6.71886 -7.27857 0.473517
1338 6.71913 -7.2783 0.473167
1339 6.71843 -7.279 0.477033
1340 6.7176 -7.27983 0.476162
1341 6.71751 -7.27991 0.473558
1342 6.71779 -7.27964 0.468215
1343 6.71864 -7.27879 0.465534
1344 6.71987 -7.27756 0.460973
1345 6.72007 -7.27736 0.459911
1346 6.71988 -7.27754 0.45331
1347 6.72177 -7.27566 0.450688
1348 6.724 -7.27343 0.448755
1349 6.72474 -7.27269 0.449564
1350 6.72626 -7.27116 0.445215
1351 6.72819 -7.26924 0.442612
1352 6.72956 -7.26787 0.43998
1353 6.73078 -7.26664 0.442008
1354 6.73183 -7.26559 0.438849
1355 6.73274 -7.26469 0.437289
1356 6.7336 -7.26383 0.439142
1357 6.73509 -7.26233 0.434633
1358 6.73548 -7.26195 0.434186
1359 6.73555 -7.26188 0.433754
1360 6.73629 -7.26114 0.434922
1361 6.73724 -7.26019 0.432478
1362 6.73943 -7.258 0.432465
1363 6.74038 -7.25705 0.429859
1364 6.74041 -7.25702 0.427789
1365 6.74047 -7.25696 0.433887
1366 6.74148 -7.25594 0.425525
1367 6.74118 -7.25625 0.425071
1368 6.74164 -7.25578 0.427002
1369 6.74149 -7.25594 0.423793
1370 6.74046 -7.25697 0.422108
1371 6.73908 -7.25835 0.4264
1372 6.739 -7.25843 0.420402
1373 6.73784 -7.25959 0.422456
1374 6.73693 -7.2605 0.418641
1375 6.73582 -7.26161 0.418145
1376 6.73458 -7.26285 0.417608
1377 6.73316 -7.26427 0.41779
1378 6.73456 -7.26287 0.417269
1379 6.734 -7.26343 0.415452
1380 6.73253 -7.2649 0.411761
1381 6.73249 -7.26494 0.412833
1382 6.73177 -7.26566 0.444247
1383 6.73365 -7.26378 0.452115
1384 6.73869 -7.25874 0.413961
1385 6.73731 -7.26012 0.409366
1386 6.73736 -7.26007 0.410921
1387 6.73545 -7.26198 0.409149
1388 6.73518 -7.26225 0.406563
1389 6.73423 -7.2632 0.407502
1390 6.7334 -7.26403 0.406437
1391 6.73234 -7.26509 0.410105
1392 6.73267 -7.26475 0.40616
1393 6.73089 -7.26654 0.402667
1394 6.72967 -7.26776 0.405845
1395 6.72693 -7.27049 0.423096
1396 6.73217 -7.26526 0.408382
1397 6.73384 -7.26359 0.400597
1398 6.73331 -7.26412 0.400495
1399 6.73174 -7.26568 0.394236
1400 6.73075 -7.26667 0.394013
1401 6.73108 -7.26635 0.397556
1402 6.72979 -7.26763 0.39339
1403 6.7291 -7.26833 0.394133
1404 6.72913 -7.26829 0.389357
1405 6.72887 -7.26856 0.409592
1406 6.73344 -7.26399 0.38925
1407 6.73256 -7.26486 0.391031
1408 6.7313 -7.26612 0.389767
1409 6.73108 -7.26635 0.38357
1410 6.7307 -7.26672 0.412485
1411 6.73474 -7.26269 0.387086
1412 6.7341 -7.26333 0.384995
1413 6.73247 -7.26496 0.384097
1414 6.73228 -7.26515 0.387789
1415 6.73223 -7.2652 0.381123
1416 6.73256 -7.26487 0.384806
1417 6.73164 -7.26579 0.382488
1418 6.73022 -7.26721 0.381857
1419 6.72944 -7.26799 0.377137
1420 6.72888 -7.26855 0.384666
1421 6.72933 -7.2681 0.379757
1422 6.729 -7.26843 0.373613
1423 6.72837 -7.26906 0.376023
1424 6.72804 -7.26938 0.37767
1425 6.72767 -7.26976 0.375107
1426 6.72655 -7.27088 0.372494
1427 6.72662 -7.2708 0.366181
1428 6.7269 -7.27052 0.369365
1429 6.72681 -7.27062 0.369609
1430 6.72634 -7.27108 0.368137
1431 6.72641 -7.27102 0.366612
1432 6.72633 -7.2711 0.361663
1433 6.72598 -7.27145 0.476485
1434 6.73979 -7.25764 0.372323
1435 6.74103 -7.2564 0.363266
1436 6.74068 -7.25675 0.366082
1437 6.74132 -7.2561 0.364472
1438 6.74089 -7.25654 0.363444
1439 6.74065 -7.25678 0.360389
1440 6.73874 -7.25869 0.362777
1441 6.73764 -7.25979 0.358854
1442 6.73602 -7.2614 0.358641
1443 6.73445 -7.26298 0.357048
1444 6.7329 -7.26453 0.357171
1445 6.73112 -7.2663 0.358943
1446 6.72968 -7.26774 0.35731
1447 6.72874 -7.26868 0.356483
1448 6.72721 -7.27022 0.355875
1449 6.72557 -7.27186 0.355563
1450 6.72547 -7.27196 0.355589
1451 6.72465 -7.27278 0.355007
1452 6.72431 -7.27312 0.352778
1453 6.724 -7.27343 0.345983
1454 6.72419 -7.27324 0.349537
1455 6.723 -7.27442 0.344358
1456 6.72229 -7.27514 0.378742
1457 6.72705 -7.27038 0.344322
1458 6.72735 -7.27008 0.349318
1459 6.72816 -7.26927 0.343086
1460 6.72897 -7.26846 0.34242
1461 6.72896 -7.26847 0.340587
1462 6.7296 -7.26782 0.342871
1463 6.72946 -7.26796 0.337878
1464 6.7308 -7.26662 0.336661
1465 6.72989 -7.26754 0.336806
1466 6.7309 -7.26653 0.338917
1467 6.73085 -7.26657 0.337612
1468 6.73058 -7.26685 0.335749
1469 6.72941 -7.26801 0.335132
1470 6.72927 -7.26816 0.367539
1471 6.73335 -7.26408 0.334929
1472 6.7325 -7.26493 0.331839
1473 6.73285 -7.26458 0.332358
1474 6.73228 -7.26514 0.334121
1475 6.73172 -7.26571 0.330728
1476 6.73002 -7.2674 0.325595
1477 6.73067 -7.26676 0.334168
1478 6.73155 -7.26587 0.329182
1479 6.73073 -7.2667 0.32596
1480 6.73088 -7.26655 0.326414
1481 6.73048 -7.26694 0.328257
1482 6.72951 -7.26792 0.326454
1483 6.72862 -7.26881 0.32796
1484 6.728 -7.26942 0.324754
1485 6.72815 -7.26928 0.325342
1486 6.72756 -7.26987 0.32304
1487 6.72682 -7.2706 0.322248
1488 6.72697 -7.27045 0.31935
1489 6.72732 -7.27011 0.32298
1490 6.72842 -7.26901 0.320188
1491 6.72744 -7.26999 0.320241
1492 6.72736 -7.27007 0.33013
1493 6.72936 -7.26807 0.318366
1494 6.72867 -7.26876 0.318773
1495 6.72845 -7.26897 0.316888
1496 6.72805 -7.26938 0.317226
1497 6.72815 -7.26927 0.315262
1498 6.72764 -7.26979 0.313024
1499 6.72722 -7.27021 0.314217
1500 6.72828 -7.26915 0.313876
1501 6.7283 -7.26912 0.316968
1502 6.72884 -7.26859 0.313263
1503 6.7289 -7.26852 0.312407
1504 6.72977 -7.26765 0.311741
1505 6.73024 -7.26719 0.310365
1506 6.73029 -7.26714 0.309964
1507 6.73029 -7.26713 0.307565
1508 6.72923 -7.2682 0.306313
1509 6.72863 -7.26879 0.306385
1510 6.72857 -7.26885 0.305791
1511 6.72787 -7.26956 0.310819
1512 6.7301 -7.26733 0.304959
1513 6.72936 -7.26807 0.303722
1514 6.72925 -7.26818 0.306455
1515 6.72939 -7.26803 0.311277
1516 6.73027 -7.26716 0.304754
1517 6.73066 -7.26677 0.303734
1518 6.73033 -7.2671 0.302936
1519 6.73033 -7.2671 0.301055
