0 0 -8.94515 18.5582 -8.94515
0 0.2 -10.7801 16.2494 -10.7801
0 0.4 -5.98403 19.3231 -5.98403
0 0.6 -4.18677 16.3527 -4.18677
0 0.8 -2.32336 5.95957 -2.32336
0 1 8.23223 -2.79703 8.23223
0 1.2 18.441 -4.11763 18.441
0 1.4 21.2778 -5.42633 21.2778
0 1.6 21.4028 -6.58943 21.4028
0 1.8 21.3993 -6.45386 21.3993
0 2 20.8891 -5.23665 20.8891
0 2.2 16.3397 -4.3923 16.3397
0 2.4 3.93851 -1.98454 3.93851
0 2.6 -3.86344 10.6829 -3.86344
0 2.8 -4.44814 19.6733 -4.44814
0 3 -5.64651 21.658 -5.64651
0 3.2 -6.49576 21.6875 -6.49576
0 3.4 -6.07239 21.6679 -6.07239
0 3.6 -4.86515 20.6355 -4.86515
0 3.8 -4.29236 14.3418 -4.29236
0 4 -0.0320675 1.03564 -0.0320675
0 4.2 13.2579 -4.22693 13.2579
0 4.4 20.2959 -4.76652 20.2959
0 4.6 21.5573 -5.96971 21.5573
0 4.8 21.5613 -6.44475 21.5613
0 5 21.3767 -5.64415 21.3767
0 5.2 18.8519 -4.59061 18.8519
0 5.4 8.94645 -3.87983 8.94645
0 5.6 -2.74877 5.44184 -2.74877
0 5.8 -4.33414 17.5058 -4.33414
0 6 -5.17451 21.3909 -5.17451
0 6.2 -6.18655 21.7921 -6.18655
0 6.4 -6.11618 21.7087 -6.11618
0 6.6 -5.13014 20.7884 -5.13014
0 6.8 -4.62647 15.206 -4.62647
0 7 -1.38351 2.05182 -1.38351
0 7.2 12.2746 -4.27378 12.2746
0 7.4 20.3578 -4.57397 20.3578
0 7.6 21.9624 -5.5269 21.9624
0 7.8 21.9736 -5.81257 21.9736
0 8 21.0999 -5.08936 21.0999
0 8.2 15.8474 -4.67679 15.8474
0 8.4 2.56923 -1.99073 2.56923
0 8.6 -4.42326 11.4775 -4.42326
0 8.8 -4.58796 20.0453 -4.58796
0 9 -5.38294 21.8037 -5.38294
0 9.2 -5.67309 21.5139 -5.67309
0 9.4 -2.22331 22.4465 -2.22331
0 9.6 4.48824 20.8727 4.48824
0 9.8 -37.3146 -49.6739 -37.3146
0.2 0 -10.6587 16.8385 -10.6587
0.2 0.2 -12.5609 14.4636 -12.5609
0.2 0.4 -7.82053 17.487 -7.82053
0.2 0.6 -6.04391 14.4979 -6.04391
0.2 0.8 -4.19981 4.08961 -4.19981
0.2 1 6.32469 -4.68735 6.32469
0.2 1.2 16.5279 -6.0203 16.5279
0.2 1.4 19.3623 -7.33683 19.3623
0.2 1.6 19.4836 -8.50467 19.4836
0.2 1.8 19.4803 -8.36789 19.4803
0.2 2 18.972 -7.144 18.972
0.2 2.2 14.4158 -6.29169 14.4158
0.2 2.4 2.0225 -3.8567 2.0225
0.2 2.6 -5.72934 8.83956 -5.72934
0.2 2.8 -6.30046 17.8308 -6.30046
0.2 3 -7.50307 19.8068 -7.50307
0.2 3.2 -8.35557 19.8316 -8.35557
0.2 3.4 -7.93096 19.8142 -7.93096
0.2 3.6 -6.71854 18.7912 -6.71854
0.2 3.8 -6.15016 12.5049 -6.15016
0.2 4 -1.93485 -0.817116 -1.93485
0.2 4.2 11.3286 -6.12029 11.3286
0.2 4.4 18.381 -6.66786 18.381
0.2 4.6 19.6435 -7.87726 19.6435
0.2 4.8 19.6465 -8.3547 19.6465
0.2 5 19.4637 -7.55045 19.4637
0.2 5.2 16.9377 -6.48953 16.9377
0.2 5.4 7.02674 -5.76504 7.02674
0.2 5.6 -4.62576 3.59179 -4.62576
0.2 5.8 -6.18568 15.665 -6.18568
0.2 6 -7.0262 19.5449 -7.0262
0.2 6.2 -8.04173 19.941 -8.04173
0.2 6.4 -7.972 19.8575 -7.972
0.2 6.6 -6.98186 18.9446 -6.98186
0.2 6.8 -6.48073 13.3695 -6.48073
0.2 7 -3.27777 0.202361 -3.27777
0.2 7.2 10.3462 -6.16439 10.3462
0.2 7.4 18.4445 -6.47307 18.4445
0.2 7.6 20.0514 -7.43161 20.0514
0.2 7.8 20.0623 -7.71878 20.0623
0.2 8 19.1899 -6.99099 19.1899
0.2 8.2 13.9316 -6.57175 13.9316
0.2 8.4 0.665819 -3.86085 0.665819
0.2 8.6 -6.28318 9.63136 -6.28318
0.2 8.8 -6.43719 18.2032 -6.43719
0.2 9 -7.23577 19.9561 -7.23577
0.2 9.2 -7.53404 19.6589 -7.53404
0.2 9.4 -4.10493 20.5753 -4.10493
0.2 9.6 2.74205 19.1266 2.74205
0.2 9.8 -39.5386 -51.9592 -39.5386
0.4 0 -9.31652 18.1784 -9.31652
0.4 0.2 -11.1949 15.8286 -11.1949
0.4 0.4 -6.49688 18.8136 -6.49688
0.4 0.6 -4.7421 15.8037 -4.7421
0.4 0.8 -2.90731 5.36866 -2.90731
0.4 1 7.64697 -3.4086 7.64697
0.4 1.2 17.8525 -4.72538 17.8525
0.4 1.4 20.6753 -6.0379 20.6753
0.4 1.6 20.7981 -7.19713 20.7981
0.4 1.8 20.7962 -7.05664 20.7962
0.4 2 20.282 -5.83922 20.282
0.4 2.2 15.7155 -4.99757 15.7155
0.4 2.4 3.29907 -2.56087 3.29907
0.4 2.6 -4.43746 10.1799 -4.43746
0.4 2.8 -4.99023 19.1694 -4.99023
0.4 3 -6.18916 21.1345 -6.18916
0.4 3.2 -7.0348 21.1619 -7.0348
0.4 3.4 -6.61236 21.1455 -6.61236
0.4 3.6 -5.40616 20.1306 -5.40616
0.4 3.8 -4.8489 13.8697 -4.8489
0.4 4 -0.685073 0.516316 -0.685073
0.4 4.2 12.6019 -4.82903 12.6019
0.4 4.4 19.6835 -5.36714 19.6835
0.4 4.6 20.9555 -6.5685 20.9555
0.4 4.8 20.9635 -7.04152 20.9635
0.4 5 20.7791 -6.24133 20.7791
0.4 5.2 18.2484 -5.19043 18.2484
0.4 5.4 8.32503 -4.47639 8.32503
0.4 5.6 -3.3432 4.90702 -3.3432
0.4 5.8 -4.87901 17.0026 -4.87901
0.4 6 -5.71347 20.8737 -5.71347
0.4 6.2 -6.72366 21.2694 -6.72366
0.4 6.4 -6.65225 21.1888 -6.65225
0.4 6.6 -5.66712 20.2827 -5.66712
0.4 6.8 -5.17573 14.7306 -5.17573
0.4 7 -2.02101 1.54314 -2.02101
0.4 7.2 11.6174 -4.87304 11.6174
0.4 7.4 19.7472 -5.17235 19.7472
0.4 7.6 21.361 -6.1256 21.361
0.4 7.8 21.3765 -6.409 21.3765
0.4 8 20.5043 -5.68559 20.5043
0.4 8.2 15.2463 -5.27491 15.2463
0.4 8.4 1.95997 -2.57233 1.95997
0.4 8.6 -4.98591 10.959 -4.98591
0.4 8.8 -5.12606 19.5359 -5.12606
0.4 9 -5.92239 21.2834 -5.92239
0.4 9.2 -6.21444 20.9951 -6.21444
0.4 9.4 -2.79296 21.9229 -2.79296
0.4 9.6 3.87864 20.3531 3.87864
0.4 9.8 -37.9612 -50.2774 -37.9612
0.6 0 -9.67581 17.8023 -9.67581
0.6 0.2 -11.5517 15.4536 -11.5517
0.6 0.4 -6.85656 18.4274 -6.85656
0.6 0.6 -5.10302 15.388 -5.10302
0.6 0.8 -3.23374 4.92715 -3.23374
0.6 1 7.37615 -3.78753 7.37615
0.6 1.2 17.5298 -5.09065 17.5298
0.6 1.4 20.3158 -6.41193 20.3158
0.6 1.6 20.4279 -7.5722 20.4279
0.6 1.8 20.4242 -7.42881 20.4242
0.6 2 19.9094 -6.20768 19.9094
0.6 2.2 15.3365 -5.36275 15.3365
0.6 2.4 2.91616 -2.90699 2.91616
0.6 2.6 -4.79809 9.85243 -4.79809
0.6 2.8 -5.35064 18.8224 -5.35064
0.6 3 -6.55453 20.7747 -6.55453
0.6 3.2 -7.40288 20.7973 -7.40288
0.6 3.4 -6.9805 20.7828 -6.9805
0.6 3.6 -5.77039 19.7794 -5.77039
0.6 3.8 -5.20894 13.5456 -5.20894
0.6 4 -1.07367 0.191218 -1.07367
0.6 4.2 12.2103 -5.19221 12.2103
0.6 4.4 19.3098 -5.73305 19.3098
0.6 4.6 20.5864 -6.93542 20.5864
0.6 4.8 20.5949 -7.40965 20.5949
0.6 5 20.411 -6.60914 20.411
0.6 5.2 17.8809 -5.55611 17.8809
0.6 5.4 7.95481 -4.83687 7.95481
0.6 5.6 -3.70844 4.56436 -3.70844
0.6 5.8 -5.24024 16.6539 -5.24024
0.6 6 -6.07807 20.5142 -6.07807
0.6 6.2 -7.09013 20.906 -7.09013
0.6 6.4 -7.01975 20.8255 -7.01975
0.6 6.6 -6.03176 19.928 -6.03176
0.6 6.8 -5.53553 14.3985 -5.53553
0.6 7 -2.40207 1.21567 -2.40207
0.6 7.2 11.2291 -5.23563 11.2291
0.6 7.4 19.3738 -5.5389 19.3738
0.6 7.6 20.9918 -6.49304 20.9918
0.6 7.8 21.0081 -6.77749 21.0081
0.6 8 20.1382 -6.0532 20.1382
0.6 8.2 14.8858 -5.63928 14.8858
0.6 8.4 1.6016 -2.93294 1.6016
0.6 8.6 -5.34646 10.605 -5.34646
0.6 8.8 -5.48861 19.1783 -5.48861
0.6 9 -6.28807 20.9218 -6.28807
0.6 9.2 -6.58081 20.6354 -6.58081
0.6 9.4 -3.15682 21.5763 -3.15682
0.6 9.6 3.52056 20.0402 3.52056
0.6 9.8 -38.4222 -50.6963 -38.4222
0.8 0 -9.69048 17.7627 -9.69048
0.8 0.2 -11.5688 15.4092 -11.5688
0.8 0.4 -6.8772 18.3648 -6.8772
0.8 0.6 -5.13216 15.2692 -5.13216
0.8 0.8 -3.21095 4.76215 -3.21095
0.8 1 7.48724 -3.84653 7.48724
0.8 1.2 17.5669 -5.11866 17.5669
0.8 1.4 20.3025 -6.44751 20.3025
0.8 1.6 20.4009 -7.60724 20.4009
0.8 1.8 20.3951 -7.46007 20.3951
0.8 2 19.8781 -6.23678 19.8781
0.8 2.2 15.2956 -5.39317 15.2956
0.8 2.4 2.86692 -2.92757 2.86692
0.8 2.6 -4.82838 9.84677 -4.82838
0.8 2.8 -5.37667 18.8065 -5.37667
0.8 3 -6.5818 20.7518 -6.5818
0.8 3.2 -7.43141 20.772 -7.43141
0.8 3.4 -7.00964 20.7582 -7.00964
0.8 3.6 -5.79886 19.7614 -5.79886
0.8 3.8 -5.23806 13.5439 -5.23806
0.8 4 -1.12775 0.185171 -1.12775
0.8 4.2 12.1581 -5.22296 12.1581
0.8 4.4 19.2768 -5.76085 19.2768
0.8 4.6 20.5596 -6.96164 20.5596
0.8 4.8 20.5691 -7.43622 20.5691
0.8 5 20.385 -6.6364 20.385
0.8 5.2 17.8526 -5.58496 17.8526
0.8 5.4 7.91898 -4.86757 7.91898
0.8 5.6 -3.74365 4.54322 -3.74365
0.8 5.8 -5.26876 16.6336 -5.26876
0.8 6 -6.10612 20.49 -6.10612
0.8 6.2 -7.11836 20.8804 -7.11836
0.8 6.4 -7.04818 20.8004 -7.04818
0.8 6.6 -6.05971 19.9072 -6.05971
0.8 6.8 -5.56364 14.3883 -5.56364
0.8 7 -2.44683 1.20381 -2.44683
0.8 7.2 11.1832 -5.2664 11.1832
0.8 7.4 19.3421 -5.56746 19.3421
0.8 7.6 20.9648 -6.52037 20.9648
0.8 7.8 20.982 -6.80539 20.982
0.8 8 20.1138 -6.08174 20.1138
0.8 8.2 14.866 -5.66873 14.866
0.8 8.4 1.58029 -2.97048 1.58029
0.8 8.6 -5.37605 10.5706 -5.37605
0.8 8.8 -5.51572 19.152 -5.51572
0.8 9 -6.31542 20.8969 -6.31542
0.8 9.2 -6.60959 20.6115 -6.60959
0.8 9.4 -3.18572 21.5585 -3.18572
0.8 9.6 3.48853 20.0331 3.48853
0.8 9.8 -38.4792 -50.7289 -38.4792
1 0 -9.68584 17.7361 -9.68584
1 0.2 -11.5542 15.3908 -11.5542
1 0.4 -6.8708 18.3198 -6.8708
1 0.6 -5.13438 15.1566 -5.13438
1 0.8 -3.14583 4.59779 -3.14583
1 1 7.65691 -3.88019 7.65691
1 1.2 17.6451 -5.11643 17.6451
1 1.4 20.3208 -6.45459 20.3208
1 1.6 20.4029 -7.61423 20.4029
1 1.8 20.3946 -7.46321 20.3946
1 2 19.8765 -6.23735 19.8765
1 2.2 15.2884 -5.39429 15.2884
1 2.4 2.8551 -2.92381 2.8551
1 2.6 -4.82969 9.85885 -4.82969
1 2.8 -5.37572 18.8128 -5.37572
1 3 -6.58177 20.754 -6.58177
1 3.2 -7.43234 20.7725 -7.43234
1 3.4 -7.01129 20.7592 -7.01129
1 3.6 -5.80026 19.7667 -5.80026
1 3.8 -5.23981 13.5604 -5.23981
1 4 -1.1459 0.199531 -1.1459
1 4.2 12.1422 -5.22432 12.1422
1 4.4 19.2746 -5.75973 19.2746
1 4.6 20.5617 -6.9595 20.5617
1 4.8 20.5718 -7.43454 20.5718
1 5 20.3877 -6.63525 20.3877
1 5.2 17.8544 -5.58485 17.8544
1 5.4 7.91641 -4.86977 7.91641
1 5.6 -3.74824 4.54431 -3.74824
1 5.8 -5.26995 16.636 -5.26995
1 6 -6.10673 20.491 -6.10673
1 6.2 -7.11899 20.8807 -7.11899
1 6.4 -7.04902 20.801 -7.04902
1 6.6 -6.06045 19.9097 -6.06045
1 6.8 -5.56479 14.3955 -5.56479
1 7 -2.45524 1.20942 -2.45524
1 7.2 11.1761 -5.2679 11.1761
1 7.4 19.342 -5.56706 19.342
1 7.6 20.9665 -6.51969 20.9665
1 7.8 20.9843 -6.80538 20.9843
1 8 20.1189 -6.08182 20.1189
1 8.2 14.8797 -5.66876 14.8797
1 8.4 1.59539 -2.98376 1.59539
1 8.6 -5.37722 10.5549 -5.37722
1 8.8 -5.51559 19.1486 -5.51559
1 9 -6.31488 20.8974 -6.31488
1 9.2 -6.61032 20.6128 -6.61032
1 9.4 -3.18749 21.5622 -3.18749
1 9.6 3.48322 20.0392 3.48322
1 9.8 -38.4898 -50.729 -38.4898
1.2 0 -9.69496 17.697 -9.69496
1.2 0.2 -11.5363 15.3767 -11.5363
1.2 0.4 -6.86382 18.2764 -6.86382
1.2 0.6 -5.13514 15.0469 -5.13514
1.2 0.8 -3.0782 4.44001 -3.0782
1.2 1 7.82322 -3.90981 7.82322
1.2 1.2 17.7201 -5.11325 17.7201
1.2 1.4 20.3378 -6.46061 20.3378
1.2 1.6 20.4043 -7.6204 20.4043
1.2 1.8 20.3937 -7.46605 20.3937
1.2 2 19.8758 -6.23766 19.8758
1.2 2.2 15.2867 -5.39422 15.2867
1.2 2.4 2.85355 -2.92315 2.85355
1.2 2.6 -4.82873 9.86219 -4.82873
1.2 2.8 -5.37362 18.8162 -5.37362
1.2 3 -6.57942 20.7568 -6.57942
1.2 3.2 -7.4304 20.775 -7.4304
1.2 3.4 -7.01039 20.7614 -7.01039
1.2 3.6 -5.80015 19.7706 -5.80015
1.2 3.8 -5.24046 13.5704 -5.24046
1.2 4 -1.15604 0.208379 -1.15604
1.2 4.2 12.1333 -5.22429 12.1333
1.2 4.4 19.2738 -5.75799 19.2738
1.2 4.6 20.5635 -6.95716 20.5635
1.2 4.8 20.5739 -7.43267 20.5739
1.2 5 20.39 -6.6338 20.39
1.2 5.2 17.857 -5.58393 17.857
1.2 5.4 7.91807 -4.87082 7.91807
1.2 5.6 -3.74939 4.5424 -3.74939
1.2 5.8 -5.26999 16.6363 -5.26999
1.2 6 -6.10541 20.4925 -6.10541
1.2 6.2 -7.11698 20.8827 -7.11698
1.2 6.4 -7.04721 20.8029 -7.04721
1.2 6.6 -6.05942 19.9113 -6.05942
1.2 6.8 -5.56491 14.3964 -5.56491
1.2 7 -2.45587 1.20832 -2.45587
1.2 7.2 11.1774 -5.26798 11.1774
1.2 7.4 19.3438 -5.56597 19.3438
1.2 7.6 20.9679 -6.51893 20.9679
1.2 7.8 20.986 -6.80534 20.986
1.2 8 20.124 -6.0816 20.124
1.2 8.2 14.8957 -5.6677 14.8957
1.2 8.4 1.61604 -2.99785 1.61604
1.2 8.6 -5.37663 10.5352 -5.37663
1.2 8.8 -5.51403 19.1441 -5.51403
1.2 9 -6.31184 20.8989 -6.31184
1.2 9.2 -6.60813 20.6153 -6.60813
1.2 9.4 -3.18687 21.5643 -3.18687
1.2 9.6 3.48102 20.0395 3.48102
1.2 9.8 -38.4898 -50.7289 -38.4898
1.4 0 -9.69263 17.6783 -9.69263
1.4 0.2 -11.5251 15.3645 -11.5251
1.4 0.4 -6.85901 18.2434 -6.85901
1.4 0.6 -5.13554 14.9632 -5.13554
1.4 0.8 -3.02448 4.32153 -3.02448
1.4 1 7.95034 -3.93058 7.95034
1.4 1.2 17.7759 -5.11131 17.7759
1.4 1.4 20.3487 -6.46687 20.3487
1.4 1.6 20.4029 -7.62755 20.4029
1.4 1.8 20.3908 -7.47079 20.3908
1.4 2 19.8749 -6.23961 19.8749
1.4 2.2 15.2902 -5.39404 15.2902
1.4 2.4 2.86094 -2.92576 2.86094
1.4 2.6 -4.82698 9.85699 -4.82698
1.4 2.8 -5.37263 18.815 -5.37263
1.4 3 -6.57808 20.7575 -6.57808
1.4 3.2 -7.42944 20.7759 -7.42944
1.4 3.4 -7.01039 20.762 -7.01039
1.4 3.6 -5.80088 19.7716 -5.80088
1.4 3.8 -5.24118 13.5741 -5.24118
1.4 4 -1.15981 0.212537 -1.15981
1.4 4.2 12.1301 -5.2238 12.1301
1.4 4.4 19.2731 -5.75765 19.2731
1.4 4.6 20.563 -6.95755 20.563
1.4 4.8 20.5731 -7.43374 20.5731
1.4 5 20.39 -6.63468 20.39
1.4 5.2 17.8593 -5.58385 17.8593
1.4 5.4 7.92279 -4.8713 7.92279
1.4 5.6 -3.74831 4.53819 -3.74831
1.4 5.8 -5.27052 16.634 -5.27052
1.4 6 -6.10508 20.4922 -6.10508
1.4 6.2 -7.11609 20.8833 -7.11609
1.4 6.4 -7.04646 20.8033 -7.04646
1.4 6.6 -6.05937 19.9104 -6.05937
1.4 6.8 -5.56545 14.3922 -5.56545
1.4 7 -2.45162 1.20289 -2.45162
1.4 7.2 11.1839 -5.26755 11.1839
1.4 7.4 19.3457 -5.56601 19.3457
1.4 7.6 20.9673 -6.52055 20.9673
1.4 7.8 20.9852 -6.80779 20.9852
1.4 8 20.1271 -6.08308 20.1271
1.4 8.2 14.9113 -5.66681 14.9113
1.4 8.4 1.63801 -3.01112 1.63801
1.4 8.6 -5.37596 10.5143 -5.37596
1.4 8.8 -5.5137 19.1375 -5.5137
1.4 9 -6.3101 20.8985 -6.3101
1.4 9.2 -6.60689 20.6157 -6.60689
1.4 9.4 -3.18687 21.5634 -3.18687
1.4 9.6 3.48004 20.0353 3.48004
1.4 9.8 -38.4833 -50.7292 -38.4833
1.6 0 -9.6883 17.6754 -9.6883
1.6 0.2 -11.5209 15.3601 -11.5209
1.6 0.4 -6.85686 18.2296 -6.85686
1.6 0.6 -5.13557 14.9255 -5.13557
1.6 0.8 -2.99839 4.26757 -2.99839
1.6 1 8.01142 -3.93889 8.01142
1.6 1.2 17.8037 -5.10935 17.8037
1.6 1.4 20.3555 -6.46897 20.3555
1.6 1.6 20.4038 -7.63029 20.4038
1.6 1.8 20.3913 -7.47261 20.3913
1.6 2 19.8776 -6.2399 19.8776
1.6 2.2 15.2997 -5.39249 15.2997
1.6 2.4 2.87545 -2.9306 2.87545
1.6 2.6 -4.8245 9.84619 -4.8245
1.6 2.8 -5.37226 18.8115 -5.37226
1.6 3 -6.57778 20.7572 -6.57778
1.6 3.2 -7.42986 20.776 -7.42986
1.6 3.4 -7.01151 20.7618 -7.01151
1.6 3.6 -5.80208 19.7714 -5.80208
1.6 3.8 -5.24156 13.5745 -5.24156
1.6 4 -1.15873 0.213928 -1.15873
1.6 4.2 12.1325 -5.22194 12.1325
1.6 4.4 19.2757 -5.75587 19.2757
1.6 4.6 20.5651 -6.95633 20.5651
1.6 4.8 20.5751 -7.43301 20.5751
1.6 5 20.3925 -6.6339 20.3925
1.6 5.2 17.864 -5.58232 17.864
1.6 5.4 7.93037 -4.87057 7.93037
1.6 5.6 -3.7455 4.53356 -3.7455
1.6 5.8 -5.271 16.631 -5.271
1.6 6 -6.10562 20.4914 -6.10562
1.6 6.2 -7.11669 20.8831 -7.11669
1.6 6.4 -7.04715 20.8028 -7.04715
1.6 6.6 -6.06008 19.9087 -6.06008
1.6 6.8 -5.56579 14.3867 -5.56579
1.6 7 -2.44471 1.19678 -2.44471
1.6 7.2 11.1939 -5.26571 11.1939
1.6 7.4 19.3503 -5.56452 19.3503
1.6 7.6 20.9694 -6.52038 20.9694
1.6 7.8 20.987 -6.8083 20.987
1.6 8 20.1318 -6.08297 20.1318
1.6 8.2 14.9262 -5.66478 14.9262
1.6 8.4 1.6581 -3.02099 1.6581
1.6 8.6 -5.37485 10.497 -5.37485
1.6 8.8 -5.51406 19.1317 -5.51406
1.6 9 -6.30998 20.8972 -6.30998
1.6 9.2 -6.60716 20.6149 -6.60716
1.6 9.4 -3.18754 21.5611 -3.18754
1.6 9.6 3.47978 20.0296 3.47978
1.6 9.8 -38.4728 -50.7289 -38.4728
1.8 0 -9.68982 17.6812 -9.68982
1.8 0.2 -11.5225 15.366 -11.5225
1.8 0.4 -6.85826 18.2371 -6.85826
1.8 0.6 -5.13652 14.9398 -5.13652
1.8 0.8 -3.00753 4.28626 -3.00753
1.8 1 7.99313 -3.9357 7.99313
1.8 1.2 17.7966 -5.10959 17.7966
1.8 1.4 20.3544 -6.46851 20.3544
1.8 1.6 20.4042 -7.63032 20.4042
1.8 1.8 20.3922 -7.47337 20.3922
1.8 2 19.881 -6.24056 19.881
1.8 2.2 15.3111 -5.39194 15.3111
1.8 2.4 2.89212 -2.93897 2.89212
1.8 2.6 -4.82359 9.82984 -4.82359
1.8 2.8 -5.37389 18.8044 -5.37389
1.8 3 -6.57947 20.7541 -6.57947
1.8 3.2 -7.43233 20.7733 -7.43233
1.8 3.4 -7.01455 20.759 -7.01455
1.8 3.6 -5.80493 19.7685 -5.80493
1.8 3.8 -5.24331 13.5714 -5.24331
1.8 4 -1.15697 0.211876 -1.15697
1.8 4.2 12.1358 -5.22129 12.1358
1.8 4.4 19.278 -5.75501 19.278
1.8 4.6 20.5669 -6.9557 20.5669
1.8 4.8 20.5766 -7.43264 20.5766
1.8 5 20.3943 -6.63362 20.3943
1.8 5.2 17.8677 -5.5817 17.8677
1.8 5.4 7.93675 -4.87101 7.93675
1.8 5.6 -3.74378 4.52749 -3.74378
1.8 5.8 -5.27297 16.6262 -5.27297
1.8 6 -6.10813 20.4883 -6.10813
1.8 6.2 -7.11953 20.8802 -7.11953
1.8 6.4 -7.04999 20.7999 -7.04999
1.8 6.6 -6.06261 19.9049 -6.06261
1.8 6.8 -5.56749 14.3802 -5.56749
1.8 7 -2.43973 1.19035 -2.43973
1.8 7.2 11.2016 -5.26502 11.2016
1.8 7.4 19.3538 -5.56382 19.3538
1.8 7.6 20.971 -6.52042 20.971
1.8 7.8 20.9883 -6.80882 20.9883
1.8 8 20.1348 -6.08332 20.1348
1.8 8.2 14.9357 -5.66413 14.9357
1.8 8.4 1.67079 -3.02836 1.67079
1.8 8.6 -5.37525 10.4841 -5.37525
1.8 8.8 -5.51609 19.1258 -5.51609
1.8 9 -6.31215 20.8938 -6.31215
1.8 9.2 -6.60979 20.6114 -6.60979
1.8 9.4 -3.19023 21.5563 -3.19023
1.8 9.6 3.47798 20.0216 3.47798
1.8 9.8 -38.4625 -50.7295 -38.4625
2 0 -9.6956 17.6946 -9.6956
2 0.2 -11.5278 15.3815 -11.5278
2 0.4 -6.85993 18.2659 -6.85993
2 0.6 -5.13497 15.0034 -5.13497
2 0.8 -3.04481 4.37248 -3.04481
2 1 7.90656 -3.91961 7.90656
2 1.2 17.7598 -5.11019 17.7598
2 1.4 20.3469 -6.46515 20.3469
2 1.6 20.404 -7.62791 20.404
2 1.8 20.3935 -7.47322 20.3935
2 2 19.8852 -6.24107 19.8852
2 2.2 15.3249 -5.39095 15.3249
2 2.4 2.91169 -2.94779 2.91169
2 2.6 -4.82121 9.81248 -4.82121
2 2.8 -5.37276 18.7987 -5.37276
2 3 -6.5769 20.7542 -6.5769
2 3.2 -7.42982 20.7747 -7.42982
2 3.4 -7.01281 20.76 -7.01281
2 3.6 -5.80404 19.7683 -5.80404
2 3.8 -5.24264 13.5692 -5.24264
2 4 -1.15305 0.210136 -1.15305
2 4.2 12.1404 -5.22002 12.1404
2 4.4 19.2803 -5.75428 19.2803
2 4.6 20.568 -6.95563 20.568
2 4.8 20.5775 -7.43287 20.5775
2 5 20.3957 -6.63367 20.3957
2 5.2 17.8711 -5.58089 17.8711
2 5.4 7.94337 -4.87045 7.94337
2 5.6 -3.74057 4.52337 -3.74057
2 5.8 -5.27218 16.6239 -5.27218
2 6 -6.10673 20.4884 -6.10673
2 6.2 -7.11776 20.8812 -7.11776
2 6.4 -7.04829 20.8008 -7.04829
2 6.6 -6.06139 19.9048 -6.06139
2 6.8 -5.56655 14.3776 -5.56655
2 7 -2.43516 1.18775 -2.43516
2 7.2 11.2074 -5.26358 11.2074
2 7.4 19.3563 -5.56311 19.3563
2 7.6 20.972 -6.52062 20.972
2 7.8 20.989 -6.8094 20.989
2 8 20.1364 -6.08358 20.1364
2 8.2 14.9405 -5.66333 14.9405
2 8.4 1.67746 -3.03027 1.67746
2 8.6 -5.37382 10.4797 -5.37382
2 8.8 -5.51486 19.1248 -5.51486
2 9 -6.31043 20.8943 -6.31043
2 9.2 -6.60829 20.6116 -6.60829
2 9.4 -3.18923 21.5547 -3.18923
2 9.6 3.47889 20.0166 3.47889
2 9.8 -38.4537 -50.7299 -38.4537
2.2 0 -9.69778 17.7186 -9.69778
2.2 0.2 -11.5387 15.3994 -11.5387
2.2 0.4 -6.86649 18.3031 -6.86649
2.2 0.6 -5.1362 15.0941 -5.1362
2.2 0.8 -3.10249 4.50054 -3.10249
2.2 1 7.77363 -3.8955 7.77363
2.2 1.2 17.7032 -5.1103 17.7032
2.2 1.4 20.336 -6.45818 20.336
2.2 1.6 20.4044 -7.62198 20.4044
2.2 1.8 20.3956 -7.47091 20.3956
2.2 2 19.8899 -6.24065 19.8899
2.2 2.2 15.3392 -5.39009 15.3392
2.2 2.4 2.93033 -2.95865 2.93033
2.2 2.6 -4.82122 9.79203 -4.82122
2.2 2.8 -5.37377 18.7906 -5.37377
2.2 3 -6.57615 20.7525 -6.57615
2.2 3.2 -7.429 20.7745 -7.429
2.2 3.4 -7.01269 20.7594 -7.01269
2.2 3.6 -5.80482 19.7666 -5.80482
2.2 3.8 -5.24381 13.5653 -5.24381
2.2 4 -1.15102 0.207014 -1.15102
2.2 4.2 12.1439 -5.21921 12.1439
2.2 4.4 19.2821 -5.7531 19.2821
2.2 4.6 20.5691 -6.95466 20.5691
2.2 4.8 20.5784 -7.43203 20.5784
2.2 5 20.3968 -6.63283 20.3968
2.2 5.2 17.8736 -5.57978 17.8736
2.2 5.4 7.94767 -4.87046 7.94767
2.2 5.6 -3.73958 4.51875 -3.73958
2.2 5.8 -5.2732 16.6203 -5.2732
2.2 6 -6.10714 20.4871 -6.10714
2.2 6.2 -7.11783 20.8807 -7.11783
2.2 6.4 -7.04847 20.8002 -7.04847
2.2 6.6 -6.06205 19.9036 -6.06205
2.2 6.8 -5.56742 14.3757 -5.56742
2.2 7 -2.43482 1.18684 -2.43482
2.2 7.2 11.2089 -5.26256 11.2089
2.2 7.4 19.3575 -5.56183 19.3575
2.2 7.6 20.9728 -6.51964 20.9728
2.2 7.8 20.9895 -6.8086 20.9895
2.2 8 20.1367 -6.08283 20.1367
2.2 8.2 14.9398 -5.66277 14.9398
2.2 8.4 1.67567 -3.02916 1.67567
2.2 8.6 -5.37458 10.4803 -5.37458
2.2 8.8 -5.51549 19.1243 -5.51549
2.2 9 -6.3106 20.8939 -6.3106
2.2 9.2 -6.60859 20.6106 -6.60859
2.2 9.4 -3.19063 21.5515 -3.19063
2.2 9.6 3.47698 20.0102 3.47698
2.2 9.8 -38.4467 -50.7296 -38.4467
2.4 0 -9.68679 17.7573 -9.68679
2.4 0.2 -11.5551 15.4126 -11.5551
2.4 0.4 -6.87126 18.345 -6.87126
2.4 0.6 -5.13386 15.1962 -5.13386
2.4 0.8 -3.1613 4.64596 -3.1613
2.4 1 7.62871 -3.865 7.62871
2.4 1.2 17.6418 -5.10826 17.6418
2.4 1.4 20.3254 -6.44848 20.3254
2.4 1.6 20.4064 -7.61377 20.4064
2.4 1.8 20.3992 -7.46712 20.3992
2.4 2 19.896 -6.23917 19.896
2.4 2.2 15.3551 -5.38794 15.3551
2.4 2.4 2.95104 -2.96745 2.95104
2.4 2.6 -4.81817 9.77483 -4.81817
2.4 2.8 -5.37097 18.7862 -5.37097
2.4 3 -6.57139 20.7545 -6.57139
2.4 3.2 -7.42412 20.7781 -7.42412
2.4 3.4 -7.00841 20.7629 -7.00841
2.4 3.6 -5.80137 19.7691 -5.80137
2.4 3.8 -5.24104 13.5661 -5.24104
2.4 4 -1.14705 0.207575 -1.14705
2.4 4.2 12.1478 -5.21686 12.1478
2.4 4.4 19.2844 -5.75105 19.2844
2.4 4.6 20.5706 -6.95301 20.5706
2.4 4.8 20.5797 -7.4305 20.5797
2.4 5 20.3984 -6.63118 20.3984
2.4 5.2 17.8763 -5.5776 17.8763
2.4 5.4 7.95221 -4.8683 7.95221
2.4 5.6 -3.73597 4.51892 -3.73597
2.4 5.8 -5.27014 16.6217 -5.27014
2.4 6 -6.10345 20.4899 -6.10345
2.4 6.2 -7.1139 20.884 -7.1139
2.4 6.4 -7.04465 20.8037 -7.04465
2.4 6.6 -6.05861 19.9071 -6.05861
2.4 6.8 -5.56428 14.3802 -5.56428
2.4 7 -2.43397 1.192 -2.43397
2.4 7.2 11.2085 -5.25992 11.2085
2.4 7.4 19.3584 -5.55962 19.3584
2.4 7.6 20.9739 -6.51766 20.9739
2.4 7.8 20.9905 -6.8067 20.9905
2.4 8 20.1367 -6.08098 20.1367
2.4 8.2 14.9364 -5.66108 14.9364
2.4 8.4 1.6705 -3.02219 1.6705
2.4 8.6 -5.37194 10.4901 -5.37194
2.4 8.8 -5.51203 19.1297 -5.51203
2.4 9 -6.30696 20.8978 -6.30696
2.4 9.2 -6.60482 20.6139 -6.60482
2.4 9.4 -3.18706 21.5539 -3.18706
2.4 9.6 3.48024 20.0109 3.48024
2.4 9.8 -38.4427 -50.7294 -38.4427
2.6 0 -9.68896 17.7786 -9.68896
2.6 0.2 -11.5707 15.4217 -11.5707
2.6 0.4 -6.87907 18.3774 -6.87907
2.6 0.6 -5.13474 15.2831 -5.13474
2.6 0.8 -3.21509 4.7744 -3.21509
2.6 1 7.49665 -3.83787 7.49665
2.6 1.2 17.5851 -5.10675 17.5851
2.6 1.4 20.3156 -6.43959 20.3156
2.6 1.6 20.4078 -7.60647 20.4078
2.6 1.8 20.4015 -7.46456 20.4015
2.6 2 19.9004 -6.23935 19.9004
2.6 2.2 15.3688 -5.38796 15.3688
2.6 2.4 2.96875 -2.97883 2.96875
2.6 2.6 -4.81838 9.75498 -4.81838
2.6 2.8 -5.37129 18.7791 -5.37129
2.6 3 -6.56982 20.7538 -6.56982
2.6 3.2 -7.42247 20.7788 -7.42247
2.6 3.4 -7.0072 20.7637 -7.0072
2.6 3.6 -5.80072 19.7694 -5.80072
2.6 3.8 -5.24104 13.5653 -5.24104
2.6 4 -1.14661 0.20647 -1.14661
2.6 4.2 12.1482 -5.21685 12.1482
2.6 4.4 19.284 -5.75105 19.284
2.6 4.6 20.5698 -6.95311 20.5698
2.6 4.8 20.5789 -7.43061 20.5789
2.6 5 20.3976 -6.63128 20.3976
2.6 5.2 17.8762 -5.5775 17.8762
2.6 5.4 7.953 -4.86834 7.953
2.6 5.6 -3.73566 4.51774 -3.73566
2.6 5.8 -5.26987 16.6212 -5.26987
2.6 6 -6.10272 20.4903 -6.10272
2.6 6.2 -7.11319 20.8847 -7.11319
2.6 6.4 -7.04405 20.8045 -7.04405
2.6 6.6 -6.05813 19.9085 -6.05813
2.6 6.8 -5.56396 14.3838 -5.56396
2.6 7 -2.43748 1.19659 -2.43748
2.6 7.2 11.2036 -5.25963 11.2036
2.6 7.4 19.3563 -5.55941 19.3563
2.6 7.6 20.973 -6.51716 20.973
2.6 7.8 20.9895 -6.80612 20.9895
2.6 8 20.1342 -6.08068 20.1342
2.6 8.2 14.9283 -5.66157 14.9283
2.6 8.4 1.65935 -3.01566 1.65935
2.6 8.6 -5.37232 10.5007 -5.37232
2.6 8.8 -5.51152 19.1337 -5.51152
2.6 9 -6.3066 20.8992 -6.3066
2.6 9.2 -6.6042 20.6147 -6.6042
2.6 9.4 -3.18649 21.5543 -3.18649
2.6 9.6 3.48032 20.0101 3.48032
2.6 9.8 -38.4414 -50.7301 -38.4414
2.8 0 -9.70358 17.7782 -9.70358
2.8 0.2 -11.5829 15.4252 -11.5829
2.8 0.4 -6.88741 18.3963 -6.88741
2.8 0.6 -5.13726 15.3431 -5.13726
2.8 0.8 -3.25442 4.86847 -3.25442
2.8 1 7.39941 -3.81615 7.39941
2.8 1.2 17.5447 -5.10335 17.5447
2.8 1.4 20.311 -6.43002 20.311
2.8 1.6 20.4115 -7.5985 20.4115
2.8 1.8 20.4052 -7.46121 20.4052
2.8 2 19.9056 -6.23893 19.9056
2.8 2.2 15.3826 -5.3879 15.3826
2.8 2.4 2.9857 -2.99026 2.9857
2.8 2.6 -4.81931 9.73498 -4.81931
2.8 2.8 -5.37291 18.7709 -5.37291
2.8 3 -6.57 20.7513 -6.57
2.8 3.2 -7.42268 20.7776 -7.42268
2.8 3.4 -7.0077 20.7628 -7.0077
2.8 3.6 -5.80131 19.7686 -5.80131
2.8 3.8 -5.24168 13.5644 -5.24168
2.8 4 -1.14704 0.205689 -1.14704
2.8 4.2 12.148 -5.217 12.148
2.8 4.4 19.2837 -5.75079 19.2837
2.8 4.6 20.5696 -6.95257 20.5696
2.8 4.8 20.5788 -7.42998 20.5788
2.8 5 20.3975 -6.6308 20.3975
2.8 5.2 17.876 -5.57725 17.876
2.8 5.4 7.95291 -4.86849 7.95291
2.8 5.6 -3.73602 4.51688 -3.73602
2.8 5.8 -5.27046 16.6202 -5.27046
2.8 6 -6.10346 20.4894 -6.10346
2.8 6.2 -7.11423 20.8835 -7.11423
2.8 6.4 -7.04522 20.8035 -7.04522
2.8 6.6 -6.05905 19.9086 -6.05905
2.8 6.8 -5.56443 14.3871 -5.56443
2.8 7 -2.44185 1.20145 -2.44185
2.8 7.2 11.1978 -5.25953 11.1978
2.8 7.4 19.3545 -5.55889 19.3545
2.8 7.6 20.9728 -6.51591 20.9728
2.8 7.8 20.9894 -6.80467 20.9894
2.8 8 20.1321 -6.07976 20.1321
2.8 8.2 14.9199 -5.66196 14.9199
2.8 8.4 1.64718 -3.00885 1.64718
2.8 8.6 -5.3733 10.5115 -5.3733
2.8 8.8 -5.51221 19.1367 -5.51221
2.8 9 -6.30796 20.8989 -6.30796
2.8 9.2 -6.60534 20.6138 -6.60534
2.8 9.4 -3.18713 21.5535 -3.18713
2.8 9.6 3.48005 20.0095 3.48005
2.8 9.8 -38.4411 -50.7305 -38.4411
3 0 -9.71162 17.7743 -9.71162
3 0.2 -11.5934 15.4202 -11.5934
3 0.4 -6.89527 18.401 -6.89527
3 0.6 -5.14057 15.3734 -5.14057
3 0.8 -3.27677 4.9228 -3.27677
3 1 7.34351 -3.80102 7.34351
3 1.2 17.5233 -5.09798 17.5233
3 1.4 20.3117 -6.42057 20.3117
3 1.6 20.4167 -7.59086 20.4167
3 1.8 20.4097 -7.45771 20.4097
3 2 19.9113 -6.23802 19.9113
3 2.2 15.3961 -5.38736 15.3961
3 2.4 3.00198 -3.00065 3.00198
3 2.6 -4.8199 9.71659 -4.8199
3 2.8 -5.37423 18.7636 -5.37423
3 3 -6.57003 20.7493 -6.57003
3 3.2 -7.4227 20.777 -7.4227
3 3.4 -7.00792 20.7624 -7.00792
3 3.6 -5.80156 19.7684 -5.80156
3 3.8 -5.24187 13.5643 -5.24187
3 4 -1.14731 0.205596 -1.14731
3 4.2 12.1478 -5.21678 12.1478
3 4.4 19.2838 -5.75013 19.2838
3 4.6 20.5699 -6.95165 20.5699
3 4.8 20.5791 -7.42899 20.5791
3 5 20.3978 -6.6299 20.3978
3 5.2 17.8763 -5.5766 17.8763
3 5.4 7.95301 -4.86825 7.95301
3 5.6 -3.73607 4.51668 -3.73607
3 5.8 -5.27066 16.6199 -5.27066
3 6 -6.10389 20.489 -6.10389
3 6.2 -7.11496 20.883 -7.11496
3 6.4 -7.04608 20.8031 -7.04608
3 6.6 -6.05967 19.9091 -6.05967
3 6.8 -5.56459 14.3904 -5.56459
3 7 -2.44543 1.20604 -2.44543
3 7.2 11.1932 -5.25909 11.1932
3 7.4 19.3534 -5.55796 19.3534
3 7.6 20.9731 -6.51433 20.9731
3 7.8 20.9897 -6.80288 20.9897
3 8 20.1309 -6.07838 20.1309
3 8.2 14.9128 -5.6618 14.9128
3 8.4 1.63675 -3.00244 1.63675
3 8.6 -5.37384 10.5214 -5.37384
3 8.8 -5.51256 19.1398 -5.51256
3 9 -6.30892 20.8991 -6.30892
3 9.2 -6.6061 20.6135 -6.6061
3 9.4 -3.18744 21.5534 -3.18744
3 9.6 3.48011 20.0096 3.48011
3 9.8 -38.4405 -50.7299 -38.4405
3.2 0 -9.71745 17.7639 -9.71745
3.2 0.2 -11.6015 15.4085 -11.6015
3.2 0.4 -6.90193 18.3948 -6.90193
3.2 0.6 -5.14361 15.3805 -5.14361
3.2 0.8 -3.28479 4.94533 -3.28479
3.2 1 7.32114 -3.79156 7.32114
3.2 1.2 17.5167 -5.09198 17.5167
3.2 1.4 20.3158 -6.41258 20.3158
3.2 1.6 20.4224 -7.58476 20.4224
3.2 1.8 20.4142 -7.45507 20.4142
3.2 2 19.9168 -6.23741 19.9168
3.2 2.2 15.408 -5.38682 15.408
3.2 2.4 3.01635 -3.0089 3.01635
3.2 2.6 -4.81974 9.70192 -4.81974
3.2 2.8 -5.37477 18.7583 -5.37477
3.2 3 -6.56943 20.7486 -6.56943
3.2 3.2 -7.422 20.7776 -7.422
3.2 3.4 -7.00739 20.7632 -7.00739
3.2 3.6 -5.80107 19.7693 -5.80107
3.2 3.8 -5.24128 13.5656 -5.24128
3.2 4 -1.1472 0.206724 -1.1472
3.2 4.2 12.1478 -5.21637 12.1478
3.2 4.4 19.2843 -5.74969 19.2843
3.2 4.6 20.5706 -6.95116 20.5706
3.2 4.8 20.5799 -7.4285 20.5799
3.2 5 20.3985 -6.6294 20.3985
3.2 5.2 17.8768 -5.57608 17.8768
3.2 5.4 7.95335 -4.86761 7.95335
3.2 5.6 -3.73548 4.51771 -3.73548
3.2 5.8 -5.27013 16.6208 -5.27013
3.2 6 -6.1036 20.4897 -6.1036
3.2 6.2 -7.11484 20.8836 -7.11484
3.2 6.4 -7.04608 20.8037 -7.04608
3.2 6.6 -6.05953 19.9104 -6.05953
3.2 6.8 -5.56404 14.3938 -5.56404
3.2 7 -2.44748 1.21031 -2.44748
3.2 7.2 11.1902 -5.25849 11.1902
3.2 7.4 19.353 -5.55732 19.353
3.2 7.6 20.9737 -6.51339 20.9737
3.2 7.8 20.9904 -6.80178 20.9904
3.2 8 20.1303 -6.07741 20.1303
3.2 8.2 14.9079 -5.66148 14.9079
3.2 8.4 1.62933 -2.99678 1.62933
3.2 8.6 -5.37353 10.5301 -5.37353
3.2 8.8 -5.51221 19.1432 -5.51221
3.2 9 -6.30903 20.9003 -6.30903
3.2 9.2 -6.60607 20.6143 -6.60607
3.2 9.4 -3.18717 21.5542 -3.18717
3.2 9.6 3.48084 20.0109 3.48084
3.2 9.8 -38.4399 -50.7288 -38.4399
3.4 0 -9.72391 17.7464 -9.72391
3.4 0.2 -11.6069 15.3933 -11.6069
3.4 0.4 -6.90647 18.3828 -6.90647
3.4 0.6 -5.14536 15.3753 -5.14536
3.4 0.8 -3.28532 4.95076 -3.28532
3.4 1 7.31461 -3.78585 7.31461
3.4 1.2 17.5156 -5.08693 17.5156
3.4 1.4 20.3195 -6.40674 20.3195
3.4 1.6 20.4264 -7.58062 20.4264
3.4 1.8 20.4171 -7.45362 20.4171
3.4 2 19.9202 -6.23745 19.9202
3.4 2.2 15.4163 -5.38678 15.4163
3.4 2.4 3.02657 -3.01518 3.02657
3.4 2.6 -4.81962 9.6911 -4.81962
3.4 2.8 -5.3747 18.7546 -5.3747
3.4 3 -6.56813 20.7485 -6.56813
3.4 3.2 -7.42045 20.7785 -7.42045
3.4 3.4 -7.00604 20.7643 -7.00604
3.4 3.6 -5.80005 19.7704 -5.80005
3.4 3.8 -5.24061 13.5668 -5.24061
3.4 4 -1.14749 0.207688 -1.14749
3.4 4.2 12.1472 -5.21626 12.1472
3.4 4.4 19.284 -5.74977 19.284
3.4 4.6 20.5705 -6.95136 20.5705
3.4 4.8 20.5798 -7.42874 20.5798
3.4 5 20.3984 -6.62955 20.3984
3.4 5.2 17.8768 -5.57604 17.8768
3.4 5.4 7.95329 -4.86731 7.95329
3.4 5.6 -3.73516 4.5184 -3.73516
3.4 5.8 -5.26938 16.6215 -5.26938
3.4 6 -6.10255 20.4905 -6.10255
3.4 6.2 -7.11367 20.8845 -7.11367
3.4 6.4 -7.045 20.8047 -7.045
3.4 6.6 -6.05866 19.9115 -6.05866
3.4 6.8 -5.56341 14.3958 -5.56341
3.4 7 -2.44858 1.21251 -2.44858
3.4 7.2 11.1885 -5.25828 11.1885
3.4 7.4 19.3526 -5.55729 19.3526
3.4 7.6 20.9736 -6.51338 20.9736
3.4 7.8 20.9903 -6.80169 20.9903
3.4 8 20.1295 -6.07726 20.1295
3.4 8.2 14.9046 -5.66149 14.9046
3.4 8.4 1.62468 -2.99342 1.62468
3.4 8.6 -5.37311 10.5355 -5.37311
3.4 8.8 -5.51127 19.1456 -5.51127
3.4 9 -6.30808 20.9017 -6.30808
3.4 9.2 -6.605 20.6154 -6.605
3.4 9.4 -3.18613 21.5553 -3.18613
3.4 9.6 3.48194 20.0121 3.48194
3.4 9.8 -38.4402 -50.7285 -38.4402
3.6 0 -9.73013 17.7263 -9.73013
3.6 0.2 -11.6106 15.3774 -11.6106
3.6 0.4 -6.91068 18.3696 -6.91068
3.6 0.6 -5.14693 15.3696 -5.14693
3.6 0.8 -3.28676 4.9567 -3.28676
3.6 1 7.30357 -3.78132 7.30357
3.6 1.2 17.51 -5.08458 17.51
3.6 1.4 20.3198 -6.40351 20.3198
3.6 1.6 20.4279 -7.57838 20.4279
3.6 1.8 20.418 -7.45322 20.418
3.6 2 19.9213 -6.23815 19.9213
3.6 2.2 15.4197 -5.38759 15.4197
3.6 2.4 3.03066 -3.01922 3.03066
3.6 2.6 -4.82098 9.68448 -4.82098
3.6 2.8 -5.37653 18.7508 -5.37653
3.6 3 -6.56972 20.746 -6.56972
3.6 3.2 -7.42208 20.7763 -7.42208
3.6 3.4 -7.00769 20.7623 -7.00769
3.6 3.6 -5.80154 19.7689 -5.80154
3.6 3.8 -5.24176 13.5665 -5.24176
3.6 4 -1.14903 0.207805 -1.14903
3.6 4.2 12.1456 -5.21692 12.1456
3.6 4.4 19.2831 -5.75053 19.2831
3.6 4.6 20.5698 -6.95219 20.5698
3.6 4.8 20.5791 -7.42961 20.5791
3.6 5 20.3978 -6.63036 20.3978
3.6 5.2 17.876 -5.57675 17.876
3.6 5.4 7.95231 -4.86785 7.95231
3.6 5.6 -3.73619 4.51787 -3.73619
3.6 5.8 -5.27067 16.6203 -5.27067
3.6 6 -6.10412 20.4887 -6.10412
3.6 6.2 -7.11539 20.8824 -7.11539
3.6 6.4 -7.04673 20.8026 -7.04673
3.6 6.6 -6.06024 19.9097 -6.06024
3.6 6.8 -5.56471 14.3946 -5.56471
3.6 7 -2.44963 1.2119 -2.44963
3.6 7.2 11.1877 -5.25892 11.1877
3.6 7.4 19.3519 -5.55803 19.3519
3.6 7.6 20.973 -6.51418 20.973
3.6 7.8 20.9896 -6.80246 20.9896
3.6 8 20.1286 -6.07795 20.1286
3.6 8.2 14.9027 -5.6622 14.9027
3.6 8.4 1.62211 -2.99299 1.62211
3.6 8.6 -5.37427 10.5362 -5.37427
3.6 8.8 -5.51262 19.1447 -5.51262
3.6 9 -6.30969 20.9 -6.30969
3.6 9.2 -6.6066 20.6136 -6.6066
3.6 9.4 -3.18769 21.5535 -3.18769
3.6 9.6 3.48061 20.0108 3.48061
3.6 9.8 -38.4411 -50.729 -38.4411
3.8 0 -9.7307 17.7119 -9.7307
3.8 0.2 -11.6119 15.3651 -11.6119
3.8 0.4 -6.91111 18.3636 -6.91111
3.8 0.6 -5.14482 15.377 -5.14482
3.8 0.8 -3.29282 4.97951 -3.29282
3.8 1 7.27408 -3.77439 7.27408
3.8 1.2 17.4935 -5.08492 17.4935
3.8 1.4 20.3154 -6.40192 20.3154
3.8 1.6 20.4271 -7.57679 20.4271
3.8 1.8 20.4177 -7.45252 20.4177
3.8 2 19.9208 -6.23821 19.9208
3.8 2.2 15.4184 -5.38808 15.4184
3.8 2.4 3.02917 -3.019 3.02917
3.8 2.6 -4.82105 9.68587 -4.82105
3.8 2.8 -5.37637 18.7516 -5.37637
3.8 3 -6.56968 20.7462 -6.56968
3.8 3.2 -7.42208 20.7762 -7.42208
3.8 3.4 -7.00772 20.7622 -7.00772
3.8 3.6 -5.8015 19.7693 -5.8015
3.8 3.8 -5.24163 13.5677 -5.24163
3.8 4 -1.15002 0.208861 -1.15002
3.8 4.2 12.1442 -5.21716 12.1442
3.8 4.4 19.2825 -5.75071 19.2825
3.8 4.6 20.5696 -6.9523 20.5696
3.8 4.8 20.579 -7.42974 20.579
3.8 5 20.3976 -6.6305 20.3976
3.8 5.2 17.8756 -5.57697 17.8756
3.8 5.4 7.95162 -4.86797 7.95162
3.8 5.6 -3.73632 4.5184 -3.73632
3.8 5.8 -5.27055 16.6207 -5.27055
3.8 6 -6.10406 20.4887 -6.10406
3.8 6.2 -7.11531 20.8823 -7.11531
3.8 6.4 -7.04662 20.8024 -7.04662
3.8 6.6 -6.06017 19.9095 -6.06017
3.8 6.8 -5.56474 14.3937 -5.56474
3.8 7 -2.44882 1.21059 -2.44882
3.8 7.2 11.1888 -5.25916 11.1888
3.8 7.4 19.3523 -5.55821 19.3523
3.8 7.6 20.973 -6.5144 20.973
3.8 7.8 20.9896 -6.80267 20.9896
3.8 8 20.1287 -6.07812 20.1287
3.8 8.2 14.9031 -5.66236 14.9031
3.8 8.4 1.62287 -2.99371 1.62287
3.8 8.6 -5.3742 10.5355 -5.3742
3.8 8.8 -5.51248 19.1445 -5.51248
3.8 9 -6.30947 20.9 -6.30947
3.8 9.2 -6.6063 20.6138 -6.6063
3.8 9.4 -3.18722 21.5541 -3.18722
3.8 9.6 3.48096 20.0115 3.48096
3.8 9.8 -38.4418 -50.7296 -38.4418
4 0 -9.73286 17.6974 -9.73286
4 0.2 -11.6077 15.3618 -11.6077
4 0.4 -6.90816 18.367 -6.90816
4 0.6 -5.13932 15.4007 -5.13932
4 0.8 -3.30502 5.02335 -3.30502
4 1 7.22287 -3.76391 7.22287
4 1.2 17.4649 -5.08805 17.4649
4 1.4 20.3061 -6.40237 20.3061
4 1.6 20.4242 -7.57631 20.4242
4 1.8 20.4165 -7.45184 20.4165
4 2 19.9188 -6.23771 19.9188
4 2.2 15.4131 -5.38789 15.4131
4 2.4 3.02278 -3.01394 3.02278
4 2.6 -4.81956 9.69544 -4.81956
4 2.8 -5.37429 18.7567 -5.37429
4 3 -6.56829 20.7489 -6.56829
4 3.2 -7.42089 20.7781 -7.42089
4 3.4 -7.00649 20.7641 -7.00649
4 3.6 -5.8001 19.7715 -5.8001
4 3.8 -5.24011 13.5706 -5.24011
4 4 -1.14975 0.211162 -1.14975
4 4.2 12.1438 -5.21647 12.1438
4 4.4 19.2828 -5.7502 19.2828
4 4.6 20.5702 -6.95179 20.5702
4 4.8 20.5797 -7.42925 20.5797
4 5 20.3983 -6.63002 20.3983
4 5.2 17.8761 -5.57646 17.8761
4 5.4 7.95215 -4.86711 7.95215
4 5.6 -3.73507 4.52015 -3.73507
4 5.8 -5.26902 16.6227 -5.26902
4 6 -6.10262 20.4905 -6.10262
4 6.2 -7.11387 20.884 -7.11387
4 6.4 -7.04518 20.804 -7.04518
4 6.6 -6.05874 19.9106 -6.05874
4 6.8 -5.56348 14.3933 -5.56348
4 7 -2.44576 1.2091 -2.44576
4 7.2 11.1924 -5.25847 11.1924
4 7.4 19.354 -5.55765 19.354
4 7.6 20.9739 -6.51412 20.9739
4 7.8 20.9904 -6.80242 20.9904
4 8 20.13 -6.07773 20.13
4 8.2 14.9063 -5.66157 14.9063
4 8.4 1.62729 -2.99482 1.62729
4 8.6 -5.37279 10.5336 -5.37279
4 8.8 -5.51109 19.1451 -5.51109
4 9 -6.30784 20.9016 -6.30784
4 9.2 -6.60454 20.6158 -6.60454
4 9.4 -3.18529 21.5565 -3.18529
4 9.6 3.48268 20.0137 3.48268
4 9.8 -38.4413 -50.7293 -38.4413
4.2 0 -9.75078 17.6702 -9.75078
4.2 0.2 -11.596 15.3693 -11.596
4.2 0.4 -6.90306 18.3764 -6.90306
4.2 0.6 -5.13253 15.4325 -5.13253
4.2 0.8 -3.32109 5.07651 -3.32109
4.2 1 7.16057 -3.75268 7.16057
4.2 1.2 17.4297 -5.09405 17.4297
4.2 1.4 20.2931 -6.40551 20.2931
4.2 1.6 20.4191 -7.57745 20.4191
4.2 1.8 20.4141 -7.45157 20.4141
4.2 2 19.9155 -6.23712 19.9155
4.2 2.2 15.4041 -5.38768 15.4041
4.2 2.4 3.01181 -3.00595 3.01181
4.2 2.6 -4.81811 9.70993 -4.81811
4.2 2.8 -5.37205 18.7638 -5.37205
4.2 3 -6.56712 20.7521 -6.56712
4.2 3.2 -7.42001 20.7802 -7.42001
4.2 3.4 -7.00556 20.7659 -7.00556
4.2 3.6 -5.79901 19.7733 -5.79901
4.2 3.8 -5.23897 13.5726 -5.23897
4.2 4 -1.1491 0.212795 -1.1491
4.2 4.2 12.1443 -5.21564 12.1443
4.2 4.4 19.2838 -5.74942 19.2838
4.2 4.6 20.5716 -6.95081 20.5716
4.2 4.8 20.5812 -7.4282 20.5812
4.2 5 20.3997 -6.62912 20.3997
4.2 5.2 17.8773 -5.57569 17.8773
4.2 5.4 7.95366 -4.86627 7.95366
4.2 5.6 -3.73378 4.52085 -3.73378
4.2 5.8 -5.26788 16.624 -5.26788
4.2 6 -6.10145 20.4921 -6.10145
4.2 6.2 -7.11269 20.8857 -7.11269
4.2 6.4 -7.04398 20.8055 -7.04398
4.2 6.6 -6.05758 19.9113 -6.05758
4.2 6.8 -5.56264 14.3912 -5.56264
4.2 7 -2.44169 1.20586 -2.44169
4.2 7.2 11.1979 -5.2576 11.1979
4.2 7.4 19.3567 -5.5568 19.3567
4.2 7.6 20.9758 -6.51342 20.9758
4.2 7.8 20.9922 -6.80174 20.9922
4.2 8 20.1325 -6.07702 20.1325
4.2 8.2 14.9117 -5.66044 14.9117
4.2 8.4 1.63421 -2.99745 1.63421
4.2 8.6 -5.3717 10.529 -5.3717
4.2 8.8 -5.51015 19.1445 -5.51015
4.2 9 -6.30651 20.9028 -6.30651
4.2 9.2 -6.60312 20.6175 -6.60312
4.2 9.4 -3.184 21.5581 -3.184
4.2 9.6 3.48384 20.0148 3.48384
4.2 9.8 -38.4399 -50.7287 -38.4399
4.4 0 -9.75149 17.6627 -9.75149
4.4 0.2 -11.5842 15.3773 -11.5842
4.4 0.4 -6.89599 18.3856 -6.89599
4.4 0.6 -5.12598 15.4559 -5.12598
4.4 0.8 -3.33333 5.1146 -3.33333
4.4 1 7.11138 -3.74625 7.11138
4.4 1.2 17.3992 -5.1026 17.3992
4.4 1.4 20.2786 -6.41262 20.2786
4.4 1.6 20.4112 -7.58205 20.4112
4.4 1.8 20.4092 -7.45342 20.4092
4.4 2 19.9097 -6.23777 19.9097
4.4 2.2 15.3913 -5.38856 15.3913
4.4 2.4 2.99685 -2.99705 2.99685
4.4 2.6 -4.81754 9.72656 -4.81754
4.4 2.8 -5.37067 18.7708 -5.37067
4.4 3 -6.56732 20.754 -6.56732
4.4 3.2 -7.42073 20.7805 -7.42073
4.4 3.4 -7.0062 20.7658 -7.0062
4.4 3.6 -5.79933 19.7734 -5.79933
4.4 3.8 -5.23913 13.5728 -5.23913
4.4 4 -1.14925 0.212679 -1.14925
4.4 4.2 12.1441 -5.21592 12.1441
4.4 4.4 19.2838 -5.7496 19.2838
4.4 4.6 20.572 -6.95074 20.572
4.4 4.8 20.5817 -7.42805 20.5817
4.4 5 20.4001 -6.62913 20.4001
4.4 5.2 17.8778 -5.57587 17.8778
4.4 5.4 7.95469 -4.86667 7.95469
4.4 5.6 -3.7335 4.51958 -3.7335
4.4 5.8 -5.26809 16.6234 -5.26809
4.4 6 -6.10175 20.4918 -6.10175
4.4 6.2 -7.11311 20.8853 -7.11311
4.4 6.4 -7.04435 20.8049 -7.04435
4.4 6.6 -6.05786 19.9099 -6.05786
4.4 6.8 -5.56316 14.3869 -5.56316
4.4 7 -2.43807 1.2003 -2.43807
4.4 7.2 11.2035 -5.25781 11.2035
4.4 7.4 19.3588 -5.55687 19.3588
4.4 7.6 20.9767 -6.51359 20.9767
4.4 7.8 20.9931 -6.80194 20.9931
4.4 8 20.1342 -6.07724 20.1342
4.4 8.2 14.9172 -5.66027 14.9172
4.4 8.4 1.64161 -3.00234 1.64161
4.4 8.6 -5.37184 10.5214 -5.37184
4.4 8.8 -5.5106 19.1418 -5.5106
4.4 9 -6.30674 20.9019 -6.30674
4.4 9.2 -6.60338 20.6171 -6.60338
4.4 9.4 -3.18433 21.5575 -3.18433
4.4 9.6 3.48335 20.0133 3.48335
4.4 9.8 -38.4385 -50.7292 -38.4385
4.6 0 -9.739 17.6662 -9.739
4.6 0.2 -11.5711 15.3818 -11.5711
4.6 0.4 -6.88537 18.3872 -6.88537
4.6 0.6 -5.1192 15.4509 -5.1192
4.6 0.8 -3.32846 5.10654 -3.32846
4.6 1 7.11096 -3.74995 7.11096
4.6 1.2 17.3917 -5.11079 17.3917
4.6 1.4 20.2686 -6.42278 20.2686
4.6 1.6 20.4027 -7.58967 20.4027
4.6 1.8 20.4031 -7.45696 20.4031
4.6 2 19.9027 -6.23913 19.9027
4.6 2.2 15.3773 -5.38968 15.3773
4.6 2.4 2.98124 -2.98733 2.98124
4.6 2.6 -4.81593 9.74483 -4.81593
4.6 2.8 -5.36766 18.7795 -5.36766
4.6 3 -6.56548 20.7579 -6.56548
4.6 3.2 -7.41919 20.7829 -7.41919
4.6 3.4 -7.00478 20.7678 -7.00478
4.6 3.6 -5.79815 19.7749 -5.79815
4.6 3.8 -5.23845 13.5736 -5.23845
4.6 4 -1.14917 0.212517 -1.14917
4.6 4.2 12.1436 -5.2165 12.1436
4.6 4.4 19.2833 -5.75011 19.2833
4.6 4.6 20.5718 -6.95093 20.5718
4.6 4.8 20.5816 -7.42813 20.5816
4.6 5 20.4 -6.62939 20.4
4.6 5.2 17.8778 -5.57635 17.8778
4.6 5.4 7.95553 -4.86726 7.95553
4.6 5.6 -3.73277 4.51849 -3.73277
4.6 5.8 -5.26724 16.6236 -5.26724
4.6 6 -6.10037 20.4931 -6.10037
4.6 6.2 -7.11147 20.8869 -7.11147
4.6 6.4 -7.0427 20.8063 -7.0427
4.6 6.6 -6.0566 19.91 -6.0566
4.6 6.8 -5.56275 14.3833 -5.56275
4.6 7 -2.43412 1.19484 -2.43412
4.6 7.2 11.2088 -5.25822 11.2088
4.6 7.4 19.3604 -5.55719 19.3604
4.6 7.6 20.9772 -6.51398 20.9772
4.6 7.8 20.9935 -6.80235 20.9935
4.6 8 20.1356 -6.07768 20.1356
4.6 8.2 14.9226 -5.66028 14.9226
4.6 8.4 1.64955 -3.0074 1.64955
4.6 8.6 -5.37117 10.5139 -5.37117
4.6 8.8 -5.50963 19.1402 -5.50963
4.6 9 -6.30506 20.9028 -6.30506
4.6 9.2 -6.60157 20.6185 -6.60157
4.6 9.4 -3.18262 21.5587 -3.18262
4.6 9.6 3.48431 20.0127 3.48431
4.6 9.8 -38.4366 -50.7303 -38.4366
4.8 0 -9.72225 17.6663 -9.72225
4.8 0.2 -11.5555 15.3782 -11.5555
4.8 0.4 -6.87412 18.368 -6.87412
4.8 0.6 -5.11606 15.391 -5.11606
4.8 0.8 -3.29476 5.0177 -3.29476
4.8 1 7.19568 -3.76953 7.19568
4.8 1.2 17.4262 -5.11556 17.4262
4.8 1.4 20.269 -6.43532 20.269
4.8 1.6 20.3952 -7.60075 20.3952
4.8 1.8 20.3965 -7.46278 20.3965
4.8 2 19.8961 -6.24118 19.8961
4.8 2.2 15.3655 -5.3903 15.3655
4.8 2.4 2.96869 -2.97865 2.96869
4.8 2.6 -4.81458 9.75967 -4.81458
4.8 2.8 -5.36572 18.7859 -5.36572
4.8 3 -6.56465 20.7602 -6.56465
4.8 3.2 -7.41872 20.784 -7.41872
4.8 3.4 -7.00447 20.7683 -7.00447
4.8 3.6 -5.79807 19.7749 -5.79807
4.8 3.8 -5.2386 13.573 -5.2386
4.8 4 -1.14885 0.211744 -1.14885
4.8 4.2 12.1438 -5.21675 12.1438
4.8 4.4 19.2828 -5.75068 19.2828
4.8 4.6 20.5708 -6.9518 20.5708
4.8 4.8 20.5806 -7.42904 20.5806
4.8 5 20.3992 -6.63015 20.3992
4.8 5.2 17.878 -5.57667 17.878
4.8 5.4 7.95699 -4.86759 7.95699
4.8 5.6 -3.73226 4.51657 -3.73226
4.8 5.8 -5.26739 16.6224 -5.26739
4.8 6 -6.10017 20.4929 -6.10017
4.8 6.2 -7.11107 20.887 -7.11107
4.8 6.4 -7.04233 20.8062 -7.04233
4.8 6.6 -6.05659 19.9087 -6.05659
4.8 6.8 -5.56328 14.3787 -5.56328
4.8 7 -2.43063 1.18938 -2.43063
4.8 7.2 11.2141 -5.25831 11.2141
4.8 7.4 19.3619 -5.55747 19.3619
4.8 7.6 20.977 -6.5149 20.977
4.8 7.8 20.9932 -6.80336 20.9932
4.8 8 20.1367 -6.07825 20.1367
4.8 8.2 14.9282 -5.6599 14.9282
4.8 8.4 1.65736 -3.01218 1.65736
4.8 8.6 -5.37121 10.5059 -5.37121
4.8 8.8 -5.50988 19.1372 -5.50988
4.8 9 -6.30467 20.9022 -6.30467
4.8 9.2 -6.60105 20.6184 -6.60105
4.8 9.4 -3.18225 21.5579 -3.18225
4.8 9.6 3.48469 20.0104 3.48469
4.8 9.8 -38.4331 -50.7311 -38.4331
5 0 -9.70404 17.656 -9.70404
5 0.2 -11.5379 15.361 -11.5379
5 0.4 -6.86402 18.3189 -6.86402
5 0.6 -5.11851 15.2591 -5.11851
5 0.8 -3.22291 4.82663 -3.22291
5 1 7.38807 -3.80797 7.38807
5 1.2 17.5136 -5.11487 17.5136
5 1.4 20.2848 -6.44808 20.2848
5 1.6 20.3924 -7.61295 20.3924
5 1.8 20.3919 -7.46916 20.3919
5 2 19.8918 -6.24324 19.8918
5 2.2 15.3585 -5.39071 15.3585
5 2.4 2.96169 -2.97381 2.96169
5 2.6 -4.81415 9.76709 -4.81415
5 2.8 -5.36562 18.7881 -5.36562
5 3 -6.56562 20.7598 -6.56562
5 3.2 -7.42015 20.7827 -7.42015
5 3.4 -7.00602 20.7666 -7.00602
5 3.6 -5.79958 19.773 -5.79958
5 3.8 -5.23994 13.5705 -5.23994
5 4 -1.1487 0.209614 -1.1487
5 4.2 12.1446 -5.2172 12.1446
5 4.4 19.2827 -5.75104 19.2827
5 4.6 20.5703 -6.95222 20.5703
5 4.8 20.5801 -7.42943 20.5801
5 5 20.3989 -6.63047 20.3989
5 5.2 17.8785 -5.57681 17.8785
5 5.4 7.95855 -4.86829 7.95855
5 5.6 -3.73246 4.51338 -3.73246
5 5.8 -5.26888 16.6195 -5.26888
5 6 -6.10175 20.4906 -6.10175
5 6.2 -7.11278 20.8849 -7.11278
5 6.4 -7.04412 20.8038 -7.04412
5 6.6 -6.05848 19.9055 -6.05848
5 6.8 -5.56518 14.3735 -5.56518
5 7 -2.4287 1.18401 -2.4287
5 7.2 11.2182 -5.25863 11.2182
5 7.4 19.3633 -5.55745 19.3633
5 7.6 20.9772 -6.51512 20.9772
5 7.8 20.9933 -6.80358 20.9933
5 8 20.1379 -6.07822 20.1379
5 8.2 14.933 -5.65949 14.933
5 8.4 1.66332 -3.01673 1.66332
5 8.6 -5.37252 10.4979 -5.37252
5 8.8 -5.51191 19.1329 -5.51191
5 9 -6.30647 20.8994 -6.30647
5 9.2 -6.60275 20.6159 -6.60275
5 9.4 -3.18398 21.5547 -3.18398
5 9.6 3.48313 20.0052 3.48313
5 9.8 -38.4282 -50.7323 -38.4282
5.2 0 -9.68371 17.6349 -9.68371
5.2 0.2 -11.5217 15.3259 -11.5217
5.2 0.4 -6.85528 18.239 -6.85528
5.2 0.6 -5.12495 15.0565 -5.12495
5.2 0.8 -3.10802 4.5402 -3.10802
5.2 1 7.6862 -3.86014 7.6862
5.2 1.2 17.6521 -5.10747 17.6521
5.2 1.4 20.3173 -6.4593 20.3173
5.2 1.6 20.3959 -7.62506 20.3959
5.2 1.8 20.3908 -7.47576 20.3908
5.2 2 19.8913 -6.2454 19.8913
5.2 2.2 15.3592 -5.39077 15.3592
5.2 2.4 2.9637 -2.97379 2.9637
5.2 2.6 -4.81319 9.76577 -4.81319
5.2 2.8 -5.36538 18.7871 -5.36538
5.2 3 -6.56576 20.7589 -6.56576
5.2 3.2 -7.42063 20.7816 -7.42063
5.2 3.4 -7.00663 20.7654 -7.00663
5.2 3.6 -5.8002 19.7714 -5.8002
5.2 3.8 -5.24057 13.5677 -5.24057
5.2 4 -1.14736 0.206956 -1.14736
5.2 4.2 12.1465 -5.21767 12.1465
5.2 4.4 19.2833 -5.7515 19.2833
5.2 4.6 20.5704 -6.9528 20.5704
5.2 4.8 20.5801 -7.42998 20.5801
5.2 5 20.3992 -6.6309 20.3992
5.2 5.2 17.8797 -5.57701 17.8797
5.2 5.4 7.96094 -4.86896 7.96094
5.2 5.6 -3.73194 4.51021 -3.73194
5.2 5.8 -5.2696 16.617 -5.2696
5.2 6 -6.10252 20.4889 -6.10252
5.2 6.2 -7.11379 20.8832 -7.11379
5.2 6.4 -7.04526 20.802 -7.04526
5.2 6.6 -6.05966 19.9034 -6.05966
5.2 6.8 -5.5663 14.3703 -5.5663
5.2 7 -2.42757 1.18076 -2.42757
5.2 7.2 11.2209 -5.25891 11.2209
5.2 7.4 19.3647 -5.55742 19.3647
5.2 7.6 20.978 -6.51514 20.978
5.2 7.8 20.9942 -6.80354 20.9942
5.2 8 20.1394 -6.07803 20.1394
5.2 8.2 14.9363 -5.65916 14.9363
5.2 8.4 1.66705 -3.01947 1.66705
5.2 8.6 -5.37333 10.4929 -5.37333
5.2 8.8 -5.51333 19.1298 -5.51333
5.2 9 -6.30784 20.897 -6.30784
5.2 9.2 -6.60397 20.6135 -6.60397
5.2 9.4 -3.18511 21.5514 -3.18511
5.2 9.6 3.48202 19.9994 3.48202
5.2 9.8 -38.4227 -50.7339 -38.4227
5.4 0 -9.65376 17.6151 -9.65376
5.4 0.2 -11.5131 15.272 -11.5131
5.4 0.4 -6.85075 18.1355 -6.85075
5.4 0.6 -5.13486 14.8066 -5.13486
5.4 0.8 -2.95998 4.19899 -2.95998
5.4 1 8.05053 -3.91482 8.05053
5.4 1.2 17.8215 -5.09332 17.8215
5.4 1.4 20.3617 -6.46636 20.3617
5.4 1.6 20.405 -7.63465 20.405
5.4 1.8 20.3928 -7.48141 20.3928
5.4 2 19.8944 -6.24724 19.8944
5.4 2.2 15.368 -5.39027 15.368
5.4 2.4 2.97543 -2.97938 2.97543
5.4 2.6 -4.81238 9.75398 -4.81238
5.4 2.8 -5.36554 18.782 -5.36554
5.4 3 -6.56512 20.7572 -6.56512
5.4 3.2 -7.41994 20.7808 -7.41994
5.4 3.4 -7.00616 20.7645 -7.00616
5.4 3.6 -5.80011 19.7699 -5.80011
5.4 3.8 -5.24087 13.5643 -5.24087
5.4 4 -1.14509 0.203627 -1.14509
5.4 4.2 12.1493 -5.21798 12.1493
5.4 4.4 19.2838 -5.75206 19.2838
5.4 4.6 20.5699 -6.95371 20.5699
5.4 4.8 20.5795 -7.43093 20.5795
5.4 5 20.399 -6.63159 20.399
5.4 5.2 17.8807 -5.57721 17.8807
5.4 5.4 7.96366 -4.86946 7.96366
5.4 5.6 -3.73109 4.50694 -3.73109
5.4 5.8 -5.2699 16.6146 -5.2699
5.4 6 -6.10254 20.4876 -6.10254
5.4 6.2 -7.11385 20.8821 -7.11385
5.4 6.4 -7.0455 20.8009 -7.0455
5.4 6.6 -6.06012 19.9023 -6.06012
5.4 6.8 -5.56681 14.3696 -5.56681
5.4 7 -2.42814 1.18055 -2.42814
5.4 7.2 11.2208 -5.25901 11.2208
5.4 7.4 19.3648 -5.55742 19.3648
5.4 7.6 20.978 -6.51516 20.978
5.4 7.8 20.9942 -6.80348 20.9942
5.4 8 20.1396 -6.07783 20.1396
5.4 8.2 14.9364 -5.65896 14.9364
5.4 8.4 1.66669 -3.01943 1.66669
5.4 8.6 -5.37388 10.4924 -5.37388
5.4 8.8 -5.51403 19.1286 -5.51403
5.4 9 -6.3085 20.8954 -6.3085
5.4 9.2 -6.60448 20.6115 -6.60448
5.4 9.4 -3.18563 21.5483 -3.18563
5.4 9.6 3.48191 19.9939 3.48191
5.4 9.8 -38.4167 -50.7353 -38.4167
5.6 0 -9.62671 17.5952 -9.62671
5.6 0.2 -11.5126 15.2121 -11.5126
5.6 0.4 -6.85267 18.0296 -6.85267
5.6 0.6 -5.14656 14.5627 -5.14656
5.6 0.8 -2.80877 3.87791 -2.80877
5.6 1 8.40327 -3.95873 8.40327
5.6 1.2 17.9861 -5.07424 17.9861
5.6 1.4 20.4103 -6.46617 20.4103
5.6 1.6 20.4196 -7.63833 20.4196
5.6 1.8 20.399 -7.48416 20.399
5.6 2 19.9018 -6.24814 19.9018
5.6 2.2 15.3846 -5.38933 15.3846
5.6 2.4 2.9957 -2.99031 2.9957
5.6 2.6 -4.812 9.73305 -4.812
5.6 2.8 -5.36612 18.7739 -5.36612
5.6 3 -6.56371 20.7559 -6.56371
5.6 3.2 -7.41801 20.7814 -7.41801
5.6 3.4 -7.00441 20.7652 -7.00441
5.6 3.6 -5.79905 19.7695 -5.79905
5.6 3.8 -5.24062 13.561 -5.24062
5.6 4 -1.14199 0.200062 -1.14199
5.6 4.2 12.153 -5.21807 12.153
5.6 4.4 19.2849 -5.75243 19.2849
5.6 4.6 20.5698 -6.95446 20.5698
5.6 4.8 20.5792 -7.43169 20.5792
5.6 5 20.3991 -6.63211 20.3991
5.6 5.2 17.8819 -5.57723 17.8819
5.6 5.4 7.96649 -4.8697 7.96649
5.6 5.6 -3.72994 4.50432 -3.72994
5.6 5.8 -5.26953 16.6133 -5.26953
5.6 6 -6.10154 20.4879 -6.10154
5.6 6.2 -7.11272 20.8829 -7.11272
5.6 6.4 -7.04461 20.8018 -7.04461
5.6 6.6 -6.0596 19.9037 -6.0596
5.6 6.8 -5.56647 14.373 -5.56647
5.6 7 -2.43107 1.18465 -2.43107
5.6 7.2 11.2169 -5.25893 11.2169
5.6 7.4 19.3637 -5.55737 19.3637
5.6 7.6 20.9779 -6.51487 20.9779
5.6 7.8 20.9943 -6.80305 20.9943
5.6 8 20.1388 -6.0774 20.1388
5.6 8.2 14.9324 -5.65898 14.9324
5.6 8.4 1.66064 -3.01557 1.66064
5.6 8.6 -5.37402 10.4985 -5.37402
5.6 8.8 -5.51367 19.1308 -5.51367
5.6 9 -6.30802 20.8961 -6.30802
5.6 9.2 -6.60382 20.6115 -6.60382
5.6 9.4 -3.18546 21.5466 -3.18546
5.6 9.6 3.48181 19.9891 3.48181
5.6 9.8 -38.4102 -50.7355 -38.4102
5.8 0 -9.63388 17.559 -9.63388
5.8 0.2 -11.5197 15.167 -11.5197
5.8 0.4 -6.86231 17.9534 -6.86231
5.8 0.6 -5.15824 14.4004 -5.15824
5.8 0.8 -2.7055 3.67232 -2.7055
5.8 1 8.63833 -3.98105 8.63833
5.8 1.2 18.0999 -5.05372 18.0999
5.8 1.4 20.4512 -6.45603 20.4512
5.8 1.6 20.4374 -7.63282 20.4374
5.8 1.8 20.4091 -7.48196 20.4091
5.8 2 19.9127 -6.24727 19.9127
5.8 2.2 15.4064 -5.38801 15.4064
5.8 2.4 3.02075 -3.00507 3.02075
5.8 2.6 -4.81274 9.70574 -4.81274
5.8 2.8 -5.36828 18.7627 -5.36828
5.8 3 -6.56355 20.7529 -6.56355
5.8 3.2 -7.41712 20.7809 -7.41712
5.8 3.4 -7.00345 20.7653 -7.00345
5.8 3.6 -5.79833 19.7687 -5.79833
5.8 3.8 -5.24015 13.5579 -5.24015
5.8 4 -1.1385 0.196912 -1.1385
5.8 4.2 12.1569 -5.2177 12.1569
5.8 4.4 19.2864 -5.75217 19.2864
5.8 4.6 20.5704 -6.95444 20.5704
5.8 4.8 20.5796 -7.43163 20.5796
5.8 5 20.3997 -6.63187 20.3997
5.8 5.2 17.8831 -5.57672 17.8831
5.8 5.4 7.96869 -4.86946 7.96869
5.8 5.6 -3.72878 4.50294 -3.72878
5.8 5.8 -5.26909 16.6126 -5.26909
5.8 6 -6.10108 20.488 -6.10108
5.8 6.2 -7.11247 20.8832 -7.11247
5.8 6.4 -7.04463 20.8025 -7.04463
5.8 6.6 -6.05952 19.9059 -6.05952
5.8 6.8 -5.5658 14.3803 -5.5658
5.8 7 -2.43709 1.19375 -2.43709
5.8 7.2 11.2081 -5.25863 11.2081
5.8 7.4 19.3611 -5.55695 19.3611
5.8 7.6 20.9778 -6.51368 20.9778
5.8 7.8 20.9944 -6.80166 20.9944
5.8 8 20.1369 -6.07638 20.1369
5.8 8.2 14.923 -5.65922 14.923
5.8 8.4 1.6474 -3.00716 1.6474
5.8 8.6 -5.37409 10.5119 -5.37409
5.8 8.8 -5.51339 19.1354 -5.51339
5.8 9 -6.30833 20.8971 -6.30833
5.8 9.2 -6.60406 20.6114 -6.60406
5.8 9.4 -3.18578 21.5452 -3.18578
5.8 9.6 3.48174 19.9858 3.48174
5.8 9.8 -38.4058 -50.7358 -38.4058
6 0 -9.65422 17.5454 -9.65422
6 0.2 -11.5405 15.1524 -11.5405
6 0.4 -6.87912 17.9436 -6.87912
6 0.6 -5.16778 14.4002 -5.16778
6 0.8 -2.70717 3.67696 -2.70717
6 1 8.648 -3.9735 8.648
6 1.2 18.1166 -5.03628 18.1166
6 1.4 20.4713 -6.43514 20.4713
6 1.6 20.4547 -7.61679 20.4547
6 1.8 20.4214 -7.47404 20.4214
6 2 19.9254 -6.24433 19.9254
6 2.2 15.43 -5.38614 15.43
6 2.4 3.04635 -3.02037 3.04635
6 2.6 -4.81432 9.67793 -4.81432
6 2.8 -5.37094 18.7516 -5.37094
6 3 -6.56349 20.7505 -6.56349
6 3.2 -7.41602 20.7814 -7.41602
6 3.4 -7.00209 20.7664 -7.00209
6 3.6 -5.79709 19.7693 -5.79709
6 3.8 -5.23901 13.5564 -5.23901
6 4 -1.13456 0.195336 -1.13456
6 4.2 12.1611 -5.21645 12.1611
6 4.4 19.2883 -5.75125 19.2883
6 4.6 20.5713 -6.9539 20.5713
6 4.8 20.5803 -7.4311 20.5803
6 5 20.4006 -6.63107 20.4006
6 5.2 17.8845 -5.57556 17.8845
6 5.4 7.97049 -4.86815 7.97049
6 5.6 -3.72735 4.50397 -3.72735
6 5.8 -5.26806 16.6139 -5.26806
6 6 -6.10018 20.4896 -6.10018
6 6.2 -7.11176 20.885 -7.11176
6 6.4 -7.04415 20.8048 -7.04415
6 6.6 -6.05872 19.9106 -6.05872
6 6.8 -5.56404 14.3927 -5.56404
6 7 -2.44547 1.20859 -2.44547
6 7.2 11.1952 -5.25752 11.1952
6 7.4 19.3573 -5.55601 19.3573
6 7.6 20.9776 -6.51187 20.9776
6 7.8 20.9943 -6.79966 20.9943
6 8 20.1337 -6.07495 20.1337
6 8.2 14.9088 -5.65937 14.9088
6 8.4 1.62771 -2.99354 1.62771
6 8.6 -5.37352 10.5336 -5.37352
6 8.8 -5.51215 19.1439 -5.51215
6 9 -6.30809 20.9002 -6.30809
6 9.2 -6.60371 20.6131 -6.60371
6 9.4 -3.18527 21.5462 -3.18527
6 9.6 3.48232 19.9859 3.48232
6 9.8 -38.4034 -50.7348 -38.4034
6.2 0 -9.6884 17.5666 -9.6884
6.2 0.2 -11.5761 15.1811 -11.5761
6.2 0.4 -6.90269 18.0231 -6.90269
6.2 0.6 -5.17407 14.6122 -5.17407
6.2 0.8 -2.84928 3.95846 -2.84928
6.2 1 8.35271 -3.92908 8.35271
6.2 1.2 17.9982 -5.02875 17.9982
6.2 1.4 20.4576 -6.40618 20.4576
6.2 1.6 20.466 -7.59151 20.466
6.2 1.8 20.433 -7.46124 20.433
6.2 2 19.9368 -6.24023 19.9368
6.2 2.2 15.45 -5.38507 15.45
6.2 2.4 3.066 -3.03443 3.066
6.2 2.6 -4.81766 9.65386 -4.81766
6.2 2.8 -5.37459 18.7415 -5.37459
6.2 3 -6.56437 20.748 -6.56437
6.2 3.2 -7.41565 20.7816 -7.41565
6.2 3.4 -7.00136 20.7673 -7.00136
6.2 3.6 -5.79649 19.7696 -5.79649
6.2 3.8 -5.2384 13.5552 -5.2384
6.2 4 -1.13183 0.19413 -1.13183
6.2 4.2 12.1641 -5.21567 12.1641
6.2 4.4 19.2895 -5.75067 19.2895
6.2 4.6 20.5716 -6.95356 20.5716
6.2 4.8 20.5805 -7.43075 20.5805
6.2 5 20.4009 -6.63052 20.4009
6.2 5.2 17.8848 -5.57488 17.8848
6.2 5.4 7.97042 -4.86725 7.97042
6.2 5.6 -3.72704 4.50592 -3.72704
6.2 5.8 -5.2676 16.6156 -5.2676
6.2 6 -6.09988 20.4912 -6.09988
6.2 6.2 -7.11146 20.8869 -7.11146
6.2 6.4 -7.04391 20.8074 -7.04391
6.2 6.6 -6.05799 19.9162 -6.05799
6.2 6.8 -5.56213 14.4076 -5.56213
6.2 7 -2.45622 1.2265 -2.45622
6.2 7.2 11.1785 -5.25685 11.1785
6.2 7.4 19.3516 -5.55575 19.3516
6.2 7.6 20.9761 -6.51062 20.9761
6.2 7.8 20.993 -6.79826 20.993
6.2 8 20.1285 -6.07428 20.1285
6.2 8.2 14.8901 -5.66053 14.8901
6.2 8.4 1.60246 -2.9771 1.60246
6.2 8.6 -5.37305 10.5602 -5.37305
6.2 8.8 -5.51072 19.1544 -5.51072
6.2 9 -6.30796 20.9039 -6.30796
6.2 9.2 -6.60364 20.6152 -6.60364
6.2 9.4 -3.18509 21.548 -3.18509
6.2 9.6 3.48278 19.9884 3.48278
6.2 9.8 -38.4039 -50.7326 -38.4039
6.4 0 -9.73682 17.6208 -9.73682
6.4 0.2 -11.6232 15.2545 -11.6232
6.4 0.4 -6.93157 18.1896 -6.93157
6.4 0.6 -5.17431 15.0323 -5.17431
6.4 0.8 -3.11606 4.53502 -3.11606
6.4 1 7.73637 -3.83428 7.73637
6.4 1.2 17.7276 -5.03587 17.7276
6.4 1.4 20.4037 -6.37278 20.4037
6.4 1.6 20.4693 -7.55859 20.4693
6.4 1.8 20.4434 -7.44342 20.4434
6.4 2 19.9464 -6.23413 19.9464
6.4 2.2 15.4629 -5.38416 15.4629
6.4 2.4 3.07494 -3.04381 3.07494
6.4 2.6 -4.82308 9.63847 -4.82308
6.4 2.8 -5.3801 18.7331 -5.3801
6.4 3 -6.56824 20.7437 -6.56824
6.4 3.2 -7.4185 20.7789 -7.4185
6.4 3.4 -7.00356 20.7654 -7.00356
6.4 3.6 -5.79815 19.768 -5.79815
6.4 3.8 -5.23916 13.5539 -5.23916
6.4 4 -1.13089 0.193944 -1.13089
6.4 4.2 12.1662 -5.21462 12.1662
6.4 4.4 19.2917 -5.74911 19.2917
6.4 4.6 20.5739 -6.95172 20.5739
6.4 4.8 20.5827 -7.42879 20.5827
6.4 5 20.4029 -6.62865 20.4029
6.4 5.2 17.8856 -5.57358 17.8856
6.4 5.4 7.96878 -4.86618 7.96878
6.4 5.6 -3.72827 4.50884 -3.72827
6.4 5.8 -5.26876 16.6167 -5.26876
6.4 6 -6.10198 20.4906 -6.10198
6.4 6.2 -7.11387 20.886 -7.11387
6.4 6.4 -7.04619 20.8074 -7.04619
6.4 6.6 -6.05922 19.9198 -6.05922
6.4 6.8 -5.56138 14.4217 -5.56138
6.4 7 -2.4679 1.24481 -2.4679
6.4 7.2 11.1611 -5.25616 11.1611
6.4 7.4 19.3464 -5.5552 19.3464
6.4 7.6 20.9757 -6.50879 20.9757
6.4 7.8 20.9927 -6.79626 20.9927
6.4 8 20.1239 -6.07325 20.1239
6.4 8.2 14.8708 -5.66171 14.8708
6.4 8.4 1.57563 -2.95989 1.57563
6.4 8.6 -5.37342 10.5874 -5.37342
6.4 8.8 -5.51081 19.1636 -5.51081
6.4 9 -6.3101 20.9056 -6.3101
6.4 9.2 -6.60619 20.615 -6.60619
6.4 9.4 -3.18712 21.5486 -3.18712
6.4 9.6 3.48189 19.9923 3.48189
6.4 9.8 -38.4087 -50.7298 -38.4087
6.6 0 -9.79136 17.6991 -9.79136
6.6 0.2 -11.6736 15.3607 -11.6736
6.6 0.4 -6.95988 18.4162 -6.95988
6.6 0.6 -5.16283 15.5956 -5.16283
6.6 0.8 -3.43946 5.35438 -3.43946
6.6 1 6.86769 -3.67459 6.86769
6.6 1.2 17.3173 -5.06126 17.3173
6.6 1.4 20.3067 -6.34355 20.3067
6.6 1.6 20.459 -7.52533 20.459
6.6 1.8 20.4478 -7.4251 20.4478
6.6 2 19.9498 -6.22835 19.9498
6.6 2.2 15.4639 -5.38445 15.4639
6.6 2.4 3.06939 -3.046 3.06939
6.6 2.6 -4.82888 9.63689 -4.82888
6.6 2.8 -5.38465 18.7298 -5.38465
6.6 3 -6.57208 20.74 -6.57208
6.6 3.2 -7.42154 20.7758 -7.42154
6.6 3.4 -7.00578 20.763 -7.00578
6.6 3.6 -5.79953 19.7668 -5.79953
6.6 3.8 -5.23962 13.5549 -5.23962
6.6 4 -1.1324 0.196144 -1.1324
6.6 4.2 12.1651 -5.21405 12.1651
6.6 4.4 19.2925 -5.74819 19.2925
6.6 4.6 20.5755 -6.95045 20.5755
6.6 4.8 20.5844 -7.42739 20.5844
6.6 5 20.4039 -6.62743 20.4039
6.6 5.2 17.8845 -5.57304 17.8845
6.6 5.4 7.96396 -4.86522 7.96396
6.6 5.6 -3.7306 4.51428 -3.7306
6.6 5.8 -5.26954 16.6191 -5.26954
6.6 6 -6.10376 20.49 -6.10376
6.6 6.2 -7.11596 20.8847 -7.11596
6.6 6.4 -7.04795 20.8068 -7.04795
6.6 6.6 -6.05985 19.9226 -6.05985
6.6 6.8 -5.5604 14.4338 -5.5604
6.6 7 -2.47824 1.26058 -2.47824
6.6 7.2 11.1451 -5.2562 11.1451
6.6 7.4 19.3407 -5.55569 19.3407
6.6 7.6 20.9741 -6.50824 20.9741
6.6 7.8 20.9913 -6.79563 20.9913
6.6 8 20.1187 -6.0735 20.1187
6.6 8.2 14.8532 -5.66363 14.8532
6.6 8.4 1.55199 -2.94529 1.55199
6.6 8.6 -5.37351 10.6106 -5.37351
6.6 8.8 -5.51042 19.1713 -5.51042
6.6 9 -6.31163 20.9066 -6.31163
6.6 9.2 -6.60834 20.6146 -6.60834
6.6 9.4 -3.18887 21.5499 -3.18887
6.6 9.6 3.48078 19.9991 3.48078
6.6 9.8 -38.419 -50.7273 -38.419
6.8 0 -9.83586 17.7909 -9.83586
6.8 0.2 -11.7168 15.4791 -11.7168
6.8 0.4 -6.98165 18.6575 -6.98165
6.8 0.6 -5.13921 16.1904 -5.13921
6.8 0.8 -3.73486 6.27857 -3.73486
6.8 1 5.90498 -3.45245 5.90498
6.8 1.2 16.826 -5.10185 16.826
6.8 1.4 20.1786 -6.32584 20.1786
6.8 1.6 20.435 -7.49879 20.435
6.8 1.8 20.4446 -7.41006 20.4446
6.8 2 19.946 -6.22416 19.946
6.8 2.2 15.4518 -5.38608 15.4518
6.8 2.4 3.04944 -3.04034 3.04944
6.8 2.6 -4.83407 9.64998 -4.83407
6.8 2.8 -5.38714 18.7328 -5.38714
6.8 3 -6.57473 20.7383 -6.57473
6.8 3.2 -7.42376 20.7732 -7.42376
6.8 3.4 -7.00737 20.761 -7.00737
6.8 3.6 -5.80045 19.7665 -5.80045
6.8 3.8 -5.24009 13.5585 -5.24009
6.8 4 -1.13737 0.200563 -1.13737
6.8 4.2 12.1597 -5.21464 12.1597
6.8 4.4 19.291 -5.74848 19.291
6.8 4.6 20.5757 -6.95019 20.5757
6.8 4.8 20.5849 -7.42694 20.5849
6.8 5 20.4035 -6.62727 20.4035
6.8 5.2 17.881 -5.5738 17.881
6.8 5.4 7.9552 -4.86496 7.9552
6.8 5.6 -3.73466 4.52195 -3.73466
6.8 5.8 -5.27012 16.623 -5.27012
6.8 6 -6.10493 20.4899 -6.10493
6.8 6.2 -7.11701 20.8835 -7.11701
6.8 6.4 -7.04834 20.8063 -7.04834
6.8 6.6 -6.05936 19.9243 -6.05936
6.8 6.8 -5.55936 14.4406 -5.55936
6.8 7 -2.48456 1.26926 -2.48456
6.8 7.2 11.1346 -5.25721 11.1346
6.8 7.4 19.336 -5.55737 19.336
6.8 7.6 20.9719 -6.50944 20.9719
6.8 7.8 20.9892 -6.79692 20.9892
6.8 8 20.1144 -6.07539 20.1144
6.8 8.2 14.842 -5.66614 14.842
6.8 8.4 1.53819 -2.93788 1.53819
6.8 8.6 -5.37328 10.6232 -5.37328
6.8 8.8 -5.50924 19.1757 -5.50924
6.8 9 -6.31155 20.9074 -6.31155
6.8 9.2 -6.60909 20.6148 -6.60909
6.8 9.4 -3.18995 21.5524 -3.18995
6.8 9.6 3.47905 20.008 3.47905
6.8 9.8 -38.4347 -50.7254 -38.4347
7 0 -9.86191 17.8762 -9.86191
7 0.2 -11.7391 15.5899 -11.7391
7 0.4 -6.98951 18.8656 -6.98951
7 0.6 -5.10835 16.6899 -5.10835
7 0.8 -3.94227 7.09916 -3.94227
7 1 5.06599 -3.21369 5.06599
7 1.2 16.3626 -5.14749 16.3626
7 1.4 20.0468 -6.32386 20.0468
7 1.6 20.4015 -7.48522 20.4015
7 1.8 20.4338 -7.40143 20.4338
7 2 19.9356 -6.22164 19.9356
7 2.2 15.4297 -5.38746 15.4297
7 2.4 3.02054 -3.02698 3.02054
7 2.6 -4.83683 9.67513 -4.83683
7 2.8 -5.3869 18.7414 -5.3869
7 3 -6.57565 20.7393 -6.57565
7 3.2 -7.42468 20.7724 -7.42468
7 3.4 -7.0081 20.7602 -7.0081
7 3.6 -5.80089 19.7675 -5.80089
7 3.8 -5.2404 13.5647 -5.2404
7 4 -1.145 0.207497 -1.145
7 4.2 12.1512 -5.21525 12.1512
7 4.4 19.2882 -5.74864 19.2882
7 4.6 20.5752 -6.9496 20.5752
7 4.8 20.5848 -7.42616 20.5848
7 5 20.4025 -6.62681 20.4025
7 5.2 17.8759 -5.57451 17.8759
7 5.4 7.94369 -4.86442 7.94369
7 5.6 -3.73978 4.53182 -3.73978
7 5.8 -5.27039 16.6283 -5.27039
7 6 -6.10542 20.4906 -6.10542
7 6.2 -7.1168 20.8833 -7.1168
7 6.4 -7.04716 20.8064 -7.04716
7 6.6 -6.05777 19.9242 -6.05777
7 6.8 -5.55832 14.439 -5.55832
7 7 -2.48292 1.2669 -2.48292
7 7.2 11.1352 -5.25809 11.1352
7 7.4 19.3344 -5.55911 19.3344
7 7.6 20.9696 -6.51183 20.9696
7 7.8 20.9866 -6.79967 20.9866
7 8 20.1126 -6.07798 20.1126
7 8.2 14.8437 -5.66753 14.8437
7 8.4 1.54262 -2.94126 1.54262
7 8.6 -5.37213 10.6184 -5.37213
7 8.8 -5.50736 19.1749 -5.50736
7 9 -6.30973 20.9081 -6.30973
7 9.2 -6.60839 20.616 -6.60839
7 9.4 -3.18982 21.5567 -3.18982
7 9.6 3.47835 20.0201 3.47835
7 9.8 -38.4545 -50.7237 -38.4545
7.2 0 -9.87907 17.9211 -9.87907
7.2 0.2 -11.7251 15.6785 -11.7251
7.2 0.4 -6.97621 18.9979 -6.97621
7.2 0.6 -5.07818 16.9777 -5.07818
7.2 0.8 -4.04048 7.58107 -4.04048
7.2 1 4.57366 -3.05581 4.57366
7.2 1.2 16.0671 -5.18671 16.0671
7.2 1.4 19.9494 -6.33985 19.9494
7.2 1.6 20.3665 -7.49044 20.3665
7.2 1.8 20.4172 -7.4027 20.4172
7.2 2 19.9206 -6.22176 19.9206
7.2 2.2 15.4029 -5.38796 15.4029
7.2 2.4 2.99073 -3.00824 2.99073
7.2 2.6 -4.83519 9.7071 -4.83519
7.2 2.8 -5.38293 18.7546 -5.38293
7.2 3 -6.57363 20.7439 -6.57363
7.2 3.2 -7.42306 20.7746 -7.42306
7.2 3.4 -7.00653 20.7624 -7.00653
7.2 3.6 -5.79916 19.7715 -5.79916
7.2 3.8 -5.2389 13.5746 -5.2389
7.2 4 -1.15341 0.217529 -1.15341
7.2 4.2 12.1405 -5.21549 12.1405
7.2 4.4 19.2841 -5.74888 19.2841
7.2 4.6 20.5737 -6.94919 20.5737
7.2 4.8 20.5839 -7.42562 20.5839
7.2 5 20.4004 -6.6265 20.4004
7.2 5.2 17.8697 -5.5752 17.8697
7.2 5.4 7.93071 -4.86301 7.93071
7.2 5.6 -3.74425 4.54475 -3.74425
7.2 5.8 -5.26861 16.6365 -5.26861
7.2 6 -6.1036 20.4939 -6.1036
7.2 6.2 -7.11407 20.8857 -7.11407
7.2 6.4 -7.04344 20.8082 -7.04344
7.2 6.6 -6.05429 19.9229 -6.05429
7.2 6.8 -5.5567 14.4272 -5.5567
7.2 7 -2.4702 1.25076 -2.4702
7.2 7.2 11.1509 -5.25863 11.1509
7.2 7.4 19.3373 -5.56084 19.3373
7.2 7.6 20.9675 -6.51546 20.9675
7.2 7.8 20.9842 -6.80386 20.9842
7.2 8 20.1149 -6.08104 20.1149
7.2 8.2 14.8626 -5.66716 14.8626
7.2 8.4 1.57153 -2.9583 1.57153
7.2 8.6 -5.36928 10.5917 -5.36928
7.2 8.8 -5.50447 19.1677 -5.50447
7.2 9 -6.30558 20.909 -6.30558
7.2 9.2 -6.60544 20.6191 -6.60544
7.2 9.4 -3.18764 21.5633 -3.18764
7.2 9.6 3.47942 20.0351 3.47942
7.2 9.8 -38.4761 -50.7214 -38.4761
7.4 0 -9.84534 17.9476 -9.84534
7.4 0.2 -11.676 15.7184 -11.676
7.4 0.4 -6.93997 19.0149 -6.93997
7.4 0.6 -5.05915 16.9538 -5.05915
7.4 0.8 -4.02394 7.51651 -4.02394
7.4 1 4.61299 -3.08363 4.61299
7.4 1.2 16.0713 -5.20843 16.0713
7.4 1.4 19.9256 -6.37176 19.9256
7.4 1.6 20.3411 -7.51594 20.3411
7.4 1.8 20.3997 -7.41444 20.3997
7.4 2 19.9058 -6.22396 19.9058
7.4 2.2 15.3793 -5.38646 15.3793
7.4 2.4 2.96925 -2.98836 2.96925
7.4 2.6 -4.82942 9.73715 -4.82942
7.4 2.8 -5.37691 18.7689 -5.37691
7.4 3 -6.57008 20.7509 -6.57008
7.4 3.2 -7.42038 20.7797 -7.42038
7.4 3.4 -7.00411 20.7672 -7.00411
7.4 3.6 -5.79661 19.7778 -5.79661
7.4 3.8 -5.23656 13.5864 -5.23656
7.4 4 -1.16113 0.228973 -1.16113
7.4 4.2 12.1302 -5.2153 12.1302
7.4 4.4 19.2801 -5.74918 19.2801
7.4 4.6 20.5722 -6.94906 20.5722
7.4 4.8 20.5827 -7.42538 20.5827
7.4 5 20.3984 -6.62634 20.3984
7.4 5.2 17.8637 -5.57572 17.8637
7.4 5.4 7.91831 -4.86084 7.91831
7.4 5.6 -3.74785 4.55918 -3.74785
7.4 5.8 -5.26607 16.6467 -5.26607
7.4 6 -6.101 20.4995 -6.101
7.4 6.2 -7.11051 20.8903 -7.11051
7.4 6.4 -7.03882 20.8115 -7.03882
7.4 6.6 -6.05049 19.9196 -6.05049
7.4 6.8 -5.55577 14.4038 -5.55577
7.4 7 -2.4455 1.2192 -2.4455
7.4 7.2 11.1842 -5.25842 11.1842
7.4 7.4 19.3469 -5.56153 19.3469
7.4 7.6 20.968 -6.51901 20.968
7.4 7.8 20.9843 -6.80814 20.9843
7.4 8 20.1237 -6.08345 20.1237
7.4 8.2 14.9014 -5.66432 14.9014
7.4 8.4 1.62741 -2.99032 1.62741
7.4 8.6 -5.36577 10.5403 -5.36577
7.4 8.8 -5.50218 19.1528 -5.50218
7.4 9 -6.30058 20.9096 -6.30058
7.4 9.2 -6.60148 20.6237 -6.60148
7.4 9.4 -3.1849 21.5715 -3.1849
7.4 9.6 3.48078 20.0513 3.48078
7.4 9.8 -38.4961 -50.7167 -38.4961
7.6 0 -9.76637 17.9292 -9.76637
7.6 0.2 -11.5981 15.6796 -11.5981
7.6 0.4 -6.88721 18.8732 -6.88721
7.6 0.6 -5.06147 16.5316 -5.06147
7.6 0.8 -3.86136 6.78046 -3.86136
7.6 1 5.30108 -3.32912 5.30108
7.6 1.2 16.435 -5.20706 16.435
7.6 1.4 19.9935 -6.41782 19.9935
7.6 1.6 20.3312 -7.56118 20.3312
7.6 1.8 20.3835 -7.43683 20.3835
7.6 2 19.893 -6.22889 19.893
7.6 2.2 15.3633 -5.38384 15.3633
7.6 2.4 2.96093 -2.97326 2.96093
7.6 2.6 -4.82215 9.7555 -4.82215
7.6 2.8 -5.37277 18.7771 -5.37277
7.6 3 -6.56941 20.754 -6.56941
7.6 3.2 -7.4214 20.7808 -7.4214
7.6 3.4 -7.00546 20.7682 -7.00546
7.6 3.6 -5.79723 19.7808 -5.79723
7.6 3.8 -5.23645 13.5947 -5.23645
7.6 4 -1.16866 0.237523 -1.16866
7.6 4.2 12.1206 -5.21586 12.1206
7.6 4.4 19.2756 -5.75007 19.2756
7.6 4.6 20.5696 -6.94954 20.5696
7.6 4.8 20.5804 -7.42569 20.5804
7.6 5 20.3955 -6.62665 20.3955
7.6 5.2 17.8574 -5.57669 17.8574
7.6 5.4 7.90625 -4.85962 7.90625
7.6 5.6 -3.75245 4.57081 -3.75245
7.6 5.8 -5.26617 16.6535 -5.26617
7.6 6 -6.10193 20.5015 -6.10193
7.6 6.2 -7.11096 20.8907 -7.11096
7.6 6.4 -7.03805 20.8101 -7.03805
7.6 6.6 -6.05021 19.9099 -6.05021
7.6 6.8 -5.55804 14.3672 -5.55804
7.6 7 -2.41207 1.17254 -2.41207
7.6 7.2 11.2315 -5.25858 11.2315
7.6 7.4 19.3614 -5.56197 19.3614
7.6 7.6 20.9697 -6.52318 20.9697
7.6 7.8 20.9853 -6.81324 20.9853
7.6 8 20.1367 -6.08607 20.1367
7.6 8.2 14.956 -5.66031 14.956
7.6 8.4 1.7051 -3.03653 1.7051
7.6 8.6 -5.36375 10.4651 -5.36375
7.6 8.8 -5.5036 19.1275 -5.5036
7.6 9 -6.29891 20.9048 -6.29891
7.6 9.2 -6.60082 20.6244 -6.60082
7.6 9.4 -3.18504 21.5766 -3.18504
7.6 9.6 3.4799 20.0651 3.4799
7.6 9.8 -38.5164 -50.7126 -38.5164
7.8 0 -9.66559 17.8231 -9.66559
7.8 0.2 -11.5014 15.5315 -11.5014
7.8 0.4 -6.82756 18.5341 -6.82756
7.8 0.6 -5.08397 15.6574 -5.08397
7.8 0.8 -3.46153 5.40405 -3.46153
7.8 1 6.64653 -3.69599 6.64653
7.8 1.2 17.1068 -5.18181 17.1068
7.8 1.4 20.1422 -6.47377 20.1422
7.8 1.6 20.3402 -7.61912 20.3402
7.8 1.8 20.3737 -7.46496 20.3737
7.8 2 19.8863 -6.23426 19.8863
7.8 2.2 15.3591 -5.37937 15.3591
7.8 2.4 2.96895 -2.96404 2.96895
7.8 2.6 -4.81107 9.76189 -4.81107
7.8 2.8 -5.36633 18.7817 -5.36633
7.8 3 -6.56558 20.7571 -6.56558
7.8 3.2 -7.41873 20.7831 -7.41873
7.8 3.4 -7.00298 20.7706 -7.00298
7.8 3.6 -5.79438 19.7844 -5.79438
7.8 3.8 -5.23356 13.6014 -5.23356
7.8 4 -1.17128 0.243508 -1.17128
7.8 4.2 12.1155 -5.21584 12.1155
7.8 4.4 19.2733 -5.75025 19.2733
7.8 4.6 20.5687 -6.94917 20.5687
7.8 4.8 20.58 -7.42497 20.58
7.8 5 20.3942 -6.62609 20.3942
7.8 5.2 17.853 -5.57695 17.853
7.8 5.4 7.89766 -4.8581 7.89766
7.8 5.6 -3.75383 4.58121 -3.75383
7.8 5.8 -5.26318 16.6608 -5.26318
7.8 6 -6.09932 20.5047 -6.09932
7.8 6.2 -7.10794 20.8923 -7.10794
7.8 6.4 -7.03429 20.8094 -7.03429
7.8 6.6 -6.04771 19.8994 -6.04771
7.8 6.8 -5.55879 14.3262 -5.55879
7.8 7 -2.3719 1.11948 -2.3719
7.8 7.2 11.2874 -5.25818 11.2874
7.8 7.4 19.38 -5.56118 19.38
7.8 7.6 20.9741 -6.52611 20.9741
7.8 7.8 20.9891 -6.81703 20.9891
7.8 8 20.1538 -6.08723 20.1538
7.8 8.2 15.0201 -5.65456 15.0201
7.8 8.4 1.79623 -3.0886 1.79623
7.8 8.6 -5.35945 10.3796 -5.35945
7.8 8.8 -5.50345 19.099 -5.50345
7.8 9 -6.29484 20.8997 -6.29484
7.8 9.2 -6.59721 20.6258 -6.59721
7.8 9.4 -3.18123 21.5839 -3.18123
7.8 9.6 3.48371 20.0822 3.48371
7.8 9.8 -38.5367 -50.7095 -38.5367
8 0 -9.55974 17.6042 -9.55974
8 0.2 -11.403 15.2519 -11.403
8 0.4 -6.78398 17.9756 -6.78398
8 0.6 -5.11644 14.3578 -5.11644
8 0.8 -2.71928 3.63875 -2.71928
8 1 8.45956 -4.01695 8.45956
8 1.2 17.927 -5.14046 17.927
8 1.4 20.3332 -6.53269 20.3332
8 1.6 20.3643 -7.67934 20.3643
8 1.8 20.3723 -7.49271 20.3723
8 2 19.8878 -6.2378 19.8878
8 2.2 15.3665 -5.37335 15.3665
8 2.4 2.98742 -2.96267 2.98742
8 2.6 -4.80457 9.75281 -4.80457
8 2.8 -5.36774 18.7756 -5.36774
8 3 -6.56994 20.7517 -6.56994
8 3.2 -7.424 20.7777 -7.424
8 3.4 -7.00748 20.766 -7.00748
8 3.6 -5.79734 19.7809 -5.79734
8 3.8 -5.23495 13.598 -5.23495
8 4 -1.16959 0.240993 -1.16959
8 4.2 12.1178 -5.21607 12.1178
8 4.4 19.2741 -5.75037 19.2741
8 4.6 20.569 -6.94919 20.569
8 4.8 20.5801 -7.42463 20.5801
8 5 20.3942 -6.62567 20.3942
8 5.2 17.8518 -5.57695 17.8518
8 5.4 7.89419 -4.85795 7.89419
8 5.6 -3.75575 4.58389 -3.75575
8 5.8 -5.26528 16.6608 -5.26528
8 6 -6.10315 20.5014 -6.10315
8 6.2 -7.11247 20.887 -7.11247
8 6.4 -7.03858 20.8016 -7.03858
8 6.6 -6.05266 19.883 -6.05266
8 6.8 -5.56522 14.2818 -5.56522
8 7 -2.33573 1.06565 -2.33573
8 7.2 11.342 -5.25799 11.342
8 7.4 19.4005 -5.5588 19.4005
8 7.6 20.9815 -6.52654 20.9815
8 7.8 20.996 -6.81801 20.996
8 8 20.1732 -6.08601 20.1732
8 8.2 15.0828 -5.6482 15.0828
8 8.4 1.88253 -3.13985 1.88253
8 8.6 -5.36014 10.2935 -5.36014
8 8.8 -5.51049 19.0656 -5.51049
8 9 -6.29863 20.8881 -6.29863
8 9.2 -6.6009 20.6208 -6.6009
8 9.4 -3.18385 21.585 -3.18385
8 9.6 3.48276 20.0939 3.48276
8 9.8 -38.5559 -50.707 -38.5559
8.2 0 -9.4614 17.2912 -9.4614
8.2 0.2 -11.3199 14.8645 -11.3199
8.2 0.4 -6.75266 17.2793 -6.75266
8.2 0.6 -5.11063 12.871 -5.11063
8.2 0.8 -1.66551 1.95575 -1.66551
8.2 1 10.3104 -4.18371 10.3104
8.2 1.2 18.6851 -5.09612 18.6851
8.2 1.4 20.5158 -6.58279 20.5158
8.2 1.6 20.3955 -7.72845 20.3955
8.2 1.8 20.3781 -7.51363 20.3781
8.2 2 19.8948 -6.23854 19.8948
8.2 2.2 15.3786 -5.36683 15.3786
8.2 2.4 3.00661 -2.96322 3.00661
8.2 2.6 -4.79861 9.74355 -4.79861
8.2 2.8 -5.36666 18.7726 -5.36666
8.2 3 -6.56928 20.7517 -6.56928
8.2 3.2 -7.42253 20.779 -7.42253
8.2 3.4 -7.00493 20.7677 -7.00493
8.2 3.6 -5.79492 19.7802 -5.79492
8.2 3.8 -5.23347 13.5896 -5.23347
8.2 4 -1.15915 0.231142 -1.15915
8.2 4.2 12.1295 -5.2155 12.1295
8.2 4.4 19.2782 -5.74991 19.2782
8.2 4.6 20.5702 -6.94901 20.5702
8.2 4.8 20.5811 -7.42405 20.5811
8.2 5 20.3954 -6.62482 20.3954
8.2 5.2 17.8539 -5.57608 17.8539
8.2 5.4 7.89797 -4.85789 7.89797
8.2 5.6 -3.75344 4.58171 -3.75344
8.2 5.8 -5.26383 16.6609 -5.26383
8.2 6 -6.10117 20.5031 -6.10117
8.2 6.2 -7.11025 20.8887 -7.11025
8.2 6.4 -7.03671 20.8015 -7.03671
8.2 6.6 -6.05259 19.8755 -6.05259
8.2 6.8 -5.56773 14.2527 -5.56773
8.2 7 -2.30858 1.02776 -2.30858
8.2 7.2 11.3833 -5.25676 11.3833
8.2 7.4 19.4178 -5.55515 19.4178
8.2 7.6 20.9894 -6.52462 20.9894
8.2 7.8 21.0036 -6.81642 21.0036
8.2 8 20.1895 -6.08311 20.1895
8.2 8.2 15.1294 -5.6424 15.1294
8.2 8.4 1.94571 -3.17593 1.94571
8.2 8.6 -5.35893 10.234 -5.35893
8.2 8.8 -5.51257 19.0457 -5.51257
8.2 9 -6.29707 20.885 -6.29707
8.2 9.2 -6.59831 20.6234 -6.59831
8.2 9.4 -3.18028 21.5926 -3.18028
8.2 9.6 3.48686 20.1098 3.48686
8.2 9.8 -38.5729 -50.7041 -38.5729
8.4 0 -9.3834 16.9878 -9.3834
8.4 0.2 -11.2757 14.48 -11.2757
8.4 0.4 -6.73803 16.6567 -6.73803
8.4 0.6 -5.06082 11.6628 -5.06082
8.4 0.8 -0.678407 0.824411 -0.678407
8.4 1 11.6514 -4.22167 11.6514
8.4 1.2 19.1982 -5.05977 19.1982
8.4 1.4 20.6468 -6.60931 20.6468
8.4 1.6 20.4261 -7.75348 20.4261
8.4 1.8 20.3891 -7.52213 20.3891
8.4 2 19.9036 -6.23605 19.9036
8.4 2.2 15.385 -5.36205 15.385
8.4 2.4 3.0097 -2.96064 3.0097
8.4 2.6 -4.79856 9.74515 -4.79856
8.4 2.8 -5.36875 18.7728 -5.36875
8.4 3 -6.57157 20.7513 -6.57157
8.4 3.2 -7.42263 20.7798 -7.42263
8.4 3.4 -7.00246 20.7691 -7.00246
8.4 3.6 -5.79206 19.7775 -5.79206
8.4 3.8 -5.23174 13.5731 -5.23174
8.4 4 -1.1399 0.212131 -1.1399
8.4 4.2 12.1516 -5.2147 12.1516
8.4 4.4 19.2857 -5.7499 19.2857
8.4 4.6 20.5719 -6.95029 20.5719
8.4 4.8 20.5816 -7.42528 20.5816
8.4 5 20.3971 -6.62518 20.3971
8.4 5.2 17.8593 -5.57537 17.8593
8.4 5.4 7.90944 -4.85877 7.90944
8.4 5.6 -3.74798 4.57281 -3.74798
8.4 5.8 -5.26201 16.658 -5.26201
8.4 6 -6.09886 20.5048 -6.09886
8.4 6.2 -7.10871 20.8909 -7.10871
8.4 6.4 -7.03661 20.8025 -7.03661
8.4 6.6 -6.05389 19.8739 -6.05389
8.4 6.8 -5.56974 14.245 -5.56974
8.4 7 -2.30123 1.0164 -2.30123
8.4 7.2 11.3981 -5.25566 11.3981
8.4 7.4 19.4267 -5.55195 19.4267
8.4 7.6 20.9952 -6.52173 20.9952
8.4 7.8 21.0093 -6.8134 21.0093
8.4 8 20.1979 -6.07965 20.1979
8.4 8.2 15.1458 -5.63924 15.1458
8.4 8.4 1.96428 -3.18696 1.96428
8.4 8.6 -5.36007 10.2178 -5.36007
8.4 8.8 -5.51497 19.041 -5.51497
8.4 9 -6.29768 20.8855 -6.29768
8.4 9.2 -6.59688 20.6271 -6.59688
8.4 9.4 -3.17676 21.6005 -3.17676
8.4 9.6 3.49107 20.1242 3.49107
8.4 9.8 -38.5857 -50.7016 -38.5857
8.6 0 -9.37334 16.8353 -9.37334
8.6 0.2 -11.2781 14.3005 -11.2781
8.6 0.4 -6.74436 16.4129 -6.74436
8.6 0.6 -5.03745 11.2619 -5.03745
8.6 0.8 -0.348486 0.507172 -0.348486
8.6 1 12.0361 -4.21683 12.0361
8.6 1.2 19.3455 -5.03711 19.3455
8.6 1.4 20.6959 -6.59996 20.6959
8.6 1.6 20.4485 -7.74515 20.4485
8.6 1.8 20.4024 -7.51414 20.4024
8.6 2 19.9093 -6.23046 19.9093
8.6 2.2 15.3731 -5.36228 15.3731
8.6 2.4 2.97784 -2.95141 2.97784
8.6 2.6 -4.81019 9.76686 -4.81019
8.6 2.8 -5.37713 18.7768 -5.37713
8.6 3 -6.57934 20.7477 -6.57934
8.6 3.2 -7.42652 20.7765 -7.42652
8.6 3.4 -7.00261 20.7663 -7.00261
8.6 3.6 -5.79185 19.7687 -5.79185
8.6 3.8 -5.23365 13.5439 -5.23365
8.6 4 -1.116 0.179853 -1.116
8.6 4.2 12.1802 -5.2172 12.1802
8.6 4.4 19.2935 -5.75295 19.2935
8.6 4.6 20.5714 -6.95495 20.5714
8.6 4.8 20.5794 -7.42981 20.5794
8.6 5 20.3968 -6.62868 20.3968
8.6 5.2 17.8651 -5.57748 17.8651
8.6 5.4 7.92473 -4.86433 7.92473
8.6 5.6 -3.74377 4.55255 -3.74377
8.6 5.8 -5.26379 16.6476 -5.26379
8.6 6 -6.09927 20.5021 -6.09927
8.6 6.2 -7.11015 20.8897 -7.11015
8.6 6.4 -7.04001 20.8016 -7.04001
8.6 6.6 -6.05834 19.8768 -6.05834
8.6 6.8 -5.57395 14.2615 -5.57395
8.6 7 -2.32421 1.03604 -2.32421
8.6 7.2 11.374 -5.25813 11.374
8.6 7.4 19.4217 -5.55139 19.4217
8.6 7.6 20.9972 -6.51794 20.9972
8.6 7.8 21.012 -6.80854 21.012
8.6 8 20.1943 -6.07673 20.1943
8.6 8.2 15.1189 -5.64251 15.1189
8.6 8.4 1.91942 -3.16909 1.91942
8.6 8.6 -5.36796 10.2543 -5.36796
8.6 8.8 -5.51927 19.053 -5.51927
8.6 9 -6.30174 20.8877 -6.30174
8.6 9.2 -6.5982 20.6289 -6.5982
8.6 9.4 -3.17563 21.6045 -3.17563
8.6 9.6 3.49208 20.1304 3.49208
8.6 9.8 -38.5933 -50.704 -38.5933
8.8 0 -9.43155 16.9492 -9.43155
8.8 0.2 -11.3309 14.4491 -11.3309
8.8 0.4 -6.7729 16.7189 -6.7729
8.8 0.6 -5.0879 11.9266 -5.0879
8.8 0.8 -0.964151 1.11526 -0.964151
8.8 1 11.2556 -4.20075 11.2556
8.8 1.2 19.0637 -5.03174 19.0637
8.8 1.4 20.6469 -6.5492 20.6469
8.8 1.6 20.4593 -7.69818 20.4593
8.8 1.8 20.4175 -7.48575 20.4175
8.8 2 19.9105 -6.21906 19.9105
8.8 2.2 15.3372 -5.36507 15.3372
8.8 2.4 2.90485 -2.92581 2.90485
8.8 2.6 -4.82813 9.82293 -4.82813
8.8 2.8 -5.38487 18.7943 -5.38487
8.8 3 -6.58594 20.749 -6.58594
8.8 3.2 -7.42795 20.7763 -7.42795
8.8 3.4 -6.99956 20.7657 -6.99956
8.8 3.6 -5.78934 19.7593 -5.78934
8.8 3.8 -5.23481 13.5073 -5.23481
8.8 4 -1.08455 0.140226 -1.08455
8.8 4.2 12.2175 -5.21802 12.2175
8.8 4.4 19.3055 -5.75357 19.3055
8.8 4.6 20.5738 -6.95712 20.5738
8.8 4.8 20.5803 -7.43146 20.5803
8.8 5 20.3992 -6.62979 20.3992
8.8 5.2 17.8746 -5.57739 17.8746
8.8 5.4 7.94647 -4.86954 7.94647
8.8 5.6 -3.73653 4.5262 -3.73653
8.8 5.8 -5.26438 16.6343 -5.26438
8.8 6 -6.09688 20.5009 -6.09688
8.8 6.2 -7.10841 20.8918 -7.10841
8.8 6.4 -7.04097 20.8055 -7.04097
8.8 6.6 -6.06013 19.8905 -6.06013
8.8 6.8 -5.57449 14.3087 -5.57449
8.8 7 -2.37388 1.09406 -2.37388
8.8 7.2 11.3116 -5.25949 11.3116
8.8 7.4 19.405 -5.54957 19.405
8.8 7.6 20.9977 -6.51013 20.9977
8.8 7.8 21.0133 -6.79956 21.0133
8.8 8 20.1793 -6.07217 20.1793
8.8 8.2 15.0482 -5.64903 15.0482
8.8 8.4 1.81214 -3.11428 1.81214
8.8 8.6 -5.37595 10.3523 -5.37595
8.8 8.8 -5.51901 19.0886 -5.51901
8.8 9 -6.30357 20.898 -6.30357
8.8 9.2 -6.59644 20.6345 -6.59644
8.8 9.4 -3.17128 21.6087 -3.17128
8.8 9.6 3.49614 20.1302 3.49614
8.8 9.8 -38.5872 -50.7104 -38.5872
9 0 -9.54691 17.2529 -9.54691
9 0.2 -11.4443 14.8157 -11.4443
9 0.4 -6.83592 17.4083 -6.83592
9 0.6 -5.15915 13.4143 -5.15915
9 0.8 -2.19471 2.66756 -2.19471
9 1 9.38305 -4.10748 9.38305
9 1.2 18.3171 -5.07182 18.3171
9 1.4 20.4709 -6.48725 20.4709
9 1.6 20.4351 -7.63716 20.4351
9 1.8 20.4141 -7.45667 20.4141
9 2 19.8884 -6.21817 19.8884
9 2.2 15.2601 -5.38403 15.2601
9 2.4 2.77893 -2.89463 2.77893
9 2.6 -4.86465 9.89707 -4.86465
9 2.8 -5.40848 18.8059 -5.40848
9 3 -6.60978 20.7351 -6.60978
9 3.2 -7.44583 20.7591 -7.44583
9 3.4 -7.0118 20.7479 -7.0118
9 3.6 -5.80144 19.7313 -5.80144
9 3.8 -5.24898 13.4499 -5.24898
9 4 -1.06012 0.0836325 -1.06012
9 4.2 12.2442 -5.23158 12.2442
9 4.4 19.3023 -5.76891 19.3023
9 4.6 20.5603 -6.97465 20.5603
9 4.8 20.5651 -7.44859 20.5651
9 5 20.3854 -6.6462 20.3854
9 5.2 17.869 -5.59173 17.869
9 5.4 7.95767 -4.88746 7.95767
9 5.6 -3.73914 4.48208 -3.73914
9 5.8 -5.27871 16.6021 -5.27871
9 6 -6.10934 20.4823 -6.10934
9 6.2 -7.12227 20.8772 -7.12227
9 6.4 -7.05818 20.7935 -7.05818
9 6.6 -6.07725 19.8933 -6.07725
9 6.8 -5.58718 14.3631 -5.58718
9 7 -2.45735 1.17076 -2.45735
9 7.2 11.2016 -5.27327 11.2016
9 7.4 19.3606 -5.56275 19.3606
9 7.6 20.979 -6.51574 20.979
9 7.8 20.9958 -6.80352 20.9958
9 8 20.1379 -6.08152 20.1379
9 8.2 14.9248 -5.67181 14.9248
9 8.4 1.64063 -3.03973 1.64063
9 8.6 -5.39844 10.4832 -5.39844
9 8.8 -5.53277 19.123 -5.53277
9 9 -6.3213 20.8944 -6.3213
9 9.2 -6.60899 20.6236 -6.60899
9 9.4 -3.18109 21.5912 -3.18109
9 9.6 3.48786 20.0996 3.48786
9 9.8 -38.5753 -50.7387 -38.5753
9.2 0 -9.81906 17.4456 -9.81906
9.2 0.2 -11.7157 15.0795 -11.7157
9.2 0.4 -7.04237 18.0416 -7.04237
9.2 0.6 -5.29318 15.0378 -5.29318
9.2 0.8 -3.47629 4.8074 -3.47629
9.2 1 6.7574 -3.88365 6.7574
9.2 1.2 17.0596 -5.27362 17.0596
9.2 1.4 20.0598 -6.55144 20.0598
9.2 1.6 20.2571 -7.69245 20.2571
9.2 1.8 20.2734 -7.54888 20.2734
9.2 2 19.7273 -6.34361 19.7273
9.2 2.2 15.0342 -5.52924 15.0342
9.2 2.4 2.50588 -2.969 2.50588
9.2 2.6 -5.02467 9.86676 -5.02467
9.2 2.8 -5.5586 18.6936 -5.5586
9.2 3 -6.76237 20.5919 -6.76237
9.2 3.2 -7.59299 20.6116 -7.59299
9.2 3.4 -7.15377 20.5983 -7.15377
9.2 3.6 -5.94245 19.57 -5.94245
9.2 3.8 -5.3874 13.2616 -5.3874
9.2 4 -1.15488 -0.0937419 -1.15488
9.2 4.2 12.1428 -5.36733 12.1428
9.2 4.4 19.168 -5.91035 19.168
9.2 4.6 20.4169 -7.11871 20.4169
9.2 4.8 20.4204 -7.59239 20.4204
9.2 5 20.2414 -6.78917 20.2414
9.2 5.2 17.7326 -5.7313 17.7326
9.2 5.4 7.84442 -5.0255 7.84442
9.2 5.6 -3.86129 4.31328 -3.86129
9.2 5.8 -5.41981 16.4369 -5.41981
9.2 6 -6.25128 20.3305 -6.25128
9.2 6.2 -7.26571 20.7311 -7.26571
9.2 6.4 -7.20436 20.6514 -7.20436
9.2 6.6 -6.22186 19.7679 -6.22186
9.2 6.8 -5.72261 14.2998 -5.72261
9.2 7 -2.67037 1.14386 -2.67037
9.2 7.2 10.946 -5.40891 10.946
9.2 7.4 19.1775 -5.70374 19.1775
9.2 7.6 20.8271 -6.64878 20.8271
9.2 7.8 20.8456 -6.93475 20.8456
9.2 8 19.9584 -6.21898 19.9584
9.2 8.2 14.6497 -5.82151 14.6497
9.2 8.4 1.3213 -3.06599 1.3213
9.2 8.6 -5.54197 10.5117 -5.54197
9.2 8.8 -5.67254 19.0336 -5.67254
9.2 9 -6.46791 20.7602 -6.46791
9.2 9.2 -6.75076 20.4782 -6.75076
9.2 9.4 -3.32026 21.4313 -3.32026
9.2 9.6 3.35825 19.9206 3.35825
9.2 9.8 -38.6727 -50.9166 -38.6727
9.4 0 -11.4347 16.202 -11.4347
9.4 0.2 -13.3244 13.9039 -13.3244
9.4 0.4 -8.57657 17.1926 -8.57657
9.4 0.6 -6.69326 15.0868 -6.69326
9.4 0.8 -5.58854 5.74816 -5.58854
9.4 1 2.93225 -4.62786 2.93225
9.4 1.2 14.3337 -6.79499 14.3337
9.4 1.4 18.2674 -7.95647 18.2674
9.4 1.6 18.7304 -9.08528 18.7304
9.4 1.8 18.7944 -8.97447 18.7944
9.4 2 18.2387 -7.79198 18.2387
9.4 2.2 13.5016 -6.97616 13.5016
9.4 2.4 0.954034 -4.31934 0.954034
9.4 2.6 -6.47164 8.54843 -6.47164
9.4 2.8 -7.02107 17.2671 -7.02107
9.4 3 -8.24164 19.1209 -8.24164
9.4 3.2 -9.07179 19.132 -9.07179
9.4 3.4 -8.62538 19.1187 -8.62538
9.4 3.6 -7.40241 18.0897 -7.40241
9.4 3.8 -6.82256 11.7805 -6.82256
9.4 4 -2.53139 -1.54272 -2.53139
9.4 4.2 10.7422 -6.79644 10.7422
9.4 4.4 17.7142 -7.36833 17.7142
9.4 4.6 18.9438 -8.59116 18.9438
9.4 4.8 18.9438 -9.06742 18.9438
9.4 5 18.7695 -8.2586 18.7695
9.4 5.2 16.2826 -7.18184 16.2826
9.4 5.4 6.44262 -6.44903 6.44262
9.4 5.6 -5.26493 2.86691 -5.26493
9.4 5.8 -6.86594 14.9667 -6.86594
9.4 6 -7.71584 18.8553 -7.71584
9.4 6.2 -8.73896 19.2547 -8.73896
9.4 6.4 -8.68076 19.1778 -8.68076
9.4 6.6 -7.688 18.3182 -7.688
9.4 6.8 -7.15943 12.9303 -7.15943
9.4 7 -4.15869 -0.164834 -4.15869
9.4 7.2 9.40142 -6.83545 9.40142
9.4 7.4 17.6774 -7.16074 17.6774
9.4 7.6 19.3453 -8.11087 19.3453
9.4 7.8 19.3633 -8.39734 19.3633
9.4 8 18.4552 -7.67912 18.4552
9.4 8.2 13.0751 -7.27203 13.0751
9.4 8.4 -0.26808 -4.3724 -0.26808
9.4 8.6 -6.97675 9.23951 -6.97675
9.4 8.8 -7.12983 17.6216 -7.12983
9.4 9 -7.94202 19.2947 -7.94202
9.4 9.2 -8.21894 19.0002 -8.21894
9.4 9.4 -4.77975 19.9358 -4.77975
9.4 9.6 1.96621 18.4502 1.96621
9.4 9.8 -40.1952 -52.5714 -40.1952
9.6 0 -0.472583 27.4076 -0.472583
9.6 0.2 -2.19531 25.3208 -2.19531
9.6 0.4 2.40479 28.6313 2.40479
9.6 0.6 4.35742 27.0893 4.35742
9.6 0.8 5.11639 18.5048 5.11639
9.6 1 12.2333 7.04343 12.2333
9.6 1.2 24.3037 4.128 24.3037
9.6 1.4 29.0396 3.10136 29.0396
9.6 1.6 29.747 2.01775 29.747
9.6 1.8 29.8556 2.10814 29.8556
9.6 2 29.2774 3.24607 29.2774
9.6 2.2 24.4794 4.01665 24.4794
9.6 2.4 11.8446 6.69754 11.8446
9.6 2.6 4.49634 19.6592 4.49634
9.6 2.8 3.98728 28.3428 3.98728
9.6 3 2.78703 30.1791 2.78703
9.6 3.2 1.97757 30.1977 1.97757
9.6 3.4 2.42153 30.1805 2.42153
9.6 3.6 3.62118 29.1344 3.62118
9.6 3.8 4.17122 22.7965 4.17122
9.6 4 8.46405 9.41401 8.46405
9.6 4.2 21.8012 4.19465 21.8012
9.6 4.4 28.7699 3.64803 28.7699
9.6 4.6 30.0021 2.4453 30.0021
9.6 4.8 30.0084 1.97964 30.0084
9.6 5 29.8303 2.77803 29.8303
9.6 5.2 27.3391 3.83019 27.3391
9.6 5.4 17.4866 4.529 17.4866
9.6 5.6 5.71597 13.8429 5.71597
9.6 5.8 4.13843 26.0006 4.13843
9.6 6 3.311 29.9035 3.311
9.6 6.2 2.30395 30.3142 2.30395
9.6 6.4 2.36487 30.245 2.36487
9.6 6.6 3.34102 29.3914 3.34102
9.6 6.8 3.8472 24.0385 3.8472
9.6 7 6.76026 10.9108 6.76026
9.6 7.2 20.3479 4.15311 20.3479
9.6 7.4 28.6983 3.85469 28.6983
9.6 7.6 30.3915 2.92686 30.3915
9.6 7.8 30.4165 2.64951 30.4165
9.6 8 29.4845 3.35024 29.4845
9.6 8.2 24.0291 3.72284 24.0291
9.6 8.4 10.6017 6.68237 10.6017
9.6 8.6 4.01436 20.3946 4.01436
9.6 8.8 3.89142 28.7127 3.89142
9.6 9 3.09045 30.3557 3.09045
9.6 9.2 2.82798 30.0571 2.82798
9.6 9.4 6.25495 30.9538 6.25495
9.6 9.6 12.2817 28.6762 12.2817
9.6 9.8 -27.2007 -39.5869 -27.2007
9.8 0 -21.5734 6.44173 -21.5734
9.8 0.2 -23.7218 3.95232 -23.7218
9.8 0.4 -18.7396 7.74075 -18.7396
9.8 0.6 -16.7336 6.53413 -16.7336
9.8 0.8 -16.1926 -1.55066 -16.1926
9.8 1 -10.0751 -13.4856 -10.0751
9.8 1.2 2.33403 -17.0356 2.33403
9.8 1.4 7.67927 -18.0139 7.67927
9.8 1.6 8.54874 -19.1009 8.54874
9.8 1.8 8.68872 -19.0242 8.68872
9.8 2 8.11051 -17.8792 8.11051
9.8 2.2 3.19617 -17.1416 3.19617
9.8 2.4 -9.51396 -14.4527 -9.51396
9.8 2.6 -16.6914 -1.50781 -16.6914
9.8 2.8 -17.1343 7.21573 -17.1343
9.8 3 -18.3336 9.05738 -18.3336
9.8 3.2 -19.1656 9.05168 -19.1656
9.8 3.4 -18.713 9.03694 -18.713
9.8 3.6 -17.5003 7.97934 -17.5003
9.8 3.8 -16.9923 1.52348 -16.9923
9.8 4 -12.7213 -11.8572 -12.7213
9.8 4.2 0.588796 -16.9755 0.588796
9.8 4.4 7.62896 -17.4741 7.62896
9.8 4.6 8.86368 -18.6878 8.86368
9.8 4.8 8.85566 -19.1689 8.85566
9.8 5 8.68242 -18.3587 8.68242
9.8 5.2 6.15716 -17.3068 6.15716
9.8 5.4 -3.80487 -16.6596 -3.80487
9.8 5.6 -15.4871 -7.39932 -15.4871
9.8 5.8 -17.0023 4.80744 -17.0023
9.8 6 -17.802 8.77465 -17.802
9.8 6.2 -18.8252 9.17914 -18.8252
9.8 6.4 -18.7721 9.10472 -18.7721
9.8 6.6 -17.7861 8.25327 -17.7861
9.8 6.8 -17.313 2.83484 -17.313
9.8 7 -14.4772 -10.3163 -14.4772
9.8 7.2 -0.949026 -17.0244 -0.949026
9.8 7.4 7.52492 -17.2716 7.52492
9.8 7.6 9.25519 -18.1931 9.25519
9.8 7.8 9.26973 -18.482 9.26973
9.8 8 8.31117 -17.78 8.31117
9.8 8.2 2.70865 -17.4489 2.70865
9.8 8.4 -10.7761 -14.4562 -10.7761
9.8 8.6 -17.1704 -0.762288 -17.1704
9.8 8.8 -17.2277 7.59042 -17.2277
9.8 9 -18.0227 9.23592 -18.0227
9.8 9.2 -18.3275 8.87477 -18.3275
9.8 9.4 -14.9608 9.62257 -14.9608
9.8 9.6 -7.32028 8.5523 -7.32028
9.8 9.8 -50.8751 -64.5061 -50.8751
