0 0 20.9248 -8.04461 20.9248
0 0.12 26.1529 -2.68116 26.1529
0 0.24 25.3923 -3.02614 25.3923
0 0.36 29.3064 1.79451 29.3064
0 0.48 26.9673 1.39794 26.9673
0 0.6 21.6673 0.227104 21.6673
0 0.72 11.8994 -1.33167 11.8994
0 0.84 1.19217 0.785333 1.19217
0 0.96 -3.60211 8.87009 -3.60211
0 1.08 -3.70953 17.0841 -3.70953
0 1.2 -3.27011 21.7699 -3.27011
0 1.32 -3.33193 23.7806 -3.33193
0 1.44 -3.74112 24.4393 -3.74112
0 1.56 -4.30918 24.4647 -4.30918
0 1.68 -4.94217 24.1781 -4.94217
0 1.8 -5.59828 23.7233 -5.59828
0 1.92 -6.25552 23.1722 -6.25552
0 2.04 -6.89568 22.5706 -6.89568
0 2.16 -7.50086 21.9535 -7.50086
0 2.28 -8.05129 21.3538 -8.05129
0 2.4 -8.52989 20.8015 -8.52989
0 2.52 -8.9226 20.3252 -8.9226
0 2.64 -9.21865 19.9509 -9.21865
0 2.76 -9.41057 19.7006 -9.41057
0 2.88 -9.49415 19.5899 -9.49415
0 3 -9.46773 19.6257 -9.46773
0 3.12 -9.32945 19.8082 -9.32945
0 3.24 -9.08123 20.127 -9.08123
0 3.36 -8.728 20.5639 -8.728
0 3.48 -8.2791 21.0942 -8.2791
0 3.6 -7.74808 21.689 -7.74808
0 3.72 -7.15275 22.3168 -7.15275
0 3.84 -6.51293 22.9448 -6.51293
0 3.96 -5.84774 23.539 -5.84774
0 4.08 -5.1763 24.059 -5.1763
0 4.2 -4.51775 24.4489 -4.51775
0 4.32 -3.9001 24.6094 -3.9001
0 4.44 -3.38544 24.3262 -3.38544
0 4.56 -3.11242 23.1108 -3.11242
0 4.68 -3.3105 19.9268 -3.3105
0 4.8 -3.80396 13.3516 -3.80396
0 4.92 -2.00489 4.29405 -2.00489
0 5.04 6.19543 -1.14899 6.19543
0 5.16 17.2135 -0.795914 17.2135
0 5.28 24.6661 0.757624 24.6661
0 5.4 28.1556 1.39846 28.1556
0 5.52 29.475 1.35891 29.475
0 5.64 41.9726 13.2073 41.9726
0 5.76 13.53 -15.524 13.53
0 5.88 29.2224 0.181832 29.2224
0.12 0 6.51312 -22.2993 6.51312
0.12 0.12 11.6793 -16.9853 11.6793
0.12 0.24 11.2066 -17.0056 11.2066
0.12 0.36 15.3574 -11.8693 15.3574
0.12 0.48 12.7346 -12.3902 12.7346
0.12 0.6 7.07839 -13.6348 7.07839
0.12 0.72 -2.92181 -15.0858 -2.92181
0.12 0.84 -13.2531 -12.5621 -13.2531
0.12 0.96 -17.5575 -4.39085 -17.5575
0.12 1.08 -17.5787 3.53803 -17.5787
0.12 1.2 -17.2092 7.97026 -17.2092
0.12 1.32 -17.3456 9.83069 -17.3456
0.12 1.44 -17.815 10.3979 -17.815
0.12 1.56 -18.4337 10.3585 -18.4337
0.12 1.68 -19.1111 10.0204 -19.1111
0.12 1.8 -19.8068 9.52215 -19.8068
0.12 1.92 -20.4994 8.93379 -20.4994
0.12 2.04 -21.1704 8.30065 -21.1704
0.12 2.16 -21.8013 7.65787 -21.8013
0.12 2.28 -22.3724 7.03848 -22.3724
0.12 2.4 -22.8656 6.47307 -22.8656
0.12 2.52 -23.2687 5.98813 -23.2687
0.12 2.64 -23.5712 5.60917 -23.5712
0.12 2.76 -23.7667 5.35678 -23.7667
0.12 2.88 -23.852 5.24497 -23.852
0.12 3 -23.8259 5.28014 -23.8259
0.12 3.12 -23.686 5.46306 -23.686
0.12 3.24 -23.4335 5.78444 -23.4335
0.12 3.36 -23.072 6.22763 -23.072
0.12 3.48 -22.6106 6.7687 -22.6106
0.12 3.6 -22.0614 7.38042 -22.0614
0.12 3.72 -21.4419 8.03184 -21.4419
0.12 3.84 -20.7729 8.68933 -20.7729
0.12 3.96 -20.0726 9.3199 -20.0726
0.12 4.08 -19.3623 9.88158 -19.3623
0.12 4.2 -18.6603 10.3199 -18.6603
0.12 4.32 -17.994 10.5388 -17.994
0.12 4.44 -17.4225 10.3328 -17.4225
0.12 4.56 -17.0785 9.23587 -17.0785
0.12 4.68 -17.1911 6.25501 -17.1911
0.12 4.8 -17.6564 -0.0222215 -17.6564
0.12 4.92 -16.1427 -8.93481 -16.1427
0.12 5.04 -8.49065 -14.7136 -8.49065
0.12 5.16 2.48661 -14.6505 2.48661
0.12 5.28 10.2985 -13.0693 10.2985
0.12 5.4 14.0887 -12.34 14.0887
0.12 5.52 15.4325 -12.467 15.4325
0.12 5.64 29.567 0.96163 29.567
0.12 5.76 0.103701 -28.8134 0.103701
0.12 5.88 13.1824 -15.7179 13.1824
0.24 0 21.7402 -6.56384 21.7402
0.24 0.12 25.8462 -2.27185 25.8462
0.24 0.24 24.8695 -2.68447 24.8695
0.24 0.36 28.404 2.0758 28.404
0.24 0.48 24.8849 1.14001 24.8849
0.24 0.6 18.1767 -0.319798 18.1767
0.24 0.72 7.82824 -1.14184 7.82824
0.24 0.84 -0.978775 3.01008 -0.978775
0.24 0.96 -3.6593 11.7258 -3.6593
0.24 1.08 -3.29408 18.9711 -3.29408
0.24 1.2 -2.9775 22.7646 -2.9775
0.24 1.32 -3.14951 24.32 -3.14951
0.24 1.44 -3.60627 24.7751 -3.60627
0.24 1.56 -4.18359 24.7138 -4.18359
0.24 1.68 -4.8112 24.3914 -4.8112
0.24 1.8 -5.45056 23.9301 -5.45056
0.24 1.92 -6.08427 23.3903 -6.08427
0.24 2.04 -6.6925 22.8163 -6.6925
0.24 2.16 -7.25947 22.2385 -7.25947
0.24 2.28 -7.77028 21.6842 -7.77028
0.24 2.4 -8.20091 21.189 -8.20091
0.24 2.52 -8.55203 20.7647 -8.55203
0.24 2.64 -8.8123 20.4364 -8.8123
0.24 2.76 -8.98036 20.2181 -8.98036
0.24 2.88 -9.05246 20.1224 -9.05246
0.24 3 -9.03217 20.1505 -9.03217
0.24 3.12 -8.91099 20.3095 -8.91099
0.24 3.24 -8.6944 20.5871 -8.6944
0.24 3.36 -8.37959 20.9747 -8.37959
0.24 3.48 -7.97206 21.4532 -7.97206
0.24 3.6 -7.48303 21.9983 -7.48303
0.24 3.72 -6.92497 22.5853 -6.92497
0.24 3.84 -6.31863 23.1812 -6.31863
0.24 3.96 -5.67598 23.761 -5.67598
0.24 4.08 -5.02296 24.2798 -5.02296
0.24 4.2 -4.37163 24.6929 -4.37163
0.24 4.32 -3.75293 24.9099 -3.75293
0.24 4.44 -3.21417 24.7584 -3.21417
0.24 4.56 -2.87215 23.8415 -2.87215
0.24 4.68 -2.94026 21.3066 -2.94026
0.24 4.8 -3.48366 15.7813 -3.48366
0.24 4.92 -2.91062 7.13482 -2.91062
0.24 5.04 2.91855 0.0817857 2.91855
0.24 5.16 13.4196 -1.07235 13.4196
0.24 5.28 22.1505 0.437549 22.1505
0.24 5.4 26.8846 1.46897 26.8846
0.24 5.52 28.8455 1.62082 28.8455
0.24 5.64 42.9657 14.8676 42.9657
0.24 5.76 13.2317 -15.2537 13.2317
0.24 5.88 31.6974 3.24636 31.6974
0.36 0 20.2855 -6.85906 20.2855
0.36 0.12 24.3972 -2.47503 24.3972
0.36 0.24 22.8839 -3.16739 22.8839
0.36 0.36 25.5042 1.20848 25.5042
0.36 0.48 20.5905 -0.138519 20.5905
0.36 0.6 12.5303 -1.48718 12.5303
0.36 0.72 2.79372 -0.546274 2.79372
0.36 0.84 -3.14588 5.77181 -3.14588
0.36 0.96 -4.06479 14.2631 -4.06479
0.36 1.08 -3.54032 20.1627 -3.54032
0.36 1.2 -3.38402 23.0461 -3.38402
0.36 1.32 -3.65244 24.1716 -3.65244
0.36 1.44 -4.14162 24.4413 -4.14162
0.36 1.56 -4.72025 24.302 -4.72025
0.36 1.68 -5.33349 23.9522 -5.33349
0.36 1.8 -5.94875 23.4915 -5.94875
0.36 1.92 -6.55003 22.9717 -6.55003
0.36 2.04 -7.11816 22.4332 -7.11816
0.36 2.16 -7.63844 21.9031 -7.63844
0.36 2.28 -8.09839 21.4053 -8.09839
0.36 2.4 -8.47696 20.971 -8.47696
0.36 2.52 -8.78063 20.6047 -8.78063
0.36 2.64 -9.00229 20.325 -9.00229
0.36 2.76 -9.14454 20.1402 -9.14454
0.36 2.88 -9.20667 20.0581 -9.20667
0.36 3 -9.19359 20.0775 -9.19359
0.36 3.12 -9.09555 20.2071 -9.09555
0.36 3.24 -8.91573 20.4385 -8.91573
0.36 3.36 -8.6472 20.769 -8.6472
0.36 3.48 -8.29126 21.1858 -8.29126
0.36 3.6 -7.85349 21.6721 -7.85349
0.36 3.72 -7.34238 22.2087 -7.34238
0.36 3.84 -6.77664 22.7655 -6.77664
0.36 3.96 -6.16599 23.3216 -6.16599
0.36 4.08 -5.53737 23.8332 -5.53737
0.36 4.2 -4.9022 24.261 -4.9022
0.36 4.32 -4.28818 24.5288 -4.28818
0.36 4.44 -3.73305 24.4995 -3.73305
0.36 4.56 -3.32799 23.8675 -3.32799
0.36 4.68 -3.2515 21.9737 -3.2515
0.36 4.8 -3.68701 17.6332 -3.68701
0.36 4.92 -3.90634 10.0221 -3.90634
0.36 5.04 -0.69557 1.85661 -0.69557
0.36 5.16 7.94058 -1.59463 7.94058
0.36 5.28 17.4301 -0.82348 17.4301
0.36 5.4 23.6992 0.518893 23.6992
0.36 5.52 26.7802 1.07284 26.7802
0.36 5.64 41.4995 14.5454 41.4995
0.36 5.76 12.0348 -15.4747 12.0348
0.36 5.88 30.6418 3.19183 30.6418
0.48 0 17.2637 -7.37704 17.2637
0.48 0.12 21.0989 -3.09519 21.0989
0.48 0.24 18.7737 -4.08399 18.7737
0.48 0.36 20.0407 -0.0821582 20.0407
0.48 0.48 13.536 -1.45682 13.536
0.48 0.6 5.2383 -1.36152 5.2383
0.48 0.72 -1.68367 2.63476 -1.68367
0.48 0.84 -4.14899 10.3485 -4.14899
0.48 0.96 -3.91515 17.4485 -3.91515
0.48 1.08 -3.50161 21.661 -3.50161
0.48 1.2 -3.54724 23.594 -3.54724
0.48 1.32 -3.90917 24.2903 -3.90917
0.48 1.44 -4.42193 24.3783 -4.42193
0.48 1.56 -4.99113 24.1671 -4.99113
0.48 1.68 -5.57782 23.7989 -5.57782
0.48 1.8 -6.1546 23.351 -6.1546
0.48 1.92 -6.70688 22.8664 -6.70688
0.48 2.04 -7.21643 22.381 -7.21643
0.48 2.16 -7.67006 21.9184 -7.67006
0.48 2.28 -8.0591 21.4974 -8.0591
0.48 2.4 -8.36774 21.142 -8.36774
0.48 2.52 -8.60844 20.8496 -8.60844
0.48 2.64 -8.7797 20.6309 -8.7797
0.48 2.76 -8.88889 20.4871 -8.88889
0.48 2.88 -8.93827 20.4214 -8.93827
0.48 3 -8.93426 20.4303 -8.93426
0.48 3.12 -8.86605 20.5239 -8.86605
0.48 3.24 -8.73413 20.6976 -8.73413
0.48 3.36 -8.52693 20.9555 -8.52693
0.48 3.48 -8.24019 21.2926 -8.24019
0.48 3.6 -7.8731 21.7004 -7.8731
0.48 3.72 -7.42875 22.1665 -7.42875
0.48 3.84 -6.92197 22.6663 -6.92197
0.48 3.96 -6.36047 23.1823 -6.36047
0.48 4.08 -5.77043 23.6742 -5.77043
0.48 4.2 -5.16328 24.1076 -5.16328
0.48 4.32 -4.56404 24.42 -4.56404
0.48 4.44 -4.00116 24.5094 -4.00116
0.48 4.56 -3.5402 24.1591 -3.5402
0.48 4.68 -3.31146 22.9132 -3.31146
0.48 4.8 -3.51899 19.8905 -3.51899
0.48 4.92 -4.05145 14.0284 -4.05145
0.48 5.04 -3.23121 5.96622 -3.23121
0.48 5.16 1.8701 -0.188564 1.8701
0.48 5.28 10.4044 -1.68118 10.4044
0.48 5.4 18.0503 -0.722954 18.0503
0.48 5.52 22.754 0.189457 22.754
0.48 5.64 38.5934 14.056 38.5934
0.48 5.76 9.5836 -15.8454 9.5836
0.48 5.88 28.411 3.0653 28.411
0.6 0 10.4293 -8.88254 10.4293
0.6 0.12 13.8935 -4.67589 13.8935
0.6 0.24 10.6381 -5.73481 10.6381
0.6 0.36 10.8551 -1.40981 10.8551
0.6 0.48 4.37259 -1.20486 4.37259
0.6 0.6 -1.26919 2.04776 -1.26919
0.6 0.72 -4.01844 8.43845 -4.01844
0.6 0.84 -4.16774 15.3809 -4.16774
0.6 0.96 -3.69705 20.2743 -3.69705
0.6 1.08 -3.56288 22.876 -3.56288
0.6 1.2 -3.79531 23.9951 -3.79531
0.6 1.32 -4.22756 24.3292 -4.22756
0.6 1.44 -4.74868 24.2645 -4.74868
0.6 1.56 -5.29613 23.9975 -5.29613
0.6 1.68 -5.84363 23.6242 -5.84363
0.6 1.8 -6.36773 23.2032 -6.36773
0.6 1.92 -6.85509 22.7693 -6.85509
0.6 2.04 -7.28901 22.3536 -7.28901
0.6 2.16 -7.65896 21.9749 -7.65896
0.6 2.28 -7.9616 21.6452 -7.9616
0.6 2.4 -8.18741 21.3809 -8.18741
0.6 2.52 -8.35532 21.1711 -8.35532
0.6 2.64 -8.46935 21.0192 -8.46935
0.6 2.76 -8.54166 20.9195 -8.54166
0.6 2.88 -8.57698 20.8713 -8.57698
0.6 3 -8.58321 20.8689 -8.58321
0.6 3.12 -8.54866 20.9233 -8.54866
0.6 3.24 -8.47143 21.0336 -8.47143
0.6 3.36 -8.33532 21.2103 -8.33532
0.6 3.48 -8.13058 21.4559 -8.13058
0.6 3.6 -7.84962 21.7705 -7.84962
0.6 3.72 -7.48895 22.1498 -7.48895
0.6 3.84 -7.05817 22.576 -7.05817
0.6 3.96 -6.56208 23.0361 -6.56208
0.6 4.08 -6.02464 23.4944 -6.02464
0.6 4.2 -5.45723 23.9217 -5.45723
0.6 4.32 -4.88337 24.2664 -4.88337
0.6 4.44 -4.32428 24.4559 -4.32428
0.6 4.56 -3.8249 24.3463 -3.8249
0.6 4.68 -3.46894 23.6521 -3.46894
0.6 4.8 -3.41387 21.8104 -3.41387
0.6 4.92 -3.79029 17.9507 -3.79029
0.6 5.04 -4.13741 11.592 -4.13741
0.6 5.16 -2.63963 4.34674 -2.63963
0.6 5.28 2.33781 -0.404956 2.33781
0.6 5.4 9.22333 -1.65823 9.22333
0.6 5.52 15.012 -1.33134 15.012
0.6 5.64 32.1581 12.6556 32.1581
0.6 5.76 3.86695 -17.1182 3.86695
0.6 5.88 22.8764 1.93703 22.8764
0.72 0 -0.562776 -9.78299 -0.562776
0.72 0.12 2.83134 -5.35965 2.83134
0.72 0.24 -0.289267 -5.4905 -0.289267
0.72 0.36 1.06505 0.715645 1.06505
0.72 0.48 -2.441 3.74477 -2.441
0.72 0.6 -4.10608 9.06799 -4.10608
0.72 0.72 -4.23479 14.9082 -4.23479
0.72 0.84 -3.82119 19.5163 -3.82119
0.72 0.96 -3.62495 22.304 -3.62495
0.72 1.08 -3.76532 23.6798 -3.76532
0.72 1.2 -4.12807 24.2063 -4.12807
0.72 1.32 -4.59669 24.2752 -4.59669
0.72 1.44 -5.10687 24.1007 -5.10687
0.72 1.56 -5.61801 23.8018 -5.61801
0.72 1.68 -6.11208 23.4414 -6.11208
0.72 1.8 -6.56829 23.0639 -6.56829
0.72 1.92 -6.97483 22.697 -6.97483
0.72 2.04 -7.3177 22.3658 -7.3177
0.72 2.16 -7.59042 22.0835 -7.59042
0.72 2.28 -7.79602 21.8541 -7.79602
0.72 2.4 -7.93165 21.6861 -7.93165
0.72 2.52 -8.02249 21.561 -8.02249
0.72 2.64 -8.07726 21.4759 -8.07726
0.72 2.76 -8.11207 21.4194 -8.11207
0.72 2.88 -8.13332 21.3881 -8.13332
0.72 3 -8.1501 21.3746 -8.1501
0.72 3.12 -8.15013 21.3904 -8.15013
0.72 3.24 -8.12982 21.4372 -8.12982
0.72 3.36 -8.06921 21.5307 -8.06921
0.72 3.48 -7.95389 21.6796 -7.95389
0.72 3.6 -7.7698 21.892 -7.7698
0.72 3.72 -7.50649 22.1721 -7.50649
0.72 3.84 -7.16729 22.5098 -7.16729
0.72 3.96 -6.7527 22.8978 -6.7527
0.72 4.08 -6.28296 23.3068 -6.28296
0.72 4.2 -5.7688 23.712 -5.7688
0.72 4.32 -5.23296 24.0709 -5.23296
0.72 4.44 -4.69206 24.3321 -4.69206
0.72 4.56 -4.17766 24.4025 -4.17766
0.72 4.68 -3.73916 24.1167 -3.73916
0.72 4.8 -3.4738 23.1584 -3.4738
0.72 4.92 -3.52115 20.9905 -3.52115
0.72 5.04 -3.91017 17.0057 -3.91017
0.72 5.16 -4.13081 11.2266 -4.13081
0.72 5.28 -2.93702 5.17561 -2.93702
0.72 5.4 0.361957 0.917536 0.361957
0.72 5.52 4.5833 -1.14644 4.5833
0.72 5.64 21.662 11.6496 21.662
0.72 5.76 -6.25871 -18.4327 -6.25871
0.72 5.88 12.8335 0.443813 12.8335
0.84 0 -9.84416 -5.26749 -9.84416
0.84 0.12 -5.94642 -0.443514 -5.94642
0.84 0.24 -7.44935 0.730946 -7.44935
0.84 0.36 -3.57628 8.36347 -3.57628
0.84 0.48 -4.26868 12.018 -4.26868
0.84 0.6 -4.10645 16.2515 -4.10645
0.84 0.72 -3.79237 19.7874 -3.79237
0.84 0.84 -3.64733 22.1774 -3.64733
0.84 0.96 -3.77049 23.505 -3.77049
0.84 1.08 -4.09111 24.0965 -4.09111
0.84 1.2 -4.52055 24.2431 -4.52055
0.84 1.32 -4.99253 24.1412 -4.99253
0.84 1.44 -5.47208 23.9026 -5.47208
0.84 1.56 -5.93129 23.599 -5.93129
0.84 1.68 -6.35664 23.2721 -6.35664
0.84 1.8 -6.72963 22.9558 -6.72963
0.84 1.92 -7.04074 22.6711 -7.04074
0.84 2.04 -7.28021 22.4363 -7.28021
0.84 2.16 -7.44702 22.2574 -7.44702
0.84 2.28 -7.55082 22.1306 -7.55082
0.84 2.4 -7.59508 22.0573 -7.59508
0.84 2.52 -7.6102 22.0125 -7.6102
0.84 2.64 -7.6082 21.9889 -7.6082
0.84 2.76 -7.60787 21.9714 -7.60787
0.84 2.88 -7.61619 21.9552 -7.61619
0.84 3 -7.64297 21.9318 -7.64297
0.84 3.12 -7.67593 21.9126 -7.67593
0.84 3.24 -7.7105 21.9008 -7.7105
0.84 3.36 -7.72429 21.9153 -7.72429
0.84 3.48 -7.69981 21.9691 -7.69981
0.84 3.6 -7.61757 22.0771 -7.61757
0.84 3.72 -7.46064 22.2509 -7.46064
0.84 3.84 -7.22554 22.4885 -7.22554
0.84 3.96 -6.90719 22.7895 -6.90719
0.84 4.08 -6.52068 23.1321 -6.52068
0.84 4.2 -6.07475 23.4966 -6.07475
0.84 4.32 -5.59114 23.8478 -5.59114
0.84 4.44 -5.08392 24.1485 -5.08392
0.84 4.56 -4.5775 24.3376 -4.5775
0.84 4.68 -4.10116 24.3219 -4.10116
0.84 4.8 -3.70837 23.9384 -3.70837
0.84 4.92 -3.48625 22.9106 -3.48625
0.84 5.04 -3.53126 20.8644 -3.53126
0.84 5.16 -3.83785 17.5056 -3.83785
0.84 5.28 -4.07762 13.0606 -4.07762
0.84 5.4 -3.70161 8.4599 -3.70161
0.84 5.52 -2.61336 4.6571 -2.61336
0.84 5.64 12.2311 15.5752 12.2311
0.84 5.76 -16.5138 -15.323 -16.5138
0.84 5.88 2.26227 2.74698 2.26227
0.96 0 -12.391 3.79107 -12.391
0.96 0.12 -8.1613 8.54797 -8.1613
0.96 0.24 -8.635 9.65811 -8.635
0.96 0.36 -3.751 16.5868 -3.751
0.96 0.48 -3.82381 18.7329 -3.82381
0.96 0.6 -3.63152 20.9373 -3.63152
0.96 0.72 -3.61389 22.5616 -3.61389
0.96 0.84 -3.7786 23.5703 -3.7786
0.96 0.96 -4.09395 24.069 -4.09395
0.96 1.08 -4.49847 24.2171 -4.49847
0.96 1.2 -4.94281 24.1462 -4.94281
0.96 1.32 -5.39007 23.9513 -5.39007
0.96 1.44 -5.81993 23.6906 -5.81993
0.96 1.56 -6.21101 23.4096 -6.21101
0.96 1.68 -6.55231 23.1373 -6.55231
0.96 1.8 -6.8281 22.8986 -6.8281
0.96 1.92 -7.03257 22.7078 -7.03257
0.96 2.04 -7.16141 22.5755 -7.16141
0.96 2.16 -7.21993 22.5001 -7.21993
0.96 2.28 -7.22383 22.4711 -7.22383
0.96 2.4 -7.18173 22.4838 -7.18173
0.96 2.52 -7.1275 22.5093 -7.1275
0.96 2.64 -7.07485 22.5379 -7.07485
0.96 2.76 -7.0439 22.5527 -7.0439
0.96 2.88 -7.04128 22.5488 -7.04128
0.96 3 -7.07691 22.5173 -7.07691
0.96 3.12 -7.1392 22.469 -7.1392
0.96 3.24 -7.22319 22.4073 -7.22319
0.96 3.36 -7.30541 22.3527 -7.30541
0.96 3.48 -7.36716 22.32 -7.36716
0.96 3.6 -7.3852 22.3285 -7.3852
0.96 3.72 -7.33743 22.3957 -7.33743
0.96 3.84 -7.21393 22.5271 -7.21393
0.96 3.96 -7.00328 22.73 -7.00328
0.96 4.08 -6.71437 22.9902 -6.71437
0.96 4.2 -6.35204 23.2948 -6.35204
0.96 4.32 -5.93607 23.6148 -5.93607
0.96 4.44 -5.47872 23.9233 -5.47872
0.96 4.56 -5.00123 24.1769 -5.00123
0.96 4.68 -4.52341 24.3216 -4.52341
0.96 4.8 -4.0751 24.2753 -4.0751
0.96 4.92 -3.70308 23.9075 -3.70308
0.96 5.04 -3.4702 23.0414 -3.4702
0.96 5.16 -3.43794 21.4926 -3.43794
0.96 5.28 -3.58735 19.2146 -3.58735
0.96 5.4 -3.79933 16.4278 -3.79933
0.96 5.52 -4.00592 13.5318 -4.00592
0.96 5.64 9.23212 24.4232 9.23212
0.96 5.76 -20.3248 -6.46264 -20.3248
0.96 5.88 -2.32426 10.6656 -2.32426
1.08 0 -11.9286 10.8922 -11.9286
1.08 0.12 -7.72536 15.3347 -7.72536
1.08 0.24 -8.08003 15.7557 -8.08003
1.08 0.36 -3.24725 21.5578 -3.24725
1.08 0.48 -3.50123 22.3512 -3.50123
1.08 0.6 -3.57911 23.244 -3.57911
1.08 0.72 -3.80476 23.8313 -3.80476
1.08 0.84 -4.13031 24.1394 -4.13031
1.08 0.96 -4.52258 24.2195 -4.52258
1.08 1.08 -4.94414 24.1406 -4.94414
1.08 1.2 -5.36637 23.9624 -5.36637
1.08 1.32 -5.76559 23.7337 -5.76559
1.08 1.44 -6.12765 23.4876 -6.12765
1.08 1.56 -6.43474 23.2548 -6.43474
1.08 1.68 -6.67812 23.0557 -6.67812
1.08 1.8 -6.84605 22.9073 -6.84605
1.08 1.92 -6.93781 22.8161 -6.93781
1.08 2.04 -6.9552 22.7854 -6.9552
1.08 2.16 -6.90971 22.8063 -6.90971
1.08 2.28 -6.82166 22.8632 -6.82166
1.08 2.4 -6.7031 22.9476 -6.7031
1.08 2.52 -6.58943 23.0292 -6.58943
1.08 2.64 -6.49447 23.0981 -6.49447
1.08 2.76 -6.43864 23.137 -6.43864
1.08 2.88 -6.42743 23.1423 -6.42743
1.08 3 -6.47043 23.1051 -6.47043
1.08 3.12 -6.55719 23.0351 -6.55719
1.08 3.24 -6.6829 22.9352 -6.6829
1.08 3.36 -6.82409 22.8255 -6.82409
1.08 3.48 -6.96267 22.7203 -6.96267
1.08 3.6 -7.07347 22.6409 -7.07347
1.08 3.72 -7.13104 22.6088 -7.13104
1.08 3.84 -7.12045 22.6348 -7.12045
1.08 3.96 -7.02401 22.7335 -7.02401
1.08 4.08 -6.84396 22.899 -6.84396
1.08 4.2 -6.57949 23.126 -6.57949
1.08 4.32 -6.24687 23.3922 -6.24687
1.08 4.44 -5.856 23.6783 -5.856
1.08 4.56 -5.42657 23.9515 -5.42657
1.08 4.68 -4.97482 24.1773 -4.97482
1.08 4.8 -4.52056 24.3114 -4.52056
1.08 4.92 -4.09065 24.2912 -4.09065
1.08 5.04 -3.72089 24.0386 -3.72089
1.08 5.16 -3.4542 23.4724 -3.4542
1.08 5.28 -3.31065 22.559 -3.31065
1.08 5.4 -3.29137 21.3464 -3.29137
1.08 5.52 -3.4345 19.9329 -3.4345
1.08 5.64 9.56965 31.8137 9.56965
1.08 5.76 -19.9696 1.6544 -19.9696
1.08 5.88 -2.54916 18.4196 -2.54916
1.2 0 -11.6375 14.4278 -11.6375
1.2 0.12 -7.52632 18.6453 -7.52632
1.2 0.24 -7.93028 18.6208 -7.93028
1.2 0.36 -3.24802 23.7729 -3.24802
1.2 0.48 -3.65828 23.8794 -3.65828
1.2 0.6 -3.88303 24.1516 -3.88303
1.2 0.72 -4.21039 24.263 -4.21039
1.2 0.84 -4.58784 24.2484 -4.58784
1.2 0.96 -4.98855 24.1339 -4.98855
1.2 1.08 -5.38665 23.9538 -5.38665
1.2 1.2 -5.76097 23.7397 -5.76097
1.2 1.32 -6.09293 23.5214 -6.09293
1.2 1.44 -6.37108 23.3196 -6.37108
1.2 1.56 -6.58056 23.156 -6.58056
1.2 1.68 -6.71597 23.0436 -6.71597
1.2 1.8 -6.77085 22.9914 -6.77085
1.2 1.92 -6.7504 22.9982 -6.7504
1.2 2.04 -6.66215 23.0603 -6.66215
1.2 2.16 -6.52274 23.1631 -6.52274
1.2 2.28 -6.35502 23.2883 -6.35502
1.2 2.4 -6.17267 23.4263 -6.17267
1.2 2.52 -6.01098 23.5472 -6.01098
1.2 2.64 -5.8826 23.643 -5.8826
1.2 2.76 -5.80766 23.6974 -5.80766
1.2 2.88 -5.79019 23.7087 -5.79019
1.2 3 -5.83902 23.6688 -5.83902
1.2 3.12 -5.94523 23.5854 -5.94523
1.2 3.24 -6.10437 23.4603 -6.10437
1.2 3.36 -6.29366 23.3121 -6.29366
1.2 3.48 -6.49686 23.1524 -6.49686
1.2 3.6 -6.68855 23.0024 -6.68855
1.2 3.72 -6.84185 22.8849 -6.84185
1.2 3.84 -6.93887 22.8141 -6.93887
1.2 3.96 -6.95678 22.8101 -6.95678
1.2 4.08 -6.89158 22.8746 -6.89158
1.2 4.2 -6.73581 23.0106 -6.73581
1.2 4.32 -6.50057 23.2034 -6.50057
1.2 4.44 -6.19191 23.4409 -6.19191
1.2 4.56 -5.82772 23.6978 -5.82772
1.2 4.68 -5.42299 23.949 -5.42299
1.2 4.8 -4.99417 24.1669 -4.99417
1.2 4.92 -4.56066 24.3168 -4.56066
1.2 5.04 -4.14731 24.3596 -4.14731
1.2 5.16 -3.78265 24.2593 -3.78265
1.2 5.28 -3.48412 24.0038 -3.48412
1.2 5.4 -3.27173 23.605 -3.27173
1.2 5.52 -3.2088 23.0634 -3.2088
1.2 5.64 9.85787 35.604 9.85787
1.2 5.76 -19.423 6.05015 -19.423
1.2 5.88 -2.39154 22.6654 -2.39154
1.32 0 -11.8712 15.7872 -11.8712
1.32 0.12 -7.83061 19.8792 -7.83061
1.32 0.24 -8.24344 19.6683 -8.24344
1.32 0.36 -3.63139 24.5299 -3.63139
1.32 0.48 -4.09762 24.3433 -4.09762
1.32 0.6 -4.36724 24.3513 -4.36724
1.32 0.72 -4.7139 24.2599 -4.7139
1.32 0.84 -5.08509 24.1088 -5.08509
1.32 0.96 -5.4554 23.9187 -5.4554
1.32 1.08 -5.80304 23.712 -5.80304
1.32 1.2 -6.10864 23.5112 -6.10864
1.32 1.32 -6.35598 23.3371 -6.35598
1.32 1.44 -6.53596 23.2033 -6.53596
1.32 1.56 -6.63754 23.1242 -6.63754
1.32 1.68 -6.66006 23.1052 -6.66006
1.32 1.8 -6.60308 23.1472 -6.60308
1.32 1.92 -6.47743 23.2419 -6.47743
1.32 2.04 -6.29496 23.3806 -6.29496
1.32 2.16 -6.07579 23.545 -6.07579
1.32 2.28 -5.84299 23.7166 -5.84299
1.32 2.4 -5.61046 23.8865 -5.61046
1.32 2.52 -5.41223 24.028 -5.41223
1.32 2.64 -5.25897 24.1361 -5.25897
1.32 2.76 -5.17033 24.1968 -5.17033
1.32 2.88 -5.1487 24.211 -5.1487
1.32 3 -5.20185 24.172 -5.20185
1.32 3.12 -5.32267 24.0848 -5.32267
1.32 3.24 -5.50711 23.9493 -5.50711
1.32 3.36 -5.7335 23.7814 -5.7335
1.32 3.48 -5.98806 23.5885 -5.98806
1.32 3.6 -6.24633 23.3896 -6.24633
1.32 3.72 -6.48159 23.2067 -6.48159
1.32 3.84 -6.67529 23.0545 -6.67529
1.32 3.96 -6.80121 22.9572 -6.80121
1.32 4.08 -6.85065 22.922 -6.85065
1.32 4.2 -6.80963 22.9597 -6.80963
1.32 4.32 -6.68293 23.064 -6.68293
1.32 4.44 -6.47124 23.2306 -6.47124
1.32 4.56 -6.18914 23.4409 -6.18914
1.32 4.68 -5.8502 23.6761 -5.8502
1.32 4.8 -5.46977 23.9157 -5.46977
1.32 4.92 -5.06509 24.136 -5.06509
1.32 5.04 -4.65854 24.3108 -4.65854
1.32 5.16 -4.27335 24.4183 -4.27335
1.32 5.28 -3.92549 24.4517 -3.92549
1.32 5.4 -3.63767 24.4092 -3.63767
1.32 5.52 -3.474 24.2599 -3.474
1.32 5.64 9.60964 37.0764 9.60964
1.32 5.76 -19.4514 7.88712 -19.4514
1.32 5.88 -2.78604 24.2902 -2.78604
1.44 0 -12.3821 16.1177 -12.3821
1.44 0.12 -8.39092 20.1367 -8.39092
1.44 0.24 -8.77738 19.8685 -8.77738
1.44 0.36 -4.18245 24.6096 -4.18245
1.44 0.48 -4.65244 24.3054 -4.65244
1.44 0.6 -4.91786 24.2076 -4.91786
1.44 0.72 -5.24416 24.0395 -5.24416
1.44 0.84 -5.57842 23.8449 -5.57842
1.44 0.96 -5.89426 23.6453 -5.89426
1.44 1.08 -6.17144 23.4597 -6.17144
1.44 1.2 -6.39116 23.3066 -6.39116
1.44 1.32 -6.53969 23.2016 -6.53969
1.44 1.44 -6.61149 23.1519 -6.61149
1.44 1.56 -6.60055 23.1643 -6.60055
1.44 1.68 -6.51181 23.2366 -6.51181
1.44 1.8 -6.35058 23.3622 -6.35058
1.44 1.92 -6.13201 23.5272 -6.13201
1.44 2.04 -5.87025 23.72 -5.87025
1.44 2.16 -5.58724 23.92 -5.58724
1.44 2.28 -5.30442 24.1115 -5.30442
1.44 2.4 -5.0351 24.2878 -5.0351
1.44 2.52 -4.81136 24.4269 -4.81136
1.44 2.64 -4.64138 24.5295 -4.64138
1.44 2.76 -4.54411 24.5855 -4.54411
1.44 2.88 -4.52019 24.5995 -4.52019
1.44 3 -4.57601 24.5666 -4.57601
1.44 3.12 -4.70659 24.4885 -4.70659
1.44 3.24 -4.90845 24.3615 -4.90845
1.44 3.36 -5.16138 24.1967 -5.16138
1.44 3.48 -5.45429 23.9958 -5.45429
1.44 3.6 -5.76435 23.7737 -5.76435
1.44 3.72 -6.06593 23.5503 -6.06593
1.44 3.84 -6.34174 23.3384 -6.34174
1.44 3.96 -6.56397 23.1643 -6.56397
1.44 4.08 -6.72145 23.0386 -6.72145
1.44 4.2 -6.79479 22.9789 -6.79479
1.44 4.32 -6.78252 22.9868 -6.78252
1.44 4.44 -6.67895 23.0664 -6.67895
1.44 4.56 -6.49368 23.2063 -6.49368
1.44 4.68 -6.23728 23.3936 -6.23728
1.44 4.8 -5.92378 23.6126 -5.92378
1.44 4.92 -5.56946 23.8443 -5.56946
1.44 5.04 -5.19721 24.0655 -5.19721
1.44 5.16 -4.82921 24.258 -4.82921
1.44 5.28 -4.48282 24.4122 -4.48282
1.44 5.4 -4.18161 24.5185 -4.18161
1.44 5.52 -3.98549 24.5358 -3.98549
1.44 5.64 9.07774 37.4482 9.07774
1.44 5.76 -19.8217 8.48209 -19.8217
1.44 5.88 -3.51481 24.6164 -3.51481
1.56 0 -13.0045 15.974 -13.0045
1.56 0.12 -9.05127 19.9439 -9.05127
1.56 0.24 -9.39665 19.6738 -9.39665
1.56 0.36 -4.79416 24.369 -4.79416
1.56 0.48 -5.24373 24.025 -5.24373
1.56 0.6 -5.48028 23.8961 -5.48028
1.56 0.72 -5.76368 23.7154 -5.76368
1.56 0.84 -6.04044 23.53 -6.04044
1.56 0.96 -6.28297 23.3631 -6.28297
1.56 1.08 -6.47263 23.2318 -6.47263
1.56 1.2 -6.59209 23.1515 -6.59209
1.56 1.32 -6.63159 23.1322 -6.63159
1.56 1.44 -6.59057 23.174 -6.59057
1.56 1.56 -6.46884 23.2762 -6.46884
1.56 1.68 -6.27678 23.4289 -6.27678
1.56 1.8 -6.02408 23.6194 -6.02408
1.56 1.92 -5.72841 23.8298 -5.72841
1.56 2.04 -5.4043 24.047 -5.4043
1.56 2.16 -5.07447 24.2493 -5.07447
1.56 2.28 -4.75757 24.4251 -4.75757
1.56 2.4 -4.46613 24.5714 -4.46613
1.56 2.52 -4.22968 24.6737 -4.22968
1.56 2.64 -4.05301 24.7428 -4.05301
1.56 2.76 -3.95336 24.7765 -3.95336
1.56 2.88 -3.92898 24.7865 -3.92898
1.56 3 -3.98451 24.7702 -3.98451
1.56 3.12 -4.11785 24.7236 -4.11785
1.56 3.24 -4.32699 24.6356 -4.32699
1.56 3.36 -4.59434 24.508 -4.59434
1.56 3.48 -4.91167 24.3337 -4.91167
1.56 3.6 -5.25829 24.1218 -5.25829
1.56 3.72 -5.60975 23.8887 -5.60975
1.56 3.84 -5.95113 23.6447 -5.95113
1.56 3.96 -6.25434 23.417 -6.25434
1.56 4.08 -6.50789 23.2177 -6.50789
1.56 4.2 -6.68892 23.0698 -6.68892
1.56 4.32 -6.7908 22.9815 -6.7908
1.56 4.44 -6.8016 22.9651 -6.8016
1.56 4.56 -6.72474 23.0173 -6.72474
1.56 4.68 -6.566 23.132 -6.566
1.56 4.8 -6.33642 23.2985 -6.33642
1.56 4.92 -6.05056 23.5014 -6.05056
1.56 5.04 -5.73191 23.7185 -5.73191
1.56 5.16 -5.40277 23.9314 -5.40277
1.56 5.28 -5.08293 24.1267 -5.08293
1.56 5.4 -4.79659 24.2894 -4.79659
1.56 5.52 -4.59933 24.3758 -4.59933
1.56 5.64 8.43015 37.3121 8.43015
1.56 5.76 -20.3435 8.50033 -20.3435
1.56 5.88 -4.37814 24.3463 -4.37814
1.68 0 -13.6653 15.5967 -13.6653
1.68 0.12 -9.74358 19.5292 -9.74358
1.68 0.24 -10.0424 19.2816 -10.0424
1.68 0.36 -5.41985 23.9671 -5.41985
1.68 0.48 -5.83523 23.6231 -5.83523
1.68 0.6 -6.02681 23.5043 -6.02681
1.68 0.72 -6.25049 23.3498 -6.25049
1.68 0.84 -6.45269 23.2087 -6.45269
1.68 0.96 -6.60579 23.1044 -6.60579
1.68 1.08 -6.69399 23.051 -6.69399
1.68 1.2 -6.70329 23.0597 -6.70329
1.68 1.32 -6.62933 23.1336 -6.62933
1.68 1.44 -6.4774 23.2653 -6.4774
1.68 1.56 -6.25277 23.4465 -6.25277
1.68 1.68 -5.97019 23.6607 -5.97019
1.68 1.8 -5.64195 23.8902 -5.64195
1.68 1.92 -5.28672 24.1134 -5.28672
1.68 2.04 -4.9185 24.3151 -4.9185
1.68 2.16 -4.56113 24.4711 -4.56113
1.68 2.28 -4.23046 24.5734 -4.23046
1.68 2.4 -3.93864 24.6241 -3.93864
1.68 2.52 -3.71104 24.623 -3.71104
1.68 2.64 -3.5462 24.6009 -3.5462
1.68 2.76 -3.45596 24.5759 -3.45596
1.68 2.88 -3.4337 24.5749 -3.4337
1.68 3 -3.48162 24.5998 -3.48162
1.68 3.12 -3.60257 24.6342 -3.60257
1.68 3.24 -3.7995 24.6485 -3.7995
1.68 3.36 -4.06107 24.6232 -4.06107
1.68 3.48 -4.38338 24.5352 -4.38338
1.68 3.6 -4.74854 24.384 -4.74854
1.68 3.72 -5.13243 24.1834 -5.13243
1.68 3.84 -5.52217 23.9424 -5.52217
1.68 3.96 -5.88945 23.6904 -5.88945
1.68 4.08 -6.22381 23.4409 -6.22381
1.68 4.2 -6.50075 23.2214 -6.50075
1.68 4.32 -6.71023 23.0455 -6.71023
1.68 4.44 -6.83534 22.9325 -6.83534
1.68 4.56 -6.87317 22.8875 -6.87317
1.68 4.68 -6.82344 22.9122 -6.82344
1.68 4.8 -6.69246 23.0019 -6.69246
1.68 4.92 -6.49137 23.146 -6.49137
1.68 5.04 -6.2429 23.324 -6.2429
1.68 5.16 -5.96901 23.5175 -5.96901
1.68 5.28 -5.69166 23.7096 -5.69166
1.68 5.4 -5.43562 23.8822 -5.43562
1.68 5.52 -5.25286 23.9912 -5.25286
1.68 5.64 7.73872 36.9205 7.73872
1.68 5.76 -20.9306 8.22789 -20.9306
1.68 5.88 -5.2859 23.7852 -5.2859
1.8 0 -14.3307 15.0971 -14.3307
1.8 0.12 -10.4353 19.0001 -10.4353
1.8 0.24 -10.6839 18.7889 -10.6839
1.8 0.36 -6.03152 23.487 -6.03152
1.8 0.48 -6.40121 23.169 -6.40121
1.8 0.6 -6.53374 23.0884 -6.53374
1.8 0.72 -6.68244 22.9884 -6.68244
1.8 0.84 -6.79485 22.9175 -6.79485
1.8 0.96 -6.84521 22.8974 -6.84521
1.8 1.08 -6.82233 22.9373 -6.82233
1.8 1.2 -6.71731 23.0423 -6.71731
1.8 1.32 -6.53197 23.2078 -6.53197
1.8 1.44 -6.27722 23.4191 -6.27722
1.8 1.56 -5.96253 23.6609 -5.96253
1.8 1.68 -5.60548 23.9106 -5.60548
1.8 1.8 -5.21963 24.1448 -5.21963
1.8 1.92 -4.8246 24.3353 -4.8246
1.8 2.04 -4.43508 24.4598 -4.43508
1.8 2.16 -4.07884 24.4836 -4.07884
1.8 2.28 -3.77108 24.3973 -3.77108
1.8 2.4 -3.52389 24.2099 -3.52389
1.8 2.52 -3.35359 23.9509 -3.35359
1.8 2.64 -3.24357 23.6998 -3.24357
1.8 2.76 -3.18993 23.5281 -3.18993
1.8 2.88 -3.17461 23.5015 -3.17461
1.8 3 -3.19622 23.6301 -3.19622
1.8 3.12 -3.26745 23.8676 -3.26745
1.8 3.24 -3.40581 24.1346 -3.40581
1.8 3.36 -3.61623 24.3589 -3.61623
1.8 3.48 -3.90489 24.4817 -3.90489
1.8 3.6 -4.25861 24.486 -4.25861
1.8 3.72 -4.6514 24.3869 -4.6514
1.8 3.84 -5.06982 24.1988 -5.06982
1.8 3.96 -5.48302 23.9602 -5.48302
1.8 4.08 -5.88108 23.6903 -5.88108
1.8 4.2 -6.23874 23.4219 -6.23874
1.8 4.32 -6.54408 23.1743 -6.54408
1.8 4.44 -6.7771 22.9726 -6.7771
1.8 4.56 -6.92958 22.8293 -6.92958
1.8 4.68 -6.99501 22.7542 -6.99501
1.8 4.8 -6.97376 22.7499 -6.97376
1.8 4.92 -6.87178 22.8122 -6.87178
1.8 5.04 -6.70896 22.9239 -6.70896
1.8 5.16 -6.50554 23.0684 -6.50554
1.8 5.28 -6.28451 23.2272 -6.28451
1.8 5.4 -6.07082 23.3803 -6.07082
1.8 5.52 -5.91341 23.4848 -5.91341
1.8 5.64 7.03662 36.3895 7.03662
1.8 5.76 -21.5433 7.79442 -21.5433
1.8 5.88 -6.19981 23.0689 -6.19981
1.92 0 -14.9797 14.5366 -14.9797
1.92 0.12 -11.1061 18.4161 -11.1061
1.92 0.24 -11.3017 18.2508 -11.3017
1.92 0.36 -6.61081 22.9782 -6.61081
1.92 0.48 -6.92366 22.7061 -6.92366
1.92 0.6 -6.98385 22.6861 -6.98385
1.92 0.72 -7.04402 22.6622 -7.04402
1.92 0.84 -7.05451 22.6804 -7.05451
1.92 0.96 -6.99359 22.7581 -6.99359
1.92 1.08 -6.85611 22.8978 -6.85611
1.92 1.2 -6.63922 23.0975 -6.63922
1.92 1.32 -6.35057 23.3451 -6.35057
1.92 1.44 -6.00552 23.6187 -6.00552
1.92 1.56 -5.6161 23.897 -5.6161
1.92 1.68 -5.20178 24.1495 -5.20178
1.92 1.8 -4.77772 24.3427 -4.77772
1.92 1.92 -4.36728 24.4315 -4.36728
1.92 2.04 -3.99148 24.3692 -3.99148
1.92 2.16 -3.68966 24.0886 -3.68966
1.92 2.28 -3.48166 23.5612 -3.48166
1.92 2.4 -3.37608 22.8078 -3.37608
1.92 2.52 -3.36307 21.9308 -3.36307
1.92 2.64 -3.38883 21.1327 -3.38883
1.92 2.76 -3.41764 20.6157 -3.41764
1.92 2.88 -3.41583 20.5328 -3.41583
1.92 3 -3.37882 20.909 -3.37882
1.92 3.12 -3.33103 21.633 -3.33103
1.92 3.24 -3.31669 22.505 -3.31669
1.92 3.36 -3.37771 23.322 -3.37771
1.92 3.48 -3.54926 23.9346 -3.54926
1.92 3.6 -3.8315 24.2921 -3.8315
1.92 3.72 -4.19352 24.4228 -4.19352
1.92 3.84 -4.61411 24.3683 -4.61411
1.92 3.96 -5.05316 24.1955 -5.05316
1.92 4.08 -5.49747 23.9417 -5.49747
1.92 4.2 -5.91938 23.6523 -5.91938
1.92 4.32 -6.30597 23.3541 -6.30597
1.92 4.44 -6.63561 23.0781 -6.63561
1.92 4.56 -6.89643 22.8434 -6.89643
1.92 4.68 -7.07666 22.6672 -7.07666
1.92 4.8 -7.17061 22.5597 -7.17061
1.92 4.92 -7.17794 22.524 -7.17794
1.92 5.04 -7.11371 22.5486 -7.11371
1.92 5.16 -6.99467 22.6206 -6.99467
1.92 5.28 -6.84312 22.7222 -6.84312
1.92 5.4 -6.6832 22.8335 -6.6832
1.92 5.52 -6.56074 22.9138 -6.56074
1.92 5.64 6.34413 35.7819 6.34413
1.92 5.76 -22.1579 7.26898 -22.1579
1.92 5.88 -7.09661 22.2705 -7.09661
2.04 0 -15.5936 13.9573 -15.5936
2.04 0.12 -11.7367 17.8196 -11.7367
2.04 0.24 -11.8762 17.7076 -11.8762
2.04 0.36 -7.13787 22.4787 -7.13787
2.04 0.48 -7.3835 22.269 -7.3835
2.04 0.6 -7.36002 22.327 -7.36002
2.04 0.72 -7.32159 22.3947 -7.32159
2.04 0.84 -7.22315 22.5134 -7.22315
2.04 0.96 -7.04872 22.6941 -7.04872
2.04 1.08 -6.79994 22.9316 -6.79994
2.04 1.2 -6.47983 23.2167 -6.47983
2.04 1.32 -6.10067 23.5302 -6.10067
2.04 1.44 -5.68071 23.8439 -5.68071
2.04 1.56 -5.23327 24.1291 -5.23327
2.04 1.68 -4.7803 24.3425 -4.7803
2.04 1.8 -4.34196 24.4279 -4.34196
2.04 1.92 -3.95343 24.298 -3.95343
2.04 2.04 -3.65546 23.8388 -3.65546
2.04 2.16 -3.51265 22.8971 -3.51265
2.04 2.28 -3.54664 21.393 -3.54664
2.04 2.4 -3.72239 19.4024 -3.72239
2.04 2.52 -3.93878 17.2393 -3.93878
2.04 2.64 -4.08037 15.3851 -4.08037
2.04 2.76 -4.13368 14.2511 -4.13368
2.04 2.88 -4.13094 14.077 -4.13094
2.04 3 -4.08211 14.8965 -4.08211
2.04 3.12 -3.95612 16.5401 -3.95612
2.04 3.24 -3.75198 18.6411 -3.75198
2.04 3.36 -3.54494 20.7321 -3.54494
2.04 3.48 -3.45528 22.4214 -3.45528
2.04 3.6 -3.54876 23.5468 -3.54876
2.04 3.72 -3.80403 24.161 -3.80403
2.04 3.84 -4.1824 24.3835 -4.1824
2.04 3.96 -4.62044 24.3571 -4.62044
2.04 4.08 -5.09144 24.1682 -5.09144
2.04 4.2 -5.56048 23.8911 -5.56048
2.04 4.32 -6.01206 23.5676 -6.01206
2.04 4.44 -6.42365 23.2368 -6.42365
2.04 4.56 -6.78124 22.9242 -6.78124
2.04 4.68 -7.06945 22.6535 -7.06945
2.04 4.8 -7.27749 22.4417 -7.27749
2.04 4.92 -7.39854 22.2997 -7.39854
2.04 5.04 -7.44148 22.223 -7.44148
2.04 5.16 -7.41791 22.2045 -7.41791
2.04 5.28 -7.3475 22.2294 -7.3475
2.04 5.4 -7.25221 22.2801 -7.25221
2.04 5.52 -7.17415 22.3195 -7.17415
2.04 5.64 5.68259 35.142 5.68259
2.04 5.76 -22.7542 6.69605 -22.7542
2.04 5.88 -7.95161 21.4411 -7.95161
2.16 0 -16.1543 13.393 -16.1543
2.16 0.12 -12.3092 17.2436 -12.3092
2.16 0.24 -12.391 17.19 -12.391
2.16 0.36 -7.59811 22.0158 -7.59811
2.16 0.48 -7.76842 21.8812 -7.76842
2.16 0.6 -7.65362 22.029 -7.65362
2.16 0.72 -7.51171 22.1969 -7.51171
2.16 0.84 -7.30361 22.4195 -7.30361
2.16 0.96 -7.02 22.7004 -7.02
2.16 1.08 -6.669 23.0267 -6.669
2.16 1.2 -6.25843 23.3825 -6.25843
2.16 1.32 -5.80342 23.7429 -5.80342
2.16 1.44 -5.32405 24.0723 -5.32405
2.16 1.56 -4.8348 24.3311 -4.8348
2.16 1.68 -4.36321 24.4519 -4.36321
2.16 1.8 -3.9429 24.3292 -3.9429
2.16 1.92 -3.63727 23.7797 -3.63727
2.16 2.04 -3.52769 22.5348 -3.52769
2.16 2.16 -3.69798 20.2711 -3.69798
2.16 2.28 -4.06729 16.9025 -4.06729
2.16 2.4 -4.32916 12.8633 -4.32916
2.16 2.52 -4.14455 9.06099 -4.14455
2.16 2.64 -3.53905 6.29688 -3.53905
2.16 2.76 -2.96314 4.83636 -2.96314
2.16 2.88 -2.85102 4.63525 -2.85102
2.16 3 -3.27943 5.66907 -3.27943
2.16 3.12 -3.90954 7.99946 -3.90954
2.16 3.24 -4.26116 11.4939 -4.26116
2.16 3.36 -4.13159 15.535 -4.13159
2.16 3.48 -3.76731 19.1917 -3.76731
2.16 3.6 -3.52687 21.8299 -3.52687
2.16 3.72 -3.54897 23.3997 -3.54897
2.16 3.84 -3.80978 24.1532 -3.80978
2.16 3.96 -4.20712 24.4007 -4.20712
2.16 4.08 -4.68196 24.3426 -4.68196
2.16 4.2 -5.18126 24.1165 -5.18126
2.16 4.32 -5.68229 23.7948 -5.68229
2.16 4.44 -6.16054 23.4306 -6.16054
2.16 4.56 -6.60063 23.0574 -6.60063
2.16 4.68 -6.9852 22.7044 -6.9852
2.16 4.8 -7.29992 22.3947 -7.29992
2.16 4.92 -7.53245 22.146 -7.53245
2.16 5.04 -7.68517 21.9614 -7.68517
2.16 5.16 -7.76347 21.8408 -7.76347
2.16 5.28 -7.78262 21.7747 -7.78262
2.16 5.4 -7.76078 21.7498 -7.76078
2.16 5.52 -7.73528 21.7343 -7.73528
2.16 5.64 5.06944 34.5024 5.06944
2.16 5.76 -23.3139 6.10962 -23.3139
2.16 5.88 -8.74581 20.617 -8.74581
2.28 0 -16.6462 12.8714 -16.6462
2.28 0.12 -12.8081 16.7158 -12.8081
2.28 0.24 -12.8324 16.7225 -12.8324
2.28 0.36 -7.98071 21.6104 -7.98071
2.28 0.48 -8.07179 21.5578 -8.07179
2.28 0.6 -7.86354 21.8005 -7.86354
2.28 0.72 -7.61956 22.0697 -7.61956
2.28 0.84 -7.30758 22.3921 -7.30758
2.28 0.96 -6.9248 22.7639 -6.9248
2.28 1.08 -6.4848 23.1653 -6.4848
2.28 1.2 -5.99865 23.5748 -5.99865
2.28 1.32 -5.48274 23.9621 -5.48274
2.28 1.44 -4.9587 24.2824 -4.9587
2.28 1.56 -4.44389 24.4778 -4.44389
2.28 1.68 -3.97769 24.4366 -3.97769
2.28 1.8 -3.62202 23.9568 -3.62202
2.28 1.92 -3.49155 22.6661 -3.49155
2.28 2.04 -3.70539 20.0198 -3.70539
2.28 2.16 -4.19931 15.5627 -4.19931
2.28 2.28 -4.29691 9.77129 -4.29691
2.28 2.4 -2.99118 4.33998 -2.99118
2.28 2.52 -0.209995 0.78534 -0.209995
2.28 2.64 2.84057 -0.85925 2.84057
2.28 2.76 4.84975 -1.40417 4.84975
2.28 2.88 5.16904 -1.45054 5.16904
2.28 3 3.71426 -1.09388 3.71426
2.28 3.12 0.932747 0.106041 0.932747
2.28 3.24 -2.08213 2.94331 -2.08213
2.28 3.36 -3.95633 7.80159 -3.95633
2.28 3.48 -4.26661 13.6396 -4.26661
2.28 3.6 -3.83651 18.6289 -3.83651
2.28 3.72 -3.50932 21.8673 -3.50932
2.28 3.84 -3.54457 23.5584 -3.54457
2.28 3.96 -3.84212 24.2748 -3.84212
2.28 4.08 -4.29115 24.4377 -4.29115
2.28 4.2 -4.80278 24.3081 -4.80278
2.28 4.32 -5.33854 24.0161 -5.33854
2.28 4.44 -5.86858 23.64 -5.86858
2.28 4.56 -6.37595 23.2246 -6.37595
2.28 4.68 -6.84233 22.8052 -6.84233
2.28 4.8 -7.25139 22.4097 -7.25139
2.28 4.92 -7.58693 22.0612 -7.58693
2.28 5.04 -7.8456 21.7698 -7.8456
2.28 5.16 -8.0261 21.5429 -8.0261
2.28 5.28 -8.13821 21.3777 -8.13821
2.28 5.4 -8.19515 21.2669 -8.19515
2.28 5.52 -8.22842 21.1857 -8.22842
2.28 5.64 4.52238 33.8935 4.52238
2.28 5.76 -23.8208 5.53881 -23.8208
2.28 5.88 -9.45649 19.8351 -9.45649
2.4 0 -17.0574 12.4154 -17.0574
2.4 0.12 -13.2224 16.2578 -13.2224
2.4 0.24 -13.1925 16.3233 -13.1925
2.4 0.36 -8.28192 21.275 -8.28192
2.4 0.48 -8.29538 21.3049 -8.29538
2.4 0.6 -7.99819 21.6398 -7.99819
2.4 0.72 -7.66023 22.0035 -7.66023
2.4 0.84 -7.25603 22.415 -7.25603
2.4 0.96 -6.78842 22.8636 -6.78842
2.4 1.08 -6.2749 23.3241 -6.2749
2.4 1.2 -5.72852 23.7701 -5.72852
2.4 1.32 -5.16589 24.1657 -5.16589
2.4 1.44 -4.61087 24.4534 -4.61087
2.4 1.56 -4.08715 24.5461 -4.08715
2.4 1.68 -3.6554 24.2586 -3.6554
2.4 1.8 -3.42473 23.224 -3.42473
2.4 1.92 -3.56954 20.7652 -3.56954
2.4 2.04 -4.10591 16.0452 -4.10591
2.4 2.16 -4.21152 9.11828 -4.21152
2.4 2.28 -1.92605 2.41951 -1.92605
2.4 2.4 3.35301 -1.22801 3.35301
2.4 2.52 9.38551 -1.98943 9.38551
2.4 2.64 13.9341 -1.62802 13.9341
2.4 2.76 16.337 -1.244 16.337
2.4 2.88 16.6864 -1.16721 16.6864
2.4 3 15.0128 -1.43588 15.0128
2.4 3.12 11.2046 -1.84981 11.2046
2.4 3.24 5.53825 -1.63932 5.53825
2.4 3.36 -0.28612 0.850476 -0.28612
2.4 3.48 -3.69189 6.64999 -3.69189
2.4 3.6 -4.22936 13.7941 -4.22936
2.4 3.72 -3.71286 19.3429 -3.71286
2.4 3.84 -3.43406 22.487 -3.43406
2.4 3.96 -3.55881 23.9321 -3.55881
2.4 4.08 -3.94496 24.4291 -3.94496
2.4 4.2 -4.44941 24.4466 -4.44941
2.4 4.32 -5.00599 24.2115 -5.00599
2.4 4.44 -5.57407 23.8434 -5.57407
2.4 4.56 -6.13382 23.4036 -6.13382
2.4 4.68 -6.66628 22.9347 -6.66628
2.4 4.8 -7.1542 22.4689 -7.1542
2.4 4.92 -7.57928 22.0333 -7.57928
2.4 5.04 -7.93367 21.6436 -7.93367
2.4 5.16 -8.20986 21.3146 -8.20986
2.4 5.28 -8.41184 21.0502 -8.41184
2.4 5.4 -8.54731 20.8504 -8.54731
2.4 5.52 -8.64108 20.6984 -8.64108
2.4 5.64 4.05575 33.3427 4.05575
2.4 5.76 -24.2591 5.01288 -24.2591
2.4 5.88 -10.0661 19.1277 -10.0661
2.52 0 -17.3814 12.0419 -17.3814
2.52 0.12 -13.5468 15.8852 -13.5468
2.52 0.24 -13.4693 16.0034 -13.4693
2.52 0.36 -8.5046 21.015 -8.5046
2.52 0.48 -8.44789 21.1207 -8.44789
2.52 0.6 -8.07211 21.5381 -8.07211
2.52 0.72 -7.65333 21.9837 -7.65333
2.52 0.84 -7.17217 22.4694 -7.17217
2.52 0.96 -6.63587 22.9789 -6.63587
2.52 1.08 -6.06432 23.4828 -6.06432
2.52 1.2 -5.47155 23.9507 -5.47155
2.52 1.32 -4.87417 24.3401 -4.87417
2.52 1.44 -4.29954 24.5769 -4.29954
2.52 1.56 -3.78219 24.5317 -3.78219
2.52 1.68 -3.41448 23.9129 -3.41448
2.52 1.8 -3.36584 22.1164 -3.36584
2.52 1.92 -3.81485 18.0983 -3.81485
2.52 2.04 -4.24768 11.1021 -4.24768
2.52 2.16 -2.26987 3.07756 -2.26987
2.52 2.28 4.23541 -1.46705 4.23541
2.52 2.4 12.5558 -1.81622 12.5558
2.52 2.52 18.9544 -0.753997 18.9544
2.52 2.64 22.6546 0.103986 22.6546
2.52 2.76 24.3294 0.514837 24.3294
2.52 2.88 24.5635 0.583652 24.5635
2.52 3 23.4398 0.327398 23.4398
2.52 3.12 20.5398 -0.341666 20.5398
2.52 3.24 15.1136 -1.40121 15.1136
2.52 3.36 7.20613 -1.82968 7.20613
2.52 3.48 -0.397735 1.04098 -0.397735
2.52 3.6 -3.92917 8.2259 -3.92917
2.52 3.72 -4.01281 15.9312 -4.01281
2.52 3.84 -3.47778 20.9301 -3.47778
2.52 3.96 -3.37291 23.368 -3.37291
2.52 4.08 -3.65925 24.3151 -3.65925
2.52 4.2 -4.13806 24.5267 -4.13806
2.52 4.32 -4.70366 24.3708 -4.70366
2.52 4.44 -5.29858 24.0255 -5.29858
2.52 4.56 -5.89782 23.5758 -5.89782
2.52 4.68 -6.48147 23.0727 -6.48147
2.52 4.8 -7.03203 22.553 -7.03203
2.52 4.92 -7.53046 22.0464 -7.53046
2.52 5.04 -7.96576 21.5728 -7.96576
2.52 5.16 -8.32543 21.153 -8.32543
2.52 5.28 -8.60811 20.7974 -8.60811
2.52 5.4 -8.8159 20.5131 -8.8159
2.52 5.52 -8.96697 20.2918 -8.96697
2.52 5.64 3.6807 32.876 3.6807
2.52 5.76 -24.6163 4.55962 -24.6163
2.52 5.88 -10.558 18.5289 -10.558
2.64 0 -17.6164 11.7626 -17.6164
2.64 0.12 -13.7806 15.6085 -13.7806
2.64 0.24 -13.6645 15.7698 -13.6645
2.64 0.36 -8.6547 20.8319 -8.6547
2.64 0.48 -8.54068 21 -8.54068
2.64 0.6 -8.10202 21.4837 -8.10202
2.64 0.72 -7.62003 21.9935 -7.62003
2.64 0.84 -7.08011 22.5353 -7.08011
2.64 0.96 -6.49263 23.0888 -6.49263
2.64 1.08 -5.87865 23.6214 -5.87865
2.64 1.2 -5.25265 24.0991 -5.25265
2.64 1.32 -4.63158 24.4724 -4.63158
2.64 1.44 -4.04748 24.647 -4.04748
2.64 1.56 -3.54947 24.4421 -3.54947
2.64 1.68 -3.26829 23.434 -3.26829
2.64 1.8 -3.42691 20.7407 -3.42691
2.64 1.92 -4.05578 15.0439 -4.05578
2.64 2.04 -3.53835 6.44516 -3.53835
2.64 2.16 1.84769 -0.481676 1.84769
2.64 2.28 11.5189 -1.85822 11.5189
2.64 2.4 19.895 -0.514563 19.895
2.64 2.52 24.7838 0.641534 24.7838
2.64 2.64 27.137 1.16958 27.137
2.64 2.76 28.0871 1.34074 28.0871
2.64 2.88 28.2188 1.37162 28.2188
2.64 3 27.6058 1.28876 27.6058
2.64 3.12 25.859 0.949202 25.859
2.64 3.24 22.0087 0.0494814 22.0087
2.64 3.36 14.8446 -1.38663 14.8446
2.64 3.48 5.08567 -1.43198 5.08567
2.64 3.6 -2.26901 3.57414 -2.26901
2.64 3.72 -4.1247 12.2167 -4.1247
2.64 3.84 -3.62422 19.0537 -3.62422
2.64 3.96 -3.28915 22.6368 -3.28915
2.64 4.08 -3.45152 24.1121 -3.45152
2.64 4.2 -3.88998 24.5478 -3.88998
2.64 4.32 -4.45443 24.4839 -4.45443
2.64 4.44 -5.06623 24.1712 -5.06623
2.64 4.56 -5.69305 23.7223 -5.69305
2.64 4.68 -6.31353 23.1987 -6.31353
2.64 4.8 -6.91011 22.6414 -6.91011
2.64 4.92 -7.46377 22.082 -7.46377
2.64 5.04 -7.96158 21.5433 -7.96158
2.64 5.16 -8.38744 21.0507 -8.38744
2.64 5.28 -8.73571 20.6198 -8.73571
2.64 5.4 -9.00358 20.2639 -9.00358
2.64 5.52 -9.20348 19.9822 -9.20348
2.64 5.64 3.40287 32.5145 3.40287
2.64 5.76 -24.8849 4.20281 -24.8849
2.64 5.88 -10.9246 18.0641 -10.9246
2.76 0 -17.7639 11.584 -17.7639
2.76 0.12 -13.9257 15.4331 -13.9257
2.76 0.24 -13.7819 15.6256 -13.7819
2.76 0.36 -8.7391 20.7243 -8.7391
2.76 0.48 -8.58466 20.9364 -8.58466
2.76 0.6 -8.10227 21.4662 -8.10227
2.76 0.72 -7.57694 22.0195 -7.57694
2.76 0.84 -6.99736 22.5985 -6.99736
2.76 0.96 -6.3758 23.1798 -6.3758
2.76 1.08 -5.73376 23.7291 -5.73376
2.76 1.2 -5.08592 24.2089 -5.08592
2.76 1.32 -4.44995 24.5628 -4.44995
2.76 1.44 -3.86301 24.6767 -3.86301
2.76 1.56 -3.38978 24.3168 -3.38978
2.76 1.68 -3.19812 22.9254 -3.19812
2.76 1.8 -3.53682 19.3643 -3.53682
2.76 1.92 -4.11541 12.2606 -4.11541
2.76 2.04 -2.00249 3.15911 -2.00249
2.76 2.16 6.43918 -1.67453 6.43918
2.76 2.28 17.0513 -1.04773 17.0513
2.76 2.4 24.1392 0.528318 24.1392
2.76 2.52 27.5872 1.28859 27.5872
2.76 2.64 29.0357 1.47714 29.0357
2.76 2.76 29.5605 1.47342 29.5605
2.76 2.88 29.6344 1.47863 29.6344
2.76 3 29.3134 1.51536 29.3134
2.76 3.12 28.2941 1.45887 28.2941
2.76 3.24 25.7258 0.97614 25.7258
2.76 3.36 20.0808 -0.333987 20.0808
2.76 3.48 10.3789 -1.72664 10.3789
2.76 3.6 0.340675 0.786783 0.340675
2.76 3.72 -3.86513 9.03639 -3.86513
2.76 3.84 -3.77348 17.2244 -3.77348
2.76 3.96 -3.27486 21.8844 -3.27486
2.76 4.08 -3.31672 23.8778 -3.31672
2.76 4.2 -3.71087 24.5311 -3.71087
2.76 4.32 -4.26875 24.5559 -4.26875
2.76 4.44 -4.89018 24.2764 -4.89018
2.76 4.56 -5.53487 23.8339 -5.53487
2.76 4.68 -6.17953 23.3001 -6.17953
2.76 4.8 -6.80658 22.7197 -6.80658
2.76 4.92 -7.39728 22.1257 -7.39728
2.76 5.04 -7.93767 21.5432 -7.93767
2.76 5.16 -8.40947 21.0001 -8.40947
2.76 5.28 -8.80407 20.5158 -8.80407
2.76 5.4 -9.11497 20.1082 -9.11497
2.76 5.52 -9.35025 19.7823 -9.35025
2.76 5.64 3.22766 32.2781 3.22766
2.76 5.76 -25.0572 3.96579 -25.0572
2.76 5.88 -11.1583 17.7582 -11.1583
2.88 0 -17.8277 11.5081 -17.8277
2.88 0.12 -13.9884 15.3587 -13.9884
2.88 0.24 -13.8307 15.5664 -13.8307
2.88 0.36 -8.77105 20.6834 -8.77105
2.88 0.48 -8.59593 20.9173 -8.59593
2.88 0.6 -8.09134 21.4697 -8.09134
2.88 0.72 -7.54405 22.0444 -7.54405
2.88 0.84 -6.94433 22.6412 -6.94433
2.88 0.96 -6.30533 23.2354 -6.30533
2.88 1.08 -5.64868 23.7914 -5.64868
2.88 1.2 -4.98925 24.2693 -4.98925
2.88 1.32 -4.34553 24.6073 -4.34553
2.88 1.44 -3.75897 24.6755 -3.75897
2.88 1.56 -3.30663 24.1985 -3.30663
2.88 1.68 -3.18349 22.5149 -3.18349
2.88 1.8 -3.63659 18.3086 -3.63659
2.88 1.92 -4.01875 10.3201 -4.01875
2.88 2.04 -0.428468 1.40316 -0.428468
2.88 2.16 9.7769 -1.78173 9.7769
2.88 2.28 20.1949 -0.355296 20.1949
2.88 2.4 26.1754 1.03975 26.1754
2.88 2.52 28.7793 1.49845 28.7793
2.88 2.64 29.7648 1.49628 29.7648
2.88 2.76 30.0839 1.40321 30.0839
2.88 2.88 30.1303 1.39567 30.1303
2.88 3 29.9494 1.49253 29.9494
2.88 3.12 29.2925 1.58719 29.2925
2.88 3.24 27.4315 1.37585 27.4315
2.88 3.36 22.8728 0.357572 22.8728
2.88 3.48 13.8914 -1.37991 13.8914
2.88 3.6 2.6785 -0.441351 2.6785
2.88 3.72 -3.41525 6.95414 -3.41525
2.88 3.84 -3.87048 15.8532 -3.87048
2.88 3.96 -3.2977 21.2903 -3.2977
2.88 4.08 -3.25188 23.6773 -3.25188
2.88 4.2 -3.61104 24.4956 -3.61104
2.88 4.32 -4.16202 24.5867 -4.16202
2.88 4.44 -4.78805 24.3328 -4.78805
2.88 4.56 -5.44237 23.8974 -5.44237
2.88 4.68 -6.09984 23.3605 -6.09984
2.88 4.8 -6.74279 22.7696 -6.74279
2.88 4.92 -7.35263 22.1591 -7.35263
2.88 5.04 -7.91497 21.5549 -7.91497
2.88 5.16 -8.41054 20.9865 -8.41054
2.88 5.28 -8.82921 20.4752 -8.82921
2.88 5.4 -9.16257 20.0413 -9.16257
2.88 5.52 -9.41634 19.6928 -9.41634
2.88 5.64 3.14681 32.1701 3.14681
2.88 5.76 -25.1369 3.85702 -25.1369
2.88 5.88 -11.2681 17.6164 -11.2681
3 0 -17.8102 11.5349 -17.8102
3 0.12 -13.9703 15.3859 -13.9703
3 0.24 -13.8125 15.5927 -13.8125
3 0.36 -8.75235 20.7091 -8.75235
3 0.48 -8.57756 20.9412 -8.57756
3 0.6 -8.07297 21.4922 -8.07297
3 0.72 -7.52534 22.0655 -7.52534
3 0.84 -6.92495 22.6611 -6.92495
3 0.96 -6.28493 23.2539 -6.28493
3 1.08 -5.62692 23.8078 -5.62692
3 1.2 -4.96595 24.2819 -4.96595
3 1.32 -4.32111 24.6115 -4.32111
3 1.44 -3.73592 24.6597 -3.73592
3 1.56 -3.29306 24.1322 -3.29306
3 1.68 -3.19895 22.3215 -3.19895
3 1.8 -3.69413 17.8387 -3.69413
3 1.92 -3.94738 9.51554 -3.94738
3 2.04 0.332214 0.803634 0.332214
3 2.16 11.1489 -1.7016 11.1489
3 2.28 21.3416 -0.0650192 21.3416
3 2.4 26.8667 1.22104 26.8667
3 2.52 29.1689 1.56792 29.1689
3 2.64 29.9984 1.50221 29.9984
3 2.76 30.2501 1.38076 30.2501
3 2.88 30.2878 1.36932 30.2878
3 3 30.153 1.48538 30.153
3 3.12 29.6173 1.62955 29.6173
3 3.24 28.0039 1.51436 28.0039
3 3.36 23.8679 0.627946 23.8679
3 3.48 15.2812 -1.15238 15.2812
3 3.6 3.75342 -0.793066 3.75342
3 3.72 -3.15874 6.12578 -3.15874
3 3.84 -3.91592 15.251 -3.91592
3 3.96 -3.32685 21.0161 -3.32685
3 4.08 -3.24512 23.5751 -3.24512
3 4.2 -3.58925 24.465 -3.58925
3 4.32 -4.13669 24.5849 -4.13669
3 4.44 -4.76331 24.3429 -4.76331
3 4.56 -5.41936 23.9127 -5.41936
3 4.68 -6.07864 23.3783 -6.07864
3 4.8 -6.72324 22.7887 -6.72324
3 4.92 -7.33451 22.1791 -7.33451
3 5.04 -7.89806 21.5757 -7.89806
3 5.16 -8.39462 21.0082 -8.39462
3 5.28 -8.81406 20.498 -8.81406
3 5.4 -9.14798 20.0653 -9.14798
3 5.52 -9.40217 19.7179 -9.40217
3 5.64 3.16258 32.198 3.16258
3 5.76 -25.1236 3.88304 -25.1236
3 5.88 -11.2503 17.6483 -11.2503
3.12 0 -17.7119 11.6628 -17.7119
3.12 0.12 -13.873 15.5119 -13.873
3.12 0.24 -13.7299 15.701 -13.7299
3.12 0.36 -8.68653 20.7969 -8.68653
3.12 0.48 -8.53287 21.0042 -8.53287
3.12 0.6 -8.05043 21.5296 -8.05043
3.12 0.72 -7.52407 22.0793 -7.52407
3.12 0.84 -6.94247 22.6548 -6.94247
3.12 0.96 -6.3178 23.2323 -6.3178
3.12 1.08 -5.67151 23.7761 -5.67151
3.12 1.2 -5.01872 24.2455 -5.01872
3.12 1.32 -4.37863 24.5767 -4.37863
3.12 1.44 -3.79393 24.6361 -3.79393
3.12 1.56 -3.34446 24.1391 -3.34446
3.12 1.68 -3.23064 22.4025 -3.23064
3.12 1.8 -3.69907 18.0731 -3.69907
3.12 1.92 -4.02205 9.92755 -4.02205
3.12 2.04 -0.100604 1.11007 -0.100604
3.12 2.16 10.429 -1.73029 10.429
3.12 2.28 20.7714 -0.178952 20.7714
3.12 2.4 26.5525 1.18284 26.5525
3.12 2.52 29.0251 1.60336 29.0251
3.12 2.64 29.9454 1.58178 29.9454
3.12 2.76 30.2379 1.48147 30.2379
3.12 2.88 30.2814 1.47331 30.2814
3.12 3 30.1198 1.57559 30.1198
3.12 3.12 29.515 1.68567 29.515
3.12 3.24 27.7652 1.50847 27.7652
3.12 3.36 23.4016 0.539427 23.4016
3.12 3.48 14.5937 -1.23862 14.5937
3.12 3.6 3.19173 -0.609812 3.19173
3.12 3.72 -3.31921 6.54107 -3.31921
3.12 3.84 -3.92264 15.5484 -3.92264
3.12 3.96 -3.34688 21.1387 -3.34688
3.12 4.08 -3.28931 23.6021 -3.28931
3.12 4.2 -3.64443 24.4504 -3.64443
3.12 4.32 -4.19436 24.5533 -4.19436
3.12 4.44 -4.8187 24.3062 -4.8187
3.12 4.56 -5.4691 23.8776 -5.4691
3.12 4.68 -6.11941 23.3504 -6.11941
3.12 4.8 -6.75155 22.7734 -6.75155
3.12 4.92 -7.34659 22.1817 -7.34659
3.12 5.04 -7.89056 21.6014 -7.89056
3.12 5.16 -8.3652 21.0609 -8.3652
3.12 5.28 -8.76184 20.5798 -8.76184
3.12 5.4 -9.07413 20.1758 -9.07413
3.12 5.52 -9.31044 19.8532 -9.31044
3.12 5.64 3.27078 32.3559 3.27078
3.12 5.76 -25.0193 4.0397 -25.0193
3.12 5.88 -11.1104 17.8464 -11.1104
3.24 0 -17.5315 11.8885 -17.5315
3.24 0.12 -13.6941 15.735 -13.6941
3.24 0.24 -13.5787 15.8918 -13.5787
3.24 0.36 -8.5674 20.9503 -8.5674
3.24 0.48 -8.45435 21.1114 -8.45435
3.24 0.6 -8.01545 21.5888 -8.01545
3.24 0.72 -7.53169 22.093 -7.53169
3.24 0.84 -6.98856 22.6296 -6.98856
3.24 0.96 -6.39632 23.1772 -6.39632
3.24 1.08 -5.77583 23.7014 -5.77583
3.24 1.2 -5.14215 24.1634 -5.14215
3.24 1.32 -4.51411 24.5037 -4.51411
3.24 1.44 -3.93102 24.6012 -3.93102
3.24 1.56 -3.46236 24.2064 -3.46236
3.24 1.68 -3.28584 22.7239 -3.28584
3.24 1.8 -3.65526 18.9448 -3.65526
3.24 1.92 -4.17034 11.5136 -4.17034
3.24 2.04 -1.51985 2.45468 -1.51985
3.24 2.16 7.67776 -1.72151 7.67776
3.24 2.28 18.3384 -0.701622 18.3384
3.24 2.4 25.0593 0.864266 25.0593
3.24 2.52 28.2091 1.54518 28.2091
3.24 2.64 29.4958 1.68433 29.4958
3.24 2.76 29.9515 1.65978 29.9515
3.24 2.88 30.0178 1.6629 30.0178
3.24 3 29.747 1.71508 29.747
3.24 3.12 28.8595 1.69967 28.8595
3.24 3.24 26.5542 1.29542 26.5542
3.24 3.36 21.3066 0.0568682 21.3066
3.24 3.48 11.8009 -1.5486 11.8009
3.24 3.6 1.1843 0.278756 1.1843
3.24 3.72 -3.77348 8.20593 -3.77348
3.24 3.84 -3.88163 16.6746 -3.88163
3.24 3.96 -3.366 21.6143 -3.366
3.24 4.08 -3.38781 23.74 -3.38781
3.24 4.2 -3.77581 24.4453 -3.77581
3.24 4.32 -4.33188 24.4914 -4.33188
3.24 4.44 -4.94942 24.225 -4.94942
3.24 4.56 -5.58544 23.7966 -5.58544
3.24 4.68 -6.21478 23.2829 -6.21478
3.24 4.8 -6.81935 22.7306 -6.81935
3.24 4.92 -7.37987 22.1744 -7.37987
3.24 5.04 -7.88341 21.639 -7.88341
3.24 5.16 -8.31379 21.1502 -8.31379
3.24 5.28 -8.66524 20.724 -8.66524
3.24 5.4 -8.93515 20.3734 -8.93515
3.24 5.52 -9.1365 20.0967 -9.1365
3.24 5.64 3.47526 32.6399 3.47526
3.24 5.76 -24.8214 4.32124 -24.8214
3.24 5.88 -10.8449 18.2048 -10.8449
3.36 0 -17.2687 12.2055 -17.2687
3.36 0.12 -13.4319 16.05 -13.4319
3.36 0.24 -13.3553 16.1627 -13.3553
3.36 0.36 -8.3886 21.1703 -8.3886
3.36 0.48 -8.33291 21.2678 -8.33291
3.36 0.6 -7.95666 21.6774 -7.95666
3.36 0.72 -7.53544 22.1164 -7.53544
3.36 0.84 -7.05007 22.5957 -7.05007
3.36 0.96 -6.50765 23.0981 -6.50765
3.36 1.08 -5.92776 23.5919 -5.92776
3.36 1.2 -5.3251 24.0413 -5.3251
3.36 1.32 -4.71784 24.3931 -4.71784
3.36 1.44 -4.14044 24.5451 -4.14044
3.36 1.56 -3.64783 24.2977 -3.64783
3.36 1.68 -3.38276 23.1828 -3.38276
3.36 1.8 -3.58236 20.228 -3.58236
3.36 1.92 -4.20148 14.0604 -4.20148
3.36 2.04 -3.18808 5.21923 -3.18808
3.36 2.16 3.35295 -0.999335 3.35295
3.36 2.28 13.6154 -1.50824 13.6154
3.36 2.4 21.6848 0.0620728 21.6848
3.36 2.52 26.1028 1.14743 26.1028
3.36 2.64 28.1449 1.58973 28.1449
3.36 2.76 28.9493 1.71637 28.9493
3.36 2.88 29.0644 1.74228 29.0644
3.36 3 28.5591 1.69342 28.5591
3.36 3.12 27.0775 1.43326 27.0775
3.36 3.24 23.6829 0.638348 23.6829
3.36 3.36 16.991 -0.857855 16.991
3.36 3.48 7.02599 -1.56979 7.02599
3.36 3.6 -1.47704 2.47592 -1.47704
3.36 3.72 -4.15153 11.0478 -4.15153
3.36 3.84 -3.77876 18.3725 -3.77876
3.36 3.96 -3.40666 22.3041 -3.40666
3.36 4.08 -3.54653 23.9352 -3.54653
3.36 4.2 -3.97893 24.4327 -3.97893
3.36 4.32 -4.54051 24.3963 -4.54051
3.36 4.44 -5.14484 24.103 -5.14484
3.36 4.56 -5.75649 23.6767 -5.75649
3.36 4.68 -6.35182 23.185 -6.35182
3.36 4.8 -6.91291 22.671 -6.91291
3.36 4.92 -7.42048 22.1679 -7.42048
3.36 5.04 -7.86346 21.6976 -7.86346
3.36 5.16 -8.22911 21.282 -8.22911
3.36 5.28 -8.51584 20.9319 -8.51584
3.36 5.4 -8.72617 20.6537 -8.72617
3.36 5.52 -8.87919 20.438 -8.87919
3.36 5.64 3.77566 33.0358 3.77566
3.36 5.76 -24.5334 4.70954 -24.5334
3.36 5.88 -10.4533 18.7079 -10.4533
3.48 0 -16.9241 12.6048 -16.9241
3.48 0.12 -13.0862 16.4491 -13.0862
3.48 0.24 -13.0575 16.5087 -13.0575
3.48 0.36 -8.14419 21.457 -8.14419
3.48 0.48 -8.15811 21.4789 -8.15811
3.48 0.6 -7.85945 21.8064 -7.85945
3.48 0.72 -7.51757 22.1641 -7.51757
3.48 0.84 -7.1074 22.5698 -7.1074
3.48 0.96 -6.63158 23.012 -6.63158
3.48 1.08 -6.10736 23.4629 -6.10736
3.48 1.2 -5.54851 23.891 -5.54851
3.48 1.32 -4.97245 24.2505 -4.97245
3.48 1.44 -4.40874 24.4592 -4.40874
3.48 1.56 -3.89756 24.37 -3.89756
3.48 1.68 -3.5428 23.6498 -3.5428
3.48 1.8 -3.5333 21.6048 -3.5333
3.48 1.92 -4.02923 17.0738 -4.02923
3.48 2.04 -4.218 9.48466 -4.218
3.48 2.16 -1.13464 1.67094 -1.13464
3.48 2.28 6.74136 -1.71621 6.74136
3.48 2.4 15.446 -1.21696 15.446
3.48 2.52 21.4904 0.058158 21.4904
3.48 2.64 24.7685 0.883955 24.7685
3.48 2.76 26.2021 1.24509 26.2021
3.48 2.88 26.4084 1.30838 26.4084
3.48 3 25.4727 1.09759 25.4727
3.48 3.12 22.9732 0.493575 22.9732
3.48 3.24 18.0172 -0.638876 18.0172
3.48 3.36 10.0941 -1.66927 10.0941
3.48 3.48 1.37184 -0.0102176 1.37184
3.48 3.6 -3.56006 6.51397 -3.56006
3.48 3.72 -4.17557 14.6435 -4.17557
3.48 3.84 -3.65204 20.2473 -3.65204
3.48 3.96 -3.50124 23.0269 -3.50124
3.48 4.08 -3.76933 24.1213 -3.76933
3.48 4.2 -4.24355 24.394 -4.24355
3.48 4.32 -4.80433 24.2689 -4.80433
3.48 4.44 -5.3866 23.9498 -5.3866
3.48 4.56 -5.96251 23.5321 -5.96251
3.48 4.68 -6.50995 23.0732 -6.50995
3.48 4.8 -7.01147 22.6117 -7.01147
3.48 4.92 -7.44853 22.1782 -7.44853
3.48 5.04 -7.81307 21.7905 -7.81307
3.48 5.16 -8.09716 21.4645 -8.09716
3.48 5.28 -8.30445 21.2049 -8.30445
3.48 5.4 -8.44325 21.0106 -8.44325
3.48 5.52 -8.53952 20.8638 -8.53952
3.48 5.64 4.16607 33.5233 4.16607
3.48 5.76 -24.1632 5.18118 -24.1632
3.48 5.88 -9.94437 19.3295 -9.94437
3.6 0 -16.5019 13.0733 -16.5019
3.6 0.12 -12.6595 16.9212 -12.6595
3.6 0.24 -12.6841 16.9232 -12.6841
3.6 0.36 -7.82823 21.8096 -7.82823
3.6 0.48 -7.91899 21.7501 -7.91899
3.6 0.6 -7.7082 21.9868 -7.7082
3.6 0.72 -7.45891 22.2513 -7.45891
3.6 0.84 -7.13935 22.5694 -7.13935
3.6 0.96 -6.74652 22.9362 -6.74652
3.6 1.08 -6.29392 23.3299 -6.29392
3.6 1.2 -5.79346 23.7239 -5.79346
3.6 1.32 -5.26159 24.0799 -5.26159
3.6 1.44 -4.7237 24.3341 -4.7237
3.6 1.56 -4.20816 24.3841 -4.20816
3.6 1.68 -3.78471 24.0126 -3.78471
3.6 1.8 -3.58049 22.7812 -3.58049
3.6 1.92 -3.78619 19.887 -3.78619
3.6 2.04 -4.31271 14.4446 -4.31271
3.6 2.16 -3.87092 6.98372 -3.87092
3.6 2.28 -0.158549 0.789341 -0.158549
3.6 2.4 6.5505 -1.62422 6.5505
3.6 2.52 13.1435 -1.46441 13.1435
3.6 2.64 17.6409 -0.713894 17.6409
3.6 2.76 19.8889 -0.216734 19.8889
3.6 2.88 20.2236 -0.122935 20.2236
3.6 3 18.7065 -0.446277 18.7065
3.6 3.12 15.0681 -1.11254 15.0681
3.6 3.24 9.14342 -1.62291 9.14342
3.6 3.36 2.15495 -0.367697 2.15495
3.6 3.48 -2.85552 4.53027 -2.85552
3.6 3.6 -4.29408 11.9013 -4.29408
3.6 3.72 -3.92642 18.2024 -3.92642
3.6 3.84 -3.59506 21.902 -3.59506
3.6 3.96 -3.68343 23.6227 -3.68343
3.6 4.08 -4.05975 24.2385 -4.05975
3.6 4.2 -4.56082 24.3101 -4.56082
3.6 4.32 -5.10893 24.1083 -5.10893
3.6 4.44 -5.65715 23.7736 -5.65715
3.6 4.56 -6.18359 23.3765 -6.18359
3.6 4.68 -6.66771 22.9644 -6.66771
3.6 4.8 -7.09311 22.5706 -7.09311
3.6 4.92 -7.44318 22.222 -7.44318
3.6 5.04 -7.71423 21.9304 -7.71423
3.6 5.16 -7.90427 21.7048 -7.90427
3.6 5.28 -8.02276 21.5428 -8.02276
3.6 5.4 -8.08384 21.4363 -8.08384
3.6 5.52 -8.12004 21.3592 -8.12004
3.6 5.64 4.64126 34.0833 4.64126
3.6 5.76 -23.7187 5.71359 -23.7187
3.6 5.88 -9.32609 20.0455 -9.32609
3.72 0 -16.0107 13.5935 -16.0107
3.72 0.12 -12.1604 17.4487 -12.1604
3.72 0.24 -12.2419 17.3916 -12.2419
3.72 0.36 -7.44377 22.2179 -7.44377
3.72 0.48 -7.61279 22.0782 -7.61279
3.72 0.6 -7.49387 22.2224 -7.49387
3.72 0.72 -7.34487 22.3881 -7.34487
3.72 0.84 -7.12702 22.609 -7.12702
3.72 0.96 -6.83095 22.888 -6.83095
3.72 1.08 -6.46497 23.2101 -6.46497
3.72 1.2 -6.03773 23.555 -6.03773
3.72 1.32 -5.56417 23.8917 -5.56417
3.72 1.44 -5.06639 24.1712 -5.06639
3.72 1.56 -4.5649 24.3245 -4.5649
3.72 1.68 -4.10519 24.2176 -4.10519
3.72 1.8 -3.76206 23.6005 -3.76206
3.72 1.92 -3.67198 22.0082 -3.67198
3.72 2.04 -3.95145 18.7803 -3.95145
3.72 2.16 -4.37727 13.5113 -4.37727
3.72 2.28 -3.86626 7.18332 -3.86626
3.72 2.4 -1.26642 2.05756 -1.26642
3.72 2.52 2.89663 -0.588926 2.89663
3.72 2.64 6.82998 -1.39554 6.82998
3.72 2.76 9.21427 -1.48335 9.21427
3.72 2.88 9.59751 -1.45955 9.59751
3.72 3 7.93021 -1.41446 7.93021
3.72 3.12 4.48948 -0.933168 4.48948
3.72 3.24 0.239514 0.943298 0.239514
3.72 3.36 -3.0607 5.19676 -3.0607
3.72 3.48 -4.26489 11.2967 -4.26489
3.72 3.6 -4.06337 17.0774 -4.06337
3.72 3.72 -3.69677 21.0106 -3.69677
3.72 3.84 -3.68224 23.1016 -3.68224
3.72 3.96 -3.96174 24.0088 -3.96174
3.72 4.08 -4.4077 24.2587 -4.4077
3.72 4.2 -4.91427 24.1761 -4.91427
3.72 4.32 -5.43499 23.9211 -5.43499
3.72 4.44 -5.93553 23.5872 -5.93553
3.72 4.56 -6.39785 23.2259 -6.39785
3.72 4.68 -6.80333 22.8756 -6.80333
3.72 4.8 -7.13755 22.5638 -7.13755
3.72 4.92 -7.38746 22.3116 -7.38746
3.72 5.04 -7.5549 22.1239 -7.5549
3.72 5.16 -7.64445 22.0021 -7.64445
3.72 5.28 -7.67132 21.937 -7.67132
3.72 5.4 -7.65463 21.9144 -7.65463
3.72 5.52 -7.6328 21.9013 -7.6328
3.72 5.64 5.18372 34.6862 5.18372
3.72 5.76 -23.2174 6.27704 -23.2174
3.72 5.88 -8.62157 20.8189 -8.62157
3.84 0 -15.4627 14.1437 -15.4627
3.84 0.12 -11.6 18.0114 -11.6
3.84 0.24 -11.7383 17.8976 -11.7383
3.84 0.36 -6.99373 22.671 -6.99373
3.84 0.48 -7.23729 22.4582 -7.23729
3.84 0.6 -7.20829 22.515 -7.20829
3.84 0.72 -7.1611 22.5832 -7.1611
3.84 0.84 -7.05059 22.7036 -7.05059
3.84 0.96 -6.86099 22.8862 -6.86099
3.84 1.08 -6.59438 23.1241 -6.59438
3.84 1.2 -6.25465 23.4044 -6.25465
3.84 1.32 -5.85407 23.7033 -5.85407
3.84 1.44 -5.41186 23.9833 -5.41186
3.84 1.56 -4.9439 24.198 -4.9439
3.84 1.68 -4.4812 24.2661 -4.4812
3.84 1.8 -4.06537 24.0532 -4.06537
3.84 1.92 -3.77513 23.3216 -3.77513
3.84 2.04 -3.7099 21.7179 -3.7099
3.84 2.16 -3.94163 18.8458 -3.94163
3.84 2.28 -4.26938 14.6981 -4.26938
3.84 2.4 -4.17387 10.0235 -4.17387
3.84 2.52 -3.26778 6.02159 -3.26778
3.84 2.64 -1.85381 3.4236 -1.85381
3.84 2.76 -0.732399 2.18495 -0.732399
3.84 2.88 -0.522272 2.02523 -0.522272
3.84 3 -1.32848 2.87976 -1.32848
3.84 3.12 -2.69321 4.98148 -2.69321
3.84 3.24 -3.83687 8.50938 -3.83687
3.84 3.36 -4.21405 13.0392 -4.21405
3.84 3.48 -3.99232 17.4631 -3.99232
3.84 3.6 -3.71455 20.7954 -3.71455
3.84 3.72 -3.6844 22.8172 -3.6844
3.84 3.84 -3.92346 23.8127 -3.92346
3.84 3.96 -4.31774 24.1798 -4.31774
3.84 4.08 -4.79165 24.184 -4.79165
3.84 4.2 -5.28107 24.0007 -5.28107
3.84 4.32 -5.7583 23.7213 -5.7583
3.84 4.44 -6.19632 23.4086 -6.19632
3.84 4.56 -6.57971 23.1002 -6.57971
3.84 4.68 -6.89248 22.8262 -6.89248
3.84 4.8 -7.12346 22.6075 -7.12346
3.84 4.92 -7.26474 22.4582 -7.26474
3.84 5.04 -7.32442 22.3755 -7.32442
3.84 5.16 -7.31352 22.3535 -7.31352
3.84 5.28 -7.25199 22.3773 -7.25199
3.84 5.4 -7.16259 22.4286 -7.16259
3.84 5.52 -7.08889 22.4686 -7.08889
3.84 5.64 5.78009 35.3076 5.78009
3.84 5.76 -22.6744 6.84502 -22.6744
3.84 5.88 -7.84867 21.6195 -7.84867
3.96 0 -14.8727 14.6991 -14.8727
3.96 0.12 -10.9926 18.5849 -10.9926
3.96 0.24 -11.1852 18.4203 -11.1852
3.96 0.36 -6.48689 23.1521 -6.48689
3.96 0.48 -6.79721 22.8782 -6.79721
3.96 0.6 -6.85108 22.859 -6.85108
3.96 0.72 -6.90123 22.8379 -6.90123
3.96 0.84 -6.8977 22.8609 -6.8977
3.96 0.96 -6.81898 22.9446 -6.81898
3.96 1.08 -6.66056 23.0898 -6.66056
3.96 1.2 -6.42049 23.2916 -6.42049
3.96 1.32 -6.10684 23.5342 -6.10684
3.96 1.44 -5.7355 23.7896 -5.7355
3.96 1.56 -5.31927 24.0261 -5.31927
3.96 1.68 -4.88149 24.1927 -4.88149
3.96 1.8 -4.44678 24.2173 -4.44678
3.96 1.92 -4.05904 23.9841 -4.05904
3.96 2.04 -3.77236 23.3345 -3.77236
3.96 2.16 -3.66481 22.0609 -3.66481
3.96 2.28 -3.75049 20.0582 -3.75049
3.96 2.4 -3.94633 17.4621 -3.94633
3.96 2.52 -4.08868 14.7348 -4.08868
3.96 2.64 -4.06879 12.4882 -4.06879
3.96 2.76 -3.97114 11.1614 -3.97114
3.96 2.88 -3.93519 10.9579 -3.93519
3.96 3 -3.99361 11.9 -3.99361
3.96 3.12 -4.03241 13.8552 -4.03241
3.96 3.24 -3.93873 16.4623 -3.93873
3.96 3.36 -3.74317 19.1586 -3.74317
3.96 3.48 -3.60827 21.399 -3.60827
3.96 3.6 -3.65992 22.9217 -3.65992
3.96 3.72 -3.89807 23.7772 -3.89807
3.96 3.84 -4.27707 24.1318 -4.27707
3.96 3.96 -4.71889 24.178 -4.71889
3.96 4.08 -5.18634 24.0363 -5.18634
3.96 4.2 -5.63804 23.8018 -5.63804
3.96 4.32 -6.05583 23.5271 -6.05583
3.96 4.44 -6.41652 23.2567 -6.41652
3.96 4.56 -6.70743 23.0176 -6.70743
3.96 4.68 -6.91622 22.8316 -6.91622
3.96 4.8 -7.03642 22.7125 -7.03642
3.96 4.92 -7.06637 22.666 -7.06637
3.96 5.04 -7.02037 22.6823 -7.02037
3.96 5.16 -6.91491 22.7491 -6.91491
3.96 5.28 -6.77302 22.8481 -6.77302
3.96 5.4 -6.61959 22.9587 -6.61959
3.96 5.52 -6.50209 23.0385 -6.50209
3.96 5.64 6.41549 35.923 6.41549
3.96 5.76 -22.1035 7.394 -22.1035
3.96 5.88 -7.02692 22.4169 -7.02692
4.08 0 -14.2565 15.2301 -14.2565
4.08 0.12 -10.3553 19.1391 -10.3553
4.08 0.24 -10.5993 18.9305 -10.5993
4.08 0.36 -5.93921 23.6339 -5.93921
4.08 0.48 -6.3062 23.3149 -6.3062
4.08 0.6 -6.43214 23.2361 -6.43214
4.08 0.72 -6.57013 23.1404 -6.57013
4.08 0.84 -6.66727 23.0763 -6.66727
4.08 0.96 -6.69778 23.0654 -6.69778
4.08 1.08 -6.65109 23.1154 -6.65109
4.08 1.2 -6.51919 23.2292 -6.51919
4.08 1.32 -6.30465 23.3994 -6.30465
4.08 1.44 -6.01899 23.6065 -6.01899
4.08 1.56 -5.67196 23.8295 -5.67196
4.08 1.68 -5.28256 24.0345 -5.28256
4.08 1.8 -4.86789 24.1802 -4.86789
4.08 1.92 -4.45595 24.2074 -4.45595
4.08 2.04 -4.07529 24.0482 -4.07529
4.08 2.16 -3.77567 23.6094 -3.77567
4.08 2.28 -3.58434 22.843 -3.58434
4.08 2.4 -3.50921 21.7742 -3.50921
4.08 2.52 -3.52648 20.5517 -3.52648
4.08 2.64 -3.56857 19.4525 -3.56857
4.08 2.76 -3.59922 18.7485 -3.59922
4.08 2.88 -3.5944 18.6326 -3.5944
4.08 3 -3.55252 19.1362 -3.55252
4.08 3.12 -3.48985 20.1216 -3.48985
4.08 3.24 -3.44665 21.3292 -3.44665
4.08 3.36 -3.47464 22.4795 -3.47464
4.08 3.48 -3.62342 23.364 -3.62342
4.08 3.6 -3.90036 23.9102 -3.90036
4.08 3.72 -4.26897 24.1586 -4.26897
4.08 3.84 -4.69861 24.1752 -4.69861
4.08 3.96 -5.13986 24.0505 -5.13986
4.08 4.08 -5.57354 23.8384 -5.57354
4.08 4.2 -5.96841 23.5951 -5.96841
4.08 4.32 -6.31079 23.3529 -6.31079
4.08 4.44 -6.58009 23.1447 -6.58009
4.08 4.56 -6.76735 22.9884 -6.76735
4.08 4.68 -6.86509 22.8976 -6.86509
4.08 4.8 -6.87266 22.8778 -6.87266
4.08 4.92 -6.79478 22.9272 -6.79478
4.08 5.04 -6.65096 23.0294 -6.65096
4.08 5.16 -6.46154 23.1681 -6.46154
4.08 5.28 -6.25057 23.3239 -6.25057
4.08 5.4 -6.04368 23.4761 -6.04368
4.08 5.52 -5.89148 23.5799 -5.89148
4.08 5.64 7.07006 36.4999 7.07006
4.08 5.76 -21.5228 7.89263 -21.5228
4.08 5.88 -6.17905 23.1741 -6.17905
4.2 0 -13.6306 15.6996 -13.6306
4.2 0.12 -9.70411 19.6371 -9.70411
4.2 0.24 -9.99666 19.3939 -9.99666
4.2 0.36 -5.36614 24.0849 -5.36614
4.2 0.48 -5.77901 23.74 -5.77901
4.2 0.6 -5.96423 23.6227 -5.96423
4.2 0.72 -6.17724 23.4725 -6.17724
4.2 0.84 -6.36392 23.3386 -6.36392
4.2 0.96 -6.49626 23.2449 -6.49626
4.2 1.08 -6.55888 23.2044 -6.55888
4.2 1.2 -6.53842 23.2272 -6.53842
4.2 1.32 -6.43141 23.3137 -6.43141
4.2 1.44 -6.24394 23.4533 -6.24394
4.2 1.56 -5.98179 23.6336 -5.98179
4.2 1.68 -5.66041 23.8318 -5.66041
4.2 1.8 -5.29329 24.0217 -5.29329
4.2 1.92 -4.90225 24.1683 -4.90225
4.2 2.04 -4.50626 24.2396 -4.50626
4.2 2.16 -4.13963 24.189 -4.13963
4.2 2.28 -3.82352 23.9984 -3.82352
4.2 2.4 -3.57512 23.6757 -3.57512
4.2 2.52 -3.41027 23.2655 -3.41027
4.2 2.64 -3.30802 22.8771 -3.30802
4.2 2.76 -3.2593 22.6161 -3.2593
4.2 2.88 -3.24296 22.5728 -3.24296
4.2 3 -3.2568 22.7624 -3.2568
4.2 3.12 -3.31656 23.1209 -3.31656
4.2 3.24 -3.44494 23.537 -3.44494
4.2 3.36 -3.65265 23.905 -3.65265
4.2 3.48 -3.94758 24.1448 -3.94758
4.2 3.6 -4.31449 24.2332 -4.31449
4.2 3.72 -4.72078 24.192 -4.72078
4.2 3.84 -5.14662 24.0464 -5.14662
4.2 3.96 -5.55526 23.8461 -5.55526
4.2 4.08 -5.9335 23.6181 -5.9335
4.2 4.2 -6.25426 23.4009 -6.25426
4.2 4.32 -6.50664 23.2151 -6.50664
4.2 4.44 -6.67314 23.0851 -6.67314
4.2 4.56 -6.74972 23.0199 -6.74972
4.2 4.68 -6.73482 23.0249 -6.73482
4.2 4.8 -6.63384 23.0974 -6.63384
4.2 4.92 -6.45706 23.2285 -6.45706
4.2 5.04 -6.22745 23.3979 -6.22745
4.2 5.16 -5.96738 23.5868 -5.96738
4.2 5.28 -5.70013 23.777 -5.70013
4.2 5.4 -5.45113 23.9496 -5.45113
4.2 5.52 -5.27374 24.0587 -5.27374
4.2 5.64 7.72833 37.0031 7.72833
4.2 5.76 -20.949 8.30346 -20.949
4.2 5.88 -5.32199 23.8513 -5.32199
4.32 0 -13.0133 16.0522 -13.0133
4.32 0.12 -9.05778 20.0249 -9.05778
4.32 0.24 -9.39563 19.7603 -9.39563
4.32 0.36 -4.78586 24.4603 -4.78586
4.32 0.48 -5.23335 24.1143 -5.23335
4.32 0.6 -5.46409 23.9854 -5.46409
4.32 0.72 -5.73745 23.8069 -5.73745
4.32 0.84 -5.99944 23.6269 -5.99944
4.32 0.96 -6.22168 23.4693 -6.22168
4.32 1.08 -6.38561 23.351 -6.38561
4.32 1.2 -6.47401 23.2872 -6.47401
4.32 1.32 -6.47777 23.2859 -6.47777
4.32 1.44 -6.39714 23.345 -6.39714
4.32 1.56 -6.23279 23.4603 -6.23279
4.32 1.68 -5.99599 23.6181 -5.99599
4.32 1.8 -5.69724 23.8007 -5.69724
4.32 1.92 -5.35567 23.9841 -5.35567
4.32 2.04 -4.98758 24.149 -4.98758
4.32 2.16 -4.62122 24.2652 -4.62122
4.32 2.28 -4.27669 24.3203 -4.27669
4.32 2.4 -3.97122 24.3149 -3.97122
4.32 2.52 -3.73287 24.2534 -3.73287
4.32 2.64 -3.56072 24.1772 -3.56072
4.32 2.76 -3.46611 24.1169 -3.46611
4.32 2.88 -3.44148 24.1091 -3.44148
4.32 3 -3.48841 24.1582 -3.48841
4.32 3.12 -3.61171 24.2402 -3.61171
4.32 3.24 -3.8156 24.3133 -3.8156
4.32 3.36 -4.08951 24.3457 -4.08951
4.32 3.48 -4.42756 24.307 -4.42756
4.32 3.6 -4.80838 24.1951 -4.80838
4.32 3.72 -5.20242 24.0277 -5.20242
4.32 3.84 -5.59224 23.8189 -5.59224
4.32 3.96 -5.94553 23.604 -5.94553
4.32 4.08 -6.25023 23.4002 -6.25023
4.32 4.2 -6.48171 23.2365 -6.48171
4.32 4.32 -6.63218 23.1257 -6.63218
4.32 4.44 -6.68853 23.0841 -6.68853
4.32 4.56 -6.65273 23.1119 -6.65273
4.32 4.68 -6.52936 23.206 -6.52936
4.32 4.8 -6.3291 23.3565 -6.3291
4.32 4.92 -6.06632 23.5493 -6.06632
4.32 5.04 -5.76545 23.7613 -5.76545
4.32 5.16 -5.44936 23.9734 -5.44936
4.32 5.28 -5.13927 24.1703 -5.13927
4.32 5.4 -4.85989 24.3361 -4.85989
4.32 5.52 -4.66771 24.4255 -4.66771
4.32 5.64 8.37075 37.3774 8.37075
4.32 5.76 -20.4032 8.56711 -20.4032
4.32 5.88 -4.47823 24.3837 -4.47823
4.44 0 -12.4347 16.1851 -12.4347
4.44 0.12 -8.44515 20.2035 -8.44515
4.44 0.24 -8.82233 19.943 -8.82233
4.44 0.36 -4.22095 24.6876 -4.22095
4.44 0.48 -4.689 24.3797 -4.689
4.44 0.6 -4.94922 24.2786 -4.94922
4.44 0.72 -5.26642 24.1084 -5.26642
4.44 0.84 -5.58729 23.9143 -5.58729
4.44 0.96 -5.88435 23.7195 -5.88435
4.44 1.08 -6.13717 23.5436 -6.13717
4.44 1.2 -6.32641 23.4056 -6.32641
4.44 1.32 -6.43852 23.3203 -6.43852
4.44 1.44 -6.46832 23.2934 -6.46832
4.44 1.56 -6.41079 23.329 -6.41079
4.44 1.68 -6.27205 23.4216 -6.27205
4.44 1.8 -6.05868 23.5611 -6.05868
4.44 1.92 -5.7873 23.7298 -5.7873
4.44 2.04 -5.47327 23.9132 -5.47327
4.44 2.16 -5.14228 24.0866 -5.14228
4.44 2.28 -4.81613 24.236 -4.81613
4.44 2.4 -4.51191 24.3561 -4.51191
4.44 2.52 -4.26252 24.4333 -4.26252
4.44 2.64 -4.07499 24.4812 -4.07499
4.44 2.76 -3.96828 24.5014 -3.96828
4.44 2.88 -3.94125 24.5088 -3.94125
4.44 3 -3.9983 24.5019 -3.9983
4.44 3.12 -4.13828 24.4734 -4.13828
4.44 3.24 -4.35834 24.4086 -4.35834
4.44 3.36 -4.63956 24.305 -4.63956
4.44 3.48 -4.97084 24.1539 -4.97084
4.44 3.6 -5.32778 23.9648 -5.32778
4.44 3.72 -5.68144 23.7572 -5.68144
4.44 3.84 -6.01343 23.5444 -6.01343
4.44 3.96 -6.29305 23.3566 -6.29305
4.44 4.08 -6.50854 23.2069 -6.50854
4.44 4.2 -6.63825 23.1176 -6.63825
4.44 4.32 -6.6788 23.0941 -6.6788
4.44 4.44 -6.62278 23.1442 -6.62278
4.44 4.56 -6.47848 23.2594 -6.47848
4.44 4.68 -6.25589 23.4288 -6.25589
4.44 4.8 -5.96954 23.6369 -5.96954
4.44 4.92 -5.63615 23.8647 -5.63615
4.44 5.04 -5.28006 24.0878 -5.28006
4.44 5.16 -4.92389 24.2869 -4.92389
4.44 5.28 -4.58633 24.4503 -4.58633
4.44 5.4 -4.29131 24.5669 -4.29131
4.44 5.52 -4.09904 24.594 -4.09904
4.44 5.64 8.9686 37.5219 8.9686
4.44 5.76 -19.9192 8.57074 -19.9192
4.44 5.88 -3.68289 24.6504 -3.68289
4.56 0 -11.9614 15.8726 -11.9614
4.56 0.12 -7.92915 19.9593 -7.92915
4.56 0.24 -8.32994 19.7604 -8.32994
4.56 0.36 -3.71289 24.6241 -3.71289
4.56 0.48 -4.17757 24.4304 -4.17757
4.56 0.6 -4.44369 24.4274 -4.44369
4.56 0.72 -4.78333 24.3243 -4.78333
4.56 0.84 -5.14346 24.1636 -5.14346
4.56 0.96 -5.49754 23.9689 -5.49754
4.56 1.08 -5.82358 23.7641 -5.82358
4.56 1.2 -6.10125 23.5725 -6.10125
4.56 1.32 -6.31387 23.4151 -6.31387
4.56 1.44 -6.45197 23.3048 -6.45197
4.56 1.56 -6.50507 23.2541 -6.50507
4.56 1.68 -6.47364 23.2657 -6.47364
4.56 1.8 -6.35909 23.337 -6.35909
4.56 1.92 -6.17438 23.4564 -6.17438
4.56 2.04 -5.93323 23.6127 -5.93323
4.56 2.16 -5.6592 23.7842 -5.6592
4.56 2.28 -5.37597 23.9538 -5.37597
4.56 2.4 -5.10056 24.1128 -5.10056
4.56 2.52 -4.86837 24.238 -4.86837
4.56 2.64 -4.69014 24.3305 -4.69014
4.56 2.76 -4.58715 24.3804 -4.58715
4.56 2.88 -4.56115 24.3932 -4.56115
4.56 3 -4.61853 24.3643 -4.61853
4.56 3.12 -4.75486 24.2939 -4.75486
4.56 3.24 -4.96522 24.1776 -4.96522
4.56 3.36 -5.22745 24.0256 -5.22745
4.56 3.48 -5.52764 23.84 -5.52764
4.56 3.6 -5.83954 23.6373 -5.83954
4.56 3.72 -6.13385 23.4397 -6.13385
4.56 3.84 -6.39085 23.2618 -6.39085
4.56 3.96 -6.58133 23.1312 -6.58133
4.56 4.08 -6.69495 23.0575 -6.69495
4.56 4.2 -6.71451 23.0563 -6.71451
4.56 4.32 -6.64234 23.1249 -6.64234
4.56 4.44 -6.47732 23.2626 -6.47732
4.56 4.56 -6.23347 23.4525 -6.23347
4.56 4.68 -5.92479 23.6769 -5.92479
4.56 4.8 -5.56805 23.915 -5.56805
4.56 4.92 -5.18123 24.1429 -5.18123
4.56 5.04 -4.7881 24.333 -4.7881
4.56 5.16 -4.41173 24.4628 -4.41173
4.56 5.28 -4.06919 24.5226 -4.06919
4.56 5.4 -3.78375 24.5076 -3.78375
4.56 5.52 -3.6191 24.3847 -3.6191
4.56 5.64 9.46278 37.2199 9.46278
4.56 5.76 -19.568 8.06792 -19.568
4.56 5.88 -3.01009 24.3874 -3.01009
4.68 0 -11.748 14.5889 -11.748
4.68 0.12 -7.65828 18.794 -7.65828
4.68 0.24 -8.04572 18.793 -8.04572
4.68 0.36 -3.36115 23.947 -3.36115
4.68 0.48 -3.77037 24.0398 -3.77037
4.68 0.6 -3.99597 24.2833 -3.99597
4.68 0.72 -4.32151 24.3609 -4.32151
4.68 0.84 -4.69271 24.315 -4.69271
4.68 0.96 -5.08132 24.1776 -5.08132
4.68 1.08 -5.46171 23.9844 -5.46171
4.68 1.2 -5.81195 23.7683 -5.81195
4.68 1.32 -6.11276 23.5586 -6.11276
4.68 1.44 -6.35157 23.376 -6.35157
4.68 1.56 -6.51334 23.2408 -6.51334
4.68 1.68 -6.5933 23.1638 -6.5933
4.68 1.8 -6.58688 23.1507 -6.58688
4.68 1.92 -6.50205 23.1967 -6.50205
4.68 2.04 -6.34923 23.2948 -6.34923
4.68 2.16 -6.14893 23.427 -6.14893
4.68 2.28 -5.92547 23.5745 -5.92547
4.68 2.4 -5.6955 23.7268 -5.6955
4.68 2.52 -5.49579 23.8556 -5.49579
4.68 2.64 -5.33929 23.9556 -5.33929
4.68 2.76 -5.24795 24.0117 -5.24795
4.68 2.88 -5.22525 24.0247 -5.22525
4.68 3 -5.27914 23.9878 -5.27914
4.68 3.12 -5.40289 23.9056 -5.40289
4.68 3.24 -5.59108 23.7778 -5.59108
4.68 3.36 -5.82011 23.621 -5.82011
4.68 3.48 -6.07391 23.4435 -6.07391
4.68 3.6 -6.32508 23.266 -6.32508
4.68 3.72 -6.54426 23.1122 -6.54426
4.68 3.84 -6.71144 22.9976 -6.71144
4.68 3.96 -6.80006 22.9462 -6.80006
4.68 4.08 -6.80314 22.963 -6.80314
4.68 4.2 -6.70937 23.0558 -6.70937
4.68 4.32 -6.52736 23.2138 -6.52736
4.68 4.44 -6.26193 23.4275 -6.26193
4.68 4.56 -5.93148 23.6729 -5.93148
4.68 4.68 -5.55247 23.9255 -5.55247
4.68 4.8 -5.14306 24.1574 -5.14306
4.68 4.92 -4.72285 24.3356 -4.72285
4.68 5.04 -4.31704 24.4212 -4.31704
4.68 5.16 -3.95292 24.378 -3.95292
4.68 5.28 -3.64938 24.1893 -3.64938
4.68 5.4 -3.42901 23.8584 -3.42901
4.68 5.52 -3.35517 23.3796 -3.35517
4.68 5.64 9.69693 35.9472 9.69693
4.68 5.76 -19.5254 6.46601 -19.5254
4.68 5.88 -2.652 22.9589 -2.652
4.8 0 -12.0501 11.2115 -12.0501
4.8 0.12 -7.88197 15.6465 -7.88197
4.8 0.24 -8.19974 16.1377 -8.19974
4.8 0.36 -3.35475 21.9647 -3.35475
4.8 0.48 -3.60339 22.7364 -3.60339
4.8 0.6 -3.69153 23.5587 -3.69153
4.8 0.72 -3.93046 24.0562 -3.93046
4.8 0.84 -4.26402 24.2806 -4.26402
4.8 0.96 -4.65492 24.2965 -4.65492
4.8 1.08 -5.06659 24.175 -5.06659
4.8 1.2 -5.47106 23.9736 -5.47106
4.8 1.32 -5.84487 23.7387 -5.84487
4.8 1.44 -6.17265 23.5015 -6.17265
4.8 1.56 -6.43581 23.2912 -6.43581
4.8 1.68 -6.62537 23.1265 -6.62537
4.8 1.8 -6.731 23.0214 -6.731
4.8 1.92 -6.75493 22.9784 -6.75493
4.8 2.04 -6.70266 22.9967 -6.70266
4.8 2.16 -6.59023 23.0631 -6.59023
4.8 2.28 -6.44071 23.1597 -6.44071
4.8 2.4 -6.26945 23.2761 -6.26945
4.8 2.52 -6.11365 23.3818 -6.11365
4.8 2.64 -5.98763 23.4676 -5.98763
4.8 2.76 -5.91349 23.5164 -5.91349
4.8 2.88 -5.89616 23.5258 -5.89616
4.8 3 -5.94475 23.4877 -5.94475
4.8 3.12 -6.0507 23.4094 -6.0507
4.8 3.24 -6.20845 23.2928 -6.20845
4.8 3.36 -6.39367 23.1577 -6.39367
4.8 3.48 -6.58845 23.0165 -6.58845
4.8 3.6 -6.76523 22.8916 -6.76523
4.8 3.72 -6.89551 22.8068 -6.89551
4.8 3.84 -6.96095 22.7759 -6.96095
4.8 3.96 -6.93923 22.8181 -6.93923
4.8 4.08 -6.82848 22.9321 -6.82848
4.8 4.2 -6.62398 23.1173 -6.62398
4.8 4.32 -6.34017 23.3548 -6.34017
4.8 4.44 -5.98664 23.6276 -5.98664
4.8 4.56 -5.58464 23.904 -5.58464
4.8 4.68 -5.15223 24.1511 -5.15223
4.8 4.8 -4.70984 24.328 -4.70984
4.8 4.92 -4.28228 24.3789 -4.28228
4.8 5.04 -3.90324 24.2314 -3.90324
4.8 5.16 -3.61397 23.8053 -3.61397
4.8 5.28 -3.44124 23.0518 -3.44124
4.8 5.4 -3.39906 21.9896 -3.39906
4.8 5.52 -3.53002 20.6956 -3.53002
4.8 5.64 9.43043 32.6148 9.43043
4.8 5.76 -20.039 2.54925 -20.039
4.8 5.88 -2.84255 19.1335 -2.84255
4.92 0 -12.6411 4.24826 -12.6411
4.92 0.12 -8.44863 9.04831 -8.44863
4.92 0.24 -8.83518 10.366 -8.83518
4.92 0.36 -3.87263 17.4435 -3.87263
4.92 0.48 -3.88425 19.6128 -3.88425
4.92 0.6 -3.69027 21.6861 -3.69027
4.92 0.72 -3.70879 23.0993 -3.70879
4.92 0.84 -3.91307 23.9024 -3.91307
4.92 0.96 -4.25161 24.2454 -4.25161
4.92 1.08 -4.66182 24.2909 -4.66182
4.92 1.2 -5.09822 24.1595 -5.09822
4.92 1.32 -5.52739 23.9341 -5.52739
4.92 1.44 -5.92933 23.6663 -5.92933
4.92 1.56 -6.28217 23.3969 -6.28217
4.92 1.68 -6.57395 23.1527 -6.57395
4.92 1.8 -6.78954 22.956 -6.78954
4.92 1.92 -6.92563 22.8167 -6.92563
4.92 2.04 -6.98189 22.7412 -6.98189
4.92 2.16 -6.96859 22.7227 -6.96859
4.92 2.28 -6.90543 22.7468 -6.90543
4.92 2.4 -6.80508 22.8054 -6.80508
4.92 2.52 -6.70385 22.8678 -6.70385
4.92 2.64 -6.61654 22.9236 -6.61654
4.92 2.76 -6.56491 22.9548 -6.56491
4.92 2.88 -6.55513 22.9573 -6.55513
4.92 3 -6.5971 22.922 -6.5971
4.92 3.12 -6.68072 22.8581 -6.68072
4.92 3.24 -6.8005 22.7688 -6.8005
4.92 3.36 -6.93191 22.6752 -6.93191
4.92 3.48 -7.05597 22.5918 -7.05597
4.92 3.6 -7.14624 22.5407 -7.14624
4.92 3.72 -7.17667 22.5434 -7.17667
4.92 3.84 -7.13269 22.6097 -7.13269
4.92 3.96 -6.99756 22.7524 -6.99756
4.92 4.08 -6.77561 22.9625 -6.77561
4.92 4.2 -6.46838 23.2317 -6.46838
4.92 4.32 -6.09489 23.5336 -6.09489
4.92 4.44 -5.66803 23.8439 -5.66803
4.92 4.56 -5.21088 24.122 -5.21088
4.92 4.68 -4.74383 24.3206 -4.74383
4.92 4.8 -4.2937 24.3706 -4.2937
4.92 4.92 -3.90001 24.1628 -3.90001
4.92 5.04 -3.62047 23.5385 -3.62047
4.92 5.16 -3.52417 22.3058 -3.52417
4.92 5.28 -3.63104 20.3504 -3.63104
4.92 5.4 -3.8737 17.7847 -3.8737
4.92 5.52 -4.18476 14.9601 -4.18476
4.92 5.64 8.87889 25.7813 8.87889
4.92 5.76 -20.6797 -5.10466 -20.6797
4.92 5.88 -2.98156 11.7287 -2.98156
5.04 0 -10.5534 -5.02666 -10.5534
5.04 0.12 -6.70979 -0.073721 -6.70979
5.04 0.24 -8.15318 1.5022 -8.15318
5.04 0.36 -4.07609 9.62628 -4.07609
5.04 0.48 -4.46521 13.6321 -4.46521
5.04 0.6 -4.10846 17.8313 -4.10846
5.04 0.72 -3.78379 20.9986 -3.78379
5.04 0.84 -3.71804 22.9406 -3.71804
5.04 0.96 -3.914 23.9164 -3.914
5.04 1.08 -4.2737 24.2819 -4.2737
5.04 1.2 -4.71409 24.2975 -4.71409
5.04 1.32 -5.17923 24.1249 -5.17923
5.04 1.44 -5.63911 23.8543 -5.63911
5.04 1.56 -6.06742 23.5456 -6.06742
5.04 1.68 -6.4498 23.2357 -6.4498
5.04 1.8 -6.76762 22.9547 -6.76762
5.04 1.92 -7.01306 22.7197 -7.01306
5.04 2.04 -7.17991 22.5444 -7.17991
5.04 2.16 -7.27218 22.4293 -7.27218
5.04 2.28 -7.30449 22.3656 -7.30449
5.04 2.4 -7.28516 22.3495 -7.28516
5.04 2.52 -7.248 22.3528 -7.248
5.04 2.64 -7.2071 22.3656 -7.2071
5.04 2.76 -7.18315 22.3708 -7.18315
5.04 2.88 -7.18315 22.3632 -7.18315
5.04 3 -7.21725 22.3335 -7.21725
5.04 3.12 -7.27432 22.2922 -7.27432
5.04 3.24 -7.3491 22.2429 -7.3491
5.04 3.36 -7.41775 22.2064 -7.41775
5.04 3.48 -7.46141 22.1974 -7.46141
5.04 3.6 -7.45645 22.2351 -7.45645
5.04 3.72 -7.38095 22.3367 -7.38095
5.04 3.84 -7.22574 22.5059 -7.22574
5.04 3.96 -6.98024 22.7484 -6.98024
5.04 4.08 -6.65524 23.0474 -6.65524
5.04 4.2 -6.25725 23.3873 -6.25725
5.04 4.32 -5.80832 23.7355 -5.80832
5.04 4.44 -5.3235 24.0595 -5.3235
5.04 4.56 -4.82784 24.306 -4.82784
5.04 4.68 -4.34724 24.4009 -4.34724
5.04 4.8 -3.92424 24.2173 -3.92424
5.04 4.92 -3.63096 23.5312 -3.63096
5.04 5.04 -3.56887 21.9975 -3.56887
5.04 5.16 -3.80904 19.2293 -3.80904
5.04 5.28 -4.18764 15.1644 -4.18764
5.04 5.4 -4.22425 10.473 -4.22425
5.04 5.52 -3.62193 6.22792 -3.62193
5.04 5.64 10.865 16.6775 10.865
5.04 5.76 -17.9414 -14.4505 -17.9414
5.04 5.88 0.591173 3.28264 0.591173
5.16 0 -1.67002 -10.0302 -1.67002
5.16 0.12 1.55761 -5.52049 1.55761
5.16 0.24 -1.88439 -5.37005 -1.88439
5.16 0.36 -0.606686 1.50324 -0.606686
5.16 0.48 -3.62126 5.54503 -3.62126
5.16 0.6 -4.49341 11.5751 -4.49341
5.16 0.72 -4.17879 17.2277 -4.17879
5.16 0.84 -3.76184 21.0904 -3.76184
5.16 0.96 -3.69762 23.1718 -3.69762
5.16 1.08 -3.93711 24.0865 -3.93711
5.16 1.2 -4.34563 24.3541 -4.34563
5.16 1.32 -4.82539 24.2859 -4.82539
5.16 1.44 -5.32645 24.0432 -5.32645
5.16 1.56 -5.81487 23.717 -5.81487
5.16 1.68 -6.27349 23.3584 -6.27349
5.16 1.8 -6.6813 23.0056 -6.6813
5.16 1.92 -7.02735 22.6824 -7.02735
5.16 2.04 -7.3004 22.4092 -7.3004
5.16 2.16 -7.4986 22.1934 -7.4986
5.16 2.28 -7.63047 22.0332 -7.63047
5.16 2.4 -7.69858 21.9312 -7.69858
5.16 2.52 -7.73255 21.8637 -7.73255
5.16 2.64 -7.74435 21.8233 -7.74435
5.16 2.76 -7.7526 21.7953 -7.7526
5.16 2.88 -7.76439 21.7747 -7.76439
5.16 3 -7.78958 21.7527 -7.78958
5.16 3.12 -7.81655 21.7405 -7.81655
5.16 3.24 -7.84068 21.7411 -7.84068
5.16 3.36 -7.83989 21.7733 -7.83989
5.16 3.48 -7.79708 21.8498 -7.79708
5.16 3.6 -7.69306 21.9849 -7.69306
5.16 3.72 -7.51152 22.1894 -7.51152
5.16 3.84 -7.24956 22.4597 -7.24956
5.16 3.96 -6.90252 22.7947 -6.90252
5.16 4.08 -6.48704 23.17 -6.48704
5.16 4.2 -6.01274 23.5646 -6.01274
5.16 4.32 -5.5034 23.9397 -5.5034
5.16 4.44 -4.97575 24.253 -4.97575
5.16 4.56 -4.45844 24.4313 -4.45844
5.16 4.68 -3.98918 24.353 -3.98918
5.16 4.8 -3.64146 23.7841 -3.64146
5.16 4.92 -3.54177 22.2876 -3.54177
5.16 5.04 -3.81492 19.2166 -3.81492
5.16 5.16 -4.28756 14.1106 -4.28756
5.16 5.28 -3.97928 7.76357 -3.97928
5.16 5.4 -1.68096 2.3818 -1.68096
5.16 5.52 2.13756 -0.705205 2.13756
5.16 5.64 19.3403 11.5941 19.3403
5.16 5.76 -8.35221 -18.6591 -8.35221
5.16 5.88 10.7167 0.0771429 10.7167
5.28 0 9.53071 -9.23388 9.53071
5.28 0.12 12.7644 -5.04849 12.7644
5.28 0.24 8.84602 -6.16817 8.84602
5.28 0.36 8.22335 -1.6646 8.22335
5.28 0.48 1.43102 -0.503033 1.43102
5.28 0.6 -3.19006 4.49991 -3.19006
5.28 0.72 -4.46694 11.8633 -4.46694
5.28 0.84 -4.03258 18.1677 -4.03258
5.28 0.96 -3.6425 21.9042 -3.6425
5.28 1.08 -3.68329 23.6594 -3.68329
5.28 1.2 -4.0176 24.3065 -4.0176
5.28 1.32 -4.4893 24.3993 -4.4893
5.28 1.44 -5.01545 24.2143 -5.01545
5.28 1.56 -5.54906 23.8913 -5.54906
5.28 1.68 -6.0687 23.5014 -6.0687
5.28 1.8 -6.55161 23.0923 -6.55161
5.28 1.92 -6.98502 22.6933 -6.98502
5.28 2.04 -7.35402 22.3305 -7.35402
5.28 2.16 -7.65196 22.0177 -7.65196
5.28 2.28 -7.88101 21.7603 -7.88101
5.28 2.4 -8.03736 21.568 -8.03736
5.28 2.52 -8.14519 21.4234 -8.14519
5.28 2.64 -8.21293 21.3236 -8.21293
5.28 2.76 -8.25611 21.2577 -8.25611
5.28 2.88 -8.28103 21.2221 -8.28103
5.28 3 -8.29674 21.2092 -8.29674
5.28 3.12 -8.29162 21.2302 -8.29162
5.28 3.24 -8.26225 21.2866 -8.26225
5.28 3.36 -8.18951 21.3938 -8.18951
5.28 3.48 -8.0596 21.5602 -8.0596
5.28 3.6 -7.85896 21.7935 -7.85896
5.28 3.72 -7.57775 22.0972 -7.57775
5.28 3.84 -7.21931 22.4603 -7.21931
5.28 3.96 -6.78412 22.8755 -6.78412
5.28 4.08 -6.29324 23.3121 -6.29324
5.28 4.2 -5.75781 23.7448 -5.75781
5.28 4.32 -5.20237 24.129 -5.20237
5.28 4.44 -4.64578 24.4092 -4.64578
5.28 4.56 -4.12332 24.4822 -4.12332
5.28 4.68 -3.69356 24.1515 -3.69356
5.28 4.8 -3.47838 23.0102 -3.47838
5.28 4.92 -3.65894 20.3014 -3.65894
5.28 5.04 -4.20021 15.1145 -4.20021
5.28 5.16 -3.98268 7.72735 -3.98268
5.28 5.28 -0.707759 1.18644 -0.707759
5.28 5.4 5.75917 -1.6582 5.75917
5.28 5.52 12.2646 -1.85708 12.2646
5.28 5.64 30.259 12.175 30.259
5.28 5.76 2.39606 -17.5604 2.39606
5.28 5.88 21.5024 1.52255 21.5024
5.4 0 16.7876 -7.52565 16.7876
5.4 0.12 20.4242 -3.30403 20.4242
5.4 0.24 17.478 -4.47006 17.478
5.4 0.36 17.5876 -0.718382 17.5876
5.4 0.48 9.63915 -1.96451 9.63915
5.4 0.6 1.16418 -0.265781 1.16418
5.4 0.72 -3.70687 6.23367 -3.70687
5.4 0.84 -4.30668 14.427 -4.30668
5.4 0.96 -3.72935 20.1449 -3.72935
5.4 1.08 -3.52317 23.0089 -3.52317
5.4 1.2 -3.74429 24.158 -3.74429
5.4 1.32 -4.18695 24.4621 -4.18695
5.4 1.44 -4.72413 24.359 -4.72413
5.4 1.56 -5.28978 24.0558 -5.28978
5.4 1.68 -5.85612 23.6498 -5.85612
5.4 1.8 -6.39866 23.1996 -6.39866
5.4 1.92 -6.90363 22.7396 -6.90363
5.4 2.04 -7.35394 22.3007 -7.35394
5.4 2.16 -7.73944 21.9013 -7.73944
5.4 2.28 -8.05654 21.5537 -8.05654
5.4 2.4 -8.29527 21.2747 -8.29527
5.4 2.52 -8.47404 21.0536 -8.47404
5.4 2.64 -8.59663 20.8934 -8.59663
5.4 2.76 -8.67472 20.7883 -8.67472
5.4 2.88 -8.71297 20.7371 -8.71297
5.4 3 -8.71938 20.7336 -8.71938
5.4 3.12 -8.6826 20.7887 -8.6826
5.4 3.24 -8.60109 20.9019 -8.60109
5.4 3.36 -8.45951 21.0834 -8.45951
5.4 3.48 -8.2483 21.3363 -8.2483
5.4 3.6 -7.95998 21.6611 -7.95998
5.4 3.72 -7.59128 22.0536 -7.59128
5.4 3.84 -7.15102 22.4963 -7.15102
5.4 3.96 -6.64352 22.9766 -6.64352
5.4 4.08 -6.09278 23.4594 -6.09278
5.4 4.2 -5.51044 23.9159 -5.51044
5.4 4.32 -4.92129 24.295 -4.92129
5.4 4.44 -4.34734 24.5252 -4.34734
5.4 4.56 -3.83427 24.4624 -3.83427
5.4 4.68 -3.4704 23.807 -3.4704
5.4 4.8 -3.43523 21.9179 -3.43523
5.4 4.92 -3.89815 17.686 -3.89815
5.4 5.04 -4.22148 10.3685 -4.22148
5.4 5.16 -1.65849 2.31348 -1.65849
5.4 5.28 5.78239 -1.66953 5.78239
5.4 5.4 14.5839 -1.45664 14.5839
5.4 5.52 20.7551 -0.356884 20.7551
5.4 5.64 37.5395 13.7999 37.5395
5.4 5.76 8.88075 -16.0262 8.88075
5.4 5.88 27.842 2.97966 27.842
5.52 0 20.1155 -6.78974 20.1155
5.52 0.12 24.0604 -2.47976 24.0604
5.52 0.24 22.0784 -3.32809 22.0784
5.52 0.36 23.6568 0.709906 23.6568
5.52 0.48 16.8719 -1.05108 16.8719
5.52 0.6 7.10378 -1.79611 7.10378
5.52 0.72 -1.45276 2.07564 -1.45276
5.52 0.84 -4.26148 10.6331 -4.26148
5.52 0.96 -3.88511 18.1259 -3.88511
5.52 1.08 -3.45669 22.2055 -3.45669
5.52 1.2 -3.54471 23.9252 -3.54471
5.52 1.32 -3.94341 24.4689 -3.94341
5.52 1.44 -4.48007 24.4616 -4.48007
5.52 1.56 -5.06617 24.1889 -5.06617
5.52 1.68 -5.66589 23.7788 -5.66589
5.52 1.8 -6.25272 23.3014 -6.25272
5.52 1.92 -6.81205 22.7965 -6.81205
5.52 2.04 -7.32595 22.2981 -7.32595
5.52 2.16 -7.78192 21.8282 -7.78192
5.52 2.28 -8.17197 21.4043 -8.17197
5.52 2.4 -8.48067 21.0499 -8.48067
5.52 2.52 -8.72133 20.7603 -8.72133
5.52 2.64 -8.89269 20.545 -8.89269
5.52 2.76 -9.00221 20.4036 -9.00221
5.52 2.88 -9.05249 20.3378 -9.05249
5.52 3 -9.05057 20.3431 -9.05057
5.52 3.12 -8.9855 20.4299 -8.9855
5.52 3.24 -8.85811 20.5945 -8.85811
5.52 3.36 -8.65675 20.8424 -8.65675
5.52 3.48 -8.37636 21.1709 -8.37636
5.52 3.6 -8.01537 21.5732 -8.01537
5.52 3.72 -7.57619 22.0383 -7.57619
5.52 3.84 -7.07194 22.5436 -7.07194
5.52 3.96 -6.50925 23.073 -6.50925
5.52 4.08 -5.91404 23.5878 -5.91404
5.52 4.2 -5.29792 24.0561 -5.29792
5.52 4.32 -4.68593 24.4206 -4.68593
5.52 4.44 -4.10416 24.5914 -4.10416
5.52 4.56 -3.61123 24.3773 -3.61123
5.52 4.68 -3.32958 23.3579 -3.32958
5.52 4.8 -3.48609 20.6368 -3.48609
5.52 4.92 -4.09519 14.8668 -4.09519
5.52 5.04 -3.44135 6.17737 -3.44135
5.52 5.16 2.38026 -0.624589 2.38026
5.52 5.28 12.4897 -1.6847 12.4897
5.52 5.4 20.925 -0.190688 20.925
5.52 5.52 25.515 0.801164 25.515
5.52 5.64 40.9877 14.5418 40.9877
5.52 5.76 11.7622 -15.4307 11.7622
5.52 5.88 30.5098 3.35209 30.5098
5.64 0 21.0639 -7.00664 21.0639
5.64 0.12 25.5458 -2.26852 25.5458
5.64 0.24 24.0709 -2.93729 24.0709
5.64 0.36 26.6857 1.46911 26.6857
5.64 0.48 21.3277 -0.0325013 21.3277
5.64 0.6 12.0662 -1.64918 12.0662
5.64 0.72 1.43125 -0.0747663 1.43125
5.64 0.84 -3.79967 7.65766 -3.79967
5.64 0.96 -4.00475 16.2697 -4.00475
5.64 1.08 -3.44757 21.4126 -3.44757
5.64 1.2 -3.41461 23.6672 -3.41461
5.64 1.32 -3.76736 24.4377 -3.76736
5.64 1.44 -4.29745 24.5224 -4.29745
5.64 1.56 -4.89505 24.2827 -4.89505
5.64 1.68 -5.51649 23.876 -5.51649
5.64 1.8 -6.13344 23.3829 -6.13344
5.64 1.92 -6.73027 22.8482 -6.73027
5.64 2.04 -7.28875 22.3082 -7.28875
5.64 2.16 -7.79502 21.7874 -7.79502
5.64 2.28 -8.23886 21.3065 -8.23886
5.64 2.4 -8.59916 20.8951 -8.59916
5.64 2.52 -8.88718 20.5518 -8.88718
5.64 2.64 -9.09628 20.2926 -9.09628
5.64 2.76 -9.23019 20.1222 -9.23019
5.64 2.88 -9.28986 20.0447 -9.28986
5.64 3 -9.28114 20.0573 -9.28114
5.64 3.12 -9.19466 20.169 -9.19466
5.64 3.24 -9.03222 20.374 -9.03222
5.64 3.36 -8.78496 20.6742 -8.78496
5.64 3.48 -8.45293 21.0605 -8.45293
5.64 3.6 -8.03909 21.5204 -8.03909
5.64 3.72 -7.54969 22.0381 -7.54969
5.64 3.84 -7.00047 22.5874 -7.00047
5.64 3.96 -6.39969 23.15 -6.39969
5.64 4.08 -5.77458 23.6843 -5.77458
5.64 4.2 -5.13564 24.1569 -5.13564
5.64 4.32 -4.50954 24.5031 -4.50954
5.64 4.44 -3.92618 24.6163 -3.92618
5.64 4.56 -3.45659 24.2599 -3.45659
5.64 4.68 -3.25352 22.8999 -3.25352
5.64 4.8 -3.5649 19.4225 -3.5649
5.64 4.92 -4.11978 12.4493 -4.11978
5.64 5.04 -2.06367 3.37208 -2.06367
5.64 5.16 6.38735 -1.56903 6.38735
5.64 5.28 17.1752 -0.949553 17.1752
5.64 5.4 24.3741 0.652079 24.3741
5.64 5.52 27.692 1.26491 27.692
5.64 5.64 42.3568 14.6707 42.3568
5.64 5.76 12.8533 -15.3697 12.8533
5.64 5.88 31.3983 3.19408 31.3983
5.76 0 65.0475 36.5182 65.0475
5.76 0.12 64.9812 36.6653 64.9812
5.76 0.24 63.1997 35.5526 63.1997
5.76 0.36 65.9638 39.8117 65.9638
5.76 0.48 61.3139 38.4396 61.3139
5.76 0.6 52.8113 36.7158 52.8113
5.76 0.72 41.5491 37.1261 41.5491
5.76 0.84 34.881 44.0494 34.881
5.76 0.96 34.276 53.309 34.276
5.76 1.08 34.991 59.2636 34.991
5.76 1.2 35.1849 61.9809 35.1849
5.76 1.32 34.9415 62.9939 34.9415
5.76 1.44 34.4893 63.2192 34.4893
5.76 1.56 33.9595 63.08 33.9595
5.76 1.68 33.3921 62.7459 33.3921
5.76 1.8 32.8274 62.3154 32.8274
5.76 1.92 32.2728 61.8282 32.2728
5.76 2.04 31.7458 61.3216 31.7458
5.76 2.16 31.2649 60.8257 31.2649
5.76 2.28 30.839 60.36 30.839
5.76 2.4 30.4886 59.9546 30.4886
5.76 2.52 30.2058 59.6118 30.2058
5.76 2.64 29.9998 59.3509 29.9998
5.76 2.76 29.8655 59.1765 29.8655
5.76 2.88 29.808 59.0996 29.808
5.76 3 29.8199 59.116 29.8199
5.76 3.12 29.9104 59.234 29.9104
5.76 3.24 30.0789 59.4492 30.0789
5.76 3.36 30.3268 59.755 30.3268
5.76 3.48 30.6569 60.1444 30.6569
5.76 3.6 31.0586 60.5955 31.0586
5.76 3.72 31.527 61.0939 31.527
5.76 3.84 32.0455 61.612 32.0455
5.76 3.96 32.6068 62.1316 32.6068
5.76 4.08 33.1817 62.6081 33.1817
5.76 4.2 33.7661 63.0128 33.7661
5.76 4.32 34.3259 63.2689 34.3259
5.76 4.44 34.8338 63.2627 34.8338
5.76 4.56 35.1985 62.7135 35.1985
5.76 4.68 35.2439 61.0029 35.2439
5.76 4.8 34.7153 56.877 34.7153
5.76 4.92 34.1533 49.063 34.1533
5.76 5.04 37.2151 40.042 37.2151
5.76 5.16 47.0039 36.4057 47.0039
5.76 5.28 57.6095 37.6461 57.6095
5.76 5.4 63.8789 39.0447 63.8789
5.76 5.52 66.4754 39.3513 66.4754
5.76 5.64 80.3224 52.1426 80.3224
5.76 5.76 48.8164 20.1878 48.8164
5.76 5.88 79.5702 50.9517 79.5702
5.88 0 -40.2331 -69.0067 -40.2331
5.88 0.12 -36.8445 -65.4238 -36.8445
5.88 0.24 -35.9012 -63.8718 -35.9012
5.88 0.36 -31.9573 -58.5808 -31.9573
5.88 0.48 -35.7951 -59.4983 -35.7951
5.88 0.6 -43.5635 -61.2242 -43.5635
5.88 0.72 -54.7547 -61.6775 -54.7547
5.88 0.84 -62.8701 -56.2933 -62.8701
5.88 0.96 -64.7101 -47.4408 -64.7101
5.88 1.08 -64.3422 -41.06 -64.3422
5.88 1.2 -64.255 -38.0083 -64.255
5.88 1.32 -64.6292 -36.901 -64.6292
5.88 1.44 -65.2422 -36.7182 -65.2422
5.88 1.56 -65.9519 -36.9702 -65.9519
5.88 1.68 -66.6941 -37.4406 -66.6941
5.88 1.8 -67.4372 -38.0267 -67.4372
5.88 1.92 -68.1609 -38.6709 -68.1609
5.88 2.04 -68.8466 -39.3328 -68.8466
5.88 2.16 -69.4758 -39.9793 -69.4758
5.88 2.28 -70.0312 -40.5813 -70.0312
5.88 2.4 -70.4999 -41.1145 -70.4999
5.88 2.52 -70.8742 -41.5592 -70.8742
5.88 2.64 -71.1507 -41.9001 -71.1507
5.88 2.76 -71.3284 -42.1255 -71.3284
5.88 2.88 -71.4087 -42.2289 -71.4087
5.88 3 -71.392 -42.2068 -71.392
5.88 3.12 -71.2764 -42.0583 -71.2764
5.88 3.24 -71.0582 -41.785 -71.0582
5.88 3.36 -70.7355 -41.3943 -70.7355
5.88 3.48 -70.3096 -40.8989 -70.3096
5.88 3.6 -69.7872 -40.3183 -69.7872
5.88 3.72 -69.1804 -39.6766 -69.1804
5.88 3.84 -68.5052 -39.0019 -68.5052
5.88 3.96 -67.7814 -38.3272 -67.7814
5.88 4.08 -67.0293 -37.6903 -67.0293
5.88 4.2 -66.2688 -37.1392 -66.2688
5.88 4.32 -65.5235 -36.7484 -65.5235
5.88 4.44 -64.8352 -36.662 -64.8352
5.88 4.56 -64.2955 -37.1979 -64.2955
5.88 4.68 -64.0957 -39.0706 -64.0957
5.88 4.8 -64.4099 -43.5981 -64.4099
5.88 4.92 -64.2736 -51.6483 -64.2736
5.88 5.04 -59.742 -59.7401 -59.742
5.88 5.16 -49.3248 -62.0518 -49.3248
5.88 5.28 -39.3846 -60.4835 -39.3846
5.88 5.4 -33.7601 -59.1729 -33.7601
5.88 5.52 -31.4354 -58.9018 -31.4354
5.88 5.64 -16.6182 -45.0402 -16.6182
5.88 5.76 -42.9617 -71.7897 -42.9617
5.88 5.88 -48.2808 -77.1274 -48.2808
