0 0 0.00328909 0.97024 0.013773
0 0.12 0.00371465 0.967941 0.0155648
0 0.24 0.00501963 0.960942 0.021059
0 0.36 0.00787376 0.945933 0.0330572
0 0.48 0.013998 0.914335 0.0587474
0 0.6 0.0270348 0.846939 0.113336
0 0.72 0.0529532 0.712377 0.221871
0 0.84 0.0933181 0.501536 0.391559
0 0.96 0.133427 0.289439 0.562401
0 1.08 0.158464 0.152251 0.67365
0 1.2 0.1699 0.0821816 0.731702
0 1.32 0.173815 0.047952 0.761651
0 1.44 0.17406 0.0302956 0.778931
0 1.56 0.172412 0.0204726 0.790501
0 1.68 0.16972 0.0147327 0.799272
0 1.8 0.166448 0.0113951 0.806463
0 1.92 0.162903 0.00963771 0.812594
0 2.04 0.159306 0.00901132 0.817862
0 2.16 0.155839 0.00922985 0.822336
0 2.28 0.152648 0.0100673 0.826037
0 2.4 0.149859 0.011303 0.829029
0 2.52 0.147583 0.0126985 0.831451
0 2.64 0.145903 0.0140016 0.833467
0 2.76 0.14488 0.0149736 0.835237
0 2.88 0.144551 0.0154303 0.836876
0 3 0.144938 0.0152825 0.838418
0 3.12 0.14603 0.0145571 0.839779
0 3.24 0.1478 0.0133923 0.840808
0 3.36 0.150198 0.012006 0.841296
0 3.48 0.153147 0.0106529 0.841027
0 3.6 0.156544 0.00958626 0.83982
0 3.72 0.160266 0.00904078 0.837561
0 3.84 0.164172 0.00924185 0.834204
0 3.96 0.168091 0.010441 0.829692
0 4.08 0.171823 0.0129973 0.823933
0 4.2 0.175106 0.0175249 0.816613
0 4.32 0.177559 0.0252145 0.80695
0 4.44 0.178538 0.0386168 0.79302
0 4.56 0.176765 0.0635932 0.770184
0 4.68 0.169506 0.113661 0.72758
0 4.8 0.151514 0.215614 0.643601
0 4.92 0.11733 0.39775 0.495382
0 5.04 0.0734577 0.627148 0.30939
0 5.16 0.0389099 0.80685 0.163853
0 5.28 0.0197634 0.906407 0.083314
0 5.4 0.0105278 0.954711 0.0444203
0 5.52 0.00613186 0.978073 0.0258672
0 5.64 0.0040364 0.989537 0.0170088
0 5.76 0.00310335 0.994713 0.0130599
0 5.88 0.00314905 0.994596 0.0132493
0.12 0 0.00377629 0.967414 0.0158378
0.12 0.12 0.00424043 0.964861 0.0177889
0.12 0.24 0.00565987 0.957131 0.0237537
0.12 0.36 0.0087617 0.940596 0.0367688
0.12 0.48 0.01539 0.906507 0.0645266
0.12 0.6 0.0293212 0.834478 0.122778
0.12 0.72 0.0563159 0.694307 0.235699
0.12 0.84 0.0967701 0.48302 0.405663
0.12 0.96 0.135588 0.277698 0.571097
0.12 1.08 0.159436 0.146746 0.677436
0.12 1.2 0.170274 0.0797774 0.733116
0.12 1.32 0.173927 0.046835 0.762139
0.12 1.44 0.174092 0.0297171 0.77908
0.12 1.56 0.172412 0.0201402 0.790527
0.12 1.68 0.16971 0.0145251 0.799254
0.12 1.8 0.166442 0.0112551 0.806429
0.12 1.92 0.162911 0.00953365 0.812551
0.12 2.04 0.159337 0.00892211 0.817811
0.12 2.16 0.155902 0.00913924 0.822276
0.12 2.28 0.152747 0.00996196 0.82597
0.12 2.4 0.149996 0.0111726 0.828944
0.12 2.52 0.147755 0.0125366 0.831352
0.12 2.64 0.146104 0.0138087 0.833355
0.12 2.76 0.145099 0.0147569 0.835111
0.12 2.88 0.144775 0.0152029 0.836734
0.12 3 0.145155 0.0150602 0.838262
0.12 3.12 0.146226 0.0143546 0.839609
0.12 3.24 0.147965 0.0132195 0.840629
0.12 3.36 0.150324 0.011866 0.841115
0.12 3.48 0.153232 0.0105421 0.840855
0.12 3.6 0.156591 0.00949547 0.839665
0.12 3.72 0.160279 0.00895737 0.837424
0.12 3.84 0.164163 0.0091528 0.834097
0.12 3.96 0.168067 0.0103277 0.829605
0.12 4.08 0.171795 0.0128347 0.823867
0.12 4.2 0.175086 0.0172717 0.816574
0.12 4.32 0.177567 0.0247893 0.806998
0.12 4.44 0.178611 0.0378337 0.793284
0.12 4.56 0.176995 0.0619835 0.771023
0.12 4.68 0.170121 0.110031 0.729938
0.12 4.8 0.153007 0.207386 0.64956
0.12 4.92 0.120224 0.382176 0.507233
0.12 5.04 0.0770513 0.607868 0.324285
0.12 5.16 0.0417215 0.791747 0.175514
0.12 5.28 0.0215025 0.896951 0.0905519
0.12 5.4 0.0115782 0.948891 0.0488179
0.12 5.52 0.00681988 0.974164 0.0287684
0.12 5.64 0.00454144 0.986574 0.0191496
0.12 5.76 0.00353436 0.992155 0.0148953
0.12 5.88 0.00359058 0.991961 0.0151293
0.24 0 0.00535395 0.958379 0.0225246
0.24 0.12 0.00593993 0.955134 0.0249756
0.24 0.24 0.00771443 0.945386 0.032393
0.24 0.36 0.0115856 0.923841 0.0485477
0.24 0.48 0.0197539 0.882804 0.0825968
0.24 0.6 0.0363611 0.797149 0.151775
0.24 0.72 0.0664786 0.640987 0.277412
0.24 0.84 0.107265 0.428129 0.448556
0.24 0.96 0.142629 0.240779 0.599639
0.24 1.08 0.163029 0.127598 0.691823
0.24 1.2 0.171945 0.070371 0.739857
0.24 1.32 0.174599 0.0419143 0.765433
0.24 1.44 0.174464 0.0268815 0.780853
0.24 1.56 0.172607 0.0183553 0.791577
0.24 1.68 0.169826 0.0133144 0.799942
0.24 1.8 0.166541 0.0103686 0.80692
0.24 1.92 0.163038 0.00881893 0.812932
0.24 2.04 0.159531 0.00827262 0.818123
0.24 2.16 0.156192 0.0084733 0.822556
0.24 2.28 0.153157 0.00921581 0.826248
0.24 2.4 0.150526 0.0103007 0.829204
0.24 2.52 0.148402 0.0115144 0.831614
0.24 2.64 0.146846 0.0126428 0.833618
0.24 2.76 0.145903 0.0134824 0.835369
0.24 2.88 0.145588 0.0138785 0.836957
0.24 3 0.145953 0.0137564 0.838447
0.24 3.12 0.146955 0.0131371 0.839723
0.24 3.24 0.148591 0.0121356 0.840684
0.24 3.36 0.150826 0.0109349 0.841125
0.24 3.48 0.153602 0.00975359 0.840843
0.24 3.6 0.156838 0.00881236 0.839674
0.24 3.72 0.160414 0.00831888 0.837465
0.24 3.84 0.164237 0.00849579 0.834267
0.24 3.96 0.168106 0.00955462 0.829903
0.24 4.08 0.171842 0.0118192 0.82436
0.24 4.2 0.175195 0.015821 0.817329
0.24 4.32 0.177824 0.0225611 0.808331
0.24 4.44 0.179166 0.0341264 0.795709
0.24 4.56 0.178168 0.0551981 0.775816
0.24 4.68 0.172631 0.0964655 0.740069
0.24 4.8 0.158242 0.17985 0.67079
0.24 4.92 0.129411 0.334229 0.54497
0.24 5.04 0.0879708 0.550443 0.369725
0.24 5.16 0.050332 0.746663 0.211149
0.24 5.28 0.0268787 0.868546 0.112865
0.24 5.4 0.0148524 0.931311 0.0624874
0.24 5.52 0.00898434 0.962269 0.0378769
0.24 5.64 0.00615856 0.97747 0.0260059
0.24 5.76 0.00490361 0.984304 0.0207308
0.24 5.88 0.00501375 0.983836 0.021201
0.36 0 0.00896687 0.938342 0.0377963
0.36 0.12 0.00982833 0.933657 0.0413776
0.36 0.24 0.0124236 0.919597 0.0521545
0.36 0.36 0.0179935 0.8893 0.0752483
0.36 0.48 0.029314 0.832226 0.122176
0.36 0.6 0.0506125 0.722693 0.210496
0.36 0.72 0.0844274 0.547747 0.351115
0.36 0.84 0.122987 0.346589 0.512854
0.36 0.96 0.151991 0.192065 0.63769
0.36 1.08 0.167532 0.103753 0.710043
0.36 1.2 0.173981 0.0589278 0.748268
0.36 1.32 0.175493 0.0359929 0.769569
0.36 1.44 0.174879 0.0234979 0.783104
0.36 1.56 0.172802 0.0162454 0.792937
0.36 1.68 0.169936 0.0118992 0.800837
0.36 1.8 0.166652 0.00934582 0.807544
0.36 1.92 0.163218 0.00800555 0.813377
0.36 2.04 0.159832 0.00754104 0.818434
0.36 2.16 0.156656 0.0077254 0.822762
0.36 2.28 0.153808 0.00837439 0.826371
0.36 2.4 0.15137 0.00931029 0.82925
0.36 2.52 0.149425 0.0103475 0.831611
0.36 2.64 0.148014 0.0113055 0.833573
0.36 2.76 0.147163 0.012016 0.835274
0.36 2.88 0.146875 0.0123528 0.836803
0.36 3 0.147202 0.0122551 0.83823
0.36 3.12 0.1481 0.0117387 0.839432
0.36 3.24 0.149579 0.010896 0.840336
0.36 3.36 0.151622 0.009877 0.840757
0.36 3.48 0.154192 0.00886448 0.840507
0.36 3.6 0.157229 0.00804806 0.839414
0.36 3.72 0.160633 0.00761142 0.837344
0.36 3.84 0.164327 0.00775772 0.834335
0.36 3.96 0.16812 0.00867484 0.830189
0.36 4.08 0.171844 0.0106471 0.824927
0.36 4.2 0.17526 0.0141257 0.818308
0.36 4.32 0.178064 0.0199307 0.810005
0.36 4.44 0.179775 0.0297131 0.798731
0.36 4.56 0.179545 0.0470577 0.781736
0.36 4.68 0.175683 0.0799924 0.752615
0.36 4.8 0.164854 0.145314 0.697828
0.36 4.92 0.142007 0.268984 0.59677
0.36 5.04 0.105476 0.459686 0.442163
0.36 5.16 0.0664951 0.662908 0.278034
0.36 5.28 0.0381442 0.809869 0.159615
0.36 5.4 0.0220992 0.893163 0.092718
0.36 5.52 0.0138718 0.936127 0.0584083
0.36 5.64 0.00982085 0.95753 0.0414966
0.36 5.76 0.00801526 0.967147 0.0339544
0.36 5.88 0.00820251 0.966265 0.0347683
0.48 0 0.016792 0.896233 0.0707874
0.48 0.12 0.0182094 0.888728 0.076648
0.48 0.24 0.0224535 0.866279 0.094178
0.48 0.36 0.0311677 0.820141 0.130102
0.48 0.48 0.0475086 0.737367 0.197509
0.48 0.6 0.0742162 0.600321 0.307825
0.48 0.72 0.108833 0.421525 0.451474
0.48 0.84 0.140757 0.254626 0.585784
0.48 0.96 0.161594 0.14199 0.677134
0.48 1.08 0.172023 0.0796372 0.728796
0.48 1.2 0.176001 0.0471453 0.757253
0.48 1.32 0.176373 0.0297481 0.774255
0.48 1.44 0.175258 0.0198651 0.785829
0.48 1.56 0.172962 0.0139583 0.794684
0.48 1.68 0.170035 0.0103608 0.802034
0.48 1.8 0.166796 0.0082367 0.808382
0.48 1.92 0.163488 0.0071287 0.813944
0.48 2.04 0.160293 0.00675818 0.818771
0.48 2.16 0.157352 0.00693029 0.822891
0.48 2.28 0.154764 0.00748412 0.826315
0.48 2.4 0.152584 0.00826628 0.829037
0.48 2.52 0.150873 0.0091213 0.831275
0.48 2.64 0.149645 0.00990379 0.833136
0.48 2.76 0.14891 0.0104814 0.834747
0.48 2.88 0.148658 0.0107565 0.83619
0.48 3 0.148933 0.0106826 0.837534
0.48 3.12 0.149699 0.0102707 0.838668
0.48 3.24 0.150978 0.00959094 0.83954
0.48 3.36 0.15277 0.00875945 0.839985
0.48 3.48 0.155065 0.00792214 0.839832
0.48 3.6 0.157829 0.00723547 0.838908
0.48 3.72 0.160985 0.0068567 0.837074
0.48 3.84 0.164478 0.00696487 0.83435
0.48 3.96 0.168134 0.00772366 0.830532
0.48 4.08 0.171798 0.00937481 0.825659
0.48 4.2 0.175251 0.0122855 0.819569
0.48 4.32 0.178225 0.0170927 0.812055
0.48 4.44 0.180314 0.0250165 0.802224
0.48 4.56 0.180869 0.03858 0.788201
0.48 4.68 0.178695 0.0632254 0.765694
0.48 4.8 0.171495 0.110314 0.72557
0.48 4.92 0.15543 0.199451 0.652328
0.48 5.04 0.127045 0.348225 0.531553
0.48 5.16 0.0908634 0.537215 0.378939
0.48 5.28 0.0582358 0.705954 0.243
0.48 5.4 0.0364035 0.818724 0.152347
0.48 5.52 0.0240188 0.882821 0.100961
0.48 5.64 0.0175815 0.916319 0.0742362
0.48 5.76 0.014672 0.931516 0.0621549
0.48 5.88 0.0149303 0.930238 0.0632993
0.6 0 0.0334781 0.808113 0.141027
0.6 0.12 0.0358403 0.795839 0.150755
0.6 0.24 0.0428367 0.759457 0.179555
0.6 0.36 0.0559749 0.69117 0.233467
0.6 0.48 0.0773427 0.582674 0.321261
0.6 0.6 0.105706 0.437369 0.438079
0.6 0.72 0.134662 0.287754 0.558295
0.6 0.84 0.15669 0.171556 0.652025
0.6 0.96 0.169647 0.0990553 0.711299
0.6 1.08 0.175736 0.0585841 0.745546
0.6 1.2 0.17764 0.0363998 0.76586
0.6 1.32 0.177031 0.0238062 0.779133
0.6 1.44 0.175492 0.016302 0.788897
0.6 1.56 0.173034 0.0116747 0.796769
0.6 1.68 0.170108 0.00881211 0.803503
0.6 1.8 0.166988 0.007119 0.809398
0.6 1.92 0.163889 0.00624948 0.814578
0.6 2.04 0.160968 0.0059808 0.819054
0.6 2.16 0.158343 0.00615028 0.822841
0.6 2.28 0.156084 0.00662121 0.825964
0.6 2.4 0.154219 0.00726501 0.828431
0.6 2.52 0.15278 0.00795535 0.830463
0.6 2.64 0.151763 0.00857915 0.832162
0.6 2.76 0.151156 0.00903619 0.83364
0.6 2.88 0.150945 0.00925433 0.834972
0.6 3 0.15116 0.00919933 0.836229
0.6 3.12 0.151777 0.00887893 0.837309
0.6 3.24 0.152825 0.0083442 0.838184
0.6 3.36 0.154323 0.00768163 0.838707
0.6 3.48 0.156283 0.00700343 0.838725
0.6 3.6 0.1587 0.00643432 0.838067
0.6 3.72 0.161529 0.00610466 0.836579
0.6 3.84 0.164731 0.00616768 0.834256
0.6 3.96 0.168168 0.00676215 0.830888
0.6 4.08 0.1717 0.00808789 0.826518
0.6 4.2 0.175126 0.0104337 0.82105
0.6 4.32 0.17822 0.0142728 0.814376
0.6 4.44 0.180632 0.0204581 0.805949
0.6 4.56 0.181879 0.0306436 0.794611
0.6 4.68 0.181158 0.0481976 0.777776
0.6 4.8 0.177043 0.079939 0.750006
0.6 4.92 0.167087 0.138206 0.701595
0.6 5.04 0.148112 0.238875 0.619586
0.6 5.16 0.120251 0.385564 0.501076
0.6 5.28 0.0886235 0.549097 0.369343
0.6 5.4 0.0620148 0.686109 0.259165
0.6 5.52 0.0441284 0.778167 0.185224
0.6 5.64 0.0337884 0.831489 0.142474
0.6 5.76 0.0289337 0.856545 0.122412
0.6 5.88 0.0290625 0.855877 0.123059
0.72 0 0.0650695 0.642419 0.274133
0.72 0.12 0.0683527 0.625523 0.287592
0.72 0.24 0.0778989 0.576319 0.326775
0.72 0.36 0.0934952 0.496235 0.3904
0.72 0.48 0.114458 0.389906 0.476127
0.72 0.6 0.136779 0.275703 0.567863
0.72 0.72 0.155584 0.178021 0.64642
0.72 0.84 0.168286 0.109324 0.702132
0.72 0.96 0.175305 0.0668614 0.737424
0.72 1.08 0.178279 0.0419992 0.759281
0.72 1.2 0.178665 0.0274046 0.773622
0.72 1.32 0.177322 0.0185712 0.783963
0.72 1.44 0.175497 0.0130515 0.792165
0.72 1.56 0.172983 0.00954925 0.799087
0.72 1.68 0.17016 0.00735836 0.805146
0.72 1.8 0.167263 0.00607109 0.810482
0.72 1.92 0.164474 0.00543386 0.815148
0.72 2.04 0.161921 0.00527321 0.819134
0.72 2.16 0.15969 0.00545658 0.822455
0.72 2.28 0.157819 0.00587046 0.825158
0.72 2.4 0.156307 0.00640923 0.827268
0.72 2.52 0.155164 0.00697172 0.829016
0.72 2.64 0.154365 0.00747113 0.830492
0.72 2.76 0.15389 0.00783248 0.831801
0.72 2.88 0.15372 0.00800318 0.833004
0.72 3 0.15387 0.00795891 0.834175
0.72 3.12 0.154332 0.00770555 0.835224
0.72 3.24 0.155138 0.00728053 0.83614
0.72 3.36 0.156317 0.00674783 0.836798
0.72 3.48 0.157901 0.00619268 0.837062
0.72 3.6 0.159908 0.00571263 0.836761
0.72 3.72 0.16233 0.00541316 0.835729
0.72 3.84 0.165146 0.00542213 0.833932
0.72 3.96 0.168261 0.00585383 0.831144
0.72 4.08 0.171558 0.00686929 0.827395
0.72 4.2 0.174861 0.00868959 0.822634
0.72 4.32 0.17798 0.0116553 0.816833
0.72 4.44 0.180611 0.0163385 0.809702
0.72 4.56 0.182386 0.0237672 0.800609
0.72 4.68 0.182772 0.0358808 0.78815
0.72 4.8 0.180935 0.0563776 0.769444
0.72 4.92 0.175527 0.0918726 0.739321
0.72 5.04 0.164514 0.152103 0.689868
0.72 5.16 0.147201 0.245357 0.614395
0.72 5.28 0.123763 0.367085 0.516346
0.72 5.4 0.0990463 0.494233 0.414137
0.72 5.52 0.0784155 0.600074 0.32911
0.72 5.64 0.0643537 0.672232 0.271181
0.72 5.76 0.0572474 0.708663 0.241958
0.72 5.88 0.0565197 0.712342 0.239072
0.84 0 0.108079 0.416358 0.456424
0.84 0.12 0.111045 0.401187 0.468467
0.84 0.24 0.119624 0.357215 0.503487
0.84 0.36 0.131846 0.29533 0.552691
0.84 0.48 0.145894 0.224517 0.609618
0.84 0.6 0.158906 0.157973 0.663027
0.84 0.72 0.168879 0.105256 0.705531
0.84 0.84 0.175272 0.0684942 0.735715
0.84 0.96 0.178578 0.044722 0.756131
0.84 1.08 0.179587 0.0297632 0.770163
0.84 1.2 0.178989 0.0203048 0.780469
0.84 1.32 0.177183 0.0142213 0.788623
0.84 1.44 0.175248 0.0102602 0.79551
0.84 1.56 0.172821 0.007693 0.801514
0.84 1.68 0.170234 0.00608499 0.806826
0.84 1.8 0.167682 0.00516378 0.811482
0.84 1.92 0.165314 0.00474744 0.815492
0.84 2.04 0.163219 0.00470357 0.818846
0.84 2.16 0.161447 0.00492604 0.821577
0.84 2.28 0.160003 0.00532165 0.82376
0.84 2.4 0.15886 0.0058036 0.825436
0.84 2.52 0.158011 0.00628957 0.826843
0.84 2.64 0.157422 0.0067108 0.828059
0.84 2.76 0.157069 0.00700911 0.829175
0.84 2.88 0.156933 0.00714477 0.830243
0.84 3 0.157023 0.00710044 0.831333
0.84 3.12 0.157337 0.00688194 0.832369
0.84 3.24 0.157908 0.00651912 0.833355
0.84 3.36 0.158766 0.00606206 0.834185
0.84 3.48 0.159955 0.00557776 0.834748
0.84 3.6 0.161512 0.00514358 0.834876
0.84 3.72 0.163458 0.00484453 0.834395
0.84 3.84 0.165796 0.00478556 0.833243
0.84 3.96 0.168478 0.0050583 0.831163
0.84 4.08 0.171419 0.00578953 0.828157
0.84 4.2 0.174473 0.00714485 0.824188
0.84 4.32 0.177488 0.00936391 0.819291
0.84 4.44 0.180195 0.0128211 0.813342
0.84 4.56 0.182301 0.0181344 0.806058
0.84 4.68 0.183436 0.0263682 0.796767
0.84 4.8 0.183106 0.0393858 0.784098
0.84 4.92 0.180626 0.0603284 0.765643
0.84 5.04 0.174912 0.0938652 0.737647
0.84 5.16 0.165945 0.145089 0.695987
0.84 5.28 0.152557 0.215751 0.639053
0.84 5.4 0.136318 0.299495 0.571828
0.84 5.52 0.120217 0.381875 0.505743
0.84 5.64 0.107273 0.448055 0.452676
0.84 5.76 0.100141 0.484366 0.423609
0.84 5.88 0.0978331 0.49625 0.414059
0.96 0 0.143712 0.226284 0.610453
0.96 0.12 0.145415 0.217659 0.617199
0.96 0.24 0.150517 0.191661 0.637802
0.96 0.36 0.15734 0.158044 0.664431
0.96 0.48 0.164609 0.121882 0.693385
0.96 0.6 0.171009 0.0889877 0.719774
0.96 0.72 0.175756 0.0626934 0.741134
0.96 0.84 0.178665 0.0434721 0.75735
0.96 0.96 0.17991 0.0301255 0.769511
0.96 1.08 0.179798 0.0210557 0.778899
0.96 1.2 0.178652 0.01492 0.786553
0.96 1.32 0.176643 0.0107716 0.793071
0.96 1.44 0.174789 0.00798935 0.798812
0.96 1.56 0.172613 0.00617129 0.803893
0.96 1.68 0.170408 0.00505365 0.808366
0.96 1.8 0.168331 0.00445713 0.812209
0.96 1.92 0.166485 0.00425332 0.815422
0.96 2.04 0.16492 0.00434257 0.818016
0.96 2.16 0.163645 0.00464046 0.820054
0.96 2.28 0.162639 0.0050695 0.821638
0.96 2.4 0.161854 0.00555559 0.822824
0.96 2.52 0.161276 0.00602718 0.823852
0.96 2.64 0.16087 0.00642435 0.824782
0.96 2.76 0.16062 0.00669677 0.825697
0.96 2.88 0.160511 0.00681082 0.826633
0.96 3 0.160549 0.00675338 0.827653
0.96 3.12 0.160734 0.00653206 0.828695
0.96 3.24 0.161094 0.00617531 0.829779
0.96 3.36 0.161654 0.00572825 0.830812
0.96 3.48 0.162457 0.00524939 0.831712
0.96 3.6 0.16355 0.00480437 0.832321
0.96 3.72 0.164976 0.00446403 0.83246
0.96 3.84 0.166763 0.00431475 0.832047
0.96 3.96 0.168908 0.00442846 0.830787
0.96 4.08 0.171366 0.00490275 0.828644
0.96 4.2 0.174028 0.00585909 0.825566
0.96 4.32 0.176786 0.00746339 0.821623
0.96 4.44 0.179402 0.00995743 0.81678
0.96 4.56 0.181634 0.0137075 0.810972
0.96 4.68 0.183199 0.0192851 0.803944
0.96 4.8 0.18378 0.0275902 0.795118
0.96 4.92 0.183015 0.040001 0.783512
0.96 5.04 0.180329 0.0584305 0.767633
0.96 5.16 0.176314 0.0849752 0.745786
0.96 5.28 0.16985 0.12075 0.716904
0.96 5.4 0.161564 0.164088 0.682215
0.96 5.52 0.152704 0.209397 0.646019
0.96 5.64 0.144928 0.248975 0.614417
0.96 5.76 0.140458 0.271407 0.596593
0.96 5.88 0.137625 0.286082 0.584736
1.08 0 0.163072 0.117569 0.699667
1.08 0.12 0.163851 0.11366 0.702611
1.08 0.24 0.166348 0.100925 0.712599
1.08 0.36 0.169757 0.0850042 0.725119
1.08 0.48 0.173258 0.0679337 0.738723
1.08 0.6 0.176284 0.0520548 0.751514
1.08 0.72 0.178445 0.03874 0.762549
1.08 0.84 0.179613 0.0283474 0.771783
1.08 0.96 0.179801 0.0205944 0.779528
1.08 1.08 0.179129 0.0149652 0.786161
1.08 1.2 0.177773 0.0109529 0.792015
1.08 1.32 0.175802 0.00814667 0.797235
1.08 1.44 0.174222 0.00624048 0.801915
1.08 1.56 0.172464 0.00501313 0.806027
1.08 1.68 0.170785 0.00430582 0.809554
1.08 1.8 0.169294 0.00400238 0.812457
1.08 1.92 0.168047 0.00401376 0.814756
1.08 2.04 0.167051 0.00426569 0.816494
1.08 2.16 0.166278 0.00469002 0.817773
1.08 2.28 0.165687 0.00521911 0.818714
1.08 2.4 0.165221 0.00578392 0.819383
1.08 2.52 0.16487 0.00631412 0.820013
1.08 2.64 0.164611 0.00674881 0.82065
1.08 2.76 0.164439 0.00703621 0.821364
1.08 2.88 0.164347 0.00714222 0.822177
1.08 3 0.164343 0.00705547 0.823143
1.08 3.12 0.164427 0.00678752 0.824215
1.08 3.24 0.164616 0.00637181 0.82542
1.08 3.36 0.16492 0.00585771 0.826678
1.08 3.48 0.165375 0.0053055 0.827934
1.08 3.6 0.166025 0.00477853 0.829048
1.08 3.72 0.16692 0.00434105 0.829839
1.08 3.84 0.168114 0.00406662 0.830223
1.08 3.96 0.169641 0.00401123 0.829866
1.08 4.08 0.171501 0.0042483 0.828686
1.08 4.2 0.173631 0.00486446 0.826597
1.08 4.32 0.175971 0.00597214 0.82367
1.08 4.44 0.178317 0.00772584 0.819907
1.08 4.56 0.18047 0.0103422 0.815364
1.08 4.68 0.182196 0.0141276 0.810012
1.08 4.8 0.183256 0.0195111 0.803661
1.08 4.92 0.183429 0.0270715 0.795995
1.08 5.04 0.182352 0.0375135 0.786521
1.08 5.16 0.180886 0.0515047 0.774715
1.08 5.28 0.178053 0.0692717 0.760262
1.08 5.4 0.17428 0.0900106 0.743716
1.08 5.52 0.170152 0.111416 0.726747
1.08 5.64 0.166436 0.130367 0.71176
1.08 5.76 0.164294 0.140844 0.70358
1.08 5.88 0.162187 0.151861 0.694644
1.2 0 0.17108 0.0644401 0.744759
1.2 0.12 0.171419 0.0627068 0.74596
1.2 0.24 0.172601 0.0564712 0.750775
1.2 0.36 0.174408 0.0487628 0.756795
1.2 0.48 0.176179 0.0403387 0.763515
1.2 0.6 0.177659 0.0321973 0.770192
1.2 0.72 0.178616 0.0249994 0.776417
1.2 0.84 0.17896 0.0190387 0.78217
1.2 0.96 0.178672 0.0143313 0.787479
1.2 1.08 0.177818 0.0107474 0.79238
1.2 1.2 0.176522 0.00810793 0.796908
1.2 1.32 0.174807 0.00623661 0.801005
1.2 1.44 0.173682 0.00498269 0.804635
1.2 1.56 0.172494 0.00422539 0.807708
1.2 1.68 0.171457 0.00387138 0.810186
1.2 1.8 0.170629 0.00384818 0.812047
1.2 1.92 0.170018 0.0040962 0.81335
1.2 2.04 0.169586 0.0045604 0.814178
1.2 2.16 0.169282 0.00518344 0.814663
1.2 2.28 0.169049 0.00590064 0.81494
1.2 2.4 0.16884 0.00663891 0.815072
1.2 2.52 0.168657 0.00731789 0.81529
1.2 2.64 0.168496 0.00786427 0.815621
1.2 2.76 0.168372 0.00821433 0.816134
1.2 2.88 0.16829 0.00832626 0.816837
1.2 3 0.168259 0.00818812 0.817772
1.2 3.12 0.168276 0.00781848 0.818905
1.2 3.24 0.168344 0.00726349 0.820264
1.2 3.36 0.168454 0.00658735 0.821775
1.2 3.48 0.168624 0.0058637 0.823408
1.2 3.6 0.168883 0.00516402 0.825037
1.2 3.72 0.169279 0.00455447 0.826487
1.2 3.84 0.169878 0.0041024 0.82769
1.2 3.96 0.170746 0.00385178 0.828276
1.2 4.08 0.171925 0.00385636 0.828126
1.2 4.2 0.173401 0.00417478 0.827108
1.2 4.32 0.175171 0.00487975 0.825262
1.2 4.44 0.177072 0.00606727 0.822588
1.2 4.56 0.178947 0.00786439 0.819196
1.2 4.68 0.180598 0.010436 0.815175
1.2 4.8 0.181824 0.0139873 0.81052
1.2 4.92 0.182454 0.0187558 0.805207
1.2 5.04 0.182201 0.0249752 0.799149
1.2 5.16 0.181986 0.0327908 0.792265
1.2 5.28 0.180893 0.0421059 0.784535
1.2 5.4 0.179258 0.0523974 0.77631
1.2 5.52 0.177407 0.0625849 0.768289
1.2 5.64 0.175718 0.071463 0.761337
1.2 5.76 0.174745 0.0760851 0.757839
1.2 5.88 0.173435 0.0830725 0.752135
1.32 0 0.17329 0.0383488 0.768708
1.32 0.12 0.173438 0.0375139 0.769207
1.32 0.24 0.174004 0.0341895 0.771743
1.32 0.36 0.175102 0.0301008 0.774953
1.32 0.48 0.176098 0.0255399 0.778653
1.32 0.6 0.176877 0.0209835 0.782545
1.32 0.72 0.177294 0.0167859 0.78643
1.32 0.84 0.1773 0.0131605 0.79032
1.32 0.96 0.17689 0.0101894 0.79415
1.32 1.08 0.176124 0.00786657 0.797825
1.32 1.2 0.175111 0.00613788 0.801251
1.32 1.32 0.173839 0.00493121 0.80428
1.32 1.44 0.173318 0.00417514 0.806823
1.32 1.56 0.172813 0.0038078 0.808777
1.32 1.68 0.172491 0.00377952 0.810123
1.32 1.8 0.172354 0.00405025 0.810877
1.32 1.92 0.172363 0.00458387 0.811143
1.32 2.04 0.172446 0.00534031 0.811038
1.32 2.16 0.172537 0.00626804 0.810712
1.32 2.28 0.172581 0.00729777 0.810297
1.32 2.4 0.172544 0.00834125 0.809857
1.32 2.52 0.172456 0.00929329 0.809622
1.32 2.64 0.172338 0.0100526 0.809616
1.32 2.76 0.172229 0.0105289 0.809913
1.32 2.88 0.172148 0.0106627 0.810518
1.32 3 0.172108 0.0104389 0.811455
1.32 3.12 0.1721 0.00988846 0.812702
1.32 3.24 0.172111 0.00908199 0.814277
1.32 3.36 0.172104 0.0081135 0.816099
1.32 3.48 0.172074 0.00708515 0.818151
1.32 3.6 0.172025 0.00608931 0.820317
1.32 3.72 0.17199 0.00520346 0.822428
1.32 3.84 0.172037 0.00449547 0.824446
1.32 3.96 0.172251 0.00400052 0.825978
1.32 4.08 0.172712 0.00375587 0.826883
1.32 4.2 0.173455 0.00379647 0.826985
1.32 4.32 0.174533 0.00416364 0.826276
1.32 4.44 0.175837 0.00491177 0.824725
1.32 4.56 0.177255 0.00611138 0.822448
1.32 4.68 0.178627 0.00784919 0.819586
1.32 4.8 0.179776 0.0102222 0.816219
1.32 4.92 0.180549 0.0133236 0.812447
1.32 5.04 0.180685 0.0172151 0.808351
1.32 5.16 0.181062 0.0218814 0.804001
1.32 5.28 0.180803 0.0271694 0.79946
1.32 5.4 0.180167 0.0327327 0.794954
1.32 5.52 0.179352 0.0380104 0.790787
1.32 5.64 0.178577 0.0425232 0.787222
1.32 5.76 0.178117 0.0447009 0.785629
1.32 5.88 0.177321 0.0490982 0.781973
1.44 0 0.172648 0.0245629 0.783309
1.44 0.12 0.172708 0.0241139 0.783511
1.44 0.24 0.172966 0.0221592 0.784986
1.44 0.36 0.173745 0.0197678 0.786905
1.44 0.48 0.174392 0.0170634 0.789183
1.44 0.6 0.174871 0.0143035 0.791699
1.44 0.72 0.175094 0.0116953 0.794326
1.44 0.84 0.175054 0.00938803 0.797092
1.44 0.96 0.174764 0.00746404 0.799892
1.44 1.08 0.174295 0.00595341 0.802573
1.44 1.2 0.173743 0.00485153 0.804979
1.44 1.32 0.173064 0.00413641 0.806932
1.44 1.44 0.173247 0.00378183 0.808336
1.44 1.56 0.173486 0.00376497 0.809112
1.44 1.68 0.173891 0.00406941 0.80928
1.44 1.8 0.174415 0.00468291 0.808902
1.44 1.92 0.174977 0.00559118 0.808116
1.44 2.04 0.175484 0.00676803 0.807058
1.44 2.16 0.175862 0.00816468 0.805887
1.44 2.28 0.176071 0.0096994 0.804727
1.44 2.4 0.176104 0.011254 0.803645
1.44 2.52 0.176021 0.0126762 0.802882
1.44 2.64 0.175879 0.0138101 0.802472
1.44 2.76 0.175748 0.0145133 0.802519
1.44 2.88 0.175662 0.0146908 0.803034
1.44 3 0.175636 0.0143205 0.804032
1.44 3.12 0.175656 0.013457 0.805489
1.44 3.24 0.175686 0.0122174 0.807395
1.44 3.36 0.175658 0.0107522 0.809639
1.44 3.48 0.175534 0.00921629 0.812195
1.44 3.6 0.175286 0.00774059 0.814945
1.44 3.72 0.174924 0.00642466 0.817723
1.44 3.84 0.174505 0.00534261 0.820538
1.44 3.96 0.174123 0.00452144 0.822989
1.44 4.08 0.173884 0.00398237 0.824934
1.44 4.2 0.173868 0.00373768 0.826163
1.44 4.32 0.174181 0.00380092 0.826616
1.44 4.44 0.174773 0.00419348 0.826217
1.44 4.56 0.175587 0.00494647 0.825055
1.44 4.68 0.176505 0.00609909 0.823277
1.44 4.8 0.177379 0.00769185 0.820994
1.44 4.92 0.178067 0.00975452 0.818356
1.44 5.04 0.178319 0.012287 0.815521
1.44 5.16 0.178928 0.0152349 0.812614
1.44 5.28 0.179061 0.018464 0.809719
1.44 5.4 0.178907 0.0217454 0.806992
1.44 5.52 0.178588 0.0247611 0.80457
1.44 5.64 0.178242 0.0273095 0.802522
1.44 5.76 0.178019 0.0284488 0.801719
1.44 5.88 0.177522 0.0313355 0.799291
1.56 0 0.170513 0.0167169 0.793569
1.56 0.12 0.17053 0.0164511 0.793632
1.56 0.24 0.170628 0.0152044 0.794558
1.56 0.36 0.171273 0.0136899 0.795815
1.56 0.48 0.171786 0.0119671 0.797341
1.56 0.6 0.172188 0.0101905 0.79908
1.56 0.72 0.172431 0.00849207 0.800922
1.56 0.84 0.172543 0.00697814 0.802887
1.56 0.96 0.172557 0.00571953 0.804844
1.56 1.08 0.172544 0.00475666 0.806606
1.56 1.2 0.172583 0.0041081 0.807995
1.56 1.32 0.17259 0.00378106 0.808837
1.56 1.44 0.17352 0.00378062 0.809061
1.56 1.56 0.174497 0.00411554 0.808629
1.56 1.68 0.175582 0.00480051 0.807607
1.56 1.8 0.176681 0.00585331 0.80609
1.56 1.92 0.177683 0.00728664 0.804232
1.56 2.04 0.17848 0.00909406 0.802161
1.56 2.16 0.179006 0.0112325 0.800032
1.56 2.28 0.179238 0.0136017 0.797952
1.56 2.4 0.179205 0.016033 0.796012
1.56 2.52 0.179011 0.0182863 0.79449
1.56 2.64 0.178756 0.0200985 0.793479
1.56 2.76 0.17855 0.0212186 0.793156
1.56 2.88 0.178451 0.021477 0.793574
1.56 3 0.178475 0.0208365 0.794739
1.56 3.12 0.178599 0.0194024 0.796605
1.56 3.24 0.178753 0.017389 0.799094
1.56 3.36 0.17883 0.0150593 0.802018
1.56 3.48 0.178748 0.012667 0.8053
1.56 3.6 0.178441 0.0104095 0.808797
1.56 3.72 0.177887 0.00841992 0.812336
1.56 3.84 0.177126 0.00677993 0.815978
1.56 3.96 0.176251 0.00550196 0.819334
1.56 4.08 0.175386 0.00458542 0.822285
1.56 4.2 0.174644 0.00401546 0.824612
1.56 4.32 0.174179 0.00377634 0.826217
1.56 4.44 0.173999 0.00385885 0.826977
1.56 4.56 0.174107 0.00426203 0.826938
1.56 4.68 0.174436 0.00499149 0.826224
1.56 4.8 0.174876 0.00605348 0.824939
1.56 4.92 0.175298 0.00744565 0.823247
1.56 5.04 0.175472 0.00914437 0.821343
1.56 5.16 0.176083 0.0110909 0.819378
1.56 5.28 0.176362 0.0131798 0.81745
1.56 5.4 0.176431 0.0152565 0.81568
1.56 5.52 0.176357 0.0171263 0.814141
1.56 5.64 0.17622 0.0187012 0.812868
1.56 5.76 0.176119 0.0193556 0.812424
1.56 5.88 0.17579 0.0213489 0.810757
1.68 0 0.167564 0.0120695 0.801554
1.68 0.12 0.167563 0.0118999 0.801537
1.68 0.24 0.167585 0.0110485 0.802143
1.68 0.36 0.168205 0.0100241 0.803016
1.68 0.48 0.16872 0.00885965 0.804087
1.68 0.6 0.169192 0.00765737 0.805316
1.68 0.72 0.16961 0.00650902 0.806577
1.68 0.84 0.170023 0.00549546 0.807872
1.68 0.96 0.170476 0.00467887 0.809046
1.68 1.08 0.171029 0.004105 0.809898
1.68 1.2 0.171734 0.00380799 0.810249
1.68 1.32 0.172461 0.00381781 0.809956
1.68 1.44 0.174112 0.00416744 0.808989
1.68 1.56 0.175762 0.00489819 0.807354
1.68 1.68 0.177422 0.00606219 0.805148
1.68 1.8 0.178961 0.00771962 0.802472
1.68 1.92 0.180246 0.00992908 0.79946
1.68 2.04 0.18116 0.0127273 0.796203
1.68 2.16 0.181647 0.0160984 0.792824
1.68 2.28 0.181705 0.0199293 0.789407
1.68 2.4 0.181407 0.0239709 0.786088
1.68 2.52 0.180913 0.0278147 0.783248
1.68 2.64 0.18039 0.0309646 0.781146
1.68 2.76 0.180015 0.032921 0.780143
1.68 2.88 0.179888 0.0333369 0.780419
1.68 3 0.180032 0.0321411 0.781986
1.68 3.12 0.180396 0.029562 0.784717
1.68 3.24 0.180853 0.0260427 0.788355
1.68 3.36 0.181232 0.0220948 0.792532
1.68 3.48 0.181388 0.0181709 0.797034
1.68 3.6 0.181207 0.0145828 0.801652
1.68 3.72 0.180635 0.0115033 0.806198
1.68 3.84 0.179694 0.00900629 0.810795
1.68 3.96 0.17847 0.00706452 0.815095
1.68 4.08 0.1771 0.00563492 0.819032
1.68 4.2 0.175721 0.00466027 0.822412
1.68 4.32 0.174526 0.00408633 0.825121
1.68 4.44 0.173576 0.00386943 0.827013
1.68 4.56 0.172932 0.00397727 0.828083
1.68 4.68 0.172585 0.00438669 0.828419
1.68 4.8 0.172468 0.00507816 0.828096
1.68 4.92 0.172483 0.00602844 0.827265
1.68 5.04 0.172424 0.00720167 0.826136
1.68 5.16 0.172872 0.00854097 0.824874
1.68 5.28 0.173129 0.0099628 0.823595
1.68 5.4 0.173263 0.0113576 0.822409
1.68 5.52 0.173294 0.0125976 0.821364
1.68 5.64 0.173269 0.013646 0.820465
1.68 5.76 0.173235 0.0140484 0.8202
1.68 5.88 0.173013 0.0155046 0.818947
1.8 0 0.164201 0.00934967 0.808137
1.8 0.12 0.1642 0.00923342 0.80805
1.8 0.24 0.164207 0.0086079 0.808422
1.8 0.36 0.164879 0.00786473 0.809019
1.8 0.48 0.165496 0.00702617 0.809768
1.8 0.6 0.166152 0.00616691 0.810607
1.8 0.72 0.166861 0.00535846 0.811375
1.8 0.84 0.167684 0.00466914 0.812044
1.8 0.96 0.168662 0.00415865 0.812446
1.8 1.08 0.169835 0.00387978 0.812381
1.8 1.2 0.171219 0.0038822 0.81169
1.8 1.32 0.172636 0.00421917 0.810273
1.8 1.44 0.174925 0.00495524 0.80814
1.8 1.56 0.177126 0.0061735 0.805324
1.8 1.68 0.17921 0.00798184 0.801925
1.8 1.8 0.181014 0.0105148 0.798004
1.8 1.92 0.182382 0.0139271 0.793624
1.8 2.04 0.183183 0.0183686 0.78877
1.8 2.16 0.18336 0.0239292 0.783471
1.8 2.28 0.182922 0.0305347 0.777742
1.8 2.4 0.18199 0.0378226 0.771798
1.8 2.52 0.180815 0.0450353 0.766261
1.8 2.64 0.179693 0.0511197 0.761823
1.8 2.76 0.178939 0.0549443 0.759337
1.8 2.88 0.178752 0.0556991 0.759337
1.8 3 0.179168 0.0532267 0.761889
1.8 3.12 0.180069 0.0480862 0.76661
1.8 3.24 0.181203 0.0413141 0.772779
1.8 3.36 0.182262 0.0340327 0.779557
1.8 3.48 0.182995 0.0271314 0.786395
1.8 3.6 0.183227 0.0211191 0.792952
1.8 3.72 0.182874 0.0161825 0.799045
1.8 3.84 0.181956 0.0123175 0.804903
1.8 3.96 0.180565 0.00937908 0.81029
1.8 4.08 0.17885 0.00722472 0.815247
1.8 4.2 0.176969 0.00571641 0.819647
1.8 4.32 0.175145 0.00473833 0.8234
1.8 4.44 0.173487 0.00419997 0.826359
1.8 4.56 0.172106 0.00403235 0.828491
1.8 4.68 0.171051 0.00418269 0.82984
1.8 4.8 0.170306 0.00460745 0.830442
1.8 4.92 0.16981 0.00526514 0.830421
1.8 5.04 0.169394 0.00610915 0.829983
1.8 5.16 0.169551 0.00708192 0.8293
1.8 5.28 0.169658 0.00811185 0.828506
1.8 5.4 0.169738 0.00911459 0.827713
1.8 5.52 0.169776 0.00999873 0.826975
1.8 5.64 0.169782 0.0107539 0.826324
1.8 5.76 0.169777 0.0110161 0.826172
1.8 5.88 0.16961 0.0121603 0.825187
1.92 0 0.160698 0.00790195 0.813733
1.92 0.12 0.160713 0.00781424 0.813527
1.92 0.24 0.160755 0.00730931 0.813661
1.92 0.36 0.16154 0.00671838 0.813998
1.92 0.48 0.162338 0.00606062 0.8145
1.92 0.6 0.163265 0.00539851 0.815014
1.92 0.72 0.164348 0.00479617 0.815331
1.92 0.84 0.165649 0.00431924 0.815398
1.92 0.96 0.16719 0.00403128 0.815043
1.92 1.08 0.168982 0.00399604 0.814079
1.92 1.2 0.171 0.00428204 0.812381
1.92 1.32 0.173022 0.00497094 0.809889
1.92 1.44 0.175818 0.00616909 0.806638
1.92 1.56 0.178411 0.00802181 0.802655
1.92 1.68 0.180734 0.0107319 0.797995
1.92 1.8 0.182588 0.0145801 0.79261
1.92 1.92 0.183779 0.019941 0.786382
1.92 2.04 0.184129 0.0272683 0.779037
1.92 2.16 0.183531 0.0370026 0.770311
1.92 2.28 0.181965 0.0493151 0.759987
1.92 2.4 0.179602 0.0637157 0.748376
1.92 2.52 0.176865 0.0786605 0.736689
1.92 2.64 0.174348 0.091674 0.726745
1.92 2.76 0.172704 0.0999619 0.720714
1.92 2.88 0.172373 0.101497 0.720089
1.92 3 0.173433 0.0959054 0.725102
1.92 3.12 0.175588 0.0846271 0.734665
1.92 3.24 0.178273 0.0702705 0.746815
1.92 3.36 0.180855 0.0555385 0.75947
1.92 3.48 0.182861 0.0423616 0.771253
1.92 3.6 0.184024 0.0315994 0.781568
1.92 3.72 0.184265 0.0233052 0.790355
1.92 3.84 0.183648 0.0171587 0.79812
1.92 3.96 0.18231 0.0126774 0.804927
1.92 4.08 0.180441 0.00947316 0.811038
1.92 4.2 0.178227 0.00723856 0.816472
1.92 4.32 0.175917 0.00574659 0.821211
1.92 4.44 0.17366 0.00483381 0.825154
1.92 4.56 0.171612 0.00438167 0.828262
1.92 4.68 0.169873 0.00430218 0.83055
1.92 4.8 0.168478 0.00452583 0.832014
1.92 4.92 0.167411 0.00499189 0.832742
1.92 5.04 0.166548 0.00564096 0.832925
1.92 5.16 0.166317 0.00640973 0.832732
1.92 5.28 0.16617 0.00722903 0.832316
1.92 5.4 0.166099 0.00802504 0.831795
1.92 5.52 0.166061 0.00872364 0.83123
1.92 5.64 0.166034 0.00932926 0.830598
1.92 5.76 0.166027 0.0095151 0.830594
1.92 5.88 0.16588 0.010504 0.829634
2.04 0 0.157261 0.00734407 0.818686
2.04 0.12 0.157305 0.00726808 0.818526
2.04 0.24 0.157423 0.00681048 0.818656
2.04 0.36 0.158369 0.00628244 0.818919
2.04 0.48 0.159409 0.00570533 0.819195
2.04 0.6 0.160666 0.00514033 0.819361
2.04 0.72 0.162172 0.00465375 0.8192
2.04 0.84 0.163972 0.00431633 0.818656
2.04 0.96 0.166066 0.00420119 0.817578
2.04 1.08 0.168426 0.0043876 0.815809
2.04 1.2 0.170988 0.00496818 0.813262
2.04 1.32 0.173492 0.00606214 0.809901
2.04 1.44 0.176637 0.00783591 0.805752
2.04 1.56 0.179442 0.0105344 0.800778
2.04 1.68 0.181793 0.0145317 0.7949
2.04 1.8 0.183438 0.0204066 0.787814
2.04 1.92 0.184091 0.029041 0.778973
2.04 2.04 0.183431 0.0416797 0.767438
2.04 2.16 0.181171 0.0597857 0.752112
2.04 2.28 0.177142 0.0843726 0.732069
2.04 2.4 0.171572 0.114776 0.707756
2.04 2.52 0.165298 0.147444 0.681975
2.04 2.64 0.159638 0.176295 0.659422
2.04 2.76 0.156013 0.194646 0.64537
2.04 2.88 0.155367 0.197873 0.643392
2.04 3 0.157858 0.185173 0.654058
2.04 3.12 0.162824 0.159847 0.674783
2.04 3.24 0.169001 0.128062 0.700772
2.04 3.36 0.17499 0.0964128 0.726847
2.04 3.48 0.179772 0.0694941 0.749477
2.04 3.6 0.182905 0.0489595 0.767445
2.04 3.72 0.184398 0.0342972 0.781156
2.04 3.84 0.184497 0.0241962 0.791919
2.04 3.96 0.183496 0.0172643 0.800578
2.04 4.08 0.18169 0.0125167 0.807909
2.04 4.2 0.179329 0.00928214 0.814247
2.04 4.32 0.176699 0.00712325 0.819756
2.04 4.44 0.173986 0.0057549 0.824443
2.04 4.56 0.171382 0.00498555 0.828309
2.04 4.68 0.16903 0.00468132 0.831367
2.04 4.8 0.167014 0.004742 0.833586
2.04 4.92 0.165362 0.00508516 0.835016
2.04 5.04 0.163998 0.00563562 0.83581
2.04 5.16 0.163315 0.00631918 0.836123
2.04 5.28 0.162834 0.00706057 0.836107
2.04 5.4 0.162532 0.00778472 0.835889
2.04 5.52 0.162348 0.00842057 0.835553
2.04 5.64 0.162233 0.0089802 0.835148
2.04 5.76 0.162195 0.00913363 0.835119
2.04 5.88 0.16204 0.0100848 0.834282
2.16 0 0.154051 0.0074186 0.822946
2.16 0.12 0.154134 0.00734158 0.822792
2.16 0.24 0.154361 0.00687688 0.822902
2.16 0.36 0.155502 0.00634565 0.823077
2.16 0.48 0.156821 0.00577599 0.82315
2.16 0.6 0.15844 0.0052366 0.822988
2.16 0.72 0.160379 0.00480357 0.82237
2.16 0.84 0.162662 0.00455884 0.821249
2.16 0.96 0.165255 0.00458971 0.8195
2.16 1.08 0.168096 0.0049955 0.816997
2.16 1.2 0.171082 0.00589968 0.813676
2.16 1.32 0.173924 0.00747229 0.809501
2.16 1.44 0.177251 0.00996824 0.804446
2.16 1.56 0.180077 0.0137943 0.798347
2.16 1.68 0.182225 0.0196335 0.790873
2.16 1.8 0.183332 0.0286635 0.781223
2.16 1.92 0.182902 0.0428909 0.767927
2.16 2.04 0.180256 0.06546 0.748499
2.16 2.16 0.174625 0.100371 0.7198
2.16 2.28 0.165495 0.150474 0.679413
2.16 2.4 0.1534 0.213708 0.628908
2.16 2.52 0.140358 0.280574 0.575833
2.16 2.64 0.129216 0.337316 0.531017
2.16 2.76 0.122429 0.371894 0.504003
2.16 2.88 0.121316 0.377668 0.499984
2.16 3 0.126064 0.353644 0.51968
2.16 3.12 0.135772 0.304327 0.559523
2.16 3.24 0.148404 0.239934 0.611498
2.16 3.36 0.161167 0.174225 0.664734
2.16 3.48 0.171652 0.118776 0.7101
2.16 3.6 0.178789 0.0783357 0.743897
2.16 3.72 0.182739 0.0514539 0.76727
2.16 3.84 0.184222 0.0343817 0.783481
2.16 3.96 0.18394 0.0235128 0.795188
2.16 4.08 0.18245 0.0164909 0.804297
2.16 4.2 0.18014 0.0118859 0.811776
2.16 4.32 0.177362 0.00886513 0.818118
2.16 4.44 0.174349 0.00693789 0.823519
2.16 4.56 0.171325 0.00580195 0.828061
2.16 4.68 0.168466 0.00526082 0.831786
2.16 4.8 0.165898 0.00517656 0.83466
2.16 4.92 0.163691 0.0054419 0.836702
2.16 5.04 0.161813 0.00596334 0.838038
2.16 5.16 0.16065 0.00665158 0.838795
2.16 5.28 0.159784 0.00741828 0.839127
2.16 5.4 0.159191 0.00817717 0.839166
2.16 5.52 0.158804 0.00884832 0.839023
2.16 5.64 0.15856 0.00944541 0.838744
2.16 5.76 0.158467 0.00960188 0.838757
2.16 5.88 0.158289 0.010607 0.837911
2.28 0 0.151192 0.00792214 0.826503
2.28 0.12 0.151321 0.00783417 0.826347
2.28 0.24 0.151679 0.00732221 0.82644
2.28 0.36 0.153031 0.00673925 0.826528
2.28 0.48 0.154644 0.0061243 0.826407
2.28 0.6 0.156625 0.00556078 0.825931
2.28 0.72 0.158975 0.00514021 0.824882
2.28 0.84 0.161688 0.00496002 0.823228
2.28 0.96 0.1647 0.00512511 0.820875
2.28 1.08 0.167913 0.00575891 0.817715
2.28 1.2 0.171195 0.00702349 0.813695
2.28 1.32 0.174233 0.00915682 0.808743
2.28 1.44 0.177583 0.0125419 0.802741
2.28 1.56 0.180246 0.0178411 0.795314
2.28 1.68 0.181943 0.0262732 0.785695
2.28 1.8 0.182095 0.0401504 0.772159
2.28 1.92 0.17977 0.0637691 0.751379
2.28 2.04 0.173522 0.10424 0.717668
2.28 2.16 0.161675 0.170263 0.664118
2.28 2.28 0.143614 0.265295 0.587818
2.28 2.4 0.121733 0.378012 0.497777
2.28 2.52 0.10095 0.484233 0.413247
2.28 2.64 0.0854694 0.56328 0.350603
2.28 2.76 0.0770056 0.606684 0.31653
2.28 2.88 0.0757253 0.613551 0.311634
2.28 3 0.0815874 0.584013 0.335753
2.28 3.12 0.0945832 0.518018 0.388918
2.28 3.24 0.113749 0.42041 0.467388
2.28 3.36 0.135808 0.30759 0.558211
2.28 3.48 0.155807 0.204129 0.641905
2.28 3.6 0.17022 0.127217 0.704846
2.28 3.72 0.178653 0.0780065 0.746024
2.28 3.84 0.182569 0.0489162 0.771777
2.28 3.96 0.18353 0.0318088 0.788388
2.28 4.08 0.182645 0.0214885 0.800081
2.28 4.2 0.18058 0.0150449 0.809032
2.28 4.32 0.177819 0.0109368 0.816323
2.28 4.44 0.174656 0.00833711 0.822439
2.28 4.56 0.17135 0.0067785 0.827598
2.28 4.68 0.168108 0.00597912 0.831896
2.28 4.8 0.165085 0.00575419 0.83532
2.28 4.92 0.162387 0.0059683 0.83788
2.28 5.04 0.160022 0.00650805 0.839676
2.28 5.16 0.158388 0.00726657 0.840814
2.28 5.28 0.157116 0.00813753 0.841442
2.28 5.4 0.156198 0.00901561 0.841697
2.28 5.52 0.155571 0.00980178 0.841713
2.28 5.64 0.155162 0.0105051 0.841557
2.28 5.76 0.154994 0.0106952 0.841617
2.28 5.88 0.154775 0.0118229 0.840736
2.4 0 0.148768 0.00867167 0.829375
2.4 0.12 0.148947 0.00856576 0.82921
2.4 0.24 0.149444 0.0079805 0.829282
2.4 0.36 0.151008 0.00731448 0.829289
2.4 0.48 0.152905 0.00662105 0.828996
2.4 0.6 0.155221 0.00600332 0.828245
2.4 0.72 0.157932 0.00557175 0.826822
2.4 0.84 0.161003 0.00544155 0.824711
2.4 0.96 0.164338 0.00573706 0.821841
2.4 1.08 0.167814 0.00660914 0.818117
2.4 1.2 0.171272 0.00826615 0.813475
2.4 1.32 0.174381 0.0110331 0.807785
2.4 1.44 0.177623 0.0154691 0.80079
2.4 1.56 0.179962 0.0226162 0.791803
2.4 1.68 0.180953 0.0345535 0.779358
2.4 1.8 0.179648 0.0555436 0.760152
2.4 1.92 0.174325 0.093957 0.727566
2.4 2.04 0.162261 0.163478 0.670612
2.4 2.16 0.140968 0.277032 0.578999
2.4 2.28 0.112046 0.426937 0.458749
2.4 2.4 0.0829475 0.57633 0.339363
2.4 2.52 0.0606805 0.690313 0.24858
2.4 2.64 0.046917 0.760949 0.192629
2.4 2.76 0.0402579 0.795449 0.165652
2.4 2.88 0.0393138 0.800788 0.161962
2.4 3 0.0438452 0.778136 0.1806
2.4 3.12 0.0548692 0.722224 0.225755
2.4 3.24 0.0740074 0.624761 0.304163
2.4 3.36 0.10114 0.486138 0.415618
2.4 3.48 0.131175 0.331728 0.539995
2.4 3.6 0.155986 0.202308 0.644949
2.4 3.72 0.17157 0.117223 0.71483
2.4 3.84 0.179373 0.0689025 0.755975
2.4 3.96 0.182249 0.0423945 0.780039
2.4 4.08 0.182285 0.0274855 0.795331
2.4 4.2 0.180647 0.0186749 0.806137
2.4 4.32 0.178044 0.0132526 0.814502
2.4 4.44 0.174858 0.00987694 0.82134
2.4 4.56 0.171396 0.00784678 0.82706
2.4 4.68 0.167889 0.00676834 0.831846
2.4 4.8 0.164518 0.00639998 0.835719
2.4 4.92 0.161417 0.00657508 0.838693
2.4 5.04 0.158623 0.00715986 0.840855
2.4 5.16 0.156558 0.00802941 0.84229
2.4 5.28 0.154895 0.00905713 0.843139
2.4 5.4 0.153646 0.0101136 0.843542
2.4 5.52 0.152763 0.0110729 0.843657
2.4 5.64 0.152167 0.0119335 0.843553
2.4 5.76 0.151912 0.0121819 0.843649
2.4 5.88 0.151641 0.0134764 0.842675
2.52 0 0.146832 0.00949336 0.831616
2.52 0.12 0.147057 0.00936619 0.831441
2.52 0.24 0.147687 0.00869722 0.831498
2.52 0.36 0.149444 0.00793568 0.831438
2.52 0.48 0.151592 0.00715096 0.831
2.52 0.6 0.154193 0.00646798 0.83002
2.52 0.72 0.157198 0.00601701 0.828288
2.52 0.84 0.160544 0.00593118 0.825802
2.52 0.96 0.16411 0.00635458 0.822506
2.52 1.08 0.167751 0.00746719 0.818309
2.52 1.2 0.171289 0.00952966 0.813123
2.52 1.32 0.174376 0.0129708 0.806738
2.52 1.44 0.177414 0.0185726 0.79872
2.52 1.56 0.179306 0.0278907 0.787962
2.52 1.68 0.179368 0.0442416 0.771994
2.52 1.8 0.176088 0.0748178 0.745145
2.52 1.92 0.166583 0.134 0.695943
2.52 2.04 0.146673 0.242969 0.607342
2.52 2.16 0.114914 0.409448 0.473231
2.52 2.28 0.0791845 0.593928 0.325196
2.52 2.4 0.0509338 0.739257 0.209047
2.52 2.52 0.0334879 0.829034 0.137596
2.52 2.64 0.0241795 0.877281 0.099543
2.52 2.76 0.0200316 0.8992 0.0826289
2.52 2.88 0.0194656 0.902719 0.0803878
2.52 3 0.0222551 0.88896 0.0919019
2.52 3.12 0.0294697 0.852402 0.121574
2.52 3.24 0.0436164 0.780299 0.179736
2.52 3.36 0.0678849 0.656239 0.279634
2.52 3.48 0.101929 0.481372 0.420415
2.52 3.6 0.136695 0.301357 0.565885
2.52 3.72 0.161478 0.169779 0.67302
2.52 3.84 0.174696 0.0944863 0.735845
2.52 3.96 0.180203 0.0550688 0.770211
2.52 4.08 0.181463 0.0342341 0.790174
2.52 4.2 0.180398 0.0225738 0.803197
2.52 4.32 0.178056 0.0156626 0.812744
2.52 4.44 0.174943 0.0114464 0.820303
2.52 4.56 0.171423 0.00892014 0.826535
2.52 4.68 0.167755 0.00755337 0.831732
2.52 4.8 0.164139 0.00703905 0.835965
2.52 4.92 0.160728 0.00717732 0.839262
2.52 5.04 0.157583 0.00781463 0.841704
2.52 5.16 0.155155 0.00880932 0.843358
2.52 5.28 0.153144 0.010015 0.844359
2.52 5.4 0.151589 0.0112765 0.844853
2.52 5.52 0.150461 0.0124377 0.845015
2.52 5.64 0.149695 0.0134813 0.84491
2.52 5.76 0.149353 0.0138027 0.845027
2.52 5.88 0.149039 0.0152797 0.843928
2.64 0 0.145397 0.0102267 0.833279
2.64 0.12 0.145662 0.0100792 0.833094
2.64 0.24 0.146404 0.00933277 0.833137
2.64 0.36 0.14832 0.00848294 0.833023
2.64 0.48 0.15067 0.00761458 0.832473
2.64 0.6 0.153495 0.006873 0.831317
2.64 0.72 0.15672 0.00640632 0.829349
2.64 0.84 0.160261 0.00636376 0.826577
2.64 0.96 0.163978 0.00690771 0.822954
2.64 1.08 0.167711 0.00824675 0.818382
2.64 1.2 0.171265 0.0106954 0.812744
2.64 1.32 0.174273 0.0147942 0.805741
2.64 1.44 0.177064 0.0215773 0.796736
2.64 1.56 0.178452 0.0332118 0.784124
2.64 1.68 0.177453 0.054556 0.764187
2.64 1.8 0.171844 0.0965106 0.728253
2.64 1.92 0.157387 0.180467 0.659178
2.64 2.04 0.129113 0.331745 0.536538
2.64 2.16 0.0897741 0.536785 0.371347
2.64 2.28 0.0540384 0.7215 0.223039
2.64 2.4 0.0311749 0.83973 0.128602
2.64 2.52 0.0190197 0.902838 0.078499
2.64 2.64 0.0130713 0.934168 0.0539993
2.64 2.76 0.0105319 0.948025 0.0435567
2.64 2.88 0.010192 0.950462 0.0421927
2.64 3 0.0118904 0.942263 0.0492478
2.64 3.12 0.0164206 0.919312 0.0679997
2.64 3.24 0.0259331 0.870687 0.107332
2.64 3.36 0.0444224 0.775946 0.183782
2.64 3.48 0.0758286 0.614452 0.313968
2.64 3.6 0.115842 0.407591 0.481029
2.64 3.72 0.149555 0.230556 0.624631
2.64 3.84 0.169058 0.123729 0.712867
2.64 3.96 0.177699 0.0688439 0.759629
2.64 4.08 0.180376 0.04117 0.785
2.64 4.2 0.179962 0.0264018 0.80044
2.64 4.32 0.177931 0.0179529 0.811186
2.64 4.44 0.174944 0.0129034 0.819423
2.64 4.56 0.17143 0.0098979 0.826101
2.64 4.68 0.167677 0.00825517 0.831632
2.64 4.8 0.163902 0.0075995 0.836142
2.64 4.92 0.160272 0.00769782 0.839678
2.64 5.04 0.156863 0.00837847 0.842322
2.64 5.16 0.154153 0.00948562 0.844128
2.64 5.28 0.15186 0.0108559 0.845228
2.64 5.4 0.150049 0.012311 0.84577
2.64 5.52 0.148709 0.0136655 0.845944
2.64 5.64 0.147789 0.0148851 0.845815
2.64 5.76 0.147368 0.0152801 0.845943
2.64 5.88 0.147011 0.0169242 0.84472
2.76 0 0.144456 0.0107378 0.834407
2.76 0.12 0.144749 0.0105753 0.83421
2.76 0.24 0.145571 0.00977292 0.834237
2.76 0.36 0.147598 0.00886012 0.834078
2.76 0.48 0.150091 0.00793376 0.83345
2.76 0.6 0.153069 0.00715457 0.832172
2.76 0.72 0.156442 0.00668416 0.830039
2.76 0.84 0.160108 0.0066842 0.827068
2.76 0.96 0.163915 0.00733218 0.823214
2.76 1.08 0.16769 0.00886162 0.81837
2.76 1.2 0.171226 0.0116357 0.812385
2.76 1.32 0.174141 0.0162993 0.804879
2.76 1.44 0.176696 0.0241304 0.795021
2.76 1.56 0.177606 0.0379105 0.780707
2.76 1.68 0.175583 0.0640908 0.75693
2.76 1.8 0.167669 0.117378 0.711933
2.76 1.92 0.148433 0.22539 0.623519
2.76 2.04 0.11332 0.411459 0.472809
2.76 2.16 0.0708276 0.632742 0.294445
2.76 2.28 0.0385678 0.800021 0.160095
2.76 2.4 0.0207025 0.893036 0.0858967
2.76 2.52 0.0119893 0.938772 0.0497273
2.76 2.64 0.00790531 0.96071 0.0327681
2.76 2.76 0.00619402 0.97042 0.0256667
2.76 2.88 0.00596684 0.972332 0.0247424
2.76 3 0.00710905 0.966983 0.0295218
2.76 3.12 0.0101945 0.95136 0.0423879
2.76 3.24 0.0168874 0.916993 0.0702451
2.76 3.36 0.0308175 0.845318 0.128156
2.76 3.48 0.0575625 0.707474 0.239442
2.76 3.6 0.0980453 0.498079 0.408663
2.76 3.72 0.138112 0.288473 0.578445
2.76 3.84 0.163468 0.152103 0.690525
2.76 3.96 0.175213 0.0817961 0.749677
2.76 4.08 0.179281 0.0474013 0.78038
2.76 4.2 0.179491 0.0297019 0.798107
2.76 4.32 0.177757 0.0198653 0.80993
2.76 4.44 0.174905 0.01409 0.818745
2.76 4.56 0.171428 0.0106754 0.825783
2.76 4.68 0.167641 0.00879764 0.83157
2.76 4.8 0.163773 0.00801747 0.836283
2.76 4.92 0.160004 0.00807212 0.83999
2.76 5.04 0.156418 0.0087746 0.842774
2.76 5.16 0.153514 0.00995821 0.844685
2.76 5.28 0.151022 0.0114472 0.845849
2.76 5.4 0.149023 0.0130459 0.846417
2.76 5.52 0.147525 0.0145465 0.846589
2.76 5.64 0.146482 0.0158994 0.84643
2.76 5.76 0.145998 0.0163526 0.84656
2.76 5.88 0.145608 0.0181181 0.845245
2.88 0 0.143996 0.0109351 0.835027
2.88 0.12 0.144302 0.0107661 0.834825
2.88 0.24 0.145164 0.00994103 0.83484
2.88 0.36 0.147249 0.00900371 0.834657
2.88 0.48 0.14982 0.00805739 0.833985
2.88 0.6 0.152881 0.00727071 0.832643
2.88 0.72 0.156334 0.00681248 0.830422
2.88 0.84 0.160066 0.00685186 0.827342
2.88 0.96 0.163916 0.00757658 0.823357
2.88 1.08 0.167706 0.00923809 0.81835
2.88 1.2 0.17122 0.0122353 0.812148
2.88 1.32 0.174061 0.0172907 0.804309
2.88 1.44 0.176442 0.025868 0.793855
2.88 1.56 0.176998 0.0412284 0.778296
2.88 1.68 0.174198 0.0710847 0.751603
2.88 1.8 0.164518 0.133098 0.699624
2.88 1.92 0.141756 0.25893 0.596865
2.88 2.04 0.102443 0.466451 0.428804
2.88 2.16 0.0595637 0.689875 0.248639
2.88 2.28 0.0305488 0.840788 0.127423
2.88 2.4 0.0157217 0.918442 0.0655615
2.88 2.52 0.00879136 0.955165 0.0366267
2.88 2.64 0.00560263 0.972588 0.0232969
2.88 2.76 0.00427532 0.980379 0.0177486
2.88 2.88 0.00409945 0.98206 0.0170256
2.88 3 0.00498446 0.978038 0.0207516
2.88 3.12 0.0073853 0.965896 0.0308253
2.88 3.24 0.0126619 0.938687 0.0529112
2.88 3.36 0.0240046 0.880074 0.100286
2.88 3.48 0.0472536 0.759951 0.197361
2.88 3.6 0.0863379 0.557597 0.36104
2.88 3.72 0.129708 0.330969 0.544559
2.88 3.84 0.159212 0.173577 0.673633
2.88 3.96 0.173332 0.0914332 0.742311
2.88 4.08 0.178467 0.0518772 0.777118
2.88 4.2 0.179149 0.0319861 0.796561
2.88 4.32 0.177637 0.0211456 0.809162
2.88 4.44 0.174889 0.0148594 0.818381
2.88 4.56 0.17145 0.0111608 0.825664
2.88 4.68 0.167655 0.00911792 0.831619
2.88 4.8 0.163744 0.00824415 0.836462
2.88 4.92 0.159904 0.00825444 0.840277
2.88 5.04 0.156223 0.00895055 0.843149
2.88 5.16 0.153215 0.0101587 0.845126
2.88 5.28 0.150613 0.0116963 0.846334
2.88 5.4 0.14851 0.0133589 0.846923
2.88 5.52 0.146921 0.0149271 0.847097
2.88 5.64 0.145798 0.0163435 0.846925
2.88 5.76 0.14528 0.016825 0.847053
2.88 5.88 0.144862 0.0186458 0.845699
3 0 0.144004 0.0107808 0.835128
3 0.12 0.144313 0.0106155 0.834922
3 0.24 0.14518 0.00980567 0.834929
3 0.36 0.147272 0.00888771 0.834738
3 0.48 0.149849 0.00796429 0.83406
3 0.6 0.152918 0.00720299 0.832709
3 0.72 0.156378 0.00677266 0.830477
3 0.84 0.160118 0.00684411 0.82738
3 0.96 0.163974 0.00760915 0.823368
3 1.08 0.167764 0.00932731 0.818321
3 1.2 0.171267 0.0124135 0.812054
3 1.32 0.174078 0.0176249 0.804101
3 1.44 0.176389 0.0265074 0.793421
3 1.56 0.176795 0.0425363 0.777352
3 1.68 0.173656 0.07399 0.74941
3 1.8 0.163197 0.139829 0.694387
3 1.92 0.138928 0.273248 0.585527
3 2.04 0.0980427 0.488764 0.410983
3 2.16 0.0553692 0.711172 0.231587
3 2.28 0.027762 0.854954 0.116088
3 2.4 0.0140616 0.926902 0.0588094
3 2.52 0.00775014 0.960497 0.0323889
3 2.64 0.00486267 0.976405 0.020282
3 2.76 0.0036627 0.983565 0.0152499
3 2.88 0.00350341 0.985173 0.0145931
3 3 0.00430242 0.981591 0.0179686
3 3.12 0.00647261 0.970615 0.0271041
3 3.24 0.0112606 0.945867 0.0472039
3 3.36 0.021664 0.891986 0.0907617
3 3.48 0.0434926 0.779053 0.182073
3 3.6 0.0816929 0.581189 0.342223
3 3.72 0.126141 0.349022 0.530261
3 3.84 0.157376 0.182889 0.666413
3 3.96 0.172546 0.0955378 0.739275
3 4.08 0.178158 0.0537046 0.775884
3 4.2 0.179047 0.0328651 0.796062
3 4.32 0.177632 0.0216024 0.808986
3 4.44 0.174929 0.0151066 0.818368
3 4.56 0.171509 0.0112912 0.825748
3 4.68 0.167718 0.00917564 0.83177
3 4.8 0.163802 0.008251 0.836666
3 4.92 0.159952 0.00822114 0.840524
3 5.04 0.156259 0.008882 0.843434
3 5.16 0.153241 0.010057 0.845446
3 5.28 0.150631 0.0115626 0.846685
3 5.4 0.148522 0.0131952 0.8473
3 5.52 0.14693 0.0147371 0.847495
3 5.64 0.145816 0.0161313 0.847336
3 5.76 0.145295 0.0166043 0.847472
3 5.88 0.144889 0.0184015 0.846133
3.12 0 0.144467 0.0102952 0.834671
3.12 0.12 0.144763 0.0101429 0.834472
3.12 0.24 0.145594 0.00938387 0.834482
3.12 0.36 0.147637 0.00852594 0.834308
3.12 0.48 0.150152 0.00766457 0.833664
3.12 0.6 0.153158 0.00695775 0.832365
3.12 0.72 0.156561 0.00656722 0.830201
3.12 0.84 0.160257 0.00665941 0.827183
3.12 0.96 0.164085 0.00742329 0.823256
3.12 1.08 0.167865 0.00911522 0.818298
3.12 1.2 0.171375 0.0121433 0.81213
3.12 1.32 0.174208 0.0172482 0.8043
3.12 1.44 0.176567 0.0259332 0.793807
3.12 1.56 0.177061 0.0415593 0.778086
3.12 1.68 0.174105 0.0720989 0.750904
3.12 1.8 0.164061 0.135805 0.697627
3.12 1.92 0.140597 0.265038 0.592171
3.12 2.04 0.10053 0.476222 0.421128
3.12 2.16 0.0576831 0.699364 0.241114
3.12 2.28 0.0292816 0.847125 0.122391
3.12 2.4 0.014972 0.922158 0.0626248
3.12 2.52 0.008333 0.957422 0.0348662
3.12 2.64 0.00528772 0.974142 0.022115
3.12 2.76 0.00402098 0.981645 0.0168118
3.12 2.88 0.00385204 0.983296 0.0161192
3.12 3 0.00469368 0.979477 0.0196753
3.12 3.12 0.00697985 0.967886 0.0292954
3.12 3.24 0.0120156 0.941859 0.0504257
3.12 3.36 0.0229022 0.885515 0.0959885
3.12 3.48 0.0454818 0.768765 0.190411
3.12 3.6 0.084185 0.56839 0.352633
3.12 3.72 0.128099 0.339095 0.538412
3.12 3.84 0.158438 0.177631 0.670795
3.12 3.96 0.173071 0.0930764 0.741387
3.12 4.08 0.178444 0.0524815 0.776992
3.12 4.2 0.17923 0.0321742 0.796739
3.12 4.32 0.177765 0.0211609 0.809463
3.12 4.44 0.175039 0.0147942 0.81874
3.12 4.56 0.171612 0.0110472 0.826058
3.12 4.68 0.167831 0.00896103 0.832036
3.12 4.8 0.163944 0.00803467 0.836898
3.12 4.92 0.160142 0.00797399 0.840729
3.12 5.04 0.156515 0.00857553 0.843622
3.12 5.16 0.153576 0.00966458 0.845629
3.12 5.28 0.151051 0.0110631 0.846878
3.12 5.4 0.149026 0.0125774 0.847518
3.12 5.52 0.147511 0.0140043 0.847747
3.12 5.64 0.14646 0.0152953 0.847631
3.12 5.76 0.145971 0.0157249 0.847779
3.12 5.88 0.145589 0.017424 0.846514
3.24 0 0.145384 0.00955134 0.833605
3.24 0.12 0.145655 0.00941882 0.833416
3.24 0.24 0.14641 0.00873657 0.833438
3.24 0.36 0.14835 0.00796826 0.833305
3.24 0.48 0.150738 0.00719702 0.83274
3.24 0.6 0.15361 0.00656446 0.83156
3.24 0.72 0.156889 0.00621917 0.829551
3.24 0.84 0.160485 0.0063175 0.826716
3.24 0.96 0.164247 0.00703895 0.822991
3.24 1.08 0.167999 0.00862575 0.81826
3.24 1.2 0.171524 0.0114579 0.812358
3.24 1.32 0.174423 0.0162127 0.804886
3.24 1.44 0.176937 0.0242382 0.794972
3.24 1.56 0.177734 0.0384884 0.780387
3.24 1.68 0.175432 0.0658574 0.755774
3.24 1.8 0.166876 0.122082 0.708542
3.24 1.92 0.14636 0.23624 0.615276
3.24 2.04 0.109643 0.430113 0.458243
3.24 2.16 0.066783 0.653003 0.278419
3.24 2.28 0.035574 0.814868 0.148298
3.24 2.4 0.0188242 0.902246 0.0785797
3.24 2.52 0.0108001 0.944535 0.0451696
3.24 2.64 0.00707055 0.964728 0.0296275
3.24 2.76 0.00551184 0.973703 0.0231375
3.24 2.88 0.0053023 0.975533 0.0222886
3.24 3 0.00633503 0.970707 0.0266409
3.24 3.12 0.009135 0.956467 0.0383847
3.24 3.24 0.0152478 0.924953 0.0639545
3.24 3.36 0.0281532 0.858371 0.117824
3.24 3.48 0.0536101 0.727026 0.224065
3.24 3.6 0.093742 0.519511 0.392073
3.24 3.72 0.135171 0.303197 0.567453
3.24 3.84 0.162106 0.159186 0.68572
3.24 3.96 0.17476 0.084664 0.748207
3.24 4.08 0.179251 0.0484659 0.780283
3.24 4.2 0.179651 0.0300334 0.798537
3.24 4.32 0.178005 0.0198858 0.810574
3.24 4.44 0.175193 0.0139622 0.819485
3.24 4.56 0.171743 0.0104566 0.826575
3.24 4.68 0.167986 0.00849679 0.83239
3.24 4.8 0.164168 0.00761742 0.83712
3.24 4.92 0.160475 0.0075394 0.84084
3.24 5.04 0.156994 0.00806672 0.843644
3.24 5.16 0.154221 0.00903173 0.845592
3.24 5.28 0.151871 0.0102676 0.846813
3.24 5.4 0.150015 0.0115986 0.847458
3.24 5.52 0.148644 0.0128458 0.847715
3.24 5.64 0.147707 0.0139746 0.847648
3.24 5.76 0.147276 0.0143364 0.847803
3.24 5.88 0.146931 0.0158799 0.846663
3.36 0 0.146768 0.00866311 0.831886
3.36 0.12 0.147001 0.008553 0.831712
3.36 0.24 0.147648 0.00795974 0.831754
3.36 0.36 0.14944 0.00729438 0.831685
3.36 0.48 0.151639 0.00662515 0.831243
3.36 0.6 0.154308 0.00607338 0.830251
3.36 0.72 0.157391 0.00577038 0.828485
3.36 0.84 0.16082 0.00585793 0.825939
3.36 0.96 0.16446 0.00650039 0.822537
3.36 1.08 0.168148 0.00791711 0.818164
3.36 1.2 0.171677 0.0104441 0.812682
3.36 1.32 0.174657 0.0146628 0.805769
3.36 1.44 0.177393 0.0216929 0.796735
3.36 1.56 0.178634 0.033905 0.783833
3.36 1.68 0.17729 0.0566667 0.762949
3.36 1.8 0.170901 0.102082 0.724434
3.36 1.92 0.154843 0.193593 0.649457
3.36 2.04 0.124173 0.356496 0.517484
3.36 2.16 0.0833561 0.568628 0.346366
3.36 2.28 0.048444 0.749025 0.201268
3.36 2.4 0.0272546 0.858832 0.113456
3.36 2.52 0.0163685 0.915613 0.068371
3.36 2.64 0.011138 0.943398 0.0467065
3.36 2.76 0.0089215 0.955678 0.0375411
3.36 2.88 0.0086196 0.957931 0.0363342
3.36 3 0.0100847 0.950864 0.042485
3.36 3.12 0.0140256 0.93079 0.0589404
3.36 3.24 0.0224246 0.887652 0.0939281
3.36 3.36 0.039224 0.80131 0.163807
3.36 3.48 0.0691554 0.647265 0.288397
3.36 3.6 0.109736 0.437682 0.458089
3.36 3.72 0.145847 0.248826 0.61139
3.36 3.84 0.167408 0.132174 0.707523
3.36 3.96 0.177156 0.0722845 0.758198
3.36 4.08 0.180356 0.0424693 0.785164
3.36 4.2 0.180184 0.0268057 0.80122
3.36 4.32 0.17827 0.0179631 0.81221
3.36 4.44 0.175342 0.0127188 0.820545
3.36 4.56 0.171872 0.00958998 0.827259
3.36 4.68 0.168172 0.00783507 0.83279
3.36 4.8 0.164479 0.00704486 0.837283
3.36 4.92 0.160969 0.00696598 0.840798
3.36 5.04 0.157719 0.00741634 0.843428
3.36 5.16 0.155198 0.00824035 0.845245
3.36 5.28 0.153107 0.00928735 0.846385
3.36 5.4 0.15149 0.0104047 0.846995
3.36 5.52 0.15032 0.0114429 0.84725
3.36 5.64 0.149533 0.0123828 0.847213
3.36 5.76 0.149179 0.0126679 0.847364
3.36 5.88 0.148881 0.0140244 0.846366
3.48 0 0.148627 0.00776839 0.829487
3.48 0.12 0.148814 0.00767922 0.829336
3.48 0.24 0.149333 0.0071717 0.829416
3.48 0.36 0.150939 0.00660449 0.829439
3.48 0.48 0.152899 0.00603082 0.82916
3.48 0.6 0.155299 0.00555128 0.828411
3.48 0.72 0.158111 0.00527815 0.826966
3.48 0.84 0.161294 0.00533594 0.824805
3.48 0.96 0.164739 0.00586998 0.821837
3.48 1.08 0.1683 0.00707126 0.817946
3.48 1.2 0.171787 0.00922329 0.813019
3.48 1.32 0.174826 0.0127978 0.806814
3.48 1.44 0.177795 0.0186634 0.798844
3.48 1.56 0.179525 0.0285715 0.78787
3.48 1.68 0.179229 0.0463081 0.771065
3.48 1.8 0.175173 0.0801713 0.741866
3.48 1.92 0.164068 0.146683 0.687052
3.48 2.04 0.141408 0.268833 0.588013
3.48 2.16 0.106744 0.449449 0.442394
3.48 2.28 0.070284 0.637348 0.291226
3.48 2.4 0.0434899 0.775357 0.18063
3.48 2.52 0.0278553 0.856142 0.116192
3.48 2.64 0.0197999 0.898206 0.083009
3.48 2.76 0.0162702 0.91709 0.0685026
3.48 2.88 0.0157787 0.920242 0.0665596
3.48 3 0.0181129 0.908706 0.0763256
3.48 3.12 0.0242536 0.877412 0.101867
3.48 3.24 0.0366574 0.813901 0.153351
3.48 3.36 0.0590298 0.69925 0.24613
3.48 3.48 0.0927234 0.526181 0.386096
3.48 3.6 0.129817 0.334622 0.541282
3.48 3.72 0.157723 0.187798 0.660742
3.48 3.84 0.17306 0.102632 0.73141
3.48 3.96 0.179668 0.0584562 0.769417
3.48 4.08 0.181464 0.0355462 0.790861
3.48 4.2 0.180662 0.0229787 0.804454
3.48 4.32 0.178456 0.0156487 0.814213
3.48 4.44 0.175422 0.0112152 0.821828
3.48 4.56 0.171969 0.00854643 0.828044
3.48 4.68 0.168387 0.0070489 0.833178
3.48 4.8 0.164895 0.0063801 0.837326
3.48 4.92 0.161654 0.00631931 0.840532
3.48 5.04 0.158722 0.00670352 0.842897
3.48 5.16 0.156539 0.00739342 0.844508
3.48 5.28 0.154777 0.00825769 0.845505
3.48 5.4 0.153455 0.0091686 0.846035
3.48 5.52 0.152523 0.0100059 0.846255
3.48 5.64 0.15191 0.0107642 0.846233
3.48 5.76 0.151642 0.0109788 0.846359
3.48 5.88 0.151393 0.0121464 0.845504
3.6 0 0.150955 0.00701409 0.826384
3.6 0.12 0.151094 0.00694071 0.826256
3.6 0.24 0.151475 0.00650118 0.826387
3.6 0.36 0.152873 0.00601016 0.826522
3.6 0.48 0.154556 0.00550791 0.82644
3.6 0.6 0.156634 0.00507685 0.825988
3.6 0.72 0.159105 0.00481117 0.824937
3.6 0.84 0.161959 0.00481756 0.823257
3.6 0.96 0.165118 0.00522073 0.820835
3.6 1.08 0.168465 0.00618124 0.817548
3.6 1.2 0.171831 0.00792884 0.8133
3.6 1.32 0.174865 0.0108284 0.80792
3.6 1.44 0.178019 0.0155163 0.801104
3.6 1.56 0.180193 0.0231984 0.792058
3.6 1.68 0.180849 0.0363232 0.779041
3.6 1.8 0.178863 0.0599949 0.75808
3.6 1.92 0.172185 0.104309 0.72116
3.6 2.04 0.157643 0.185379 0.655266
3.6 2.16 0.132815 0.316015 0.550037
3.6 2.28 0.10091 0.480542 0.417775
3.6 2.4 0.0711745 0.633094 0.295397
3.6 2.52 0.0500744 0.741369 0.208762
3.6 2.64 0.0377418 0.805005 0.15817
3.6 2.76 0.0319581 0.835231 0.134511
3.6 2.88 0.0311221 0.840042 0.131239
3.6 3 0.0349716 0.820721 0.147319
3.6 3.12 0.0446217 0.771519 0.187363
3.6 3.24 0.0622304 0.681517 0.260283
3.6 3.36 0.0890554 0.544286 0.371317
3.6 3.48 0.121266 0.378976 0.505065
3.6 3.6 0.149715 0.231628 0.62464
3.6 3.72 0.168332 0.132084 0.706005
3.6 3.84 0.177947 0.0756835 0.753435
3.6 3.96 0.181777 0.0453211 0.780322
3.6 4.08 0.182307 0.0286555 0.796765
3.6 4.2 0.180929 0.0190301 0.80799
3.6 4.32 0.178475 0.0132084 0.816469
3.6 4.44 0.17539 0.00961448 0.823272
3.6 4.56 0.172028 0.00743622 0.82888
3.6 4.68 0.168651 0.00622182 0.833499
3.6 4.8 0.165457 0.00569665 0.837183
3.6 4.92 0.162581 0.00567567 0.839966
3.6 5.04 0.160049 0.00601824 0.841962
3.6 5.16 0.158276 0.00660385 0.843276
3.6 5.28 0.156895 0.00732122 0.844056
3.6 5.4 0.155898 0.00806568 0.844445
3.6 5.52 0.15522 0.00874201 0.844579
3.6 5.64 0.154782 0.00935373 0.844523
3.6 5.76 0.1546 0.00951593 0.84461
3.6 5.88 0.154395 0.0105204 0.843864
3.72 0 0.153722 0.00654726 0.822571
3.72 0.12 0.153814 0.0064817 0.822473
3.72 0.24 0.154064 0.00607995 0.822675
3.72 0.36 0.15525 0.00562838 0.822945
3.72 0.48 0.156639 0.00515764 0.823086
3.72 0.6 0.15836 0.00473695 0.822968
3.72 0.72 0.160431 0.00444577 0.822369
3.72 0.84 0.162877 0.00437471 0.821247
3.72 0.96 0.165653 0.00462851 0.819468
3.72 1.08 0.168676 0.00533833 0.816897
3.72 1.2 0.171812 0.00668418 0.813436
3.72 1.32 0.174734 0.00893766 0.80897
3.72 1.44 0.177973 0.0125445 0.803332
3.72 1.56 0.180468 0.0182912 0.796068
3.72 1.68 0.181866 0.027655 0.786223
3.72 1.8 0.181465 0.0435011 0.771641
3.72 1.92 0.178114 0.071247 0.748094
3.72 2.04 0.170018 0.119875 0.708348
3.72 2.16 0.155202 0.199826 0.644007
3.72 2.28 0.1334 0.313015 0.553241
3.72 2.4 0.108347 0.441464 0.450357
3.72 2.52 0.0860749 0.555268 0.359279
3.72 2.64 0.0704907 0.635073 0.29564
3.72 2.76 0.0623186 0.677194 0.262392
3.72 2.88 0.0610624 0.683975 0.257562
3.72 3 0.0665784 0.656055 0.280618
3.72 3.12 0.0793152 0.591109 0.333409
3.72 3.24 0.0992573 0.489319 0.415863
3.72 3.36 0.123859 0.363605 0.517605
3.72 3.48 0.147569 0.241782 0.616311
3.72 3.6 0.165389 0.14852 0.6923
3.72 3.72 0.176145 0.0887508 0.741621
3.72 3.84 0.181421 0.0540222 0.771574
3.72 3.96 0.183142 0.0341263 0.790045
3.72 4.08 0.182683 0.0224477 0.802465
3.72 4.2 0.180865 0.0153276 0.811616
3.72 4.32 0.178265 0.0108662 0.818862
3.72 4.44 0.175232 0.0080635 0.824798
3.72 4.56 0.17207 0.00636387 0.8297
3.72 4.68 0.169012 0.00543709 0.833689
3.72 4.8 0.166223 0.0050709 0.836788
3.72 4.92 0.163805 0.00511571 0.839034
3.72 5.04 0.161743 0.00545434 0.840559
3.72 5.16 0.160432 0.00598533 0.841489
3.72 5.28 0.159457 0.00661552 0.841979
3.72 5.4 0.15879 0.00725835 0.842167
3.72 5.52 0.15836 0.00783594 0.842168
3.72 5.64 0.158092 0.00835525 0.84205
3.72 5.76 0.157988 0.00849034 0.842086
3.72 5.88 0.157825 0.00938056 0.841406
3.84 0 0.156863 0.00651704 0.818041
3.84 0.12 0.156914 0.00644924 0.81797
3.84 0.24 0.15705 0.00604435 0.818255
3.84 0.36 0.158035 0.00558262 0.818672
3.84 0.48 0.159138 0.005089 0.819055
3.84 0.6 0.160491 0.0046264 0.819296
3.84 0.72 0.16213 0.00426487 0.819186
3.84 0.84 0.164103 0.00408277 0.818682
3.84 0.96 0.166404 0.00416761 0.817627
3.84 1.08 0.16899 0.00462438 0.815867
3.84 1.2 0.171766 0.00559018 0.813291
3.84 1.32 0.174439 0.00726106 0.809811
3.84 1.44 0.17762 0.00993918 0.805351
3.84 1.56 0.180269 0.0141186 0.799683
3.84 1.68 0.182152 0.0206497 0.792354
3.84 1.8 0.182822 0.0310366 0.782317
3.84 1.92 0.181654 0.0479084 0.767604
3.84 2.04 0.17777 0.0754662 0.74486
3.84 2.16 0.170167 0.119061 0.709811
3.84 2.28 0.158242 0.182211 0.659416
3.84 2.4 0.142882 0.261254 0.596458
3.84 2.52 0.126874 0.342824 0.531516
3.84 2.64 0.113696 0.409869 0.478258
3.84 2.76 0.105889 0.44969 0.446919
3.84 2.88 0.104584 0.456453 0.442144
3.84 3 0.109919 0.429366 0.464533
3.84 3.12 0.121175 0.372081 0.511124
3.84 3.24 0.136397 0.294598 0.573932
3.84 3.36 0.152375 0.213018 0.640052
3.84 3.48 0.165913 0.142991 0.697008
3.84 3.6 0.175384 0.0919768 0.738962
3.84 3.72 0.180879 0.0586356 0.767019
3.84 3.84 0.18332 0.0380077 0.785619
3.84 3.96 0.183621 0.0252527 0.798336
3.84 4.08 0.18249 0.0172356 0.807747
3.84 4.2 0.180414 0.0120969 0.815163
3.84 4.32 0.177814 0.00878014 0.821251
3.84 4.44 0.17497 0.00667619 0.826281
3.84 4.56 0.172143 0.00541764 0.830384
3.84 4.68 0.16953 0.00477091 0.833629
3.84 4.8 0.167254 0.00457758 0.836026
3.84 4.92 0.165372 0.00472097 0.837626
3.84 5.04 0.163822 0.00510642 0.838586
3.84 5.16 0.162998 0.00564957 0.839053
3.84 5.28 0.162423 0.00627093 0.839185
3.84 5.4 0.162064 0.00689474 0.839113
3.84 5.52 0.161852 0.00745099 0.838934
3.84 5.64 0.161729 0.0079446 0.838701
3.84 5.76 0.161688 0.00808161 0.838683
3.84 5.88 0.161551 0.00892562 0.837998
3.96 0 0.160275 0.00709053 0.812779
3.96 0.12 0.160293 0.00700806 0.812731
3.96 0.24 0.160342 0.00654741 0.813112
3.96 0.36 0.161154 0.00601178 0.813687
3.96 0.48 0.162 0.00542486 0.814326
3.96 0.6 0.163007 0.0048516 0.814942
3.96 0.72 0.164209 0.00435969 0.815344
3.96 0.84 0.165677 0.00402081 0.815493
3.96 0.96 0.167434 0.00390953 0.815217
3.96 1.08 0.16948 0.00410914 0.814341
3.96 1.2 0.171766 0.00472152 0.812733
3.96 1.32 0.174039 0.00588412 0.810302
3.96 1.44 0.176992 0.00779644 0.807019
3.96 1.56 0.1796 0.0107617 0.802787
3.96 1.68 0.181707 0.0152565 0.797441
3.96 1.8 0.183001 0.0220407 0.790541
3.96 1.92 0.183122 0.032309 0.781287
3.96 2.04 0.181654 0.0478035 0.768325
3.96 2.16 0.178197 0.0706399 0.750004
3.96 2.28 0.172507 0.102358 0.724927
3.96 2.4 0.164886 0.142114 0.693642
3.96 2.52 0.156453 0.184993 0.659989
3.96 2.64 0.148961 0.222736 0.630474
3.96 2.76 0.144204 0.246647 0.612062
3.96 2.88 0.143335 0.250955 0.609315
3.96 3 0.146545 0.234654 0.622989
3.96 3.12 0.153042 0.20176 0.649877
3.96 3.24 0.161257 0.160129 0.683757
3.96 3.36 0.169368 0.11859 0.717599
3.96 3.48 0.175991 0.0835308 0.746415
3.96 3.6 0.180529 0.0572559 0.768485
3.96 3.72 0.183009 0.0389611 0.784475
3.96 3.84 0.183778 0.0267106 0.79634
3.96 3.96 0.183226 0.0185373 0.805327
3.96 4.08 0.181727 0.0130791 0.812546
3.96 4.2 0.179596 0.00943679 0.818517
3.96 4.32 0.177169 0.00704091 0.823509
3.96 4.44 0.174672 0.00552936 0.82759
3.96 4.56 0.172325 0.00466545 0.830805
3.96 4.68 0.170277 0.00428939 0.833199
3.96 4.8 0.168602 0.00428759 0.834787
3.96 4.92 0.167307 0.00457274 0.835651
3.96 5.04 0.166277 0.00507022 0.835968
3.96 5.16 0.165929 0.00570903 0.835905
3.96 5.28 0.165716 0.00641704 0.835619
3.96 5.4 0.165618 0.00712029 0.835235
3.96 5.52 0.165577 0.00774572 0.834826
3.96 5.64 0.165558 0.00829079 0.834401
3.96 5.76 0.165559 0.00846231 0.834319
3.96 5.88 0.165429 0.00934555 0.833538
4.08 0 0.163813 0.00848838 0.806752
4.08 0.12 0.163811 0.00837478 0.806728
4.08 0.24 0.163812 0.00778857 0.807231
4.08 0.36 0.164494 0.00709435 0.80799
4.08 0.48 0.165136 0.00632009 0.80891
4.08 0.6 0.165845 0.00554332 0.80992
4.08 0.72 0.166645 0.0048383 0.810849
4.08 0.84 0.167613 0.00427719 0.811667
4.08 0.96 0.168793 0.0039269 0.812196
4.08 1.08 0.170226 0.00385382 0.812248
4.08 1.2 0.171909 0.00413141 0.811667
4.08 1.32 0.173641 0.00485229 0.81034
4.08 1.44 0.176192 0.00614382 0.808246
4.08 1.56 0.17856 0.00818805 0.80535
4.08 1.68 0.180645 0.0112486 0.801634
4.08 1.8 0.182207 0.0157032 0.796959
4.08 1.92 0.183006 0.0220763 0.791072
4.08 2.04 0.182815 0.031034 0.78351
4.08 2.16 0.181483 0.0432706 0.773776
4.08 2.28 0.178971 0.0591518 0.76146
4.08 2.4 0.175486 0.0781281 0.746894
4.08 2.52 0.171574 0.0981359 0.73168
4.08 2.64 0.16803 0.115738 0.718429
4.08 2.76 0.165725 0.127031 0.710232
4.08 2.88 0.165254 0.129185 0.709255
4.08 3 0.166726 0.121662 0.715868
4.08 3.12 0.169742 0.106449 0.728534
4.08 3.24 0.173542 0.0871729 0.744444
4.08 3.36 0.177279 0.0676088 0.760634
4.08 3.48 0.18032 0.0504088 0.775136
4.08 3.6 0.182328 0.036674 0.787175
4.08 3.72 0.183214 0.0263557 0.79679
4.08 3.84 0.183078 0.018905 0.804764
4.08 3.96 0.182092 0.013605 0.811326
4.08 4.08 0.180493 0.00989764 0.816905
4.08 4.2 0.178512 0.00735884 0.821624
4.08 4.32 0.176437 0.00568614 0.825547
4.08 4.44 0.174446 0.0046683 0.828623
4.08 4.56 0.17271 0.0041578 0.830863
4.08 4.68 0.171323 0.00405076 0.832312
4.08 4.8 0.170303 0.00427097 0.833009
4.08 4.92 0.169605 0.00475693 0.833066
4.08 5.04 0.169065 0.00545101 0.832682
4.08 5.16 0.169145 0.00629086 0.832035
4.08 5.28 0.16923 0.00720422 0.831273
4.08 5.4 0.169321 0.00810826 0.83052
4.08 5.52 0.169388 0.00891387 0.829839
4.08 5.64 0.169424 0.00960444 0.829222
4.08 5.76 0.16944 0.00985058 0.829073
4.08 5.88 0.169295 0.0108798 0.828154
4.2 0 0.167287 0.0110532 0.79984
4.2 0.12 0.167279 0.0108834 0.79987
4.2 0.24 0.16728 0.0100702 0.800576
4.2 0.36 0.167889 0.00909396 0.801594
4.2 0.48 0.1684 0.00799584 0.802847
4.2 0.6 0.168888 0.00688085 0.804279
4.2 0.72 0.169355 0.00584197 0.805743
4.2 0.84 0.16987 0.00496056 0.80723
4.2 0.96 0.170489 0.00430148 0.808568
4.2 1.08 0.17128 0.00391818 0.809564
4.2 1.2 0.172289 0.00386053 0.810038
4.2 1.32 0.173366 0.00418549 0.80985
4.2 1.44 0.175359 0.00496831 0.808961
4.2 1.56 0.177301 0.00631295 0.807349
4.2 1.68 0.179141 0.0083616 0.805053
4.2 1.8 0.180689 0.0112999 0.802072
4.2 1.92 0.181754 0.015353 0.798392
4.2 2.04 0.182178 0.0207569 0.793911
4.2 2.16 0.181885 0.0276876 0.788562
4.2 2.28 0.180883 0.0361147 0.782298
4.2 2.4 0.179323 0.0456109 0.775362
4.2 2.52 0.177519 0.0551795 0.768548
4.2 2.64 0.17586 0.0633638 0.762876
4.2 2.76 0.174764 0.0685652 0.75959
4.2 2.88 0.174499 0.0696247 0.75951
4.2 3 0.17512 0.0663095 0.762767
4.2 3.12 0.176462 0.0594115 0.768794
4.2 3.24 0.178185 0.0503977 0.776518
4.2 3.36 0.179882 0.0408366 0.784734
4.2 3.48 0.181225 0.0319335 0.792638
4.2 3.6 0.181991 0.0243347 0.799793
4.2 3.72 0.182079 0.0182293 0.806028
4.2 3.84 0.181515 0.01355 0.811679
4.2 3.96 0.180409 0.0100637 0.816577
4.2 4.08 0.178942 0.00755415 0.820846
4.2 4.2 0.177305 0.00582498 0.824421
4.2 4.32 0.17575 0.0047186 0.827268
4.2 4.44 0.174402 0.0041167 0.829284
4.2 4.56 0.173376 0.00393404 0.830477
4.2 4.68 0.172705 0.00411083 0.830911
4.2 4.8 0.172347 0.00460334 0.830658
4.2 4.92 0.172211 0.00537373 0.829859
4.2 5.04 0.172089 0.00637923 0.828726
4.2 5.16 0.172519 0.0075618 0.827441
4.2 5.28 0.172809 0.0088407 0.826144
4.2 5.4 0.173002 0.0101112 0.824959
4.2 5.52 0.1731 0.0112505 0.82395
4.2 5.64 0.173131 0.0122166 0.823131
4.2 5.76 0.173132 0.0125962 0.82288
4.2 5.88 0.172937 0.0139119 0.821758
4.32 0 0.170432 0.0153901 0.791691
4.32 0.12 0.170437 0.0151195 0.791801
4.32 0.24 0.170497 0.0139121 0.792825
4.32 0.36 0.171109 0.0124504 0.794235
4.32 0.48 0.171585 0.0108066 0.795958
4.32 0.6 0.171956 0.00913819 0.797923
4.32 0.72 0.172194 0.00757528 0.799999
4.32 0.84 0.172346 0.00621924 0.802193
4.32 0.96 0.172468 0.00513736 0.804352
4.32 1.08 0.172646 0.00437131 0.806288
4.32 1.2 0.17296 0.00394833 0.807819
4.32 1.32 0.173318 0.0038936 0.808778
4.32 1.44 0.174634 0.00424096 0.809101
4.32 1.56 0.175993 0.00504015 0.808747
4.32 1.68 0.177399 0.00636031 0.807762
4.32 1.8 0.178702 0.00828712 0.806193
4.32 1.92 0.179744 0.0109112 0.80412
4.32 2.04 0.180387 0.0143028 0.80158
4.32 2.16 0.180563 0.0184702 0.798651
4.32 2.28 0.180269 0.0232963 0.795394
4.32 2.4 0.179598 0.0284777 0.791971
4.32 2.52 0.178746 0.0334829 0.788839
4.32 2.64 0.177927 0.037637 0.78641
4.32 2.76 0.177365 0.0402459 0.785211
4.32 2.88 0.177195 0.0408197 0.785534
4.32 3 0.177448 0.0392542 0.787427
4.32 3.12 0.178054 0.0358686 0.790696
4.32 3.24 0.178846 0.0312799 0.794944
4.32 3.36 0.179605 0.0261897 0.799644
4.32 3.48 0.180142 0.0212014 0.804462
4.32 3.6 0.180314 0.0167115 0.809133
4.32 3.72 0.18005 0.0129216 0.813452
4.32 3.84 0.179377 0.00989813 0.817589
4.32 3.96 0.178391 0.00758404 0.821231
4.32 4.08 0.177256 0.00590562 0.824363
4.32 4.2 0.176132 0.00477763 0.826834
4.32 4.32 0.175233 0.00412431 0.82858
4.32 4.44 0.174625 0.00388818 0.829484
4.32 4.56 0.17436 0.00403107 0.829578
4.32 4.68 0.174405 0.00453128 0.828954
4.32 4.8 0.174665 0.00537666 0.827712
4.32 4.92 0.175011 0.00655444 0.82601
4.32 5.04 0.175204 0.008038 0.824059
4.32 5.16 0.175869 0.00977198 0.822035
4.32 5.28 0.176248 0.0116592 0.820063
4.32 5.4 0.176432 0.0135553 0.818284
4.32 5.52 0.176466 0.0152762 0.81678
4.32 5.64 0.176415 0.01673 0.815582
4.32 5.76 0.176365 0.0173472 0.815163
4.32 5.88 0.176073 0.019151 0.813643
4.44 0 0.172861 0.0226926 0.781493
4.44 0.12 0.172908 0.0222275 0.781753
4.44 0.24 0.173118 0.0203094 0.783333
4.44 0.36 0.173845 0.0179779 0.785412
4.44 0.48 0.174415 0.0153795 0.787893
4.44 0.6 0.174808 0.0127744 0.79064
4.44 0.72 0.174953 0.010361 0.79351
4.44 0.84 0.174872 0.00827319 0.796522
4.44 0.96 0.174608 0.00657981 0.799549
4.44 1.08 0.174252 0.00530421 0.80243
4.44 1.2 0.173914 0.00444404 0.805002
4.44 1.32 0.173547 0.00398898 0.807089
4.44 1.44 0.174123 0.00393341 0.808606
4.44 1.56 0.174791 0.0042832 0.809485
4.44 1.68 0.175613 0.0050575 0.80975
4.44 1.8 0.176487 0.00628414 0.809449
4.44 1.92 0.177286 0.00798864 0.808686
4.44 2.04 0.177884 0.0101755 0.807544
4.44 2.16 0.178203 0.012804 0.806146
4.44 2.28 0.178215 0.0157593 0.804582
4.44 2.4 0.177958 0.0188329 0.802958
4.44 2.52 0.177554 0.0217161 0.801586
4.44 2.64 0.177129 0.0240589 0.800642
4.44 2.76 0.176817 0.0255216 0.800383
4.44 2.88 0.176695 0.0258713 0.800909
4.44 3 0.176784 0.0250554 0.802252
4.44 3.12 0.177052 0.0232161 0.804345
4.44 3.24 0.177409 0.0206437 0.807045
4.44 3.36 0.177722 0.017689 0.810087
4.44 3.48 0.177884 0.0146842 0.813333
4.44 3.6 0.177811 0.0118797 0.816601
4.44 3.72 0.177473 0.00943694 0.819702
4.44 3.84 0.176918 0.00744635 0.822726
4.44 3.96 0.176246 0.00591312 0.825312
4.44 4.08 0.175606 0.0048259 0.827383
4.44 4.2 0.175127 0.00415822 0.828757
4.44 4.32 0.174973 0.00388574 0.829375
4.44 4.44 0.175147 0.00399596 0.82914
4.44 4.56 0.175633 0.00449148 0.828112
4.44 4.68 0.176339 0.00538914 0.826409
4.44 4.8 0.177124 0.00671379 0.824141
4.44 4.92 0.177832 0.00848702 0.821467
4.44 5.04 0.178202 0.0107091 0.81857
4.44 5.16 0.178957 0.0133347 0.815605
4.44 5.28 0.179273 0.0162463 0.812684
4.44 5.4 0.179301 0.0192358 0.809976
4.44 5.52 0.179142 0.0220056 0.80763
4.44 5.64 0.178914 0.0243547 0.805735
4.44 5.76 0.178756 0.0254277 0.804979
4.44 5.88 0.17831 0.0280415 0.802791
4.56 0 0.173907 0.0355594 0.767312
4.56 0.12 0.174046 0.0346769 0.767893
4.56 0.24 0.174557 0.0313627 0.770558
4.56 0.36 0.175586 0.0273338 0.773942
4.56 0.48 0.176464 0.0229291 0.777832
4.56 0.6 0.177091 0.0186249 0.781919
4.56 0.72 0.177344 0.0147467 0.786002
4.56 0.84 0.17721 0.0114693 0.7901
4.56 0.96 0.176718 0.00884309 0.794138
4.56 1.08 0.175962 0.00684438 0.798014
4.56 1.2 0.175071 0.00541609 0.801616
4.56 1.32 0.174039 0.00449503 0.804792
4.56 1.44 0.173875 0.00402725 0.807457
4.56 1.56 0.173802 0.00397418 0.809523
4.56 1.68 0.173945 0.00431285 0.810986
4.56 1.8 0.174256 0.00503051 0.811869
4.56 1.92 0.174646 0.00611484 0.812265
4.56 2.04 0.175007 0.00754017 0.812264
4.56 2.16 0.175253 0.00925249 0.811993
4.56 2.28 0.175334 0.0111548 0.811552
4.56 2.4 0.175241 0.0131009 0.811014
4.56 2.52 0.175044 0.0148971 0.810628
4.56 2.64 0.174811 0.0163409 0.810479
4.56 2.76 0.174625 0.0172442 0.810717
4.56 2.88 0.174531 0.0174808 0.811377
4.56 3 0.174545 0.0170199 0.812496
4.56 3.12 0.174652 0.0159331 0.814045
4.56 3.24 0.174802 0.014374 0.81598
4.56 3.36 0.174917 0.0125383 0.818146
4.56 3.48 0.174942 0.0106249 0.82048
4.56 3.6 0.174843 0.00879853 0.822842
4.56 3.72 0.174628 0.00718153 0.825054
4.56 3.84 0.174366 0.0058605 0.827156
4.56 3.96 0.174159 0.00486413 0.828779
4.56 4.08 0.174133 0.00421274 0.829819
4.56 4.2 0.174377 0.00391666 0.830098
4.56 4.32 0.174998 0.00398982 0.829583
4.56 4.44 0.175932 0.00445933 0.828209
4.56 4.56 0.177102 0.00537018 0.826062
4.56 4.68 0.178363 0.00678664 0.823265
4.56 4.8 0.179536 0.00878798 0.819912
4.56 4.92 0.180449 0.0114571 0.816124
4.56 5.04 0.18082 0.0148561 0.812018
4.56 5.16 0.181458 0.0189852 0.807693
4.56 5.28 0.181482 0.0237226 0.803229
4.56 5.4 0.181112 0.0287643 0.798855
4.56 5.52 0.180519 0.0335927 0.794868
4.56 5.64 0.179905 0.0377413 0.791547
4.56 5.76 0.179525 0.0397911 0.790032
4.56 5.88 0.178806 0.0437795 0.786722
4.68 0 0.172237 0.0600686 0.744395
4.68 0.12 0.172584 0.0581913 0.745762
4.68 0.24 0.17373 0.0518509 0.750809
4.68 0.36 0.175465 0.0441626 0.757054
4.68 0.48 0.177075 0.0359932 0.763907
4.68 0.6 0.178319 0.0283217 0.770635
4.68 0.72 0.179 0.0217199 0.776879
4.68 0.84 0.179074 0.0163815 0.78267
4.68 0.96 0.17857 0.0122528 0.788059
4.68 1.08 0.177593 0.00917253 0.79308
4.68 1.2 0.176298 0.0069588 0.797743
4.68 1.32 0.174718 0.00544974 0.801971
4.68 1.44 0.173876 0.00451677 0.805718
4.68 1.56 0.17308 0.00406431 0.808898
4.68 1.68 0.17251 0.00402435 0.811489
4.68 1.8 0.172178 0.0043475 0.813484
4.68 1.92 0.172043 0.00499248 0.814949
4.68 2.04 0.172023 0.00591419 0.815958
4.68 2.16 0.172038 0.00705297 0.816626
4.68 2.28 0.172022 0.0083258 0.817053
4.68 2.4 0.171934 0.00962408 0.817295
4.68 2.52 0.171801 0.0108159 0.817574
4.68 2.64 0.171649 0.0117722 0.817943
4.68 2.76 0.171522 0.0123769 0.818508
4.68 2.88 0.171444 0.0125528 0.819285
4.68 3 0.171429 0.0122797 0.820322
4.68 3.12 0.171469 0.0115968 0.821596
4.68 3.24 0.171543 0.010594 0.823106
4.68 3.36 0.17161 0.00939071 0.824742
4.68 3.48 0.171657 0.00811561 0.826466
4.68 3.6 0.17169 0.00688372 0.828153
4.68 3.72 0.171748 0.00579014 0.829631
4.68 3.84 0.171911 0.0049154 0.830899
4.68 3.96 0.172273 0.00430034 0.8316
4.68 4.08 0.172928 0.00398671 0.831629
4.68 4.2 0.173914 0.0040138 0.830831
4.68 4.32 0.175277 0.00443046 0.829209
4.68 4.44 0.176894 0.00530579 0.826727
4.68 4.56 0.17863 0.00673773 0.823478
4.68 4.68 0.180297 0.00886059 0.819554
4.68 4.8 0.181686 0.0118492 0.814986
4.68 4.92 0.182602 0.0159153 0.809788
4.68 5.04 0.182733 0.0212817 0.803923
4.68 5.16 0.182933 0.0281122 0.797336
4.68 5.28 0.182267 0.0363711 0.790005
4.68 5.4 0.181023 0.0456322 0.782238
4.68 5.52 0.17949 0.0549198 0.774682
4.68 5.64 0.178033 0.0630715 0.76816
4.68 5.76 0.177159 0.0674381 0.764794
4.68 5.88 0.175962 0.0738191 0.759548
4.8 0 0.164962 0.110427 0.701415
4.8 0.12 0.165808 0.106072 0.70476
4.8 0.24 0.168353 0.0928039 0.715305
4.8 0.36 0.171731 0.076694 0.728209
4.8 0.48 0.175021 0.0600722 0.741794
4.8 0.6 0.177682 0.045189 0.754235
4.8 0.72 0.179392 0.0331336 0.764789
4.8 0.84 0.1801 0.0239873 0.773603
4.8 0.96 0.17989 0.0173091 0.781078
4.8 1.08 0.178929 0.0125402 0.787599
4.8 1.2 0.177421 0.00919423 0.793449
4.8 1.32 0.175451 0.0069032 0.798726
4.8 1.44 0.174049 0.0054055 0.803485
4.8 1.56 0.172605 0.0045189 0.807683
4.8 1.68 0.171351 0.0041169 0.811304
4.8 1.8 0.170356 0.00410899 0.814322
4.8 1.92 0.169631 0.00442489 0.816774
4.8 2.04 0.169133 0.00500116 0.818707
4.8 2.16 0.1688 0.00577106 0.820213
4.8 2.28 0.168563 0.00665776 0.821386
4.8 2.4 0.16836 0.00757261 0.822269
4.8 2.52 0.168187 0.0084165 0.823074
4.8 2.64 0.168037 0.00909829 0.823846
4.8 2.76 0.167924 0.00953807 0.824674
4.8 2.88 0.167854 0.00968306 0.82557
4.8 3 0.167838 0.00951773 0.826598
4.8 3.12 0.167874 0.00906486 0.827726
4.8 3.24 0.167961 0.00838156 0.828972
4.8 3.36 0.16809 0.00754732 0.830244
4.8 3.48 0.168281 0.00665288 0.831504
4.8 3.6 0.168568 0.00578577 0.832628
4.8 3.72 0.16901 0.00502622 0.833443
4.8 3.84 0.169687 0.00445364 0.833925
4.8 3.96 0.170671 0.00411955 0.833738
4.8 4.08 0.172015 0.00408541 0.832793
4.8 4.2 0.173704 0.0044186 0.830968
4.8 4.32 0.175724 0.00520569 0.828296
4.8 4.44 0.177898 0.00656773 0.824755
4.8 4.56 0.180046 0.00867838 0.820409
4.8 4.68 0.181939 0.0117885 0.815266
4.8 4.8 0.183331 0.0162575 0.809209
4.8 4.92 0.18398 0.0225858 0.802002
4.8 5.04 0.1835 0.0314165 0.793243
4.8 5.16 0.182696 0.0434254 0.782443
4.8 5.28 0.180543 0.0589803 0.769226
4.8 5.4 0.177388 0.0775497 0.753973
4.8 5.52 0.173751 0.097113 0.738149
4.8 5.64 0.170376 0.114637 0.724074
4.8 5.76 0.168352 0.124684 0.71613
4.8 5.88 0.166373 0.134963 0.707745
4.92 0 0.146547 0.214783 0.615871
4.92 0.12 0.148491 0.204854 0.623692
4.92 0.24 0.153937 0.176903 0.645947
4.92 0.36 0.160932 0.142163 0.673665
4.92 0.48 0.167969 0.106619 0.702414
4.92 0.6 0.17377 0.0758958 0.727489
4.92 0.72 0.177721 0.0524607 0.747084
4.92 0.84 0.179831 0.0359533 0.761717
4.92 0.96 0.180388 0.0247726 0.772756
4.92 1.08 0.179753 0.017285 0.78148
4.92 1.2 0.178264 0.0122668 0.7888
4.92 1.32 0.176094 0.00890858 0.79519
4.92 1.44 0.174285 0.00669775 0.80091
4.92 1.56 0.172315 0.00530897 0.80602
4.92 1.68 0.170458 0.00453106 0.810551
4.92 1.8 0.168836 0.00422079 0.814477
4.92 1.92 0.167511 0.00427391 0.817816
4.92 2.04 0.166487 0.00460557 0.820587
4.92 2.16 0.165728 0.00513792 0.822856
4.92 2.28 0.165177 0.00579252 0.824702
4.92 2.4 0.164766 0.00648794 0.826156
4.92 2.52 0.16447 0.00713978 0.827422
4.92 2.64 0.164258 0.00767491 0.828548
4.92 2.76 0.164121 0.00803046 0.829616
4.92 2.88 0.164051 0.00816485 0.830644
4.92 3 0.164055 0.00806388 0.831706
4.92 3.12 0.164134 0.00774116 0.832758
4.92 3.24 0.164305 0.00723666 0.833823
4.92 3.36 0.164584 0.00660947 0.834816
4.92 3.48 0.165011 0.00593166 0.835685
4.92 3.6 0.165643 0.00527855 0.836305
4.92 3.72 0.166541 0.00472606 0.836503
4.92 3.84 0.167774 0.00435895 0.836243
4.92 3.96 0.169382 0.00424147 0.835218
4.92 4.08 0.171372 0.00445644 0.833366
4.92 4.2 0.173677 0.00510227 0.830596
4.92 4.32 0.176227 0.00631095 0.826953
4.92 4.44 0.178806 0.00827391 0.822404
4.92 4.56 0.181189 0.0112814 0.816933
4.92 4.68 0.183103 0.015788 0.810379
4.92 4.8 0.184236 0.0225197 0.802318
4.92 4.92 0.184231 0.0326227 0.791972
4.92 5.04 0.182513 0.0477913 0.778064
4.92 5.16 0.179632 0.0701146 0.758951
4.92 5.28 0.17434 0.101181 0.73325
4.92 5.4 0.167059 0.140258 0.701491
4.92 5.52 0.15888 0.182557 0.667353
4.92 5.64 0.151489 0.220311 0.63693
4.92 5.76 0.147039 0.242669 0.619038
4.92 5.88 0.144218 0.257202 0.607216
5.04 0 0.111626 0.400807 0.465677
5.04 0.12 0.115172 0.382669 0.480095
5.04 0.24 0.124829 0.333163 0.519542
5.04 0.36 0.137957 0.266656 0.57252
5.04 0.48 0.152093 0.195055 0.630222
5.04 0.6 0.164229 0.132238 0.680965
5.04 0.72 0.172754 0.0857039 0.718986
5.04 0.84 0.177669 0.0549558 0.744921
5.04 0.96 0.179761 0.0357342 0.762299
5.04 1.08 0.179881 0.0238234 0.774499
5.04 1.2 0.178683 0.0163226 0.783813
5.04 1.32 0.176519 0.0115039 0.791482
5.04 1.44 0.174475 0.00838483 0.798155
5.04 1.56 0.172126 0.00640017 0.804086
5.04 1.68 0.169784 0.00521179 0.809395
5.04 1.8 0.167615 0.00460519 0.814093
5.04 1.92 0.16573 0.00443382 0.818194
5.04 2.04 0.164176 0.00458687 0.821699
5.04 2.16 0.162955 0.00497083 0.824647
5.04 2.28 0.162032 0.00549912 0.827097
5.04 2.4 0.161344 0.00608781 0.829067
5.04 2.52 0.16086 0.00665463 0.830753
5.04 2.64 0.160534 0.00713102 0.832207
5.04 2.76 0.16034 0.00745871 0.833506
5.04 2.88 0.16026 0.00759868 0.834677
5.04 3 0.160299 0.00753547 0.835801
5.04 3.12 0.16046 0.00727743 0.836819
5.04 3.24 0.160771 0.00685679 0.837752
5.04 3.36 0.161266 0.00632494 0.838518
5.04 3.48 0.161998 0.00574865 0.839047
5.04 3.6 0.163029 0.00520266 0.83921
5.04 3.72 0.164415 0.00476738 0.838841
5.04 3.84 0.166202 0.00453906 0.837902
5.04 3.96 0.168391 0.00459746 0.836116
5.04 4.08 0.170941 0.00504967 0.833452
5.04 4.2 0.173742 0.00603019 0.829839
5.04 4.32 0.176678 0.00772836 0.825313
5.04 4.44 0.179497 0.0104343 0.81979
5.04 4.56 0.181932 0.0146203 0.813106
5.04 4.68 0.183643 0.0210965 0.804799
5.04 4.8 0.184186 0.0312981 0.793853
5.04 4.92 0.182951 0.0477461 0.778367
5.04 5.04 0.178913 0.0745351 0.755098
5.04 5.16 0.171977 0.11701 0.719775
5.04 5.28 0.16051 0.178981 0.669215
5.04 5.4 0.145443 0.257279 0.605895
5.04 5.52 0.129517 0.338832 0.540151
5.04 5.64 0.116194 0.406755 0.485448
5.04 5.76 0.10849 0.445813 0.454062
5.04 5.88 0.105869 0.459236 0.443214
5.16 0 0.0681642 0.627929 0.28328
5.16 0.12 0.0722545 0.606953 0.299982
5.16 0.24 0.0837263 0.548046 0.346884
5.16 0.36 0.101715 0.456026 0.420041
5.16 0.48 0.124335 0.341274 0.512477
5.16 0.6 0.146298 0.228503 0.6032
5.16 0.72 0.162889 0.141113 0.673854
5.16 0.84 0.172894 0.0846308 0.720281
5.16 0.96 0.17772 0.0515365 0.748639
5.16 1.08 0.179183 0.0325804 0.766356
5.16 1.2 0.178594 0.0214617 0.778488
5.16 1.32 0.176648 0.0146832 0.78772
5.16 1.44 0.174538 0.0104276 0.795389
5.16 1.56 0.171961 0.00774111 0.802072
5.16 1.68 0.169268 0.00609868 0.80804
5.16 1.8 0.16666 0.00518987 0.813367
5.16 1.92 0.16429 0.0048155 0.818089
5.16 2.04 0.162246 0.00483379 0.8222
5.16 2.16 0.160568 0.00513178 0.825723
5.16 2.28 0.159249 0.00560976 0.828697
5.16 2.4 0.158244 0.00617407 0.831122
5.16 2.52 0.157526 0.0067353 0.833185
5.16 2.64 0.157046 0.00721909 0.83494
5.16 2.76 0.156769 0.00756231 0.836462
5.16 2.88 0.156668 0.00772176 0.837785
5.16 3 0.156756 0.00767827 0.838987
5.16 3.12 0.157026 0.00743741 0.839999
5.16 3.24 0.157519 0.00703054 0.840838
5.16 3.36 0.158274 0.00651095 0.841416
5.16 3.48 0.159349 0.00595061 0.841651
5.16 3.6 0.160801 0.00543293 0.841412
5.16 3.72 0.162663 0.0050499 0.840543
5.16 3.84 0.164965 0.00491397 0.839011
5.16 3.96 0.167655 0.00512278 0.836567
5.16 4.08 0.170657 0.00581053 0.833204
5.16 4.2 0.173823 0.00715379 0.828857
5.16 4.32 0.176998 0.00941443 0.823531
5.16 4.44 0.179902 0.0130191 0.817044
5.16 4.56 0.182212 0.0187168 0.808998
5.16 4.68 0.183478 0.0279088 0.798428
5.16 4.8 0.183017 0.0433159 0.783249
5.16 4.92 0.179711 0.0701162 0.759447
5.16 5.04 0.171649 0.11709 0.719944
5.16 5.16 0.157651 0.194935 0.656176
5.16 5.28 0.136294 0.306799 0.565487
5.16 5.4 0.111196 0.435921 0.461267
5.16 5.52 0.0884839 0.551993 0.367709
5.16 5.64 0.0723325 0.634334 0.301333
5.16 5.76 0.0638815 0.67734 0.266708
5.16 5.88 0.062779 0.682895 0.262216
5.28 0 0.0354216 0.797963 0.147001
5.28 0.12 0.0384543 0.782343 0.15941
5.28 0.24 0.0473787 0.736329 0.195932
5.28 0.36 0.0637885 0.651765 0.262906
5.28 0.48 0.0892133 0.522877 0.366957
5.28 0.6 0.119871 0.365842 0.493147
5.28 0.72 0.147085 0.224443 0.606948
5.28 0.84 0.164931 0.128205 0.685073
5.28 0.96 0.174076 0.0732891 0.730764
5.28 1.08 0.177621 0.0437892 0.756772
5.28 1.2 0.177984 0.0276518 0.772806
5.28 1.32 0.176456 0.0183579 0.783976
5.28 1.44 0.174434 0.0127376 0.792727
5.28 1.56 0.171767 0.00925307 0.800121
5.28 1.68 0.168852 0.00711882 0.806644
5.28 1.8 0.165923 0.00590099 0.812468
5.28 1.92 0.163164 0.00533723 0.81767
5.28 2.04 0.160699 0.00525059 0.822252
5.28 2.16 0.158603 0.00550618 0.826233
5.28 2.28 0.1569 0.00598812 0.829634
5.28 2.4 0.155569 0.0065882 0.832437
5.28 2.52 0.154596 0.00720306 0.834821
5.28 2.64 0.153938 0.0077446 0.83684
5.28 2.76 0.15356 0.00813713 0.838568
5.28 2.88 0.15343 0.00832757 0.84004
5.28 3 0.153574 0.00829081 0.84133
5.28 3.12 0.153971 0.00803147 0.842359
5.28 3.24 0.154666 0.00758552 0.843135
5.28 3.36 0.155701 0.007016 0.843568
5.28 3.48 0.157127 0.00640842 0.843562
5.28 3.6 0.158984 0.005862 0.842989
5.28 3.72 0.16128 0.00548528 0.841701
5.28 3.84 0.164025 0.00540974 0.839679
5.28 3.96 0.167118 0.00575202 0.836691
5.28 4.08 0.170455 0.00667536 0.832749
5.28 4.2 0.17386 0.008404 0.827769
5.28 4.32 0.177145 0.0112883 0.82172
5.28 4.44 0.180001 0.0159348 0.814261
5.28 4.56 0.18203 0.0234858 0.80466
5.28 4.68 0.182612 0.0362487 0.791193
5.28 4.8 0.180668 0.0590389 0.770045
5.28 4.92 0.174225 0.101474 0.7337
5.28 5.04 0.160018 0.179459 0.669255
5.28 5.16 0.136122 0.307196 0.565358
5.28 5.28 0.104285 0.47213 0.431977
5.28 5.4 0.0737945 0.628593 0.305736
5.28 5.52 0.0517649 0.74119 0.214932
5.28 5.64 0.0387371 0.807665 0.1613
5.28 5.76 0.0325738 0.839075 0.135966
5.28 5.88 0.0324837 0.839494 0.135657
5.4 0 0.0179277 0.888729 0.0743805
5.4 0.12 0.0197884 0.879024 0.0820153
5.4 0.24 0.0254518 0.849502 0.105249
5.4 0.36 0.0370732 0.788919 0.152844
5.4 0.48 0.0584368 0.680921 0.240487
5.4 0.6 0.0907971 0.515239 0.373725
5.4 0.72 0.126738 0.329319 0.523118
5.4 0.84 0.153987 0.185185 0.639453
5.4 0.96 0.168943 0.100809 0.708594
5.4 1.08 0.175303 0.0571454 0.745793
5.4 1.2 0.176934 0.0346135 0.766831
5.4 1.32 0.175981 0.0223183 0.780303
5.4 1.44 0.174164 0.0151649 0.790221
5.4 1.56 0.171517 0.0108256 0.798299
5.4 1.68 0.16849 0.0081846 0.805298
5.4 1.8 0.16535 0.0066609 0.81151
5.4 1.92 0.162305 0.00592119 0.817068
5.4 2.04 0.159505 0.00575113 0.821996
5.4 2.16 0.157057 0.00599328 0.826319
5.4 2.28 0.155012 0.00651454 0.830047
5.4 2.4 0.153374 0.00718997 0.833149
5.4 2.52 0.152151 0.00789796 0.835793
5.4 2.64 0.151311 0.00853145 0.838036
5.4 2.76 0.150827 0.00899656 0.839943
5.4 2.88 0.150665 0.00922592 0.841552
5.4 3 0.150864 0.00918674 0.842931
5.4 3.12 0.151391 0.00888404 0.843993
5.4 3.24 0.15229 0.00836268 0.844738
5.4 3.36 0.153597 0.00770132 0.845069
5.4 3.48 0.155349 0.00700493 0.844881
5.4 3.6 0.157567 0.00639298 0.844045
5.4 3.72 0.16023 0.00599302 0.842421
5.4 3.84 0.163328 0.00595628 0.840006
5.4 3.96 0.166721 0.00641796 0.836581
5.4 4.08 0.170284 0.00757065 0.832166
5.4 4.2 0.173822 0.00968966 0.826645
5.4 4.32 0.177117 0.0132263 0.819941
5.4 4.44 0.179826 0.0190053 0.811506
5.4 4.56 0.181457 0.0286763 0.80018
5.4 4.68 0.181158 0.0457821 0.783216
5.4 4.8 0.177282 0.0780968 0.75438
5.4 4.92 0.166686 0.141334 0.701322
5.4 5.04 0.144724 0.258704 0.605179
5.4 5.16 0.11084 0.436998 0.460589
5.4 5.28 0.0736833 0.628897 0.305492
5.4 5.4 0.0455827 0.77315 0.189044
5.4 5.52 0.0289506 0.858286 0.120318
5.4 5.64 0.0203311 0.902378 0.0847249
5.4 5.76 0.016498 0.921973 0.0689054
5.4 5.88 0.0166363 0.92129 0.0695174
5.52 0 0.0097548 0.931308 0.0404549
5.52 0.12 0.0109123 0.925112 0.0452262
5.52 0.24 0.0145044 0.90599 0.0600285
5.52 0.36 0.0223236 0.864463 0.0922015
5.52 0.48 0.0382866 0.784143 0.157935
5.52 0.6 0.0669131 0.637525 0.276085
5.52 0.72 0.106184 0.43452 0.439209
5.52 0.84 0.141657 0.248277 0.589167
5.52 0.96 0.162979 0.131466 0.684162
5.52 1.08 0.172575 0.0714719 0.734306
5.52 1.2 0.175648 0.0417435 0.760995
5.52 1.32 0.175344 0.0262267 0.77694
5.52 1.44 0.173797 0.0175048 0.788031
5.52 1.56 0.171239 0.0123245 0.796742
5.52 1.68 0.168179 0.00919961 0.804137
5.52 1.8 0.164917 0.00739179 0.810643
5.52 1.92 0.161679 0.00649531 0.816451
5.52 2.04 0.158636 0.00625929 0.821614
5.52 2.16 0.155915 0.00650507 0.826168
5.52 2.28 0.153592 0.00708337 0.830118
5.52 2.4 0.151694 0.0078526 0.833425
5.52 2.52 0.150251 0.00867171 0.836254
5.52 2.64 0.149247 0.00941263 0.83866
5.52 2.76 0.148663 0.00996059 0.840708
5.52 2.88 0.148472 0.0102317 0.842428
5.52 3 0.148719 0.0101846 0.843887
5.52 3.12 0.149364 0.00982568 0.844992
5.52 3.24 0.150446 0.00921117 0.845736
5.52 3.36 0.151991 0.00843841 0.846014
5.52 3.48 0.15402 0.00763441 0.845711
5.52 3.6 0.156532 0.0069401 0.844699
5.52 3.72 0.159481 0.00650195 0.842831
5.52 3.84 0.162838 0.0064897 0.840124
5.52 3.96 0.166436 0.00705513 0.836368
5.52 4.08 0.170134 0.00841839 0.831587
5.52 4.2 0.173727 0.0109052 0.825621
5.52 4.32 0.176969 0.0150714 0.818349
5.52 4.44 0.17948 0.021978 0.808988
5.52 4.56 0.180661 0.0338489 0.795901
5.52 4.68 0.179385 0.0556769 0.775143
5.52 4.8 0.173338 0.0987289 0.737649
5.52 4.92 0.158114 0.185289 0.665826
5.52 5.04 0.128441 0.34203 0.537962
5.52 5.16 0.0879347 0.55396 0.366248
5.52 5.28 0.0516167 0.741559 0.214567
5.52 5.4 0.0289543 0.858115 0.120384
5.52 5.52 0.0171875 0.918527 0.0715643
5.52 5.64 0.0115247 0.947606 0.048068
5.52 5.76 0.00907904 0.960208 0.0379206
5.52 5.88 0.00919213 0.959662 0.0384033
5.64 0 0.00608243 0.950578 0.0251976
5.64 0.12 0.00689286 0.946125 0.0285562
5.64 0.24 0.00943405 0.932242 0.0390856
5.64 0.36 0.0151072 0.90136 0.06255
5.64 0.48 0.0273189 0.840335 0.113051
5.64 0.6 0.0515049 0.716366 0.213194
5.64 0.72 0.0900186 0.517102 0.373407
5.64 0.84 0.130556 0.304762 0.544227
5.64 0.96 0.157329 0.16004 0.661489
5.64 1.08 0.169952 0.08468 0.723841
5.64 1.2 0.174386 0.0481427 0.755886
5.64 1.32 0.174682 0.0296502 0.774119
5.64 1.44 0.173414 0.0195225 0.786258
5.64 1.56 0.17097 0.0136075 0.795502
5.64 1.68 0.167925 0.0100682 0.803209
5.64 1.8 0.164604 0.00802138 0.809924
5.64 1.92 0.161252 0.00699639 0.815895
5.64 2.04 0.15805 0.00671058 0.821205
5.64 2.16 0.155142 0.00696728 0.825897
5.64 2.28 0.152619 0.00760376 0.82998
5.64 2.4 0.150529 0.00846402 0.833412
5.64 2.52 0.148917 0.00938913 0.836347
5.64 2.64 0.147784 0.0102319 0.838856
5.64 2.76 0.147121 0.0108578 0.841006
5.64 2.88 0.146905 0.0111671 0.842805
5.64 3 0.147189 0.0111104 0.844318
5.64 3.12 0.147929 0.0106958 0.845469
5.64 3.24 0.149154 0.00999087 0.84623
5.64 3.36 0.150879 0.00911106 0.846491
5.64 3.48 0.153113 0.0082041 0.846139
5.64 3.6 0.155837 0.0074299 0.845047
5.64 3.72 0.158985 0.00695124 0.843011
5.64 3.84 0.162517 0.00695444 0.840094
5.64 3.96 0.166236 0.00760385 0.836105
5.64 4.08 0.170002 0.00914324 0.831063
5.64 4.2 0.173602 0.0119427 0.824755
5.64 4.32 0.176769 0.0166525 0.817027
5.64 4.44 0.179078 0.0245532 0.806876
5.64 4.56 0.179834 0.0384159 0.792209
5.64 4.68 0.177645 0.0646333 0.767918
5.64 4.8 0.169572 0.117769 0.722293
5.64 4.92 0.150195 0.225392 0.633518
5.64 5.04 0.114673 0.412129 0.481464
5.64 5.16 0.0716491 0.636967 0.299311
5.64 5.28 0.0386365 0.807747 0.161137
5.64 5.4 0.0204103 0.901736 0.08512
5.64 5.52 0.0115931 0.947201 0.0483703
5.64 5.64 0.00749305 0.96845 0.0312671
5.64 5.76 0.00574143 0.97757 0.0239579
5.64 5.88 0.00580367 0.97735 0.0242143
5.76 0 0.00463568 0.958127 0.0191895
5.76 0.12 0.00530803 0.954409 0.0219868
5.76 0.24 0.00741042 0.942801 0.0307375
5.76 0.36 0.0121304 0.916121 0.0503327
5.76 0.48 0.0224825 0.865203 0.0932846
5.76 0.6 0.0438833 0.755304 0.182117
5.76 0.72 0.080641 0.564901 0.335292
5.76 0.84 0.123138 0.342341 0.514322
5.76 0.96 0.15329 0.180451 0.645283
5.76 1.08 0.167999 0.094348 0.716287
5.76 1.2 0.173416 0.0528526 0.752142
5.76 1.32 0.174103 0.0321708 0.772062
5.76 1.44 0.1731 0.0210089 0.78498
5.76 1.56 0.170754 0.0145551 0.794605
5.76 1.68 0.167741 0.0107137 0.802534
5.76 1.8 0.164403 0.00849385 0.809375
5.76 1.92 0.160998 0.00737739 0.815438
5.76 2.04 0.157715 0.00705806 0.820829
5.76 2.16 0.154704 0.00732565 0.825581
5.76 2.28 0.152066 0.00800758 0.829711
5.76 2.4 0.149862 0.00893933 0.833253
5.76 2.52 0.148148 0.00994272 0.836174
5.76 2.64 0.146935 0.0108622 0.838718
5.76 2.76 0.146223 0.0115467 0.840984
5.76 2.88 0.145986 0.0118844 0.842823
5.76 3 0.146299 0.0118197 0.844317
5.76 3.12 0.147096 0.0113626 0.845504
5.76 3.24 0.148408 0.010589 0.846286
5.76 3.36 0.150244 0.00962818 0.846562
5.76 3.48 0.152598 0.00864499 0.846193
5.76 3.6 0.155444 0.00780891 0.845271
5.76 3.72 0.158696 0.00729594 0.843029
5.76 3.84 0.162353 0.0073104 0.839931
5.76 3.96 0.166103 0.00801927 0.835805
5.76 4.08 0.169891 0.00968615 0.83061
5.76 4.2 0.173471 0.0127141 0.824064
5.76 4.32 0.1766 0.0178234 0.81603
5.76 4.44 0.178719 0.0264577 0.805293
5.76 4.56 0.179154 0.0417934 0.789541
5.76 4.68 0.176297 0.071238 0.762586
5.76 4.8 0.166782 0.13162 0.711094
5.76 4.92 0.144681 0.253177 0.611126
5.76 5.04 0.106017 0.455813 0.446218
5.76 5.16 0.062947 0.681194 0.263586
5.76 5.28 0.0325858 0.838469 0.136259
5.76 5.4 0.0167595 0.920266 0.0700671
5.76 5.52 0.00931539 0.958787 0.0389373
5.76 5.64 0.00588826 0.976679 0.0245821
5.76 5.76 0.00442716 0.984338 0.0184608
5.76 5.88 0.00446306 0.984302 0.0185999
5.88 0 0.00387526 0.962153 0.0160134
5.88 0.12 0.00448276 0.95873 0.0185522
5.88 0.24 0.00639069 0.948184 0.0265223
5.88 0.36 0.0106258 0.926034 0.044185
5.88 0.48 0.0198226 0.878822 0.0824791
5.88 0.6 0.0388542 0.780931 0.161714
5.88 0.72 0.0726124 0.605837 0.302665
5.88 0.84 0.114798 0.384876 0.48042
5.88 0.96 0.147539 0.209439 0.622201
5.88 1.08 0.164762 0.110644 0.703276
5.88 1.2 0.171645 0.0618938 0.744952
5.88 1.32 0.173317 0.0375097 0.767779
5.88 1.44 0.172463 0.0243988 0.782193
5.88 1.56 0.170299 0.0168489 0.792665
5.88 1.68 0.16738 0.0123636 0.801068
5.88 1.8 0.164075 0.00977072 0.808205
5.88 1.92 0.160648 0.00846205 0.814426
5.88 2.04 0.157301 0.00808212 0.819887
5.88 2.16 0.154192 0.00838887 0.824646
5.88 2.28 0.151437 0.00918323 0.828734
5.88 2.4 0.149121 0.0102724 0.832195
5.88 2.52 0.147299 0.0114589 0.835126
5.88 2.64 0.146 0.0125458 0.837637
5.88 2.76 0.14523 0.0133558 0.8398
5.88 2.88 0.144998 0.0137547 0.841662
5.88 3 0.145308 0.0136752 0.84324
5.88 3.12 0.146165 0.0131304 0.84451
5.88 3.24 0.147569 0.0122122 0.845391
5.88 3.36 0.14952 0.0110762 0.845763
5.88 3.48 0.152001 0.00991603 0.84549
5.88 3.6 0.154967 0.00893952 0.844381
5.88 3.72 0.158346 0.00835498 0.842284
5.88 3.84 0.162018 0.0083665 0.839109
5.88 3.96 0.165833 0.00919799 0.834829
5.88 4.08 0.169605 0.011144 0.829347
5.88 4.2 0.173116 0.0146739 0.822462
5.88 4.32 0.176044 0.0206369 0.813672
5.88 4.44 0.177896 0.0307482 0.801754
5.88 4.56 0.177777 0.0488002 0.783724
5.88 4.68 0.173855 0.0835702 0.752579
5.88 4.8 0.16231 0.154215 0.692963
5.88 4.92 0.137151 0.291448 0.580211
5.88 5.04 0.0969601 0.503156 0.408006
5.88 5.16 0.0559379 0.716827 0.234778
5.88 5.28 0.0288379 0.857401 0.120915
5.88 5.4 0.0148521 0.929851 0.0622488
5.88 5.52 0.00819703 0.964428 0.0343121
5.88 5.64 0.00510328 0.980648 0.0213037
5.88 5.76 0.00378974 0.987614 0.0157752
5.88 5.88 0.00373325 0.988007 0.0155224
