0 0 28.1333 -1.17624 28.1333
0 0.2 27.2288 -1.85368 27.2288
0 0.4 29.7483 1.56413 29.7483
0 0.6 27.3059 2.04096 27.3059
0 0.8 15.2641 -0.0661924 15.2641
0 1 -1.20721 5.77102 -1.20721
0 1.2 -3.01309 18.8861 -3.01309
0 1.4 -2.54814 24.4029 -2.54814
0 1.6 -3.11384 25.5551 -3.11384
0 1.8 -3.99278 25.3691 -3.99278
0 2 -4.83048 24.8427 -4.83048
0 2.2 -5.41823 24.3968 -5.41823
0 2.4 -5.58814 24.289 -5.58814
0 2.6 -5.27889 24.6233 -5.27889
0 2.8 -4.58103 25.3156 -4.58103
0 3 -3.66345 26.193 -3.66345
0 3.2 -2.69845 27.0574 -2.69845
0 3.4 -1.78962 27.7477 -1.78962
0 3.6 -1.04107 28.0368 -1.04107
0 3.8 -0.67637 27.2961 -0.67637
0 4 -1.56868 22.9586 -1.56868
0 4.2 -3.50878 8.57893 -3.50878
0 4.4 9.25225 -3.73657 9.25225
0 4.6 22.5444 -2.02607 22.5444
0 4.8 25.7164 -1.3136 25.7164
0 5 23.3831 -1.81175 23.3831
0 5.2 11.4969 -3.77641 11.4969
0 5.4 -3.11779 6.18679 -3.11779
0 5.6 -1.91918 21.7122 -1.91918
0 5.8 -0.74313 26.9572 -0.74313
0 6 -1.03476 27.9368 -1.03476
0 6.2 -1.75306 27.7362 -1.75306
0 6.4 -2.61844 27.1147 -2.61844
0 6.6 -3.544 26.3018 -3.544
0 6.8 -4.46428 25.4261 -4.46428
0 7 -5.24693 24.6526 -5.24693
0 7.2 -5.72541 24.1534 -5.72541
0 7.4 -5.73066 24.0935 -5.73066
0 7.6 -5.25823 24.4529 -5.25823
0 7.8 -4.46986 25.0038 -4.46986
0 8 -3.55705 25.4 -3.55705
0 8.2 -2.75619 25.0102 -2.75619
0 8.4 -2.64476 21.9042 -2.64476
0 8.6 -2.99157 11.7415 -2.99157
0 8.8 7.28504 0.53595 7.28504
0 9 23.5417 1.42479 23.5417
0 9.2 29.4971 2.33445 29.4971
0 9.4 32.2144 3.47798 32.2144
0 9.6 37.0071 7.77515 37.0071
0 9.8 10.83 -18.5494 10.83
0.12 0 14.4301 -14.7974 14.4301
0.12 0.2 13.1104 -15.8731 13.1104
0.12 0.4 14.6777 -13.3338 14.6777
0.12 0.6 11.8159 -13.0624 11.8159
0.12 0.8 -0.720483 -15.1468 -0.720483
0.12 1 -16.5991 -8.81247 -16.5991
0.12 1.2 -18.1549 3.98219 -18.1549
0.12 1.4 -17.8438 9.16358 -17.8438
0.12 1.6 -18.5355 10.145 -18.5355
0.12 1.8 -19.4901 9.8708 -19.4901
0.12 2 -20.3761 9.29178 -20.3761
0.12 2.2 -20.9944 8.8133 -20.9944
0.12 2.4 -21.1673 8.70203 -21.1673
0.12 2.6 -20.8414 9.053 -20.8414
0.12 2.8 -20.106 9.78238 -20.106
0.12 3 -19.1417 10.706 -19.1417
0.12 3.2 -18.1259 11.6207 -18.1259
0.12 3.4 -17.1626 12.3643 -17.1626
0.12 3.6 -16.3366 12.7288 -16.3366
0.12 3.8 -15.8692 12.0869 -15.8692
0.12 4 -16.678 7.82838 -16.678
0.12 4.2 -18.6257 -6.52473 -18.6257
0.12 4.4 -5.99804 -18.8834 -5.99804
0.12 4.6 7.28226 -17.2342 7.28226
0.12 4.8 10.4463 -16.5517 10.4463
0.12 5 8.13802 -17.0194 8.13802
0.12 5.2 -3.70863 -18.936 -3.70863
0.12 5.4 -18.2157 -8.95924 -18.2157
0.12 5.6 -17.0036 6.58785 -17.0036
0.12 5.8 -15.8548 11.8255 -15.8548
0.12 6 -16.2055 12.753 -16.2055
0.12 6.2 -16.9862 12.4929 -16.9862
0.12 6.4 -17.9313 11.7927 -17.9313
0.12 6.6 -18.9553 10.8817 -18.9553
0.12 6.8 -19.9673 9.91428 -19.9673
0.12 7 -20.8091 9.08194 -20.8091
0.12 7.2 -21.3144 8.55579 -21.3144
0.12 7.4 -21.3171 8.4992 -21.3171
0.12 7.6 -20.8213 8.88349 -20.8213
0.12 7.8 -19.9906 9.4802 -19.9906
0.12 8 -19.0121 9.95091 -19.0121
0.12 8.2 -18.1051 9.69657 -18.1051
0.12 8.4 -17.8388 6.86144 -17.8388
0.12 8.6 -18.1673 -2.84156 -18.1673
0.12 8.8 -8.72184 -14.2786 -8.72184
0.12 9 7.72142 -13.7378 7.72142
0.12 9.2 14.1712 -12.7172 14.1712
0.12 9.4 16.8608 -11.7354 16.8608
0.12 9.6 21.7628 -7.37048 21.7628
0.12 9.8 -5.44424 -34.7426 -5.44424
0.24 0 24.1299 -4.87746 24.1299
0.24 0.2 27.3972 -1.31838 27.3972
0.24 0.4 28.0722 0.535936 28.0722
0.24 0.6 24.0339 0.280694 24.0339
0.24 0.8 10.0548 -1.69231 10.0548
0.24 1 -3.70409 6.59367 -3.70409
0.24 1.2 -4.09766 18.9496 -4.09766
0.24 1.4 -3.83427 23.4766 -3.83427
0.24 1.6 -4.50856 24.295 -4.50856
0.24 1.8 -5.39718 24.0247 -5.39718
0.24 2 -6.22264 23.4816 -6.22264
0.24 2.2 -6.79246 23.0401 -6.79246
0.24 2.4 -6.93547 22.9553 -6.93547
0.24 2.6 -6.61389 23.3003 -6.61389
0.24 2.8 -5.9064 24.0005 -5.9064
0.24 3 -4.99385 24.8726 -4.99385
0.24 3.2 -4.03354 25.7345 -4.03354
0.24 3.4 -3.12575 26.4266 -3.12575
0.24 3.6 -2.34872 26.7537 -2.34872
0.24 3.8 -1.92892 26.0908 -1.92892
0.24 4 -2.7626 21.8763 -2.7626
0.24 4.2 -4.82926 7.51001 -4.82926
0.24 4.4 7.81241 -5.06073 7.81241
0.24 4.6 21.3289 -3.2605 21.3289
0.24 4.8 24.4869 -2.57945 24.4869
0.24 5 22.1834 -3.07982 22.1834
0.24 5.2 10.3283 -5.08314 10.3283
0.24 5.4 -4.40471 4.8485 -4.40471
0.24 5.6 -3.05931 20.6191 -3.05931
0.24 5.8 -1.90908 25.8302 -1.90908
0.24 6 -2.24279 26.752 -2.24279
0.24 6.2 -2.96948 26.5362 -2.96948
0.24 6.4 -3.8652 25.8804 -3.8652
0.24 6.6 -4.83785 25.0182 -4.83785
0.24 6.8 -5.7963 24.1025 -5.7963
0.24 7 -6.59517 23.3149 -6.59517
0.24 7.2 -7.08127 22.808 -7.08127
0.24 7.4 -7.08351 22.7563 -7.08351
0.24 7.6 -6.62246 23.1138 -6.62246
0.24 7.8 -5.8448 23.6769 -5.8448
0.24 8 -4.92975 24.1294 -4.92975
0.24 8.2 -4.07895 23.9422 -4.07895
0.24 8.4 -3.79862 21.5234 -3.79862
0.24 8.6 -4.43197 12.8204 -4.43197
0.24 8.8 2.2241 0.2102 2.2241
0.24 9 18.8691 -0.611107 18.8691
0.24 9.2 26.9918 0.901524 26.9918
0.24 9.4 30.3682 2.16266 30.3682
0.24 9.6 34.8969 6.01145 34.8969
0.24 9.8 10.3548 -18.7212 10.3548
0.36 0 23.8766 -4.59062 23.8766
0.36 0.2 26.7847 -1.28428 26.7847
0.36 0.4 26.6266 0.197317 26.6266
0.36 0.6 20.5336 -0.748314 20.5336
0.36 0.8 5.14494 -1.67219 5.14494
0.36 1 -4.63571 9.21325 -4.63571
0.36 1.2 -4.12558 20.0709 -4.12558
0.36 1.4 -4.06216 23.6046 -4.06216
0.36 1.6 -4.78338 24.1494 -4.78338
0.36 1.8 -5.66599 23.8078 -5.66599
0.36 2 -6.47864 23.2468 -6.47864
0.36 2.2 -7.03567 22.8044 -7.03567
0.36 2.4 -7.15945 22.7327 -7.15945
0.36 2.6 -6.82698 23.0867 -6.82698
0.36 2.8 -6.11274 23.7926 -6.11274
0.36 3 -5.1981 24.6672 -5.1981
0.36 3.2 -4.23577 25.5329 -4.23577
0.36 3.4 -3.32754 26.2288 -3.32754
0.36 3.6 -2.5474 26.566 -2.5474
0.36 3.8 -2.11826 25.9297 -2.11826
0.36 4 -2.93786 21.7765 -2.93786
0.36 4.2 -5.06787 7.43727 -5.06787
0.36 4.4 7.53928 -5.28207 7.53928
0.36 4.6 21.1512 -3.45473 21.1512
0.36 4.8 24.3284 -2.76189 24.3284
0.36 5 22.059 -3.2536 22.059
0.36 5.2 10.2185 -5.29505 10.2185
0.36 5.4 -4.62287 4.60927 -4.62287
0.36 5.6 -3.25795 20.4511 -3.25795
0.36 5.8 -2.09938 25.6589 -2.09938
0.36 6 -2.44075 26.5627 -2.44075
0.36 6.2 -3.16862 26.3403 -3.16862
0.36 6.4 -4.06376 25.682 -4.06376
0.36 6.6 -5.03919 24.8157 -5.03919
0.36 6.8 -6.00092 23.8956 -6.00092
0.36 7 -6.80532 23.1031 -6.80532
0.36 7.2 -7.3056 22.5834 -7.3056
0.36 7.4 -7.32186 22.522 -7.32186
0.36 7.6 -6.87548 22.8754 -6.87548
0.36 7.8 -6.11201 23.4486 -6.11201
0.36 8 -5.20702 23.9472 -5.20702
0.36 8.2 -4.33832 23.9294 -4.33832
0.36 8.4 -3.92133 22.1419 -3.92133
0.36 8.6 -4.56452 15.1279 -4.56452
0.36 8.8 -1.33227 2.10079 -1.33227
0.36 9 13.7773 -1.71085 13.7773
0.36 9.2 24.4691 0.179794 24.4691
0.36 9.4 29.3137 2.01927 29.3137
0.36 9.6 34.3474 6.08012 34.3474
0.36 9.8 10.0606 -18.4836 10.0606
0.48 0 22.7475 -4.5739 22.7475
0.48 0.2 25.2627 -1.43771 25.2627
0.48 0.4 23.5495 -0.5719 23.5495
0.48 0.6 14.5086 -2.08183 14.5086
0.48 0.8 -0.212741 0.120125 -0.212741
0.48 1 -4.87928 12.8938 -4.87928
0.48 1.2 -3.99851 21.4195 -3.99851
0.48 1.4 -4.1701 23.891 -4.1701
0.48 1.6 -4.93247 24.1534 -4.93247
0.48 1.8 -5.80398 23.7385 -5.80398
0.48 2 -6.59732 23.163 -6.59732
0.48 2.2 -7.13474 22.7257 -7.13474
0.48 2.4 -7.23805 22.6677 -7.23805
0.48 2.6 -6.88881 23.036 -6.88881
0.48 2.8 -6.16462 23.7509 -6.16462
0.48 3 -5.2455 24.6299 -5.2455
0.48 3.2 -4.28026 25.4992 -4.28026
0.48 3.4 -3.37043 26.1987 -3.37043
0.48 3.6 -2.59004 26.5402 -2.59004
0.48 3.8 -2.15655 25.9185 -2.15655
0.48 4 -2.96024 21.8122 -2.96024
0.48 4.2 -5.1169 7.51798 -5.1169
0.48 4.4 7.44182 -5.31774 7.44182
0.48 4.6 21.1154 -3.49575 21.1154
0.48 4.8 24.3122 -2.79814 24.3122
0.48 5 22.0695 -3.27899 22.0695
0.48 5.2 10.2534 -5.32708 10.2534
0.48 5.4 -4.65268 4.55582 -4.65268
0.48 5.6 -3.29608 20.4291 -3.29608
0.48 5.8 -2.13845 25.6363 -2.13845
0.48 6 -2.48172 26.5351 -2.48172
0.48 6.2 -3.20998 26.3102 -3.20998
0.48 6.4 -4.10529 25.6503 -4.10529
0.48 6.6 -5.08246 24.7816 -5.08246
0.48 6.8 -6.04901 23.8565 -6.04901
0.48 7 -6.86276 23.0555 -6.86276
0.48 7.2 -7.38065 22.52 -7.38065
0.48 7.4 -7.41724 22.4427 -7.41724
0.48 7.6 -6.98947 22.7885 -6.98947
0.48 7.8 -6.24449 23.3696 -6.24449
0.48 8 -5.35593 23.9129 -5.35593
0.48 8.2 -4.47762 24.0647 -4.47762
0.48 8.4 -3.92638 22.9138 -3.92638
0.48 8.6 -4.33961 17.8643 -4.33961
0.48 8.8 -3.91138 6.02766 -3.91138
0.48 9 6.62816 -2.12519 6.62816
0.48 9.2 19.5866 -1.07157 19.5866
0.48 9.4 26.9429 1.56533 26.9429
0.48 9.6 33.0051 6.03107 33.0051
0.48 9.8 9.12214 -18.3174 9.12214
0.6 0 19.358 -5.39545 19.358
0.6 0.2 21.2667 -2.40645 21.2667
0.6 0.4 17.1424 -2.20273 17.1424
0.6 0.6 5.90379 -2.68943 5.90379
0.6 0.8 -4.00696 4.65706 -4.00696
0.6 1 -4.5799 16.8051 -4.5799
0.6 1.2 -3.88086 22.6598 -3.88086
0.6 1.4 -4.25604 24.1838 -4.25604
0.6 1.6 -5.0386 24.1954 -5.0386
0.6 1.8 -5.88795 23.7173 -5.88795
0.6 2 -6.65204 23.1356 -6.65204
0.6 2.2 -7.16077 22.7114 -7.16077
0.6 2.4 -7.23875 22.6716 -7.23875
0.6 2.6 -6.86927 23.0575 -6.86927
0.6 2.8 -6.1335 23.7828 -6.1335
0.6 3 -5.21026 24.6659 -5.21026
0.6 3.2 -4.24522 25.5355 -4.24522
0.6 3.4 -3.33638 26.2353 -3.33638
0.6 3.6 -2.55806 26.578 -2.55806
0.6 3.8 -2.12583 25.9631 -2.12583
0.6 4 -2.92673 21.8839 -2.92673
0.6 4.2 -5.11463 7.62078 -5.11463
0.6 4.4 7.38855 -5.30544 7.38855
0.6 4.6 21.1222 -3.48167 21.1222
0.6 4.8 24.3464 -2.77189 24.3464
0.6 5 22.1166 -3.25114 22.1166
0.6 5.2 10.3095 -5.3122 10.3095
0.6 5.4 -4.63545 4.54857 -4.63545
0.6 5.6 -3.27621 20.451 -3.27621
0.6 5.8 -2.10844 25.6701 -2.10844
0.6 6 -2.44802 26.571 -2.44802
0.6 6.2 -3.1743 26.3469 -3.1743
0.6 6.4 -4.06828 25.6874 -4.06828
0.6 6.6 -5.04453 24.8191 -5.04453
0.6 6.8 -6.01412 23.8908 -6.01412
0.6 7 -6.83783 23.0806 -6.83783
0.6 7.2 -7.37598 22.5268 -7.37598
0.6 7.4 -7.43961 22.4274 -7.43961
0.6 7.6 -7.03973 22.7573 -7.03973
0.6 7.8 -6.32264 23.338 -6.32264
0.6 8 -5.46078 23.9167 -5.46078
0.6 8.2 -4.5895 24.2157 -4.5895
0.6 8.4 -3.94198 23.6108 -3.94198
0.6 8.6 -4.01523 20.3936 -4.01523
0.6 8.8 -4.82218 11.386 -4.82218
0.6 9 -0.60233 0.0803964 -0.60233
0.6 9.2 11.1686 -2.62359 11.1686
0.6 9.4 21.4583 0.19854 21.4583
0.6 9.6 29.3123 5.20969 29.3123
0.6 9.8 6.20126 -18.8233 6.20126
0.72 0 11.5233 -7.46401 11.5233
0.72 0.2 12.5918 -4.52252 12.5918
0.72 0.4 6.72894 -3.62374 6.72894
0.72 0.6 -2.10956 0.315177 -2.10956
0.72 0.8 -5.18309 11.1059 -5.18309
0.72 1 -4.17423 20.0749 -4.17423
0.72 1.2 -3.90231 23.5701 -3.90231
0.72 1.4 -4.41986 24.3562 -4.41986
0.72 1.6 -5.20226 24.1665 -5.20226
0.72 1.8 -6.02273 23.637 -6.02273
0.72 2 -6.75324 23.0539 -6.75324
0.72 2.2 -7.22872 22.6472 -7.22872
0.72 2.4 -7.27776 22.6293 -7.27776
0.72 2.6 -6.88564 23.0351 -6.88564
0.72 2.8 -6.1366 23.7729 -6.1366
0.72 3 -5.20828 24.6611 -5.20828
0.72 3.2 -4.24358 25.5309 -4.24358
0.72 3.4 -3.33647 26.2303 -3.33647
0.72 3.6 -2.5598 26.5739 -2.5598
0.72 3.8 -2.12659 25.9662 -2.12659
0.72 4 -2.92124 21.9128 -2.92124
0.72 4.2 -5.12977 7.68341 -5.12977
0.72 4.4 7.31926 -5.31183 7.31926
0.72 4.6 21.0949 -3.49417 21.0949
0.72 4.8 24.3401 -2.77724 24.3401
0.72 5 22.1229 -3.25276 22.1229
0.72 5.2 10.3294 -5.31767 10.3294
0.72 5.4 -4.63748 4.52247 -4.63748
0.72 5.6 -3.28114 20.4387 -3.28114
0.72 5.8 -2.10963 25.6638 -2.10963
0.72 6 -2.4478 26.5657 -2.4478
0.72 6.2 -3.17239 26.3427 -3.17239
0.72 6.4 -4.06509 25.6837 -4.06509
0.72 6.6 -5.04092 24.8149 -5.04092
0.72 6.8 -6.01376 23.8828 -6.01376
0.72 7 -6.8484 23.0621 -6.8484
0.72 7.2 -7.40894 22.4879 -7.40894
0.72 7.4 -7.50347 22.3627 -7.50347
0.72 7.6 -7.13682 22.6714 -7.13682
0.72 7.8 -6.45275 23.2461 -6.45275
0.72 8 -5.62268 23.8519 -5.62268
0.72 8.2 -4.77062 24.2691 -4.77062
0.72 8.4 -4.07103 24.0819 -4.07103
0.72 8.6 -3.83833 22.2917 -3.83833
0.72 8.8 -4.58274 16.6115 -4.58274
0.72 9 -4.65505 6.12074 -4.65505
0.72 9.2 1.09228 -1.80473 1.09228
0.72 9.4 11.3546 -1.65377 11.3546
0.72 9.6 20.9754 3.19327 20.9754
0.72 9.8 -0.960482 -20.6167 -0.960482
0.84 0 -0.740585 -8.52779 -0.740585
0.84 0.2 0.442683 -4.77059 0.442683
0.84 0.4 -3.00622 -0.368124 -3.00622
0.84 0.6 -5.47629 7.85673 -5.47629
0.84 0.8 -4.77753 17.0924 -4.77753
0.84 1 -3.93616 22.3452 -3.93616
0.84 1.2 -4.03047 24.1675 -4.03047
0.84 1.4 -4.61762 24.4475 -4.61762
0.84 1.6 -5.37869 24.1152 -5.37869
0.84 1.8 -6.16373 23.5506 -6.16373
0.84 2 -6.85761 22.972 -6.85761
0.84 2.2 -7.29684 22.5869 -7.29684
0.84 2.4 -7.3141 22.5942 -7.3141
0.84 2.6 -6.89732 23.0223 -6.89732
0.84 2.8 -6.13366 23.774 -6.13366
0.84 3 -5.1995 24.668 -5.1995
0.84 3.2 -4.23485 25.5382 -4.23485
0.84 3.4 -3.33027 26.2359 -3.33027
0.84 3.6 -2.55657 26.5781 -2.55657
0.84 3.8 -2.12455 25.9733 -2.12455
0.84 4 -2.9152 21.9378 -2.9152
0.84 4.2 -5.13744 7.73781 -5.13744
0.84 4.4 7.26116 -5.31504 7.26116
0.84 4.6 21.0665 -3.50951 21.0665
0.84 4.8 24.3296 -2.78764 24.3296
0.84 5 22.1227 -3.25902 22.1227
0.84 5.2 10.344 -5.32119 10.344
0.84 5.4 -4.63483 4.50365 -4.63483
0.84 5.6 -3.28477 20.4282 -3.28477
0.84 5.8 -2.10887 25.6618 -2.10887
0.84 6 -2.44299 26.5687 -2.44299
0.84 6.2 -3.16438 26.3491 -3.16438
0.84 6.4 -4.05521 25.6916 -4.05521
0.84 6.6 -5.03106 24.8221 -5.03106
0.84 6.8 -6.00766 23.8856 -6.00766
0.84 7 -6.85449 23.0528 -6.85449
0.84 7.2 -7.43947 22.4559 -7.43947
0.84 7.4 -7.56746 22.302 -7.56746
0.84 7.6 -7.23768 22.5852 -7.23768
0.84 7.8 -6.59109 23.1471 -6.59109
0.84 8 -5.79801 23.7683 -5.79801
0.84 8.2 -4.97698 24.2692 -4.97698
0.84 8.4 -4.26932 24.3669 -4.26932
0.84 8.6 -3.8474 23.5276 -3.8474
0.84 8.8 -4.11207 20.4943 -4.11207
0.84 9 -5.17565 13.6109 -5.17565
0.84 9.2 -4.8976 4.5963 -4.8976
0.84 9.4 0.326861 0.274918 0.326861
0.84 9.6 8.76736 2.72453 8.76736
0.84 9.8 -12.8374 -21.9922 -12.8374
0.96 0 -9.73494 -2.72803 -9.73494
0.96 0.2 -7.08473 2.08026 -7.08473
0.96 0.4 -6.26289 8.56723 -6.26289
0.96 0.6 -5.23654 15.768 -5.23654
0.96 0.8 -4.21701 21.1158 -4.21701
0.96 1 -3.91319 23.7054 -3.91319
0.96 1.2 -4.21484 24.517 -4.21484
0.96 1.4 -4.81481 24.4827 -4.81481
0.96 1.6 -5.5392 24.0606 -5.5392
0.96 1.8 -6.28414 23.4772 -6.28414
0.96 2 -6.93978 22.9088 -6.93978
0.96 2.2 -7.34174 22.5479 -7.34174
0.96 2.4 -7.32645 22.5822 -7.32645
0.96 2.6 -6.88495 23.033 -6.88495
0.96 2.8 -6.10692 23.7985 -6.10692
0.96 3 -5.16743 24.6977 -5.16743
0.96 3.2 -4.20321 25.5678 -4.20321
0.96 3.4 -3.30154 26.2631 -3.30154
0.96 3.6 -2.53149 26.6027 -2.53149
0.96 3.8 -2.10232 25.9979 -2.10232
0.96 4 -2.89301 21.973 -2.89301
0.96 4.2 -5.12873 7.79401 -5.12873
0.96 4.4 7.2264 -5.30319 7.2264
0.96 4.6 21.0567 -3.50582 21.0567
0.96 4.8 24.3357 -2.77863 24.3357
0.96 5 22.1356 -3.24828 22.1356
0.96 5.2 10.3682 -5.31008 10.3682
0.96 5.4 -4.61844 4.49935 -4.61844
0.96 5.6 -3.27139 20.433 -3.27139
0.96 5.8 -2.08797 25.6785 -2.08797
0.96 6 -2.41664 26.5921 -2.41664
0.96 6.2 -3.134 26.377 -3.134
0.96 6.4 -4.02227 25.7221 -4.02227
0.96 6.6 -4.9977 24.8524 -4.9977
0.96 6.8 -5.97775 23.912 -5.97775
0.96 7 -6.83683 23.067 -6.83683
0.96 7.2 -7.44667 22.4466 -7.44667
0.96 7.4 -7.60918 22.2622 -7.60918
0.96 7.6 -7.31829 22.5165 -7.31829
0.96 7.8 -6.71222 23.0597 -6.71222
0.96 8 -5.95995 23.6846 -5.95995
0.96 8.2 -5.17819 24.2375 -5.17819
0.96 8.4 -4.49354 24.5125 -4.49354
0.96 8.6 -3.99283 24.2378 -3.99283
0.96 8.8 -3.88621 22.8386 -3.88621
0.96 9 -4.49598 19.3111 -4.49598
0.96 9.2 -5.5599 13.3982 -5.5599
0.96 9.4 -4.31976 8.74765 -4.31976
0.96 9.6 0.800067 9.28578 0.800067
0.96 9.8 -22.5984 -17.3238 -22.5984
1.08 0 -10.9648 7.49409 -10.9648
1.08 0.2 -7.62337 11.9726 -7.62337
1.08 0.4 -5.56859 16.8457 -5.56859
1.08 0.6 -4.45538 20.8189 -4.45538
1.08 0.8 -4.0143 23.2814 -4.0143
1.08 1 -4.05497 24.4088 -4.05497
1.08 1.2 -4.44221 24.6684 -4.44221
1.08 1.4 -5.02512 24.4522 -5.02512
1.08 1.6 -5.70851 23.9782 -5.70851
1.08 1.8 -6.41456 23.3872 -6.41456
1.08 2 -7.03463 22.8312 -7.03463
1.08 2.2 -7.40205 22.494 -7.40205
1.08 2.4 -7.35608 22.5545 -7.35608
1.08 2.6 -6.89101 23.0274 -6.89101
1.08 2.8 -6.09893 23.8064 -6.09893
1.08 3 -5.15391 24.711 -5.15391
1.08 3.2 -4.1893 25.5815 -4.1893
1.08 3.4 -3.28936 26.2752 -3.28936
1.08 3.6 -2.52169 26.6128 -2.52169
1.08 3.8 -2.09365 26.0084 -2.09365
1.08 4 -2.8821 21.9933 -2.8821
1.08 4.2 -5.12552 7.83294 -5.12552
1.08 4.4 7.19559 -5.29672 7.19559
1.08 4.6 21.0439 -3.50679 21.0439
1.08 4.8 24.3345 -2.77642 24.3345
1.08 5 22.1407 -3.24427 22.1407
1.08 5.2 10.3847 -5.30474 10.3847
1.08 5.4 -4.60862 4.48898 -4.60862
1.08 5.6 -3.26746 20.4283 -3.26746
1.08 5.8 -2.08026 25.6825 -2.08026
1.08 6 -2.40571 26.6012 -2.40571
1.08 6.2 -3.12004 26.3899 -3.12004
1.08 6.4 -4.00651 25.737 -4.00651
1.08 6.6 -4.98207 24.8671 -4.98207
1.08 6.8 -5.96599 23.9225 -5.96599
1.08 7 -6.8374 23.0652 -6.8374
1.08 7.2 -7.4717 22.4214 -7.4717
1.08 7.4 -7.66817 22.2063 -7.66817
1.08 7.6 -7.41516 22.4309 -7.41516
1.08 7.8 -6.84808 22.9534 -6.84808
1.08 8 -6.13516 23.5748 -6.13516
1.08 8.2 -5.39323 24.1575 -5.39323
1.08 8.4 -4.74476 24.5359 -4.74476
1.08 8.6 -4.23191 24.572 -4.23191
1.08 8.8 -3.94284 24.0407 -3.94284
1.08 9 -4.075 22.4915 -4.075
1.08 9.2 -4.67727 19.6589 -4.67727
1.08 9.4 -3.9009 17.6637 -3.9009
1.08 9.6 0.0641303 19.2815 0.0641303
1.08 9.8 -24.6866 -7.51576 -24.6866
1.2 0 -9.78394 14.6409 -9.78394
1.2 0.2 -6.51052 18.4078 -6.51052
1.2 0.4 -4.74181 21.4056 -4.74181
1.2 0.6 -4.13483 23.2766 -4.13483
1.2 0.8 -4.07128 24.2985 -4.07128
1.2 1 -4.25716 24.7283 -4.25716
1.2 1.2 -4.66467 24.7059 -4.66467
1.2 1.4 -5.22063 24.3904 -5.22063
1.2 1.6 -5.86736 23.8885 -5.86736
1.2 1.8 -6.54048 23.2962 -6.54048
1.2 2 -7.13058 22.7526 -7.13058
1.2 2.2 -7.46863 22.4365 -7.46863
1.2 2.4 -7.39593 22.5204 -7.39593
1.2 2.6 -6.91 23.013 -6.91
1.2 2.8 -6.10513 23.8043 -6.10513
1.2 3 -5.15471 24.7139 -5.15471
1.2 3.2 -4.18901 25.5849 -4.18901
1.2 3.4 -3.28951 26.2778 -3.28951
1.2 3.6 -2.52285 26.6144 -2.52285
1.2 3.8 -2.09499 26.0105 -2.09499
1.2 4 -2.87987 22.0035 -2.87987
1.2 4.2 -5.12589 7.85877 -5.12589
1.2 4.4 7.16968 -5.29521 7.16968
1.2 4.6 21.0292 -3.51347 21.0292
1.2 4.8 24.3281 -2.78164 24.3281
1.2 5 22.1405 -3.24709 22.1405
1.2 5.2 10.3969 -5.30427 10.3969
1.2 5.4 -4.60294 4.47458 -4.60294
1.2 5.6 -3.27075 20.4177 -3.27075
1.2 5.8 -2.08218 25.679 -2.08218
1.2 6 -2.4056 26.6019 -2.4056
1.2 6.2 -3.11813 26.3935 -3.11813
1.2 6.4 -4.00395 25.7419 -4.00395
1.2 6.6 -4.98007 24.8718 -4.98007
1.2 6.8 -5.96779 23.9235 -5.96779
1.2 7 -6.85063 23.0551 -6.85063
1.2 7.2 -7.50752 22.3897 -7.50752
1.2 7.4 -7.73549 22.1456 -7.73549
1.2 7.6 -7.51706 22.342 -7.51706
1.2 7.8 -6.98455 22.8442 -6.98455
1.2 8 -6.30618 23.4581 -6.30618
1.2 8.2 -5.5993 24.0558 -5.5993
1.2 8.4 -4.98712 24.4918 -4.98712
1.2 8.6 -4.49208 24.6898 -4.49208
1.2 8.8 -4.14028 24.5824 -4.14028
1.2 9 -4.04154 23.975 -4.04154
1.2 9.2 -4.19474 22.8027 -4.19474
1.2 9.4 -2.9719 22.8209 -2.9719
1.2 9.6 1.18408 25.9435 1.18408
1.2 9.8 -23.661 0.0577984 -23.661
1.32 0 -9.12361 17.8895 -9.12361
1.32 0.2 -5.96222 21.2772 -5.96222
1.32 0.4 -4.46095 23.3566 -4.46095
1.32 0.6 -4.11974 24.3137 -4.11974
1.32 0.8 -4.20809 24.7297 -4.20809
1.32 1 -4.44006 24.8517 -4.44006
1.32 1.2 -4.84186 24.6946 -4.84186
1.32 1.4 -5.37426 24.3268 -5.37426
1.32 1.6 -5.99534 23.8091 -5.99534
1.32 1.8 -6.64524 23.2172 -6.64524
1.32 2 -7.21332 22.6833 -7.21332
1.32 2.2 -7.52905 22.3838 -7.52905
1.32 2.4 -7.43536 22.4864 -7.43536
1.32 2.6 -6.9326 22.9951 -6.9326
1.32 2.8 -6.11692 23.7968 -6.11692
1.32 3 -5.16153 24.7108 -5.16153
1.32 3.2 -4.1943 25.5828 -4.1943
1.32 3.4 -3.2942 26.2758 -3.2942
1.32 3.6 -2.52697 26.6128 -2.52697
1.32 3.8 -2.09834 26.0101 -2.09834
1.32 4 -2.8799 22.0093 -2.8799
1.32 4.2 -5.125 7.87728 -5.125
1.32 4.4 7.15602 -5.28971 7.15602
1.32 4.6 21.0256 -3.51126 21.0256
1.32 4.8 24.3319 -2.77707 24.3319
1.32 5 22.1486 -3.24155 22.1486
1.32 5.2 10.4145 -5.29874 10.4145
1.32 5.4 -4.59588 4.46092 -4.59588
1.32 5.6 -3.27476 20.4065 -3.27476
1.32 5.8 -2.08532 25.6745 -2.08532
1.32 6 -2.40788 26.6001 -2.40788
1.32 6.2 -3.12037 26.3926 -3.12037
1.32 6.4 -4.00656 25.7414 -4.00656
1.32 6.6 -4.98351 24.871 -4.98351
1.32 6.8 -5.97486 23.9194 -5.97486
1.32 7 -6.86775 23.0413 -6.86775
1.32 7.2 -7.54409 22.3573 -7.54409
1.32 7.4 -7.79915 22.088 -7.79915
1.32 7.6 -7.60984 22.26 -7.60984
1.32 7.8 -7.10529 22.7445 -7.10529
1.32 8 -6.45401 23.3504 -6.45401
1.32 8.2 -5.77335 23.9557 -5.77335
1.32 8.4 -5.18866 24.4241 -5.18866
1.32 8.6 -4.71744 24.7034 -4.71744
1.32 8.8 -4.35638 24.7917 -4.35638
1.32 9 -4.17722 24.5899 -4.17722
1.32 9.2 -4.13116 24.1264 -4.13116
1.32 9.4 -2.63309 25.063 -2.63309
1.32 9.6 1.74852 28.9639 1.74852
1.32 9.8 -22.9553 3.72542 -22.9553
1.44 0 -8.95922 19.0116 -8.95922
1.44 0.2 -5.83797 22.2723 -5.83797
1.44 0.4 -4.43129 24.0401 -4.43129
1.44 0.6 -4.17859 24.6843 -4.17859
1.44 0.8 -4.31794 24.8799 -4.31794
1.44 1 -4.56187 24.8822 -4.56187
1.44 1.2 -4.95476 24.669 -4.95476
1.44 1.4 -5.47481 24.2747 -5.47481
1.44 1.6 -6.08499 23.7454 -6.08499
1.44 1.8 -6.72381 23.1518 -6.72381
1.44 2 -7.27949 22.6233 -7.27949
1.44 2.2 -7.58137 22.334 -7.58137
1.44 2.4 -7.47359 22.4494 -7.47359
1.44 2.6 -6.95854 22.97 -6.95854
1.44 2.8 -6.13405 23.7802 -6.13405
1.44 3 -5.17375 24.6988 -5.17375
1.44 3.2 -4.20429 25.5725 -4.20429
1.44 3.4 -3.30276 26.2666 -3.30276
1.44 3.6 -2.53361 26.6055 -2.53361
1.44 3.8 -2.10275 26.0055 -2.10275
1.44 4 -2.88106 22.0102 -2.88106
1.44 4.2 -5.12505 7.88741 -5.12505
1.44 4.4 7.14467 -5.28842 7.14467
1.44 4.6 21.0197 -3.51285 21.0197
1.44 4.8 24.3312 -2.777 24.3312
1.44 5 22.1517 -3.24073 22.1517
1.44 5.2 10.428 -5.29726 10.428
1.44 5.4 -4.59011 4.44516 -4.59011
1.44 5.6 -3.27851 20.3938 -3.27851
1.44 5.8 -2.08864 25.6672 -2.08864
1.44 6 -2.41211 26.5933 -2.41211
1.44 6.2 -3.12597 26.3851 -3.12597
1.44 6.4 -4.01309 25.7336 -4.01309
1.44 6.6 -4.99153 24.8622 -4.99153
1.44 6.8 -5.9871 23.9067 -5.9871
1.44 7 -6.88923 23.0197 -6.88923
1.44 7.2 -7.58155 22.3202 -7.58155
1.44 7.4 -7.85796 22.0307 -7.85796
1.44 7.6 -7.69046 22.184 -7.69046
1.44 7.8 -7.20526 22.656 -7.20526
1.44 8 -6.57124 23.2565 -6.57124
1.44 8.2 -5.9053 23.8673 -5.9053
1.44 8.4 -5.33464 24.3559 -5.33464
1.44 8.6 -4.87933 24.6751 -4.87933
1.44 8.8 -4.52391 24.8461 -4.52391
1.44 9 -4.32303 24.803 -4.32303
1.44 9.2 -4.20738 24.6041 -4.20738
1.44 9.4 -2.60652 25.8753 -2.60652
1.44 9.6 1.86896 30.0648 1.86896
1.44 9.8 -22.7739 5.08526 -22.7739
1.56 0 -8.98465 19.0286 -8.98465
1.56 0.2 -5.85788 22.299 -5.85788
1.56 0.4 -4.45451 24.069 -4.45451
1.56 0.6 -4.20666 24.7064 -4.20666
1.56 0.8 -4.35302 24.8862 -4.35302
1.56 1 -4.60041 24.8747 -4.60041
1.56 1.2 -4.99207 24.6524 -4.99207
1.56 1.4 -5.51274 24.2486 -5.51274
1.56 1.6 -6.1253 23.7109 -6.1253
1.56 1.8 -6.76386 23.1139 -6.76386
1.56 2 -7.31581 22.5868 -7.31581
1.56 2.2 -7.61201 22.3017 -7.61201
1.56 2.4 -7.49757 22.4232 -7.49757
1.56 2.6 -6.97611 22.9502 -6.97611
1.56 2.8 -6.14661 23.7654 -6.14661
1.56 3 -5.18338 24.6867 -5.18338
1.56 3.2 -4.21282 25.5613 -4.21282
1.56 3.4 -3.31127 26.2552 -3.31127
1.56 3.6 -2.54183 26.5943 -2.54183
1.56 3.8 -2.10997 25.9957 -2.10997
1.56 4 -2.88654 22.0034 -2.88654
1.56 4.2 -5.12852 7.88694 -5.12852
1.56 4.4 7.13696 -5.29006 7.13696
1.56 4.6 21.0143 -3.51594 21.0143
1.56 4.8 24.3283 -2.77957 24.3283
1.56 5 22.1531 -3.24202 22.1531
1.56 5.2 10.4406 -5.29784 10.4406
1.56 5.4 -4.58746 4.42439 -4.58746
1.56 5.6 -3.28579 20.3758 -3.28579
1.56 5.8 -2.09472 25.6553 -2.09472
1.56 6 -2.41813 26.5827 -2.41813
1.56 6.2 -3.1316 26.3756 -3.1316
1.56 6.4 -4.01794 25.7254 -4.01794
1.56 6.6 -4.99691 24.8539 -4.99691
1.56 6.8 -5.99572 23.8953 -5.99572
1.56 7 -6.90464 23.0015 -6.90464
1.56 7.2 -7.60805 22.2909 -7.60805
1.56 7.4 -7.89883 21.9876 -7.89883
1.56 7.6 -7.74522 22.1288 -7.74522
1.56 7.8 -7.27085 22.5935 -7.27085
1.56 8 -6.64454 23.192 -6.64454
1.56 8.2 -5.98276 23.8071 -5.98276
1.56 8.4 -5.41353 24.3075 -5.41353
1.56 8.6 -4.96094 24.6429 -4.96094
1.56 8.8 -4.60748 24.8369 -4.60748
1.56 9 -4.4024 24.8288 -4.4024
1.56 9.2 -4.27176 24.6795 -4.27176
1.56 9.4 -2.65179 26.0026 -2.65179
1.56 9.6 1.84021 30.23 1.84021
1.56 9.8 -22.7952 5.28265 -22.7952
1.68 0 -9.17042 18.0001 -9.17042
1.68 0.2 -5.99121 21.4222 -5.99121
1.68 0.4 -4.49829 23.5128 -4.49829
1.68 0.6 -4.17896 24.4354 -4.17896
1.68 0.8 -4.2943 24.7867 -4.2943
1.68 1 -4.54005 24.8545 -4.54005
1.68 1.2 -4.9407 24.6631 -4.9407
1.68 1.4 -5.47446 24.2655 -5.47446
1.68 1.6 -6.10102 23.7233 -6.10102
1.68 1.8 -6.74958 23.1212 -6.74958
1.68 2 -7.30706 22.5905 -7.30706
1.68 2.2 -7.60638 22.3028 -7.60638
1.68 2.4 -7.49304 22.4234 -7.49304
1.68 2.6 -6.97099 22.9513 -6.97099
1.68 2.8 -6.14017 23.7681 -6.14017
1.68 3 -5.17585 24.6906 -5.17585
1.68 3.2 -4.2051 25.5653 -4.2051
1.68 3.4 -3.30486 26.2579 -3.30486
1.68 3.6 -2.53759 26.5947 -2.53759
1.68 3.8 -2.10776 25.994 -2.10776
1.68 4 -2.88588 22.0004 -2.88588
1.68 4.2 -5.12777 7.88531 -5.12777
1.68 4.4 7.13677 -5.28905 7.13677
1.68 4.6 21.0142 -3.51492 21.0142
1.68 4.8 24.3294 -2.77852 24.3294
1.68 5 22.1586 -3.23939 22.1586
1.68 5.2 10.4571 -5.29493 10.4571
1.68 5.4 -4.58092 4.40642 -4.58092
1.68 5.6 -3.28689 20.3631 -3.28689
1.68 5.8 -2.09188 25.6516 -2.09188
1.68 6 -2.41228 26.5834 -2.41228
1.68 6.2 -3.12257 26.3801 -3.12257
1.68 6.4 -4.00649 25.7327 -4.00649
1.68 6.6 -4.98531 24.8617 -4.98531
1.68 6.8 -5.98646 23.9009 -5.98646
1.68 7 -6.89987 23.0023 -6.89987
1.68 7.2 -7.60948 22.2851 -7.60948
1.68 7.4 -7.90702 21.975 -7.90702
1.68 7.6 -7.75835 22.1117 -7.75835
1.68 7.8 -7.28514 22.5757 -7.28514
1.68 8 -6.65608 23.1768 -6.65608
1.68 8.2 -5.988 23.7962 -5.988
1.68 8.4 -5.40885 24.3006 -5.40885
1.68 8.6 -4.94477 24.6344 -4.94477
1.68 8.8 -4.58359 24.8083 -4.58359
1.68 9 -4.38125 24.743 -4.38125
1.68 9.2 -4.27271 24.4773 -4.27271
1.68 9.4 -2.69639 25.6245 -2.69639
1.68 9.6 1.74771 29.6749 1.74771
1.68 9.8 -22.9296 4.55252 -22.9296
1.8 0 -9.78427 15.0303 -9.78427
1.8 0.2 -6.4734 18.8813 -6.4734
1.8 0.4 -4.70845 21.9234 -4.70845
1.8 0.6 -4.15895 23.6828 -4.15895
1.8 0.8 -4.16975 24.5145 -4.16975
1.8 1 -4.39699 24.7969 -4.39699
1.8 1.2 -4.81256 24.6888 -4.81256
1.8 1.4 -5.37018 24.317 -5.37018
1.8 1.6 -6.02095 23.7761 -6.02095
1.8 1.8 -6.68941 23.1673 -6.68941
1.8 2 -7.26215 22.6278 -7.26215
1.8 2.2 -7.57374 22.3304 -7.57374
1.8 2.4 -7.46924 22.4431 -7.46924
1.8 2.6 -6.95206 22.9667 -6.95206
1.8 2.8 -6.12304 23.7822 -6.12304
1.8 3 -5.15874 24.7048 -5.15874
1.8 3.2 -4.1875 25.58 -4.1875
1.8 3.4 -3.288 26.2716 -3.288
1.8 3.6 -2.52331 26.6056 -2.52331
1.8 3.8 -2.09696 26.0011 -2.09696
1.8 4 -2.87871 22.0033 -2.87871
1.8 4.2 -5.12196 7.88533 -5.12196
1.8 4.4 7.14361 -5.28465 7.14361
1.8 4.6 21.0198 -3.50942 21.0198
1.8 4.8 24.3351 -2.7732 24.3351
1.8 5 22.1684 -3.23257 22.1684
1.8 5.2 10.4775 -5.28836 10.4775
1.8 5.4 -4.56979 4.39308 -4.56979
1.8 5.6 -3.28134 20.3575 -3.28134
1.8 5.8 -2.08063 25.6569 -2.08063
1.8 6 -2.39656 26.5949 -2.39656
1.8 6.2 -3.10318 26.3959 -3.10318
1.8 6.4 -3.98521 25.7509 -3.98521
1.8 6.6 -4.9644 24.8801 -4.9644
1.8 6.8 -5.96753 23.9175 -5.96753
1.8 7 -6.88343 23.0158 -6.88343
1.8 7.2 -7.59436 22.2964 -7.59436
1.8 7.4 -7.89071 21.9869 -7.89071
1.8 7.6 -7.73735 22.1273 -7.73735
1.8 7.8 -7.25496 22.5977 -7.25496
1.8 8 -6.61219 23.2065 -6.61219
1.8 8.2 -5.92711 23.8304 -5.92711
1.8 8.4 -5.327 24.3312 -5.327
1.8 8.6 -4.83871 24.6429 -4.83871
1.8 8.8 -4.46356 24.744 -4.46356
1.8 9 -4.27871 24.4985 -4.27871
1.8 9.2 -4.25334 23.8657 -4.25334
1.8 9.4 -2.83597 24.4456 -2.83597
1.8 9.6 1.43669 27.9233 1.43669
1.8 9.8 -23.3802 2.25896 -23.3802
1.92 0 -10.9556 8.38659 -10.9556
1.92 0.2 -7.52859 13.0847 -7.52859
1.92 0.4 -5.37228 18.1995 -5.37228
1.92 0.6 -4.31979 21.9392 -4.31979
1.92 0.8 -4.05409 23.8921 -4.05409
1.92 1 -4.20993 24.6388 -4.20993
1.92 1.2 -4.6345 24.6999 -4.6345
1.92 1.4 -5.2223 24.3828 -5.2223
1.92 1.6 -5.90487 23.8523 -5.90487
1.92 1.8 -6.60113 23.2375 -6.60113
1.92 2 -7.19744 22.6851 -7.19744
1.92 2.2 -7.5293 22.3721 -7.5293
1.92 2.4 -7.44062 22.4708 -7.44062
1.92 2.6 -6.93373 22.9849 -6.93373
1.92 2.8 -6.10996 23.7957 -6.10996
1.92 3 -5.1472 24.7171 -5.1472
1.92 3.2 -4.17541 25.5928 -4.17541
1.92 3.4 -3.27543 26.2846 -3.27543
1.92 3.6 -2.51179 26.617 -2.51179
1.92 3.8 -2.0879 26.0091 -2.0879
1.92 4 -2.8729 22.0062 -2.8729
1.92 4.2 -5.11708 7.88304 -5.11708
1.92 4.4 7.15232 -5.28119 7.15232
1.92 4.6 21.026 -3.50405 21.026
1.92 4.8 24.3404 -2.76828 24.3404
1.92 5 22.1775 -3.2265 22.1775
1.92 5.2 10.4969 -5.28304 10.4969
1.92 5.4 -4.55997 4.37955 -4.55997
1.92 5.6 -3.2769 20.3531 -3.2769
1.92 5.8 -2.07112 25.6635 -2.07112
1.92 6 -2.38386 26.6066 -2.38386
1.92 6.2 -3.08853 26.4105 -3.08853
1.92 6.4 -3.97005 25.7668 -3.97005
1.92 6.6 -4.94978 24.8961 -4.94978
1.92 6.8 -5.95378 23.9326 -5.95378
1.92 7 -6.86932 23.0306 -6.86932
1.92 7.2 -7.57618 22.3143 -7.57618
1.92 7.4 -7.86331 22.0129 -7.86331
1.92 7.6 -7.69628 22.1645 -7.69628
1.92 7.8 -7.19571 22.6473 -7.19571
1.92 8 -6.52997 23.267 -6.52997
1.92 8.2 -5.81847 23.8944 -5.81847
1.92 8.4 -5.18771 24.3814 -5.18771
1.92 8.6 -4.66743 24.6399 -4.66743
1.92 8.8 -4.28468 24.5799 -4.28468
1.92 9 -4.16508 23.9239 -4.16508
1.92 9.2 -4.36961 22.3959 -4.36961
1.92 9.4 -3.34615 21.5532 -3.34615
1.92 9.6 0.579029 23.654 0.579029
1.92 9.8 -24.4183 -3.13224 -24.4183
2.04 0 -10.2839 -1.65061 -10.2839
2.04 0.2 -7.54287 3.62196 -7.54287
2.04 0.4 -6.25142 11.1126 -6.25142
2.04 0.6 -4.86396 18.3495 -4.86396
2.04 0.8 -4.0654 22.6118 -4.0654
2.04 1 -4.02814 24.2893 -4.02814
2.04 1.2 -4.43479 24.6621 -4.43479
2.04 1.4 -5.05275 24.4421 -5.05275
2.04 1.6 -5.77199 23.9349 -5.77199
2.04 1.8 -6.50204 23.3161 -6.50204
2.04 2 -7.12835 22.7484 -7.12835
2.04 2.2 -7.48655 22.4157 -7.48655
2.04 2.4 -7.41905 22.4956 -7.41905
2.04 2.6 -6.92655 22.9961 -6.92655
2.04 2.8 -6.1105 23.7997 -6.1105
2.04 3 -5.15015 24.7192 -5.15015
2.04 3.2 -4.17748 25.5957 -4.17748
2.04 3.4 -3.27559 26.2888 -3.27559
2.04 3.6 -2.51058 26.6216 -2.51058
2.04 3.8 -2.08639 26.0127 -2.08639
2.04 4 -2.87194 22.0066 -2.87194
2.04 4.2 -5.11481 7.87812 -5.11481
2.04 4.4 7.15994 -5.2809 7.15994
2.04 4.6 21.0287 -3.50353 21.0287
2.04 4.8 24.3408 -2.7693 24.3408
2.04 5 22.1818 -3.22614 22.1818
2.04 5.2 10.5125 -5.28175 10.5125
2.04 5.4 -4.55311 4.36502 -4.55311
2.04 5.6 -3.27683 20.3471 -3.27683
2.04 5.8 -2.06892 25.6659 -2.06892
2.04 6 -2.38156 26.6115 -2.38156
2.04 6.2 -3.08705 26.4159 -3.08705
2.04 6.4 -3.96961 25.7721 -3.96961
2.04 6.6 -4.95023 24.9011 -4.95023
2.04 6.8 -5.95449 23.9375 -5.95449
2.04 7 -6.86754 23.0373 -6.86754
2.04 7.2 -7.56582 22.3286 -7.56582
2.04 7.4 -7.83717 22.0417 -7.83717
2.04 7.6 -7.64921 22.2107 -7.64921
2.04 7.8 -7.12337 22.7099 -7.12337
2.04 8 -6.42733 23.3424 -6.42733
2.04 8.2 -5.68148 23.9704 -5.68148
2.04 8.4 -5.01243 24.4297 -5.01243
2.04 8.6 -4.46 24.5866 -4.46
2.04 8.8 -4.09949 24.2105 -4.09949
2.04 9 -4.16364 22.6888 -4.16364
2.04 9.2 -4.85426 19.2074 -4.85426
2.04 9.4 -4.31688 15.5295 -4.31688
2.04 9.6 -0.33834 15.4578 -0.33834
2.04 9.8 -24.7222 -12.373 -24.7222
2.16 0 -2.3376 -8.22085 -2.3376
2.16 0.2 -1.51701 -4.08799 -1.51701
2.16 0.4 -4.76632 2.16801 -4.76632
2.16 0.6 -5.53175 12.2773 -5.53175
2.16 0.8 -4.33031 20.2639 -4.33031
2.16 1 -3.91239 23.6298 -3.91239
2.16 1.2 -4.2424 24.5378 -4.2424
2.16 1.4 -4.88142 24.4738 -4.88142
2.16 1.6 -5.63907 24.0056 -5.63907
2.16 1.8 -6.40681 23.3856 -6.40681
2.16 2 -7.06748 22.8013 -7.06748
2.16 2.2 -7.45581 22.4464 -7.45581
2.16 2.4 -7.41259 22.5048 -7.41259
2.16 2.6 -6.93677 22.9892 -6.93677
2.16 2.8 -6.12931 23.7848 -6.12931
2.16 3 -5.17112 24.7027 -5.17112
2.16 3.2 -4.1968 25.5812 -4.1968
2.16 3.4 -3.29181 26.2771 -3.29181
2.16 3.6 -2.52354 26.6124 -2.52354
2.16 3.8 -2.09653 26.005 -2.09653
2.16 4 -2.87914 21.999 -2.87914
2.16 4.2 -5.11614 7.86922 -5.11614
2.16 4.4 7.16905 -5.28053 7.16905
2.16 4.6 21.0345 -3.5013 21.0345
2.16 4.8 24.3445 -2.76814 24.3445
2.16 5 22.1886 -3.22417 22.1886
2.16 5.2 10.5283 -5.28024 10.5283
2.16 5.4 -4.54946 4.34877 -4.54946
2.16 5.6 -3.28403 20.3346 -3.28403
2.16 5.8 -2.07775 25.6576 -2.07775
2.16 6 -2.39308 26.6028 -2.39308
2.16 6.2 -3.10146 26.4054 -3.10146
2.16 6.4 -3.9863 25.76 -3.9863
2.16 6.6 -4.96862 24.8876 -4.96862
2.16 6.8 -5.9736 23.9231 -5.9736
2.16 7 -6.88344 23.0257 -6.88344
2.16 7.2 -7.57062 22.3276 -7.57062
2.16 7.4 -7.82211 22.0592 -7.82211
2.16 7.6 -7.60841 22.2497 -7.60841
2.16 7.8 -7.05227 22.7683 -7.05227
2.16 8 -6.32055 23.4143 -6.32055
2.16 8.2 -5.53445 24.039 -5.53445
2.16 8.4 -4.82343 24.4513 -4.82343
2.16 8.6 -4.25021 24.4333 -4.25021
2.16 8.8 -3.97987 23.4809 -3.97987
2.16 9 -4.42496 20.2944 -4.42496
2.16 9.2 -5.60437 13.3872 -5.60437
2.16 9.4 -3.98662 6.53928 -3.98662
2.16 9.6 2.5969 5.99782 2.5969
2.16 9.8 -19.2052 -20.5493 -19.2052
2.28 0 9.89433 -7.70343 9.89433
2.28 0.2 10.0714 -4.85336 10.0714
2.28 0.4 2.4056 -3.0811 2.4056
2.28 0.6 -4.75122 4.92212 -4.75122
2.28 0.8 -4.82093 16.5899 -4.82093
2.28 1 -3.91314 22.555 -3.91314
2.28 1.2 -4.07393 24.3063 -4.07393
2.28 1.4 -4.71263 24.4745 -4.71263
2.28 1.6 -5.50529 24.064 -5.50529
2.28 1.8 -6.31131 23.4473 -6.31131
2.28 2 -7.00768 22.8465 -7.00768
2.28 2.2 -7.42721 22.4689 -7.42721
2.28 2.4 -7.40904 22.5051 -7.40904
2.28 2.6 -6.95044 22.9729 -6.95044
2.28 2.8 -6.15149 23.7605 -6.15149
2.28 3 -5.19498 24.6776 -5.19498
2.28 3.2 -4.21874 25.5589 -4.21874
2.28 3.4 -3.31082 26.2581 -3.31082
2.28 3.6 -2.53961 26.5963 -2.53961
2.28 3.8 -2.11017 25.9908 -2.11017
2.28 4 -2.89023 21.9855 -2.89023
2.28 4.2 -5.12278 7.85444 -5.12278
2.28 4.4 7.17083 -5.28714 7.17083
2.28 4.6 21.033 -3.50585 21.033
2.28 4.8 24.3414 -2.77317 24.3414
2.28 5 22.1878 -3.22886 22.1878
2.28 5.2 10.5354 -5.28585 10.5354
2.28 5.4 -4.55206 4.32773 -4.55206
2.28 5.6 -3.29504 20.3171 -3.29504
2.28 5.8 -2.08986 25.6434 -2.08986
2.28 6 -2.40747 26.5876 -2.40747
2.28 6.2 -3.11842 26.388 -3.11842
2.28 6.4 -4.00531 25.7404 -4.00531
2.28 6.6 -4.98949 24.8657 -4.98949
2.28 6.8 -5.99569 23.8996 -5.99569
2.28 7 -6.9023 23.0052 -6.9023
2.28 7.2 -7.57762 22.3187 -7.57762
2.28 7.4 -7.80793 22.0704 -7.80793
2.28 7.6 -7.56661 22.284 -7.56661
2.28 7.8 -6.97786 22.8233 -6.97786
2.28 8 -6.20802 23.4822 -6.20802
2.28 8.2 -5.37987 24.0973 -5.37987
2.28 8.4 -4.63019 24.4362 -4.63019
2.28 8.6 -4.06439 24.1393 -4.06439
2.28 8.8 -3.99634 22.2211 -3.99634
2.28 9 -4.93768 16.319 -4.93768
2.28 9.2 -5.11954 5.65196 -5.11954
2.28 9.4 1.77678 -0.420856 1.77678
2.28 9.6 12.8101 2.41223 12.8101
2.28 9.8 -7.27894 -21.6511 -7.27894
2.4 0 18.386 -5.53469 18.386
2.4 0.2 19.4994 -2.74758 19.4994
2.4 0.4 12.3484 -3.03544 12.3484
2.4 0.6 -0.643839 -0.508505 -0.643839
2.4 0.8 -5.14736 11.9258 -5.14736
2.4 1 -4.05439 21.0259 -4.05439
2.4 1.2 -3.9477 23.9591 -3.9477
2.4 1.4 -4.55543 24.4426 -4.55543
2.4 1.6 -5.37504 24.1099 -5.37504
2.4 1.8 -6.21652 23.5018 -6.21652
2.4 2 -6.94699 22.8866 -6.94699
2.4 2.2 -7.39621 22.4878 -7.39621
2.4 2.4 -7.40169 22.5032 -7.40169
2.4 2.6 -6.95941 22.9553 -6.95941
2.4 2.8 -6.16846 23.7354 -6.16846
2.4 3 -5.21341 24.652 -5.21341
2.4 3.2 -4.23547 25.536 -4.23547
2.4 3.4 -3.32544 26.2381 -3.32544
2.4 3.6 -2.55251 26.5787 -2.55251
2.4 3.8 -2.12204 25.9746 -2.12204
2.4 4 -2.90121 21.9695 -2.90121
2.4 4.2 -5.13063 7.83788 -5.13063
2.4 4.4 7.1722 -5.2929 7.1722
2.4 4.6 21.0336 -3.50686 21.0336
2.4 4.8 24.3413 -2.77363 24.3413
2.4 5 22.1893 -3.2296 22.1893
2.4 5.2 10.5415 -5.28999 10.5415
2.4 5.4 -4.55642 4.30635 -4.55642
2.4 5.6 -3.30591 20.2979 -3.30591
2.4 5.8 -2.10013 25.6276 -2.10013
2.4 6 -2.41846 26.5714 -2.41846
2.4 6.2 -3.13084 26.3699 -3.13084
2.4 6.4 -4.01902 25.7203 -4.01902
2.4 6.6 -5.00482 24.8434 -5.00482
2.4 6.8 -6.01216 23.8758 -6.01216
2.4 7 -6.91566 22.9845 -6.91566
2.4 7.2 -7.57976 22.3091 -7.57976
2.4 7.4 -7.79 22.0797 -7.79
2.4 7.6 -7.52189 22.3154 -7.52189
2.4 7.8 -6.90083 22.8748 -6.90083
2.4 8 -6.09345 23.5445 -6.09345
2.4 8.2 -5.22573 24.1418 -5.22573
2.4 8.4 -4.44775 24.376 -4.44775
2.4 8.6 -3.93262 23.6733 -3.93262
2.4 8.8 -4.18626 20.3218 -4.18626
2.4 9 -5.19866 11.0268 -5.19866
2.4 9.2 -0.914344 -0.478008 -0.914344
2.4 9.4 12.2056 -1.38164 12.2056
2.4 9.6 23.9946 4.07914 23.9946
2.4 9.8 2.87266 -19.4046 2.87266
2.52 0 22.3743 -4.43591 22.3743
2.52 0.2 24.3579 -1.43333 24.3579
2.52 0.4 19.8818 -1.408 19.8818
2.52 0.6 5.89423 -2.43355 5.89423
2.52 0.8 -4.6818 7.31008 -4.6818
2.52 1 -4.29351 19.1551 -4.29351
2.52 1.2 -3.86752 23.523 -3.86752
2.52 1.4 -4.41199 24.392 -4.41199
2.52 1.6 -5.24639 24.1543 -5.24639
2.52 1.8 -6.11626 23.5615 -6.11626
2.52 2 -6.87559 22.9362 -6.87559
2.52 2.2 -7.35043 22.5199 -7.35043
2.52 2.4 -7.37636 22.518 -7.37636
2.52 2.6 -6.94878 22.9564 -6.94878
2.52 2.8 -6.16573 23.7292 -6.16573
2.52 3 -5.21313 24.6441 -5.21313
2.52 3.2 -4.23511 25.5291 -4.23511
2.52 3.4 -3.32496 26.2322 -3.32496
2.52 3.6 -2.55232 26.5732 -2.55232
2.52 3.8 -2.12274 25.9688 -2.12274
2.52 4 -2.90327 21.9622 -2.90327
2.52 4.2 -5.13231 7.82838 -5.13231
2.52 4.4 7.17706 -5.29388 7.17706
2.52 4.6 21.0379 -3.50349 21.0379
2.52 4.8 24.3454 -2.7696 24.3454
2.52 5 22.1946 -3.22575 22.1946
2.52 5.2 10.5503 -5.28947 10.5503
2.52 5.4 -4.55548 4.29279 -4.55548
2.52 5.6 -3.30805 20.2879 -3.30805
2.52 5.8 -2.09953 25.6223 -2.09953
2.52 6 -2.41681 26.5672 -2.41681
2.52 6.2 -3.12879 26.3654 -3.12879
2.52 6.4 -4.01651 25.7154 -4.01651
2.52 6.6 -5.00224 24.838 -5.00224
2.52 6.8 -6.00903 23.8708 -6.00903
2.52 7 -6.90855 22.9833 -6.90855
2.52 7.2 -7.56232 22.318 -7.56232
2.52 7.4 -7.75499 22.1045 -7.75499
2.52 7.6 -7.46326 22.3589 -7.46326
2.52 7.8 -6.81331 22.9353 -6.81331
2.52 8 -5.97291 23.6115 -5.97291
2.52 8.2 -5.07305 24.1813 -5.07305
2.52 8.4 -4.28301 24.2802 -4.28301
2.52 8.6 -3.86674 23.0483 -3.86674
2.52 8.8 -4.48413 17.8785 -4.48413
2.52 9 -4.27665 5.72405 -4.27665
2.52 9.2 6.54948 -2.52503 6.54948
2.52 9.4 21.0687 0.357312 21.0687
2.52 9.6 30.6314 5.86092 30.6314
2.52 9.8 8.06402 -18.0001 8.06402
2.64 0 23.8997 -4.2179 23.8997
2.64 0.2 26.374 -1.0659 26.374
2.64 0.4 24.0862 -0.300413 24.0862
2.64 0.6 12.0421 -2.24915 12.0421
2.64 0.8 -3.20392 3.76432 -3.20392
2.64 1 -4.54177 17.2066 -4.54177
2.64 1.2 -3.82976 23.0536 -3.82976
2.64 1.4 -4.29016 24.3364 -4.29016
2.64 1.6 -5.12815 24.201 -5.12815
2.64 1.8 -6.01827 23.6283 -6.01827
2.64 2 -6.80022 22.9975 -6.80022
2.64 2.2 -7.29593 22.5679 -7.29593
2.64 2.4 -7.33874 22.5525 -7.33874
2.64 2.6 -6.92373 22.9798 -6.92373
2.64 2.8 -6.14784 23.746 -6.14784
2.64 3 -5.19818 24.6581 -5.19818
2.64 3.2 -4.22084 25.5425 -4.22084
2.64 3.4 -3.31119 26.2451 -3.31119
2.64 3.6 -2.53917 26.5855 -2.53917
2.64 3.8 -2.11083 25.9796 -2.11083
2.64 4 -2.8934 21.9701 -2.8934
2.64 4.2 -5.12389 7.8319 -5.12389
2.64 4.4 7.18815 -5.28756 7.18815
2.64 4.6 21.0467 -3.4965 21.0467
2.64 4.8 24.3531 -2.76316 24.3531
2.64 5 22.204 -3.21867 22.204
2.64 5.2 10.5643 -5.2826 10.5643
2.64 5.4 -4.5453 4.29247 -4.5453
2.64 5.6 -3.29854 20.2933 -3.29854
2.64 5.8 -2.08688 25.6332 -2.08688
2.64 6 -2.40311 26.5798 -2.40311
2.64 6.2 -3.11441 26.3789 -3.11441
2.64 6.4 -4.00142 25.7296 -4.00142
2.64 6.6 -4.98633 24.8532 -4.98633
2.64 6.8 -5.99134 23.888 -5.99134
2.64 7 -6.88622 23.0053 -6.88622
2.64 7.2 -7.5308 22.3483 -7.5308
2.64 7.4 -7.70845 22.1477 -7.70845
2.64 7.6 -7.39689 22.4167 -7.39689
2.64 7.8 -6.7225 23.0061 -6.7225
2.64 8 -5.85515 23.6844 -5.85515
2.64 8.2 -4.93217 24.2199 -4.93217
2.64 8.4 -4.14581 24.1645 -4.14581
2.64 8.6 -3.86188 22.328 -3.86188
2.64 8.8 -4.74017 15.2346 -4.74017
2.64 9 -1.77915 1.849 -1.77915
2.64 9.2 13.7648 -2.00165 13.7648
2.64 9.4 26.0997 1.6758 26.0997
2.64 9.6 33.5573 6.54176 33.5573
2.64 9.8 10.0691 -17.715 10.0691
2.76 0 24.2913 -4.43925 24.2913
2.76 0.2 27.1129 -1.11368 27.1129
2.76 0.4 26.1288 0.179944 26.1288
2.76 0.6 16.2963 -1.59715 16.2963
2.76 0.8 -1.23012 1.59635 -1.23012
2.76 1 -4.72602 15.5047 -4.72602
2.76 1.2 -3.82824 22.6202 -3.82824
2.76 1.4 -4.20468 24.2804 -4.20468
2.76 1.6 -5.03868 24.2395 -5.03868
2.76 1.8 -5.94084 23.6885 -5.94084
2.76 2 -6.73847 23.0562 -6.73847
2.76 2.2 -7.24999 22.6174 -7.24999
2.76 2.4 -7.30628 22.592 -7.30628
2.76 2.6 -6.90167 23.0104 -6.90167
2.76 2.8 -6.13223 23.7705 -6.13223
2.76 3 -5.18569 24.679 -5.18569
2.76 3.2 -4.20933 25.5615 -4.20933
2.76 3.4 -3.30006 26.2627 -3.30006
2.76 3.6 -2.52799 26.602 -2.52799
2.76 3.8 -2.09963 25.9949 -2.09963
2.76 4 -2.88246 21.9833 -2.88246
2.76 4.2 -5.11288 7.84179 -5.11288
2.76 4.4 7.1999 -5.27903 7.1999
2.76 4.6 21.0548 -3.49066 21.0548
2.76 4.8 24.3596 -2.75899 24.3596
2.76 5 22.2123 -3.2133 22.2123
2.76 5.2 10.5782 -5.27444 10.5782
2.76 5.4 -4.53303 4.2989 -4.53303
2.76 5.6 -3.28786 20.3044 -3.28786
2.76 5.8 -2.07546 25.6482 -2.07546
2.76 6 -2.39227 26.5957 -2.39227
2.76 6.2 -3.10387 26.3957 -3.10387
2.76 6.4 -3.99064 25.7477 -3.99064
2.76 6.6 -4.97448 24.8734 -4.97448
2.76 6.8 -5.97682 23.9118 -5.97682
2.76 7 -6.86642 23.0346 -6.86642
2.76 7.2 -7.50235 22.3853 -7.50235
2.76 7.4 -7.66697 22.195 -7.66697
2.76 7.6 -7.33913 22.4751 -7.33913
2.76 7.8 -6.6457 23.0734 -6.6457
2.76 8 -5.75887 23.7499 -5.75887
2.76 8.2 -4.82194 24.2489 -4.82194
2.76 8.4 -4.04958 24.0423 -4.04958
2.76 8.6 -3.90141 21.6163 -3.90141
2.76 8.8 -4.83661 12.8517 -4.83661
2.76 9 1.50868 -0.22291 1.50868
2.76 9.2 18.7068 -1.04092 18.7068
2.76 9.4 28.481 2.22216 28.481
2.76 9.6 34.6558 6.59001 34.6558
2.76 9.8 10.6702 -17.9225 10.6702
2.88 0 24.3442 -4.66862 24.3442
2.88 0.2 27.3334 -1.2651 27.3334
2.88 0.4 27.0146 0.314099 27.0146
2.88 0.6 18.6655 -1.12476 18.6655
2.88 0.8 0.415708 0.518593 0.415708
2.88 1 -4.82883 14.3248 -4.82883
2.88 1.2 -3.84881 22.2984 -3.84881
2.88 1.4 -4.16386 24.2289 -4.16386
2.88 1.6 -4.99233 24.2566 -4.99233
2.88 1.8 -5.90034 23.723 -5.90034
2.88 2 -6.70752 23.091 -6.70752
2.88 2.2 -7.23025 22.6459 -7.23025
2.88 2.4 -7.29693 22.6128 -7.29693
2.88 2.6 -6.90032 23.0243 -6.90032
2.88 2.8 -6.13584 23.7794 -6.13584
2.88 3 -5.19147 24.6849 -5.19147
2.88 3.2 -4.21521 25.566 -4.21521
2.88 3.4 -3.305 26.2668 -3.305
2.88 3.6 -2.53122 26.6065 -2.53122
2.88 3.8 -2.10056 26.0003 -2.10056
2.88 4 -2.88073 21.9896 -2.88073
2.88 4.2 -5.1085 7.84791 -5.1085
2.88 4.4 7.20465 -5.27597 7.20465
2.88 4.6 21.0568 -3.49116 21.0568
2.88 4.8 24.36 -2.76119 24.36
2.88 5 22.2145 -3.21432 22.2145
2.88 5.2 10.5846 -5.2723 10.5846
2.88 5.4 -4.52783 4.30207 -4.52783
2.88 5.6 -3.28614 20.3094 -3.28614
2.88 5.8 -2.0763 25.6532 -2.0763
2.88 6 -2.39597 26.5995 -2.39597
2.88 6.2 -3.1098 26.3986 -3.1098
2.88 6.4 -3.99793 25.7505 -3.99793
2.88 6.6 -4.98183 24.8775 -4.98183
2.88 6.8 -5.98217 23.919 -5.98217
2.88 7 -6.86694 23.047 -6.86694
2.88 7.2 -7.49481 22.405 -7.49481
2.88 7.4 -7.64796 22.2241 -7.64796
2.88 7.6 -7.30679 22.5133 -7.30679
2.88 7.8 -6.59958 23.1177 -6.59958
2.88 8 -5.70049 23.7907 -5.70049
2.88 8.2 -4.75656 24.2592 -4.75656
2.88 8.4 -3.9995 23.9323 -3.9995
2.88 8.6 -3.95824 21.0397 -3.95824
2.88 8.8 -4.78957 11.108 -4.78957
2.88 9 4.33624 -1.06268 4.33624
2.88 9.2 21.471 -0.401548 21.471
2.88 9.4 29.4912 2.34183 29.4912
2.88 9.6 35.0078 6.43803 35.0078
2.88 9.8 10.7658 -18.2122 10.7658
3 0 24.3122 -4.80109 24.3122
3 0.2 27.3573 -1.37793 27.3573
3 0.4 27.2794 0.308918 27.2794
3 0.6 19.521 -0.956191 19.521
3 0.8 1.12917 0.144844 1.12917
3 1 -4.87618 13.8318 -4.87618
3 1.2 -3.8727 22.1521 -3.8727
3 1.4 -4.16386 24.1925 -4.16386
3 1.6 -4.9907 24.2475 -4.9907
3 1.8 -5.90141 23.7207 -5.90141
3 2 -6.71395 23.0874 -6.71395
3 2.2 -7.24417 22.6369 -7.24417
3 2.4 -7.31814 22.5974 -7.31814
3 2.6 -6.92621 23.0045 -6.92621
3 2.8 -6.16352 23.7574 -6.16352
3 3 -5.21854 24.6628 -5.21854
3 3.2 -4.24006 25.5455 -4.24006
3 3.4 -3.32678 26.249 -3.32678
3 3.6 -2.54956 26.5918 -2.54956
3 3.8 -2.1152 25.9892 -2.1152
3 4 -2.89148 21.9822 -2.89148
3 4.2 -5.11611 7.84348 -5.11611
3 4.4 7.1972 -5.28248 7.1972
3 4.6 21.0494 -3.49909 21.0494
3 4.8 24.3525 -2.76951 24.3525
3 5 22.2076 -3.2223 22.2076
3 5.2 10.5787 -5.27959 10.5787
3 5.4 -4.53524 4.29535 -4.53524
3 5.6 -3.2969 20.3014 -3.2969
3 5.8 -2.09088 25.642 -2.09088
3 6 -2.41424 26.5847 -2.41424
3 6.2 -3.13171 26.3804 -3.13171
3 6.4 -4.02332 25.7291 -4.02332
3 6.6 -5.00997 24.854 -5.00997
3 6.8 -6.01128 23.8952 -6.01128
3 7 -6.89399 23.0258 -6.89399
3 7.2 -7.51581 22.3898 -7.51581
3 7.4 -7.65951 22.2176 -7.65951
3 7.6 -7.30764 22.5156 -7.30764
3 7.8 -6.59096 23.1255 -6.59096
3 8 -5.68494 23.7972 -5.68494
3 8.2 -4.73763 24.2496 -4.73763
3 8.4 -3.98887 23.8585 -3.98887
3 8.6 -4.00441 20.7125 -4.00441
3 8.8 -4.72649 10.1968 -4.72649
3 9 5.88055 -1.33838 5.88055
3 9.2 22.6624 -0.136933 22.6624
3 9.4 29.8308 2.30161 29.8308
3 9.6 35.0763 6.28831 35.0763
3 9.8 10.7065 -18.4329 10.7065
3.12 0 24.3129 -4.77348 24.3129
3.12 0.2 27.3092 -1.38708 27.3092
3.12 0.4 27.1299 0.260511 27.1299
3.12 0.6 19.0717 -1.08795 19.0717
3.12 0.8 0.696989 0.299212 0.696989
3.12 1 -4.88051 14.0885 -4.88051
3.12 1.2 -3.87892 22.2199 -3.87892
3.12 1.4 -4.18668 24.1907 -4.18668
3.12 1.6 -5.01545 24.228 -5.01545
3.12 1.8 -5.92453 23.6972 -5.92453
3.12 2 -6.73639 23.062 -6.73639
3.12 2.2 -7.26807 22.6086 -7.26807
3.12 2.4 -7.3441 22.566 -7.3441
3.12 2.6 -6.95257 22.9718 -6.95257
3.12 2.8 -6.18905 23.725 -6.18905
3.12 3 -5.24254 24.6318 -5.24254
3.12 3.2 -4.26242 25.5166 -4.26242
3.12 3.4 -3.34747 26.2226 -3.34747
3.12 3.6 -2.56885 26.568 -2.56885
3.12 3.8 -2.13309 25.9681 -2.13309
3.12 4 -2.90771 21.9649 -2.90771
3.12 4.2 -5.13136 7.83105 -5.13136
3.12 4.4 7.18226 -5.29328 7.18226
3.12 4.6 21.0397 -3.50617 21.0397
3.12 4.8 24.3452 -2.77454 24.3452
3.12 5 22.1994 -3.22846 22.1994
3.12 5.2 10.566 -5.2901 10.566
3.12 5.4 -4.55109 4.28151 -4.55109
3.12 5.6 -3.31376 20.2837 -3.31376
3.12 5.8 -2.10925 25.6207 -2.10925
3.12 6 -2.43331 26.5611 -2.43331
3.12 6.2 -3.15195 26.3543 -3.15195
3.12 6.4 -4.04542 25.7004 -4.04542
3.12 6.6 -5.03449 24.8222 -5.03449
3.12 6.8 -6.03779 23.8612 -6.03779
3.12 7 -6.92069 22.9919 -6.92069
3.12 7.2 -7.53946 22.36 -7.53946
3.12 7.4 -7.67785 22.1942 -7.67785
3.12 7.6 -7.3205 22.4985 -7.3205
3.12 7.8 -6.60092 23.1118 -6.60092
3.12 8 -5.6948 23.7841 -5.6948
3.12 8.2 -4.74819 24.2367 -4.74819
3.12 8.4 -3.99857 23.8489 -3.99857
3.12 8.6 -4.0142 20.7083 -4.0142
3.12 8.8 -4.75289 10.1785 -4.75289
3.12 9 5.86674 -1.38233 5.86674
3.12 9.2 22.6727 -0.175526 22.6727
3.12 9.4 29.8085 2.2414 29.8085
3.12 9.6 35.0346 6.21524 35.0346
3.12 9.8 10.6485 -18.5177 10.6485
3.24 0 24.1931 -4.72919 24.1931
3.24 0.2 27.1836 -1.28668 27.1836
3.24 0.4 26.5193 0.15115 26.5193
3.24 0.6 17.2695 -1.5004 17.2695
3.24 0.8 -0.726775 1.08716 -0.726775
3.24 1 -4.80533 15.0788 -4.80533
3.24 1.2 -3.84884 22.5094 -3.84884
3.24 1.4 -4.20877 24.248 -4.20877
3.24 1.6 -5.04162 24.2269 -5.04162
3.24 1.8 -5.94449 23.6824 -5.94449
3.24 2 -6.74921 23.0458 -6.74921
3.24 2.2 -7.27494 22.5938 -7.27494
3.24 2.4 -7.34596 22.5534 -7.34596
3.24 2.6 -6.94954 22.9625 -6.94954
3.24 2.8 -6.1826 23.7186 -6.1826
3.24 3 -5.23469 24.6273 -5.23469
3.24 3.2 -4.25507 25.5127 -4.25507
3.24 3.4 -3.34151 26.2187 -3.34151
3.24 3.6 -2.56487 26.5636 -2.56487
3.24 3.8 -2.13114 25.9634 -2.13114
3.24 4 -2.9075 21.9614 -2.9075
3.24 4.2 -5.13459 7.83097 -5.13459
3.24 4.4 7.17421 -5.29433 7.17421
3.24 4.6 21.0382 -3.50337 21.0382
3.24 4.8 24.3473 -2.7691 24.3473
3.24 5 22.1999 -3.22436 22.1999
3.24 5.2 10.5604 -5.29043 10.5604
3.24 5.4 -4.55627 4.28005 -4.55627
3.24 5.6 -3.31521 20.2794 -3.31521
3.24 5.8 -2.10877 25.6149 -2.10877
3.24 6 -2.42967 26.5566 -2.42967
3.24 6.2 -3.14561 26.351 -3.14561
3.24 6.4 -4.03758 25.6971 -4.03758
3.24 6.6 -5.02688 24.8173 -5.02688
3.24 6.8 -6.03175 23.8538 -6.03175
3.24 7 -6.91684 22.9821 -6.91684
3.24 7.2 -7.53699 22.3502 -7.53699
3.24 7.4 -7.67648 22.1859 -7.67648
3.24 7.6 -7.32096 22.4918 -7.32096
3.24 7.8 -6.60571 23.1053 -6.60571
3.24 8 -5.70574 23.7803 -5.70574
3.24 8.2 -4.76331 24.2496 -4.76331
3.24 8.4 -4.00408 23.9308 -4.00408
3.24 8.6 -3.96445 21.0489 -3.96445
3.24 8.8 -4.84369 11.0646 -4.84369
3.24 9 4.33921 -1.18371 4.33921
3.24 9.2 21.5674 -0.491086 21.5674
3.24 9.4 29.4792 2.19032 29.4792
3.24 9.6 34.9234 6.23949 34.9234
3.24 9.8 10.6374 -18.4427 10.6374
3.36 0 23.8646 -4.68173 23.8646
3.36 0.2 26.7946 -1.17209 26.7946
3.36 0.4 25.1188 -0.161353 25.1188
3.36 0.6 13.8396 -2.1311 13.8396
3.36 0.8 -2.6533 2.82272 -2.6533
3.36 1 -4.61961 16.6674 -4.61961
3.36 1.2 -3.7992 22.9661 -3.7992
3.36 1.4 -4.23367 24.3576 -4.23367
3.36 1.6 -5.06908 24.25 -5.06908
3.36 1.8 -5.96041 23.6856 -5.96041
3.36 2 -6.75136 23.0494 -6.75136
3.36 2.2 -7.26326 22.6047 -7.26326
3.36 2.4 -7.3217 22.5734 -7.3217
3.36 2.6 -6.91525 22.991 -6.91525
3.36 2.8 -6.14302 23.7522 -6.14302
3.36 3 -5.19495 24.6616 -5.19495
3.36 3.2 -4.21851 25.5447 -4.21851
3.36 3.4 -3.30915 26.2472 -3.30915
3.36 3.6 -2.53681 26.5882 -2.53681
3.36 3.8 -2.10726 25.9844 -2.10726
3.36 4 -2.88749 21.9805 -2.88749
3.36 4.2 -5.12103 7.84993 -5.12103
3.36 4.4 7.17882 -5.28196 7.17882
3.36 4.6 21.0476 -3.49106 21.0476
3.36 4.8 24.3597 -2.75555 24.3597
3.36 5 22.2112 -3.21116 22.2112
3.36 5.2 10.5671 -5.27814 10.5671
3.36 5.4 -4.54558 4.29713 -4.54558
3.36 5.6 -3.29767 20.2968 -3.29767
3.36 5.8 -2.08729 25.6338 -2.08729
3.36 6 -2.40311 26.5798 -2.40311
3.36 6.2 -3.11384 26.379 -3.11384
3.36 6.4 -4.00144 25.7291 -4.00144
3.36 6.6 -4.98798 24.8509 -4.98798
3.36 6.8 -5.99237 23.8865 -5.99237
3.36 7 -6.88018 23.0114 -6.88018
3.36 7.2 -7.50616 22.3748 -7.50616
3.36 7.4 -7.65396 22.2052 -7.65396
3.36 7.6 -7.30854 22.5057 -7.30854
3.36 7.8 -6.60465 23.1155 -6.60465
3.36 8 -5.71613 23.7948 -5.71613
3.36 8.2 -4.78177 24.2938 -4.78177
3.36 8.4 -4.00894 24.0941 -4.00894
3.36 8.6 -3.86855 21.6701 -3.86855
3.36 8.8 -4.88042 12.7897 -4.88042
3.36 9 1.60541 -0.436332 1.60541
3.36 9.2 19.087 -1.12094 19.087
3.36 9.4 28.6623 2.06546 28.6623
3.36 9.6 34.667 6.33429 34.667
3.36 9.8 10.5887 -18.2502 10.5887
3.48 0 23.1377 -4.62997 23.1377
3.48 0.2 25.6694 -1.27354 25.6694
3.48 0.4 22.2088 -0.942529 22.2088
3.48 0.6 8.54789 -2.64787 8.54789
3.48 0.8 -4.34565 5.82504 -4.34565
3.48 1 -4.34929 18.5893 -4.34929
3.48 1.2 -3.77733 23.4843 -3.77733
3.48 1.4 -4.29263 24.4758 -4.29263
3.48 1.6 -5.12585 24.2682 -5.12585
3.48 1.8 -6.00028 23.6815 -6.00028
3.48 2 -6.77155 23.0483 -6.77155
3.48 2.2 -7.26309 22.6167 -7.26309
3.48 2.4 -7.30323 22.6007 -7.30323
3.48 2.6 -6.88379 23.0302 -6.88379
3.48 2.8 -6.10626 23.7967 -6.10626
3.48 3 -5.15967 24.7047 -5.15967
3.48 3.2 -4.18772 25.583 -4.18772
3.48 3.4 -3.28251 26.2807 -3.28251
3.48 3.6 -2.51284 26.618 -2.51284
3.48 3.8 -2.08476 26.0119 -2.08476
3.48 4 -2.86572 22.0076 -2.86572
3.48 4.2 -5.10273 7.87767 -5.10273
3.48 4.4 7.18597 -5.26736 7.18597
3.48 4.6 21.0554 -3.48319 21.0554
3.48 4.8 24.3683 -2.74919 24.3683
3.48 5 22.22 -3.20353 22.22
3.48 5.2 10.5749 -5.26571 10.5749
3.48 5.4 -4.53027 4.32257 -4.53027
3.48 5.6 -3.27764 20.3227 -3.27764
3.48 5.8 -2.06681 25.6592 -2.06681
3.48 6 -2.38091 26.6077 -2.38091
3.48 6.2 -3.08894 26.4108 -3.08894
3.48 6.4 -3.97289 25.7655 -3.97289
3.48 6.6 -4.95514 24.8916 -4.95514
3.48 6.8 -5.95619 23.9296 -5.95619
3.48 7 -6.84494 23.0528 -6.84494
3.48 7.2 -7.47868 22.4089 -7.47868
3.48 7.4 -7.64035 22.2277 -7.64035
3.48 7.6 -7.31178 22.5161 -7.31178
3.48 7.8 -6.62487 23.1185 -6.62487
3.48 8 -5.75216 23.8029 -5.75216
3.48 8.2 -4.83011 24.3397 -4.83011
3.48 8.4 -4.04529 24.2872 -4.04529
3.48 8.6 -3.77667 22.4345 -3.77667
3.48 8.8 -4.75755 15.1437 -4.75755
3.48 9 -1.59797 1.43204 -1.59797
3.48 9.2 14.7292 -2.05297 14.7292
3.48 9.4 26.8493 1.64648 26.8493
3.48 9.6 33.9733 6.35914 33.9733
3.48 9.8 10.2831 -18.0424 10.2831
3.6 0 21.1037 -5.01551 21.1037
3.6 0.2 22.8099 -2.00642 22.8099
3.6 0.4 16.6788 -2.40448 16.6788
3.6 0.6 2.04424 -1.95977 2.04424
3.6 0.8 -5.17971 10.0211 -5.17971
3.6 1 -4.08527 20.5019 -4.08527
3.6 1.2 -3.83083 23.9482 -3.83083
3.6 1.4 -4.41623 24.5473 -4.41623
3.6 1.6 -5.24082 24.2393 -5.24082
3.6 1.8 -6.09443 23.6301 -6.09443
3.6 2 -6.84279 23.0015 -6.84279
3.6 2.2 -7.31106 22.5858 -7.31106
3.6 2.4 -7.33104 22.5875 -7.33104
3.6 2.6 -6.89827 23.0301 -6.89827
3.6 2.8 -6.11588 23.8011 -6.11588
3.6 3 -5.17033 24.7072 -5.17033
3.6 3.2 -4.20052 25.582 -4.20052
3.6 3.4 -3.29543 26.278 -3.29543
3.6 3.6 -2.52334 26.6165 -2.52334
3.6 3.8 -2.09139 26.0135 -2.09139
3.6 4 -2.86784 22.014 -2.86784
3.6 4.2 -5.10337 7.88877 -5.10337
3.6 4.4 7.17452 -5.27139 7.17452
3.6 4.6 21.0419 -3.49709 21.0419
3.6 4.8 24.3539 -2.76578 24.3539
3.6 5 22.2063 -3.21864 22.2063
3.6 5.2 10.5627 -5.27347 10.5627
3.6 5.4 -4.5333 4.33175 -4.5333
3.6 5.6 -3.27976 20.3296 -3.27976
3.6 5.8 -2.07367 25.6605 -2.07367
3.6 6 -2.39196 26.6055 -2.39196
3.6 6.2 -3.10346 26.4066 -3.10346
3.6 6.4 -3.98879 25.7613 -3.98879
3.6 6.6 -4.96919 24.8903 -4.96919
3.6 6.8 -5.96642 23.9324 -5.96642
3.6 7 -6.85432 23.0562 -6.85432
3.6 7.2 -7.49553 22.4049 -7.49553
3.6 7.4 -7.67311 22.2091 -7.67311
3.6 7.6 -7.36432 22.4819 -7.36432
3.6 7.8 -6.69683 23.0755 -6.69683
3.6 8 -5.84243 23.7663 -5.84243
3.6 8.2 -4.93684 24.3438 -4.93684
3.6 8.4 -4.14701 24.4436 -4.14701
3.6 8.6 -3.74936 23.1789 -3.74936
3.6 8.8 -4.48632 17.7429 -4.48632
3.6 9 -4.16821 4.9335 -4.16821
3.6 9.2 8.22513 -2.81806 8.22513
3.6 9.4 23.0689 0.600798 23.0689
3.6 9.6 32.1352 5.98568 32.1352
3.6 9.8 9.21587 -18.0593 9.21587
3.72 0 16.055 -6.45878 16.055
3.72 0.2 16.5475 -3.79977 16.5475
3.72 0.4 7.97031 -3.81081 7.97031
3.72 0.6 -3.39066 1.63743 -3.39066
3.72 0.8 -5.09046 14.6889 -5.09046
3.72 1 -3.91212 22.1234 -3.91212
3.72 1.2 -3.95883 24.2976 -3.95883
3.72 1.4 -4.58933 24.5585 -4.58933
3.72 1.6 -5.39671 24.1614 -5.39671
3.72 1.8 -6.22561 23.5324 -6.22561
3.72 2 -6.94943 22.9091 -6.94943
3.72 2.2 -7.39442 22.5092 -7.39442
3.72 2.4 -7.39535 22.5279 -7.39535
3.72 2.6 -6.95029 22.9823 -6.95029
3.72 2.8 -6.16251 23.7579 -6.16251
3.72 3 -5.21532 24.6643 -5.21532
3.72 3.2 -4.24391 25.5393 -4.24391
3.72 3.4 -3.33562 26.238 -3.33562
3.72 3.6 -2.55921 26.5812 -2.55921
3.72 3.8 -2.12279 25.9837 -2.12279
3.72 4 -2.89471 21.9912 -2.89471
3.72 4.2 -5.12744 7.87464 -5.12744
3.72 4.4 7.14448 -5.29243 7.14448
3.72 4.6 21.0153 -3.52 21.0153
3.72 4.8 24.3289 -2.78793 24.3289
3.72 5 22.1798 -3.24198 22.1798
3.72 5.2 10.5324 -5.29702 10.5324
3.72 5.4 -4.5592 4.31689 -4.5592
3.72 5.6 -3.30575 20.3087 -3.30575
3.72 5.8 -2.10407 25.6323 -2.10407
3.72 6 -2.42702 26.5712 -2.42702
3.72 6.2 -3.14419 26.366 -3.14419
3.72 6.4 -4.0347 25.7158 -4.0347
3.72 6.6 -5.0171 24.8437 -5.0171
3.72 6.8 -6.01295 23.8882 -6.01295
3.72 7 -6.90043 23.0134 -6.90043
3.72 7.2 -7.54842 22.3557 -7.54842
3.72 7.4 -7.74132 22.1453 -7.74132
3.72 7.6 -7.45208 22.4023 -7.45208
3.72 7.8 -6.80461 22.9875 -6.80461
3.72 8 -5.97115 23.6842 -5.97115
3.72 8.2 -5.08782 24.299 -5.08782
3.72 8.4 -4.30517 24.5361 -4.30517
3.72 8.6 -3.80552 23.7936 -3.80552
3.72 8.8 -4.17558 20.1547 -4.17558
3.72 9 -5.29554 9.87162 -5.29554
3.72 9.2 0.809136 -1.81398 0.809136
3.72 9.4 16.0958 -1.13876 16.0958
3.72 9.6 27.8373 4.757 27.8373
3.72 9.8 6.29037 -18.7735 6.29037
3.84 0 6.341 -8.66552 6.341
3.84 0.2 6.08317 -5.61578 6.08317
3.84 0.4 -1.27565 -2.10363 -1.27565
3.84 0.6 -5.61176 8.26883 -5.61176
3.84 0.8 -4.55405 18.8051 -4.55405
3.84 1 -3.84103 23.3439 -3.84103
3.84 1.2 -4.10377 24.5555 -4.10377
3.84 1.4 -4.74922 24.5566 -4.74922
3.84 1.6 -5.53037 24.0901 -5.53037
3.84 1.8 -6.33039 23.4477 -6.33039
3.84 2 -7.02843 22.8311 -7.02843
3.84 2.2 -7.45122 22.4457 -7.45122
3.84 2.4 -7.43493 22.4792 -7.43493
3.84 2.6 -6.97802 22.9445 -6.97802
3.84 2.8 -6.18264 23.7264 -6.18264
3.84 3 -5.23008 24.6368 -5.23008
3.84 3.2 -4.25493 25.5152 -4.25493
3.84 3.4 -3.34473 26.2167 -3.34473
3.84 3.6 -2.5684 26.5619 -2.5684
3.84 3.8 -2.13352 25.9658 -2.13352
3.84 4 -2.90737 21.9755 -2.90737
3.84 4.2 -5.14337 7.86502 -5.14337
3.84 4.4 7.12258 -5.303 7.12258
3.84 4.6 21.0032 -3.52358 21.0032
3.84 4.8 24.3223 -2.78651 24.3223
3.84 5 22.1695 -3.24409 22.1695
3.84 5.2 10.5119 -5.30746 10.5119
3.84 5.4 -4.57758 4.30687 -4.57758
3.84 5.6 -3.31867 20.2943 -3.31867
3.84 5.8 -2.11449 25.6157 -2.11449
3.84 6 -2.43534 26.5536 -2.43534
3.84 6.2 -3.15293 26.3455 -3.15293
3.84 6.4 -4.04665 25.6903 -4.04665
3.84 6.6 -5.03293 24.814 -5.03293
3.84 6.8 -6.0315 23.857 -6.0315
3.84 7 -6.9222 22.9808 -6.9222
3.84 7.2 -7.57808 22.3165 -7.57808
3.84 7.4 -7.78513 22.0929 -7.78513
3.84 7.6 -7.51381 22.336 -7.51381
3.84 7.8 -6.88686 22.9129 -6.88686
3.84 8 -6.07815 23.6118 -6.07815
3.84 8.2 -5.22366 24.2545 -5.22366
3.84 8.4 -4.46159 24.6009 -4.46159
3.84 8.6 -3.90239 24.2671 -3.90239
3.84 8.8 -3.92583 22.0928 -3.92583
3.84 9 -5.12636 15.1276 -5.12636
3.84 9.2 -4.41881 2.86649 -4.41881
3.84 9.4 6.25704 -1.98309 6.25704
3.84 9.6 19.5164 2.67682 19.5164
3.84 9.8 -0.213125 -20.6081 -0.213125
3.96 0 -5.15588 -7.63007 -5.15588
3.96 0.2 -4.12403 -2.88004 -4.12403
3.96 0.4 -5.92332 5.07883 -5.92332
3.96 0.6 -5.28902 15.2768 -5.28902
3.96 0.8 -4.08118 21.7417 -4.08118
3.96 1 -3.84838 24.1851 -3.84838
3.96 1.2 -4.22556 24.7584 -4.22556
3.96 1.4 -4.86007 24.5811 -4.86007
3.96 1.6 -5.60777 24.0687 -5.60777
3.96 1.8 -6.37509 23.4221 -6.37509
3.96 2 -7.04569 22.8156 -7.04569
3.96 2.2 -7.44673 22.4443 -7.44673
3.96 2.4 -7.41404 22.4912 -7.41404
3.96 2.6 -6.94468 22.9674 -6.94468
3.96 2.8 -6.13948 23.7579 -6.13948
3.96 3 -5.18014 24.6746 -5.18014
3.96 3.2 -4.20363 25.5548 -4.20363
3.96 3.4 -3.29784 26.2535 -3.29784
3.96 3.6 -2.52968 26.5923 -2.52968
3.96 3.8 -2.1037 25.9891 -2.1037
3.96 4 -2.88522 21.9943 -2.88522
3.96 4.2 -5.12883 7.88471 -5.12883
3.96 4.4 7.13096 -5.28443 7.13096
3.96 4.6 21.0233 -3.49767 21.0233
3.96 4.8 24.3491 -2.75551 24.3491
3.96 5 22.1928 -3.21571 22.1928
3.96 5.2 10.5235 -5.28729 10.5235
3.96 5.4 -4.56585 4.32546 -4.56585
3.96 5.6 -3.29866 20.312 -3.29866
3.96 5.8 -2.08663 25.6378 -2.08663
3.96 6 -2.39772 26.5837 -2.39772
3.96 6.2 -3.10648 26.3824 -3.10648
3.96 6.4 -3.99549 25.7297 -3.99549
3.96 6.6 -4.98231 24.8514 -4.98231
3.96 6.8 -5.98555 23.8902 -5.98555
3.96 7 -6.88387 23.0084 -6.88387
3.96 7.2 -7.55022 22.3354 -7.55022
3.96 7.4 -7.77093 22.0996 -7.77093
3.96 7.6 -7.51633 22.3302 -7.51633
3.96 7.8 -6.91135 22.8968 -6.91135
3.96 8 -6.13187 23.5911 -6.13187
3.96 8.2 -5.31146 24.2491 -5.31146
3.96 8.4 -4.57984 24.6725 -4.57984
3.96 8.6 -4.0024 24.6245 -4.0024
3.96 8.8 -3.79043 23.4716 -3.79043
3.96 9 -4.48072 19.4263 -4.48072
3.96 9.2 -5.79288 10.2766 -5.79288
3.96 9.4 -1.93077 1.81822 -1.93077
3.96 9.6 8.44786 2.37852 8.44786
3.96 9.8 -10.8274 -22.3566 -10.8274
4.08 0 -10.6371 0.45066 -10.6371
4.08 0.2 -7.70361 6.02293 -7.70361
4.08 0.4 -5.89591 13.7797 -5.89591
4.08 0.6 -4.45575 20.2036 -4.45575
4.08 0.8 -3.8672 23.5035 -3.8672
4.08 1 -3.92353 24.7064 -3.92353
4.08 1.2 -4.34275 24.8978 -4.34275
4.08 1.4 -4.95464 24.6073 -4.95464
4.08 1.6 -5.66928 24.0675 -5.66928
4.08 1.8 -6.40514 23.4233 -6.40514
4.08 2 -7.04971 22.8285 -7.04971
4.08 2.2 -7.43058 22.4707 -7.43058
4.08 2.4 -7.38227 22.5301 -7.38227
4.08 2.6 -6.90002 23.0179 -6.90002
4.08 2.8 -6.08455 23.8182 -6.08455
4.08 3 -5.11987 24.7408 -5.11987
4.08 3.2 -4.14558 25.6196 -4.14558
4.08 3.4 -3.24761 26.3106 -3.24761
4.08 3.6 -2.48815 26.64 -2.48815
4.08 3.8 -2.06789 26.0299 -2.06789
4.08 4 -2.85153 22.0327 -2.85153
4.08 4.2 -5.0983 7.92352 -5.0983
4.08 4.4 7.15202 -5.25731 7.15202
4.08 4.6 21.0452 -3.47761 21.0452
4.08 4.8 24.3722 -2.73715 24.3722
4.08 5 22.2165 -3.19528 22.2165
4.08 5.2 10.5465 -5.2613 10.5465
4.08 5.4 -4.53758 4.36172 -4.53758
4.08 5.6 -3.26672 20.3485 -3.26672
4.08 5.8 -2.05319 25.676 -2.05319
4.08 6 -2.3586 26.6291 -2.3586
4.08 6.2 -3.05807 26.438 -3.05807
4.08 6.4 -3.93781 25.794 -3.93781
4.08 6.6 -4.92044 24.9186 -4.92044
4.08 6.8 -5.92712 23.9534 -5.92712
4.08 7 -6.83523 23.0625 -6.83523
4.08 7.2 -7.51395 22.3785 -7.51395
4.08 7.4 -7.74759 22.1314 -7.74759
4.08 7.6 -7.50792 22.3513 -7.50792
4.08 7.8 -6.92459 22.9065 -6.92459
4.08 8 -6.17457 23.5912 -6.17457
4.08 8.2 -5.38622 24.256 -5.38622
4.08 8.4 -4.68489 24.7314 -4.68489
4.08 8.6 -4.1144 24.8674 -4.1144
4.08 8.8 -3.78193 24.3421 -3.78193
4.08 9 -4.00043 22.2351 -4.00043
4.08 9.2 -5.07365 16.9667 -5.07365
4.08 9.4 -4.41834 10.25 -4.41834
4.08 9.6 1.18622 8.20493 1.18622
4.08 9.8 -20.742 -19.5746 -20.742
4.2 0 -10.3328 9.69994 -10.3328
4.2 0.2 -6.96876 14.4451 -6.96876
4.2 0.4 -4.90387 19.4903 -4.90387
4.2 0.6 -4.02364 22.8201 -4.02364
4.2 0.8 -3.87569 24.3989 -3.87569
4.2 1 -4.06538 24.9562 -4.06538
4.2 1.2 -4.49459 24.9329 -4.49459
4.2 1.4 -5.08669 24.5728 -5.08669
4.2 1.6 -5.77675 24.0159 -5.77675
4.2 1.8 -6.48882 23.375 -6.48882
4.2 2 -7.11341 22.7898 -7.11341
4.2 2.2 -7.47822 22.4429 -7.47822
4.2 2.4 -7.41672 22.5131 -7.41672
4.2 2.6 -6.92369 23.011 -6.92369
4.2 2.8 -6.10135 23.8189 -6.10135
4.2 3 -5.13559 24.7434 -5.13559
4.2 3.2 -4.16516 25.6183 -4.16516
4.2 3.4 -3.27088 26.3041 -3.27088
4.2 3.6 -2.51028 26.6323 -2.51028
4.2 3.8 -2.08344 26.0265 -2.08344
4.2 4 -2.85733 22.0378 -2.85733
4.2 4.2 -5.09741 7.935 -5.09741
4.2 4.4 7.14601 -5.26075 7.14601
4.2 4.6 21.0308 -3.49693 21.0308
4.2 4.8 24.3531 -2.76316 24.3531
4.2 5 22.2009 -3.21734 22.2009
4.2 5.2 10.5397 -5.2695 10.5397
4.2 5.4 -4.53716 4.37036 -4.53716
4.2 5.6 -3.27123 20.3537 -3.27123
4.2 5.8 -2.0681 25.6724 -2.0681
4.2 6 -2.3815 26.62 -2.3815
4.2 6.2 -3.0831 26.4296 -3.0831
4.2 6.4 -3.95845 25.7916 -3.95845
4.2 6.6 -4.93504 24.9221 -4.93504
4.2 6.8 -5.94082 23.9568 -5.94082
4.2 7 -6.85558 23.0587 -6.85558
4.2 7.2 -7.54486 22.3645 -7.54486
4.2 7.4 -7.78909 22.1082 -7.78909
4.2 7.6 -7.56149 22.3197 -7.56149
4.2 7.8 -6.9964 22.8644 -6.9964
4.2 8 -6.26991 23.5399 -6.26991
4.2 8.2 -5.50396 24.21 -5.50396
4.2 8.4 -4.82387 24.7227 -4.82387
4.2 8.6 -4.26778 24.971 -4.26778
4.2 8.8 -3.88714 24.7976 -3.88714
4.2 9 -3.84176 23.7528 -3.84176
4.2 9.2 -4.30563 21.0838 -4.30563
4.2 9.4 -3.66502 17.8879 -3.66502
4.2 9.6 0.225324 17.3196 0.225324
4.2 9.8 -24.1524 -11.3257 -24.1524
4.32 0 -9.31976 14.8294 -9.31976
4.32 0.2 -6.08735 18.8007 -6.08735
4.32 0.4 -4.40694 22.0907 -4.40694
4.32 0.6 -3.92212 23.9443 -3.92212
4.32 0.8 -3.96521 24.7699 -3.96521
4.32 1 -4.20802 25.0263 -4.20802
4.32 1.2 -4.63974 24.891 -4.63974
4.32 1.4 -5.22086 24.4905 -5.22086
4.32 1.6 -5.89757 23.9218 -5.89757
4.32 1.8 -6.5967 23.2813 -6.5967
4.32 2 -7.21051 22.7006 -7.21051
4.32 2.2 -7.56579 22.3601 -7.56579
4.32 2.4 -7.49581 22.4374 -7.49581
4.32 2.6 -6.997 22.9411 -6.997
4.32 2.8 -6.17389 23.7504 -6.17389
4.32 3 -5.21135 24.6721 -5.21135
4.32 3.2 -4.24299 25.5442 -4.24299
4.32 3.4 -3.34428 26.233 -3.34428
4.32 3.6 -2.57316 26.571 -2.57316
4.32 3.8 -2.13431 25.9779 -2.13431
4.32 4 -2.89806 22.0012 -2.89806
4.32 4.2 -5.13297 7.90588 -5.13297
4.32 4.4 7.10759 -5.29534 7.10759
4.32 4.6 20.989 -3.53579 20.989
4.32 4.8 24.3087 -2.80401 24.3087
4.32 5 22.1571 -3.25878 22.1571
4.32 5.2 10.4999 -5.30827 10.4999
4.32 5.4 -4.5726 4.33873 -4.5726
4.32 5.6 -3.30917 20.3192 -3.30917
4.32 5.8 -2.1153 25.627 -2.1153
4.32 6 -2.44199 26.5606 -2.44199
4.32 6.2 -3.1565 26.3581 -3.1565
4.32 6.4 -4.03758 25.7161 -4.03758
4.32 6.6 -5.01116 24.8506 -5.01116
4.32 6.8 -6.01184 23.8899 -6.01184
4.32 7 -6.92648 22.9911 -6.92648
4.32 7.2 -7.62086 22.2915 -7.62086
4.32 7.4 -7.8718 22.0295 -7.8718
4.32 7.6 -7.65266 22.2353 -7.65266
4.32 7.8 -7.10007 22.7725 -7.10007
4.32 8 -6.38744 23.4429 -6.38744
4.32 8.2 -5.63214 24.1205 -5.63214
4.32 8.4 -4.96356 24.6592 -4.96356
4.32 8.6 -4.42059 24.9702 -4.42059
4.32 8.8 -4.02461 24.9768 -4.02461
4.32 9 -3.86475 24.4384 -3.86475
4.32 9.2 -3.97871 23.0357 -3.97871
4.32 9.4 -2.82639 22.0708 -2.82639
4.32 9.6 1.2124 23.5929 1.2124
4.32 9.8 -23.5925 -3.92213 -23.5925
4.44 0 -8.95525 16.377 -8.95525
4.44 0.2 -5.78856 20.0973 -5.78856
4.44 0.4 -4.25871 22.8489 -4.25871
4.44 0.6 -3.88933 24.2822 -3.88933
4.44 0.8 -3.97724 24.8964 -3.97724
4.44 1 -4.23185 25.0619 -4.23185
4.44 1.2 -4.66256 24.89 -4.66256
4.44 1.4 -5.23842 24.476 -5.23842
4.44 1.6 -5.90955 23.9033 -5.90955
4.44 1.8 -6.60471 23.2616 -6.60471
4.44 2 -7.21648 22.6804 -7.21648
4.44 2.2 -7.56958 22.3409 -7.56958
4.44 2.4 -7.49711 22.4203 -7.49711
4.44 2.6 -6.99808 22.9243 -6.99808
4.44 2.8 -6.17857 23.7302 -6.17857
4.44 3 -5.22013 24.6473 -5.22013
4.44 3.2 -4.25085 25.5195 -4.25085
4.44 3.4 -3.34577 26.2152 -3.34577
4.44 3.6 -2.56932 26.5609 -2.56932
4.44 3.8 -2.13163 25.9704 -2.13163
4.44 4 -2.90247 21.9908 -2.90247
4.44 4.2 -5.14752 7.89123 -5.14752
4.44 4.4 7.0919 -5.30535 7.0919
4.44 4.6 20.9858 -3.53019 20.9858
4.44 4.8 24.3117 -2.79092 24.3117
4.44 5 22.1556 -3.25146 22.1556
4.44 5.2 10.4872 -5.3171 10.4872
4.44 5.4 -4.58852 4.32036 -4.58852
4.44 5.6 -3.31433 20.3081 -3.31433
4.44 5.8 -2.11089 25.6217 -2.11089
4.44 6 -2.43546 26.5536 -2.43546
4.44 6.2 -3.15644 26.3417 -3.15644
4.44 6.4 -4.04598 25.6906 -4.04598
4.44 6.6 -5.02115 24.8245 -5.02115
4.44 6.8 -6.01665 23.8699 -6.01665
4.44 7 -6.92665 22.9756 -6.92665
4.44 7.2 -7.62093 22.2757 -7.62093
4.44 7.4 -7.87466 22.0115 -7.87466
4.44 7.6 -7.65995 22.2145 -7.65995
4.44 7.8 -7.11318 22.7481 -7.11318
4.44 8 -6.40519 23.4178 -6.40519
4.44 8.2 -5.65333 24.1009 -5.65333
4.44 8.4 -4.99292 24.6496 -4.99292
4.44 8.6 -4.46193 24.9814 -4.46193
4.44 8.8 -4.06446 25.0549 -4.06446
4.44 9 -3.86885 24.698 -3.86885
4.44 9.2 -3.86597 23.7317 -3.86597
4.44 9.4 -2.48652 23.5836 -2.48652
4.44 9.6 1.75939 26.0198 1.75939
4.44 9.8 -22.9374 -0.721469 -22.9374
4.56 0 -9.18252 15.2481 -9.18252
4.56 0.2 -5.95884 19.1601 -5.95884
4.56 0.4 -4.30934 22.3187 -4.30934
4.56 0.6 -3.84159 24.0802 -3.84159
4.56 0.8 -3.88398 24.8675 -3.88398
4.56 1 -4.12311 25.1092 -4.12311
4.56 1.2 -4.55098 24.9686 -4.55098
4.56 1.4 -5.12726 24.5682 -5.12726
4.56 1.6 -5.79959 24.001 -5.79959
4.56 1.8 -6.49826 23.3589 -6.49826
4.56 2 -7.11563 22.7736 -7.11563
4.56 2.2 -7.47423 22.4293 -7.47423
4.56 2.4 -7.40597 22.505 -7.40597
4.56 2.6 -6.91079 23.0054 -6.91079
4.56 2.8 -6.09462 23.8074 -6.09462
4.56 3 -5.13644 24.7232 -5.13644
4.56 3.2 -4.16416 25.5983 -4.16416
4.56 3.4 -3.25868 26.2961 -3.25868
4.56 3.6 -2.49037 26.6363 -2.49037
4.56 3.8 -2.06707 26.0329 -2.06707
4.56 4 -2.85245 22.0393 -2.85245
4.56 4.2 -5.10867 7.92939 -5.10867
4.56 4.4 7.1329 -5.26333 7.1329
4.56 4.6 21.0389 -3.47696 21.0389
4.56 4.8 24.371 -2.7329 24.371
4.56 5 22.2138 -3.19419 22.2138
4.56 5.2 10.5359 -5.27059 10.5359
4.56 5.4 -4.55045 4.35307 -4.55045
4.56 5.6 -3.26865 20.3509 -3.26865
4.56 5.8 -2.04918 25.6817 -2.04918
4.56 6 -2.35712 26.629 -2.35712
4.56 6.2 -3.06828 26.424 -3.06828
4.56 6.4 -3.95845 25.77 -3.95845
4.56 6.6 -4.93764 24.9 -4.93764
4.56 6.8 -5.93322 23.9469 -5.93322
4.56 7 -6.84039 23.0562 -6.84039
4.56 7.2 -7.53242 22.3586 -7.53242
4.56 7.4 -7.78476 22.0957 -7.78476
4.56 7.6 -7.56859 22.3001 -7.56859
4.56 7.8 -7.01927 22.8354 -7.01927
4.56 8 -6.30742 23.5078 -6.30742
4.56 8.2 -5.55465 24.1908 -5.55465
4.56 8.4 -4.90018 24.7305 -4.90018
4.56 8.6 -4.3755 25.0471 -4.3755
4.56 8.8 -3.9798 25.1004 -3.9798
4.56 9 -3.79318 24.6968 -3.79318
4.56 9.2 -3.82793 23.6129 -3.82793
4.56 9.4 -2.51961 23.2498 -2.51961
4.56 9.6 1.6552 25.445 1.6552
4.56 9.8 -23.0862 -1.5117 -23.0862
4.68 0 -10.1402 10.6949 -10.1402
4.68 0.2 -6.7745 15.3045 -6.7745
4.68 0.4 -4.75478 20.0238 -4.75478
4.68 0.6 -3.93297 23.083 -3.93297
4.68 0.8 -3.81328 24.5322 -3.81328
4.68 1 -4.01179 25.0395 -4.01179
4.68 1.2 -4.44453 24.9956 -4.44453
4.68 1.4 -5.0361 24.629 -5.0361
4.68 1.6 -5.72311 24.0715 -5.72311
4.68 1.8 -6.43569 23.4277 -6.43569
4.68 2 -7.06665 22.8345 -7.06665
4.68 2.2 -7.43843 22.4797 -7.43843
4.68 2.4 -7.38149 22.5453 -7.38149
4.68 2.6 -6.89387 23.0385 -6.89387
4.68 2.8 -6.07951 23.8385 -6.07951
4.68 3 -5.11781 24.7575 -5.11781
4.68 3.2 -4.14268 25.636 -4.14268
4.68 3.4 -3.24204 26.33 -3.24204
4.68 3.6 -2.48346 26.6597 -2.48346
4.68 3.8 -2.06455 26.0491 -2.06455
4.68 4 -2.84563 22.0555 -2.84563
4.68 4.2 -5.09254 7.94829 -5.09254
4.68 4.4 7.15371 -5.24918 7.15371
4.68 4.6 21.0476 -3.47996 21.0476
4.68 4.8 24.3713 -2.74665 24.3713
4.68 5 22.2239 -3.19788 22.2239
4.68 5.2 10.563 -5.25606 10.563
4.68 5.4 -4.53088 4.36665 -4.53088
4.68 5.6 -3.26341 20.3622 -3.26341
4.68 5.8 -2.04952 25.6938 -2.04952
4.68 6 -2.35303 26.6494 -2.35303
4.68 6.2 -3.05206 26.4575 -3.05206
4.68 6.4 -3.93499 25.8097 -3.93499
4.68 6.6 -4.91684 24.9365 -4.91684
4.68 6.8 -5.91782 23.9786 -5.91782
4.68 7 -6.82626 23.0873 -6.82626
4.68 7.2 -7.51445 22.3932 -7.51445
4.68 7.4 -7.75938 22.1369 -7.75938
4.68 7.6 -7.53369 22.3494 -7.53369
4.68 7.8 -6.97236 22.8933 -6.97236
4.68 8 -6.24723 23.5725 -6.24723
4.68 8.2 -5.48498 24.2527 -5.48498
4.68 8.4 -4.82341 24.7735 -4.82341
4.68 8.6 -4.28566 25.0509 -4.28566
4.68 8.8 -3.88647 25.0015 -3.88647
4.68 9 -3.75533 24.3052 -3.75533
4.68 9.2 -3.99479 22.4863 -3.99479
4.68 9.4 -3.05531 20.7754 -3.05531
4.68 9.6 0.834299 21.5397 0.834299
4.68 9.8 -23.9364 -6.4941 -23.9364
4.8 0 -10.8277 1.90349 -10.8277
4.8 0.2 -7.73561 7.40515 -7.73561
4.8 0.4 -5.75116 14.7892 -5.75116
4.8 0.6 -4.36083 20.6832 -4.36083
4.8 0.8 -3.85155 23.6743 -3.85155
4.8 1 -3.94359 24.7574 -3.94359
4.8 1.2 -4.38206 24.8993 -4.38206
4.8 1.4 -5.00542 24.5863 -5.00542
4.8 1.6 -5.7238 24.0385 -5.7238
4.8 1.8 -6.46177 23.3898 -6.46177
4.8 2 -7.1128 22.7865 -7.1128
4.8 2.2 -7.50278 22.4175 -7.50278
4.8 2.4 -7.46274 22.4675 -7.46274
4.8 2.6 -6.98755 22.9489 -6.98755
4.8 2.8 -6.17804 23.7446 -6.17804
4.8 3 -5.21566 24.6653 -5.21566
4.8 3.2 -4.24098 25.5446 -4.24098
4.8 3.4 -3.34303 26.2355 -3.34303
4.8 3.6 -2.58022 26.5673 -2.58022
4.8 3.8 -2.14618 25.9701 -2.14618
4.8 4 -2.91009 21.9931 -2.91009
4.8 4.2 -5.14302 7.89677 -5.14302
4.8 4.4 7.10722 -5.30151 7.10722
4.8 4.6 20.9829 -3.54736 20.9829
4.8 4.8 24.2944 -2.82413 24.2944
4.8 5 22.1556 -3.27005 22.1556
4.8 5.2 10.5193 -5.31133 10.5193
4.8 5.4 -4.5754 4.31095 -4.5754
4.8 5.6 -3.3243 20.2997 -3.3243
4.8 5.8 -2.12815 25.6162 -2.12815
4.8 6 -2.44937 26.5565 -2.44937
4.8 6.2 -3.15311 26.3627 -3.15311
4.8 6.4 -4.03106 25.7207 -4.03106
4.8 6.6 -5.01153 24.848 -5.01153
4.8 6.8 -6.01608 23.8859 -6.01608
4.8 7 -6.92457 22.994 -6.92457
4.8 7.2 -7.60448 22.3073 -7.60448
4.8 7.4 -7.83526 22.0643 -7.83526
4.8 7.6 -7.59381 22.2906 -7.59381
4.8 7.8 -7.01511 22.8465 -7.01511
4.8 8 -6.26995 23.5344 -6.26995
4.8 8.2 -5.48655 24.2127 -5.48655
4.8 8.4 -4.79723 24.7137 -4.79723
4.8 8.6 -4.22518 24.9285 -4.22518
4.8 8.8 -3.83314 24.6571 -3.83314
4.8 9 -3.86031 23.2697 -3.86031
4.8 9.2 -4.56334 19.7012 -4.56334
4.8 9.4 -4.103 15.1325 -4.103
4.8 9.6 0.0885285 13.6917 0.0885285
4.8 9.8 -23.5406 -14.9847 -23.5406
4.92 0 -6.45414 -6.78469 -6.45414
4.92 0.2 -5.08918 -1.80012 -5.08918
4.92 0.4 -6.07964 6.44895 -6.07964
4.92 0.6 -5.11047 16.1841 -5.11047
4.92 0.8 -3.97643 22.1151 -3.97643
4.92 1 -3.79804 24.3377 -3.79804
4.92 1.2 -4.19724 24.8321 -4.19724
4.92 1.4 -4.84573 24.6194 -4.84573
4.92 1.6 -5.60008 24.092 -5.60008
4.92 1.8 -6.36902 23.4401 -6.36902
4.92 2 -7.04308 22.8273 -7.04308
4.92 2.2 -7.45219 22.4447 -7.45219
4.92 2.4 -7.43025 22.4782 -7.43025
4.92 2.6 -6.97023 22.9446 -6.97023
4.92 2.8 -6.17053 23.7312 -6.17053
4.92 3 -5.21427 24.6471 -5.21427
4.92 3.2 -4.24373 25.523 -4.24373
4.92 3.4 -3.34376 26.2155 -3.34376
4.92 3.6 -2.57034 26.5583 -2.57034
4.92 3.8 -2.1299 25.9705 -2.1299
4.92 4 -2.90255 21.9889 -2.90255
4.92 4.2 -5.14975 7.88115 -5.14975
4.92 4.4 7.10363 -5.3065 7.10363
4.92 4.6 20.9944 -3.52631 20.9944
4.92 4.8 24.3161 -2.78842 24.3161
4.92 5 22.1686 -3.24752 22.1686
4.92 5.2 10.5229 -5.31339 10.5229
4.92 5.4 -4.57953 4.28783 -4.57953
4.92 5.6 -3.31704 20.2923 -3.31704
4.92 5.8 -2.10815 25.6196 -2.10815
4.92 6 -2.43562 26.5507 -2.43562
4.92 6.2 -3.15225 26.344 -3.15225
4.92 6.4 -4.0326 25.7007 -4.0326
4.92 6.6 -5.00893 24.832 -5.00893
4.92 6.8 -6.01032 23.8719 -6.01032
4.92 7 -6.91339 22.9844 -6.91339
4.92 7.2 -7.58128 22.3092 -7.58128
4.92 7.4 -7.79579 22.0821 -7.79579
4.92 7.6 -7.53812 22.3222 -7.53812
4.92 7.8 -6.9422 22.8877 -6.9422
4.92 8 -6.17511 23.5813 -6.17511
4.92 8.2 -5.36434 24.2546 -5.36434
4.92 8.4 -4.63964 24.7236 -4.63964
4.92 8.6 -4.04212 24.817 -4.04212
4.92 8.8 -3.72417 24.1027 -3.72417
4.92 9 -4.11184 21.3297 -4.11184
4.92 9.2 -5.41979 14.5586 -5.41979
4.92 9.4 -4.02235 6.65517 -4.02235
4.92 9.6 3.26805 5.14418 3.26805
4.92 9.8 -17.3125 -21.4785 -17.3125
5.04 0 4.65843 -8.74178 4.65843
5.04 0.2 4.41695 -5.52151 4.41695
5.04 0.4 -2.26537 -1.22333 -2.26537
5.04 0.6 -5.53327 9.52671 -5.53327
5.04 0.8 -4.30904 19.5009 -4.30904
5.04 1 -3.65971 23.6837 -3.65971
5.04 1.2 -3.9367 24.7853 -3.9367
5.04 1.4 -4.58406 24.7489 -4.58406
5.04 1.6 -5.3673 24.2655 -5.3673
5.04 1.8 -6.16835 23.616 -6.16835
5.04 2 -6.86886 22.9936 -6.86886
5.04 2.2 -7.29899 22.5975 -7.29899
5.04 2.4 -7.29443 22.616 -7.29443
5.04 2.6 -6.84817 23.0691 -6.84817
5.04 2.8 -6.05838 23.8459 -6.05838
5.04 3 -5.10919 24.755 -5.10919
5.04 3.2 -4.14128 25.6281 -4.14128
5.04 3.4 -3.23739 26.3243 -3.23739
5.04 3.6 -2.46278 26.6697 -2.46278
5.04 3.8 -2.03711 26.0684 -2.03711
5.04 4 -2.83046 22.0634 -2.83046
5.04 4.2 -5.08858 7.93751 -5.08858
5.04 4.4 7.1719 -5.24572 7.1719
5.04 4.6 21.0799 -3.44765 21.0799
5.04 4.8 24.4172 -2.69595 24.4172
5.04 5 22.2633 -3.1613 22.2633
5.04 5.2 10.6052 -5.24604 10.6052
5.04 5.4 -4.516 4.33207 -4.516
5.04 5.6 -3.25096 20.3559 -3.25096
5.04 5.8 -2.01786 25.714 -2.01786
5.04 6 -2.3261 26.6638 -2.3261
5.04 6.2 -3.04333 26.4551 -3.04333
5.04 6.4 -3.92928 25.8068 -3.92928
5.04 6.6 -4.90459 24.9399 -4.90459
5.04 6.8 -5.90131 23.9843 -5.90131
5.04 7 -6.79709 23.1037 -6.79709
5.04 7.2 -7.45388 22.4394 -7.45388
5.04 7.4 -7.65461 22.2253 -7.65461
5.04 7.6 -7.38141 22.4771 -7.38141
5.04 7.8 -6.76539 23.0523 -6.76539
5.04 8 -5.97186 23.7513 -5.97186
5.04 8.2 -5.1315 24.4126 -5.1315
5.04 8.4 -4.3796 24.8201 -4.3796
5.04 8.6 -3.79345 24.6906 -3.79345
5.04 8.8 -3.65896 23.1984 -3.65896
5.04 9 -4.5906 18.0844 -4.5906
5.04 9.2 -5.51991 7.36349 -5.51991
5.04 9.4 0.844229 -0.294618 0.844229
5.04 9.6 12.915 2.08223 12.915
5.04 9.8 -6.18935 -21.8266 -6.18935
5.16 0 14.8888 -6.7866 14.8888
5.16 0.2 15.1341 -4.18449 15.1341
5.16 0.4 6.40324 -3.85297 6.40324
5.16 0.6 -3.92351 2.60361 -3.92351
5.16 0.8 -4.92044 15.547 -4.92044
5.16 1 -3.79719 22.4798 -3.79719
5.16 1.2 -3.88265 24.4703 -3.88265
5.16 1.4 -4.51635 24.6776 -4.51635
5.16 1.6 -5.32624 24.2571 -5.32624
5.16 1.8 -6.16028 23.614 -6.16028
5.16 2 -6.89103 22.9798 -6.89103
5.16 2.2 -7.34727 22.566 -7.34727
5.16 2.4 -7.36352 22.5672 -7.36352
5.16 2.6 -6.93167 23.007 -6.93167
5.16 2.8 -6.14968 23.7763 -6.14968
5.16 3 -5.20344 24.6824 -5.20344
5.16 3.2 -4.23396 25.5568 -4.23396
5.16 3.4 -3.32678 26.2563 -3.32678
5.16 3.6 -2.55462 26.5989 -2.55462
5.16 3.8 -2.12952 25.9934 -2.12952
5.16 4 -2.9029 22.0014 -2.9029
5.16 4.2 -5.13214 7.89249 -5.13214
5.16 4.4 7.13862 -5.29024 7.13862
5.16 4.6 21.0178 -3.52385 21.0178
5.16 4.8 24.3373 -2.79343 24.3373
5.16 5 22.2038 -3.23842 22.2038
5.16 5.2 10.5821 -5.29118 10.5821
5.16 5.4 -4.55021 4.27767 -4.55021
5.16 5.6 -3.32193 20.288 -3.32193
5.16 5.8 -2.11148 25.6354 -2.11148
5.16 6 -2.41848 26.5918 -2.41848
5.16 6.2 -3.13055 26.3889 -3.13055
5.16 6.4 -4.01975 25.7375 -4.01975
5.16 6.6 -4.99812 24.8683 -4.99812
5.16 6.8 -5.99427 23.9137 -5.99427
5.16 7 -6.88485 23.0381 -6.88485
5.16 7.2 -7.53103 22.3838 -7.53103
5.16 7.4 -7.71697 22.1828 -7.71697
5.16 7.6 -7.4244 22.4488 -7.4244
5.16 7.8 -6.78088 23.0397 -6.78088
5.16 8 -5.95378 23.7487 -5.95378
5.16 8.2 -5.08087 24.3937 -5.08087
5.16 8.4 -4.30549 24.7137 -4.30549
5.16 8.6 -3.75465 24.2618 -3.75465
5.16 8.8 -3.89145 21.6134 -3.89145
5.16 9 -5.18584 13.3647 -5.18584
5.16 9.2 -2.78777 0.672322 -2.78777
5.16 9.4 10.247 -1.96766 10.247
5.16 9.6 23.2616 3.49904 23.2616
5.16 9.8 2.81546 -19.8203 2.81546
5.28 0 20.5461 -5.1714 20.5461
5.28 0.2 21.9102 -2.37483 21.9102
5.28 0.4 15.3082 -2.80316 15.3082
5.28 0.6 0.904669 -1.63337 0.904669
5.28 0.8 -5.18656 10.9262 -5.18656
5.28 1 -4.00273 20.9027 -4.00273
5.28 1.2 -3.82134 24.0658 -3.82134
5.28 1.4 -4.42533 24.5768 -4.42533
5.28 1.6 -5.25565 24.235 -5.25565
5.28 1.8 -6.11429 23.6083 -6.11429
5.28 2 -6.86938 22.9675 -6.86938
5.28 2.2 -7.35058 22.5364 -7.35058
5.28 2.4 -7.39012 22.5175 -7.39012
5.28 2.6 -6.97613 22.9408 -6.97613
5.28 2.8 -6.20332 23.7017 -6.20332
5.28 3 -5.25998 24.6055 -5.25998
5.28 3.2 -4.29045 25.4804 -4.29045
5.28 3.4 -3.38342 26.1802 -3.38342
5.28 3.6 -2.60987 26.5241 -2.60987
5.28 3.8 -2.17134 25.932 -2.17134
5.28 4 -2.93109 21.9563 -2.93109
5.28 4.2 -5.16462 7.84634 -5.16462
5.28 4.4 7.11037 -5.3177 7.11037
5.28 4.6 20.9856 -3.54171 20.9856
5.28 4.8 24.293 -2.81847 24.293
5.28 5 22.1688 -3.2606 22.1688
5.28 5.2 10.5634 -5.31785 10.5634
5.28 5.4 -4.57536 4.2219 -4.57536
5.28 5.6 -3.34639 20.2414 -3.34639
5.28 5.8 -2.14843 25.5771 -2.14843
5.28 6 -2.47317 26.517 -2.47317
5.28 6.2 -3.18679 26.3131 -3.18679
5.28 6.4 -4.07403 25.6633 -4.07403
5.28 6.6 -5.05187 24.7946 -5.05187
5.28 6.8 -6.04791 23.84 -6.04791
5.28 7 -6.93437 22.9681 -6.93437
5.28 7.2 -7.56803 22.3254 -7.56803
5.28 7.4 -7.73531 22.141 -7.73531
5.28 7.6 -7.42157 22.4234 -7.42157
5.28 7.8 -6.75398 23.0276 -6.75398
5.28 8 -5.9012 23.7394 -5.9012
5.28 8.2 -5.00412 24.3564 -5.00412
5.28 8.4 -4.21162 24.5673 -4.21162
5.28 8.6 -3.72147 23.7005 -3.72147
5.28 8.8 -4.19859 19.527 -4.19859
5.28 9 -5.02391 8.1409 -5.02391
5.28 9.2 3.42336 -2.57886 3.42336
5.28 9.4 19.0176 -0.564973 19.0176
5.28 9.6 29.7289 5.22983 29.7289
5.28 9.8 7.58572 -18.5138 7.58572
5.4 0 23.1165 -4.46238 23.1165
5.4 0.2 25.2277 -1.44592 25.2277
5.4 0.4 21.3601 -1.22115 21.3601
5.4 0.6 7.31772 -2.68929 7.31772
5.4 0.8 -4.52121 6.73567 -4.52121
5.4 1 -4.14729 19.2126 -4.14729
5.4 1.2 -3.63435 23.7746 -3.63435
5.4 1.4 -4.16813 24.659 -4.16813
5.4 1.6 -5.00327 24.4161 -5.00327
5.4 1.8 -5.8771 23.8162 -5.8771
5.4 2 -6.65029 23.1755 -6.65029
5.4 2.2 -7.151 22.7323 -7.151
5.4 2.4 -7.20806 22.6984 -7.20806
5.4 2.6 -6.80761 23.1089 -6.80761
5.4 2.8 -6.04287 23.8624 -6.04287
5.4 3 -5.10392 24.7623 -5.10392
5.4 3.2 -4.13561 25.6359 -4.13561
5.4 3.4 -3.22858 26.3353 -3.22858
5.4 3.6 -2.45588 26.6778 -2.45588
5.4 3.8 -2.02683 26.0763 -2.02683
5.4 4 -2.81737 22.0678 -2.81737
5.4 4.2 -5.07208 7.92924 -5.07208
5.4 4.4 7.20306 -5.22513 7.20306
5.4 4.6 21.1105 -3.4175 21.1105
5.4 4.8 24.445 -2.66774 24.445
5.4 5 22.3047 -3.12797 22.3047
5.4 5.2 10.6759 -5.21811 10.6759
5.4 5.4 -4.4806 4.28646 -4.4806
5.4 5.6 -3.24222 20.3364 -3.24222
5.4 5.8 -2.0063 25.7176 -2.0063
5.4 6 -2.3193 26.6698 -2.3193
5.4 6.2 -3.03255 26.467 -3.03255
5.4 6.4 -3.91821 25.8196 -3.91821
5.4 6.6 -4.8937 24.954 -4.8937
5.4 6.8 -5.88811 24.0011 -5.88811
5.4 7 -6.77241 23.131 -6.77241
5.4 7.2 -7.39748 22.4962 -7.39748
5.4 7.4 -7.54791 22.327 -7.54791
5.4 7.6 -7.21476 22.6244 -7.21476
5.4 7.8 -6.5306 23.2344 -6.5306
5.4 8 -5.66404 23.9359 -5.66404
5.4 8.2 -4.75355 24.5118 -4.75355
5.4 8.4 -3.96001 24.5889 -3.96001
5.4 8.6 -3.58142 23.2066 -3.58142
5.4 8.8 -4.41397 17.2523 -4.41397
5.4 9 -3.43488 3.79451 -3.43488
5.4 9.2 10.5806 -2.70656 10.5806
5.4 9.4 24.6275 0.985912 24.6275
5.4 9.6 32.9533 6.15872 32.9533
5.4 9.8 9.60892 -18.1356 9.60892
5.52 0 23.7551 -4.70314 23.7551
5.52 0.2 26.3692 -1.45149 26.3692
5.52 0.4 24.3977 -0.532794 24.3977
5.52 0.6 12.585 -2.47907 12.585
5.52 0.8 -3.19933 3.44686 -3.19933
5.52 1 -4.55521 17.2422 -4.55521
5.52 1.2 -3.79392 23.1593 -3.79392
5.52 1.4 -4.25741 24.4195 -4.25741
5.52 1.6 -5.0997 24.2689 -5.0997
5.52 1.8 -5.99372 23.6878 -5.99372
5.52 2 -6.78969 23.0405 -6.78969
5.52 2.2 -7.31088 22.5835 -7.31088
5.52 2.4 -7.38129 22.5391 -7.38129
5.52 2.6 -6.99072 22.9411 -6.99072
5.52 2.8 -6.23221 23.6892 -6.23221
5.52 3 -5.29628 24.5864 -5.29628
5.52 3.2 -4.32493 25.463 -4.32493
5.52 3.4 -3.41371 26.1661 -3.41371
5.52 3.6 -2.63812 26.5098 -2.63812
5.52 3.8 -2.20552 25.9074 -2.20552
5.52 4 -2.97388 21.9114 -2.97388
5.52 4.2 -5.17793 7.81413 -5.17793
5.52 4.4 7.08712 -5.33304 7.08712
5.52 4.6 20.9475 -3.58011 20.9475
5.52 4.8 24.2661 -2.85309 24.2661
5.52 5 22.1466 -3.2912 22.1466
5.52 5.2 10.5713 -5.33113 10.5713
5.52 5.4 -4.5746 4.1604 -4.5746
5.52 5.6 -3.39741 20.1719 -3.39741
5.52 5.8 -2.18722 25.5434 -2.18722
5.52 6 -2.50122 26.501 -2.50122
5.52 6.2 -3.21458 26.3003 -3.21458
5.52 6.4 -4.1046 25.6496 -4.1046
5.52 6.6 -5.08525 24.7797 -5.08525
5.52 6.8 -6.07936 23.8267 -6.07936
5.52 7 -6.96032 22.9591 -6.96032
5.52 7.2 -7.57883 22.3296 -7.57883
5.52 7.4 -7.71632 22.1721 -7.71632
5.52 7.6 -7.36609 22.4828 -7.36609
5.52 7.8 -6.66194 23.1031 -6.66194
5.52 8 -5.77349 23.8039 -5.77349
5.52 8.2 -4.84063 24.3503 -4.84063
5.52 8.4 -4.04348 24.2993 -4.04348
5.52 8.6 -3.77965 22.3857 -3.77965
5.52 8.8 -4.7933 14.7577 -4.7933
5.52 9 -0.947945 0.813413 -0.947945
5.52 9.2 15.9224 -2.0147 15.9224
5.52 9.4 27.2903 1.55599 27.2903
5.52 9.6 33.9988 6.08931 33.9988
5.52 9.8 10.1755 -18.3571 10.1755
5.64 0 24.1008 -4.73847 24.1008
5.64 0.2 26.9963 -1.34463 26.9963
5.64 0.4 26.0691 -0.0132149 26.0691
5.64 0.6 16.2285 -1.78246 16.2285
5.64 0.8 -1.32758 1.67093 -1.32758
5.64 1 -4.57933 15.839 -4.57933
5.64 1.2 -3.64506 22.8827 -3.64506
5.64 1.4 -4.03276 24.4787 -4.03276
5.64 1.6 -4.86817 24.4164 -4.86817
5.64 1.8 -5.76645 23.8615 -5.76645
5.64 2 -6.56899 23.2195 -6.56899
5.64 2.2 -7.09799 22.7595 -7.09799
5.64 2.4 -7.17508 22.7113 -7.17508
5.64 2.6 -6.79731 23.1013 -6.79731
5.64 2.8 -6.04733 23.8409 -6.04733
5.64 3 -5.11636 24.7331 -5.11636
5.64 3.2 -4.14861 25.6063 -4.14861
5.64 3.4 -3.24206 26.3043 -3.24206
5.64 3.6 -2.4677 26.6456 -2.4677
5.64 3.8 -2.03408 26.0425 -2.03408
5.64 4 -2.81688 22.0304 -2.81688
5.64 4.2 -5.05484 7.90718 -5.05484
5.64 4.4 7.17992 -5.204 7.17992
5.64 4.6 21.0726 -3.41442 21.0726
5.64 4.8 24.4054 -2.67274 24.4054
5.64 5 22.2746 -3.12564 22.2746
5.64 5.2 10.6834 -5.19707 10.6834
5.64 5.4 -4.44907 4.23918 -4.44907
5.64 5.6 -3.24275 20.2827 -3.24275
5.64 5.8 -2.01127 25.6813 -2.01127
5.64 6 -2.33079 26.636 -2.33079
5.64 6.2 -3.04052 26.4409 -3.04052
5.64 6.4 -3.92748 25.7941 -3.92748
5.64 6.6 -4.90906 24.9231 -4.90906
5.64 6.8 -5.90015 23.9731 -5.90015
5.64 7 -6.77137 23.1149 -6.77137
5.64 7.2 -7.37802 22.4966 -7.37802
5.64 7.4 -7.50743 22.3463 -7.50743
5.64 7.6 -7.15737 22.6541 -7.15737
5.64 7.8 -6.44819 23.2718 -6.44819
5.64 8 -5.54913 23.9661 -5.54913
5.64 8.2 -4.60997 24.4784 -4.60997
5.64 8.4 -3.8296 24.3011 -3.8296
5.64 8.6 -3.6788 21.9111 -3.6788
5.64 8.8 -4.72017 12.9654 -4.72017
5.64 9 1.89446 -0.481168 1.89446
5.64 9.2 19.386 -1.14716 19.386
5.64 9.4 28.6976 1.95795 28.6976
5.64 9.6 34.6396 6.23073 34.6396
5.64 9.8 10.5283 -18.3762 10.5283
5.76 0 56.6716 27.6272 56.6716
5.76 0.2 65.3597 36.7532 65.3597
5.76 0.4 64.4351 37.8119 64.4351
5.76 0.6 55.681 36.2409 55.681
5.76 0.8 37.5706 38.3485 37.5706
5.76 1 33.2082 52.7062 33.2082
5.76 1.2 34.3984 60.6723 34.3984
5.76 1.4 34.1755 62.6237 34.1755
5.76 1.6 33.451 62.7334 33.451
5.76 1.8 32.6444 62.2944 32.6444
5.76 2 31.9139 61.7353 31.9139
5.76 2.2 31.4354 61.3312 31.4354
5.76 2.4 31.3592 61.2877 31.3592
5.76 2.6 31.7059 61.6469 31.7059
5.76 2.8 32.3901 62.3206 32.3901
5.76 3 33.2312 63.1221 33.2312
5.76 3.2 34.1015 63.8962 34.1015
5.76 3.4 34.9149 64.4975 34.9149
5.76 3.6 35.5979 64.7425 35.5979
5.76 3.8 35.9318 64.0287 35.9318
5.76 4 35.0887 59.931 35.0887
5.76 4.2 32.8707 45.8047 32.8707
5.76 4.4 45.0278 32.6936 45.0278
5.76 4.6 59.0334 34.5579 59.0334
5.76 4.8 62.3879 35.3028 62.3879
5.76 5 60.1895 34.7941 60.1895
5.76 5.2 48.5818 32.7276 48.5818
5.76 5.4 33.45 42.0908 33.45
5.76 5.6 34.7147 58.2246 34.7147
5.76 5.8 35.9513 63.6615 35.9513
5.76 6 35.6964 64.6922 35.6964
5.76 6.2 35.0732 64.5903 35.0732
5.76 6.4 34.2746 64.035 34.2746
5.76 6.6 33.3929 63.2653 33.3929
5.76 6.8 32.4982 62.4128 32.4982
5.76 7 31.7093 61.6381 31.7093
5.76 7.2 31.168 61.0842 31.168
5.76 7.4 31.0693 60.9637 31.0693
5.76 7.6 31.4004 61.2479 31.4004
5.76 7.8 32.0589 61.8074 32.0589
5.76 8 32.8832 62.4129 32.8832
5.76 8.2 33.7187 62.7902 33.7187
5.76 8.4 34.3568 62.3876 34.3568
5.76 8.6 34.2873 59.5102 34.2873
5.76 8.8 33.1198 49.5533 33.1198
5.76 9 41.3484 36.5797 41.3484
5.76 9.2 58.7198 36.9585 58.7198
5.76 9.4 66.8761 39.6619 66.8761
5.76 9.6 71.1137 42.4326 71.1137
5.76 9.8 52.0492 22.9649 52.0492
5.88 0 -31.2216 -60.2907 -31.2216
5.88 0.2 -33.3782 -62.0247 -33.3782
5.88 0.4 -32.5689 -59.3399 -32.5689
5.88 0.6 -40.2656 -60.4488 -40.2656
5.88 0.8 -57.9092 -59.2875 -57.9092
5.88 1 -64.2348 -46.1567 -64.2348
5.88 1.2 -63.5183 -37.835 -63.5183
5.88 1.4 -63.9242 -35.7412 -63.9242
5.88 1.6 -64.8928 -35.7498 -64.8928
5.88 1.8 -65.9487 -36.3843 -65.9487
5.88 2 -66.8859 -37.1263 -66.8859
5.88 2.2 -67.5113 -37.6652 -67.5113
5.88 2.4 -67.6341 -37.7532 -67.6341
5.88 2.6 -67.2149 -37.3204 -67.2149
5.88 2.8 -66.3708 -36.4863 -66.3708
5.88 3 -65.3058 -35.4644 -65.3058
5.88 3.2 -64.199 -34.4645 -64.199
5.88 3.4 -63.1553 -33.6511 -63.1553
5.88 3.6 -62.2617 -33.2375 -62.2617
5.88 3.8 -61.7392 -33.8539 -61.7392
5.88 4 -62.49 -38.0683 -62.49
5.88 4.2 -64.4285 -52.0782 -64.4285
5.88 4.4 -52.6672 -64.61 -52.6672
5.88 4.6 -39.1796 -63.2361 -39.1796
5.88 4.8 -35.7091 -62.4934 -35.7091
5.88 5 -37.9251 -62.9097 -37.9251
5.88 5.2 -49.4683 -64.6918 -49.4683
5.88 5.4 -63.7978 -55.3992 -63.7978
5.88 5.6 -62.9336 -39.8504 -62.9336
5.88 5.8 -61.7134 -34.242 -61.7134
5.88 6 -62.0714 -33.2089 -62.0714
5.88 6.2 -62.9034 -33.4738 -62.9034
5.88 6.4 -63.9182 -34.222 -63.9182
5.88 6.6 -65.0324 -35.2119 -65.0324
5.88 6.8 -66.1648 -36.2954 -66.1648
5.88 7 -67.1654 -37.2836 -67.1654
5.88 7.2 -67.8474 -37.9771 -67.8474
5.88 7.4 -67.9967 -38.1536 -67.9967
5.88 7.6 -67.5821 -37.7913 -67.5821
5.88 7.8 -66.7562 -37.0784 -66.7562
5.88 8 -65.7139 -36.2846 -65.7139
5.88 8.2 -64.6182 -35.7161 -64.6182
5.88 8.4 -63.7076 -36.012 -63.7076
5.88 8.6 -63.5488 -39.1082 -63.5488
5.88 8.8 -63.9883 -49.4647 -63.9883
5.88 9 -53.7041 -60.7835 -53.7041
5.88 9.2 -37.4262 -59.8481 -37.4262
5.88 9.4 -29.8408 -57.1928 -29.8408
5.88 9.6 -22.1313 -50.8301 -22.1313
5.88 9.8 -56.3255 -85.4597 -56.3255
