1 -0.172038 0.827962 29.893
2 -0.137641 0.862359 37.1228
3 -0.0404035 0.959597 44.8679
4 0.054892 1.05489 52.7902
5 0.184226 1.18423 60.2958
6 -0.595148 0.404852 68.0976
7 0.481657 1.48166 73.0827
8 0.919692 1.91969 79.1916
9 1.67805 2.67805 83.2421
10 3.32577 4.32577 81.694
11 4.32439 5.32439 86.6067
12 7.64149 8.64149 90.509
13 7.50828 8.50828 94.7428
14 7.71788 8.71788 100.575
15 6.15907 7.15907 105.052
16 3.82021 4.82021 108.689
17 1.02185 2.02185 116.756
18 -1.63563 -0.635629 112.588
19 -3.82573 -2.82573 114.49
20 -5.90809 -4.90809 113.672
21 -7.2844 -6.2844 106.858
22 -8.13413 -7.13413 103.827
23 -15.3055 -14.3055 104.996
24 -29.0228 -28.0228 104.753
25 -44.6768 -43.6768 95.7315
26 -57.5998 -56.5998 87.7418
27 -68.9032 -67.9032 80.95
28 -667.726 -666.726 337.965
29 -66.2509 -65.2509 74.1892
30 -72.5445 -71.5445 72.5248
31 -65.3553 -64.3553 68.9119
32 -71.7923 -70.7923 66.6456
33 -76.5163 -75.5163 65.0424
34 -80.8268 -79.8268 63.1547
35 -85.6754 -84.6754 61.7905
36 -88.4298 -87.4298 59.6823
37 -93.0608 -92.0608 59.3834
38 -95.4858 -94.4858 57.8382
39 -103.433 -102.433 58.6406
40 -103.582 -102.582 57.742
41 -101.288 -100.288 56.2962
42 -103.745 -102.745 56.3962
43 -104.933 -103.933 56.0519
44 -106.811 -105.811 56.1084
45 -107.222 -106.222 55.6782
46 -109.757 -108.757 56.3164
47 -106.535 -105.535 54.1602
48 -109.39 -108.39 55.0174
49 -105.547 -104.547 52.2478
50 -106.138 -105.138 51.8713
51 -106.159 -105.159 51.0058
52 -106.063 -105.063 50.3101
53 -106.191 -105.191 49.5577
54 -104.635 -103.635 47.9094
55 -104.186 -103.186 46.9697
56 -104.053 -103.053 45.9526
57 -103.085 -102.085 44.6011
58 -102.789 -101.789 43.4439
59 -102.14 -101.14 42.4447
60 -22469.7 -22468.7 1077.01
61 -69.6747 -68.6747 168.384
62 -73.6616 -72.6616 165.04
63 -78.8787 -77.8787 161.62
64 -82.5854 -81.5854 158.76
65 -87.5667 -86.5667 155.874
66 -95.3912 -94.3912 153.127
67 -94.6369 -93.6369 150.911
68 -98.6501 -97.6501 148.772
69 -101.666 -100.666 146.895
70 -107.994 -106.994 145.407
71 -102.193 -101.193 143.36
72 -117.282 -116.282 142.479
73 -104.492 -103.492 140.573
74 -112.356 -111.356 139.457
75 -117.055 -116.055 138.42
76 -121.155 -120.155 137.527
77 -124.828 -123.828 136.652
78 -129.673 -128.673 135.91
79 -165.065 -164.065 140.287
80 -119.315 -118.315 134.397
81 -130.584 -129.584 133.263
82 -145.003 -144.003 132.275
83 -145.804 -144.804 131.514
84 -155.683 -154.683 130.841
85 -161.707 -160.707 129.878
86 -169.981 -168.981 129.287
87 -188.131 -187.131 130.15
88 -169.734 -168.734 126.565
89 -230.634 -229.634 131.087
90 -199.487 -198.487 126.996
91 -160.797 -159.797 123.766
92 -172.606 -171.606 122.738
93 -183.938 -182.938 121.764
94 -198.88 -197.88 121.179
95 -208.712 -207.712 120.446
96 -252.671 -251.671 125.851
97 -188.928 -187.928 118.101
98 -200.847 -199.847 117.257
99 -211.796 -210.796 116.272
100 -222.761 -221.761 115.366
101 -230.004 -229.004 114.223
102 -234.237 -233.237 113.284
103 -237.185 -236.185 112.307
104 -240.261 -239.261 110.86
105 -240.143 -239.143 109.298
106 -680.785 -679.785 203.611
107 -169.79 -168.79 106.563
108 -175.042 -174.042 105.689
109 -180.81 -179.81 104.849
110 -1697.93 -1696.93 307.583
111 -173.715 -172.715 118.466
112 -180.215 -179.215 117.187
113 -185.939 -184.939 116.006
114 -192.846 -191.846 114.764
115 -194.105 -193.105 113.409
116 -198.155 -197.155 112.036
117 -201.948 -200.948 110.536
118 -206.094 -205.094 109.37
119 -210.394 -209.394 108.221
120 -1.70393e+07 -1.70393e+07 16364.8
121 -140.305 -139.305 2384.24
122 -143.986 -142.986 2358.85
123 -153.258 -152.258 2333.53
124 -159.534 -158.534 2308.6
125 -171.077 -170.077 2284.53
126 -178.627 -177.627 2261.05
127 -187.855 -186.855 2238.58
128 -192.903 -191.903 2216.07
129 -199.217 -198.217 2193.92
130 -201.972 -200.972 2171.45
131 -203.978 -202.978 2148.71
132 -203.628 -202.628 2125.9
133 -204.171 -203.171 2103.53
134 -205.696 -204.696 2081.51
135 -205.004 -204.004 2059.74
136 -204.073 -203.073 2038.3
137 -208.415 -207.415 2017.57
138 -214.938 -213.938 1997.12
139 -216.145 -215.145 1976.44
140 -223.252 -222.252 1956.75
141 -223.741 -222.741 1936.48
142 -226.792 -225.792 1916.74
143 -230.769 -229.769 1897.24
144 -233.628 -232.628 1877.77
145 -256.097 -255.097 1865.57
146 -235.482 -234.482 1837.49
147 -234.426 -233.426 1818.02
148 -237.941 -236.941 1799.26
149 -240.975 -239.975 1780.54
150 -258.037 -257.037 1763.95
151 -240.843 -239.843 1743.2
152 -243.435 -242.435 1725.06
153 -244.92 -243.92 1707.78
154 -247.699 -246.699 1689.56
155 -251.514 -250.514 1672.23
156 -254.742 -253.742 1655.05
157 -254.469 -253.469 1637.41
158 -303.325 -302.325 1626.36
159 -263.721 -262.721 1603.69
160 -270.85 -269.85 1587.5
161 -274.091 -273.091 1571
162 -279.733 -278.733 1555.05
163 -286.087 -285.087 1539.02
164 -293.598 -292.598 1523.72
165 -298.213 -297.213 1508.15
166 -306.64 -305.64 1492.93
167 -308.886 -307.886 1477.68
168 -312.923 -311.923 1462.38
169 -318.754 -317.754 1447.76
170 -328.8 -327.8 1433.28
171 -357.549 -356.549 1419.94
172 -322.938 -321.938 1403.65
173 -329.62 -328.62 1389.61
174 -334.609 -333.609 1375.78
175 -335.376 -334.376 1361.94
176 -336.123 -335.123 1348.23
177 -334.344 -333.344 1334.63
178 -337.364 -336.364 1321.33
179 -333.803 -332.803 1307.86
180 -332.96 -331.96 1294.76
181 -326.596 -325.596 1281.7
182 -330.206 -329.206 1268.95
183 -324.637 -323.637 1256.19
184 -325.64 -324.64 1243.58
185 -326.438 -325.438 1231.31
186 -324.667 -323.667 1219.03
187 -321.299 -320.299 1206.79
188 -321.377 -320.377 1194.84
189 -321.994 -320.994 1183
190 -320.832 -319.832 1171.26
191 -320.967 -319.967 1159.6
192 -321.021 -320.021 1148.05
193 -322.17 -321.17 1136.72
194 -322.303 -321.303 1125.37
195 -321.065 -320.065 1114.17
196 -324.906 -323.906 1103.09
197 -326.739 -325.739 1092.13
198 -329.005 -328.005 1081.31
199 -329.206 -328.206 1070.47
200 -332.426 -331.426 1059.89
201 -334.288 -333.288 1049.4
202 -329.343 -328.343 1038.76
203 -339.979 -338.979 1028.8
204 -345.239 -344.239 1018.82
205 -347.28 -346.28 1008.82
206 -347.332 -346.332 998.792
207 -349.193 -348.193 988.916
208 -351.023 -350.023 979.12
209 -351.198 -350.198 969.467
210 -352.417 -351.417 959.887
211 -355.148 -354.148 950.538
212 -356.896 -355.896 941.289
213 -358.169 -357.169 932.061
214 -359.03 -358.03 922.766
215 -359.851 -358.851 913.75
216 -360.342 -359.342 904.903
217 -362.57 -361.57 896.004
218 -365.073 -364.073 887.361
219 -361.864 -360.864 878.558
220 -367.703 -366.703 870.318
221 -353.567 -352.567 861.381
222 -367.348 -366.348 853.462
223 -366.896 -365.896 844.904
224 -375.396 -374.396 837.402
225 -371.999 -370.999 828.867
226 -374.735 -373.735 821.082
227 -374.113 -373.113 812.808
228 -371.817 -370.817 805.041
229 -379.588 -378.588 797.332
230 -383.208 -382.208 789.744
231 -382.689 -381.689 782.142
232 -382.213 -381.213 774.365
233 -385.043 -384.043 767.097
234 -388.823 -387.823 759.84
235 -388.349 -387.349 752.416
236 -391.26 -390.26 745.32
237 -386.826 -385.826 737.91
238 -393.685 -392.685 731.19
239 -390.119 -389.119 724.047
240 -394.317 -393.317 717.228
241 -393.396 -392.396 710.254
242 -395.96 -394.96 703.561
243 -394.889 -393.889 696.779
244 -396.801 -395.801 690.21
245 -394.437 -393.437 683.582
246 -391.882 -390.882 677.026
247 -394.739 -393.739 670.625
248 -393.502 -392.502 664.198
249 -396.299 -395.299 657.974
250 -393.176 -392.176 651.617
251 -396.064 -395.064 645.454
252 -392.961 -391.961 639.16
253 -397.295 -396.295 633.235
254 -387.846 -386.846 626.964
255 -393.181 -392.181 621.155
256 -398.809 -397.809 615.381
257 -400.626 -399.626 609.586
258 -391.602 -390.602 603.668
259 -405.087 -404.087 598.248
260 -400.872 -399.872 592.484
261 -405.17 -404.17 586.97
262 -402.24 -401.24 581.445
263 -402.639 -401.639 575.877
264 -399.664 -398.664 570.424
265 -406.946 -405.946 565.35
266 -405.369 -404.369 559.963
267 -408.929 -407.929 554.788
268 -412.898 -411.898 549.814
269 -409.656 -408.656 544.73
270 -412.89 -411.89 539.69
271 -412.41 -411.41 534.681
272 -414.469 -413.469 529.861
273 -412.055 -411.055 524.956
274 -409.522 -408.522 520.077
275 -413.125 -412.125 515.322
276 -412.98 -411.98 510.623
277 -424.33 -423.33 506.236
278 -418.371 -417.371 501.392
279 -425.483 -424.483 497.038
280 -1586.23 -1585.23 725.964
281 -265.339 -264.339 504.978
282 -268.519 -267.519 499.242
283 -269.657 -268.657 493.942
284 -281.037 -280.037 488.651
285 -285.805 -284.805 483.64
286 -293.688 -292.688 478.715
287 -297.249 -296.249 473.903
288 -301.195 -300.195 469.213
289 -310.958 -309.958 464.831
290 -316.522 -315.522 460.392
291 -319.651 -318.651 455.845
292 -319.017 -318.017 451.211
293 -320.395 -319.395 446.815
294 -322.44 -321.44 442.354
295 -327.578 -326.578 438.25
296 -332.572 -331.572 434.089
297 -335.753 -334.753 429.961
298 -339.614 -338.614 425.898
299 -339.044 -338.044 421.953
300 -351.762 -350.762 418.249
301 -352.266 -351.266 414.319
302 -362.783 -361.783 410.776
303 -363.1 -362.1 406.942
304 -365.023 -364.023 403.38
305 -379.43 -378.43 400.09
306 -384.986 -383.986 396.693
307 -389.096 -388.096 393.331
308 -398.032 -397.032 390.22
309 -399.949 -398.949 386.913
310 -403.459 -402.459 383.601
311 -402.787 -401.787 380.355
312 -406.086 -405.086 377.344
313 -403.274 -402.274 373.961
314 -396.301 -395.301 370.99
315 -402.414 -401.414 367.884
316 -410.551 -409.551 365.406
317 -403.904 -402.904 362.038
318 -419.004 -418.004 359.235
319 -429.007 -428.007 356.235
320 -422.677 -421.677 352.804
321 -398.416 -397.416 348.628
322 -400.146 -399.146 345.784
323 -380.877 -379.877 342.273
324 -381.446 -380.446 339.474
325 -374.701 -373.701 336.469
326 -389.148 -388.148 334.299
327 -384.793 -383.793 331.449
328 -382.712 -381.712 328.528
329 -400.383 -399.383 326.862
330 -376.039 -375.039 323.171
331 -375.497 -374.497 320.828
332 -383.053 -382.053 318.701
333 -382.664 -381.664 315.99
334 -371.551 -370.551 313.232
335 -380.897 -379.897 311.389
336 -377.52 -376.52 308.648
337 -374.676 -373.676 306.225
338 -368.7 -367.7 303.301
339 -366.186 -365.186 300.808
340 -377.507 -376.507 298.641
341 -368.16 -367.16 295.721
342 -384.567 -383.567 293.715
343 -389.135 -388.135 291.63
344 -360.625 -359.625 287.286
345 -346.561 -345.561 284.166
346 -336.006 -335.006 281.335
347 -345.366 -344.366 279.412
348 -330.693 -329.693 276.442
349 -336.029 -335.029 274.328
350 -333.153 -332.153 271.808
351 -338.647 -337.647 269.747
352 -329.394 -328.394 267.264
353 -328.267 -327.267 265.287
354 -356.833 -355.833 263.585
355 -356.554 -355.554 261.155
356 -356.905 -355.905 258.884
357 -363.861 -362.861 256.835
358 -366.155 -365.155 254.584
359 -374.115 -373.115 252.603
360 -375.364 -374.364 250.375
361 -375.102 -374.102 248.175
362 -390.354 -389.354 246.27
363 -392.665 -391.665 244.129
364 -400.626 -399.626 242.115
365 -406.734 -405.734 240.174
366 -411.992 -410.992 238.237
367 -419.055 -418.055 236.454
368 -421.497 -420.497 234.486
369 -424.673 -423.673 232.604
370 -430.049 -429.049 230.802
371 -424.516 -423.516 228.687
372 -431.146 -430.146 226.934
373 -436.625 -435.625 225.303
374 -435.263 -434.263 223.354
375 -434.516 -433.516 221.48
376 -431.325 -430.325 219.659
377 -432.982 -431.982 217.91
378 -432.505 -431.505 216.157
379 -431.55 -430.55 214.459
380 -428.152 -427.152 212.728
381 -432.587 -431.587 211.233
382 -427.228 -426.228 209.478
383 -424.544 -423.544 207.907
384 -421.223 -420.223 206.279
385 -411.208 -410.208 204.571
386 -415.709 -414.709 203.121
387 -413.742 -412.742 201.566
388 -405.624 -404.624 199.942
389 -404.904 -403.904 198.545
390 -400.351 -399.351 196.998
391 -400.143 -399.143 195.633
392 -396.692 -395.692 194.169
393 -398.094 -397.094 192.791
394 -385.466 -384.466 191.156
395 -394.841 -393.841 189.864
396 -391.582 -390.582 188.429
397 -390.801 -389.801 186.975
398 -384.79 -383.79 185.443
399 -383.564 -382.564 184.04
400 -386.176 -385.176 182.702
401 -382.044 -381.044 181.248
402 -382.982 -381.982 179.806
403 -381.851 -380.851 178.391
404 -383.701 -382.701 177.067
405 -381.937 -380.937 175.68
406 -385.718 -384.718 174.45
407 -383.754 -382.754 173.046
408 -385.272 -384.272 171.692
409 -386.401 -385.401 170.395
410 -388.393 -387.393 169.142
411 -390.812 -389.812 167.836
412 -390.572 -389.572 166.482
413 -391.107 -390.107 165.141
414 -390.815 -389.815 163.779
415 -391.728 -390.728 162.507
416 -391.375 -390.375 161.213
417 -394.823 -393.823 160.071
418 -392.961 -391.961 158.796
419 -390.446 -389.446 157.574
420 -395.221 -394.221 156.467
421 -393.011 -392.011 155.228
422 -393.191 -392.191 154.056
423 -392.562 -391.562 152.874
424 -393.948 -392.948 151.787
425 -393.748 -392.748 150.723
426 -392.892 -391.892 149.549
427 -392.538 -391.538 148.491
428 -392.827 -391.827 147.423
429 -391.466 -390.466 146.333
430 -391.81 -390.81 145.323
431 -393.255 -392.255 144.364
432 -391.443 -390.443 143.33
433 -387.354 -386.354 142.289
434 -394.21 -393.21 141.474
435 -397.186 -396.186 140.653
436 -394.058 -393.058 139.619
437 -383.455 -382.455 138.568
438 -395.462 -394.462 137.988
439 -394.361 -393.361 137.091
440 -394.422 -393.422 136.248
441 -392.398 -391.398 135.439
442 -393.396 -392.396 134.673
443 -394.572 -393.572 133.928
444 -388.287 -387.287 133.113
445 -392.951 -391.951 132.301
446 -376.802 -375.802 132.024
447 -397.659 -396.659 130.934
448 -398.835 -397.835 130.175
449 -396.129 -395.129 129.298
450 -398.403 -397.403 128.528
451 -395.395 -394.395 127.677
452 -395.689 -394.689 126.878
453 -399.587 -398.587 126.158
454 -397.759 -396.759 125.348
455 -400.328 -399.328 124.662
456 -396.96 -395.96 123.828
457 -397.087 -396.087 122.989
458 -392.001 -391.001 122.138
459 -395.538 -394.538 121.38
460 -389.454 -388.454 120.382
461 -392.552 -391.552 119.683
462 -392.319 -391.319 118.847
463 -392 -391 118.069
464 -391.387 -390.387 117.319
465 -387.851 -386.851 116.414
466 -385.744 -384.744 115.547
467 -379.743 -378.743 114.65
468 -383.697 -382.697 113.964
469 -379.255 -378.255 113.027
470 -380.964 -379.964 112.456
471 -378.207 -377.207 111.705
472 -373.707 -372.707 110.82
473 -371.847 -370.847 110.11
474 -363.482 -362.482 109.165
475 -367.493 -366.493 108.595
476 -363.928 -362.928 107.869
477 -361.599 -360.599 107.146
478 -363.544 -362.544 106.687
479 -359.387 -358.387 105.889
480 -356.068 -355.068 105.201
481 -349.091 -348.091 104.4
482 -348.988 -347.988 103.74
483 -345.665 -344.665 103.086
484 -344.138 -343.138 102.452
485 -339.88 -338.88 101.754
486 -340.198 -339.198 101.245
487 -331.593 -330.593 100.459
488 -334.314 -333.314 100.031
489 -334.19 -333.19 99.5007
490 -330.243 -329.243 98.8825
491 -328.626 -327.626 98.3195
492 -323.901 -322.901 97.6035
493 -323.516 -322.516 97.1135
494 -320.351 -319.351 96.5482
495 -319.535 -318.535 95.9749
496 -317.475 -316.475 95.3817
497 -312.719 -311.719 94.7279
498 -311.954 -310.954 94.1978
499 -308.698 -307.698 93.5285
500 -311.267 -310.267 93.1141
501 -311.467 -310.467 92.6444
502 -308.852 -307.852 92.0375
503 -306.269 -305.269 91.4463
504 -303.727 -302.727 90.8581
505 -303.968 -302.968 90.353
506 -302.141 -301.141 89.7879
507 -301.502 -300.502 89.2964
508 -300.033 -299.033 88.7823
509 -298.83 -297.83 88.2454
510 -298.017 -297.017 87.7691
511 -296.343 -295.343 87.2275
512 -295.046 -294.046 86.7319
513 -291.696 -290.696 86.1723
514 -295.181 -294.181 85.8423
515 -290.273 -289.273 85.306
516 -292.944 -291.944 84.8724
517 -290.82 -289.82 84.3445
518 -290.954 -289.954 83.9878
519 -291.215 -290.215 83.633
520 -288.522 -287.522 83.1648
521 -287.482 -286.482 82.7802
522 -285.712 -284.712 82.3827
523 -285.313 -284.313 82.0179
524 -283.525 -282.525 81.6358
525 -280.493 -279.493 81.1955
526 -282.371 -281.371 80.9415
527 -280.489 -279.489 80.5969
528 -276.575 -275.575 80.1144
529 -275.941 -274.941 79.781
530 -277.616 -276.616 79.6013
531 -276.331 -275.331 79.3552
532 -274.61 -273.61 79.0515
533 -272.503 -271.503 78.7509
534 -271.387 -270.387 78.4695
535 -267.641 -266.641 78.0726
536 -265.513 -264.513 77.7377
537 -264.663 -263.663 77.5126
538 -259.459 -258.459 77.0907
539 -255.248 -254.248 76.5952
540 -258.034 -257.034 76.603
541 -257.062 -256.062 76.2929
542 -253.437 -252.437 75.8228
543 -247.797 -246.797 75.4323
544 -251.662 -250.662 75.4359
545 -248.971 -247.971 75.1013
546 -246.952 -245.952 74.7888
547 -240.897 -239.897 74.3289
548 -241.646 -240.646 74.0995
549 -238.26 -237.26 73.7156
550 -239.87 -238.87 73.5824
551 -235.019 -234.019 73.2261
552 -236.477 -235.477 72.9871
553 -235.789 -234.789 72.7125
554 -232.211 -231.211 72.3792
555 -231.096 -230.096 72.0818
556 -230.25 -229.25 71.8186
557 -230.135 -229.135 71.4793
558 -228.563 -227.563 71.195
559 -229.817 -228.817 71.0638
560 -227.892 -226.892 70.7206
561 -226.222 -225.222 70.3871
562 -227.207 -226.207 70.1816
563 -225.201 -224.201 70.022
564 -226.718 -225.718 69.7303
565 -220.881 -219.881 69.3281
566 -226.623 -225.623 69.2329
567 -226.857 -225.857 69.0308
568 -226.438 -225.438 68.7616
569 -223.507 -222.507 68.3235
570 -222.766 -221.766 68.1802
571 -222.122 -221.122 67.8971
572 -220.841 -219.841 67.6133
573 -220.776 -219.776 67.3411
574 -219.066 -218.066 66.9998
575 -218.702 -217.702 66.7879
576 -219.548 -218.548 66.6353
577 -217.185 -216.185 66.3283
578 -217.427 -216.427 66.1342
579 -214.441 -213.441 65.9723
580 -214.891 -213.891 65.6575
581 -216.646 -215.646 65.4025
582 -215.315 -214.315 65.1714
583 -219.207 -218.207 65.1924
584 -217.732 -216.732 64.8838
585 -218.399 -217.399 64.7743
586 -217.352 -216.352 64.4613
587 -215.942 -214.942 64.1695
588 -213.991 -212.991 63.8903
589 -215.419 -214.419 63.6832
590 -211.468 -210.468 63.5595
591 -213.475 -212.475 63.2426
592 -214.636 -213.636 63.1565
593 -212.179 -211.179 62.8647
594 -214.287 -213.287 62.7286
595 -213.47 -212.47 62.4191
596 -214.196 -213.196 62.3061
597 -213.505 -212.505 62.1571
598 -213.194 -212.194 62.0341
599 -213.789 -212.789 61.803
600 -212.608 -211.608 61.5585
601 -215.215 -214.215 61.5234
602 -216.391 -215.391 61.3804
603 -214.906 -213.906 61.1125
604 -215.548 -214.548 60.908
605 -214.67 -213.67 60.6941
606 -214.502 -213.502 60.5823
607 -215.644 -214.644 60.3897
608 -214.414 -213.414 60.2022
609 -215.332 -214.332 59.9648
610 -215.158 -214.158 59.8269
611 -216.817 -215.817 59.7246
612 -216.26 -215.26 59.5255
613 -214.995 -213.995 59.2882
614 -215.71 -214.71 59.2236
615 -215.842 -214.842 59.0337
616 -216.65 -215.65 58.9217
617 -213.943 -212.943 58.632
618 -218.096 -217.096 58.7282
619 -216.942 -215.942 58.5614
620 -216.925 -215.925 58.4232
621 -217.026 -216.026 58.3316
622 -218.01 -217.01 58.2192
623 -217.235 -216.235 58.0468
624 -215.379 -214.379 57.8671
625 -216.394 -215.394 57.7838
626 -212.641 -211.641 57.5499
627 -213.759 -212.759 57.48
628 -209.925 -208.925 57.4686
629 -209.497 -208.497 57.2894
630 -211.592 -210.592 57.1276
631 -212.04 -211.04 57.1834
632 -213.333 -212.333 57.0862
633 -211.673 -210.673 56.9102
634 -208.722 -207.722 56.7795
635 -208.135 -207.135 56.5947
636 -207.059 -206.059 56.4047
637 -207.685 -206.685 56.4792
638 -207.55 -206.55 56.3757
639 -202.11 -201.11 56.139
640 -204.683 -203.683 56.148
641 -202.115 -201.115 56.0614
642 -202.071 -201.071 55.983
643 -194.491 -193.491 55.8244
644 -202.147 -201.147 56.0233
645 -200.793 -199.793 55.845
646 -198.277 -197.277 55.7584
647 -197.412 -196.412 55.6219
648 -194.035 -193.035 55.4574
649 -194.429 -193.429 55.4313
650 -191.629 -190.629 55.2703
651 -192.18 -191.18 55.2226
652 -187.749 -186.749 55.0607
653 -191.07 -190.07 55.1383
654 -187.674 -186.674 54.8954
655 -187.272 -186.272 54.8644
656 -187.19 -186.19 54.7674
657 -185.483 -184.483 54.6339
658 -185.608 -184.608 54.6425
659 -184.392 -183.392 54.4193
660 -184.523 -183.523 54.4143
661 -182.939 -181.939 54.238
662 -180.92 -179.92 54.1782
663 -180.071 -179.071 53.8993
664 -179.236 -178.236 53.7842
665 -179.205 -178.205 53.8119
666 -177.641 -176.641 53.6578
667 -176.953 -175.953 53.5457
668 -177.635 -176.635 53.4905
669 -175.46 -174.46 53.2686
670 -175.03 -174.03 53.2292
671 -173.796 -172.796 53.0126
672 -171.671 -170.671 52.8286
673 -173.204 -172.204 52.8974
674 -172.588 -171.588 52.7565
675 -170.84 -169.84 52.7614
676 -170.138 -169.138 52.4665
677 -168.723 -167.723 52.5667
678 -170.542 -169.542 52.5158
679 -170.386 -169.386 52.4537
680 -169.525 -168.525 52.2927
681 -167.413 -166.413 52.1247
682 -167.712 -166.712 52.0348
683 -165.911 -164.911 51.828
684 -165.971 -164.971 51.7795
685 -165.804 -164.804 51.7094
686 -166.432 -165.432 51.7243
687 -164.994 -163.994 51.5406
688 -165.443 -164.443 51.5936
689 -164.55 -163.55 51.4688
690 -163.644 -162.644 51.3883
691 -163.954 -162.954 51.4188
692 -163.08 -162.08 51.4784
693 -165.57 -164.57 51.4694
694 -164.572 -163.572 51.2902
695 -165.613 -164.613 51.51
696 -165.205 -164.205 51.3425
697 -164.241 -163.241 51.2861
698 -165.438 -164.438 51.4845
699 -163.825 -162.825 51.2486
700 -163.151 -162.151 51.1706
701 -162.478 -161.478 51.092
702 -161.936 -160.936 51.014
703 -161.041 -160.041 50.9414
704 -159.445 -158.445 50.8721
705 -159.026 -158.026 50.8049
706 -157.706 -156.706 50.8595
707 -157.315 -156.315 50.8147
708 -156.524 -155.524 50.9413
709 -156.21 -155.21 51.0236
710 -157.773 -156.773 51.2141
711 -157.255 -156.255 51.3563
712 -157.85 -156.85 51.4609
713 -156.241 -155.241 51.67
714 -156.829 -155.829 51.6953
715 -158.005 -157.005 51.9403
716 -157.683 -156.683 51.8112
717 -158.034 -157.034 51.9005
718 -158.795 -157.795 51.9091
719 -158.567 -157.567 51.8527
720 -157.909 -156.909 51.6868
721 -159.267 -158.267 51.6116
722 -158.486 -157.486 51.5091
723 -159.713 -158.713 51.3504
724 -159.43 -158.43 51.2309
725 -159.291 -158.291 51.0644
726 -159.142 -158.142 50.9073
727 -159.136 -158.136 50.8936
728 -159.186 -158.186 50.7767
729 -159.628 -158.628 50.7552
730 -159.341 -158.341 50.7315
731 -158.297 -157.297 50.6182
732 -158.666 -157.666 50.5721
733 -158.065 -157.065 50.5376
734 -158.282 -157.282 50.5638
735 -159.243 -158.243 50.5529
736 -158.831 -157.831 50.4581
737 -158.216 -157.216 50.3781
738 -158.498 -157.498 50.3381
739 -157.964 -156.964 50.2535
740 -157.722 -156.722 50.2315
741 -157.937 -156.937 50.1223
742 -158.006 -157.006 50.0979
743 -158.154 -157.154 50.0044
744 -158.978 -157.978 49.963
745 -158.38 -157.38 49.8488
746 -158.352 -157.352 49.8031
747 -158.517 -157.517 49.7565
748 -159.917 -158.917 49.702
749 -160.824 -159.824 49.6533
750 -160.16 -159.16 49.5364
751 -160.264 -159.264 49.4935
752 -161.295 -160.295 49.4344
753 -162.251 -161.251 49.4073
754 -163.585 -162.585 49.4734
755 -163.309 -162.309 49.3366
756 -162.145 -161.145 49.2622
757 -162.936 -161.936 49.2629
758 -162.201 -161.201 49.2057
759 -164.059 -163.059 49.1244
760 -162.762 -161.762 49.0812
761 -163.833 -162.833 49.0418
762 -164.628 -163.628 49.0777
763 -162.2 -161.2 49.0395
764 -166.534 -165.534 48.9728
765 -164.842 -163.842 48.8146
766 -166.029 -165.029 48.8966
767 -165.557 -164.557 48.8807
768 -165.105 -164.105 48.7364
769 -166.301 -165.301 48.7431
770 -165.842 -164.842 48.7065
771 -163.265 -162.265 48.5516
772 -164.265 -163.265 48.5743
773 -164.516 -163.516 48.4649
774 -162.725 -161.725 48.4148
775 -164.453 -163.453 48.3701
776 -163.541 -162.541 48.3636
777 -163.814 -162.814 48.3043
778 -163.448 -162.448 48.2466
779 -160.349 -159.349 48.1297
780 -160.984 -159.984 48.1158
781 -160.919 -159.919 48.0298
782 -160.835 -159.835 47.9723
783 -160.674 -159.674 47.8972
784 -161.773 -160.773 47.9204
785 -161.216 -160.216 47.8295
786 -160.92 -159.92 47.7975
787 -160.128 -159.128 47.7131
788 -160.695 -159.695 47.7248
789 -160.585 -159.585 47.6073
790 -160.106 -159.106 47.5519
791 -160.568 -159.568 47.5064
792 -159.533 -158.533 47.43
793 -159.939 -158.939 47.3925
794 -160.319 -159.319 47.4209
795 -161.563 -160.563 47.2944
796 -161.398 -160.398 47.2132
797 -160.869 -159.869 47.2301
798 -161.283 -160.283 47.1026
799 -160.008 -159.008 47.1523
800 -163.053 -162.053 47.2579
801 -162.06 -161.06 47.1751
802 -163.632 -162.632 47.4525
803 -161.88 -160.88 47.5943
804 -162.999 -161.999 48.1725
805 -162.002 -161.002 48.6426
806 -161.814 -160.814 48.9344
807 -159.332 -158.332 48.5056
808 -158.04 -157.04 47.9466
809 -154.781 -153.781 47.2739
810 -152.088 -151.088 47.3718
811 -150.746 -149.746 47.651
812 -148.757 -147.757 48.1523
813 -149.125 -148.125 48.3102
814 -147.666 -146.666 48.6819
815 -149.858 -148.858 48.757
816 -149.923 -148.923 48.7572
817 -151.722 -150.722 48.6305
818 -152.474 -151.474 48.4908
819 -154.805 -153.805 48.1502
820 -157.652 -156.652 48.0009
821 -159.363 -158.363 47.5928
822 -160.552 -159.552 47.4728
823 -161.586 -160.586 47.3378
824 -161.415 -160.415 47.2478
825 -161.283 -160.283 47.1936
826 -158.974 -157.974 46.7336
827 -158.365 -157.365 46.6652
828 -160.298 -159.298 46.932
829 -159.312 -158.312 46.6611
830 -158.327 -157.327 46.3943
831 -156.077 -155.077 46.1267
832 -155.851 -154.851 45.96
833 -154.655 -153.655 45.8027
834 -153.642 -152.642 45.6303
835 -154.315 -153.315 45.5162
836 -153.303 -152.303 45.3706
837 -153.3 -152.3 45.2953
838 -153.904 -152.904 45.2842
839 -151.943 -150.943 45.1101
840 -152.697 -151.697 45.0274
841 -152.724 -151.724 45.0704
842 -153.365 -152.365 45.0186
843 -151.8 -150.8 44.812
844 -152.316 -151.316 44.8259
845 -151.878 -150.878 44.7237
846 -151.414 -150.414 44.6795
847 -151.357 -150.357 44.6719
848 -150.337 -149.337 44.5686
849 -149.563 -148.563 44.5402
850 -148.042 -147.042 44.4229
851 -148.787 -147.787 44.486
852 -147.603 -146.603 44.5009
853 -147.691 -146.691 44.5644
854 -145.817 -144.817 44.5208
855 -145.745 -144.745 44.6364
856 -145.611 -144.611 44.579
857 -143.547 -142.547 44.6907
858 -144.288 -143.288 44.6924
859 -142.201 -141.201 44.7245
860 -142.208 -141.208 44.4853
861 -140.34 -139.34 44.2645
862 -139.918 -138.918 44.1699
863 -140.54 -139.54 44.1592
864 -138.956 -137.956 43.9927
865 -138.623 -137.623 44.0082
866 -135.953 -134.953 44.0507
867 -137.219 -136.219 44.0532
868 -136.308 -135.308 44.0453
869 -137.886 -136.886 44.114
870 -138.097 -137.097 43.9619
871 -138.003 -137.003 44.0974
872 -138.51 -137.51 43.9311
873 -138.895 -137.895 43.7272
874 -141.077 -140.077 43.917
875 -140.261 -139.261 43.6308
876 -141.497 -140.497 43.5159
877 -141.508 -140.508 43.4791
878 -141.754 -140.754 43.3308
879 -141.725 -140.725 43.2657
880 -140.89 -139.89 43.0903
881 -140.911 -139.911 43.0364
882 -140.313 -139.313 42.9892
883 -140.503 -139.503 42.8499
884 -140.531 -139.531 42.7612
885 -141.207 -140.207 42.6874
886 -141.403 -140.403 42.609
887 -141.471 -140.471 42.5873
888 -141.146 -140.146 42.5139
889 -139.759 -138.759 42.4378
890 -140.359 -139.359 42.4347
891 -140.946 -139.946 42.369
892 -141.308 -140.308 42.3099
893 -141.301 -140.301 42.3489
894 -141.745 -140.745 42.3528
895 -139.589 -138.589 42.215
896 -140.007 -139.007 42.1104
897 -141.004 -140.004 42.112
898 -141.967 -140.967 42.2569
899 -141.288 -140.288 42.2093
900 -139.763 -138.763 42.051
901 -140.281 -139.281 41.9399
902 -139.734 -138.734 41.93
903 -140.804 -139.804 41.975
904 -139.121 -138.121 41.9634
905 -138.077 -137.077 41.8062
906 -139.791 -138.791 41.7791
907 -138.858 -137.858 41.6988
908 -139.101 -138.101 41.6617
909 -137.95 -136.95 41.644
910 -139.471 -138.471 41.6145
911 -137.538 -136.538 41.5649
912 -140.161 -139.161 41.5661
913 -138.097 -137.097 41.4697
914 -139.522 -138.522 41.4292
915 -139.178 -138.178 41.3809
916 -138.933 -137.933 41.447
917 -138.884 -137.884 41.2568
918 -140.621 -139.621 41.3318
919 -140.958 -139.958 41.3204
920 -140.72 -139.72 41.1909
921 -141.378 -140.378 41.1662
922 -141.557 -140.557 41.1718
923 -139.122 -138.122 41.1883
924 -140.207 -139.207 41.1048
925 -141.234 -140.234 41.1045
926 -141.852 -140.852 41.0368
927 -141.774 -140.774 41.0444
928 -143.022 -142.022 41.0808
929 -142.164 -141.164 40.9515
930 -142.631 -141.631 40.9449
931 -142.019 -141.019 40.9002
932 -142.113 -141.113 40.8764
933 -140.648 -139.648 40.8137
934 -140.558 -139.558 40.7093
935 -139.763 -138.763 40.6729
936 -141.423 -140.423 40.6678
937 -141.992 -140.992 40.6963
938 -138.573 -137.573 40.9473
939 -141.647 -140.647 40.6802
940 -140.219 -139.219 40.4393
941 -137.603 -136.603 40.4426
942 -139.844 -138.844 40.5151
943 -138.392 -137.392 40.2444
944 -139.68 -138.68 40.3607
945 -139.675 -138.675 40.5435
946 -139.484 -138.484 40.5901
947 -137.193 -136.193 40.2247
948 -136.435 -135.435 40.1007
949 -136.771 -135.771 40.2848
950 -135.826 -134.826 40.2366
951 -134.553 -133.553 40.0687
952 -133.378 -132.378 39.9508
953 -131.58 -130.58 39.8298
954 -131.847 -130.847 39.8222
955 -132.197 -131.197 39.8321
956 -130.975 -129.975 39.7111
957 -130.756 -129.756 39.6699
958 -129.687 -128.687 39.5778
959 -129.018 -128.018 39.5772
960 -128.501 -127.501 39.5422
961 -128.44 -127.44 39.3963
962 -128.345 -127.345 39.3503
963 -128.188 -127.188 39.2996
964 -127.659 -126.659 39.2465
965 -127.812 -126.812 39.2026
966 -127.231 -126.231 39.1083
967 -126.151 -125.151 39.2052
968 -126.613 -125.613 39.0434
969 -126.752 -125.752 38.9252
970 -127.519 -126.519 38.9047
971 -127.313 -126.313 38.8423
972 -127.454 -126.454 38.8238
973 -127.913 -126.913 38.7976
974 -125.938 -124.938 38.8466
975 -126.934 -125.934 38.7207
976 -127.911 -126.911 38.6469
977 -128.762 -127.762 38.6249
978 -127.839 -126.839 38.6005
979 -129.776 -128.776 38.5871
980 -128.642 -127.642 38.5438
981 -130.372 -129.372 38.5315
982 -130.208 -129.208 38.4541
983 -131.134 -130.134 38.4866
984 -130.332 -129.332 38.5013
985 -131.332 -130.332 38.4701
986 -131.812 -130.812 38.457
987 -132.259 -131.259 38.4154
988 -133.131 -132.131 38.3936
989 -133.14 -132.14 38.5073
990 -133.978 -132.978 38.3973
991 -134.587 -133.587 38.4695
992 -135.882 -134.882 38.4378
993 -136.795 -135.795 38.361
994 -136.675 -135.675 38.3485
995 -137.361 -136.361 38.2841
996 -137.266 -136.266 38.2322
997 -137.878 -136.878 38.2367
998 -138.989 -137.989 38.207
999 -138.984 -137.984 38.1772
1000 -139.727 -138.727 38.1336
1001 -140.128 -139.128 38.094
1002 -138.41 -137.41 38.306
1003 -141.348 -140.348 37.9891
1004 -140.849 -139.849 37.9361
1005 -142.328 -141.328 37.9054
1006 -142.164 -141.164 37.8706
1007 -141.457 -140.457 38.0196
1008 -141.67 -140.67 37.7748
1009 -142.503 -141.503 37.7007
1010 -142.379 -141.379 37.7153
1011 -143.138 -142.138 37.6311
1012 -142.947 -141.947 37.5946
1013 -142.64 -141.64 37.4596
1014 -142.322 -141.322 37.4411
1015 -142.349 -141.349 37.4208
1016 -142.33 -141.33 37.3526
1017 -142.086 -141.086 37.3551
1018 -142.658 -141.658 37.2755
1019 -141.03 -140.03 37.2681
1020 -142.67 -141.67 37.1705
1021 -141.767 -140.767 37.1194
1022 -141.571 -140.571 37.0987
1023 -141.321 -140.321 37.0424
1024 -143.087 -142.087 36.9982
1025 -142.765 -141.765 36.9574
1026 -140.648 -139.648 36.9994
1027 -143.701 -142.701 36.9647
1028 -141.18 -140.18 37.4817
1029 -144.069 -143.069 36.9838
1030 -142.586 -141.586 36.7581
1031 -142.027 -141.027 36.8512
1032 -143.693 -142.693 36.8306
1033 -144.286 -143.286 36.8986
1034 -142.612 -141.612 36.6247
1035 -143.53 -142.53 36.6819
1036 -141.306 -140.306 36.7389
1037 -142.535 -141.535 36.6062
1038 -143.73 -142.73 36.6616
1039 -143.633 -142.633 36.4872
1040 -143.319 -142.319 36.3893
1041 -143.018 -142.018 36.2987
1042 -142.846 -141.846 36.3076
1043 -141.96 -140.96 36.3157
1044 -141.884 -140.884 36.2401
1045 -142.522 -141.522 36.2036
1046 -142.654 -141.654 36.1885
1047 -142.863 -141.863 36.1201
1048 -142.813 -141.813 36.1001
1049 -141.379 -140.379 36.0882
1050 -140.89 -139.89 36.3181
1051 -143.251 -142.251 36.0317
1052 -143.503 -142.503 35.9931
1053 -143.012 -142.012 35.9167
1054 -142.212 -141.212 35.8732
1055 -142.489 -141.489 35.8034
1056 -142.607 -141.607 35.767
1057 -142.715 -141.715 35.7092
1058 -141.464 -140.464 35.6674
1059 -143.245 -142.245 35.6987
1060 -142.211 -141.211 35.6153
1061 -142.273 -141.273 35.5326
1062 -141.376 -140.376 35.4406
1063 -138.405 -137.405 37.0554
1064 -142.883 -141.883 35.7297
1065 -142.711 -141.711 35.6716
1066 -142.316 -141.316 35.455
1067 -141.133 -140.133 35.2459
1068 -141.33 -140.33 35.3516
1069 -140.751 -139.751 35.0482
1070 -139.131 -138.131 35.079
1071 -139.346 -138.346 35.0175
1072 -139.551 -138.551 34.8875
1073 -140.179 -139.179 34.8866
1074 -138.799 -137.799 34.7776
1075 -139.285 -138.285 34.6788
1076 -138.145 -137.145 34.6877
1077 -137.492 -136.492 34.6584
1078 -136.966 -135.966 34.743
1079 -139.085 -138.085 34.4895
1080 -137.306 -136.306 34.698
1081 -138.979 -137.979 34.3515
1082 -138.415 -137.415 34.1537
1083 -138.478 -137.478 34.2517
1084 -138.659 -137.659 34.3484
1085 -138.663 -137.663 34.1778
1086 -137.731 -136.731 33.9712
1087 -138.061 -137.061 33.9853
1088 -137.281 -136.281 33.8163
1089 -137.56 -136.56 33.8046
1090 -135.519 -134.519 33.8817
1091 -136.71 -135.71 33.7509
1092 -136.981 -135.981 33.684
1093 -136.398 -135.398 33.6018
1094 -134.504 -133.504 33.6626
1095 -134.759 -133.759 33.6952
1096 -135.925 -134.925 33.6383
1097 -135.77 -134.77 33.6758
1098 -137.851 -136.851 33.7723
1099 -138.575 -137.575 33.9287
1100 -136.556 -135.556 33.6519
1101 -136.385 -135.385 33.4912
1102 -138.047 -137.047 33.9052
1103 -136.796 -135.796 33.6133
1104 -137.177 -136.177 33.6421
1105 -137.189 -136.189 33.7943
1106 -136.421 -135.421 33.5992
1107 -135.699 -134.699 33.5676
1108 -135.621 -134.621 33.566
1109 -135.113 -134.113 33.5094
1110 -134.425 -133.425 33.5073
1111 -133.107 -132.107 33.8368
1112 -134.704 -133.704 33.4094
1113 -132.783 -131.783 33.5303
1114 -134.351 -133.351 33.4135
1115 -133.867 -132.867 33.356
1116 -134.352 -133.352 33.3725
1117 -133.563 -132.563 33.3652
1118 -132.801 -131.801 33.4167
1119 -134.586 -133.586 33.5249
1120 -132.521 -131.521 33.5458
1121 -133.3 -132.3 33.4714
1122 -133.923 -132.923 33.4745
1123 -133.127 -132.127 33.2449
1124 -132.2 -131.2 33.3863
1125 -133.013 -132.013 33.3622
1126 -130.712 -129.712 33.3202
1127 -131.31 -130.31 33.3995
1128 -132.905 -131.905 33.2062
1129 -133.212 -132.212 33.2995
1130 -132.489 -131.489 33.1259
1131 -132.155 -131.155 33.1983
1132 -132.304 -131.304 33.1535
1133 -131.647 -130.647 33.077
1134 -131.803 -130.803 33.2699
1135 -132.734 -131.734 33.0176
1136 -132.178 -131.178 33.1562
1137 -131.71 -130.71 32.986
1138 -132.843 -131.843 32.9488
1139 -131.954 -130.954 33.016
1140 -132.567 -131.567 32.8803
1141 -132.989 -131.989 32.8754
1142 -132.547 -131.547 32.8279
1143 -127.878 -126.878 34.7095
1144 -133.787 -132.787 32.9415
1145 -134.78 -133.78 32.9999
1146 -134.892 -133.892 32.9884
1147 -129.926 -128.926 34.3896
1148 -135.457 -134.457 32.8168
1149 -136.131 -135.131 33.1219
1150 -136.873 -135.873 33.0367
1151 -136.265 -135.265 32.8112
1152 -136.754 -135.754 32.7013
1153 -135.819 -134.819 32.3899
1154 -136.34 -135.34 32.4761
1155 -136.399 -135.399 32.3534
1156 -136.394 -135.394 32.2766
1157 -136.708 -135.708 32.2502
1158 -137.218 -136.218 32.2142
1159 -136.475 -135.475 32.1869
1160 -136.156 -135.156 32.2995
1161 -137.139 -136.139 32.1034
1162 -136.619 -135.619 32.3541
1163 -138.417 -137.417 32.1024
1164 -138.718 -137.718 32.069
1165 -138.482 -137.482 32.0192
1166 -138.534 -137.534 31.9495
1167 -138.372 -137.372 31.9805
1168 -138.758 -137.758 31.9453
1169 -138.581 -137.581 31.9883
1170 -138.737 -137.737 31.9159
1171 -138.72 -137.72 31.9227
1172 -138.872 -137.872 31.9619
1173 -139.404 -138.404 32.0056
1174 -138.879 -137.879 31.8746
1175 -138.825 -137.825 31.9049
1176 -137.992 -136.992 31.8791
1177 -138.248 -137.248 31.8414
1178 -137.978 -136.978 31.8563
1179 -137.884 -136.884 31.8453
1180 -137.584 -136.584 31.8542
1181 -137.844 -136.844 31.8651
1182 -136.303 -135.303 32.0097
1183 -136.171 -135.171 31.9501
1184 -137.532 -136.532 31.8592
1185 -136.855 -135.855 31.8605
1186 -136.321 -135.321 31.9149
1187 -136.711 -135.711 31.8968
1188 -137.559 -136.559 31.8608
1189 -137.864 -136.864 31.9319
1190 -137.591 -136.591 31.8821
1191 -137.079 -136.079 31.7847
1192 -136.146 -135.146 31.6818
1193 -136.003 -135.003 31.6267
1194 -135.032 -134.032 31.6186
1195 -134.139 -133.139 31.9235
1196 -135.741 -134.741 31.4859
1197 -136.415 -135.415 31.482
1198 -135.919 -134.919 31.3814
1199 -136.148 -135.148 31.3512
1200 -134.895 -133.895 31.3839
1201 -135.534 -134.534 31.2577
1202 -134.703 -133.703 31.2786
1203 -134.083 -133.083 31.5993
1204 -136.518 -135.518 31.2548
1205 -136.111 -135.111 31.1628
1206 -135.975 -134.975 31.1138
1207 -135.782 -134.782 31.1482
1208 -135.725 -134.725 31.099
1209 -135.38 -134.38 30.9752
1210 -134.917 -133.917 31.0128
1211 -135.231 -134.231 30.9602
1212 -134.941 -133.941 30.9157
1213 -134.961 -133.961 30.8625
1214 -133.953 -132.953 30.8865
1215 -134.762 -133.762 30.7879
1216 -134.599 -133.599 30.9282
1217 -134.604 -133.604 30.7267
1218 -135.243 -134.243 30.7499
1219 -135.041 -134.041 30.7545
1220 -135.189 -134.189 30.7354
1221 -134.813 -133.813 30.6932
1222 -135.26 -134.26 30.7117
1223 -134.838 -133.838 30.6528
1224 -135.399 -134.399 30.7041
1225 -134.592 -133.592 30.6472
1226 -135.042 -134.042 30.6016
1227 -135.047 -134.047 30.6246
1228 -135.102 -134.102 30.6011
1229 -134.508 -133.508 30.6887
1230 -135.039 -134.039 30.6051
1231 -135.274 -134.274 30.5955
1232 -134.425 -133.425 30.5985
1233 -135.24 -134.24 30.5929
1234 -134.397 -133.397 30.5814
1235 -134.81 -133.81 30.5517
1236 -134.59 -133.59 30.5317
1237 -133.47 -132.47 30.6181
1238 -133.731 -132.731 30.5153
1239 -134.392 -133.392 30.4518
1240 -133.85 -132.85 30.4205
1241 -133.167 -132.167 30.3832
1242 -132.402 -131.402 30.5292
1243 -132.494 -131.494 30.5504
1244 -133.1 -132.1 30.416
1245 -135.226 -134.226 30.5984
1246 -134.305 -133.305 30.2702
1247 -134.286 -133.286 30.3012
1248 -134.889 -133.889 30.5978
1249 -134.276 -133.276 30.2843
1250 -134.244 -133.244 30.2663
1251 -133.642 -132.642 30.0267
1252 -132.575 -131.575 30.055
1253 -132.878 -131.878 30.0365
1254 -132.694 -131.694 29.9718
1255 -132.811 -131.811 29.9646
1256 -133.48 -132.48 29.8649
1257 -133.283 -132.283 29.8726
1258 -133.087 -132.087 29.8184
1259 -133.309 -132.309 29.7865
1260 -132.291 -131.291 29.949
1261 -132.886 -131.886 29.7894
1262 -133.888 -132.888 29.7557
1263 -133.246 -132.246 30.0499
1264 -133.848 -132.848 29.722
1265 -135.259 -134.259 29.7977
1266 -134.778 -133.778 29.7835
1267 -134.021 -133.021 29.7552
1268 -134.943 -133.943 29.828
1269 -135.741 -134.741 29.7212
1270 -135.477 -134.477 29.7008
1271 -135.123 -134.123 29.6776
1272 -134.557 -133.557 29.8146
1273 -136.391 -135.391 29.7077
1274 -136.653 -135.653 29.8675
1275 -136.349 -135.349 29.7633
1276 -136.378 -135.378 29.7165
1277 -135.336 -134.336 29.7439
1278 -134.326 -133.326 29.9662
1279 -135.174 -134.174 29.7296
1280 -136.209 -135.209 29.5489
1281 -137.074 -136.074 29.6221
1282 -136.741 -135.741 29.5996
1283 -136.087 -135.087 29.5634
1284 -135.676 -134.676 29.5908
1285 -136.394 -135.394 29.5552
1286 -136.454 -135.454 29.5578
1287 -136.052 -135.052 29.5352
1288 -135.718 -134.718 29.4557
1289 -135.858 -134.858 29.5891
1290 -136.067 -135.067 29.5828
1291 -135.342 -134.342 29.4659
1292 -133.179 -132.179 30.2471
1293 -136.486 -135.486 29.4898
1294 -136.244 -135.244 29.4063
1295 -136.152 -135.152 29.4442
1296 -135.66 -134.66 29.8495
1297 -135.677 -134.677 29.4319
1298 -136.496 -135.496 29.5341
1299 -134.636 -133.636 29.5539
1300 -134.908 -133.908 29.4231
1301 -136.629 -135.629 29.5364
1302 -135.987 -134.987 29.4616
1303 -135.765 -134.765 29.5099
1304 -135.383 -134.383 29.6734
1305 -135.273 -134.273 29.4532
1306 -135.455 -134.455 29.4861
1307 -136.473 -135.473 29.4062
1308 -136.991 -135.991 29.5466
1309 -136.956 -135.956 29.4004
1310 -136.666 -135.666 29.4262
1311 -135.555 -134.555 29.5421
1312 -136.249 -135.249 29.3439
1313 -135.963 -134.963 29.4161
1314 -137.756 -136.756 29.366
1315 -137.467 -136.467 29.2857
1316 -136.353 -135.353 29.3501
1317 -138.446 -137.446 29.3147
1318 -137.859 -136.859 29.3039
1319 -138.256 -137.256 29.2626
1320 -138.37 -137.37 29.2374
1321 -139.15 -138.15 29.2338
1322 -139.174 -138.174 29.325
1323 -139.878 -138.878 29.2334
1324 -139.914 -138.914 29.2205
1325 -139.491 -138.491 29.1758
1326 -140.397 -139.397 29.1633
1327 -139.884 -138.884 29.1683
1328 -140.229 -139.229 29.2095
1329 -141.932 -140.932 29.0982
1330 -140.344 -139.344 29.3713
1331 -140.317 -139.317 29.358
1332 -142.142 -141.142 29.0245
1333 -141.174 -140.174 29.1733
1334 -141.829 -140.829 29.0174
1335 -144.184 -143.184 29.2939
1336 -144.066 -143.066 29.2146
1337 -143.547 -142.547 28.939
1338 -143.825 -142.825 28.9852
1339 -142.714 -141.714 28.9523
1340 -143.79 -142.79 28.942
1341 -142.761 -141.761 28.8545
1342 -144.011 -143.011 28.8373
1343 -143.835 -142.835 28.7631
1344 -143.527 -142.527 28.7598
1345 -143.868 -142.868 28.8317
1346 -142.386 -141.386 28.6544
1347 -143.113 -142.113 28.6442
1348 -142.668 -141.668 28.6043
1349 -142.767 -141.767 28.5635
1350 -142.073 -141.073 28.6191
1351 -141.683 -140.683 28.6892
1352 -140.64 -139.64 29.0896
1353 -142.524 -141.524 28.5492
1354 -142.911 -141.911 28.6172
1355 -141.917 -140.917 28.5264
1356 -140.794 -139.794 28.7086
1357 -140.791 -139.791 28.6038
1358 -143.035 -142.035 28.8457
1359 -143.398 -142.398 28.524
1360 -143.044 -142.044 28.4668
1361 -143.03 -142.03 28.5446
1362 -142.509 -141.509 28.3364
1363 -141.869 -140.869 28.2641
1364 -141.915 -140.915 28.2775
1365 -141.598 -140.598 28.2197
1366 -139.512 -138.512 28.2374
1367 -140.26 -139.26 28.2502
1368 -140.342 -139.342 28.3055
1369 -140.989 -139.989 28.1238
1370 -140.487 -139.487 28.2144
1371 -138.631 -137.631 28.3649
1372 -140.118 -139.118 28.0141
1373 -140.008 -139.008 27.9748
1374 -141.501 -140.501 28.2254
1375 -141.229 -140.229 28.1152
1376 -140.742 -139.742 28.0147
1377 -139.543 -138.543 27.8998
1378 -139.259 -138.259 27.9741
1379 -139.152 -138.152 28.1121
1380 -140.498 -139.498 27.8975
1381 -138.977 -137.977 27.7805
1382 -138.083 -137.083 28.0902
1383 -140.091 -139.091 27.9193
1384 -138.381 -137.381 27.9205
1385 -138.423 -137.423 27.7019
1386 -138.657 -137.657 27.6485
1387 -138.668 -137.668 27.825
1388 -138.855 -137.855 27.7189
1389 -138.841 -137.841 27.8077
1390 -138.133 -137.133 27.5569
1391 -137.924 -136.924 27.6084
1392 -137.995 -136.995 27.6206
1393 -137.896 -136.896 27.584
1394 -137.547 -136.547 27.6412
1395 -137.438 -136.438 27.639
1396 -137.268 -136.268 27.589
1397 -135.347 -134.347 27.7311
1398 -136.101 -135.101 27.5685
1399 -136.152 -135.152 27.7321
1400 -137.195 -136.195 27.6708
1401 -136.17 -135.17 27.5525
1402 -135.869 -134.869 27.5595
1403 -136.132 -135.132 27.5531
1404 -135.573 -134.573 27.5177
1405 -134.6 -133.6 27.7732
1406 -135.145 -134.145 27.5566
1407 -135.979 -134.979 27.554
1408 -136.056 -135.056 27.5754
1409 -135.871 -134.871 27.5411
1410 -135.282 -134.282 27.4572
1411 -135.109 -134.109 27.4481
1412 -134.756 -133.756 27.4638
1413 -134.067 -133.067 27.3799
1414 -133.841 -132.841 27.4762
1415 -134.544 -133.544 27.3934
1416 -133.407 -132.407 27.3617
1417 -133.68 -132.68 27.3605
1418 -132.798 -131.798 27.5388
1419 -132.766 -131.766 27.7673
1420 -135.261 -134.261 27.5348
1421 -134.22 -133.22 27.2825
1422 -135.065 -134.065 27.3324
1423 -136.193 -135.193 27.8049
1424 -134.435 -133.435 27.4389
1425 -135.38 -134.38 27.4597
1426 -135.266 -134.266 27.405
1427 -134.905 -133.905 27.2123
1428 -132.646 -131.646 27.5022
1429 -132.677 -131.677 27.5591
1430 -134.193 -133.193 27.0956
1431 -133.635 -132.635 27.1534
1432 -134.121 -133.121 27.0398
1433 -135.602 -134.602 27.1431
1434 -135.399 -134.399 27.3647
1435 -135.491 -134.491 27.2974
1436 -134.834 -133.834 27.1389
1437 -135.143 -134.143 27.0622
1438 -135.121 -134.121 26.9525
1439 -135.118 -134.118 26.9994
1440 -134.733 -133.733 26.9768
1441 -134.942 -133.942 26.8997
1442 -135.186 -134.186 26.8588
1443 -135.033 -134.033 26.8594
1444 -134.181 -133.181 27.0435
1445 -134.755 -133.755 27.0055
1446 -135.758 -134.758 26.765
1447 -136.257 -135.257 26.7661
1448 -136.044 -135.044 26.8065
1449 -136.279 -135.279 26.775
1450 -136.584 -135.584 26.7025
1451 -136.393 -135.393 26.6565
1452 -135.967 -134.967 26.7092
1453 -135.678 -134.678 26.6776
1454 -136.443 -135.443 26.6314
1455 -136.283 -135.283 26.6997
1456 -136.422 -135.422 26.6735
1457 -137.131 -136.131 26.6609
1458 -137.186 -136.186 26.712
1459 -136.514 -135.514 26.623
1460 -136.687 -135.687 26.512
1461 -137.108 -136.108 26.6446
1462 -136.159 -135.159 26.7405
1463 -136.159 -135.159 26.5374
1464 -135.828 -134.828 26.5804
1465 -136.888 -135.888 26.5141
1466 -136.752 -135.752 26.499
1467 -135.931 -134.931 26.4781
1468 -135.029 -134.029 26.609
1469 -134.934 -133.934 26.9191
1470 -136.274 -135.274 26.4162
1471 -135.993 -134.993 26.4213
1472 -135.64 -134.64 26.4979
1473 -134.659 -133.659 26.7104
1474 -137.097 -136.097 26.6006
1475 -137.628 -136.628 26.7486
1476 -136.513 -135.513 26.5798
1477 -136.611 -135.611 26.508
1478 -135.985 -134.985 26.3745
1479 -135.216 -134.216 26.3374
1480 -134.381 -133.381 26.3974
1481 -135.635 -134.635 26.357
1482 -135.149 -134.149 26.2929
1483 -134.022 -133.022 26.2613
1484 -133.542 -132.542 26.533
1485 -133.695 -132.695 26.4152
1486 -134.189 -133.189 26.2311
1487 -134.175 -133.175 26.292
1488 -134.572 -133.572 26.1758
1489 -132.678 -131.678 27.1041
1490 -133.507 -132.507 26.2575
1491 -134.748 -133.748 26.2957
1492 -134.496 -133.496 26.3572
1493 -135.072 -134.072 26.3881
1494 -133.361 -132.361 26.2527
1495 -134.284 -133.284 26.1861
1496 -133.792 -132.792 26.1499
1497 -134.322 -133.322 26.0421
1498 -134.663 -133.663 25.9831
1499 -134.458 -133.458 25.9481
1500 -134.363 -133.363 25.9242
1501 -134.64 -133.64 25.9384
1502 -132.956 -131.956 26.1275
1503 -134.358 -133.358 25.9064
1504 -133.133 -132.133 26.0829
1505 -135.143 -134.143 25.9424
1506 -133.023 -132.023 26.1101
1507 -134.658 -133.658 25.8774
1508 -134.142 -133.142 25.9415
1509 -134.831 -133.831 25.9189
1510 -134.988 -133.988 25.8509
1511 -134.307 -133.307 26.0285
1512 -135.359 -134.359 25.8568
1513 -134.014 -133.014 26.3726
1514 -136.349 -135.349 25.8142
1515 -137.294 -136.294 26.0927
1516 -136.438 -135.438 25.8549
1517 -136.31 -135.31 25.9613
1518 -137.717 -136.717 25.929
1519 -137.354 -136.354 25.8953
1520 -136.584 -135.584 25.9427
1521 -137.741 -136.741 25.872
1522 -137.948 -136.948 25.8814
1523 -135.893 -134.893 26.0994
1524 -138.567 -137.567 25.9408
1525 -137.964 -136.964 25.9657
1526 -140.013 -139.013 25.9918
1527 -140.205 -139.205 26.0323
1528 -139.467 -138.467 25.6481
1529 -139.664 -138.664 25.6347
1530 -137.938 -136.938 26.1933
1531 -140.093 -139.093 25.7179
1532 -139.094 -138.094 25.5403
1533 -140.05 -139.05 25.5465
1534 -138.921 -137.921 25.7295
1535 -138.632 -137.632 25.6063
1536 -139.174 -138.174 25.6176
1537 -139.815 -138.815 25.5506
1538 -139.996 -138.996 25.5683
1539 -138.425 -137.425 25.8981
1540 -139.642 -138.642 25.5471
1541 -138.971 -137.971 25.7464
1542 -139.696 -138.696 25.56
1543 -139.327 -138.327 25.5089
1544 -139.626 -138.626 25.5272
1545 -139.473 -138.473 25.522
1546 -138.115 -137.115 25.7163
1547 -138.856 -137.856 25.6303
1548 -139.35 -138.35 25.5812
1549 -139.943 -138.943 25.7793
1550 -138.694 -137.694 25.5073
1551 -138.988 -137.988 25.5973
1552 -137.898 -136.898 25.4051
1553 -137.545 -136.545 25.6079
1554 -138.1 -137.1 25.6483
1555 -137.762 -136.762 25.5764
1556 -137.533 -136.533 25.3439
1557 -136.948 -135.948 25.3769
1558 -136.309 -135.309 25.3989
1559 -136.147 -135.147 25.4108
1560 -136.602 -135.602 25.4154
1561 -134.164 -133.164 26.2824
1562 -136.735 -135.735 25.3392
1563 -136.898 -135.898 25.3912
1564 -132.831 -131.831 26.5325
1565 -138.037 -137.037 25.9706
1566 -136.706 -135.706 25.3927
1567 -136.875 -135.875 25.7119
1568 -136.462 -135.462 25.4196
1569 -135.078 -134.078 25.26
1570 -135.518 -134.518 25.2743
1571 -135.573 -134.573 25.284
1572 -135.91 -134.91 25.3657
1573 -136.173 -135.173 25.5736
1574 -136.619 -135.619 25.3706
1575 -136.165 -135.165 25.2012
1576 -135.536 -134.536 25.151
1577 -136.482 -135.482 25.2381
1578 -134.877 -133.877 25.4586
1579 -136.185 -135.185 25.3011
1580 -135.684 -134.684 25.3945
1581 -136.573 -135.573 25.2943
1582 -136.308 -135.308 25.1212
1583 -136.399 -135.399 25.1486
1584 -136.201 -135.201 25.1187
1585 -135.639 -134.639 25.1296
1586 -135.915 -134.915 25.0752
1587 -135.849 -134.849 25.0534
1588 -136.294 -135.294 25.0311
1589 -134.749 -133.749 25.4231
1590 -136.125 -135.125 25.2851
1591 -136.911 -135.911 25.0756
1592 -137.653 -136.653 25.1875
1593 -136.498 -135.498 25.2858
1594 -137.586 -136.586 25.2009
1595 -137.853 -136.853 25.3126
1596 -136.779 -135.779 25.1411
1597 -137.272 -136.272 25.0463
1598 -137.545 -136.545 24.9963
1599 -138 -137 25.1831
1600 -138.008 -137.008 25.2088
1601 -136.755 -135.755 25.1463
1602 -135.76 -134.76 25.2294
1603 -137.531 -136.531 25.0132
1604 -137.191 -136.191 24.9681
1605 -136.009 -135.009 25.0074
1606 -135.534 -134.534 25.4765
1607 -136.572 -135.572 25.2484
1608 -136.958 -135.958 24.9238
1609 -136.311 -135.311 25.4349
1610 -137.463 -136.463 25.0923
1611 -137.725 -136.725 25.2736
1612 -137.591 -136.591 25.0932
1613 -136.153 -135.153 24.9035
1614 -136.285 -135.285 24.9775
1615 -137.156 -136.156 24.8793
1616 -134.995 -133.995 26.1657
1617 -137.656 -136.656 25.3725
1618 -137.216 -136.216 25.0181
1619 -137.452 -136.452 25.1571
1620 -136.811 -135.811 24.84
1621 -136.074 -135.074 24.8969
1622 -136.111 -135.111 24.9925
1623 -135.444 -134.444 24.9345
1624 -136.484 -135.484 24.8849
1625 -134.557 -133.557 25.2837
1626 -136.621 -135.621 24.8734
1627 -135.674 -134.674 24.907
1628 -136.149 -135.149 24.7474
1629 -136.272 -135.272 24.7761
1630 -136.575 -135.575 24.7516
1631 -135.349 -134.349 24.8627
1632 -135.483 -134.483 24.794
1633 -136.354 -135.354 24.6829
