0 0 -6.97887 12.5175 -6.97887
0 0.16 -7.45079 11.97 -7.45079
0 0.32 -3.82594 15.311 -3.82594
0 0.48 -3.05044 15.4806 -3.05044
0 0.64 -2.6624 14.6406 -2.6624
0 0.8 -2.72881 12.01 -2.72881
0 0.96 -2.99586 6.48424 -2.99586
0 1.12 -0.91272 -0.189147 -0.91272
0 1.28 5.27104 -3.15042 5.27104
0 1.44 11.2164 -3.03544 11.2164
0 1.6 14.3329 -2.80534 14.3329
0 1.76 15.4944 -3.00586 15.4944
0 1.92 15.7918 -3.35948 15.7918
0 2.08 15.8064 -3.63102 15.8064
0 2.24 15.7956 -3.69376 15.7956
0 2.4 15.8121 -3.51742 15.8121
0 2.56 15.7207 -3.16876 15.7207
0 2.72 15.1205 -2.82634 15.1205
0 2.88 13.1265 -2.80375 13.1265
0 3.04 8.35786 -3.23586 8.35786
0 3.2 1.24209 -2.30349 1.24209
0 3.36 -3.14305 3.10827 -3.14305
0 3.52 -3.36919 9.81489 -3.36919
0 3.68 -2.90148 13.7944 -2.90148
0 3.84 -2.90083 15.4089 -2.90083
0 4 -3.12561 15.9169 -3.12561
0 4.16 -3.29883 16.0333 -3.29883
0 4.32 -3.28707 16.045 -3.28707
0 4.48 -3.08352 15.9606 -3.08352
0 4.64 -2.81402 15.502 -2.81402
0 4.8 -2.7661 13.9284 -2.7661
0 4.96 -3.24554 9.8471 -3.24554
0 5.12 -3.11743 2.75638 -3.11743
0 5.28 1.27353 -2.88606 1.27353
0 5.44 8.37556 -3.70937 8.37556
0 5.6 13.1316 -3.10346 13.1316
0 5.76 15.1793 -2.92391 15.1793
0 5.92 15.8757 -3.02776 15.8757
0 6.08 16.0514 -3.11264 16.0514
0 6.24 15.9844 -3.05781 15.9844
0 6.4 15.5482 -2.9155 15.5482
0 6.56 14.1047 -2.93751 14.1047
0 6.72 10.2854 -3.47811 10.2854
0 6.88 3.24747 -3.65416 3.24747
0 7.04 -2.87152 0.408325 -2.87152
0 7.2 -3.84625 7.87873 -3.84625
0 7.36 -3.05135 13.0957 -3.05135
0 7.52 1.09684 19.1611 1.09684
0 7.68 1.35658 20.1734 1.35658
0 7.84 -28.9837 -9.86247 -28.9837
0.16 0 -12.3201 7.17546 -12.3201
0.16 0.16 -13.793 5.62614 -13.793
0.16 0.32 -10.0324 9.10138 -10.0324
0.16 0.48 -9.23014 9.29496 -9.23014
0.16 0.64 -8.81746 8.47507 -8.81746
0.16 0.8 -8.8534 5.86725 -8.8534
0.16 0.96 -9.08274 0.371423 -9.08274
0.16 1.12 -6.9588 -6.25703 -6.9588
0.16 1.28 -0.762287 -9.1923 -0.762287
0.16 1.44 5.16936 -9.08404 5.16936
0.16 1.6 8.26594 -8.872 8.26594
0.16 1.76 9.40903 -9.09081 9.40903
0.16 1.92 9.69194 -9.45904 9.69194
0.16 2.08 9.69733 -9.73995 9.69733
0.16 2.24 9.68373 -9.80544 9.68373
0.16 2.4 9.70435 -9.62493 9.70435
0.16 2.56 9.62368 -9.26532 9.62368
0.16 2.72 9.03984 -8.90649 9.03984
0.16 2.88 7.06571 -8.86518 7.06571
0.16 3.04 2.31555 -9.28488 2.31555
0.16 3.2 -4.79627 -8.36423 -4.79627
0.16 3.36 -9.21173 -2.99133 -9.21173
0.16 3.52 -9.47808 3.68405 -9.47808
0.16 3.68 -9.03985 7.64413 -9.03985
0.16 3.84 -9.06136 9.24221 -9.06136
0.16 4 -9.30193 9.73722 -9.30193
0.16 4.16 -9.48344 9.84653 -9.48344
0.16 4.32 -9.47212 9.85773 -9.47212
0.16 4.48 -9.26143 9.77932 -9.26143
0.16 4.64 -8.97652 9.33338 -8.97652
0.16 4.8 -8.90551 7.77764 -8.90551
0.16 4.96 -9.3557 3.71771 -9.3557
0.16 5.12 -9.1893 -3.33737 -9.1893
0.16 5.28 -4.76881 -8.93891 -4.76881
0.16 5.44 2.33167 -9.75465 2.33167
0.16 5.6 7.07359 -9.16061 7.07359
0.16 5.76 9.10639 -8.99598 9.10639
0.16 5.92 9.7915 -9.11149 9.7915
0.16 6.08 9.96153 -9.2022 9.96153
0.16 6.24 9.89588 -9.14594 9.89588
0.16 6.4 9.46792 -8.99514 9.46792
0.16 6.56 8.03786 -9.00384 8.03786
0.16 6.72 4.23306 -9.53245 4.23306
0.16 6.88 -2.79783 -9.71254 -2.79783
0.16 7.04 -8.93461 -5.68206 -8.93461
0.16 7.2 -9.94816 1.75391 -9.94816
0.16 7.36 -9.19238 6.94173 -9.19238
0.16 7.52 -4.94669 13.1107 -4.94669
0.16 7.68 -4.16325 14.6484 -4.16325
0.16 7.84 -37.3487 -18.2305 -37.3487
0.32 0 -6.71307 12.7916 -6.71307
0.32 0.16 -7.46267 11.9673 -7.46267
0.32 0.32 -3.87255 15.277 -3.87255
0.32 0.48 -3.12479 15.4269 -3.12479
0.32 0.64 -2.73527 14.6048 -2.73527
0.32 0.8 -2.79281 12.0138 -2.79281
0.32 0.96 -3.06888 6.52456 -3.06888
0.32 1.12 -1.02765 -0.172555 -1.02765
0.32 1.28 5.17566 -3.16606 5.17566
0.32 1.44 11.1896 -3.03498 11.1896
0.32 1.6 14.3406 -2.79219 14.3406
0.32 1.76 15.512 -2.98926 15.512
0.32 1.92 15.8135 -3.34079 15.8135
0.32 2.08 15.8301 -3.61198 15.8301
0.32 2.24 15.8214 -3.6754 15.8214
0.32 2.4 15.8401 -3.50243 15.8401
0.32 2.56 15.7565 -3.15665 15.7565
0.32 2.72 15.1795 -2.81222 15.1795
0.32 2.88 13.2307 -2.7875 13.2307
0.32 3.04 8.51959 -3.23981 8.51959
0.32 3.2 1.36125 -2.42308 1.36125
0.32 3.36 -3.16888 2.88915 -3.16888
0.32 3.52 -3.44463 9.64766 -3.44463
0.32 3.68 -2.97421 13.6877 -2.97421
0.32 3.84 -2.97069 15.328 -2.97069
0.32 4 -3.19564 15.8449 -3.19564
0.32 4.16 -3.36924 15.9658 -3.36924
0.32 4.32 -3.35836 15.9812 -3.35836
0.32 4.48 -3.15627 15.902 -3.15627
0.32 4.64 -2.88481 15.4576 -2.88481
0.32 4.8 -2.82686 13.9187 -2.82686
0.32 4.96 -3.30019 9.88974 -3.30019
0.32 5.12 -3.20836 2.8162 -3.20836
0.32 5.28 1.14239 -2.88403 1.14239
0.32 5.44 8.30526 -3.71915 8.30526
0.32 5.6 13.125 -3.0926 13.125
0.32 5.76 15.1963 -2.90495 15.1963
0.32 5.92 15.9002 -3.00729 15.9002
0.32 6.08 16.0794 -3.09336 16.0794
0.32 6.24 16.0194 -3.03907 16.0194
0.32 6.4 15.5977 -2.89735 15.5977
0.32 6.56 14.1897 -2.91567 14.1897
0.32 6.72 10.4289 -3.46183 10.4289
0.32 6.88 3.39807 -3.7185 3.39807
0.32 7.04 -2.8573 0.205768 -2.8573
0.32 7.2 -3.91743 7.69356 -3.91743
0.32 7.36 -3.13121 12.9743 -3.13121
0.32 7.52 1.07364 19.1252 1.07364
0.32 7.68 1.44062 20.2541 1.44062
0.32 7.84 -29.2012 -10.0811 -29.2012
0.48 0 -6.75977 12.7514 -6.75977
0.48 0.16 -7.50196 11.9355 -7.50196
0.48 0.32 -3.93462 15.2257 -3.93462
0.48 0.48 -3.18792 15.3817 -3.18792
0.48 0.64 -2.79466 14.5778 -2.79466
0.48 0.8 -2.84643 12.0205 -2.84643
0.48 0.96 -3.13506 6.56192 -3.13506
0.48 1.12 -1.14853 -0.168098 -1.14853
0.48 1.28 5.03617 -3.22192 5.03617
0.48 1.44 11.0901 -3.09883 11.0901
0.48 1.6 14.2726 -2.84774 14.2726
0.48 1.76 15.4567 -3.04077 15.4567
0.48 1.92 15.762 -3.39194 15.762
0.48 2.08 15.7786 -3.66521 15.7786
0.48 2.24 15.7696 -3.7317 15.7696
0.48 2.4 15.7897 -3.56174 15.7897
0.48 2.56 15.7131 -3.2171 15.7131
0.48 2.72 15.1554 -2.86956 15.1554
0.48 2.88 13.2485 -2.83623 13.2485
0.48 3.04 8.59625 -3.29092 8.59625
0.48 3.2 1.42978 -2.54283 1.42978
0.48 3.36 -3.20339 2.69804 -3.20339
0.48 3.52 -3.51863 9.49625 -3.51863
0.48 3.68 -3.03821 13.5937 -3.03821
0.48 3.84 -3.02662 15.2618 -3.02662
0.48 4 -3.24981 15.7887 -3.24981
0.48 4.16 -3.42472 15.9128 -3.42472
0.48 4.32 -3.41651 15.9296 -3.41651
0.48 4.48 -3.21671 15.8542 -3.21671
0.48 4.64 -2.94417 15.422 -2.94417
0.48 4.8 -2.87992 13.9122 -2.87992
0.48 4.96 -3.35015 9.93046 -3.35015
0.48 5.12 -3.2992 2.87025 -3.2992
0.48 5.28 0.982271 -2.90849 0.982271
0.48 5.44 8.16511 -3.78929 8.16511
0.48 5.6 13.0357 -3.1556 13.0357
0.48 5.76 15.1334 -2.95964 15.1334
0.48 5.92 15.8466 -3.0602 15.8466
0.48 6.08 16.0294 -3.14768 16.0294
0.48 6.24 15.9738 -3.0953 15.9738
0.48 6.4 15.5644 -2.95299 15.5644
0.48 6.56 14.1862 -2.96553 14.1862
0.48 6.72 10.4803 -3.50569 10.4803
0.48 6.88 3.47669 -3.80377 3.47669
0.48 7.04 -2.86593 0.0284406 -2.86593
0.48 7.2 -3.99236 7.52715 -3.99236
0.48 7.36 -3.19981 12.8709 -3.19981
0.48 7.52 1.01054 19.0505 1.01054
0.48 7.68 1.37339 20.1829 1.37339
0.48 7.84 -29.2205 -10.1019 -29.2205
0.64 0 -6.76665 12.7488 -6.76665
0.64 0.16 -7.50524 11.9373 -7.50524
0.64 0.32 -3.93878 15.229 -3.93878
0.64 0.48 -3.19192 15.3902 -3.19192
0.64 0.64 -2.79582 14.5994 -2.79582
0.64 0.8 -2.84292 12.0676 -2.84292
0.64 0.96 -3.13968 6.63559 -3.13968
0.64 1.12 -1.19674 -0.11562 -1.19674
0.64 1.28 4.96691 -3.21854 4.96691
0.64 1.44 11.0492 -3.10523 11.0492
0.64 1.6 14.2576 -2.84859 14.2576
0.64 1.76 15.453 -3.03875 15.453
0.64 1.92 15.762 -3.39012 15.762
0.64 2.08 15.7788 -3.66552 15.7788
0.64 2.24 15.7693 -3.73489 15.7693
0.64 2.4 15.7904 -3.56752 15.7904
0.64 2.56 15.7192 -3.22386 15.7192
0.64 2.72 15.1772 -2.87357 15.1772
0.64 2.88 13.3055 -2.8322 13.3055
0.64 3.04 8.70681 -3.28614 8.70681
0.64 3.2 1.54242 -2.59373 1.54242
0.64 3.36 -3.17743 2.58004 -3.17743
0.64 3.52 -3.53113 9.40803 -3.53113
0.64 3.68 -3.04295 13.5573 -3.04295
0.64 3.84 -3.02362 15.2526 -3.02362
0.64 4 -3.24467 15.7901 -3.24467
0.64 4.16 -3.42085 15.9175 -3.42085
0.64 4.32 -3.41541 15.9353 -3.41541
0.64 4.48 -3.21778 15.8627 -3.21778
0.64 4.64 -2.94494 15.4397 -2.94494
0.64 4.8 -2.87587 13.9532 -2.87587
0.64 4.96 -3.34219 10.0129 -3.34219
0.64 5.12 -3.32474 2.96968 -3.32474
0.64 5.28 0.891164 -2.87469 0.891164
0.64 5.44 8.084 -3.80052 8.084
0.64 5.6 12.9984 -3.1635 12.9984
0.64 5.76 15.1209 -2.9609 15.1209
0.64 5.92 15.8434 -3.06013 15.8434
0.64 6.08 16.0298 -3.14897 16.0298
0.64 6.24 15.9778 -3.09848 15.9778
0.64 6.4 15.5777 -2.95594 15.5777
0.64 6.56 14.2234 -2.96343 14.2234
0.64 6.72 10.5635 -3.49691 10.5635
0.64 6.88 3.58868 -3.82504 3.58868
0.64 7.04 -2.82073 -0.0707262 -2.82073
0.64 7.2 -4.00465 7.43201 -4.00465
0.64 7.36 -3.20816 12.8286 -3.20816
0.64 7.52 1.01204 19.0391 1.01204
0.64 7.68 1.37823 20.1821 1.37823
0.64 7.84 -29.2141 -10.0986 -29.2141
0.8 0 -6.77018 12.7477 -6.77018
0.8 0.16 -7.50877 11.9368 -7.50877
0.8 0.32 -3.94249 15.2302 -3.94249
0.8 0.48 -3.1949 15.3957 -3.1949
0.8 0.64 -2.79646 14.6144 -2.79646
0.8 0.8 -2.8396 12.102 -2.8396
0.8 0.96 -3.14116 6.69195 -3.14116
0.8 1.12 -1.23102 -0.0722029 -1.23102
0.8 1.28 4.91394 -3.21269 4.91394
0.8 1.44 11.017 -3.1081 11.017
0.8 1.6 14.2463 -2.84727 14.2463
0.8 1.76 15.4515 -3.03507 15.4515
0.8 1.92 15.7635 -3.38676 15.7635
0.8 2.08 15.7805 -3.66414 15.7805
0.8 2.24 15.7704 -3.73623 15.7704
0.8 2.4 15.7919 -3.57132 15.7919
0.8 2.56 15.7249 -3.22873 15.7249
0.8 2.72 15.1955 -2.87624 15.1955
0.8 2.88 13.3535 -2.8279 13.3535
0.8 3.04 8.80176 -3.27992 8.80176
0.8 3.2 1.64338 -2.63404 1.64338
0.8 3.36 -3.15057 2.478 -3.15057
0.8 3.52 -3.54036 9.32844 -3.54036
0.8 3.68 -3.04632 13.5231 -3.04632
0.8 3.84 -3.02001 15.2435 -3.02001
0.8 4 -3.23916 15.791 -3.23916
0.8 4.16 -3.4166 15.9215 -3.4166
0.8 4.32 -3.4137 15.9402 -3.4137
0.8 4.48 -3.21816 15.8697 -3.21816
0.8 4.64 -2.94528 15.454 -2.94528
0.8 4.8 -2.87208 13.987 -2.87208
0.8 4.96 -3.3341 10.0833 -3.3341
0.8 5.12 -3.34398 3.05847 -3.34398
0.8 5.28 0.812683 -2.84079 0.812683
0.8 5.44 8.01078 -3.80821 8.01078
0.8 5.6 12.964 -3.16918 12.964
0.8 5.76 15.1097 -2.96057 15.1097
0.8 5.92 15.8413 -3.05852 15.8413
0.8 6.08 16.0309 -3.14866 16.0309
0.8 6.24 15.9816 -3.1 15.9816
0.8 6.4 15.5885 -2.95762 15.5885
0.8 6.56 14.2528 -2.96127 14.2528
0.8 6.72 10.6301 -3.489 10.6301
0.8 6.88 3.68115 -3.83992 3.68115
0.8 7.04 -2.7803 -0.150232 -2.7803
0.8 7.2 -4.01282 7.35268 -4.01282
0.8 7.36 -3.21391 12.7925 -3.21391
0.8 7.52 1.01481 19.0295 1.01481
0.8 7.68 1.38422 20.1821 1.38422
0.8 7.84 -29.2073 -10.0955 -29.2073
0.96 0 -6.77486 12.7441 -6.77486
0.96 0.16 -7.51375 11.9336 -7.51375
0.96 0.32 -3.94828 15.2273 -3.94828
0.96 0.48 -3.2 15.3959 -3.2
0.96 0.64 -2.7992 14.622 -2.7992
0.96 0.8 -2.8383 12.1246 -2.8383
0.96 0.96 -3.14157 6.73271 -3.14157
0.96 1.12 -1.25453 -0.0384159 -1.25453
0.96 1.28 4.8752 -3.2065 4.8752
0.96 1.44 10.9923 -3.10949 10.9923
0.96 1.6 14.237 -2.84618 14.237
0.96 1.76 15.4495 -3.03256 15.4495
0.96 1.92 15.7638 -3.38491 15.7638
0.96 2.08 15.7807 -3.6643 15.7807
0.96 2.24 15.7697 -3.73903 15.7697
0.96 2.4 15.7914 -3.57638 15.7914
0.96 2.56 15.7277 -3.23469 15.7277
0.96 2.72 15.2089 -2.88011 15.2089
0.96 2.88 13.3921 -2.82532 13.3921
0.96 3.04 8.8815 -3.27437 8.8815
0.96 3.2 1.73114 -2.66662 1.73114
0.96 3.36 -3.12553 2.39055 -3.12553
0.96 3.52 -3.54854 9.25733 -3.54854
0.96 3.68 -3.05092 13.4901 -3.05092
0.96 3.84 -3.0193 15.232 -3.0193
0.96 4 -3.2373 15.788 -3.2373
0.96 4.16 -3.41613 15.921 -3.41613
0.96 4.32 -3.41548 15.9404 -3.41548
0.96 4.48 -3.2217 15.8717 -3.2217
0.96 4.64 -2.94849 15.4625 -2.94849
0.96 4.8 -2.87104 14.0129 -2.87104
0.96 4.96 -3.32794 10.1421 -3.32794
0.96 5.12 -3.35967 3.13633 -3.35967
0.96 5.28 0.744428 -2.80912 0.744428
0.96 5.44 7.94465 -3.81457 7.94465
0.96 5.6 12.9314 -3.17487 12.9314
0.96 5.76 15.0979 -2.96129 15.0979
0.96 5.92 15.8376 -3.05826 15.8376
0.96 6.08 16.03 -3.14975 16.03
0.96 6.24 15.9828 -3.10274 15.9828
0.96 6.4 15.5951 -2.96064 15.5951
0.96 6.56 14.2739 -2.96125 14.2739
0.96 6.72 10.6807 -3.48395 10.6807
0.96 6.88 3.75383 -3.85168 3.75383
0.96 7.04 -2.74739 -0.213412 -2.74739
0.96 7.2 -4.01971 7.28759 -4.01971
0.96 7.36 -3.22002 12.7609 -3.22002
0.96 7.52 1.01487 19.0187 1.01487
0.96 7.68 1.38654 20.1788 1.38654
0.96 7.84 -29.2029 -10.0947 -29.2029
1.12 0 -6.80168 12.7174 -6.80168
1.12 0.16 -7.51727 11.9308 -7.51727
1.12 0.32 -3.95134 15.2258 -3.95134
1.12 0.48 -3.20255 15.3964 -3.20255
1.12 0.64 -2.80019 14.6274 -2.80019
1.12 0.8 -2.8364 12.1402 -2.8364
1.12 0.96 -3.14039 6.76138 -3.14039
1.12 1.12 -1.26899 -0.0133793 -1.26899
1.12 1.28 4.84951 -3.20028 4.84951
1.12 1.44 10.9761 -3.10876 10.9761
1.12 1.6 14.2315 -2.84378 14.2315
1.12 1.76 15.4494 -3.02919 15.4494
1.12 1.92 15.7653 -3.38219 15.7653
1.12 2.08 15.7819 -3.66339 15.7819
1.12 2.24 15.7699 -3.74056 15.7699
1.12 2.4 15.7915 -3.57997 15.7915
1.12 2.56 15.7303 -3.2392 15.7303
1.12 2.72 15.2202 -2.88295 15.2202
1.12 2.88 13.4243 -2.82267 13.4243
1.12 3.04 8.94843 -3.26872 8.94843
1.12 3.2 1.8065 -2.69197 1.8065
1.12 3.36 -3.10188 2.31846 -3.10188
1.12 3.52 -3.55339 9.19804 -3.55339
1.12 3.68 -3.05283 13.4632 -3.05283
1.12 3.84 -3.01659 15.2237 -3.01659
1.12 4 -3.23358 15.787 -3.23358
1.12 4.16 -3.41357 15.9223 -3.41357
1.12 4.32 -3.41496 15.9423 -3.41496
1.12 4.48 -3.22291 15.8749 -3.22291
1.12 4.64 -2.94964 15.4711 -2.94964
1.12 4.8 -2.86872 14.0361 -2.86872
1.12 4.96 -3.32111 10.1938 -3.32111
1.12 5.12 -3.37143 3.20551 -3.37143
1.12 5.28 0.686064 -2.77953 0.686064
1.12 5.44 7.88677 -3.81895 7.88677
1.12 5.6 12.9028 -3.17899 12.9028
1.12 5.76 15.0878 -2.96094 15.0878
1.12 5.92 15.8349 -3.05694 15.8349
1.12 6.08 16.0298 -3.14961 16.0298
1.12 6.24 15.9841 -3.10415 15.9841
1.12 6.4 15.6004 -2.96257 15.6004
1.12 6.56 14.2899 -2.96113 14.2899
1.12 6.72 10.719 -3.47999 10.719
1.12 6.88 3.80964 -3.85995 3.80964
1.12 7.04 -2.72071 -0.260402 -2.72071
1.12 7.2 -4.02318 7.23902 -4.02318
1.12 7.36 -3.22261 12.7382 -3.22261
1.12 7.52 1.01778 19.0129 1.01778
1.12 7.68 1.3918 20.1795 1.3918
1.12 7.84 -29.1988 -10.0937 -29.1988
1.28 0 -6.85592 12.6628 -6.85592
1.28 0.16 -7.5201 11.9282 -7.5201
1.28 0.32 -3.95501 15.2228 -3.95501
1.28 0.48 -3.2061 15.3943 -3.2061
1.28 0.64 -2.80268 14.6283 -2.80268
1.28 0.8 -2.83695 12.1473 -2.83695
1.28 0.96 -3.14104 6.77683 -3.14104
1.28 1.12 -1.27876 0.000820298 -1.27876
1.28 1.28 4.83262 -3.19716 4.83262
1.28 1.44 10.9649 -3.10892 10.9649
1.28 1.6 14.2271 -2.8429 14.2271
1.28 1.76 15.4483 -3.02784 15.4483
1.28 1.92 15.765 -3.38158 15.765
1.28 2.08 15.781 -3.66446 15.781
1.28 2.24 15.768 -3.74377 15.768
1.28 2.4 15.7894 -3.58502 15.7894
1.28 2.56 15.7302 -3.24503 15.7302
1.28 2.72 15.2271 -2.88742 15.2271
1.28 2.88 13.4483 -2.82263 13.4483
1.28 3.04 9.00119 -3.26597 9.00119
1.28 3.2 1.86718 -2.71418 1.86718
1.28 3.36 -3.08318 2.25741 -3.08318
1.28 3.52 -3.5584 9.14716 -3.5584
1.28 3.68 -3.05539 13.4394 -3.05539
1.28 3.84 -3.01525 15.2155 -3.01525
1.28 4 -3.23156 15.7849 -3.23156
1.28 4.16 -3.41267 15.922 -3.41267
1.28 4.32 -3.41594 15.9423 -3.41594
1.28 4.48 -3.22547 15.876 -3.22547
1.28 4.64 -2.95218 15.4766 -2.95218
1.28 4.8 -2.86836 14.0541 -2.86836
1.28 4.96 -3.31685 10.2363 -3.31685
1.28 5.12 -3.383 3.26344 -3.383
1.28 5.28 0.633845 -2.75535 0.633845
1.28 5.44 7.83426 -3.82448 7.83426
1.28 5.6 12.8756 -3.18435 12.8756
1.28 5.76 15.077 -2.96231 15.077
1.28 5.92 15.8307 -3.05737 15.8307
1.28 6.08 16.0276 -3.15103 16.0276
1.28 6.24 15.983 -3.10702 15.983
1.28 6.4 15.6019 -2.96617 15.6019
1.28 6.56 14.299 -2.96347 14.299
1.28 6.72 10.7443 -3.4797 10.7443
1.28 6.88 3.84783 -3.86833 3.84783
1.28 7.04 -2.70306 -0.296431 -2.70306
1.28 7.2 -4.02692 7.20232 -4.02692
1.28 7.36 -3.22527 12.7209 -3.22527
1.28 7.52 1.01922 19.008 1.01922
1.28 7.68 1.39526 20.1796 1.39526
1.28 7.84 -29.1955 -10.0926 -29.1955
1.44 0 -6.90111 12.6172 -6.90111
1.44 0.16 -7.52269 11.9255 -7.52269
1.44 0.32 -3.95822 15.2195 -3.95822
1.44 0.48 -3.20931 15.3912 -3.20931
1.44 0.64 -2.80535 14.6264 -2.80535
1.44 0.8 -2.83836 12.1485 -2.83836
1.44 0.96 -3.14163 6.78263 -3.14163
1.44 1.12 -1.28235 0.00773596 -1.28235
1.44 1.28 4.82613 -3.19416 4.82613
1.44 1.44 10.9611 -3.10698 10.9611
1.44 1.6 14.2268 -2.84026 14.2268
1.44 1.76 15.4496 -3.02503 15.4496
1.44 1.92 15.7664 -3.3795 15.7664
1.44 2.08 15.7817 -3.66382 15.7817
1.44 2.24 15.7677 -3.74494 15.7677
1.44 2.4 15.7888 -3.58781 15.7888
1.44 2.56 15.7311 -3.24859 15.7311
1.44 2.72 15.2335 -2.89005 15.2335
1.44 2.88 13.4683 -2.82176 13.4683
1.44 3.04 9.04438 -3.26295 9.04438
1.44 3.2 1.91716 -2.73129 1.91716
1.44 3.36 -3.06721 2.20814 -3.06721
1.44 3.52 -3.56223 9.10537 -3.56223
1.44 3.68 -3.05748 13.4194 -3.05748
1.44 3.84 -3.01428 15.2082 -3.01428
1.44 4 -3.23017 15.7826 -3.23017
1.44 4.16 -3.41236 15.9211 -3.41236
1.44 4.32 -3.41733 15.9416 -3.41733
1.44 4.48 -3.22826 15.8761 -3.22826
1.44 4.64 -2.95497 15.4805 -2.95497
1.44 4.8 -2.86859 14.0686 -2.86859
1.44 4.96 -3.31343 10.2719 -3.31343
1.44 5.12 -3.39239 3.31285 -3.39239
1.44 5.28 0.590145 -2.73381 0.590145
1.44 5.44 7.79019 -3.82806 7.79019
1.44 5.6 12.8534 -3.18757 12.8534
1.44 5.76 15.069 -2.96191 15.069
1.44 5.92 15.8285 -3.05602 15.8285
1.44 6.08 16.0271 -3.15049 16.0271
1.44 6.24 15.9832 -3.10783 15.9832
1.44 6.4 15.6036 -2.96785 15.6036
1.44 6.56 14.3058 -2.96463 14.3058
1.44 6.72 10.7619 -3.47937 10.7619
1.44 6.88 3.87395 -3.87409 3.87395
1.44 7.04 -2.69104 -0.32107 -2.69104
1.44 7.2 -4.02942 7.1773 -4.02942
1.44 7.36 -3.22695 12.7091 -3.22695
1.44 7.52 1.0204 19.0046 1.0204
1.44 7.68 1.39776 20.1795 1.39776
1.44 7.84 -29.1931 -10.0918 -29.1931
1.6 0 -6.92305 12.5951 -6.92305
1.6 0.16 -7.52405 11.9241 -7.52405
1.6 0.32 -3.9594 15.2183 -3.9594
1.6 0.48 -3.21022 15.3902 -3.21022
1.6 0.64 -2.80595 14.6254 -2.80595
1.6 0.8 -2.8384 12.1478 -2.8384
1.6 0.96 -3.14048 6.78309 -3.14048
1.6 1.12 -1.27985 0.0102448 -1.27985
1.6 1.28 4.82851 -3.19079 4.82851
1.6 1.44 10.963 -3.10391 10.963
1.6 1.6 14.2284 -2.83767 14.2284
1.6 1.76 15.4508 -3.02315 15.4508
1.6 1.92 15.7669 -3.37872 15.7669
1.6 2.08 15.7812 -3.66451 15.7812
1.6 2.24 15.7663 -3.74722 15.7663
1.6 2.4 15.787 -3.59139 15.787
1.6 2.56 15.7306 -3.25262 15.7306
1.6 2.72 15.2376 -2.89299 15.2376
1.6 2.88 13.4837 -2.82136 13.4837
1.6 3.04 9.07877 -3.25997 9.07877
1.6 3.2 1.95794 -2.74317 1.95794
1.6 3.36 -3.05264 2.17127 -3.05264
1.6 3.52 -3.56326 9.07448 -3.56326
1.6 3.68 -3.05706 13.406 -3.05706
1.6 3.84 -3.01142 15.205 -3.01142
1.6 4 -3.22705 15.7833 -3.22705
1.6 4.16 -3.41025 15.9228 -3.41025
1.6 4.32 -3.41675 15.9433 -3.41675
1.6 4.48 -3.22891 15.8785 -3.22891
1.6 4.64 -2.95565 15.4861 -2.95565
1.6 4.8 -2.86716 14.083 -2.86716
1.6 4.96 -3.30896 10.3039 -3.30896
1.6 5.12 -3.39865 3.35652 -3.39865
1.6 5.28 0.554632 -2.71387 0.554632
1.6 5.44 7.75349 -3.83016 7.75349
1.6 5.6 12.8346 -3.19012 12.8346
1.6 5.76 15.0617 -2.96191 15.0617
1.6 5.92 15.8257 -3.05555 15.8257
1.6 6.08 16.0257 -3.15086 16.0257
1.6 6.24 15.9821 -3.10933 15.9821
1.6 6.4 15.6036 -2.97 15.6036
1.6 6.56 14.3092 -2.96627 14.3092
1.6 6.72 10.7723 -3.47963 10.7723
1.6 6.88 3.89004 -3.87733 3.89004
1.6 7.04 -2.68291 -0.33467 -2.68291
1.6 7.2 -4.02925 7.16459 -4.02925
1.6 7.36 -3.22571 12.705 -3.22571
1.6 7.52 1.02362 19.0059 1.02362
1.6 7.68 1.40182 20.1828 1.40182
1.6 7.84 -29.1896 -10.0887 -29.1896
1.76 0 -6.93081 12.5872 -6.93081
1.76 0.16 -7.52479 11.9234 -7.52479
1.76 0.32 -3.95983 15.2179 -3.95983
1.76 0.48 -3.21049 15.3894 -3.21049
1.76 0.64 -2.80631 14.6235 -2.80631
1.76 0.8 -2.83873 12.144 -2.83873
1.76 0.96 -3.13917 6.77779 -3.13917
1.76 1.12 -1.27351 0.00797182 -1.27351
1.76 1.28 4.83746 -3.18795 4.83746
1.76 1.44 10.9697 -3.10001 10.9697
1.76 1.6 14.2326 -2.83453 14.2326
1.76 1.76 15.4535 -3.02095 15.4535
1.76 1.92 15.7684 -3.37761 15.7684
1.76 2.08 15.7816 -3.66468 15.7816
1.76 2.24 15.7658 -3.74875 15.7658
1.76 2.4 15.7861 -3.59401 15.7861
1.76 2.56 15.7307 -3.25564 15.7307
1.76 2.72 15.2412 -2.89517 15.2412
1.76 2.88 13.4957 -2.82092 13.4957
1.76 3.04 9.10547 -3.25738 9.10547
1.76 3.2 1.98988 -2.75155 1.98988
1.76 3.36 -3.04051 2.14387 -3.04051
1.76 3.52 -3.56315 9.05159 -3.56315
1.76 3.68 -3.05582 13.3966 -3.05582
1.76 3.84 -3.00825 15.2038 -3.00825
1.76 4 -3.22366 15.7852 -3.22366
1.76 4.16 -3.40776 15.9255 -3.40776
1.76 4.32 -3.41561 15.946 -3.41561
1.76 4.48 -3.22891 15.8815 -3.22891
1.76 4.64 -2.95584 15.4915 -2.95584
1.76 4.8 -2.86569 14.0955 -2.86569
1.76 4.96 -3.30496 10.331 -3.30496
1.76 5.12 -3.40333 3.39352 -3.40333
1.76 5.28 0.525662 -2.6965 0.525662
1.76 5.44 7.7235 -3.83126 7.7235
1.76 5.6 12.8196 -3.19158 12.8196
1.76 5.76 15.0565 -2.96121 15.0565
1.76 5.92 15.8243 -3.0545 15.8243
1.76 6.08 16.0252 -3.15056 16.0252
1.76 6.24 15.9817 -3.11002 15.9817
1.76 6.4 15.6037 -2.97133 15.6037
1.76 6.56 14.3108 -2.96752 14.3108
1.76 6.72 10.7773 -3.48021 10.7773
1.76 6.88 3.89767 -3.87902 3.89767
1.76 7.04 -2.67873 -0.340252 -2.67873
1.76 7.2 -4.02804 7.16057 -4.02804
1.76 7.36 -3.22344 12.7056 -3.22344
1.76 7.52 1.02716 19.0093 1.02716
1.76 7.68 1.40584 20.1872 1.40584
1.76 7.84 -29.1861 -10.0848 -29.1861
1.92 0 -6.93249 12.5854 -6.93249
1.92 0.16 -7.52536 11.9227 -7.52536
1.92 0.32 -3.96061 15.2167 -3.96061
1.92 0.48 -3.21136 15.3874 -3.21136
1.92 0.64 -2.80739 14.6198 -2.80739
1.92 0.8 -2.83997 12.1369 -2.83997
1.92 0.96 -3.13832 6.76732 -3.13832
1.92 1.12 -1.26472 0.00144999 -1.26472
1.92 1.28 4.85098 -3.18585 4.85098
1.92 1.44 10.9793 -3.09574 10.9793
1.92 1.6 14.2379 -2.83132 14.2379
1.92 1.76 15.4562 -3.01899 15.4562
1.92 1.92 15.7696 -3.3768 15.7696
1.92 2.08 15.7816 -3.66505 15.7816
1.92 2.24 15.7648 -3.75026 15.7648
1.92 2.4 15.7848 -3.5964 15.7848
1.92 2.56 15.73 -3.25827 15.73
1.92 2.72 15.2433 -2.89701 15.2433
1.92 2.88 13.5044 -2.82063 13.5044
1.92 3.04 9.12517 -3.25532 9.12517
1.92 3.2 2.0137 -2.75753 2.0137
1.92 3.36 -3.03127 2.12361 -3.03127
1.92 3.52 -3.563 9.0344 -3.563
1.92 3.68 -3.05496 13.3895 -3.05496
1.92 3.84 -3.00602 15.2026 -3.00602
1.92 4 -3.22137 15.7865 -3.22137
1.92 4.16 -3.40631 15.9272 -3.40631
1.92 4.32 -3.41535 15.9476 -3.41535
1.92 4.48 -3.22964 15.8834 -3.22964
1.92 4.64 -2.95674 15.4952 -2.95674
1.92 4.8 -2.86519 14.1052 -2.86519
1.92 4.96 -3.30219 10.3527 -3.30219
1.92 5.12 -3.40738 3.42364 -3.40738
1.92 5.28 0.501875 -2.68209 0.501875
1.92 5.44 7.69887 -3.83186 7.69887
1.92 5.6 12.8073 -3.19241 12.8073
1.92 5.76 15.0522 -2.96034 15.0522
1.92 5.92 15.8229 -3.05348 15.8229
1.92 6.08 16.0244 -3.15025 16.0244
1.92 6.24 15.9809 -3.11056 15.9809
1.92 6.4 15.6029 -2.97241 15.6029
1.92 6.56 14.3104 -2.96873 14.3104
1.92 6.72 10.7775 -3.48129 10.7775
1.92 6.88 3.8981 -3.87995 3.8981
1.92 7.04 -2.67839 -0.340405 -2.67839
1.92 7.2 -4.02694 7.16217 -4.02694
1.92 7.36 -3.22149 12.7085 -3.22149
1.92 7.52 1.02953 19.0127 1.02953
1.92 7.68 1.40833 20.1907 1.40833
1.92 7.84 -29.1834 -10.0812 -29.1834
2.08 0 -6.93253 12.5851 -6.93253
2.08 0.16 -7.52604 11.9216 -7.52604
2.08 0.32 -3.96166 15.2148 -3.96166
2.08 0.48 -3.21288 15.3842 -3.21288
2.08 0.64 -2.8096 14.614 -2.8096
2.08 0.8 -2.84294 12.1263 -2.84294
2.08 0.96 -3.13933 6.75154 -3.13933
2.08 1.12 -1.25582 -0.00997177 -1.25582
2.08 1.28 4.86663 -3.18585 4.86663
2.08 1.44 10.9909 -3.09205 10.9909
2.08 1.6 14.2445 -2.8281 14.2445
2.08 1.76 15.4602 -3.01651 15.4602
2.08 1.92 15.7722 -3.37498 15.7722
2.08 2.08 15.7833 -3.66397 15.7833
2.08 2.24 15.7658 -3.75005 15.7658
2.08 2.4 15.7853 -3.59702 15.7853
2.08 2.56 15.7306 -3.25941 15.7306
2.08 2.72 15.2454 -2.89807 15.2454
2.08 2.88 13.5105 -2.82075 13.5105
2.08 3.04 9.13844 -3.25483 9.13844
2.08 3.2 2.02941 -2.76319 2.02941
2.08 3.36 -3.02598 2.10767 -3.02598
2.08 3.52 -3.56399 9.02077 -3.56399
2.08 3.68 -3.05517 13.3833 -3.05517
2.08 3.84 -3.00503 15.201 -3.00503
2.08 4 -3.22023 15.7867 -3.22023
2.08 4.16 -3.40581 15.9278 -3.40581
2.08 4.32 -3.41588 15.948 -3.41588
2.08 4.48 -3.23114 15.8838 -3.23114
2.08 4.64 -2.95862 15.497 -2.95862
2.08 4.8 -2.86616 14.1114 -2.86616
2.08 4.96 -3.30152 10.3686 -3.30152
2.08 5.12 -3.41221 3.44635 -3.41221
2.08 5.28 0.48147 -2.67172 0.48147
2.08 5.44 7.67859 -3.83288 7.67859
2.08 5.6 12.7979 -3.19279 12.7979
2.08 5.76 15.0498 -2.9587 15.0498
2.08 5.92 15.8233 -3.05133 15.8233
2.08 6.08 16.0255 -3.14854 16.0255
2.08 6.24 15.9817 -3.10963 15.9817
2.08 6.4 15.6029 -2.97233 15.6029
2.08 6.56 14.3093 -2.96957 14.3093
2.08 6.72 10.7741 -3.48317 10.7741
2.08 6.88 3.89234 -3.88144 3.89234
2.08 7.04 -2.68213 -0.33786 -2.68213
2.08 7.2 -4.02696 7.16682 -4.02696
2.08 7.36 -3.22052 12.712 -3.22052
2.08 7.52 1.03055 19.0152 1.03055
2.08 7.68 1.40945 20.1929 1.40945
2.08 7.84 -29.1819 -10.0787 -29.1819
2.24 0 -6.93276 12.5844 -6.93276
2.24 0.16 -7.52654 11.9206 -7.52654
2.24 0.32 -3.96197 15.2136 -3.96197
2.24 0.48 -3.21337 15.3818 -3.21337
2.24 0.64 -2.81082 14.6087 -2.81082
2.24 0.8 -2.84515 12.1154 -2.84515
2.24 0.96 -3.13944 6.73447 -3.13944
2.24 1.12 -1.24461 -0.022217 -1.24461
2.24 1.28 4.8854 -3.18519 4.8854
2.24 1.44 11.0044 -3.0876 11.0044
2.24 1.6 14.2518 -2.82461 14.2518
2.24 1.76 15.4643 -3.014 15.4643
2.24 1.92 15.7748 -3.37313 15.7748
2.24 2.08 15.785 -3.66275 15.785
2.24 2.24 15.7668 -3.74953 15.7668
2.24 2.4 15.7858 -3.59716 15.7858
2.24 2.56 15.7311 -3.25998 15.7311
2.24 2.72 15.2468 -2.89856 15.2468
2.24 2.88 13.5149 -2.82042 13.5149
2.24 3.04 9.14794 -3.25373 9.14794
2.24 3.2 2.04093 -2.76598 2.04093
2.24 3.36 -3.02143 2.09777 -3.02143
2.24 3.52 -3.5638 9.01222 -3.5638
2.24 3.68 -3.05448 13.3797 -3.05448
2.24 3.84 -3.00361 15.2006 -3.00361
2.24 4 -3.21886 15.7874 -3.21886
2.24 4.16 -3.4051 15.9287 -3.4051
2.24 4.32 -3.41608 15.9486 -3.41608
2.24 4.48 -3.23212 15.8844 -3.23212
2.24 4.64 -2.95984 15.4987 -2.95984
2.24 4.8 -2.86658 14.1169 -2.86658
2.24 4.96 -3.30052 10.3817 -3.30052
2.24 5.12 -3.41534 3.46522 -3.41534
2.24 5.28 0.466076 -2.66239 0.466076
2.24 5.44 7.66309 -3.83271 7.66309
2.24 5.6 12.7908 -3.19231 12.7908
2.24 5.76 15.0484 -2.95671 15.0484
2.24 5.92 15.824 -3.04895 15.824
2.24 6.08 16.0266 -3.14652 16.0266
2.24 6.24 15.9824 -3.10831 15.9824
2.24 6.4 15.6028 -2.97181 15.6028
2.24 6.56 14.3074 -2.96996 14.3074
2.24 6.72 10.7688 -3.48451 10.7688
2.24 6.88 3.88385 -3.88131 3.88385
2.24 7.04 -2.6867 -0.331213 -2.6867
2.24 7.2 -4.02599 7.17548 -4.02599
2.24 7.36 -3.21863 12.7179 -3.21863
2.24 7.52 1.03229 19.019 1.03229
2.24 7.68 1.4109 20.1957 1.4109
2.24 7.84 -29.1807 -10.0765 -29.1807
2.4 0 -6.93297 12.5838 -6.93297
2.4 0.16 -7.5268 11.9198 -7.5268
2.4 0.32 -3.96216 15.2125 -3.96216
2.4 0.48 -3.21346 15.3798 -3.21346
2.4 0.64 -2.81125 14.6042 -2.81125
2.4 0.8 -2.84631 12.1053 -2.84631
2.4 0.96 -3.13846 6.71788 -3.13846
2.4 1.12 -1.23225 -0.0344244 -1.23225
2.4 1.28 4.90489 -3.18478 4.90489
2.4 1.44 11.0176 -3.08405 11.0176
2.4 1.6 14.258 -2.82255 14.258
2.4 1.76 15.4669 -3.01318 15.4669
2.4 1.92 15.7757 -3.37305 15.7757
2.4 2.08 15.7849 -3.66326 15.7849
2.4 2.24 15.7661 -3.75062 15.7661
2.4 2.4 15.7846 -3.59876 15.7846
2.4 2.56 15.7299 -3.26187 15.7299
2.4 2.72 15.2463 -2.90031 15.2463
2.4 2.88 13.5163 -2.82138 13.5163
2.4 3.04 9.15306 -3.25355 9.15306
2.4 3.2 2.0482 -2.76721 2.0482
2.4 3.36 -3.01763 2.09287 -3.01763
2.4 3.52 -3.56247 9.00826 -3.56247
2.4 3.68 -3.05304 13.3787 -3.05304
2.4 3.84 -3.00205 15.2011 -3.00205
2.4 4 -3.21773 15.7883 -3.21773
2.4 4.16 -3.40472 15.9293 -3.40472
2.4 4.32 -3.41649 15.949 -3.41649
2.4 4.48 -3.23304 15.8849 -3.23304
2.4 4.64 -2.96069 15.5004 -2.96069
2.4 4.8 -2.86644 14.1219 -2.86644
2.4 4.96 -3.29896 10.3933 -3.29896
2.4 5.12 -3.41715 3.48133 -3.41715
2.4 5.28 0.453951 -2.65445 0.453951
2.4 5.44 7.6502 -3.83284 7.6502
2.4 5.6 12.7843 -3.1927 12.7843
2.4 5.76 15.0461 -2.95609 15.0461
2.4 5.92 15.8235 -3.04807 15.8235
2.4 6.08 16.0264 -3.14597 16.0264
2.4 6.24 15.9818 -3.10837 15.9818
2.4 6.4 15.601 -2.9726 15.601
2.4 6.56 14.3035 -2.97161 14.3035
2.4 6.72 10.7608 -3.48692 10.7608
2.4 6.88 3.87246 -3.88102 3.87246
2.4 7.04 -2.69219 -0.3219 -2.69219
2.4 7.2 -4.02429 7.18719 -4.02429
2.4 7.36 -3.21619 12.7253 -3.21619
2.4 7.52 1.03391 19.0233 1.03391
2.4 7.68 1.41181 20.1983 1.41181
2.4 7.84 -29.1798 -10.0743 -29.1798
2.56 0 -6.93144 12.5849 -6.93144
2.56 0.16 -7.52654 11.9196 -7.52654
2.56 0.32 -3.96198 15.2118 -3.96198
2.56 0.48 -3.21327 15.3782 -3.21327
2.56 0.64 -2.81144 14.6 -2.81144
2.56 0.8 -2.84733 12.0955 -2.84733
2.56 0.96 -3.13753 6.70136 -3.13753
2.56 1.12 -1.22015 -0.0468405 -1.22015
2.56 1.28 4.92419 -3.18468 4.92419
2.56 1.44 11.0308 -3.08064 11.0308
2.56 1.6 14.2644 -2.82043 14.2644
2.56 1.76 15.4698 -3.01211 15.4698
2.56 1.92 15.7771 -3.37252 15.7771
2.56 2.08 15.7854 -3.66315 15.7854
2.56 2.24 15.766 -3.75095 15.766
2.56 2.4 15.7841 -3.59951 15.7841
2.56 2.56 15.7292 -3.26292 15.7292
2.56 2.72 15.2458 -2.9014 15.2458
2.56 2.88 13.5169 -2.82203 13.5169
2.56 3.04 9.15569 -3.25343 9.15569
2.56 3.2 2.05229 -2.76739 2.05229
2.56 3.36 -3.01486 2.0912 -3.01486
2.56 3.52 -3.56072 9.00723 -3.56072
2.56 3.68 -3.05115 13.3792 -3.05115
2.56 3.84 -3.00018 15.2025 -3.00018
2.56 4 -3.21625 15.7897 -3.21625
2.56 4.16 -3.40388 15.9305 -3.40388
2.56 4.32 -3.41632 15.9499 -3.41632
2.56 4.48 -3.23336 15.8858 -3.23336
2.56 4.64 -2.96101 15.5022 -2.96101
2.56 4.8 -2.86601 14.1264 -2.86601
2.56 4.96 -3.29743 10.403 -3.29743
2.56 5.12 -3.4184 3.49462 -3.4184
2.56 5.28 0.444311 -2.64785 0.444311
2.56 5.44 7.64002 -3.83271 7.64002
2.56 5.6 12.7794 -3.19263 12.7794
2.56 5.76 15.0448 -2.95507 15.0448
2.56 5.92 15.8236 -3.04671 15.8236
2.56 6.08 16.0268 -3.1448 16.0268
2.56 6.24 15.9817 -3.10772 15.9817
2.56 6.4 15.5998 -2.97269 15.5998
2.56 6.56 14.2998 -2.97268 14.2998
2.56 6.72 10.7523 -3.48896 10.7523
2.56 6.88 3.85988 -3.88019 3.85988
2.56 7.04 -2.69818 -0.311084 -2.69818
2.56 7.2 -4.02225 7.20045 -4.02225
2.56 7.36 -3.21346 12.7337 -3.21346
2.56 7.52 1.03561 19.0278 1.03561
2.56 7.68 1.41305 20.2013 1.41305
2.56 7.84 -29.1785 -10.0717 -29.1785
2.72 0 -6.92524 12.5908 -6.92524
2.72 0.16 -7.52674 11.9189 -7.52674
2.72 0.32 -3.96299 15.2099 -3.96299
2.72 0.48 -3.21449 15.3752 -3.21449
2.72 0.64 -2.81303 14.5946 -2.81303
2.72 0.8 -2.84975 12.0847 -2.84975
2.72 0.96 -3.13813 6.68406 -3.13813
2.72 1.12 -1.21009 -0.060224 -1.21009
2.72 1.28 4.94121 -3.186 4.94121
2.72 1.44 11.0422 -3.07856 11.0422
2.72 1.6 14.2696 -2.81936 14.2696
2.72 1.76 15.4718 -3.01189 15.4718
2.72 1.92 15.7776 -3.37275 15.7776
2.72 2.08 15.7852 -3.66374 15.7852
2.72 2.24 15.7653 -3.75189 15.7653
2.72 2.4 15.783 -3.60079 15.783
2.72 2.56 15.7279 -3.26445 15.7279
2.72 2.72 15.2445 -2.90305 15.2445
2.72 2.88 13.5158 -2.82358 13.5158
2.72 3.04 9.15529 -3.25456 9.15529
2.72 3.2 2.05277 -2.76823 2.05277
2.72 3.36 -3.01433 2.09013 -3.01433
2.72 3.52 -3.56034 9.00644 -3.56034
2.72 3.68 -3.05068 13.3791 -3.05068
2.72 3.84 -2.9998 15.2026 -2.9998
2.72 4 -3.21624 15.7898 -3.21624
2.72 4.16 -3.40443 15.9303 -3.40443
2.72 4.32 -3.41745 15.9493 -3.41745
2.72 4.48 -3.2349 15.8853 -3.2349
2.72 4.64 -2.96258 15.5024 -2.96258
2.72 4.8 -2.86698 14.1288 -2.86698
2.72 4.96 -3.29755 10.4096 -3.29755
2.72 5.12 -3.42079 3.50411 -3.42079
2.72 5.28 0.435089 -2.64374 0.435089
2.72 5.44 7.63051 -3.83371 7.63051
2.72 5.6 12.7745 -3.19342 12.7745
2.72 5.76 15.0431 -2.95485 15.0431
2.72 5.92 15.8232 -3.04609 15.8232
2.72 6.08 16.0266 -3.14428 16.0266
2.72 6.24 15.9811 -3.10765 15.9811
2.72 6.4 15.5979 -2.97333 15.5979
2.72 6.56 14.2952 -2.97445 14.2952
2.72 6.72 10.7424 -3.49197 10.7424
2.72 6.88 3.84551 -3.88047 3.84551
2.72 7.04 -2.70584 -0.301254 -2.70584
2.72 7.2 -4.02171 7.21252 -4.02171
2.72 7.36 -3.21231 12.7404 -3.21231
2.72 7.52 1.03548 19.0305 1.03548
2.72 7.68 1.41244 20.2024 1.41244
2.72 7.84 -29.1779 -10.0698 -29.1779
2.88 0 -6.90751 12.6083 -6.90751
2.88 0.16 -7.52765 11.9174 -7.52765
2.88 0.32 -3.96387 15.2079 -3.96387
2.88 0.48 -3.21574 15.3719 -3.21574
2.88 0.64 -2.81493 14.5887 -2.81493
2.88 0.8 -2.85257 12.0737 -2.85257
2.88 0.96 -3.13919 6.66718 -3.13919
2.88 1.12 -1.20099 -0.0731237 -1.20099
2.88 1.28 4.9572 -3.18725 4.9572
2.88 1.44 11.0534 -3.07635 11.0534
2.88 1.6 14.275 -2.81793 14.275
2.88 1.76 15.4743 -3.01119 15.4743
2.88 1.92 15.7787 -3.37242 15.7787
2.88 2.08 15.7856 -3.66369 15.7856
2.88 2.24 15.7652 -3.75212 15.7652
2.88 2.4 15.7826 -3.60129 15.7826
2.88 2.56 15.7273 -3.26516 15.7273
2.88 2.72 15.2437 -2.90389 15.2437
2.88 2.88 13.515 -2.82443 13.515
2.88 3.04 9.15457 -3.25531 9.15457
2.88 3.2 2.05232 -2.76875 2.05232
2.88 3.36 -3.01442 2.08964 -3.01442
2.88 3.52 -3.56034 9.00575 -3.56034
2.88 3.68 -3.05069 13.3783 -3.05069
2.88 3.84 -2.99992 15.2019 -2.99992
2.88 4 -3.2166 15.789 -3.2166
2.88 4.16 -3.40522 15.9292 -3.40522
2.88 4.32 -3.41873 15.948 -3.41873
2.88 4.48 -3.23656 15.8839 -3.23656
2.88 4.64 -2.96436 15.5015 -2.96436
2.88 4.8 -2.86835 14.1296 -2.86835
2.88 4.96 -3.29817 10.414 -3.29817
2.88 5.12 -3.42309 3.51127 -3.42309
2.88 5.28 0.427498 -2.64056 0.427498
2.88 5.44 7.623 -3.83434 7.623
2.88 5.6 12.7709 -3.19365 12.7709
2.88 5.76 15.0421 -2.95416 15.0421
2.88 5.92 15.8233 -3.04506 15.8233
2.88 6.08 16.027 -3.14333 16.027
2.88 6.24 15.981 -3.10704 15.981
2.88 6.4 15.5967 -2.97333 15.5967
2.88 6.56 14.2914 -2.97548 14.2914
2.88 6.72 10.7334 -3.4943 10.7334
2.88 6.88 3.83195 -3.88047 3.83195
2.88 7.04 -2.71322 -0.291953 -2.71322
2.88 7.2 -4.02148 7.22349 -4.02148
2.88 7.36 -3.21169 12.746 -3.21169
2.88 7.52 1.03504 19.0321 1.03504
2.88 7.68 1.4116 20.2025 1.4116
2.88 7.84 -29.1784 -10.0696 -29.1784
3.04 0 -6.86707 12.6486 -6.86707
3.04 0.16 -7.52845 11.9162 -7.52845
3.04 0.32 -3.96301 15.2079 -3.96301
3.04 0.48 -3.21469 15.3713 -3.21469
3.04 0.64 -2.81437 14.5859 -2.81437
3.04 0.8 -2.85296 12.0663 -2.85296
3.04 0.96 -3.13839 6.65435 -3.13839
3.04 1.12 -1.19199 -0.083185 -1.19199
3.04 1.28 4.97153 -3.18781 4.97153
3.04 1.44 11.0629 -3.07439 11.0629
3.04 1.6 14.2793 -2.81697 14.2793
3.04 1.76 15.4758 -3.01105 15.4758
3.04 1.92 15.7791 -3.37269 15.7791
3.04 2.08 15.7853 -3.66423 15.7853
3.04 2.24 15.7645 -3.7529 15.7645
3.04 2.4 15.7816 -3.60225 15.7816
3.04 2.56 15.7262 -3.26624 15.7262
3.04 2.72 15.2425 -2.90496 15.2425
3.04 2.88 13.5138 -2.82534 13.5138
3.04 3.04 9.15348 -3.2558 9.15348
3.04 3.2 2.05194 -2.76828 2.05194
3.04 3.36 -3.01344 2.09115 -3.01344
3.04 3.52 -3.55858 9.00751 -3.55858
3.04 3.68 -3.04874 13.38 -3.04874
3.04 3.84 -2.99805 15.2034 -2.99805
3.04 4 -3.2149 15.7904 -3.2149
3.04 4.16 -3.40389 15.9303 -3.40389
3.04 4.32 -3.4178 15.9489 -3.4178
3.04 4.48 -3.23593 15.8848 -3.23593
3.04 4.64 -2.96382 15.5029 -2.96382
3.04 4.8 -2.86743 14.1326 -2.86743
3.04 4.96 -3.2968 10.42 -3.2968
3.04 5.12 -3.42364 3.51916 -3.42364
3.04 5.28 0.421599 -2.63686 0.421599
3.04 5.44 7.61648 -3.83464 7.61648
3.04 5.6 12.7674 -3.19403 12.7674
3.04 5.76 15.0408 -2.95396 15.0408
3.04 5.92 15.8228 -3.04467 15.8228
3.04 6.08 16.0266 -3.14301 16.0266
3.04 6.24 15.9803 -3.10696 15.9803
3.04 6.4 15.5951 -2.97369 15.5951
3.04 6.56 14.2874 -2.97664 14.2874
3.04 6.72 10.7249 -3.49635 10.7249
3.04 6.88 3.81971 -3.87983 3.81971
3.04 7.04 -2.71898 -0.281963 -2.71898
3.04 7.2 -4.01953 7.23561 -4.01953
3.04 7.36 -3.20902 12.7534 -3.20902
3.04 7.52 1.03718 19.0363 1.03718
3.04 7.68 1.41345 20.2055 1.41345
3.04 7.84 -29.1779 -10.0686 -29.1779
3.2 0 -6.8125 12.7036 -6.8125
3.2 0.16 -7.52942 11.9151 -7.52942
3.2 0.32 -3.96275 15.2076 -3.96275
3.2 0.48 -3.21421 15.3705 -3.21421
3.2 0.64 -2.8142 14.5833 -2.8142
3.2 0.8 -2.85357 12.0598 -2.85357
3.2 0.96 -3.13803 6.64324 -3.13803
3.2 1.12 -1.18482 -0.091977 -1.18482
3.2 1.28 4.98311 -3.18861 4.98311
3.2 1.44 11.0704 -3.07311 11.0704
3.2 1.6 14.2824 -2.81652 14.2824
3.2 1.76 15.4766 -3.0113 15.4766
3.2 1.92 15.7789 -3.37327 15.7789
3.2 2.08 15.7846 -3.66504 15.7846
3.2 2.24 15.7634 -3.75391 15.7634
3.2 2.4 15.7804 -3.60344 15.7804
3.2 2.56 15.7247 -3.26755 15.7247
3.2 2.72 15.2409 -2.90628 15.2409
3.2 2.88 13.5123 -2.82651 13.5123
3.2 3.04 9.15227 -3.25657 9.15227
3.2 3.2 2.05143 -2.76833 2.05143
3.2 3.36 -3.01292 2.09181 -3.01292
3.2 3.52 -3.55748 9.00836 -3.55748
3.2 3.68 -3.04744 13.3809 -3.04744
3.2 3.84 -2.99683 15.2042 -2.99683
3.2 4 -3.21375 15.7912 -3.21375
3.2 4.16 -3.40307 15.9309 -3.40307
3.2 4.32 -3.4173 15.9493 -3.4173
3.2 4.48 -3.23566 15.8853 -3.23566
3.2 4.64 -2.96364 15.5037 -2.96364
3.2 4.8 -2.86692 14.1348 -2.86692
3.2 4.96 -3.29592 10.4248 -3.29592
3.2 5.12 -3.4245 3.52582 -3.4245
3.2 5.28 0.415882 -2.63392 0.415882
3.2 5.44 7.61009 -3.83534 7.61009
3.2 5.6 12.7637 -3.19481 12.7637
3.2 5.76 15.039 -2.95421 15.039
3.2 5.92 15.8219 -3.04473 15.8219
3.2 6.08 16.0258 -3.14311 16.0258
3.2 6.24 15.9792 -3.10726 15.9792
3.2 6.4 15.5931 -2.97437 15.5931
3.2 6.56 14.2835 -2.97801 14.2835
3.2 6.72 10.7169 -3.49852 10.7169
3.2 6.88 3.80862 -3.87961 3.80862
3.2 7.04 -2.72435 -0.273643 -2.72435
3.2 7.2 -4.01815 7.24577 -4.01815
3.2 7.36 -3.20709 12.7593 -3.20709
3.2 7.52 1.03837 19.0392 1.03837
3.2 7.68 1.41419 20.2071 1.41419
3.2 7.84 -29.1773 -10.0675 -29.1773
3.36 0 -6.78536 12.7313 -6.78536
3.36 0.16 -7.5302 11.9141 -7.5302
3.36 0.32 -3.96312 15.2066 -3.96312
3.36 0.48 -3.2146 15.3689 -3.2146
3.36 0.64 -2.81491 14.5803 -2.81491
3.36 0.8 -2.85472 12.0539 -2.85472
3.36 0.96 -3.13801 6.63421 -3.13801
3.36 1.12 -1.17896 -0.0985912 -1.17896
3.36 1.28 4.99272 -3.18861 4.99272
3.36 1.44 11.0769 -3.07136 11.0769
3.36 1.6 14.2855 -2.81538 14.2855
3.36 1.76 15.4778 -3.01076 15.4778
3.36 1.92 15.7792 -3.37302 15.7792
3.36 2.08 15.7845 -3.66497 15.7845
3.36 2.24 15.7631 -3.75396 15.7631
3.36 2.4 15.7798 -3.60369 15.7798
3.36 2.56 15.7241 -3.26788 15.7241
3.36 2.72 15.2404 -2.90661 15.2404
3.36 2.88 13.5121 -2.82668 13.5121
3.36 3.04 9.1527 -3.25644 9.1527
3.36 3.2 2.05236 -2.7682 2.05236
3.36 3.36 -3.01221 2.09141 -3.01221
3.36 3.52 -3.55714 9.00769 -3.55714
3.36 3.68 -3.04722 13.3803 -3.04722
3.36 3.84 -2.99675 15.2036 -2.99675
3.36 4 -3.21379 15.7906 -3.21379
3.36 4.16 -3.40339 15.9302 -3.40339
3.36 4.32 -3.41789 15.9484 -3.41789
3.36 4.48 -3.23644 15.8844 -3.23644
3.36 4.64 -2.96443 15.5034 -2.96443
3.36 4.8 -2.86729 14.1358 -2.86729
3.36 4.96 -3.29563 10.4287 -3.29563
3.36 5.12 -3.42539 3.53186 -3.42539
3.36 5.28 0.410881 -2.63085 0.410881
3.36 5.44 7.60467 -3.83541 7.60467
3.36 5.6 12.7608 -3.19487 12.7608
3.36 5.76 15.0379 -2.95378 15.0379
3.36 5.92 15.8215 -3.04409 15.8215
3.36 6.08 16.0256 -3.14248 16.0256
3.36 6.24 15.9788 -3.10681 15.9788
3.36 6.4 15.592 -2.97425 15.592
3.36 6.56 14.2808 -2.97845 14.2808
3.36 6.72 10.7111 -3.49966 10.7111
3.36 6.88 3.80014 -3.879 3.80014
3.36 7.04 -2.72862 -0.266986 -2.72862
3.36 7.2 -4.0175 7.2533 -4.0175
3.36 7.36 -3.20639 12.763 -3.20639
3.36 7.52 1.03832 19.0403 1.03832
3.36 7.68 1.41366 20.207 1.41366
3.36 7.84 -29.1777 -10.0677 -29.1777
3.52 0 -6.78595 12.7311 -6.78595
3.52 0.16 -7.53009 11.9142 -7.53009
3.52 0.32 -3.96263 15.2067 -3.96263
3.52 0.48 -3.21408 15.3687 -3.21408
3.52 0.64 -2.81479 14.5789 -2.81479
3.52 0.8 -2.85517 12.0504 -2.85517
3.52 0.96 -3.13809 6.62816 -3.13809
3.52 1.12 -1.17537 -0.103248 -1.17537
3.52 1.28 4.99872 -3.18887 4.99872
3.52 1.44 11.0809 -3.07029 11.0809
3.52 1.6 14.2873 -2.81453 14.2873
3.52 1.76 15.4785 -3.01018 15.4785
3.52 1.92 15.7794 -3.37257 15.7794
3.52 2.08 15.7845 -3.66459 15.7845
3.52 2.24 15.7629 -3.75364 15.7629
3.52 2.4 15.7794 -3.60361 15.7794
3.52 2.56 15.7237 -3.26793 15.7237
3.52 2.72 15.2401 -2.90677 15.2401
3.52 2.88 13.5122 -2.82681 13.5122
3.52 3.04 9.15383 -3.25647 9.15383
3.52 3.2 2.05405 -2.76887 2.05405
3.52 3.36 -3.01145 2.08957 -3.01145
3.52 3.52 -3.55684 9.00626 -3.55684
3.52 3.68 -3.04655 13.38 -3.04655
3.52 3.84 -2.9958 15.2039 -2.9958
3.52 4 -3.21278 15.7911 -3.21278
3.52 4.16 -3.40249 15.9307 -3.40249
3.52 4.32 -3.41721 15.9489 -3.41721
3.52 4.48 -3.23594 15.885 -3.23594
3.52 4.64 -2.96405 15.5043 -2.96405
3.52 4.8 -2.86676 14.1379 -2.86676
3.52 4.96 -3.29485 10.4331 -3.29485
3.52 5.12 -3.42634 3.53792 -3.42634
3.52 5.28 0.405485 -2.6281 0.405485
3.52 5.44 7.59883 -3.83581 7.59883
3.52 5.6 12.7576 -3.19514 12.7576
3.52 5.76 15.0365 -2.95343 15.0365
3.52 5.92 15.8209 -3.04343 15.8209
3.52 6.08 16.0253 -3.14176 16.0253
3.52 6.24 15.9784 -3.10626 15.9784
3.52 6.4 15.5911 -2.97402 15.5911
3.52 6.56 14.2786 -2.97876 14.2786
3.52 6.72 10.7064 -3.50067 10.7064
3.52 6.88 3.79365 -3.8788 3.79365
3.52 7.04 -2.73191 -0.262311 -2.73191
3.52 7.2 -4.01682 7.25903 -4.01682
3.52 7.36 -3.20515 12.7665 -3.20515
3.52 7.52 1.03949 19.0424 1.03949
3.52 7.68 1.4147 20.2084 1.4147
3.52 7.84 -29.1774 -10.0673 -29.1774
3.68 0 -6.78845 12.7289 -6.78845
3.68 0.16 -7.53003 11.9143 -7.53003
3.68 0.32 -3.96226 15.207 -3.96226
3.68 0.48 -3.21379 15.3686 -3.21379
3.68 0.64 -2.81469 14.5783 -2.81469
3.68 0.8 -2.85531 12.0489 -2.85531
3.68 0.96 -3.13804 6.62549 -3.13804
3.68 1.12 -1.17381 -0.105308 -1.17381
3.68 1.28 5.00103 -3.18917 5.00103
3.68 1.44 11.0821 -3.07027 11.0821
3.68 1.6 14.2873 -2.81477 14.2873
3.68 1.76 15.478 -3.01066 15.478
3.68 1.92 15.7785 -3.37325 15.7785
3.68 2.08 15.7834 -3.66544 15.7834
3.68 2.24 15.7618 -3.7546 15.7618
3.68 2.4 15.7782 -3.60473 15.7782
3.68 2.56 15.7225 -3.26906 15.7225
3.68 2.72 15.2393 -2.90781 15.2393
3.68 2.88 13.5125 -2.82752 13.5125
3.68 3.04 9.15593 -3.25678 9.15593
3.68 3.2 2.05711 -2.77018 2.05711
3.68 3.36 -3.01027 2.08625 -3.01027
3.68 3.52 -3.55677 9.00355 -3.55677
3.68 3.68 -3.04613 13.379 -3.04613
3.68 3.84 -2.99499 15.204 -2.99499
3.68 4 -3.21184 15.7916 -3.21184
3.68 4.16 -3.40159 15.9313 -3.40159
3.68 4.32 -3.41646 15.9496 -3.41646
3.68 4.48 -3.23538 15.8857 -3.23538
3.68 4.64 -2.96357 15.5054 -2.96357
3.68 4.8 -2.8661 14.1402 -2.8661
3.68 4.96 -3.29391 10.4379 -3.29391
3.68 5.12 -3.42723 3.54428 -3.42723
3.68 5.28 0.399705 -2.62545 0.399705
3.68 5.44 7.59224 -3.83683 7.59224
3.68 5.6 12.7535 -3.19638 12.7535
3.68 5.76 15.0342 -2.95424 15.0342
3.68 5.92 15.8193 -3.04407 15.8193
3.68 6.08 16.024 -3.14241 16.024
3.68 6.24 15.977 -3.10703 15.977
3.68 6.4 15.5894 -2.97497 15.5894
3.68 6.56 14.2763 -2.97995 14.2763
3.68 6.72 10.7029 -3.50207 10.7029
3.68 6.88 3.78942 -3.87916 3.78942
3.68 7.04 -2.73392 -0.259761 -2.73392
3.68 7.2 -4.01634 7.26239 -4.01634
3.68 7.36 -3.20424 12.7687 -3.20424
3.68 7.52 1.04058 19.044 1.04058
3.68 7.68 1.41598 20.2099 1.41598
3.68 7.84 -29.177 -10.0667 -29.177
3.84 0 -6.7871 12.7306 -6.7871
3.84 0.16 -7.53022 11.9144 -7.53022
3.84 0.32 -3.96315 15.2064 -3.96315
3.84 0.48 -3.21481 15.368 -3.21481
3.84 0.64 -2.8158 14.5776 -2.8158
3.84 0.8 -2.85643 12.0482 -2.85643
3.84 0.96 -3.13906 6.62521 -3.13906
3.84 1.12 -1.17477 -0.105257 -1.17477
3.84 1.28 5.00026 -3.18907 5.00026
3.84 1.44 11.0818 -3.06998 11.0818
3.84 1.6 14.2874 -2.81426 14.2874
3.84 1.76 15.4782 -3.01011 15.4782
3.84 1.92 15.7786 -3.37277 15.7786
3.84 2.08 15.7833 -3.66512 15.7833
3.84 2.24 15.7616 -3.75442 15.7616
3.84 2.4 15.7781 -3.60466 15.7781
3.84 2.56 15.7227 -3.269 15.7227
3.84 2.72 15.2402 -2.90764 15.2402
3.84 2.88 13.5148 -2.82706 13.5148
3.84 3.04 9.16059 -3.25629 9.16059
3.84 3.2 2.06211 -2.77217 2.06211
3.84 3.36 -3.00933 2.08035 -3.00933
3.84 3.52 -3.55815 8.99828 -3.55815
3.84 3.68 -3.04715 13.3763 -3.04715
3.84 3.84 -2.99542 15.203 -2.99542
3.84 4 -3.21195 15.7914 -3.21195
3.84 4.16 -3.40163 15.9315 -3.40163
3.84 4.32 -3.41662 15.9498 -3.41662
3.84 4.48 -3.23572 15.886 -3.23572
3.84 4.64 -2.96406 15.506 -2.96406
3.84 4.8 -2.8665 14.1418 -2.8665
3.84 4.96 -3.29405 10.4419 -3.29405
3.84 5.12 -3.42894 3.55006 -3.42894
3.84 5.28 0.393765 -2.62291 0.393765
3.84 5.44 7.58621 -3.83744 7.58621
3.84 5.6 12.7503 -3.19687 12.7503
3.84 5.76 15.0329 -2.95416 15.0329
3.84 5.92 15.8188 -3.04378 15.8188
3.84 6.08 16.0236 -3.14212 16.0236
3.84 6.24 15.9767 -3.10682 15.9767
3.84 6.4 15.5891 -2.97488 15.5891
3.84 6.56 14.276 -2.98001 14.276
3.84 6.72 10.7024 -3.50231 10.7024
3.84 6.88 3.7886 -3.87957 3.7886
3.84 7.04 -2.7349 -0.260121 -2.7349
3.84 7.2 -4.01711 7.26217 -4.01711
3.84 7.36 -3.20475 12.7687 -3.20475
3.84 7.52 1.04007 19.0439 1.04007
3.84 7.68 1.41544 20.2097 1.41544
3.84 7.84 -29.176 -10.0654 -29.176
4 0 -6.7846 12.7335 -6.7846
4 0.16 -7.52999 11.9151 -7.52999
4 0.32 -3.96242 15.2077 -3.96242
4 0.48 -3.21407 15.3695 -3.21407
4 0.64 -2.81497 14.5798 -2.81497
4 0.8 -2.85531 12.0518 -2.85531
4 0.96 -3.1383 6.63071 -3.1383
4 1.12 -1.17692 -0.100694 -1.17692
4 1.28 4.99605 -3.18788 4.99605
4 1.44 11.0791 -3.06981 11.0791
4 1.6 14.2865 -2.81381 14.2865
4 1.76 15.4781 -3.00946 15.4781
4 1.92 15.7788 -3.37215 15.7788
4 2.08 15.7836 -3.66462 15.7836
4 2.24 15.7619 -3.75407 15.7619
4 2.4 15.7784 -3.60442 15.7784
4 2.56 15.7234 -3.26875 15.7234
4 2.72 15.2418 -2.9072 15.2418
4 2.88 13.5183 -2.82613 13.5183
4 3.04 9.16714 -3.25505 9.16714
4 3.2 2.06957 -2.77359 2.06957
4 3.36 -3.00647 2.07458 -3.00647
4 3.52 -3.55796 8.99357 -3.55796
4 3.68 -3.04655 13.3748 -3.04655
4 3.84 -2.99416 15.2036 -2.99416
4 4 -3.21033 15.793 -3.21033
4 4.16 -3.39988 15.9335 -3.39988
4 4.32 -3.4149 15.952 -3.4149
4 4.48 -3.23413 15.8884 -3.23413
4 4.64 -2.96253 15.5087 -2.96253
4 4.8 -2.86477 14.1457 -2.86477
4 4.96 -3.29207 10.4483 -3.29207
4 5.12 -3.42896 3.55816 -3.42896
4 5.28 0.388443 -2.61898 0.388443
4 5.44 7.58019 -3.8376 7.58019
4 5.6 12.7471 -3.19727 12.7471
4 5.76 15.0316 -2.95412 15.0316
4 5.92 15.8183 -3.04358 15.8183
4 6.08 16.0234 -3.14195 16.0234
4 6.24 15.9767 -3.10668 15.9767
4 6.4 15.5894 -2.97473 15.5894
4 6.56 14.2768 -2.97973 14.2768
4 6.72 10.7043 -3.50176 10.7043
4 6.88 3.79144 -3.87929 3.79144
4 7.04 -2.733 -0.261211 -2.733
4 7.2 -4.01629 7.26124 -4.01629
4 7.36 -3.20367 12.7691 -3.20367
4 7.52 1.04177 19.0455 1.04177
4 7.68 1.41767 20.2121 1.41767
4 7.84 -29.1748 -10.064 -29.1748
4.16 0 -6.78367 12.735 -6.78367
4.16 0.16 -7.53088 11.9148 -7.53088
4.16 0.32 -3.96397 15.2069 -3.96397
4.16 0.48 -3.21559 15.3692 -3.21559
4.16 0.64 -2.81573 14.5813 -2.81573
4.16 0.8 -2.85484 12.0568 -2.85484
4.16 0.96 -3.13787 6.63995 -3.13787
4.16 1.12 -1.18134 -0.0927338 -1.18134
4.16 1.28 4.98831 -3.18587 4.98831
4.16 1.44 11.0745 -3.06944 11.0745
4.16 1.6 14.2854 -2.81283 14.2854
4.16 1.76 15.4788 -3.00803 15.4788
4.16 1.92 15.7803 -3.37062 15.7803
4.16 2.08 15.7853 -3.66317 15.7853
4.16 2.24 15.7637 -3.75276 15.7637
4.16 2.4 15.7804 -3.60322 15.7804
4.16 2.56 15.7257 -3.26756 15.7257
4.16 2.72 15.245 -2.90582 15.245
4.16 2.88 13.5236 -2.82423 13.5236
4.16 3.04 9.17596 -3.253 9.17596
4.16 3.2 2.07894 -2.7752 2.07894
4.16 3.36 -3.00347 2.06705 -3.00347
4.16 3.52 -3.55901 8.98662 -3.55901
4.16 3.68 -3.04786 13.3711 -3.04786
4.16 3.84 -2.99527 15.2017 -2.99527
4.16 4 -3.2114 15.7919 -3.2114
4.16 4.16 -3.40096 15.9328 -3.40096
4.16 4.32 -3.41596 15.9516 -3.41596
4.16 4.48 -3.23504 15.8883 -3.23504
4.16 4.64 -2.96307 15.5094 -2.96307
4.16 4.8 -2.86454 14.1482 -2.86454
4.16 4.96 -3.29091 10.4541 -3.29091
4.16 5.12 -3.4292 3.56635 -3.4292
4.16 5.28 0.383286 -2.61465 0.383286
4.16 5.44 7.5747 -3.83728 7.5747
4.16 5.6 12.7447 -3.19712 12.7447
4.16 5.76 15.0313 -2.9535 15.0313
4.16 5.92 15.8189 -3.04278 15.8189
4.16 6.08 16.0245 -3.14114 16.0245
4.16 6.24 15.978 -3.10587 15.978
4.16 6.4 15.5912 -2.97382 15.5912
4.16 6.56 14.2796 -2.97853 14.2796
4.16 6.72 10.7092 -3.50016 10.7092
4.16 6.88 3.79792 -3.8789 3.79792
4.16 7.04 -2.72966 -0.264944 -2.72966
4.16 7.2 -4.01659 7.25663 -4.01659
4.16 7.36 -3.20461 12.7665 -3.20461
4.16 7.52 1.04082 19.0441 1.04082
4.16 7.68 1.41691 20.2113 1.41691
4.16 7.84 -29.1747 -10.0637 -29.1747
4.32 0 -6.78539 12.7337 -6.78539
4.32 0.16 -7.53297 11.9131 -7.53297
4.32 0.32 -3.96796 15.2035 -3.96796
4.32 0.48 -3.21945 15.3666 -3.21945
4.32 0.64 -2.81863 14.5811 -2.81863
4.32 0.8 -2.85623 12.0617 -2.85623
4.32 0.96 -3.13964 6.65095 -3.13964
4.32 1.12 -1.19046 -0.0835682 -1.19046
4.32 1.28 4.97435 -3.18527 4.97435
4.32 1.44 11.0655 -3.07097 11.0655
4.32 1.6 14.282 -2.81309 14.282
4.32 1.76 15.4783 -3.00732 15.4783
4.32 1.92 15.7811 -3.36952 15.7811
4.32 2.08 15.7866 -3.66202 15.7866
4.32 2.24 15.7652 -3.75171 15.7652
4.32 2.4 15.782 -3.60235 15.782
4.32 2.56 15.7276 -3.26683 15.7276
4.32 2.72 15.2477 -2.90509 15.2477
4.32 2.88 13.5284 -2.82324 13.5284
4.32 3.04 9.18437 -3.25222 9.18437
4.32 3.2 2.08764 -2.77904 2.08764
4.32 3.36 -3.00232 2.05601 -3.00232
4.32 3.52 -3.56265 8.97592 -3.56265
4.32 3.68 -3.05185 13.3638 -3.05185
4.32 3.84 -2.99906 15.1964 -2.99906
4.32 4 -3.21517 15.7874 -3.21517
4.32 4.16 -3.40472 15.9287 -3.40472
4.32 4.32 -3.41962 15.9479 -3.41962
4.32 4.48 -3.23846 15.8851 -3.23846
4.32 4.64 -2.966 15.5072 -2.966
4.32 4.8 -2.86661 14.1479 -2.86661
4.32 4.96 -3.29197 10.4572 -3.29197
4.32 5.12 -3.43157 3.57226 -3.43157
4.32 5.28 0.376126 -2.61226 0.376126
4.32 5.44 7.56748 -3.83859 7.56748
4.32 5.6 12.741 -3.19826 12.741
4.32 5.76 15.0301 -2.95385 15.0301
4.32 5.92 15.8189 -3.04273 15.8189
4.32 6.08 16.0249 -3.14097 16.0249
4.32 6.24 15.9788 -3.10568 15.9788
4.32 6.4 15.5925 -2.9736 15.5925
4.32 6.56 14.2823 -2.9781 14.2823
4.32 6.72 10.7148 -3.49944 10.7148
4.32 6.88 3.80577 -3.88042 3.80577
4.32 7.04 -2.72678 -0.273305 -2.72678
4.32 7.2 -4.01934 7.24663 -4.01934
4.32 7.36 -3.20816 12.7595 -3.20816
4.32 7.52 1.03713 19.0387 1.03713
4.32 7.68 1.41322 20.2066 1.41322
4.32 7.84 -29.1753 -10.0649 -29.1753
4.48 0 -6.78755 12.7318 -6.78755
4.48 0.16 -7.53188 11.9147 -7.53188
4.48 0.32 -3.96446 15.2081 -3.96446
4.48 0.48 -3.21525 15.3728 -3.21525
4.48 0.64 -2.81401 14.5899 -2.81401
4.48 0.8 -2.85098 12.0759 -2.85098
4.48 0.96 -3.13684 6.67141 -3.13684
4.48 1.12 -1.19985 -0.0679817 -1.19985
4.48 1.28 4.95647 -3.18334 4.95647
4.48 1.44 11.053 -3.07323 11.053
4.48 1.6 14.2762 -2.81438 14.2762
4.48 1.76 15.4762 -3.00762 15.4762
4.48 1.92 15.7807 -3.36941 15.7807
4.48 2.08 15.7869 -3.66182 15.7869
4.48 2.24 15.7658 -3.75159 15.7658
4.48 2.4 15.7828 -3.60237 15.7828
4.48 2.56 15.7287 -3.26696 15.7287
4.48 2.72 15.2498 -2.90512 15.2498
4.48 2.88 13.533 -2.82266 13.533
4.48 3.04 9.19343 -3.25108 9.19343
4.48 3.2 2.09842 -2.78128 2.09842
4.48 3.36 -2.99749 2.04832 -2.99749
4.48 3.52 -3.56089 8.97067 -3.56089
4.48 3.68 -3.04899 13.3636 -3.04899
4.48 3.84 -2.99495 15.1992 -2.99495
4.48 4 -3.21028 15.7918 -3.21028
4.48 4.16 -3.39935 15.934 -3.39935
4.48 4.32 -3.414 15.9535 -3.414
4.48 4.48 -3.23281 15.8911 -3.23281
4.48 4.64 -2.96041 15.5136 -2.96041
4.48 4.8 -2.86105 14.1554 -2.86105
4.48 4.96 -3.28677 10.467 -3.28677
4.48 5.12 -3.42967 3.58271 -3.42967
4.48 5.28 0.371016 -2.60762 0.371016
4.48 5.44 7.56061 -3.83946 7.56061
4.48 5.6 12.7368 -3.19998 12.7368
4.48 5.76 15.0279 -2.95522 15.0279
4.48 5.92 15.8178 -3.04385 15.8178
4.48 6.08 16.0244 -3.14198 16.0244
4.48 6.24 15.9787 -3.10662 15.9787
4.48 6.4 15.5933 -2.97434 15.5933
4.48 6.56 14.2851 -2.9782 14.2851
4.48 6.72 10.7222 -3.49832 10.7222
4.48 6.88 3.81769 -3.88063 3.81769
4.48 7.04 -2.71901 -0.280124 -2.71901
4.48 7.2 -4.01656 7.24015 -4.01656
4.48 7.36 -3.20451 12.7588 -3.20451
4.48 7.52 1.04265 19.0424 1.04265
4.48 7.68 1.41905 20.2115 1.41905
4.48 7.84 -29.1724 -10.063 -29.1724
4.64 0 -6.79072 12.7288 -6.79072
4.64 0.16 -7.53267 11.9143 -7.53267
4.64 0.32 -3.96559 15.2079 -3.96559
4.64 0.48 -3.21602 15.3742 -3.21602
4.64 0.64 -2.81373 14.5949 -2.81373
4.64 0.8 -2.84899 12.0885 -2.84899
4.64 0.96 -3.13643 6.69331 -3.13643
4.64 1.12 -1.21274 -0.0502591 -1.21274
4.64 1.28 4.93427 -3.18118 4.93427
4.64 1.44 11.0377 -3.07587 11.0377
4.64 1.6 14.269 -2.81601 14.269
4.64 1.76 15.4731 -3.00839 15.4731
4.64 1.92 15.7793 -3.36992 15.7793
4.64 2.08 15.7862 -3.66234 15.7862
4.64 2.24 15.7655 -3.75217 15.7655
4.64 2.4 15.7828 -3.60295 15.7828
4.64 2.56 15.7294 -3.26741 15.7294
4.64 2.72 15.2518 -2.90511 15.2518
4.64 2.88 13.538 -2.82171 13.538
4.64 3.04 9.20317 -3.24963 9.20317
4.64 3.2 2.10916 -2.78421 2.10916
4.64 3.36 -2.99452 2.03809 -2.99452
4.64 3.52 -3.56271 8.96129 -3.56271
4.64 3.68 -3.05071 13.3584 -3.05071
4.64 3.84 -2.99597 15.1965 -2.99597
4.64 4 -3.21085 15.7903 -3.21085
4.64 4.16 -3.39957 15.9331 -3.39957
4.64 4.32 -3.4139 15.9532 -3.4139
4.64 4.48 -3.23241 15.8913 -3.23241
4.64 4.64 -2.95969 15.5146 -2.95969
4.64 4.8 -2.85991 14.1578 -2.85991
4.64 4.96 -3.28521 10.472 -3.28521
4.64 5.12 -3.42982 3.58975 -3.42982
4.64 5.28 0.365867 -2.6044 0.365867
4.64 5.44 7.55445 -3.84048 7.55445
4.64 5.6 12.7328 -3.20182 12.7328
4.64 5.76 15.0254 -2.95709 15.0254
4.64 5.92 15.8159 -3.04575 15.8159
4.64 6.08 16.023 -3.14386 16.023
4.64 6.24 15.9779 -3.10832 15.9779
4.64 6.4 15.5938 -2.97552 15.5938
4.64 6.56 14.2886 -2.97823 14.2886
4.64 6.72 10.7316 -3.49677 10.7316
4.64 6.88 3.83226 -3.88158 3.83226
4.64 7.04 -2.71141 -0.291367 -2.71141
4.64 7.2 -4.01737 7.22709 -4.01737
4.64 7.36 -3.20576 12.7517 -3.20576
4.64 7.52 1.04233 19.0391 1.04233
4.64 7.68 1.41905 20.2097 1.41905
4.64 7.84 -29.1714 -10.0633 -29.1714
4.8 0 -6.79169 12.728 -6.79169
4.8 0.16 -7.53324 11.9142 -7.53324
4.8 0.32 -3.96559 15.2091 -3.96559
4.8 0.48 -3.21564 15.3772 -3.21564
4.8 0.64 -2.81253 14.6019 -2.81253
4.8 0.8 -2.84629 12.104 -2.84629
4.8 0.96 -3.13603 6.71933 -3.13603
4.8 1.12 -1.22823 -0.0293429 -1.22823
4.8 1.28 4.90817 -3.17837 4.90817
4.8 1.44 11.0205 -3.07808 11.0205
4.8 1.6 14.2618 -2.81653 14.2618
4.8 1.76 15.4711 -3.00758 15.4711
4.8 1.92 15.7793 -3.36867 15.7793
4.8 2.08 15.7872 -3.66099 15.7872
4.8 2.24 15.7669 -3.75082 15.7669
4.8 2.4 15.7847 -3.60152 15.7847
4.8 2.56 15.732 -3.26581 15.732
4.8 2.72 15.2557 -2.90318 15.2557
4.8 2.88 13.5444 -2.81923 13.5444
4.8 3.04 9.21342 -3.24732 9.21342
4.8 3.2 2.11958 -2.78683 2.11958
4.8 3.36 -2.99189 2.02825 -2.99189
4.8 3.52 -3.56448 8.9525 -3.56448
4.8 3.68 -3.05201 13.3539 -3.05201
4.8 3.84 -2.99619 15.1949 -2.99619
4.8 4 -3.21028 15.7901 -3.21028
4.8 4.16 -3.39841 15.9338 -3.39841
4.8 4.32 -3.41229 15.9545 -3.41229
4.8 4.48 -3.23053 15.893 -3.23053
4.8 4.64 -2.95773 15.5166 -2.95773
4.8 4.8 -2.85796 14.1607 -2.85796
4.8 4.96 -3.2834 10.4765 -3.2834
4.8 5.12 -3.42966 3.59546 -3.42966
4.8 5.28 0.362181 -2.60164 0.362181
4.8 5.44 7.55041 -3.84067 7.55041
4.8 5.6 12.7308 -3.20228 12.7308
4.8 5.76 15.0248 -2.95735 15.0248
4.8 5.92 15.8159 -3.04591 15.8159
4.8 6.08 16.0234 -3.14391 16.0234
4.8 6.24 15.979 -3.10812 15.979
4.8 6.4 15.5963 -2.9748 15.5963
4.8 6.56 14.2945 -2.97643 14.2945
4.8 6.72 10.7441 -3.49363 10.7441
4.8 6.88 3.85012 -3.8821 3.85012
4.8 7.04 -2.70221 -0.304537 -2.70221
4.8 7.2 -4.01811 7.21183 -4.01811
4.8 7.36 -3.20664 12.7438 -3.20664
4.8 7.52 1.04314 19.0366 1.04314
4.8 7.68 1.42065 20.2092 1.42065
4.8 7.84 -29.1704 -10.0639 -29.1704
4.96 0 -6.78916 12.7307 -6.78916
4.96 0.16 -7.53461 11.9134 -7.53461
4.96 0.32 -3.96682 15.2091 -3.96682
4.96 0.48 -3.21654 15.3792 -3.21654
4.96 0.64 -2.81217 14.6088 -2.81217
4.96 0.8 -2.84386 12.1209 -2.84386
4.96 0.96 -3.13598 6.74854 -3.13598
4.96 1.12 -1.2464 -0.0059492 -1.2464
4.96 1.28 4.87753 -3.17594 4.87753
4.96 1.44 10.9997 -3.08163 10.9997
4.96 1.6 14.2526 -2.81809 14.2526
4.96 1.76 15.4679 -3.00738 15.4679
4.96 1.92 15.7789 -3.36766 15.7789
4.96 2.08 15.788 -3.65963 15.788
4.96 2.24 15.7684 -3.74932 15.7684
4.96 2.4 15.7866 -3.5999 15.7866
4.96 2.56 15.7344 -3.26418 15.7344
4.96 2.72 15.259 -2.90144 15.259
4.96 2.88 13.5498 -2.81722 13.5498
4.96 3.04 9.22202 -3.24563 9.22202
4.96 3.2 2.12819 -2.78958 2.12819
4.96 3.36 -2.99033 2.01898 -2.99033
4.96 3.52 -3.5671 8.94382 -3.5671
4.96 3.68 -3.05458 13.3486 -3.05458
4.96 3.84 -2.99811 15.1917 -2.99811
4.96 4 -3.21165 15.788 -3.21165
4.96 4.16 -3.39925 15.9324 -3.39925
4.96 4.32 -3.41256 15.9537 -3.41256
4.96 4.48 -3.23029 15.8928 -3.23029
4.96 4.64 -2.95711 15.5169 -2.95711
4.96 4.8 -2.85711 14.1616 -2.85711
4.96 4.96 -3.2825 10.4785 -3.2825
4.96 5.12 -3.42964 3.59826 -3.42964
4.96 5.28 0.359946 -2.60048 0.359946
4.96 5.44 7.54783 -3.84134 7.54783
4.96 5.6 12.7293 -3.20321 12.7293
4.96 5.76 15.024 -2.95812 15.024
4.96 5.92 15.8157 -3.04647 15.8157
4.96 6.08 16.0237 -3.14424 16.0237
4.96 6.24 15.9801 -3.10813 15.9801
4.96 6.4 15.5989 -2.97427 15.5989
4.96 6.56 14.3006 -2.97482 14.3006
4.96 6.72 10.7576 -3.49054 10.7576
4.96 6.88 3.86991 -3.88316 3.86991
4.96 7.04 -2.69227 -0.320161 -2.69227
4.96 7.2 -4.0199 7.19329 -4.0199
4.96 7.36 -3.20923 12.7331 -3.20923
4.96 7.52 1.04187 19.0313 1.04187
4.96 7.68 1.42014 20.2062 1.42014
4.96 7.84 -29.1708 -10.066 -29.1708
5.12 0 -6.79684 12.7233 -6.79684
5.12 0.16 -7.53576 11.9131 -7.53576
5.12 0.32 -3.96801 15.2097 -3.96801
5.12 0.48 -3.21722 15.3821 -3.21722
5.12 0.64 -2.81154 14.617 -2.81154
5.12 0.8 -2.84109 12.14 -2.84109
5.12 0.96 -3.13602 6.78093 -3.13602
5.12 1.12 -1.26668 0.019821 -1.26668
5.12 1.28 4.84328 -3.17353 4.84328
5.12 1.44 10.9763 -3.08599 10.9763
5.12 1.6 14.2419 -2.82026 14.2419
5.12 1.76 15.464 -3.00748 15.464
5.12 1.92 15.7781 -3.3667 15.7781
5.12 2.08 15.7887 -3.65814 15.7887
5.12 2.24 15.7698 -3.7476 15.7698
5.12 2.4 15.7887 -3.59792 15.7887
5.12 2.56 15.7368 -3.26217 15.7368
5.12 2.72 15.2621 -2.89946 15.2621
5.12 2.88 13.5541 -2.8152 13.5541
5.12 3.04 9.22857 -3.2441 9.22857
5.12 3.2 2.13436 -2.79167 2.13436
5.12 3.36 -2.98978 2.01187 -2.98978
5.12 3.52 -3.56981 8.93712 -3.56981
5.12 3.68 -3.05733 13.3443 -3.05733
5.12 3.84 -3.0004 15.1889 -3.0004
5.12 4 -3.21346 15.7861 -3.21346
5.12 4.16 -3.40047 15.9311 -3.40047
5.12 4.32 -3.41308 15.9531 -3.41308
5.12 4.48 -3.23015 15.8927 -3.23015
5.12 4.64 -2.95648 15.5172 -2.95648
5.12 4.8 -2.85635 14.1618 -2.85635
5.12 4.96 -3.28192 10.4784 -3.28192
5.12 5.12 -3.42923 3.59787 -3.42923
5.12 5.28 0.360337 -2.60088 0.360337
5.12 5.44 7.54799 -3.8419 7.54799
5.12 5.6 12.729 -3.20405 12.729
5.12 5.76 15.0238 -2.95895 15.0238
5.12 5.92 15.8156 -3.04705 15.8156
5.12 6.08 16.0241 -3.14447 16.0241
5.12 6.24 15.9813 -3.10791 15.9813
5.12 6.4 15.6017 -2.97348 15.6017
5.12 6.56 14.3073 -2.9729 14.3073
5.12 6.72 10.7723 -3.48699 10.7723
5.12 6.88 3.89151 -3.88409 3.89151
5.12 7.04 -2.68137 -0.337072 -2.68137
5.12 7.2 -4.02205 7.173 -4.02205
5.12 7.36 -3.21236 12.7214 -3.21236
5.12 7.52 1.04004 19.0254 1.04004
5.12 7.68 1.41876 20.2026 1.41876
5.12 7.84 -29.1718 -10.0686 -29.1718
5.28 0 -6.84041 12.6802 -6.84041
5.28 0.16 -7.536 11.9141 -7.536
5.28 0.32 -3.96895 15.211 -3.96895
5.28 0.48 -3.21774 15.3857 -3.21774
5.28 0.64 -2.81057 14.6263 -2.81057
5.28 0.8 -2.83777 12.161 -2.83777
5.28 0.96 -3.136 6.8158 -3.136
5.28 1.12 -1.28873 0.0470325 -1.28873
5.28 1.28 4.80573 -3.17194 4.80573
5.28 1.44 10.9499 -3.092 10.9499
5.28 1.6 14.2289 -2.82406 14.2289
5.28 1.76 15.4583 -3.00908 15.4583
5.28 1.92 15.7757 -3.36708 15.7757
5.28 2.08 15.7879 -3.65781 15.7879
5.28 2.24 15.7699 -3.74683 15.7699
5.28 2.4 15.7895 -3.59679 15.7895
5.28 2.56 15.738 -3.26097 15.738
5.28 2.72 15.2635 -2.89835 15.2635
5.28 2.88 13.5561 -2.81428 13.5561
5.28 3.04 9.2313 -3.24369 9.2313
5.28 3.2 2.13648 -2.79329 2.13648
5.28 3.36 -2.99067 2.0079 -2.99067
5.28 3.52 -3.57228 8.93355 -3.57228
5.28 3.68 -3.05994 13.3418 -3.05994
5.28 3.84 -3.00289 15.1868 -3.00289
5.28 4 -3.21575 15.7842 -3.21575
5.28 4.16 -3.40215 15.9298 -3.40215
5.28 4.32 -3.41388 15.9524 -3.41388
5.28 4.48 -3.23006 15.8925 -3.23006
5.28 4.64 -2.95567 15.5173 -2.95567
5.28 4.8 -2.85545 14.1611 -2.85545
5.28 4.96 -3.2815 10.4756 -3.2815
5.28 5.12 -3.42828 3.59309 -3.42828
5.28 5.28 0.363829 -2.60392 0.363829
5.28 5.44 7.55112 -3.84314 7.55112
5.28 5.6 12.7296 -3.20573 12.7296
5.28 5.76 15.023 -2.96097 15.023
5.28 5.92 15.8146 -3.04884 15.8146
5.28 6.08 16.0234 -3.14579 16.0234
5.28 6.24 15.9814 -3.10869 15.9814
5.28 6.4 15.6035 -2.97361 15.6035
5.28 6.56 14.3131 -2.97176 14.3131
5.28 6.72 10.7868 -3.48404 10.7868
5.28 6.88 3.91353 -3.88552 3.91353
5.28 7.04 -2.67014 -0.354901 -2.67014
5.28 7.2 -4.02442 7.1517 -4.02442
5.28 7.36 -3.21582 12.709 -3.21582
5.28 7.52 1.03796 19.0193 1.03796
5.28 7.68 1.41717 20.1988 1.41717
5.28 7.84 -29.1735 -10.0718 -29.1735
5.44 0 -6.89314 12.6282 -6.89314
5.44 0.16 -7.53517 11.9162 -7.53517
5.44 0.32 -3.96877 15.2134 -3.96877
5.44 0.48 -3.21701 15.3906 -3.21701
5.44 0.64 -2.80815 14.6373 -2.80815
5.44 0.8 -2.83286 12.1842 -2.83286
5.44 0.96 -3.13439 6.85335 -3.13439
5.44 1.12 -1.30955 0.0769445 -1.30955
5.44 1.28 4.76916 -3.16835 4.76916
5.44 1.44 10.925 -3.09624 10.925
5.44 1.6 14.2178 -2.82608 14.2178
5.44 1.76 15.4545 -3.0089 15.4545
5.44 1.92 15.7754 -3.36561 15.7754
5.44 2.08 15.7894 -3.65546 15.7894
5.44 2.24 15.7725 -3.74378 15.7725
5.44 2.4 15.7927 -3.59322 15.7927
5.44 2.56 15.7415 -3.25718 15.7415
5.44 2.72 15.2669 -2.89467 15.2669
5.44 2.88 13.5588 -2.81106 13.5588
5.44 3.04 9.23259 -3.24125 9.23259
5.44 3.2 2.1361 -2.79135 2.1361
5.44 3.36 -2.99145 2.01016 -2.99145
5.44 3.52 -3.57306 8.93527 -3.57306
5.44 3.68 -3.0612 13.3422 -3.0612
5.44 3.84 -3.00442 15.1864 -3.00442
5.44 4 -3.21723 15.7834 -3.21723
5.44 4.16 -3.40292 15.9293 -3.40292
5.44 4.32 -3.41359 15.9525 -3.41359
5.44 4.48 -3.22867 15.8932 -3.22867
5.44 4.64 -2.9535 15.5179 -2.9535
5.44 4.8 -2.85339 14.1599 -2.85339
5.44 4.96 -3.28016 10.4701 -3.28016
5.44 5.12 -3.4248 3.58423 -3.4248
5.44 5.28 0.374163 -2.60768 0.374163
5.44 5.44 7.56167 -3.84189 7.56167
5.44 5.6 12.7354 -3.20482 12.7354
5.44 5.76 15.0255 -2.96088 15.0255
5.44 5.92 15.8163 -3.04866 15.8163
5.44 6.08 16.0253 -3.14503 16.0253
5.44 6.24 15.9841 -3.10725 15.9841
5.44 6.4 15.608 -2.97134 15.608
5.44 6.56 14.3217 -2.96805 14.3217
5.44 6.72 10.8038 -3.47848 10.8038
5.44 6.88 3.93798 -3.8844 3.93798
5.44 7.04 -2.65687 -0.370724 -2.65687
5.44 7.2 -4.02535 7.13165 -4.02535
5.44 7.36 -3.21827 12.6975 -3.21827
5.44 7.52 1.03657 19.0136 1.03657
5.44 7.68 1.41625 20.1954 1.41625
5.44 7.84 -29.1746 -10.0745 -29.1746
5.6 0 -6.92304 12.5994 -6.92304
5.6 0.16 -7.53467 11.9183 -7.53467
5.6 0.32 -3.96973 15.2149 -3.96973
5.6 0.48 -3.2176 15.3945 -3.2176
5.6 0.64 -2.8072 14.6471 -2.8072
5.6 0.8 -2.82962 12.2058 -2.82962
5.6 0.96 -3.13449 6.8891 -3.13449
5.6 1.12 -1.33195 0.105061 -1.33195
5.6 1.28 4.73118 -3.16641 4.73118
5.6 1.44 10.8987 -3.10201 10.8987
5.6 1.6 14.2054 -2.82957 14.2054
5.6 1.76 15.4494 -3.01017 15.4494
5.6 1.92 15.7737 -3.36551 15.7737
5.6 2.08 15.7896 -3.65428 15.7896
5.6 2.24 15.774 -3.74163 15.774
5.6 2.4 15.795 -3.59033 15.795
5.6 2.56 15.7439 -3.25394 15.7439
5.6 2.72 15.2685 -2.89163 15.2685
5.6 2.88 13.5579 -2.80893 13.5579
5.6 3.04 9.2273 -3.24037 9.2273
5.6 3.2 2.12792 -2.7888 2.12792
5.6 3.36 -2.99602 2.01691 -2.99602
5.6 3.52 -3.57519 8.94056 -3.57519
5.6 3.68 -3.06403 13.3435 -3.06403
5.6 3.84 -3.00787 15.1853 -3.00787
5.6 4 -3.2206 15.7815 -3.2206
5.6 4.16 -3.40542 15.9275 -3.40542
5.6 4.32 -3.41483 15.9514 -3.41483
5.6 4.48 -3.22865 15.8925 -3.22865
5.6 4.64 -2.95276 15.5164 -2.95276
5.6 4.8 -2.85319 14.1551 -2.85319
5.6 4.96 -3.28121 10.458 -3.28121
5.6 5.12 -3.42194 3.5669 -3.42194
5.6 5.28 0.388801 -2.61604 0.388801
5.6 5.44 7.57702 -3.84143 7.57702
5.6 5.6 12.7431 -3.2045 12.7431
5.6 5.76 15.0282 -2.96184 15.0282
5.6 5.92 15.8172 -3.04968 15.8172
5.6 6.08 16.0261 -3.14537 16.0261
5.6 6.24 15.9858 -3.10671 15.9858
5.6 6.4 15.6114 -2.96979 15.6114
5.6 6.56 14.3288 -2.96502 14.3288
5.6 6.72 10.8187 -3.47374 10.8187
5.6 6.88 3.95974 -3.88393 3.95974
5.6 7.04 -2.6457 -0.386462 -2.6457
5.6 7.2 -4.02787 7.11129 -4.02787
5.6 7.36 -3.22263 12.6847 -3.22263
5.6 7.52 1.03261 19.0059 1.03261
5.6 7.68 1.4124 20.1896 1.4124
5.6 7.84 -29.1764 -10.0776 -29.1764
5.76 0 -6.93391 12.5897 -6.93391
5.76 0.16 -7.53357 11.921 -7.53357
5.76 0.32 -3.96896 15.2182 -3.96896
5.76 0.48 -3.21657 15.4 -3.21657
5.76 0.64 -2.8051 14.6579 -2.8051
5.76 0.8 -2.82577 12.2275 -2.82577
5.76 0.96 -3.13439 6.92353 -3.13439
5.76 1.12 -1.35374 0.131312 -1.35374
5.76 1.28 4.6941 -3.16569 4.6941
5.76 1.44 10.8725 -3.10898 10.8725
5.76 1.6 14.192 -2.83455 14.192
5.76 1.76 15.4427 -3.01314 15.4427
5.76 1.92 15.7703 -3.36711 15.7703
5.76 2.08 15.7882 -3.65462 15.7882
5.76 2.24 15.774 -3.74072 15.774
5.76 2.4 15.7958 -3.58839 15.7958
5.76 2.56 15.7447 -3.25145 15.7447
5.76 2.72 15.2677 -2.88935 15.2677
5.76 2.88 13.5528 -2.80796 13.5528
5.76 3.04 9.21429 -3.24083 9.21429
5.76 3.2 2.11114 -2.78419 2.11114
5.76 3.36 -3.00331 2.03154 -3.00331
5.76 3.52 -3.57625 8.95317 -3.57625
5.76 3.68 -3.06574 13.3488 -3.06574
5.76 3.84 -3.01054 15.1863 -3.01054
5.76 4 -3.22311 15.7809 -3.22311
5.76 4.16 -3.40684 15.927 -3.40684
5.76 4.32 -3.41474 15.9514 -3.41474
5.76 4.48 -3.22718 15.8926 -3.22718
5.76 4.64 -2.95076 15.5151 -2.95076
5.76 4.8 -2.85232 14.1486 -2.85232
5.76 4.96 -3.28247 10.4407 -3.28247
5.76 5.12 -3.41778 3.54154 -3.41778
5.76 5.28 0.409849 -2.62859 0.409849
5.76 5.44 7.59874 -3.84125 7.59874
5.76 5.6 12.7534 -3.20462 12.7534
5.76 5.76 15.0309 -2.96397 15.0309
5.76 5.92 15.8171 -3.05215 15.8171
5.76 6.08 16.0257 -3.14712 16.0257
5.76 6.24 15.9861 -3.10733 15.9861
5.76 6.4 15.6133 -2.96913 15.6133
5.76 6.56 14.3341 -2.96277 14.3341
5.76 6.72 10.8306 -3.46977 10.8306
5.76 6.88 3.97768 -3.88316 3.97768
5.76 7.04 -2.63608 -0.399075 -2.63608
5.76 7.2 -4.02971 7.0945 -4.02971
5.76 7.36 -3.22618 12.6739 -3.22618
5.76 7.52 1.02966 18.9997 1.02966
5.76 7.68 1.40964 20.1851 1.40964
5.76 7.84 -29.1786 -10.081 -29.1786
5.92 0 -6.93556 12.5891 -6.93556
5.92 0.16 -7.53165 11.9241 -7.53165
5.92 0.32 -3.9665 15.2226 -3.9665
5.92 0.48 -3.21406 15.4062 -3.21406
5.92 0.64 -2.80183 14.6687 -2.80183
5.92 0.8 -2.82121 12.2478 -2.82121
5.92 0.96 -3.13369 6.95464 -3.13369
5.92 1.12 -1.3731 0.154299 -1.3731
5.92 1.28 4.66076 -3.16591 4.66076
5.92 1.44 10.8485 -3.11621 10.8485
5.92 1.6 14.1792 -2.84006 14.1792
5.92 1.76 15.4359 -3.01679 15.4359
5.92 1.92 15.7666 -3.36933 15.7666
5.92 2.08 15.7865 -3.65535 15.7865
5.92 2.24 15.7737 -3.7399 15.7737
5.92 2.4 15.7963 -3.58625 15.7963
5.92 2.56 15.7448 -3.24862 15.7448
5.92 2.72 15.2653 -2.88692 15.2653
5.92 2.88 13.5434 -2.80755 13.5434
5.92 3.04 9.19256 -3.2423 9.19256
5.92 3.2 2.0845 -2.77665 2.0845
5.92 3.36 -3.01353 2.05568 -3.01353
5.92 3.52 -3.57597 8.97421 -3.57597
5.92 3.68 -3.06628 13.3584 -3.06628
5.92 3.84 -3.01256 15.189 -3.01256
5.92 4 -3.22504 15.781 -3.22504
5.92 4.16 -3.40751 15.9268 -3.40751
5.92 4.32 -3.41363 15.9516 -3.41363
5.92 4.48 -3.22453 15.8929 -3.22453
5.92 4.64 -2.94768 15.5132 -2.94768
5.92 4.8 -2.85092 14.1394 -2.85092
5.92 4.96 -3.284 10.4168 -3.284
5.92 5.12 -3.41176 3.50661 -3.41176
5.92 5.28 0.43909 -2.64566 0.43909
5.92 5.44 7.62871 -3.84066 7.62871
5.92 5.6 12.7678 -3.20426 12.7678
5.92 5.76 15.0351 -2.96625 15.0351
5.92 5.92 15.8172 -3.05499 15.8172
5.92 6.08 16.0251 -3.14912 16.0251
5.92 6.24 15.9861 -3.10795 15.9861
5.92 6.4 15.6146 -2.96832 15.6146
5.92 6.56 14.3377 -2.96054 14.3377
5.92 6.72 10.8386 -3.46622 10.8386
5.92 6.88 3.9901 -3.88161 3.9901
5.92 7.04 -2.62883 -0.406872 -2.62883
5.92 7.2 -4.03064 7.0829 -4.03064
5.92 7.36 -3.22891 12.6657 -3.22891
5.92 7.52 1.02749 18.9947 1.02749
5.92 7.68 1.40804 20.1817 1.40804
5.92 7.84 -29.1817 -10.0853 -29.1817
6.08 0 -6.93225 12.593 -6.93225
6.08 0.16 -7.52863 11.9279 -7.52863
6.08 0.32 -3.96451 15.2259 -3.96451
6.08 0.48 -3.21191 15.4111 -3.21191
6.08 0.64 -2.79897 14.6775 -2.79897
6.08 0.8 -2.81756 12.2638 -2.81756
6.08 0.96 -3.13349 6.97844 -3.13349
6.08 1.12 -1.38862 0.171093 -1.38862
6.08 1.28 4.63495 -3.16706 4.63495
6.08 1.44 10.8302 -3.12246 10.8302
6.08 1.6 14.1694 -2.84487 14.1694
6.08 1.76 15.4306 -3.02008 15.4306
6.08 1.92 15.7636 -3.37121 15.7636
6.08 2.08 15.7854 -3.65553 15.7854
6.08 2.24 15.7742 -3.73818 15.7742
6.08 2.4 15.7978 -3.58285 15.7978
6.08 2.56 15.7457 -3.2443 15.7457
6.08 2.72 15.2624 -2.88309 15.2624
6.08 2.88 13.5308 -2.80648 13.5308
6.08 3.04 9.16241 -3.24386 9.16241
6.08 3.2 2.04732 -2.76547 2.04732
6.08 3.36 -3.02753 2.08992 -3.02753
6.08 3.52 -3.5754 9.0035 -3.5754
6.08 3.68 -3.06703 13.3713 -3.06703
6.08 3.84 -3.01555 15.1921 -3.01555
6.08 4 -3.22813 15.7804 -3.22813
6.08 4.16 -3.4092 15.9253 -3.4092
6.08 4.32 -3.41327 15.9505 -3.41327
6.08 4.48 -3.22237 15.8915 -3.22237
6.08 4.64 -2.94513 15.5088 -2.94513
6.08 4.8 -2.85065 14.1255 -2.85065
6.08 4.96 -3.28738 10.3833 -3.28738
6.08 5.12 -3.4043 3.45912 -3.4043
6.08 5.28 0.478514 -2.66818 0.478514
6.08 5.44 7.66977 -3.83881 7.66977
6.08 5.6 12.7885 -3.20222 12.7885
6.08 5.76 15.0422 -2.96758 15.0422
6.08 5.92 15.819 -3.05715 15.819
6.08 6.08 16.0255 -3.15031 16.0255
6.08 6.24 15.987 -3.10746 15.987
6.08 6.4 15.6165 -2.9662 15.6165
6.08 6.56 14.3406 -2.95719 14.3406
6.08 6.72 10.8429 -3.46223 10.8429
6.08 6.88 3.99585 -3.87867 3.99585
6.08 7.04 -2.62532 -0.408828 -2.62532
6.08 7.2 -4.03163 7.07715 -4.03163
6.08 7.36 -3.23192 12.6597 -3.23192
6.08 7.52 1.02375 18.989 1.02375
6.08 7.68 1.40424 20.1764 1.40424
6.08 7.84 -29.1839 -10.0886 -29.1839
6.24 0 -6.92482 12.6009 -6.92482
6.24 0.16 -7.52249 11.9347 -7.52249
6.24 0.32 -3.95765 15.2342 -3.95765
6.24 0.48 -3.20518 15.4205 -3.20518
6.24 0.64 -2.79272 14.6884 -2.79272
6.24 0.8 -2.81225 12.2777 -2.81225
6.24 0.96 -3.13222 6.9948 -3.13222
6.24 1.12 -1.39855 0.180457 -1.39855
6.24 1.28 4.61842 -3.16989 4.61842
6.24 1.44 10.818 -3.1286 10.818
6.24 1.6 14.1621 -2.85013 14.1621
6.24 1.76 15.4259 -3.02406 15.4259
6.24 1.92 15.7609 -3.37357 15.7609
6.24 2.08 15.7845 -3.65576 15.7845
6.24 2.24 15.775 -3.73609 15.775
6.24 2.4 15.7993 -3.57882 15.7993
6.24 2.56 15.746 -3.23938 15.746
6.24 2.72 15.2574 -2.87912 15.2574
6.24 2.88 13.5124 -2.80625 13.5124
6.24 3.04 9.12069 -3.24663 9.12069
6.24 3.2 1.99741 -2.74967 1.99741
6.24 3.36 -3.04455 2.13817 -3.04455
6.24 3.52 -3.57168 9.04608 -3.57168
6.24 3.68 -3.0641 13.393 -3.0641
6.24 3.84 -3.01485 15.2016 -3.01485
6.24 4 -3.2271 15.7854 -3.2271
6.24 4.16 -3.40627 15.9294 -3.40627
6.24 4.32 -3.40798 15.9548 -3.40798
6.24 4.48 -3.21538 15.8949 -3.21538
6.24 4.64 -2.93841 15.5075 -2.93841
6.24 4.8 -2.84765 14.1111 -2.84765
6.24 4.96 -3.2898 10.3429 -3.2898
6.24 5.12 -3.39332 3.40021 -3.39332
6.24 5.28 0.529713 -2.69571 0.529713
6.24 5.44 7.72229 -3.83589 7.72229
6.24 5.6 12.815 -3.19929 12.815
6.24 5.76 15.0515 -2.96886 15.0515
6.24 5.92 15.8215 -3.05939 15.8215
6.24 6.08 16.0264 -3.15135 16.0264
6.24 6.24 15.988 -3.1066 15.988
6.24 6.4 15.6176 -2.96369 15.6176
6.24 6.56 14.3407 -2.95387 14.3407
6.24 6.72 10.8405 -3.45885 10.8405
6.24 6.88 3.99185 -3.87375 3.99185
6.24 7.04 -2.62567 -0.400522 -2.62567
6.24 7.2 -4.02969 7.08358 -4.02969
6.24 7.36 -3.23107 12.6622 -3.23107
6.24 7.52 1.0237 18.9896 1.0237
6.24 7.68 1.40385 20.1763 1.40385
6.24 7.84 -29.1848 -10.0897 -29.1848
6.4 0 -6.91362 12.6122 -6.91362
6.4 0.16 -7.51627 11.9411 -7.51627
6.4 0.32 -3.95139 15.2408 -3.95139
6.4 0.48 -3.19948 15.427 -3.19948
6.4 0.64 -2.78799 14.6946 -2.78799
6.4 0.8 -2.80916 12.2831 -2.80916
6.4 0.96 -3.13221 6.99756 -3.13221
6.4 1.12 -1.40215 0.178252 -1.40215
6.4 1.28 4.61414 -3.17516 4.61414
6.4 1.44 10.8142 -3.13425 10.8142
6.4 1.6 14.158 -2.85566 14.158
6.4 1.76 15.4219 -3.02893 15.4219
6.4 1.92 15.7578 -3.37689 15.7578
6.4 2.08 15.783 -3.65672 15.783
6.4 2.24 15.7752 -3.73434 15.7752
6.4 2.4 15.8002 -3.57478 15.8002
6.4 2.56 15.7451 -3.23427 15.7451
6.4 2.72 15.2496 -2.87522 15.2496
6.4 2.88 13.4873 -2.80705 13.4873
6.4 3.04 9.06574 -3.25095 9.06574
6.4 3.2 1.93252 -2.72959 1.93252
6.4 3.36 -3.06679 2.19943 -3.06679
6.4 3.52 -3.568 9.0988 -3.568
6.4 3.68 -3.06218 13.4181 -3.06218
6.4 3.84 -3.01641 15.2105 -3.01641
6.4 4 -3.22878 15.788 -3.22878
6.4 4.16 -3.40598 15.9306 -3.40598
6.4 4.32 -3.40501 15.9559 -3.40501
6.4 4.48 -3.2104 15.8949 -3.2104
6.4 4.64 -2.9336 15.5019 -2.9336
6.4 4.8 -2.84701 14.0896 -2.84701
6.4 4.96 -3.29513 10.2897 -3.29513
6.4 5.12 -3.38074 3.32505 -3.38074
6.4 5.28 0.593091 -2.73037 0.593091
6.4 5.44 7.78707 -3.83237 7.78707
6.4 5.6 12.8474 -3.19568 12.8474
6.4 5.76 15.0627 -2.9704 15.0627
6.4 5.92 15.8243 -3.06215 15.8243
6.4 6.08 16.0268 -3.15276 16.0268
6.4 6.24 15.9881 -3.10585 15.9881
6.4 6.4 15.617 -2.96125 15.617
6.4 6.56 14.3368 -2.95115 14.3368
6.4 6.72 10.8288 -3.45707 10.8288
6.4 6.88 3.97412 -3.86799 3.97412
6.4 7.04 -2.63359 -0.382599 -2.63359
6.4 7.2 -4.02835 7.10006 -4.02835
6.4 7.36 -3.23118 12.6683 -3.23118
6.4 7.52 1.02138 18.9896 1.02138
6.4 7.68 1.40069 20.1742 1.40069
6.4 7.84 -29.1883 -10.0927 -29.1883
6.56 0 -6.89238 12.6332 -6.89238
6.56 0.16 -7.50928 11.9477 -7.50928
6.56 0.32 -3.9444 15.2473 -3.9444
6.56 0.48 -3.19306 15.4325 -3.19306
6.56 0.64 -2.78295 14.6976 -2.78295
6.56 0.8 -2.80681 12.2803 -2.80681
6.56 0.96 -3.13196 6.98534 -3.13196
6.56 1.12 -1.39641 0.163175 -1.39641
6.56 1.28 4.62606 -3.18259 4.62606
6.56 1.44 10.8213 -3.13891 10.8213
6.56 1.6 14.1585 -2.86148 14.1585
6.56 1.76 15.419 -3.03515 15.419
6.56 1.92 15.7543 -3.38195 15.7543
6.56 2.08 15.7806 -3.65933 15.7806
6.56 2.24 15.7743 -3.73387 15.7743
6.56 2.4 15.8 -3.57151 15.8
6.56 2.56 15.7427 -3.22953 15.7427
6.56 2.72 15.2389 -2.87172 15.2389
6.56 2.88 13.4551 -2.80903 13.4551
6.56 3.04 8.99651 -3.25658 8.99651
6.56 3.2 1.8522 -2.70341 1.8522
6.56 3.36 -3.09297 2.2771 -3.09297
6.56 3.52 -3.56239 9.1649 -3.56239
6.56 3.68 -3.05928 13.4494 -3.05928
6.56 3.84 -3.01828 15.2214 -3.01828
6.56 4 -3.23124 15.7909 -3.23124
6.56 4.16 -3.40639 15.9313 -3.40639
6.56 4.32 -3.40241 15.9564 -3.40241
6.56 4.48 -3.20544 15.8939 -3.20544
6.56 4.64 -2.92875 15.494 -2.92875
6.56 4.8 -2.84696 14.0625 -2.84696
6.56 4.96 -3.30181 10.2243 -3.30181
6.56 5.12 -3.36457 3.23394 -3.36457
6.56 5.28 0.671142 -2.77138 0.671142
6.56 5.44 7.86577 -3.82768 7.86577
6.56 5.6 12.8865 -3.19137 12.8865
6.56 5.76 15.0761 -2.97252 15.0761
6.56 5.92 15.8272 -3.06597 15.8272
6.56 6.08 16.0267 -3.15514 16.0267
6.56 6.24 15.9873 -3.10577 15.9873
6.56 6.4 15.6144 -2.95931 15.6144
6.56 6.56 14.3279 -2.94938 14.3279
6.56 6.72 10.8061 -3.4571 10.8061
6.56 6.88 3.94036 -3.8603 3.94036
6.56 7.04 -2.64918 -0.350878 -2.64918
6.56 7.2 -4.02548 7.13164 -4.02548
6.56 7.36 -3.22988 12.6821 -3.22988
6.56 7.52 1.01863 18.9919 1.01863
6.56 7.68 1.39626 20.1722 1.39626
6.56 7.84 -29.1929 -10.0957 -29.1929
6.72 0 -6.85021 12.6747 -6.85021
6.72 0.16 -7.5017 11.9542 -7.5017
6.72 0.32 -3.93605 15.2539 -3.93605
6.72 0.48 -3.18572 15.4367 -3.18572
6.72 0.64 -2.77812 14.6959 -2.77812
6.72 0.8 -2.80637 12.266 -2.80637
6.72 0.96 -3.13266 6.95345 -3.13266
6.72 1.12 -1.38036 0.131482 -1.38036
6.72 1.28 4.65695 -3.19279 4.65695
6.72 1.44 10.8417 -3.14177 10.8417
6.72 1.6 14.1652 -2.86623 14.1652
6.72 1.76 15.4187 -3.0409 15.4187
6.72 1.92 15.752 -3.38648 15.752
6.72 2.08 15.779 -3.66105 15.779
6.72 2.24 15.7742 -3.73206 15.7742
6.72 2.4 15.8004 -3.56653 15.8004
6.72 2.56 15.7402 -3.22308 15.7402
6.72 2.72 15.2256 -2.86716 15.2256
6.72 2.88 13.4151 -2.81155 13.4151
6.72 3.04 8.91116 -3.26356 8.91116
6.72 3.2 1.75441 -2.67096 1.75441
6.72 3.36 -3.12414 2.3715 -3.12414
6.72 3.52 -3.55552 9.24419 -3.55552
6.72 3.68 -3.05578 13.4865 -3.05578
6.72 3.84 -3.02046 15.2341 -3.02046
6.72 4 -3.23412 15.7941 -3.23412
6.72 4.16 -3.40699 15.9319 -3.40699
6.72 4.32 -3.39969 15.9565 -3.39969
6.72 4.48 -3.20018 15.8918 -3.20018
6.72 4.64 -2.92395 15.4835 -2.92395
6.72 4.8 -2.84809 14.0285 -2.84809
6.72 4.96 -3.31085 10.1444 -3.31085
6.72 5.12 -3.34513 3.12436 -3.34513
6.72 5.28 0.764788 -2.81944 0.764788
6.72 5.44 7.9594 -3.82128 7.9594
6.72 5.6 12.9334 -3.18512 12.9334
6.72 5.76 15.0929 -2.97343 15.0929
6.72 5.92 15.832 -3.06862 15.832
6.72 6.08 16.0277 -3.1561 16.0277
6.72 6.24 15.9869 -3.10405 15.9869
6.72 6.4 15.6107 -2.95596 15.6107
6.72 6.56 14.3141 -2.94739 14.3141
6.72 6.72 10.7704 -3.45866 10.7704
6.72 6.88 3.88703 -3.85046 3.88703
6.72 7.04 -2.67461 -0.303507 -2.67461
6.72 7.2 -4.0215 7.18022 -4.0215
6.72 7.36 -3.22726 12.7043 -3.22726
6.72 7.52 1.01575 18.9973 1.01575
6.72 7.68 1.39117 20.1713 1.39117
6.72 7.84 -29.199 -10.0991 -29.199
6.88 0 -6.78293 12.741 -6.78293
6.88 0.16 -7.49345 11.9607 -7.49345
6.88 0.32 -3.92731 15.2596 -3.92731
6.88 0.48 -3.17824 15.4384 -3.17824
6.88 0.64 -2.77411 14.6881 -2.77411
6.88 0.8 -2.80834 12.2381 -2.80834
6.88 0.96 -3.13388 6.89873 -3.13388
6.88 1.12 -1.35102 0.0813861 -1.35102
6.88 1.28 4.71078 -3.20539 4.71078
6.88 1.44 10.8775 -3.14251 10.8775
6.88 1.6 14.1787 -2.87038 14.1787
6.88 1.76 15.4209 -3.04719 15.4209
6.88 1.92 15.7506 -3.39179 15.7506
6.88 2.08 15.7777 -3.66327 15.7777
6.88 2.24 15.7743 -3.73024 15.7743
6.88 2.4 15.8009 -3.5611 15.8009
6.88 2.56 15.737 -3.21602 15.737
6.88 2.72 15.2093 -2.86241 15.2093
6.88 2.88 13.3666 -2.8151 13.3666
6.88 3.04 8.80886 -3.27163 8.80886
6.88 3.2 1.6392 -2.63053 1.6392
6.88 3.36 -3.15938 2.4845 -3.15938
6.88 3.52 -3.54708 9.33734 -3.54708
6.88 3.68 -3.0519 13.5296 -3.0519
6.88 3.84 -3.02346 15.2485 -3.02346
6.88 4 -3.23811 15.7973 -3.23811
6.88 4.16 -3.40861 15.9318 -3.40861
6.88 4.32 -3.39768 15.9556 -3.39768
6.88 4.48 -3.19543 15.8882 -3.19543
6.88 4.64 -2.91986 15.4696 -2.91986
6.88 4.8 -2.85095 13.9867 -2.85095
6.88 4.96 -3.32245 10.0484 -3.32245
6.88 5.12 -3.32128 2.99544 -3.32128
6.88 5.28 0.876125 -2.874 0.876125
6.88 5.44 8.069 -3.81293 8.069
6.88 5.6 12.9881 -3.17747 12.9881
6.88 5.76 15.1128 -2.97411 15.1128
6.88 5.92 15.8379 -3.07135 15.8379
6.88 6.08 16.0291 -3.15696 16.0291
6.88 6.24 15.9861 -3.102 15.9861
6.88 6.4 15.605 -2.95239 15.605
6.88 6.56 14.2938 -2.94616 14.2938
6.88 6.72 10.7195 -3.46245 10.7195
6.88 6.88 3.81158 -3.83765 3.81158
6.88 7.04 -2.7105 -0.237358 -2.7105
6.88 7.2 -4.01597 7.24851 -4.01597
6.88 7.36 -3.22335 12.7361 -3.22335
6.88 7.52 1.01214 19.0057 1.01214
6.88 7.68 1.38421 20.1707 1.38421
6.88 7.84 -29.2059 -10.1017 -29.2059
7.04 0 -6.72727 12.795 -6.72727
7.04 0.16 -7.48351 11.9679 -7.48351
7.04 0.32 -3.91794 15.2643 -3.91794
7.04 0.48 -3.17069 15.4372 -3.17069
7.04 0.64 -2.77102 14.6731 -2.77102
7.04 0.8 -2.81276 12.1944 -2.81276
7.04 0.96 -3.13508 6.81824 -3.13508
7.04 1.12 -1.30581 0.0114009 -1.30581
7.04 1.28 4.79047 -3.21981 4.79047
7.04 1.44 10.9304 -3.14028 10.9304
7.04 1.6 14.1995 -2.8733 14.1995
7.04 1.76 15.4255 -3.05366 15.4255
7.04 1.92 15.7495 -3.39773 15.7495
7.04 2.08 15.7761 -3.66599 15.7761
7.04 2.24 15.774 -3.72846 15.774
7.04 2.4 15.8007 -3.55523 15.8007
7.04 2.56 15.7323 -3.20822 15.7323
7.04 2.72 15.1891 -2.85727 15.1891
7.04 2.88 13.3084 -2.81959 13.3084
7.04 3.04 8.68789 -3.28055 8.68789
7.04 3.2 1.50595 -2.58072 1.50595
7.04 3.36 -3.19794 2.61763 -3.19794
7.04 3.52 -3.53651 9.44494 -3.53651
7.04 3.68 -3.04737 13.5788 -3.04737
7.04 3.84 -3.02711 15.2647 -3.02711
7.04 4 -3.24313 15.8006 -3.24313
7.04 4.16 -3.41114 15.9312 -3.41114
7.04 4.32 -3.39634 15.9537 -3.39634
7.04 4.48 -3.19113 15.8829 -3.19113
7.04 4.64 -2.91641 15.452 -2.91641
7.04 4.8 -2.85545 13.9365 -2.85545
7.04 4.96 -3.33622 9.93531 -3.33622
7.04 5.12 -3.29165 2.84684 -3.29165
7.04 5.28 1.00658 -2.93415 1.00658
7.04 5.44 8.19474 -3.80199 8.19474
7.04 5.6 13.0503 -3.16806 13.0503
7.04 5.76 15.1353 -2.97436 15.1353
7.04 5.92 15.8443 -3.07403 15.8443
7.04 6.08 16.0301 -3.1576 16.0301
7.04 6.24 15.9842 -3.09957 15.9842
7.04 6.4 15.5961 -2.94863 15.5961
7.04 6.56 14.2655 -2.94591 14.2655
7.04 6.72 10.6503 -3.46889 10.6503
7.04 6.88 3.71064 -3.82116 3.71064
7.04 7.04 -2.75767 -0.149395 -2.75767
7.04 7.2 -4.00831 7.3391 -4.00831
7.04 7.36 -3.21773 12.7788 -3.21773
7.04 7.52 1.00797 19.0178 1.00797
7.04 7.68 1.37575 20.1711 1.37575
7.04 7.84 -29.2137 -10.1034 -29.2137
7.2 0 -6.70868 12.8105 -6.70868
7.2 0.16 -7.47141 11.9758 -7.47141
7.2 0.32 -3.90689 15.2683 -3.90689
7.2 0.48 -3.16206 15.4329 -3.16206
7.2 0.64 -2.7681 14.65 -2.7681
7.2 0.8 -2.81929 12.1326 -2.81929
7.2 0.96 -3.13546 6.70851 -3.13546
7.2 1.12 -1.24198 -0.0798562 -1.24198
7.2 1.28 4.89843 -3.23557 4.89843
7.2 1.44 11.0012 -3.13467 11.0012
7.2 1.6 14.2282 -2.87472 14.2282
7.2 1.76 15.433 -3.05987 15.433
7.2 1.92 15.7494 -3.40369 15.7494
7.2 2.08 15.7747 -3.66854 15.7747
7.2 2.24 15.7738 -3.72606 15.7738
7.2 2.4 15.8003 -3.54838 15.8003
7.2 2.56 15.7263 -3.19932 15.7263
7.2 2.72 15.1647 -2.85166 15.1647
7.2 2.88 13.2393 -2.82518 13.2393
7.2 3.04 8.54666 -3.29018 8.54666
7.2 3.2 1.35471 -2.52016 1.35471
7.2 3.36 -3.23858 2.77164 -3.23858
7.2 3.52 -3.52306 9.56663 -3.52306
7.2 3.68 -3.04142 13.6339 -3.04142
7.2 3.84 -3.0304 15.283 -3.0304
7.2 4 -3.24798 15.8046 -3.24798
7.2 4.16 -3.41312 15.9309 -3.41312
7.2 4.32 -3.3941 15.9518 -3.3941
7.2 4.48 -3.18584 15.8766 -3.18584
7.2 4.64 -2.91242 15.431 -2.91242
7.2 4.8 -2.86085 13.877 -2.86085
7.2 4.96 -3.35158 9.80373 -3.35158
7.2 5.12 -3.25465 2.67804 -3.25465
7.2 5.28 1.1575 -2.99888 1.1575
7.2 5.44 8.33645 -3.788 8.33645
7.2 5.6 13.1195 -3.15671 13.1195
7.2 5.76 15.1604 -2.97384 15.1604
7.2 5.92 15.8516 -3.07614 15.8516
7.2 6.08 16.0313 -3.15747 16.0313
7.2 6.24 15.9813 -3.09624 15.9813
7.2 6.4 15.5839 -2.94437 15.5839
7.2 6.56 14.2278 -2.94671 14.2278
7.2 6.72 10.5601 -3.47834 10.5601
7.2 6.88 3.58147 -3.80003 3.58147
7.2 7.04 -2.81603 -0.0368339 -2.81603
7.2 7.2 -3.99732 7.45387 -3.99732
7.2 7.36 -3.20901 12.8335 -3.20901
7.2 7.52 1.00505 19.035 1.00505
7.2 7.68 1.36812 20.1743 1.36812
7.2 7.84 -29.2218 -10.104 -29.2218
7.36 0 -6.69863 12.8155 -6.69863
7.36 0.16 -7.45826 11.9827 -7.45826
7.36 0.32 -3.89453 15.2709 -3.89453
7.36 0.48 -3.15217 15.4249 -3.15217
7.36 0.64 -2.76497 14.6176 -2.76497
7.36 0.8 -2.82737 12.0506 -2.82737
7.36 0.96 -3.13324 6.56746 -3.13324
7.36 1.12 -1.15602 -0.191627 -1.15602
7.36 1.28 5.03591 -3.2512 5.03591
7.36 1.44 11.0887 -3.12584 11.0887
7.36 1.6 14.2624 -2.87574 14.2624
7.36 1.76 15.4412 -3.06725 15.4412
7.36 1.92 15.7481 -3.41126 15.7481
7.36 2.08 15.7715 -3.67269 15.7715
7.36 2.24 15.7713 -3.72501 15.7713
7.36 2.4 15.7972 -3.54248 15.7972
7.36 2.56 15.7164 -3.1912 15.7164
7.36 2.72 15.1331 -2.84723 15.1331
7.36 2.88 13.1561 -2.83299 13.1561
7.36 3.04 8.38265 -3.30029 8.38265
7.36 3.2 1.18582 -2.44664 1.18582
7.36 3.36 -3.27958 2.94743 -3.27958
7.36 3.52 -3.50601 9.70169 -3.50601
7.36 3.68 -3.03363 13.6944 -3.03363
7.36 3.84 -3.03297 15.3032 -3.03297
7.36 4 -3.25237 15.8093 -3.25237
7.36 4.16 -3.41429 15.9311 -3.41429
7.36 4.32 -3.39056 15.9502 -3.39056
7.36 4.48 -3.17914 15.8696 -3.17914
7.36 4.64 -2.90753 15.4064 -2.90753
7.36 4.8 -2.8669 13.8076 -2.8669
7.36 4.96 -3.36801 9.65214 -3.36801
7.36 5.12 -3.20826 2.48946 -3.20826
7.36 5.28 1.32966 -3.06628 1.32966
7.36 5.44 8.49203 -3.77095 8.49203
7.36 5.6 13.1932 -3.1446 13.1932
7.36 5.76 15.1856 -2.97401 15.1856
7.36 5.92 15.8575 -3.07931 15.8575
7.36 6.08 16.0301 -3.15839 16.0301
7.36 6.24 15.9751 -3.09376 15.9751
7.36 6.4 15.5657 -2.94125 15.5657
7.36 6.56 14.1771 -2.95027 14.1771
7.36 6.72 10.4444 -3.49202 10.4444
7.36 6.88 3.42096 -3.77296 3.42096
7.36 7.04 -2.88466 0.103457 -2.88466
7.36 7.2 -3.9817 7.59412 -3.9817
7.36 7.36 -3.19641 12.9008 -3.19641
7.36 7.52 1.00383 19.0576 1.00383
7.36 7.68 1.36139 20.1804 1.36139
7.36 7.84 -29.2295 -10.1032 -29.2295
7.52 0 -6.71951 12.787 -6.71951
7.52 0.16 -7.44502 11.987 -7.44502
7.52 0.32 -3.88248 15.269 -3.88248
7.52 0.48 -3.14299 15.4094 -3.14299
7.52 0.64 -2.7641 14.5707 -2.7641
7.52 0.8 -2.83943 11.9414 -2.83943
7.52 0.96 -3.12816 6.39 -3.12816
7.52 1.12 -1.04516 -0.323365 -1.04516
7.52 1.28 5.20219 -3.26524 5.20219
7.52 1.44 11.1901 -3.11387 11.1901
7.52 1.6 14.3007 -2.87631 14.3007
7.52 1.76 15.4498 -3.07529 15.4498
7.52 1.92 15.746 -3.41976 15.746
7.52 2.08 15.7673 -3.67731 15.7673
7.52 2.24 15.7676 -3.72401 15.7676
7.52 2.4 15.792 -3.53655 15.792
7.52 2.56 15.7026 -3.18306 15.7026
7.52 2.72 15.0932 -2.84372 15.0932
7.52 2.88 13.0559 -2.84348 13.0559
7.52 3.04 8.19286 -3.31029 8.19286
7.52 3.2 0.999719 -2.3582 0.999719
7.52 3.36 -3.31997 3.14289 -3.31997
7.52 3.52 -3.48709 9.84466 -3.48709
7.52 3.68 -3.02679 13.755 -3.02679
7.52 3.84 -3.03693 15.3215 -3.03693
7.52 4 -3.25828 15.8115 -3.25828
7.52 4.16 -3.41667 15.9287 -3.41667
7.52 4.32 -3.38764 15.9459 -3.38764
7.52 4.48 -3.17342 15.8581 -3.17342
7.52 4.64 -2.90441 15.3738 -2.90441
7.52 4.8 -2.87611 13.7228 -2.87611
7.52 4.96 -3.38686 9.47532 -3.38686
7.52 5.12 -3.15071 2.28022 -3.15071
7.52 5.28 1.52287 -3.13439 1.52287
7.52 5.44 8.65773 -3.75113 8.65773
7.52 5.6 13.2685 -3.13224 13.2685
7.52 5.76 15.2098 -2.97486 15.2098
7.52 5.92 15.8617 -3.08308 15.8617
7.52 6.08 16.0265 -3.15992 16.0265
7.52 6.24 15.9651 -3.09184 15.9651
7.52 6.4 15.5401 -2.93938 15.5401
7.52 6.56 14.1106 -2.95726 14.1106
7.52 6.72 10.2984 -3.51056 10.2984
7.52 6.88 3.22666 -3.73793 3.22666
7.52 7.04 -2.96197 0.273205 -2.96197
7.52 7.2 -3.96178 7.75672 -3.96178
7.52 7.36 -3.18216 12.976 -3.18216
7.52 7.52 1.00191 19.0813 1.00191
7.52 7.68 1.35387 20.1866 1.35387
7.52 7.84 -29.2383 -10.1035 -29.2383
7.68 0 14.0074 33.5029 14.0074
7.68 0.16 16.472 35.8916 16.472
7.68 0.32 19.3874 38.5198 19.3874
7.68 0.48 20.0183 38.5371 20.0183
7.68 0.64 20.3249 37.596 20.3249
7.68 0.8 20.1655 34.82 20.1655
7.68 0.96 19.8274 29.1164 19.8274
7.68 1.12 21.9889 22.422 21.9889
7.68 1.28 28.3248 19.6565 28.3248
7.68 1.44 34.3083 19.9103 34.3083
7.68 1.6 37.4096 20.1939 37.4096
7.68 1.76 38.5731 20.0326 38.5731
7.68 1.92 38.8943 19.7235 38.8943
7.68 2.08 38.9363 19.4927 38.9363
7.68 2.24 38.9441 19.459 38.9441
7.68 2.4 38.9552 19.641 38.9552
7.68 2.56 38.8248 19.9666 38.8248
7.68 2.72 38.1394 20.2561 38.1394
7.68 2.88 35.9691 20.1787 35.9691
7.68 3.04 30.9349 19.6439 30.9349
7.68 3.2 23.6992 20.6506 23.6992
7.68 3.36 19.5622 26.2738 19.5622
7.68 3.52 19.5286 32.9836 19.5286
7.68 3.68 20.0369 36.8692 20.0369
7.68 3.84 20.0612 38.4391 20.0612
7.68 4 19.8716 38.9472 19.8716
7.68 4.16 19.7344 39.0775 19.7344
7.68 4.32 19.7694 39.0928 19.7694
7.68 4.48 19.9699 38.9795 19.9699
7.68 4.64 20.1991 38.4329 20.1991
7.68 4.8 20.1605 36.6676 20.1605
7.68 4.96 19.5747 32.25 19.5747
7.68 5.12 19.8348 24.963 19.8348
7.68 5.28 24.6451 19.7097 24.6451
7.68 5.44 31.8075 19.2527 31.8075
7.68 5.6 36.3859 19.9257 36.3859
7.68 5.76 38.3188 20.1123 38.3188
7.68 5.92 38.9792 20.0292 38.9792
7.68 6.08 39.1486 19.9674 39.1486
7.68 6.24 39.0749 20.0346 39.0749
7.68 6.4 38.6038 20.1604 38.6038
7.68 6.56 37.0799 20.0882 37.0799
7.68 6.72 33.1114 19.4617 33.1114
7.68 6.88 25.9238 19.2368 25.9238
7.68 7.04 19.8619 23.38 19.8619
7.68 7.2 19.0352 30.9078 19.0352
7.68 7.36 19.8651 36.0855 19.8651
7.68 7.52 23.9112 42.0151 23.9112
7.68 7.68 22.8605 41.7078 22.8605
7.68 7.84 1.01135 20.1521 1.01135
7.84 0 -41.8579 -22.4099 -41.8579
7.84 0.16 -48.4772 -29.1228 -48.4772
7.84 0.32 -43.7935 -24.7681 -43.7935
7.84 0.48 -42.8731 -24.5426 -42.8731
7.84 0.64 -42.4347 -25.5086 -42.4347
7.84 0.8 -42.4508 -28.4322 -42.4508
7.84 0.96 -42.4294 -34.1877 -42.4294
7.84 1.12 -39.633 -40.3836 -39.633
7.84 1.28 -33.2852 -42.7075 -33.2852
7.84 1.44 -27.8614 -42.5772 -27.8614
7.84 1.6 -25.1898 -42.5164 -25.1898
7.84 1.76 -24.2601 -42.8341 -24.2601
7.84 1.92 -24.07 -43.243 -24.07
7.84 2.08 -24.0951 -43.5211 -24.0951
7.84 2.24 -24.1081 -43.5519 -24.1081
7.84 2.4 -24.0843 -43.3195 -24.0843
7.84 2.56 -24.1989 -42.9098 -24.1989
7.84 2.72 -24.9214 -42.5268 -24.9214
7.84 2.88 -27.2361 -42.4943 -27.2361
7.84 3.04 -32.4339 -42.7755 -32.4339
7.84 3.2 -39.3212 -41.1306 -39.3212
7.84 3.36 -42.8557 -35.2361 -42.8557
7.84 3.52 -42.9009 -29.0372 -42.9009
7.84 3.68 -42.6187 -25.6418 -42.6187
7.84 3.84 -42.7595 -24.339 -42.7595
7.84 4 -43.0432 -23.9668 -43.0432
7.84 4.16 -43.2163 -23.9 -43.2163
7.84 4.32 -43.1661 -23.9039 -43.1661
7.84 4.48 -42.9085 -24.0185 -42.9085
7.84 4.64 -42.5983 -24.5953 -42.5983
7.84 4.8 -42.5498 -26.4956 -42.5498
7.84 4.96 -42.9481 -31.1226 -42.9481
7.84 5.12 -42.1078 -38.2165 -42.1078
7.84 5.28 -36.8312 -42.7956 -36.8312
7.84 5.44 -30.0892 -43.1378 -30.0892
7.84 5.6 -26.0478 -42.6841 -26.0478
7.84 5.76 -24.4077 -42.6632 -24.4077
7.84 5.92 -23.8866 -42.8319 -23.8866
7.84 6.08 -23.7797 -42.9175 -23.7797
7.84 6.24 -23.8839 -42.8278 -23.8839
7.84 6.4 -24.3945 -42.6439 -24.3945
7.84 6.56 -26.0458 -42.6472 -26.0458
7.84 6.72 -30.2472 -43.1342 -30.2472
7.84 6.88 -37.362 -42.8447 -37.362
7.84 7.04 -42.7297 -38.0972 -42.7297
7.84 7.2 -43.3312 -30.8959 -43.3312
7.84 7.36 -42.6932 -26.2731 -42.6932
7.84 7.52 -38.3821 -20.2255 -38.3821
7.84 7.68 -35.4753 -16.6354 -35.4753
7.84 7.84 -81.2387 -62.0915 -81.2387
