0 0 0.00211941 0.98816 0.01551
0 0.16 0.00333866 0.978676 0.0246208
0 0.32 0.00983139 0.926089 0.0730826
0 0.48 0.0374929 0.696644 0.27921
0 0.64 0.0921789 0.239081 0.687475
0 0.8 0.112858 0.0618415 0.846608
0 0.96 0.116592 0.0202523 0.884789
0 1.12 0.116004 0.00861519 0.896245
0 1.28 0.113902 0.00417547 0.901721
0 1.44 0.110996 0.00211235 0.905655
0 1.6 0.107661 0.00107565 0.909043
0 1.76 0.104214 0.000545355 0.911726
0 1.92 0.101023 0.000277529 0.913044
0 2.08 0.098571 0.000147721 0.913161
0 2.24 0.0972445 9.04368e-05 0.912714
0 2.4 0.0971365 7.13852e-05 0.911904
0 2.56 0.0981205 7.34046e-05 0.91106
0 2.72 0.0999358 8.85242e-05 0.910475
0 2.88 0.102152 0.000112832 0.909047
0 3.04 0.104465 0.000143631 0.906603
0 3.2 0.106831 0.000178161 0.904946
0 3.36 0.108841 0.000212583 0.902539
0 3.52 0.110262 0.000242323 0.899204
0 3.68 0.111286 0.000263672 0.89769
0 3.84 0.111711 0.00027311 0.897598
0 4 0.111723 0.00026943 0.900565
0 4.16 0.111162 0.000252908 0.905229
0 4.32 0.110307 0.000226645 0.912159
0 4.48 0.10886 0.00019436 0.918565
0 4.64 0.106883 0.000160577 0.923605
0 4.8 0.104774 0.000129183 0.928922
0 4.96 0.102506 0.000102713 0.932239
0 5.12 0.100313 8.34511e-05 0.933233
0 5.28 0.0986336 7.38295e-05 0.933123
0 5.44 0.0977784 7.80377e-05 0.931803
0 5.6 0.0979872 0.000105293 0.929167
0 5.76 0.0993476 0.000175044 0.925457
0 5.92 0.101635 0.000325269 0.920371
0 6.08 0.104438 0.000627453 0.913755
0 6.24 0.107376 0.00121654 0.906224
0 6.4 0.110153 0.00235684 0.898489
0 6.56 0.112535 0.00461991 0.890882
0 6.72 0.114247 0.00955242 0.882748
0 6.88 0.11456 0.0230158 0.869142
0 7.04 0.109962 0.0736302 0.823989
0 7.2 0.0851555 0.288163 0.633726
0 7.36 0.0304433 0.747775 0.225876
0 7.52 0.00812165 0.937819 0.060027
0 7.68 0.00317568 0.982672 0.0232533
0 7.84 0.00233889 0.99147 0.0169639
0.12 0 0.00278439 0.983001 0.0202508
0.12 0.16 0.00426906 0.971374 0.0312704
0.12 0.32 0.0120065 0.908534 0.088706
0.12 0.48 0.0425641 0.655327 0.315596
0.12 0.64 0.0946716 0.219738 0.704127
0.12 0.8 0.113428 0.058183 0.849405
0.12 0.96 0.116744 0.0195359 0.885073
0.12 1.12 0.116034 0.00842943 0.896115
0.12 1.28 0.113874 0.0041125 0.901534
0.12 1.44 0.110929 0.00208734 0.905426
0.12 1.6 0.107594 0.00106496 0.908774
0.12 1.76 0.104177 0.000540734 0.911446
0.12 1.92 0.101037 0.000275783 0.912777
0.12 2.08 0.0986571 0.000147693 0.912922
0.12 2.24 0.0974151 9.19795e-05 0.912526
0.12 2.4 0.0973895 7.49557e-05 0.911761
0.12 2.56 0.0984374 7.9881e-05 0.910875
0.12 2.72 0.1003 9.91863e-05 0.910214
0.12 2.88 0.102574 0.00012921 0.90894
0.12 3.04 0.104937 0.000167406 0.906675
0.12 3.2 0.107268 0.000210758 0.904542
0.12 3.36 0.109227 0.000254728 0.901599
0.12 3.52 0.110654 0.000293594 0.898328
0.12 3.68 0.111681 0.000321885 0.896705
0.12 3.84 0.112091 0.000334528 0.896541
0.12 4 0.112068 0.000329565 0.899176
0.12 4.16 0.111447 0.000307732 0.903581
0.12 4.32 0.110555 0.000273348 0.909985
0.12 4.48 0.109133 0.000231747 0.916596
0.12 4.64 0.107185 0.000188646 0.921978
0.12 4.8 0.105017 0.000148953 0.926951
0.12 4.96 0.102686 0.000115831 0.929964
0.12 5.12 0.100458 9.16447e-05 0.931011
0.12 5.28 0.0987403 7.85793e-05 0.931056
0.12 5.44 0.0978317 8.04501e-05 0.929895
0.12 5.6 0.0979836 0.000106081 0.927463
0.12 5.76 0.0993031 0.000174473 0.92407
0.12 5.92 0.101576 0.000323009 0.919393
0.12 6.08 0.104395 0.000622149 0.913213
0.12 6.24 0.107373 0.00120452 0.906083
0.12 6.4 0.1102 0.00232817 0.898677
0.12 6.56 0.11263 0.00454562 0.891282
0.12 6.72 0.114409 0.00932676 0.883289
0.12 6.88 0.114853 0.0221052 0.870133
0.12 7.04 0.110768 0.0688007 0.828206
0.12 7.2 0.0883542 0.263471 0.655381
0.12 7.36 0.0352541 0.7086 0.260163
0.12 7.52 0.0100801 0.921337 0.0739022
0.12 7.68 0.00411231 0.97408 0.0298254
0.12 7.84 0.00306018 0.984551 0.0219944
0.24 0 0.00559362 0.960757 0.0401674
0.24 0.16 0.00809041 0.941041 0.0584152
0.24 0.32 0.0201542 0.842877 0.147006
0.24 0.48 0.0581747 0.52868 0.427458
0.24 0.64 0.101854 0.163561 0.753362
0.24 0.8 0.115217 0.0454348 0.86021
0.24 0.96 0.117193 0.0162404 0.887592
0.24 1.12 0.116045 0.0072646 0.896767
0.24 1.28 0.113677 0.00360474 0.901643
0.24 1.44 0.110594 0.00184544 0.905241
0.24 1.6 0.107258 0.000946425 0.908394
0.24 1.76 0.103938 0.00048259 0.91099
0.24 1.92 0.100949 0.000247914 0.912285
0.24 2.08 0.0987813 0.000135621 0.912463
0.24 2.24 0.097789 8.94071e-05 0.912161
0.24 2.4 0.0980094 8.01908e-05 0.91154
0.24 2.56 0.0992503 9.40331e-05 0.910566
0.24 2.72 0.10125 0.000125571 0.909706
0.24 2.88 0.103667 0.000172376 0.908607
0.24 3.04 0.106142 0.0002329 0.906532
0.24 3.2 0.108442 0.00030347 0.90359
0.24 3.36 0.110358 0.000377619 0.899972
0.24 3.52 0.111782 0.000445885 0.896892
0.24 3.68 0.112826 0.00049679 0.894873
0.24 3.84 0.113156 0.000519836 0.894431
0.24 4 0.11308 0.000510119 0.896292
0.24 4.16 0.112253 0.000469998 0.90019
0.24 4.32 0.111331 0.000408293 0.905367
0.24 4.48 0.109891 0.000336632 0.911838
0.24 4.64 0.107953 0.0002649 0.917586
0.24 4.8 0.105654 0.000200663 0.921899
0.24 4.96 0.103173 0.000148395 0.924324
0.24 5.12 0.100832 0.000110204 0.925443
0.24 5.28 0.0989779 8.71272e-05 0.925761
0.24 5.44 0.09789 8.14009e-05 0.924878
0.24 5.6 0.0978485 9.97564e-05 0.922845
0.24 5.76 0.0990221 0.000158144 0.920242
0.24 5.92 0.101229 0.000288991 0.916693
0.24 6.08 0.10407 0.000553925 0.911788
0.24 6.24 0.107145 0.00106835 0.905872
0.24 6.4 0.110126 0.00205357 0.899518
0.24 6.56 0.112744 0.00397052 0.892896
0.24 6.72 0.114775 0.00798831 0.885677
0.24 6.88 0.115691 0.0181535 0.874549
0.24 7.04 0.113224 0.0527141 0.842875
0.24 7.2 0.097409 0.193274 0.717622
0.24 7.36 0.0509076 0.582507 0.371364
0.24 7.52 0.0176007 0.859561 0.126966
0.24 7.68 0.00794608 0.941194 0.056605
0.24 7.84 0.00609948 0.957694 0.0430988
0.36 0 0.0149947 0.885638 0.10639
0.36 0.16 0.0201173 0.844767 0.143291
0.36 0.32 0.0408963 0.675736 0.294394
0.36 0.48 0.0819738 0.337018 0.596262
0.36 0.64 0.109801 0.102231 0.806891
0.36 0.8 0.117095 0.0318924 0.871452
0.36 0.96 0.117572 0.0126098 0.890121
0.36 1.12 0.115894 0.00595028 0.897295
0.36 1.28 0.113263 0.00302875 0.901543
0.36 1.44 0.110049 0.0015718 0.904767
0.36 1.6 0.106716 0.000813101 0.907637
0.36 1.76 0.103526 0.000417857 0.910063
0.36 1.92 0.10078 0.000217818 0.911277
0.36 2.08 0.0989474 0.000124293 0.911459
0.36 2.24 0.0983371 9.06023e-05 0.911282
0.36 2.4 0.0989267 9.34761e-05 0.910853
0.36 2.56 0.10046 0.000122946 0.909859
0.36 2.72 0.102651 0.000176992 0.908689
0.36 2.88 0.105209 0.000255834 0.907399
0.36 3.04 0.107795 0.000360029 0.905301
0.36 3.2 0.110131 0.000485623 0.902026
0.36 3.36 0.112105 0.000622914 0.898502
0.36 3.52 0.113543 0.000754099 0.895344
0.36 3.68 0.114505 0.000854307 0.892492
0.36 3.84 0.11478 0.000900301 0.891568
0.36 4 0.114605 0.000879646 0.892651
0.36 4.16 0.113714 0.00079889 0.8962
0.36 4.32 0.112673 0.000677901 0.900408
0.36 4.48 0.111068 0.000542437 0.905647
0.36 4.64 0.109029 0.000412344 0.910862
0.36 4.8 0.106586 0.000299964 0.914509
0.36 4.96 0.103958 0.000211214 0.916594
0.36 5.12 0.101469 0.00014703 0.917881
0.36 5.28 0.0994036 0.000106038 0.918412
0.36 5.44 0.0980382 8.76845e-05 0.917795
0.36 5.6 0.0977004 9.54942e-05 0.916305
0.36 5.76 0.0986225 0.000141316 0.914683
0.36 5.92 0.10068 0.0002515 0.91255
0.36 6.08 0.103501 0.000477303 0.909327
0.36 6.24 0.106676 0.000914249 0.905095
0.36 6.4 0.109845 0.00174153 0.90016
0.36 6.56 0.112715 0.00331701 0.89459
0.36 6.72 0.115075 0.00648289 0.888275
0.36 6.88 0.116564 0.0138577 0.879277
0.36 7.04 0.115838 0.0360426 0.85794
0.36 7.2 0.107295 0.118276 0.783672
0.36 7.36 0.0766575 0.37795 0.552034
0.36 7.52 0.0375952 0.698931 0.266838
0.36 7.68 0.0202465 0.841007 0.141881
0.36 7.84 0.015922 0.87691 0.110793
0.48 0 0.0425315 0.666202 0.299095
0.48 0.16 0.0511553 0.597372 0.360711
0.48 0.32 0.0763901 0.391543 0.544281
0.48 0.48 0.103395 0.166633 0.74583
0.48 0.64 0.1158 0.0560279 0.846688
0.48 0.8 0.118465 0.0207397 0.880298
0.48 0.96 0.117657 0.00924218 0.892156
0.48 1.12 0.11547 0.00463593 0.897598
0.48 1.28 0.112587 0.0024327 0.901224
0.48 1.44 0.109281 0.00128459 0.904046
0.48 1.6 0.10599 0.000672478 0.906557
0.48 1.76 0.102989 0.000349849 0.908682
0.48 1.92 0.100577 0.00018714 0.909693
0.48 2.08 0.09918 0.000114776 0.909792
0.48 2.24 0.0990457 9.66698e-05 0.90966
0.48 2.4 0.100082 0.000116537 0.909408
0.48 2.56 0.101971 0.000169873 0.908493
0.48 2.72 0.10438 0.000259914 0.907048
0.48 2.88 0.107045 0.000391806 0.905244
0.48 3.04 0.109693 0.000570908 0.902856
0.48 3.2 0.112092 0.000795166 0.899719
0.48 3.36 0.114104 0.00105077 0.896371
0.48 3.52 0.115436 0.0013041 0.892343
0.48 3.68 0.116312 0.00150431 0.888883
0.48 3.84 0.116535 0.00159767 0.8875
0.48 4 0.116287 0.00155367 0.887986
0.48 4.16 0.115343 0.00138865 0.890919
0.48 4.32 0.114285 0.0011506 0.895004
0.48 4.48 0.112533 0.000893578 0.899035
0.48 4.64 0.110333 0.000657289 0.903013
0.48 4.8 0.107782 0.000461553 0.906135
0.48 4.96 0.105058 0.000312082 0.908257
0.48 5.12 0.102415 0.000206068 0.909725
0.48 5.28 0.100094 0.000137322 0.910364
0.48 5.44 0.0983966 0.000100468 0.910029
0.48 5.6 0.0976902 9.42493e-05 0.909166
0.48 5.76 0.0982637 0.000125232 0.90853
0.48 5.92 0.100065 0.000212728 0.907758
0.48 6.08 0.102772 0.000396679 0.906186
0.48 6.24 0.105977 0.000751704 0.90365
0.48 6.4 0.109289 0.0014142 0.90015
0.48 6.56 0.11239 0.00264273 0.895638
0.48 6.72 0.115072 0.00499141 0.890166
0.48 6.88 0.117105 0.00995629 0.882907
0.48 7.04 0.117814 0.0227027 0.869273
0.48 7.2 0.114721 0.0626102 0.831686
0.48 7.36 0.101301 0.184672 0.721529
0.48 7.52 0.0742213 0.410166 0.520214
0.48 7.68 0.0524306 0.586729 0.36312
0.48 7.84 0.0433942 0.659517 0.298621
0.6 0 0.0871682 0.313374 0.609168
0.6 0.16 0.0930374 0.266555 0.651384
0.6 0.32 0.105837 0.158927 0.748442
0.6 0.48 0.115632 0.0712892 0.828972
0.6 0.64 0.119286 0.0290989 0.869348
0.6 0.8 0.119217 0.0129758 0.886049
0.6 0.96 0.11745 0.00648855 0.893578
0.6 1.12 0.114814 0.00345466 0.897757
0.6 1.28 0.11171 0.00187202 0.900874
0.6 1.44 0.10835 0.00100844 0.903339
0.6 1.6 0.105148 0.000535949 0.905462
0.6 1.76 0.102395 0.00028402 0.907176
0.6 1.92 0.100389 0.000158663 0.907859
0.6 2.08 0.0994996 0.000108793 0.907766
0.6 2.24 0.0998922 0.000109279 0.907534
0.6 2.4 0.101401 0.000151959 0.907324
0.6 2.56 0.10366 0.000239741 0.906492
0.6 2.72 0.106291 0.000384187 0.904895
0.6 2.88 0.109026 0.000599472 0.902537
0.6 3.04 0.111667 0.000901324 0.89967
0.6 3.2 0.114043 0.00129541 0.89642
0.6 3.36 0.115949 0.0017657 0.892576
0.6 3.52 0.117159 0.00225511 0.887985
0.6 3.68 0.118057 0.00266189 0.885031
0.6 3.84 0.118231 0.0028551 0.883335
0.6 4 0.117944 0.00276041 0.883429
0.6 4.16 0.116879 0.00241695 0.884948
0.6 4.32 0.115777 0.0019468 0.888429
0.6 4.48 0.114029 0.00146471 0.89207
0.6 4.64 0.111765 0.00104254 0.895212
0.6 4.8 0.109182 0.000708565 0.898075
0.6 4.96 0.106419 0.000462933 0.900429
0.6 5.12 0.103639 0.000293291 0.902082
0.6 5.28 0.101069 0.000184017 0.902881
0.6 5.44 0.099035 0.000121505 0.902983
0.6 5.6 0.0979265 9.7453e-05 0.902832
0.6 5.76 0.0980778 0.000111782 0.903081
0.6 5.92 0.0995223 0.000176055 0.903427
0.6 6.08 0.102008 0.00031879 0.903202
0.6 6.24 0.105148 0.000594621 0.90205
0.6 6.4 0.108527 0.00110109 0.899713
0.6 6.56 0.111806 0.00201296 0.896058
0.6 6.72 0.114778 0.00366827 0.891247
0.6 6.88 0.117281 0.00684334 0.885163
0.6 7.04 0.119 0.0137357 0.876065
0.6 7.2 0.118983 0.031132 0.857724
0.6 7.36 0.115421 0.0760221 0.815033
0.6 7.52 0.10596 0.163326 0.735583
0.6 7.68 0.0952348 0.254418 0.653741
0.6 7.84 0.0874384 0.318195 0.596759
0.72 0 0.113599 0.106587 0.7909
0.72 0.16 0.115457 0.0916048 0.804954
0.72 0.32 0.118826 0.0579141 0.836676
0.72 0.48 0.120896 0.0304805 0.864075
0.72 0.64 0.120865 0.0152681 0.880498
0.72 0.8 0.11933 0.00799831 0.889335
0.72 0.96 0.116891 0.00440243 0.894428
0.72 1.12 0.113904 0.00247164 0.897813
0.72 1.28 0.110642 0.00138252 0.900611
0.72 1.44 0.107294 0.000761176 0.902846
0.72 1.6 0.104248 0.000412252 0.904634
0.72 1.76 0.101811 0.000224685 0.905917
0.72 1.92 0.100275 0.000134622 0.906229
0.72 2.08 0.0999437 0.000107761 0.905893
0.72 2.24 0.10088 0.000129913 0.905429
0.72 2.4 0.102842 0.000202269 0.905032
0.72 2.56 0.105434 0.000337771 0.904103
0.72 2.72 0.108255 0.000560998 0.902383
0.72 2.88 0.11102 0.000902386 0.899589
0.72 3.04 0.113579 0.00139922 0.896182
0.72 3.2 0.11581 0.00207978 0.892471
0.72 3.36 0.117549 0.00294127 0.888292
0.72 3.52 0.118735 0.00390413 0.884387
0.72 3.68 0.119568 0.00475713 0.881649
0.72 3.84 0.119651 0.00517542 0.879487
0.72 4 0.119359 0.00496223 0.879379
0.72 4.16 0.118308 0.00422352 0.880235
0.72 4.32 0.117072 0.00327279 0.882014
0.72 4.48 0.115371 0.00236906 0.885064
0.72 4.64 0.113195 0.00162704 0.888024
0.72 4.8 0.11069 0.00107022 0.890994
0.72 4.96 0.107956 0.000677695 0.893724
0.72 5.12 0.1051 0.000415196 0.895754
0.72 5.28 0.102342 0.000249194 0.897052
0.72 5.44 0.100014 0.000152408 0.897893
0.72 5.6 0.0985018 0.000106284 0.898536
0.72 5.76 0.0981814 0.000102444 0.899497
0.72 5.92 0.0991835 0.000144125 0.900614
0.72 6.08 0.101344 0.000248903 0.901294
0.72 6.24 0.104307 0.000453697 0.901056
0.72 6.4 0.107655 0.00082381 0.899476
0.72 6.56 0.111035 0.00147009 0.896387
0.72 6.72 0.11423 0.00258598 0.892024
0.72 6.88 0.117101 0.00454715 0.886615
0.72 7.04 0.119476 0.00820549 0.87973
0.72 7.2 0.120967 0.0156424 0.869596
0.72 7.36 0.121373 0.0310076 0.852443
0.72 7.52 0.119785 0.0572895 0.826237
0.72 7.68 0.117284 0.084841 0.800122
0.72 7.84 0.11452 0.110208 0.777087
0.84 0 0.122585 0.0364509 0.852904
0.84 0.16 0.123025 0.032431 0.857151
0.84 0.32 0.123204 0.0227505 0.867401
0.84 0.48 0.122681 0.0140783 0.87802
0.84 0.64 0.121143 0.00831299 0.885816
0.84 0.8 0.118798 0.00491055 0.891101
0.84 0.96 0.11591 0.00291092 0.894873
0.84 1.12 0.112692 0.0017105 0.897811
0.84 1.28 0.109374 0.000986648 0.900493
0.84 1.44 0.106135 0.000556268 0.902673
0.84 1.6 0.103335 0.000308659 0.904264
0.84 1.76 0.101293 0.000175638 0.905211
0.84 1.92 0.100287 0.000117058 0.905228
0.84 2.08 0.100544 0.000113072 0.904691
0.84 2.24 0.102014 0.000160217 0.903925
0.84 2.4 0.104376 0.000270518 0.903106
0.84 2.56 0.10722 0.000470525 0.901752
0.84 2.72 0.110151 0.000804914 0.899743
0.84 2.88 0.112884 0.00133283 0.896588
0.84 3.04 0.115296 0.00213565 0.89279
0.84 3.2 0.117323 0.00330356 0.88885
0.84 3.36 0.118881 0.00490805 0.884882
0.84 3.52 0.119856 0.00688852 0.880844
0.84 3.68 0.120318 0.00881195 0.876499
0.84 3.84 0.120295 0.00981875 0.873958
0.84 4 0.119976 0.00928295 0.873437
0.84 4.16 0.119197 0.00756217 0.875244
0.84 4.32 0.118093 0.00553758 0.87682
0.84 4.48 0.11649 0.00380185 0.879062
0.84 4.64 0.114503 0.00250027 0.881947
0.84 4.8 0.11219 0.00158738 0.885294
0.84 4.96 0.109588 0.000975042 0.888653
0.84 5.12 0.10676 0.000580371 0.891459
0.84 5.28 0.10391 0.000336853 0.893711
0.84 5.44 0.101352 0.000195147 0.895564
0.84 5.6 0.0994529 0.000121989 0.896983
0.84 5.76 0.0986315 9.85759e-05 0.898401
0.84 5.92 0.0991219 0.000119228 0.899866
0.84 6.08 0.100857 0.000191442 0.900932
0.84 6.24 0.103534 0.000337474 0.901092
0.84 6.4 0.106742 0.000598019 0.899858
0.84 6.56 0.110127 0.00103927 0.897095
0.84 6.72 0.113461 0.00176611 0.89307
0.84 6.88 0.116591 0.00295131 0.888089
0.84 7.04 0.119379 0.00490469 0.882194
0.84 7.2 0.121603 0.00820545 0.875199
0.84 7.36 0.123506 0.0137027 0.866451
0.84 7.52 0.124423 0.0216108 0.856274
0.84 7.68 0.124562 0.0292496 0.847618
0.84 7.84 0.124059 0.0375797 0.83961
0.96 0 0.125138 0.0143428 0.873279
0.96 0.16 0.125153 0.0131874 0.874789
0.96 0.32 0.12433 0.0101257 0.878739
0.96 0.48 0.122871 0.00706877 0.883967
0.96 0.64 0.120632 0.00467352 0.888359
0.96 0.8 0.117815 0.00300198 0.891887
0.96 0.96 0.114641 0.00188376 0.894891
0.96 1.12 0.1113 0.0011519 0.897594
0.96 1.28 0.108017 0.000684933 0.900339
0.96 1.44 0.104969 0.000396585 0.902655
0.96 1.6 0.10249 0.000227316 0.904248
0.96 1.76 0.100903 0.000138136 0.905058
0.96 1.92 0.100465 0.000106681 0.904958
0.96 2.08 0.101315 0.000125291 0.904332
0.96 2.24 0.103291 0.000201113 0.903255
0.96 2.4 0.105993 0.000358918 0.901841
0.96 2.56 0.109003 0.000643617 0.899728
0.96 2.72 0.111953 0.00113016 0.897143
0.96 2.88 0.114584 0.00192707 0.893588
0.96 3.04 0.116802 0.00320535 0.889608
0.96 3.2 0.118573 0.00521934 0.885662
0.96 3.36 0.119773 0.00832596 0.881209
0.96 3.52 0.120189 0.0127647 0.875024
0.96 3.68 0.120198 0.0177655 0.868883
0.96 3.84 0.119951 0.0206341 0.865267
0.96 4 0.119687 0.019052 0.86485
0.96 4.16 0.119223 0.0143791 0.8676
0.96 4.32 0.118637 0.00961287 0.871276
0.96 4.48 0.117423 0.00610484 0.874288
0.96 4.64 0.115748 0.00379153 0.877456
0.96 4.8 0.113723 0.00231033 0.881387
0.96 4.96 0.111345 0.00137536 0.885663
0.96 5.12 0.108634 0.000797264 0.889595
0.96 5.28 0.105761 0.000450461 0.893033
0.96 5.44 0.103009 0.000251119 0.895885
0.96 5.6 0.100731 0.000145186 0.89785
0.96 5.76 0.0993902 0.000100642 0.899345
0.96 5.92 0.0993217 0.000102081 0.900656
0.96 6.08 0.100559 0.000147766 0.901532
0.96 6.24 0.102863 0.000248303 0.901555
0.96 6.4 0.105851 0.000426716 0.900305
0.96 6.56 0.109175 0.000720007 0.897737
0.96 6.72 0.112592 0.00118201 0.89412
0.96 6.88 0.115915 0.00188836 0.889674
0.96 7.04 0.118989 0.00294479 0.884493
0.96 7.2 0.121615 0.00449381 0.878915
0.96 7.36 0.124169 0.00665702 0.873124
0.96 7.52 0.125934 0.00930782 0.867766
0.96 7.68 0.126868 0.0116376 0.864026
0.96 7.84 0.127136 0.0145822 0.860946
1.08 0 0.125557 0.0065054 0.88159
1.08 0.16 0.125393 0.00611986 0.882148
1.08 0.32 0.124168 0.00499545 0.883812
1.08 0.48 0.122281 0.00377056 0.886822
1.08 0.64 0.119658 0.00268487 0.889477
1.08 0.8 0.116556 0.00183087 0.891925
1.08 0.96 0.113217 0.0012031 0.894403
1.08 1.12 0.109846 0.000763215 0.897012
1.08 1.28 0.106678 0.000468295 0.899976
1.08 1.44 0.103883 0.000279742 0.902605
1.08 1.6 0.101778 0.00016765 0.90442
1.08 1.76 0.100683 0.000112003 0.905346
1.08 1.92 0.100819 0.000103362 0.905346
1.08 2.08 0.102238 0.000144306 0.904743
1.08 2.24 0.104672 0.000252679 0.903353
1.08 2.4 0.107648 0.000468348 0.901239
1.08 2.56 0.110744 0.000860605 0.898139
1.08 2.72 0.113629 0.00154866 0.894736
1.08 2.88 0.116085 0.00272379 0.890665
1.08 3.04 0.118045 0.00473749 0.886495
1.08 3.2 0.119438 0.00827271 0.882137
1.08 3.36 0.119997 0.0147044 0.875639
1.08 3.52 0.119432 0.0260165 0.864734
1.08 3.68 0.118112 0.04136 0.850808
1.08 3.84 0.116879 0.0510523 0.840771
1.08 4 0.117144 0.0455905 0.843783
1.08 4.16 0.117998 0.0306134 0.854447
1.08 4.32 0.118495 0.0176617 0.863836
1.08 4.48 0.118085 0.00994093 0.870142
1.08 4.64 0.116943 0.00569803 0.874755
1.08 4.8 0.115308 0.00330082 0.87961
1.08 4.96 0.11322 0.00189939 0.884922
1.08 5.12 0.110666 0.00107298 0.889978
1.08 5.28 0.107784 0.000592246 0.894397
1.08 5.44 0.104839 0.000320829 0.897871
1.08 5.6 0.102183 0.000175836 0.899951
1.08 5.76 0.100321 0.000108463 0.901074
1.08 5.92 0.0996731 9.24756e-05 0.901709
1.08 6.08 0.100368 0.000117581 0.901814
1.08 6.24 0.102243 0.000185368 0.901182
1.08 6.4 0.104956 0.000306848 0.899593
1.08 6.56 0.108174 0.000501106 0.897143
1.08 6.72 0.111637 0.000794124 0.894097
1.08 6.88 0.115126 0.00121701 0.890553
1.08 7.04 0.11845 0.00180211 0.886477
1.08 7.2 0.121383 0.00257458 0.882268
1.08 7.36 0.124339 0.00352287 0.878251
1.08 7.52 0.126513 0.00455106 0.87499
1.08 7.68 0.127772 0.00538795 0.873079
1.08 7.84 0.128333 0.0066057 0.87173
1.2 0 0.125231 0.00329714 0.885979
1.2 0.16 0.12496 0.00314669 0.886078
1.2 0.32 0.123521 0.00266979 0.886555
1.2 0.48 0.121393 0.00211954 0.888278
1.2 0.64 0.118532 0.00158903 0.889726
1.2 0.8 0.115254 0.0011351 0.891332
1.2 0.96 0.111838 0.000776662 0.893415
1.2 1.12 0.108507 0.000510582 0.896062
1.2 1.28 0.105502 0.000323871 0.899387
1.2 1.44 0.10299 0.000200679 0.902478
1.2 1.6 0.101275 0.000127506 0.904711
1.2 1.76 0.100668 9.61439e-05 0.905988
1.2 1.92 0.101349 0.000106327 0.906258
1.2 2.08 0.103278 0.000169311 0.905712
1.2 2.24 0.106097 0.000313865 0.903947
1.2 2.4 0.10928 0.000597548 0.901059
1.2 2.56 0.112399 0.00112106 0.896886
1.2 2.72 0.115158 0.0020661 0.892571
1.2 2.88 0.117381 0.00375854 0.887876
1.2 3.04 0.119 0.00690772 0.883226
1.2 3.2 0.119813 0.0132912 0.877323
1.2 3.36 0.119154 0.0276861 0.864951
1.2 3.52 0.115841 0.0598538 0.836911
1.2 3.68 0.109979 0.111575 0.792267
1.2 3.84 0.105824 0.146522 0.761918
1.2 4 0.107714 0.126669 0.776203
1.2 4.16 0.113144 0.0746141 0.818055
1.2 4.32 0.117102 0.0353252 0.849997
1.2 4.48 0.11837 0.0166721 0.865556
1.2 4.64 0.118067 0.00852565 0.873504
1.2 4.8 0.116917 0.00462853 0.879684
1.2 4.96 0.115133 0.00256281 0.885858
1.2 5.12 0.112715 0.00141004 0.891619
1.2 5.28 0.109789 0.000761629 0.896482
1.2 5.44 0.10664 0.000403238 0.900058
1.2 5.6 0.103623 0.000213042 0.90185
1.2 5.76 0.101271 0.000121284 0.902274
1.2 5.92 0.100068 8.96103e-05 0.901862
1.2 6.08 0.100224 9.96978e-05 0.900761
1.2 6.24 0.101655 0.000146318 0.899065
1.2 6.4 0.104074 0.000232886 0.896861
1.2 6.56 0.107168 0.000368469 0.894444
1.2 6.72 0.110658 0.000565161 0.892107
1.2 6.88 0.114305 0.000835024 0.889848
1.2 7.04 0.117884 0.00118561 0.887451
1.2 7.2 0.121125 0.001614 0.885131
1.2 7.36 0.124433 0.00209516 0.883029
1.2 7.52 0.126913 0.00257636 0.881475
1.2 7.68 0.128379 0.00294976 0.880749
1.2 7.84 0.129068 0.00356424 0.880076
1.32 0 0.124775 0.00191734 0.888621
1.32 0.16 0.124436 0.00184642 0.888431
1.32 0.32 0.122868 0.00160575 0.888076
1.32 0.48 0.120581 0.00131867 0.888832
1.32 0.64 0.11756 0.0010261 0.889314
1.32 0.8 0.114174 0.000760246 0.890239
1.32 0.96 0.110735 0.000538291 0.892076
1.32 1.12 0.107482 0.000365333 0.894912
1.32 1.28 0.104653 0.000239059 0.898717
1.32 1.44 0.102412 0.000153714 0.902382
1.32 1.6 0.101058 0.000104152 0.905175
1.32 1.76 0.100893 8.90188e-05 0.906947
1.32 1.92 0.102045 0.000114371 0.907543
1.32 2.08 0.104395 0.000198844 0.906979
1.32 2.24 0.107512 0.000382313 0.90471
1.32 2.4 0.110832 0.000742458 0.900985
1.32 2.56 0.113931 0.00141868 0.895767
1.32 2.72 0.116534 0.0026769 0.890598
1.32 2.88 0.118488 0.00505321 0.885214
1.32 3.04 0.119671 0.00993851 0.879532
1.32 3.2 0.119553 0.0217267 0.869659
1.32 3.36 0.116256 0.0552819 0.841314
1.32 3.52 0.105476 0.147496 0.762157
1.32 3.68 0.0869035 0.301343 0.627658
1.32 3.84 0.0751489 0.393777 0.542984
1.32 4 0.0812997 0.343054 0.58765
1.32 4.16 0.0992297 0.19264 0.718117
1.32 4.32 0.112829 0.0758417 0.81722
1.32 4.48 0.117958 0.0289235 0.857627
1.32 4.64 0.119017 0.0127196 0.872547
1.32 4.8 0.118438 0.00635649 0.880526
1.32 4.96 0.116936 0.00336694 0.887193
1.32 5.12 0.114632 0.00180238 0.893106
1.32 5.28 0.111664 0.000953706 0.897912
1.32 5.44 0.108319 0.000495292 0.901284
1.32 5.6 0.10498 0.000255 0.902696
1.32 5.76 0.102206 0.000137916 0.90243
1.32 5.92 0.10052 9.24023e-05 0.900945
1.32 6.08 0.100201 9.26367e-05 0.898528
1.32 6.24 0.101236 0.000128492 0.895616
1.32 6.4 0.103384 0.000199315 0.892656
1.32 6.56 0.106344 0.000309887 0.89016
1.32 6.72 0.109843 0.000467204 0.888471
1.32 6.88 0.113628 0.000677301 0.887539
1.32 7.04 0.117443 0.000941385 0.886984
1.32 7.2 0.120973 0.00125183 0.886739
1.32 7.36 0.124587 0.00158617 0.88661
1.32 7.52 0.127324 0.00190908 0.886627
1.32 7.68 0.128948 0.00215553 0.886842
1.32 7.84 0.129678 0.00258844 0.886452
1.44 0 0.124502 0.00147758 0.889824
1.44 0.16 0.124111 0.00142767 0.889408
1.44 0.32 0.122438 0.00125323 0.888451
1.44 0.48 0.120035 0.00104294 0.88848
1.44 0.64 0.116911 0.000824077 0.888282
1.44 0.8 0.113469 0.000620252 0.888792
1.44 0.96 0.110042 0.000445913 0.890607
1.44 1.12 0.106871 0.000307061 0.893781
1.44 1.28 0.104192 0.000203948 0.898144
1.44 1.44 0.10217 0.000133938 0.902442
1.44 1.6 0.101106 9.50071e-05 0.905849
1.44 1.76 0.101293 8.90267e-05 0.908133
1.44 1.92 0.102812 0.00012606 0.90898
1.44 2.08 0.105475 0.000230892 0.90824
1.44 2.24 0.108799 0.000454393 0.905329
1.44 2.4 0.1122 0.000896064 0.900757
1.44 2.56 0.115257 0.0017403 0.894623
1.44 2.72 0.117705 0.00335988 0.888753
1.44 2.88 0.119378 0.00659931 0.882631
1.44 3.04 0.120019 0.0140473 0.875088
1.44 3.2 0.118405 0.035602 0.857068
1.44 3.36 0.109759 0.110295 0.793076
1.44 3.52 0.0829718 0.329751 0.600645
1.44 3.68 0.0492543 0.598845 0.357364
1.44 3.84 0.0356092 0.707048 0.25878
1.44 4 0.0424518 0.652406 0.308435
1.44 4.16 0.0707914 0.424772 0.513683
1.44 4.32 0.103001 0.160738 0.745574
1.44 4.48 0.116231 0.050704 0.841571
1.44 4.64 0.119558 0.018799 0.870047
1.44 4.8 0.119661 0.00851026 0.880678
1.44 4.96 0.118411 0.00428879 0.887595
1.44 5.12 0.11619 0.00223264 0.893348
1.44 5.28 0.113184 0.00115884 0.897968
1.44 5.44 0.109699 0.000592056 0.901242
1.44 5.6 0.106134 0.000299195 0.902563
1.44 5.76 0.103057 0.000156927 0.901978
1.44 5.92 0.101019 9.97258e-05 0.899782
1.44 6.08 0.100349 9.50165e-05 0.896356
1.44 6.24 0.101095 0.000129635 0.892446
1.44 6.4 0.103051 0.000202007 0.888821
1.44 6.56 0.10592 0.000317419 0.886164
1.44 6.72 0.109421 0.000484548 0.884852
1.44 6.88 0.113286 0.000712201 0.884791
1.44 7.04 0.117243 0.00100519 0.8855
1.44 7.2 0.120948 0.00135927 0.886694
1.44 7.36 0.124727 0.00175243 0.887893
1.44 7.52 0.127603 0.00214272 0.888894
1.44 7.68 0.1293 0.00244598 0.889615
1.44 7.84 0.130044 0.00295188 0.88926
1.56 0 0.124546 0.00173905 0.889548
1.56 0.16 0.124131 0.00167248 0.888944
1.56 0.32 0.122391 0.00144957 0.887553
1.56 0.48 0.119912 0.0011855 0.887065
1.56 0.64 0.116743 0.000918906 0.886528
1.56 0.8 0.113299 0.000678671 0.887009
1.56 0.96 0.109913 0.000479343 0.889102
1.56 1.12 0.106814 0.000324713 0.892758
1.56 1.28 0.104238 0.000212479 0.897712
1.56 1.44 0.102359 0.000137975 0.90263
1.56 1.6 0.101485 9.80762e-05 0.906601
1.56 1.76 0.101903 9.47475e-05 0.909278
1.56 1.92 0.103658 0.000139884 0.91019
1.56 2.08 0.106512 0.000263031 0.909088
1.56 2.24 0.109952 0.000525382 0.905457
1.56 2.4 0.113385 0.00104867 0.900131
1.56 2.56 0.116393 0.00206602 0.893313
1.56 2.72 0.118697 0.00407585 0.88696
1.56 2.88 0.12009 0.00833681 0.880071
1.56 3.04 0.120075 0.0192994 0.869687
1.56 3.2 0.116212 0.0564701 0.837883
1.56 3.36 0.0986503 0.200653 0.712187
1.56 3.52 0.0539005 0.564212 0.391155
1.56 3.68 0.0225792 0.818379 0.164734
1.56 3.84 0.0141667 0.888506 0.103681
1.56 4 0.0181979 0.856083 0.13305
1.56 4.16 0.0405016 0.67459 0.294885
1.56 4.32 0.0863324 0.299691 0.624924
1.56 4.48 0.112632 0.0854855 0.812837
1.56 4.64 0.119523 0.0270738 0.864416
1.56 4.8 0.120478 0.011032 0.879083
1.56 4.96 0.119481 0.00527517 0.886328
1.56 5.12 0.117354 0.00267255 0.891959
1.56 5.28 0.114358 0.00136342 0.896601
1.56 5.44 0.110823 0.000687164 0.90013
1.56 5.6 0.107154 0.000342623 0.901818
1.56 5.76 0.103923 0.000176773 0.901461
1.56 5.92 0.101697 0.000110525 0.899178
1.56 6.08 0.100848 0.000105729 0.895405
1.56 6.24 0.101461 0.000148248 0.891089
1.56 6.4 0.103344 0.000238883 0.887167
1.56 6.56 0.106183 0.00038846 0.88436
1.56 6.72 0.109666 0.000614723 0.882998
1.56 6.88 0.113509 0.000939591 0.88295
1.56 7.04 0.117438 0.00138493 0.883745
1.56 7.2 0.121112 0.00196485 0.885058
1.56 7.36 0.124832 0.00266464 0.886317
1.56 7.52 0.127659 0.00341342 0.887259
1.56 7.68 0.129307 0.00402313 0.887813
1.56 7.84 0.129998 0.00492695 0.887195
1.68 0 0.124871 0.0028425 0.887867
1.68 0.16 0.124459 0.00270482 0.887131
1.68 0.32 0.122697 0.00227746 0.885497
1.68 0.48 0.120193 0.0017907 0.884708
1.68 0.64 0.11704 0.00132953 0.884157
1.68 0.8 0.113657 0.000941291 0.884995
1.68 0.96 0.110346 0.000638774 0.887674
1.68 1.12 0.107312 0.000416659 0.891951
1.68 1.28 0.104788 0.000262794 0.897486
1.68 1.44 0.102963 0.000164274 0.902934
1.68 1.6 0.102164 0.000112152 0.90732
1.68 1.76 0.102676 0.000105096 0.910175
1.68 1.92 0.104525 0.000154431 0.91091
1.68 2.08 0.10745 0.00029271 0.909274
1.68 2.24 0.110926 0.000590019 0.904932
1.68 2.4 0.11436 0.00118904 0.899053
1.68 2.56 0.117324 0.00237137 0.891862
1.68 2.72 0.119513 0.00477013 0.885283
1.68 2.88 0.120644 0.0101406 0.877652
1.68 3.04 0.11989 0.0254164 0.863595
1.68 3.2 0.113087 0.0836464 0.812718
1.68 3.36 0.0845001 0.3156 0.609619
1.68 3.52 0.0322538 0.743888 0.234595
1.68 3.68 0.0106226 0.922397 0.0779139
1.68 3.84 0.00604333 0.962374 0.0445239
1.68 4 0.00817625 0.945469 0.060137
1.68 4.16 0.0220168 0.832244 0.160805
1.68 4.32 0.0666052 0.464976 0.482173
1.68 4.48 0.107218 0.132236 0.771644
1.68 4.64 0.118886 0.0371898 0.855401
1.68 4.8 0.120868 0.0137405 0.875645
1.68 4.96 0.120136 0.00624541 0.883476
1.68 5.12 0.118119 0.00308649 0.889146
1.68 5.28 0.115181 0.00155151 0.894019
1.68 5.44 0.111672 0.000773411 0.898063
1.68 5.6 0.108007 0.000381993 0.900466
1.68 5.76 0.104762 0.000195857 0.90085
1.68 5.92 0.102523 0.000123841 0.899195
1.68 6.08 0.101686 0.000123963 0.895927
1.68 6.24 0.102348 0.000183625 0.892025
1.68 6.4 0.104295 0.000309965 0.888373
1.68 6.56 0.107165 0.000525796 0.885531
1.68 6.72 0.110601 0.000868544 0.883674
1.68 6.88 0.114293 0.00139121 0.882665
1.68 7.04 0.117986 0.00216424 0.882207
1.68 7.2 0.12138 0.00327323 0.882151
1.68 7.36 0.124772 0.00477569 0.882007
1.68 7.52 0.127306 0.00657132 0.881587
1.68 7.68 0.128738 0.00814421 0.881035
1.68 7.84 0.12925 0.0102002 0.879429
1.8 0 0.125234 0.00547429 0.88455
1.8 0.16 0.124863 0.00512811 0.883841
1.8 0.32 0.123156 0.00414028 0.882318
1.8 0.48 0.120723 0.00308277 0.881656
1.8 0.64 0.117681 0.00216483 0.881478
1.8 0.8 0.114434 0.00145625 0.882967
1.8 0.96 0.111246 0.000943758 0.88643
1.8 1.12 0.108281 0.000589914 0.891401
1.8 1.28 0.105766 0.000356824 0.897456
1.8 1.44 0.103915 0.000212935 0.903288
1.8 1.6 0.103079 0.000136773 0.90789
1.8 1.76 0.103553 0.000119361 0.910683
1.8 1.92 0.105362 0.00016852 0.911004
1.8 2.08 0.108248 0.000317555 0.908717
1.8 2.24 0.111692 0.000643161 0.903759
1.8 2.4 0.115109 0.00130575 0.897601
1.8 2.56 0.118047 0.00263034 0.890391
1.8 2.72 0.120156 0.00537853 0.88387
1.8 2.88 0.121066 0.0118222 0.875649
1.8 3.04 0.119577 0.031669 0.857665
1.8 3.2 0.109585 0.11328 0.78554
1.8 3.36 0.070783 0.429315 0.510344
1.8 3.52 0.0205253 0.844252 0.14952
1.8 3.68 0.00583133 0.966707 0.0429328
1.8 3.84 0.00306968 0.992236 0.0227142
1.8 4 0.00432444 0.981862 0.0319368
1.8 4.16 0.0131212 0.909082 0.0960485
1.8 4.32 0.0498495 0.607055 0.360844
1.8 4.48 0.101057 0.183044 0.725651
1.8 4.64 0.117827 0.0478077 0.844369
1.8 4.8 0.120891 0.0163196 0.870934
1.8 4.96 0.120405 0.00709982 0.879452
1.8 5.12 0.118486 0.00343581 0.885169
1.8 5.28 0.115621 0.00170652 0.890275
1.8 5.44 0.112188 0.000843432 0.894885
1.8 5.6 0.108615 0.000414025 0.898204
1.8 5.76 0.10549 0.00021267 0.899771
1.8 5.92 0.103406 0.000138835 0.899431
1.8 6.08 0.102761 0.000149109 0.897483
1.8 6.24 0.103632 0.000235532 0.894744
1.8 6.4 0.105756 0.000416623 0.891864
1.8 6.56 0.1087 0.000736133 0.889096
1.8 6.72 0.112046 0.00126812 0.886394
1.8 6.88 0.115454 0.00213196 0.883657
1.8 7.04 0.118705 0.00352729 0.880873
1.8 7.2 0.121557 0.00579414 0.878114
1.8 7.36 0.124292 0.0093829 0.874835
1.8 7.52 0.126142 0.0143575 0.87079
1.8 7.68 0.127002 0.019148 0.866938
1.8 7.84 0.126999 0.0246834 0.862163
1.92 0 0.125134 0.0118049 0.878117
1.92 0.16 0.124872 0.0107978 0.877849
1.92 0.32 0.123413 0.00818388 0.877539
1.92 0.48 0.121248 0.00563022 0.877992
1.92 0.64 0.11848 0.0036702 0.878848
1.92 0.8 0.115474 0.00232259 0.881273
1.92 0.96 0.112466 0.00143277 0.885584
1.92 1.12 0.10959 0.000858655 0.891217
1.92 1.28 0.107068 0.000499279 0.897697
1.92 1.44 0.105131 0.000285205 0.903767
1.92 1.6 0.104169 0.000172018 0.908401
1.92 1.76 0.104492 0.000137172 0.910921
1.92 1.92 0.106143 0.000181318 0.910641
1.92 2.08 0.108892 0.000335711 0.907639
1.92 2.24 0.11225 0.000680551 0.902196
1.92 2.4 0.115634 0.00138892 0.896027
1.92 2.56 0.118564 0.00281913 0.88912
1.92 2.72 0.120633 0.00583644 0.882938
1.92 2.88 0.12139 0.0131553 0.874445
1.92 3.04 0.119303 0.0369626 0.85319
1.92 3.2 0.106571 0.139144 0.762612
1.92 3.36 0.0605112 0.516765 0.436097
1.92 3.52 0.0149175 0.893713 0.108762
1.92 3.68 0.00389076 0.986333 0.0287006
1.92 3.84 0.00192229 1.00537 0.0142485
1.92 4 0.00279453 0.996891 0.0206759
1.92 4.16 0.00911668 0.942669 0.0668154
1.92 4.32 0.0390577 0.697693 0.282673
1.92 4.48 0.0957046 0.226008 0.686128
1.92 4.64 0.116655 0.0568131 0.833699
1.92 4.8 0.120627 0.0183662 0.865731
1.92 4.96 0.120329 0.0077347 0.874774
1.92 5.12 0.118481 0.00368482 0.880515
1.92 5.28 0.115704 0.00181422 0.885893
1.92 5.44 0.112405 0.000891363 0.891188
1.92 5.6 0.109019 0.00043633 0.895686
1.92 5.76 0.10614 0.000226202 0.89888
1.92 5.92 0.104353 0.000154947 0.900409
1.92 6.08 0.104032 0.000180704 0.900284
1.92 6.24 0.105207 0.000303797 0.899025
1.92 6.4 0.10755 0.000560324 0.896998
1.92 6.56 0.11056 0.00102726 0.89418
1.92 6.72 0.113756 0.00184245 0.890346
1.92 6.88 0.116762 0.00326122 0.885441
1.92 7.04 0.119384 0.00581601 0.879609
1.92 7.2 0.121381 0.0106964 0.872607
1.92 7.36 0.122852 0.020111 0.862585
1.92 7.52 0.122961 0.0356376 0.848054
1.92 7.68 0.122092 0.0521048 0.833172
1.92 7.84 0.120537 0.0688469 0.818237
2.04 0 0.123386 0.0291203 0.862059
2.04 0.16 0.123471 0.0257397 0.86391
2.04 0.32 0.122808 0.0177749 0.868408
2.04 0.48 0.121379 0.010856 0.872831
2.04 0.64 0.119177 0.00635308 0.876223
2.04 0.8 0.116572 0.00371038 0.880092
2.04 0.96 0.113824 0.00216234 0.885276
2.04 1.12 0.111076 0.00124136 0.891458
2.04 1.28 0.108553 0.000695813 0.898243
2.04 1.44 0.106504 0.000382554 0.904425
2.04 1.6 0.105354 0.000218101 0.908934
2.04 1.76 0.105435 0.000158356 0.911004
2.04 1.92 0.10683 0.000192342 0.909997
2.04 2.08 0.109363 0.000346013 0.906294
2.04 2.24 0.112586 0.000699337 0.900544
2.04 2.4 0.115925 0.00143153 0.894622
2.04 2.56 0.11886 0.00291973 0.888302
2.04 2.72 0.120929 0.00609036 0.882732
2.04 2.88 0.121626 0.0139273 0.874429
2.04 3.04 0.119207 0.0401548 0.851462
2.04 3.2 0.104853 0.15489 0.749911
2.04 3.36 0.0550729 0.564449 0.396954
2.04 3.52 0.0126401 0.91447 0.0922193
2.04 3.68 0.0031727 0.994029 0.0234241
2.04 3.84 0.00151069 1.00999 0.0112016
2.04 4 0.00223427 1.00144 0.0165399
2.04 4.16 0.00753826 0.953997 0.0552844
2.04 4.32 0.033924 0.738429 0.245556
2.04 4.48 0.0924299 0.25072 0.662338
2.04 4.64 0.115693 0.0620544 0.825969
2.04 4.8 0.120184 0.0195015 0.861125
2.04 4.96 0.120034 0.00806741 0.870578
2.04 5.12 0.118339 0.00380998 0.876658
2.04 5.28 0.115733 0.00186697 0.88268
2.04 5.44 0.11263 0.000914795 0.889013
2.04 5.6 0.109495 0.00044825 0.895021
2.04 5.76 0.106937 0.000236274 0.900133
2.04 5.92 0.105522 0.00017199 0.903695
2.04 6.08 0.105573 0.000218334 0.905306
2.04 6.24 0.107058 0.000387746 0.905163
2.04 6.4 0.109581 0.000740889 0.903474
2.04 6.56 0.112573 0.00140363 0.900145
2.04 6.72 0.115512 0.0026187 0.894921
2.04 6.88 0.118013 0.00490833 0.887718
2.04 7.04 0.119829 0.00962131 0.878234
2.04 7.2 0.120458 0.0205848 0.864011
2.04 7.36 0.119142 0.0469449 0.837068
2.04 7.52 0.114192 0.0981367 0.789319
2.04 7.68 0.1078 0.155366 0.737526
2.04 7.84 0.102046 0.203885 0.694482
2.16 0 0.116624 0.082785 0.813756
2.16 0.16 0.117935 0.0703921 0.823979
2.16 0.32 0.119869 0.0433526 0.845711
2.16 0.48 0.120491 0.0224743 0.862966
2.16 0.64 0.119488 0.0112687 0.872787
2.16 0.8 0.117543 0.00589466 0.879314
2.16 0.96 0.115165 0.00320322 0.885558
2.16 1.12 0.112596 0.00175574 0.892188
2.16 1.28 0.110096 0.000950264 0.899159
2.16 1.44 0.107928 0.000505418 0.905318
2.16 1.6 0.106546 0.000274831 0.909514
2.16 1.76 0.106315 0.000182713 0.910942
2.16 1.92 0.107379 0.000201387 0.909127
2.16 2.08 0.109642 0.000348025 0.904826
2.16 2.24 0.112702 0.000698312 0.899021
2.16 2.4 0.115993 0.00143022 0.893627
2.16 2.56 0.118954 0.00292262 0.888176
2.16 2.72 0.121075 0.00610918 0.8835
2.16 2.88 0.121816 0.0140022 0.875925
2.16 3.04 0.119408 0.0404741 0.853314
2.16 3.2 0.104931 0.156389 0.750984
2.16 3.36 0.0547692 0.568441 0.395074
2.16 3.52 0.012541 0.915417 0.0915637
2.16 3.68 0.00315525 0.993237 0.0233074
2.16 3.84 0.00150668 1.00809 0.0111741
2.16 4 0.00222329 0.998752 0.0164621
2.16 4.16 0.00746358 0.951139 0.0547639
2.16 4.32 0.0335341 0.737943 0.242893
2.16 4.48 0.0919795 0.251533 0.659565
2.16 4.64 0.115295 0.0621961 0.823651
2.16 4.8 0.119838 0.0195118 0.859043
2.16 4.96 0.119827 0.00806447 0.869187
2.16 5.12 0.118349 0.00380784 0.876375
2.16 5.28 0.115986 0.00186637 0.88369
2.16 5.44 0.113137 0.000915512 0.891411
2.16 5.6 0.110289 0.000450929 0.898955
2.16 5.76 0.108063 0.000243431 0.905708
2.16 5.92 0.107001 0.000189982 0.910733
2.16 6.08 0.10737 0.000261293 0.913231
2.16 6.24 0.109065 0.000485303 0.913158
2.16 6.4 0.111641 0.000953923 0.910783
2.16 6.56 0.114498 0.00185933 0.906212
2.16 6.72 0.1171 0.00360467 0.89935
2.16 6.88 0.119033 0.00719865 0.889884
2.16 7.04 0.119843 0.0158191 0.875852
2.16 7.2 0.118128 0.0405693 0.847943
2.16 7.36 0.110253 0.113446 0.777754
2.16 7.52 0.0920213 0.265836 0.639576
2.16 7.68 0.0734315 0.417557 0.505088
2.16 7.84 0.062523 0.50579 0.427646
2.28 0 0.0957497 0.246301 0.669218
2.28 0.16 0.100744 0.204849 0.705178
2.28 0.32 0.110766 0.115309 0.782575
2.28 0.48 0.117328 0.0498573 0.839938
2.28 0.64 0.119026 0.0205218 0.866466
2.28 0.8 0.118201 0.00928341 0.878434
2.28 0.96 0.116343 0.00462587 0.886312
2.28 1.12 0.114015 0.00240968 0.893395
2.28 1.28 0.111567 0.00126065 0.900426
2.28 1.44 0.109278 0.000651526 0.906345
2.28 1.6 0.10763 0.000340904 0.909938
2.28 1.76 0.107031 0.000209707 0.910485
2.28 1.92 0.107714 0.000208384 0.907837
2.28 2.08 0.109676 0.000341956 0.903162
2.28 2.24 0.112565 0.000677886 0.897662
2.28 2.4 0.115822 0.00138549 0.893131
2.28 2.56 0.118837 0.00282787 0.88884
2.28 2.72 0.121061 0.00589033 0.885315
2.28 2.88 0.121949 0.0133629 0.878922
2.28 3.04 0.119881 0.0378126 0.858603
2.28 3.2 0.106799 0.143044 0.765814
2.28 3.36 0.0596346 0.52772 0.430759
2.28 3.52 0.0145715 0.895994 0.106463
2.28 3.68 0.00382347 0.983202 0.0282431
2.28 3.84 0.00190434 0.999087 0.0141207
2.28 4 0.00275372 0.988565 0.020383
2.28 4.16 0.00886575 0.934359 0.0650617
2.28 4.32 0.0378669 0.697367 0.274556
2.28 4.48 0.0945643 0.228323 0.679293
2.28 4.64 0.115745 0.057248 0.828733
2.28 4.8 0.119931 0.0184309 0.861922
2.28 4.96 0.120069 0.00774913 0.873245
2.28 5.12 0.118852 0.00369192 0.882215
2.28 5.28 0.116742 0.00181959 0.891098
2.28 5.44 0.114111 0.000896977 0.899954
2.28 5.6 0.111472 0.000445848 0.908258
2.28 5.76 0.109468 0.000248097 0.915452
2.28 5.92 0.108629 0.00020849 0.920502
2.28 6.08 0.109168 0.000307648 0.922416
2.28 6.24 0.11092 0.000591123 0.921076
2.28 6.4 0.113399 0.00118661 0.916943
2.28 6.56 0.116 0.00236719 0.910465
2.28 6.72 0.118201 0.00475572 0.901817
2.28 6.88 0.119541 0.0101433 0.890238
2.28 7.04 0.119128 0.0252142 0.870371
2.28 7.2 0.113483 0.0774429 0.817549
2.28 7.36 0.0925121 0.251365 0.657326
2.28 7.52 0.0552438 0.555421 0.387359
2.28 7.68 0.0322092 0.740182 0.223391
2.28 7.84 0.0248518 0.798325 0.171296
2.4 0 0.053657 0.581626 0.376577
2.4 0.16 0.0633547 0.501755 0.445576
2.4 0.32 0.0883595 0.292722 0.627225
2.4 0.48 0.109537 0.112131 0.786483
2.4 0.64 0.117321 0.0376067 0.85389
2.4 0.8 0.118412 0.0143511 0.876799
2.4 0.96 0.117256 0.00646164 0.88736
2.4 1.12 0.115225 0.00318732 0.894999
2.4 1.28 0.112847 0.00161436 0.901915
2.4 1.44 0.110425 0.000814168 0.907266
2.4 1.6 0.10848 0.000413259 0.909892
2.4 1.76 0.107479 0.000238227 0.909351
2.4 1.92 0.10776 0.000213306 0.905962
2.4 2.08 0.109425 0.000328635 0.901268
2.4 2.24 0.112159 0.000640068 0.896515
2.4 2.4 0.1154 0.00130164 0.893207
2.4 2.56 0.118498 0.00264521 0.890338
2.4 2.72 0.120868 0.00546107 0.888107
2.4 2.88 0.121973 0.0121215 0.883072
2.4 3.04 0.120476 0.0328082 0.866217
2.4 3.2 0.109955 0.118261 0.790754
2.4 3.36 0.0694942 0.444697 0.502798
2.4 3.52 0.0197583 0.848169 0.144375
2.4 3.68 0.00565194 0.960988 0.041687
2.4 3.84 0.00301102 0.981686 0.0222838
2.4 4 0.00422096 0.96889 0.0311818
2.4 4.16 0.0126077 0.89787 0.0924411
2.4 4.32 0.0479615 0.610474 0.348059
2.4 4.48 0.0998881 0.186693 0.71932
2.4 4.64 0.11719 0.0485881 0.842128
2.4 4.8 0.120699 0.0165168 0.871358
2.4 4.96 0.120902 0.00718139 0.883726
2.4 5.12 0.119849 0.00348024 0.894158
2.4 5.28 0.117866 0.00173263 0.903892
2.4 5.44 0.115309 0.0008611 0.912766
2.4 5.6 0.11271 0.000433407 0.920303
2.4 5.76 0.110738 0.000249904 0.926103
2.4 5.92 0.109931 0.00022608 0.929319
2.4 6.08 0.110472 0.000353432 0.929121
2.4 6.24 0.112143 0.000695133 0.925505
2.4 6.4 0.11442 0.0014147 0.919057
2.4 6.56 0.116694 0.00287041 0.910432
2.4 6.72 0.11847 0.00594027 0.900056
2.4 6.88 0.119239 0.0134522 0.886631
2.4 7.04 0.117473 0.037393 0.859883
2.4 7.2 0.106356 0.132091 0.770579
2.4 7.36 0.0684412 0.444389 0.490976
2.4 7.52 0.0266893 0.784713 0.189431
2.4 7.68 0.0120511 0.900597 0.0846057
2.4 7.84 0.00892867 0.924871 0.0622581
2.52 0 0.0200177 0.848185 0.14142
2.52 0.16 0.0271931 0.790302 0.192716
2.52 0.32 0.0545391 0.564882 0.390135
2.52 0.48 0.0949915 0.228028 0.685941
2.52 0.64 0.114001 0.0657703 0.831777
2.52 0.8 0.118131 0.0212722 0.873929
2.52 0.96 0.117854 0.00862484 0.888496
2.52 1.12 0.11614 0.00403166 0.896778
2.52 1.28 0.113821 0.00198374 0.90333
2.52 1.44 0.111249 0.000980913 0.907753
2.52 1.6 0.108993 0.000486687 0.909136
2.52 1.76 0.107594 0.000266458 0.907489
2.52 1.92 0.107494 0.000216101 0.903638
2.52 2.08 0.108889 0.000309414 0.89938
2.52 2.24 0.111498 0.000588275 0.895831
2.52 2.4 0.114746 0.0011863 0.894053
2.52 2.56 0.117945 0.00239249 0.89274
2.52 2.72 0.120474 0.0048714 0.891663
2.52 2.88 0.121802 0.0104768 0.887637
2.52 3.04 0.120935 0.0265638 0.874166
2.52 3.2 0.11347 0.0882445 0.819015
2.52 3.36 0.0830581 0.331078 0.601854
2.52 3.52 0.0306989 0.751106 0.224094
2.52 3.68 0.0101495 0.9146 0.07458
2.52 3.84 0.00585586 0.948227 0.0431354
2.52 4 0.00791428 0.929973 0.0582061
2.52 4.16 0.0210945 0.823214 0.154302
2.52 4.32 0.0647047 0.474164 0.469716
2.52 4.48 0.106991 0.13663 0.772625
2.52 4.64 0.11944 0.0382958 0.862308
2.52 4.8 0.121993 0.0141164 0.886134
2.52 4.96 0.121997 0.00642507 0.898131
2.52 5.12 0.120843 0.00318509 0.908397
2.52 5.28 0.118763 0.00160711 0.917413
2.52 5.44 0.116106 0.000807413 0.924858
2.52 5.6 0.113398 0.000412858 0.930179
2.52 5.76 0.111316 0.000247784 0.933095
2.52 5.92 0.110404 0.000240464 0.933171
2.52 6.08 0.110846 0.000393041 0.930083
2.52 6.24 0.112385 0.000783778 0.924036
2.52 6.4 0.114446 0.0016058 0.915513
2.52 6.56 0.116399 0.00328931 0.905053
2.52 6.72 0.117783 0.00694319 0.893243
2.52 6.88 0.118076 0.0164262 0.878434
2.52 7.04 0.115109 0.0494526 0.845402
2.52 7.2 0.0985887 0.189364 0.71907
2.52 7.36 0.0485989 0.60538 0.352389
2.52 7.52 0.0140675 0.888048 0.101347
2.52 7.68 0.00543745 0.95764 0.0388222
2.52 7.84 0.00390855 0.970362 0.0277154
2.64 0 0.0073808 0.94599 0.0526571
2.64 0.16 0.0111165 0.91676 0.0796435
2.64 0.32 0.0293361 0.76804 0.211967
2.64 0.48 0.0766026 0.376556 0.557202
2.64 0.64 0.109454 0.102557 0.801945
2.64 0.8 0.117469 0.0292116 0.870138
2.64 0.96 0.118129 0.010823 0.889527
2.64 1.12 0.11669 0.00483358 0.898333
2.64 1.28 0.114388 0.00232496 0.904217
2.64 1.44 0.111652 0.0011337 0.907468
2.64 1.6 0.109108 0.000553968 0.907607
2.64 1.76 0.107359 0.000291899 0.905124
2.64 1.92 0.106933 0.000216586 0.90125
2.64 2.08 0.108104 0.0002859 0.897903
2.64 2.24 0.110625 0.000526756 0.895973
2.64 2.4 0.1139 0.00104924 0.895966
2.64 2.56 0.117204 0.00209277 0.896166
2.64 2.72 0.11986 0.00418394 0.89574
2.64 2.88 0.121337 0.00865741 0.891755
2.64 3.04 0.120988 0.0202476 0.880328
2.64 3.2 0.11632 0.0597911 0.843081
2.64 3.36 0.0971805 0.212272 0.705073
2.64 3.52 0.0512321 0.577047 0.373187
2.64 3.68 0.0213755 0.812197 0.156204
2.64 3.84 0.0135947 0.874204 0.0994524
2.64 4 0.0175557 0.843318 0.128298
2.64 4.16 0.0391789 0.675334 0.285566
2.64 4.32 0.0858894 0.311493 0.623335
2.64 4.48 0.114264 0.0897075 0.827519
2.64 4.64 0.121883 0.0283574 0.884773
2.64 4.8 0.123214 0.0115527 0.901802
2.64 4.96 0.122646 0.0055381 0.911107
2.64 5.12 0.121074 0.0028169 0.919065
2.64 5.28 0.118704 0.00144412 0.925853
2.64 5.44 0.115865 0.000735495 0.930998
2.64 5.6 0.113033 0.000383619 0.933648
2.64 5.76 0.110842 0.000240763 0.933455
2.64 5.92 0.109839 0.000249357 0.930434
2.64 6.08 0.110211 0.00042101 0.924893
2.64 6.24 0.111674 0.000844285 0.917221
2.64 6.4 0.113598 0.0017298 0.907549
2.64 6.56 0.115317 0.00354808 0.896023
2.64 6.72 0.116413 0.00754003 0.883327
2.64 6.88 0.116406 0.0181845 0.86789
2.64 7.04 0.112785 0.0567765 0.831731
2.64 7.2 0.0932853 0.224014 0.684722
2.64 7.36 0.0391481 0.680082 0.286653
2.64 7.52 0.00998958 0.922479 0.0730082
2.64 7.68 0.00360427 0.977292 0.0262082
2.64 7.84 0.00253809 0.987794 0.0183588
2.76 0 0.00359181 0.975119 0.0259434
2.76 0.16 0.00581776 0.957809 0.0422145
2.76 0.32 0.0180614 0.858057 0.131883
2.76 0.48 0.0620583 0.494787 0.454703
2.76 0.64 0.10529 0.135704 0.775049
2.76 0.8 0.116734 0.0359375 0.866985
2.76 0.96 0.118119 0.0125567 0.890365
2.76 1.12 0.116826 0.00544517 0.899201
2.76 1.28 0.114474 0.00258439 0.904106
2.76 1.44 0.111576 0.00125139 0.906158
2.76 1.6 0.108797 0.000606789 0.905332
2.76 1.76 0.106775 0.000311606 0.902456
2.76 1.92 0.106092 0.000214381 0.899018
2.76 2.08 0.107092 0.00025965 0.897008
2.76 2.24 0.109566 0.000459952 0.897088
2.76 2.4 0.112899 0.000900999 0.899088
2.76 2.56 0.1163 0.00177105 0.900621
2.76 2.72 0.119013 0.00346311 0.900069
2.76 2.88 0.12051 0.00686553 0.894761
2.76 3.04 0.120474 0.0147058 0.883386
2.76 3.2 0.117872 0.0375018 0.858314
2.76 3.36 0.10807 0.116606 0.784966
2.76 3.52 0.0799217 0.342954 0.580635
2.76 3.68 0.0468734 0.600622 0.340524
2.76 3.84 0.0342346 0.700416 0.248643
2.76 4 0.0413564 0.650597 0.300258
2.76 4.16 0.0703231 0.436368 0.510596
2.76 4.32 0.105244 0.170072 0.763453
2.76 4.48 0.120053 0.0540012 0.872124
2.76 4.64 0.123664 0.0200271 0.903333
2.76 4.8 0.123591 0.00907383 0.912635
2.76 4.96 0.122177 0.00458401 0.917462
2.76 5.12 0.120016 0.002396 0.92185
2.76 5.28 0.117305 0.00125108 0.925861
2.76 5.44 0.114328 0.000648144 0.928786
2.76 5.6 0.111475 0.000346616 0.929335
2.76 5.76 0.109306 0.000228638 0.926978
2.76 5.92 0.108347 0.000251278 0.922093
2.76 6.08 0.108784 0.0004337 0.915499
2.76 6.24 0.110305 0.000868692 0.907604
2.76 6.4 0.112229 0.00176898 0.898047
2.76 6.56 0.113872 0.00360355 0.886547
2.76 6.72 0.114865 0.00760043 0.873897
2.76 6.88 0.114819 0.0181643 0.858998
2.76 7.04 0.111356 0.056113 0.824619
2.76 7.2 0.0926022 0.219591 0.683079
2.76 7.36 0.03981 0.669094 0.293342
2.76 7.52 0.010429 0.917355 0.0768621
2.76 7.68 0.00385726 0.97629 0.0283612
2.76 7.84 0.00275457 0.988421 0.0201864
2.88 0 0.00276161 0.980432 0.0201361
2.88 0.16 0.00460226 0.965572 0.0336963
2.88 0.32 0.0150975 0.880883 0.11103
2.88 0.48 0.0567286 0.537709 0.417825
2.88 0.64 0.103507 0.149481 0.764963
2.88 0.8 0.116302 0.038782 0.866597
2.88 0.96 0.117901 0.013317 0.891133
2.88 1.12 0.116558 0.00573161 0.899194
2.88 1.28 0.11408 0.00271547 0.902896
2.88 1.44 0.11103 0.00131587 0.903906
2.88 1.6 0.108079 0.000637909 0.902492
2.88 1.76 0.105856 0.000322915 0.899615
2.88 1.92 0.10498 0.000209118 0.896956
2.88 2.08 0.105863 0.000232186 0.896637
2.88 2.24 0.108338 0.000392299 0.899092
2.88 2.4 0.111751 0.000752099 0.903274
2.88 2.56 0.115222 0.00145171 0.905816
2.88 2.72 0.117902 0.00276739 0.904217
2.88 2.88 0.119293 0.00524913 0.896304
2.88 3.04 0.119394 0.0103247 0.883312
2.88 3.2 0.118127 0.0225774 0.864805
2.88 3.36 0.114061 0.057648 0.829711
2.88 3.52 0.102993 0.153521 0.746584
2.88 3.68 0.0847201 0.307891 0.612432
2.88 3.84 0.073963 0.398276 0.534012
2.88 4 0.08161 0.350934 0.589327
2.88 4.16 0.101938 0.202368 0.737807
2.88 4.32 0.117668 0.0810761 0.853621
2.88 4.48 0.123447 0.0311125 0.900144
2.88 4.64 0.124064 0.0137062 0.912866
2.88 4.8 0.122623 0.00685663 0.914822
2.88 4.96 0.120373 0.00364045 0.915256
2.88 5.12 0.117692 0.00195772 0.916489
2.88 5.28 0.114732 0.001044 0.918248
2.88 5.44 0.111717 0.000552347 0.919557
2.88 5.6 0.108952 0.000304647 0.918791
2.88 5.76 0.106935 0.000212204 0.915376
2.88 5.92 0.106165 0.000245888 0.91006
2.88 6.08 0.106813 0.000429965 0.903958
2.88 6.24 0.108531 0.000855261 0.897239
2.88 6.4 0.110608 0.00172175 0.889046
2.88 6.56 0.112379 0.00345796 0.878892
2.88 6.72 0.113532 0.00714571 0.867693
2.88 6.88 0.11377 0.016477 0.854848
2.88 7.04 0.11122 0.0480739 0.826741
2.88 7.2 0.0965342 0.179208 0.714164
2.88 7.36 0.0504834 0.574461 0.37258
2.88 7.52 0.0157241 0.870333 0.115899
2.88 7.68 0.00644636 0.952209 0.0473808
2.88 7.84 0.00476735 0.969381 0.0349423
3 0 0.00362099 0.972527 0.0263924
3 0.16 0.00584051 0.955204 0.0427423
3 0.32 0.0180175 0.855999 0.132563
3 0.48 0.0617916 0.495343 0.455825
3 0.64 0.105024 0.136685 0.77809
3 0.8 0.116403 0.0364708 0.8702
3 0.96 0.117586 0.0128604 0.892254
3 1.12 0.115989 0.00562568 0.898761
3 1.28 0.113317 0.00269334 0.90119
3 1.44 0.110124 0.00131651 0.901388
3 1.6 0.107044 0.000642554 0.899668
3 1.76 0.104677 0.000323837 0.897044
3 1.92 0.103668 0.000200475 0.895431
3 2.08 0.104488 0.000204739 0.8971
3 2.24 0.106993 0.00032744 0.90211
3 2.4 0.110468 0.000611003 0.90829
3 2.56 0.113932 0.00115368 0.911162
3 2.72 0.116481 0.00213822 0.907597
3 2.88 0.117706 0.00388383 0.896415
3 3.04 0.117895 0.00708688 0.881268
3 3.2 0.117524 0.0135447 0.866042
3 3.36 0.116487 0.0281977 0.84958
3 3.52 0.113764 0.0611004 0.82396
3 3.68 0.109358 0.113545 0.788045
3 3.84 0.107164 0.149209 0.770714
3 4 0.111246 0.130693 0.800581
3 4.16 0.118607 0.078593 0.857163
3 4.32 0.123517 0.0377612 0.897335
3 4.48 0.124402 0.0179368 0.911708
3 4.64 0.122884 0.00919136 0.912063
3 4.8 0.120379 0.00499887 0.908754
3 4.96 0.11757 0.00277895 0.906691
3 5.12 0.114607 0.00153971 0.906416
3 5.28 0.111558 0.000841176 0.907077
3 5.44 0.108594 0.000456494 0.907459
3 5.6 0.105959 0.000261272 0.905768
3 5.76 0.104119 0.000192798 0.901687
3 5.92 0.103576 0.000233654 0.896546
3 6.08 0.104486 0.000410417 0.891677
3 6.24 0.106463 0.000806541 0.886842
3 6.4 0.108797 0.00159778 0.880816
3 6.56 0.110894 0.00314591 0.873253
3 6.72 0.112494 0.00630891 0.865115
3 6.88 0.113322 0.0137557 0.855805
3 7.04 0.11211 0.0363918 0.836142
3 7.2 0.103039 0.122339 0.763046
3 7.36 0.0705577 0.404416 0.519607
3 7.52 0.0305327 0.745921 0.223823
3 7.68 0.014836 0.880124 0.108254
3 7.84 0.0113105 0.911847 0.0822807
3.12 0 0.007382 0.940612 0.053373
3.12 0.16 0.011081 0.911644 0.0804386
3.12 0.32 0.0290713 0.7651 0.212711
3.12 0.48 0.0760701 0.378502 0.559987
3.12 0.64 0.109038 0.104248 0.808441
3.12 0.8 0.116966 0.0301379 0.877055
3.12 0.96 0.117259 0.0113644 0.894069
3.12 1.12 0.115258 0.00516072 0.898627
3.12 1.28 0.112343 0.00252466 0.899884
3.12 1.44 0.109006 0.00125383 0.899464
3.12 1.6 0.105825 0.000619985 0.897639
3.12 1.76 0.103372 0.000313813 0.895558
3.12 1.92 0.102303 0.000188531 0.895353
3.12 2.08 0.103105 0.000178395 0.899191
3.12 2.24 0.105616 0.000268189 0.906436
3.12 2.4 0.10905 0.000483845 0.913714
3.12 2.56 0.112366 0.000889726 0.915742
3.12 2.72 0.114693 0.00159952 0.909473
3.12 2.88 0.115786 0.00278839 0.895272
3.12 3.04 0.116159 0.00478158 0.878758
3.12 3.2 0.116528 0.0082442 0.865861
3.12 3.36 0.117154 0.0145791 0.858383
3.12 3.52 0.117828 0.0258569 0.854678
3.12 3.68 0.118645 0.0412757 0.854499
3.12 3.84 0.120039 0.0513973 0.862298
3.12 4 0.122652 0.046672 0.882024
3.12 4.16 0.124829 0.0319656 0.903103
3.12 4.32 0.125164 0.0186744 0.912705
3.12 4.48 0.123402 0.0105626 0.910828
3.12 4.64 0.120528 0.00606829 0.904047
3.12 4.8 0.117442 0.00353029 0.898673
3.12 4.96 0.114435 0.00204803 0.896568
3.12 5.12 0.111443 0.00117109 0.896615
3.12 5.28 0.108476 0.000657891 0.897532
3.12 5.44 0.105639 0.000368171 0.897725
3.12 5.6 0.103109 0.000220087 0.895119
3.12 5.76 0.101357 0.000172199 0.889899
3.12 5.92 0.100931 0.000215982 0.884304
3.12 6.08 0.101995 0.000377555 0.880021
3.12 6.24 0.104147 0.000728973 0.87652
3.12 6.4 0.106726 0.00141523 0.872536
3.12 6.56 0.109262 0.00272105 0.868205
3.12 6.72 0.111527 0.00526873 0.864363
3.12 6.88 0.113172 0.0107553 0.859665
3.12 7.04 0.113362 0.0251587 0.848187
3.12 7.2 0.109323 0.0719819 0.809512
3.12 7.36 0.092915 0.222271 0.681574
3.12 7.52 0.0609425 0.498641 0.44358
3.12 7.68 0.0384841 0.688836 0.278429
3.12 7.84 0.0306418 0.75521 0.220947
3.24 0 0.0196629 0.841414 0.140829
3.24 0.16 0.026728 0.784839 0.192099
3.24 0.32 0.0536916 0.565268 0.38971
3.24 0.48 0.0943386 0.231176 0.691494
3.24 0.64 0.11361 0.0677001 0.841956
3.24 0.8 0.117658 0.0223803 0.884793
3.24 0.96 0.116897 0.00929785 0.896319
3.24 1.12 0.114431 0.00444843 0.899056
3.24 1.28 0.111254 0.00224261 0.899374
3.24 1.44 0.107774 0.00113834 0.89851
3.24 1.6 0.104526 0.000573386 0.896853
3.24 1.76 0.102067 0.000293778 0.89581
3.24 1.92 0.101019 0.000173762 0.897453
3.24 2.08 0.101814 0.000153933 0.903309
3.24 2.24 0.104234 0.00021623 0.911789
3.24 2.4 0.107453 0.000374113 0.918633
3.24 2.56 0.110459 0.000666476 0.918491
3.24 2.72 0.112518 0.00115981 0.909279
3.24 2.88 0.11359 0.00194565 0.893144
3.24 3.04 0.114305 0.00317248 0.876817
3.24 3.2 0.115384 0.00507969 0.86648
3.24 3.36 0.117075 0.00803562 0.864146
3.24 3.52 0.11915 0.0123345 0.868392
3.24 3.68 0.121676 0.0173052 0.878973
3.24 3.84 0.124186 0.0203832 0.894323
3.24 4 0.126024 0.0191837 0.908959
3.24 4.16 0.126051 0.0147287 0.916176
3.24 4.32 0.124346 0.00993515 0.912985
3.24 4.48 0.121213 0.00633125 0.903428
3.24 4.64 0.117778 0.00394813 0.894725
3.24 4.8 0.114617 0.0024272 0.890606
3.24 4.96 0.111679 0.00146608 0.890231
3.24 5.12 0.108803 0.000866869 0.891625
3.24 5.28 0.106002 0.000502999 0.893558
3.24 5.44 0.103294 0.000292126 0.893791
3.24 5.6 0.100786 0.000183593 0.889861
3.24 5.76 0.0989928 0.000152012 0.882698
3.24 5.92 0.0985217 0.000194788 0.875561
3.24 6.08 0.0995513 0.00033529 0.870467
3.24 6.24 0.101693 0.000631926 0.866844
3.24 6.4 0.104384 0.00119725 0.863781
3.24 6.56 0.107306 0.00224188 0.86215
3.24 6.72 0.110273 0.00418595 0.862676
3.24 6.88 0.112824 0.00800579 0.862945
3.24 7.04 0.114326 0.016535 0.858567
3.24 7.2 0.113744 0.0390936 0.842282
3.24 7.36 0.108576 0.101415 0.793422
3.24 7.52 0.0951085 0.229772 0.687831
3.24 7.68 0.0801099 0.361961 0.575388
3.24 7.84 0.0704967 0.443387 0.504535
3.36 0 0.0521617 0.580466 0.370688
3.36 0.16 0.0618947 0.502357 0.441074
3.36 0.32 0.0871989 0.296116 0.628044
3.36 0.48 0.108934 0.114848 0.794737
3.36 0.64 0.11707 0.0392996 0.86702
3.36 0.8 0.118085 0.0154202 0.890843
3.36 0.96 0.116379 0.00714667 0.898124
3.36 1.12 0.113479 0.00362634 0.899632
3.36 1.28 0.11006 0.00189381 0.899397
3.36 1.44 0.106461 0.000986952 0.89836
3.36 1.6 0.103203 0.00050885 0.897274
3.36 1.76 0.100817 0.000265808 0.897763
3.36 1.92 0.0998309 0.000156848 0.901325
3.36 2.08 0.100565 0.000131717 0.908437
3.36 2.24 0.102757 0.000172151 0.916739
3.36 2.4 0.105608 0.000283043 0.921734
3.36 2.56 0.108216 0.000485672 0.918754
3.36 2.72 0.110044 0.000816514 0.907143
3.36 2.88 0.111226 0.00132121 0.890564
3.36 3.04 0.112399 0.00206634 0.875901
3.36 3.2 0.114122 0.00313499 0.868321
3.36 3.36 0.1165 0.004609 0.869037
3.36 3.52 0.119275 0.006465 0.876803
3.36 3.68 0.12227 0.00834401 0.889691
3.36 3.84 0.124764 0.00944762 0.904718
3.36 4 0.125937 0.00909803 0.915003
3.36 4.16 0.124855 0.00751239 0.915452
3.36 4.32 0.122157 0.00553742 0.906326
3.36 4.48 0.118695 0.00381825 0.895928
3.36 4.64 0.115448 0.00253294 0.890227
3.36 4.8 0.112578 0.00163388 0.889696
3.36 4.96 0.109774 0.00102634 0.891269
3.36 5.12 0.106915 0.000628606 0.893076
3.36 5.28 0.104099 0.000378194 0.894527
3.36 5.44 0.101323 0.000229295 0.893272
3.36 5.6 0.0987346 0.000152385 0.887366
3.36 5.76 0.0969197 0.000133034 0.878789
3.36 5.92 0.0964556 0.000171942 0.870905
3.36 6.08 0.0974275 0.000288386 0.865023
3.36 6.24 0.0994591 0.000526901 0.860492
3.36 6.4 0.102096 0.000969729 0.856944
3.36 6.56 0.105165 0.00176361 0.856021
3.36 6.72 0.108575 0.00317625 0.858874
3.36 6.88 0.111874 0.00573267 0.862875
3.36 7.04 0.114555 0.0106509 0.864621
3.36 7.2 0.116221 0.0211354 0.861821
3.36 7.36 0.11657 0.0444519 0.849948
3.36 7.52 0.114198 0.0877117 0.822171
3.36 7.68 0.110194 0.135191 0.787281
3.36 7.84 0.105862 0.175931 0.753468
3.48 0 0.0938229 0.247752 0.662856
3.48 0.16 0.0990561 0.206508 0.701396
3.48 0.32 0.10963 0.117351 0.784904
3.48 0.48 0.116805 0.0515786 0.849147
3.48 0.64 0.118908 0.0217884 0.880819
3.48 0.8 0.118024 0.0101716 0.894044
3.48 0.96 0.115613 0.00523076 0.898941
3.48 1.12 0.112383 0.00281392 0.900073
3.48 1.28 0.10879 0.00152604 0.899847
3.48 1.44 0.105132 0.000819262 0.899074
3.48 1.6 0.101921 0.000434196 0.898921
3.48 1.76 0.0996311 0.000232732 0.900906
3.48 1.92 0.098652 0.00013861 0.905552
3.48 2.08 0.0992121 0.000111859 0.912534
3.48 2.24 0.101073 0.000135881 0.919481
3.48 2.4 0.103521 0.000210415 0.922192
3.48 2.56 0.105776 0.000345602 0.916844
3.48 2.72 0.10748 0.000560043 0.904046
3.48 2.88 0.108875 0.000875144 0.888404
3.48 3.04 0.110528 0.00131984 0.8763
3.48 3.2 0.11279 0.00192039 0.871473
3.48 3.36 0.115557 0.00268324 0.873821
3.48 3.52 0.118518 0.0035531 0.882023
3.48 3.68 0.121544 0.00436002 0.894583
3.48 3.84 0.123616 0.00481377 0.906595
3.48 4 0.124125 0.00468847 0.912425
3.48 4.16 0.122396 0.00403599 0.908957
3.48 4.32 0.119676 0.00314857 0.900298
3.48 4.48 0.116681 0.00229847 0.894278
3.48 4.64 0.114022 0.00160492 0.89404
3.48 4.8 0.111481 0.00108225 0.896963
3.48 4.96 0.108568 0.000706292 0.898154
3.48 5.12 0.105316 0.000448141 0.896688
3.48 5.28 0.102024 0.000279995 0.89354
3.48 5.44 0.0989018 0.000178032 0.888303
3.48 5.6 0.0963362 0.000125855 0.881523
3.48 5.76 0.0949288 0.000115647 0.875787
3.48 5.92 0.0949476 0.00014949 0.871858
3.48 6.08 0.0961933 0.000242389 0.868365
3.48 6.24 0.0982715 0.000426629 0.864278
3.48 6.4 0.100793 0.000758776 0.859577
3.48 6.56 0.103664 0.00133437 0.856398
3.48 6.72 0.106951 0.0023145 0.857066
3.48 6.88 0.110432 0.00396985 0.860585
3.48 7.04 0.11393 0.00680117 0.866021
3.48 7.2 0.117208 0.0118232 0.872434
3.48 7.36 0.120133 0.0207842 0.87636
3.48 7.52 0.121797 0.0347569 0.875414
3.48 7.68 0.122275 0.0490747 0.871311
3.48 7.84 0.121449 0.0637606 0.861867
3.6 0 0.114465 0.0833788 0.80569
3.6 0.16 0.116048 0.0711317 0.818472
3.6 0.32 0.118659 0.0443539 0.84663
3.6 0.48 0.120005 0.0234888 0.871277
3.6 0.64 0.119473 0.0121291 0.886764
3.6 0.8 0.117525 0.0065557 0.895191
3.6 0.96 0.114655 0.00368254 0.899289
3.6 1.12 0.111221 0.00209139 0.900819
3.6 1.28 0.107547 0.0011787 0.90119
3.6 1.44 0.103907 0.00065361 0.901153
3.6 1.6 0.100774 0.000357471 0.902007
3.6 1.76 0.098526 0.00019773 0.90471
3.6 1.92 0.0974293 0.000120087 0.908897
3.6 2.08 0.0977127 9.45314e-05 0.914364
3.6 2.24 0.0992361 0.000107155 0.91953
3.6 2.4 0.101355 0.000155138 0.920458
3.6 2.56 0.103372 0.000242206 0.913785
3.6 2.72 0.10506 0.000376939 0.901032
3.6 2.88 0.10672 0.000568448 0.887304
3.6 3.04 0.108806 0.000828502 0.878101
3.6 3.2 0.111459 0.00116308 0.87565
3.6 3.36 0.114441 0.00156299 0.879031
3.6 3.52 0.117341 0.00198762 0.886456
3.6 3.68 0.120057 0.0023566 0.896628
3.6 3.84 0.121636 0.00255682 0.905265
3.6 4 0.121675 0.00250386 0.907917
3.6 4.16 0.119952 0.00221611 0.904969
3.6 4.32 0.117817 0.00180212 0.900793
3.6 4.48 0.115521 0.00137746 0.900388
3.6 4.64 0.113315 0.00100645 0.904073
3.6 4.8 0.110653 0.000707107 0.906335
3.6 4.96 0.107108 0.000478319 0.902293
3.6 5.12 0.103081 0.000314142 0.89375
3.6 5.28 0.0991338 0.000204239 0.884036
3.6 5.44 0.0958347 0.000137176 0.876217
3.6 5.6 0.0938436 0.000104125 0.873833
3.6 5.76 0.0935415 0.000100918 0.877856
3.6 5.92 0.0946511 0.000129969 0.883924
3.6 6.08 0.0966339 0.00020262 0.887195
3.6 6.24 0.0990748 0.000341543 0.886228
3.6 6.4 0.101599 0.000583544 0.881084
3.6 6.56 0.104078 0.000986192 0.873732
3.6 6.72 0.106642 0.00163928 0.867188
3.6 6.88 0.109418 0.00267576 0.863314
3.6 7.04 0.112846 0.00430215 0.86605
3.6 7.2 0.117073 0.0068359 0.877373
3.6 7.36 0.121365 0.0106112 0.888866
3.6 7.52 0.124213 0.0155596 0.894574
3.6 7.68 0.125903 0.0201659 0.898054
3.6 7.84 0.126417 0.0255908 0.897593
3.72 0 0.120994 0.0294352 0.850865
3.72 0.16 0.121396 0.0261216 0.855359
3.72 0.32 0.121521 0.0182918 0.866674
3.72 0.48 0.120939 0.0114357 0.879295
3.72 0.64 0.1193 0.00689611 0.889091
3.72 0.8 0.116783 0.00416162 0.895772
3.72 0.96 0.11364 0.00251031 0.899962
3.72 1.12 0.1101 0.00149737 0.902276
3.72 1.28 0.106424 0.000877118 0.903588
3.72 1.44 0.102856 0.000503607 0.904522
3.72 1.6 0.0997943 0.000285324 0.906075
3.72 1.76 0.0975095 0.000163785 0.90845
3.72 1.92 0.0962261 0.000102488 0.911086
3.72 2.08 0.0962502 8.00827e-05 0.914694
3.72 2.24 0.0975152 8.56662e-05 0.918363
3.72 2.4 0.0993834 0.00011557 0.917922
3.72 2.56 0.101232 0.000170226 0.910478
3.72 2.72 0.102962 0.000253008 0.898464
3.72 2.88 0.104908 0.000367181 0.887242
3.72 3.04 0.10737 0.000516907 0.881042
3.72 3.2 0.110233 0.000701143 0.880128
3.72 3.36 0.113192 0.000909993 0.883281
3.72 3.52 0.11596 0.00112017 0.889865
3.72 3.68 0.118405 0.00129401 0.898272
3.72 3.84 0.119656 0.00138544 0.904842
3.72 4 0.119565 0.0013622 0.906745
3.72 4.16 0.118168 0.00123244 0.906459
3.72 4.32 0.116697 0.00103758 0.907068
3.72 4.48 0.114913 0.000826175 0.910446
3.72 4.64 0.112522 0.000628451 0.912474
3.72 4.8 0.108948 0.000457558 0.906968
3.72 4.96 0.104459 0.000320039 0.894483
3.72 5.12 0.100011 0.000218362 0.881533
3.72 5.28 0.0961707 0.000149237 0.871757
3.72 5.44 0.0935598 0.000107454 0.869383
3.72 5.6 0.0927973 8.85383e-05 0.877976
3.72 5.76 0.0938249 9.03836e-05 0.894434
3.72 5.92 0.0960184 0.000115255 0.91082
3.72 6.08 0.0987572 0.000171517 0.921199
3.72 6.24 0.10166 0.000274757 0.924263
3.72 6.4 0.104424 0.000448069 0.920703
3.72 6.56 0.106778 0.000723821 0.911282
3.72 6.72 0.108532 0.00114669 0.89632
3.72 6.88 0.110069 0.0017764 0.88054
3.72 7.04 0.112314 0.00269618 0.87217
3.72 7.2 0.116318 0.0040173 0.880198
3.72 7.36 0.12113 0.00576283 0.893757
3.72 7.52 0.124075 0.00774685 0.898813
3.72 7.68 0.125748 0.00943996 0.901386
3.72 7.84 0.126653 0.0117114 0.903276
3.84 0 0.122626 0.0120808 0.864424
3.84 0.16 0.122661 0.0109999 0.866259
3.84 0.32 0.122096 0.00843973 0.87279
3.84 0.48 0.12089 0.0059415 0.882632
3.84 0.64 0.11877 0.00398775 0.890609
3.84 0.8 0.115944 0.00260647 0.896749
3.84 0.96 0.11264 0.00166558 0.901243
3.84 1.12 0.109057 0.00103916 0.904302
3.84 1.28 0.105421 0.000632868 0.906494
3.84 1.44 0.101934 0.000377212 0.908149
3.84 1.6 0.098903 0.000222305 0.90971
3.84 1.76 0.0965465 0.000133285 0.911042
3.84 1.92 0.0951526 8.69662e-05 0.912372
3.84 2.08 0.0950837 6.88987e-05 0.915178
3.84 2.24 0.0961943 7.1019e-05 0.917805
3.84 2.4 0.0978127 8.98349e-05 0.915578
3.84 2.56 0.0995078 0.000124475 0.907269
3.84 2.72 0.101325 0.000175967 0.896438
3.84 2.88 0.103573 0.000245023 0.888109
3.84 3.04 0.106353 0.000332532 0.884762
3.84 3.2 0.109284 0.000435277 0.884563
3.84 3.36 0.112024 0.000545476 0.886228
3.84 3.52 0.114576 0.000651206 0.891548
3.84 3.68 0.116947 0.000735959 0.899839
3.84 3.84 0.118147 0.000779834 0.906437
3.84 4 0.118167 0.000770141 0.909363
3.84 4.16 0.117064 0.00071057 0.911384
3.84 4.32 0.116046 0.000617753 0.915023
3.84 4.48 0.114241 0.000510431 0.917716
3.84 4.64 0.110858 0.00040149 0.91108
3.84 4.8 0.105974 0.000301127 0.89389
3.84 4.96 0.101101 0.00021822 0.877216
3.84 5.12 0.0973725 0.000156455 0.869849
3.84 5.28 0.0948649 0.000114341 0.871739
3.84 5.44 0.0938224 8.95374e-05 0.883786
3.84 5.6 0.0943741 8.00077e-05 0.904934
3.84 5.76 0.0959562 8.46319e-05 0.926898
3.84 5.92 0.0982149 0.000105231 0.944084
3.84 6.08 0.100986 0.00014779 0.954932
3.84 6.24 0.10396 0.000222703 0.958697
3.84 6.4 0.107136 0.000344526 0.958549
3.84 6.56 0.110039 0.000530703 0.953036
3.84 6.72 0.111672 0.000799691 0.935792
3.84 6.88 0.112489 0.00117574 0.912598
3.84 7.04 0.113248 0.00168614 0.890937
3.84 7.2 0.115758 0.00237508 0.886373
3.84 7.36 0.120008 0.00322556 0.894566
3.84 7.52 0.122457 0.00410052 0.895163
3.84 7.68 0.123567 0.00479768 0.893178
3.84 7.84 0.124342 0.00585471 0.893766
3.96 0 0.122591 0.00559823 0.86799
3.96 0.16 0.122623 0.0052029 0.870059
3.96 0.32 0.121864 0.00424271 0.875186
3.96 0.48 0.120417 0.00322767 0.884295
3.96 0.64 0.118058 0.00232988 0.891544
3.96 0.8 0.115071 0.0016171 0.897538
3.96 0.96 0.111701 0.00108559 0.902411
3.96 1.12 0.108135 0.000707069 0.906176
3.96 1.28 0.104559 0.000448285 0.90903
3.96 1.44 0.101125 0.000278207 0.910845
3.96 1.6 0.0980752 0.000171297 0.91166
3.96 1.76 0.0956757 0.000108026 0.911875
3.96 1.92 0.094341 7.44606e-05 0.913115
3.96 2.08 0.0943624 6.12414e-05 0.916385
3.96 2.24 0.0953674 6.27486e-05 0.91786
3.96 2.4 0.0967017 7.62606e-05 0.912991
3.96 2.56 0.098287 0.000100859 0.903867
3.96 2.72 0.100288 0.000136866 0.894939
3.96 2.88 0.10285 0.000183969 0.889587
3.96 3.04 0.105849 0.000241672 0.888289
3.96 3.2 0.108774 0.000306217 0.888232
3.96 3.36 0.111362 0.000371832 0.888915
3.96 3.52 0.113816 0.000432215 0.893807
3.96 3.68 0.116294 0.000479841 0.903288
3.96 3.84 0.117638 0.000504588 0.911324
3.96 4 0.117817 0.000500451 0.915598
3.96 4.16 0.116772 0.000469191 0.918087
3.96 4.32 0.115652 0.000418345 0.920498
3.96 4.48 0.11308 0.000354884 0.916477
3.96 4.64 0.108382 0.000285236 0.898315
3.96 4.8 0.102829 0.000218977 0.874615
3.96 4.96 0.0987505 0.000164804 0.864004
3.96 5.12 0.0965365 0.000124692 0.86967
3.96 5.28 0.0957752 9.75231e-05 0.887542
3.96 5.44 0.0964558 8.23513e-05 0.916133
3.96 5.6 0.0976939 7.77899e-05 0.944327
3.96 5.76 0.098471 8.26183e-05 0.958797
3.96 5.92 0.0993165 9.81054e-05 0.962542
3.96 6.08 0.101147 0.000128742 0.964889
3.96 6.24 0.103552 0.000181059 0.96411
3.96 6.4 0.107079 0.00026483 0.96805
3.96 6.56 0.111094 0.00038923 0.973
3.96 6.72 0.113708 0.000559239 0.964165
3.96 6.88 0.115002 0.000783438 0.944365
3.96 7.04 0.115329 0.00106676 0.91839
3.96 7.2 0.115991 0.00142164 0.898785
3.96 7.36 0.118705 0.00184024 0.894599
3.96 7.52 0.120212 0.00224565 0.887725
3.96 7.68 0.120442 0.00255113 0.879013
3.96 7.84 0.120657 0.00307233 0.875349
4.08 0 0.122275 0.00285609 0.870352
4.08 0.16 0.12228 0.00269092 0.872192
4.08 0.32 0.1214 0.0022832 0.876339
4.08 0.48 0.119792 0.00182984 0.884724
4.08 0.64 0.117314 0.00139336 0.89157
4.08 0.8 0.114298 0.00101636 0.897831
4.08 0.96 0.110969 0.000714142 0.903411
4.08 1.12 0.10748 0.00048553 0.907966
4.08 1.28 0.103965 0.000320937 0.911204
4.08 1.44 0.100525 0.000207805 0.912587
4.08 1.6 0.0974498 0.000134031 0.912308
4.08 1.76 0.095106 8.93451e-05 0.91214
4.08 1.92 0.0939809 6.57234e-05 0.914454
4.08 2.08 0.0941403 5.73296e-05 0.91821
4.08 2.24 0.094989 6.05581e-05 0.917479
4.08 2.4 0.0960687 7.38409e-05 0.90972
4.08 2.56 0.0976697 9.69983e-05 0.900529
4.08 2.72 0.099955 0.000130635 0.894115
4.08 2.88 0.102796 0.000174209 0.891205
4.08 3.04 0.105887 0.000226695 0.890689
4.08 3.2 0.108791 0.000284072 0.89048
4.08 3.36 0.111455 0.000341297 0.891823
4.08 3.52 0.114039 0.000393217 0.897826
4.08 3.68 0.116683 0.000433983 0.908725
4.08 3.84 0.118186 0.00045519 0.918111
4.08 4 0.118418 0.000451866 0.922882
4.08 4.16 0.117173 0.000425215 0.923821
4.08 4.32 0.11537 0.000380504 0.920632
4.08 4.48 0.111576 0.000322501 0.906434
4.08 4.64 0.106017 0.000258546 0.88072
4.08 4.8 0.100954 0.000199824 0.860646
4.08 4.96 0.098306 0.000153563 0.862093
4.08 5.12 0.0972614 0.000119271 0.878131
4.08 5.28 0.0975438 9.61681e-05 0.90574
4.08 5.44 0.0992698 8.38415e-05 0.944466
4.08 5.6 0.100067 7.97957e-05 0.968703
4.08 5.76 0.0990976 8.22247e-05 0.966431
4.08 5.92 0.0977226 9.18072e-05 0.949092
4.08 6.08 0.0979974 0.000112415 0.937656
4.08 6.24 0.0993122 0.000147745 0.928448
4.08 6.4 0.102873 0.000205402 0.934943
4.08 6.56 0.108351 0.000290999 0.955068
4.08 6.72 0.113017 0.00040293 0.965506
4.08 6.88 0.115716 0.000541336 0.958264
4.08 7.04 0.117095 0.000706477 0.941
4.08 7.2 0.116838 0.000894223 0.914064
4.08 7.36 0.117811 0.00110326 0.896168
4.08 7.52 0.118168 0.00129812 0.880461
4.08 7.68 0.117329 0.00143625 0.863701
4.08 7.84 0.116672 0.00170604 0.853536
4.2 0 0.122128 0.00166301 0.872392
4.2 0.16 0.122087 0.00158164 0.873816
4.2 0.32 0.121066 0.0013788 0.876808
4.2 0.48 0.119324 0.0011471 0.884353
4.2 0.64 0.116819 0.000910834 0.89114
4.2 0.8 0.11386 0.000693011 0.897989
4.2 0.96 0.110633 0.000507256 0.90446
4.2 1.12 0.107222 0.000358625 0.909621
4.2 1.28 0.103723 0.000246116 0.91274
4.2 1.44 0.100251 0.000165424 0.913338
4.2 1.6 0.0971814 0.000111148 0.912371
4.2 1.76 0.0950307 7.79861e-05 0.913102
4.2 1.92 0.0941877 6.12546e-05 0.917039
4.2 2.08 0.0943831 5.73826e-05 0.919944
4.2 2.24 0.0950036 6.44644e-05 0.915857
4.2 2.4 0.0959748 8.24218e-05 0.906165
4.2 2.56 0.0977277 0.000112399 0.897777
4.2 2.72 0.10029 0.000156152 0.893461
4.2 2.88 0.10335 0.000213763 0.892168
4.2 3.04 0.106459 0.000284311 0.891564
4.2 3.2 0.10937 0.000363253 0.891194
4.2 3.36 0.112201 0.000444401 0.893685
4.2 3.52 0.114911 0.000519486 0.900488
4.2 3.68 0.117546 0.000578551 0.911158
4.2 3.84 0.11903 0.000608596 0.920309
4.2 4 0.119131 0.00060145 0.924067
4.2 4.16 0.117614 0.0005594 0.922929
4.2 4.32 0.115057 0.000490218 0.913921
4.2 4.48 0.110299 0.00040362 0.892084
4.2 4.64 0.104659 0.000314857 0.865771
4.2 4.8 0.100703 0.000239229 0.855027
4.2 4.96 0.0991153 0.000181425 0.865632
4.2 5.12 0.0984242 0.000138254 0.884742
4.2 5.28 0.0986666 0.00010873 0.91173
4.2 5.44 0.0998674 9.18916e-05 0.945081
4.2 5.6 0.0988807 8.32908e-05 0.951857
4.2 5.76 0.0966861 8.15059e-05 0.937869
4.2 5.92 0.0939406 8.56652e-05 0.908208
4.2 6.08 0.0924494 9.8702e-05 0.881722
4.2 6.24 0.0924193 0.000122952 0.862572
4.2 6.4 0.0950965 0.000164996 0.864129
4.2 6.56 0.101625 0.000231308 0.896752
4.2 6.72 0.109434 0.000319402 0.937021
4.2 6.88 0.114265 0.000420225 0.949486
4.2 7.04 0.117441 0.000534585 0.947936
4.2 7.2 0.117696 0.000652781 0.925519
4.2 7.36 0.117577 0.000772624 0.899174
4.2 7.52 0.116953 0.000879888 0.876008
4.2 7.68 0.115104 0.000949149 0.851681
4.2 7.84 0.113545 0.00111064 0.834807
4.32 0 0.122361 0.00128616 0.873884
4.32 0.16 0.122272 0.00122919 0.874909
4.32 0.32 0.121131 0.00108626 0.87698
4.32 0.48 0.119299 0.000921276 0.883885
4.32 0.64 0.116793 0.000747946 0.890673
4.32 0.8 0.11389 0.000582067 0.897947
4.32 0.96 0.110747 0.000435396 0.905056
4.32 1.12 0.107359 0.00031393 0.910298
4.32 1.28 0.103815 0.000219199 0.912795
4.32 1.44 0.100317 0.000149744 0.912781
4.32 1.6 0.0973421 0.000102542 0.912117
4.32 1.76 0.0954728 7.41543e-05 0.914689
4.32 1.92 0.0948642 6.12651e-05 0.91975
4.32 2.08 0.0949336 6.15853e-05 0.920037
4.32 2.24 0.0953488 7.47647e-05 0.912559
4.32 2.4 0.0964474 0.000102672 0.902908
4.32 2.56 0.098445 0.000148451 0.895881
4.32 2.72 0.101231 0.000216317 0.892908
4.32 2.88 0.104512 0.000308632 0.893006
4.32 3.04 0.107599 0.000425371 0.891814
4.32 3.2 0.110481 0.000561613 0.890874
4.32 3.36 0.113352 0.000708005 0.893346
4.32 3.52 0.116057 0.000847985 0.899733
4.32 3.68 0.118491 0.000958821 0.908528
4.32 3.84 0.119759 0.00101336 0.915765
4.32 4 0.119483 0.000993341 0.916595
4.32 4.16 0.117652 0.000906671 0.913048
4.32 4.32 0.114639 0.000771697 0.900935
4.32 4.48 0.109667 0.000613243 0.877955
4.32 4.64 0.104571 0.000462515 0.856619
4.32 4.8 0.101758 0.000341652 0.855753
4.32 4.96 0.100717 0.000250771 0.87109
4.32 5.12 0.0996435 0.000182575 0.886543
4.32 5.28 0.0986587 0.000134723 0.901567
4.32 5.44 0.0977758 0.000104979 0.914259
4.32 5.6 0.0953566 8.75979e-05 0.906522
4.32 5.76 0.0938656 8.15667e-05 0.899487
4.32 5.92 0.0920438 8.27434e-05 0.880039
4.32 6.08 0.0890794 9.16841e-05 0.841735
4.32 6.24 0.0887118 0.000112477 0.822112
4.32 6.4 0.0886743 0.000147542 0.801658
4.32 6.56 0.093654 0.000208444 0.823249
4.32 6.72 0.103763 0.000300125 0.88588
4.32 6.88 0.111565 0.000405558 0.925213
4.32 7.04 0.116596 0.000520119 0.940062
4.32 7.2 0.118286 0.000634382 0.929746
4.32 7.36 0.117987 0.000739906 0.902285
4.32 7.52 0.116766 0.0008296 0.874689
4.32 7.68 0.114295 0.000881739 0.84575
4.32 7.84 0.112187 0.00102144 0.824841
4.44 0 0.122984 0.00150894 0.874343
4.44 0.16 0.122872 0.00143953 0.875216
4.44 0.32 0.121666 0.00126461 0.876888
4.44 0.48 0.119774 0.001063 0.883306
4.44 0.64 0.117244 0.000853716 0.889846
4.44 0.8 0.114366 0.000656686 0.897225
4.44 0.96 0.111265 0.000485319 0.904549
4.44 1.12 0.107848 0.000345297 0.909424
4.44 1.28 0.104245 0.000237549 0.911285
4.44 1.44 0.100775 0.000159769 0.911349
4.44 1.6 0.0979786 0.000107911 0.91197
4.44 1.76 0.0963602 7.77838e-05 0.916268
4.44 1.92 0.0958331 6.57825e-05 0.921046
4.44 2.08 0.0956537 7.00915e-05 0.917537
4.44 2.24 0.0959878 9.19489e-05 0.907829
4.44 2.4 0.0974239 0.00013591 0.900082
4.44 2.56 0.0997747 0.00020836 0.895243
4.44 2.72 0.102851 0.000318361 0.89406
4.44 2.88 0.106317 0.000473411 0.895174
4.44 3.04 0.109228 0.000676022 0.892158
4.44 3.2 0.111956 0.000923309 0.889739
4.44 3.36 0.114765 0.00120224 0.891488
4.44 3.52 0.117601 0.00148234 0.898543
4.44 3.68 0.119893 0.00170775 0.905922
4.44 3.84 0.120819 0.00181414 0.910276
4.44 4 0.120039 0.00175991 0.907229
4.44 4.16 0.117704 0.00156901 0.89986
4.44 4.32 0.114288 0.00129261 0.885264
4.44 4.48 0.109666 0.000993191 0.865781
4.44 4.64 0.105596 0.000726627 0.85341
4.44 4.8 0.104216 0.00052328 0.864758
4.44 4.96 0.103509 0.000371041 0.883001
4.44 5.12 0.100984 0.000255113 0.88546
4.44 5.28 0.0990035 0.000175819 0.890463
4.44 5.44 0.0972175 0.000126263 0.893462
4.44 5.6 0.0960116 9.82172e-05 0.896222
4.44 5.76 0.0933912 8.52856e-05 0.878928
4.44 5.92 0.0936285 8.55647e-05 0.880313
4.44 6.08 0.0907775 9.53833e-05 0.845503
4.44 6.24 0.0945254 0.000125809 0.866068
4.44 6.4 0.0905561 0.000162784 0.811393
4.44 6.56 0.0909433 0.000229695 0.793377
4.44 6.72 0.0995436 0.000344949 0.843834
4.44 6.88 0.109296 0.000494076 0.900318
4.44 7.04 0.115662 0.000658691 0.926725
4.44 7.2 0.118817 0.000830022 0.92849
4.44 7.36 0.118988 0.000986797 0.905077
4.44 7.52 0.117519 0.00111642 0.875833
4.44 7.68 0.114972 0.001191 0.846479
4.44 7.84 0.112877 0.00138109 0.825797
4.56 0 0.123853 0.0024054 0.873539
4.56 0.16 0.123754 0.00228008 0.874574
4.56 0.32 0.122541 0.00196394 0.876328
4.56 0.48 0.120618 0.00160426 0.882322
4.56 0.64 0.118066 0.00124612 0.888478
4.56 0.8 0.115217 0.000925924 0.895792
4.56 0.96 0.112133 0.000660983 0.902984
4.56 1.12 0.108681 0.000454068 0.907381
4.56 1.28 0.105069 0.000301413 0.909098
4.56 1.44 0.101684 0.000195372 0.909944
4.56 1.6 0.0991068 0.000127086 0.912435
4.56 1.76 0.0976152 8.87259e-05 0.91749
4.56 1.92 0.0970012 7.47551e-05 0.920552
4.56 2.08 0.0966139 8.31063e-05 0.913825
4.56 2.24 0.0970496 0.000116733 0.903721
4.56 2.4 0.0988962 0.000184022 0.898526
4.56 2.56 0.101701 0.000297074 0.896735
4.56 2.72 0.105095 0.000473733 0.897595
4.56 2.88 0.108388 0.000730369 0.896865
4.56 3.04 0.110926 0.00107828 0.890796
4.56 3.2 0.113484 0.00152572 0.88723
4.56 3.36 0.116302 0.00206147 0.889201
4.56 3.52 0.119396 0.00263547 0.898154
4.56 3.68 0.121481 0.00310991 0.903856
4.56 3.84 0.12188 0.0033238 0.904072
4.56 4 0.12087 0.00318942 0.899268
4.56 4.16 0.118238 0.00276427 0.889599
4.56 4.32 0.114449 0.0021899 0.872727
4.56 4.48 0.11026 0.00162132 0.857206
4.56 4.64 0.107512 0.00115248 0.855826
4.56 4.8 0.107874 0.000812861 0.881547
4.56 4.96 0.107023 0.000555915 0.898655
4.56 5.12 0.103288 0.000362226 0.890513
4.56 5.28 0.103506 0.000241911 0.913881
4.56 5.44 0.102757 0.000165198 0.925199
4.56 5.6 0.10237 0.000120601 0.934701
4.56 5.76 0.0897164 8.8095e-05 0.825183
4.56 5.92 0.0916647 8.79504e-05 0.843443
4.56 6.08 0.0931426 0.000106178 0.851721
4.56 6.24 0.105367 0.000165273 0.951907
4.56 6.4 0.101318 0.000220247 0.897585
4.56 6.56 0.094745 0.000303354 0.818393
4.56 6.72 0.0994304 0.000464626 0.834579
4.56 6.88 0.109084 0.000700083 0.889532
4.56 7.04 0.115644 0.000973558 0.917308
4.56 7.2 0.119415 0.00127861 0.923994
4.56 7.36 0.120402 0.00157744 0.907315
4.56 7.52 0.119016 0.00182761 0.879075
4.56 7.68 0.11682 0.00198081 0.852601
4.56 7.84 0.115155 0.00231691 0.835297
4.68 0 0.124714 0.00440151 0.871535
4.68 0.16 0.124657 0.00413278 0.872903
4.68 0.32 0.12352 0.00345924 0.875238
4.68 0.48 0.121619 0.00271486 0.880897
4.68 0.64 0.119085 0.00201805 0.886607
4.68 0.8 0.116307 0.0014364 0.893799
4.68 0.96 0.113273 0.000983963 0.900777
4.68 1.12 0.109821 0.000649167 0.904779
4.68 1.28 0.106259 0.000413934 0.906791
4.68 1.44 0.102971 0.000257271 0.908563
4.68 1.6 0.100603 0.000160014 0.913
4.68 1.76 0.099108 0.000106725 0.917788
4.68 1.92 0.0982687 8.79733e-05 0.918083
4.68 2.08 0.0978912 0.000100779 0.910454
4.68 2.24 0.0986813 0.000149991 0.902442
4.68 2.4 0.100906 0.000249352 0.899521
4.68 2.56 0.10405 0.000420486 0.899784
4.68 2.72 0.107399 0.000695277 0.899817
4.68 2.88 0.110008 0.00110539 0.893543
4.68 3.04 0.112355 0.0016919 0.886604
4.68 3.2 0.114918 0.00249651 0.883964
4.68 3.36 0.117612 0.00353078 0.885803
4.68 3.52 0.120382 0.00472312 0.89281
4.68 3.68 0.12187 0.00576263 0.894421
4.68 3.84 0.121693 0.00622655 0.890373
4.68 4 0.120895 0.00590373 0.887009
4.68 4.16 0.118768 0.00494338 0.880743
4.68 4.32 0.115412 0.00373568 0.867317
4.68 4.48 0.111818 0.00264097 0.856513
4.68 4.64 0.110221 0.00181264 0.864179
4.68 4.8 0.111139 0.00123986 0.894175
4.68 4.96 0.10946 0.00081343 0.904348
4.68 5.12 0.107377 0.000516761 0.909831
4.68 5.28 0.110763 0.00034319 0.959285
4.68 5.44 0.108787 0.000222033 0.958204
4.68 5.6 0.103344 0.000145069 0.920905
4.68 5.76 0.0844946 8.79372e-05 0.756175
4.68 5.92 0.0897279 8.97492e-05 0.804508
4.68 6.08 0.0991137 0.000124969 0.887338
4.68 6.24 0.10608 0.000213335 0.943421
4.68 6.4 0.116091 0.000329997 1.01562
4.68 6.56 0.101361 0.00043461 0.865845
4.68 6.72 0.100572 0.000664713 0.834592
4.68 6.88 0.109521 0.00104585 0.882432
4.68 7.04 0.116098 0.00151548 0.909744
4.68 7.2 0.119434 0.00206834 0.9131
4.68 7.36 0.121426 0.00267464 0.904753
4.68 7.52 0.120788 0.00321506 0.88271
4.68 7.68 0.119223 0.00357013 0.861307
4.68 7.84 0.118101 0.00422909 0.848266
4.8 0 0.125277 0.00875218 0.868456
4.8 0.16 0.12519 0.00809384 0.869526
4.8 0.32 0.124268 0.00648821 0.8732
4.8 0.48 0.122501 0.00480667 0.878825
4.8 0.64 0.120069 0.00337123 0.884137
4.8 0.8 0.117467 0.00228041 0.891392
4.8 0.96 0.114551 0.00149402 0.898152
4.8 1.12 0.111138 0.000946117 0.901678
4.8 1.28 0.107649 0.000580231 0.903932
4.8 1.44 0.104456 0.000346539 0.906426
4.8 1.6 0.102221 0.000206463 0.912232
4.8 1.76 0.100677 0.000131332 0.916482
4.8 1.92 0.0995642 0.000105037 0.913841
4.8 2.08 0.0993667 0.000122924 0.90713
4.8 2.24 0.100724 0.000192191 0.903259
4.8 2.4 0.103278 0.000333876 0.902242
4.8 2.56 0.106389 0.000583371 0.901518
4.8 2.72 0.109157 0.000993634 0.896699
4.8 2.88 0.11118 0.00163 0.886482
4.8 3.04 0.113943 0.00261047 0.884184
4.8 3.2 0.116306 0.00405411 0.881624
4.8 3.36 0.118329 0.00608811 0.879996
4.8 3.52 0.120009 0.00869033 0.880141
4.8 3.68 0.121047 0.0112425 0.879283
4.8 3.84 0.1208 0.0124652 0.874881
4.8 4 0.120101 0.0115863 0.871986
4.8 4.16 0.11871 0.00918227 0.870338
4.8 4.32 0.116801 0.0064967 0.867143
4.8 4.48 0.114332 0.00431454 0.864307
4.8 4.64 0.113498 0.00281566 0.877312
4.8 4.8 0.112539 0.00181944 0.891931
4.8 4.96 0.109574 0.00113806 0.891261
4.8 5.12 0.110825 0.0007211 0.923502
4.8 5.28 0.112721 0.000464015 0.958018
4.8 5.44 0.107515 0.000278508 0.925865
4.8 5.6 0.0961997 0.00015844 0.835689
4.8 5.76 0.0920188 9.8593e-05 0.799333
4.8 5.92 0.0974916 0.000101032 0.849632
4.8 6.08 0.116004 0.000163378 1.01614
4.8 6.24 0.0949081 0.000249159 0.830324
4.8 6.4 0.119799 0.000467331 1.03475
4.8 6.56 0.109414 0.000640187 0.92377
4.8 6.72 0.102314 0.000959835 0.838847
4.8 6.88 0.109082 0.00155401 0.867711
4.8 7.04 0.115914 0.00235762 0.896695
4.8 7.2 0.118139 0.00335009 0.892075
4.8 7.36 0.120808 0.00459414 0.890084
4.8 7.52 0.121938 0.00586061 0.88207
4.8 7.68 0.121424 0.00676435 0.868968
4.8 7.84 0.120779 0.00815333 0.859786
4.92 0 0.125103 0.0194287 0.862972
4.92 0.16 0.124801 0.0175236 0.862277
4.92 0.32 0.124301 0.0131067 0.868445
4.92 0.48 0.122959 0.00887184 0.875463
4.92 0.64 0.120866 0.00571564 0.881373
4.92 0.8 0.118586 0.00361675 0.889042
4.92 0.96 0.115818 0.00224952 0.895148
4.92 1.12 0.112503 0.00136493 0.898149
4.92 1.28 0.109115 0.000806028 0.900502
4.92 1.44 0.106069 0.000464269 0.904058
4.92 1.6 0.103871 0.000265964 0.910223
4.92 1.76 0.102287 0.000161923 0.914114
4.92 1.92 0.101003 0.000125506 0.909741
4.92 2.08 0.10102 0.000149099 0.904436
4.92 2.24 0.1029 0.000242914 0.904347
4.92 2.4 0.105624 0.000437744 0.904
4.92 2.56 0.108368 0.000787525 0.89977
4.92 2.72 0.110574 0.0013796 0.890857
4.92 2.88 0.112877 0.00235498 0.884221
4.92 3.04 0.115972 0.00397826 0.886379
4.92 3.2 0.117204 0.0065716 0.877591
4.92 3.36 0.118217 0.0107922 0.870799
4.92 3.52 0.11893 0.0172113 0.865732
4.92 3.68 0.119929 0.0246978 0.865805
4.92 3.84 0.119833 0.028691 0.862757
4.92 4 0.119158 0.0258447 0.859602
4.92 4.16 0.118148 0.0186306 0.859495
4.92 4.32 0.117525 0.0117701 0.864438
4.92 4.48 0.116237 0.00708009 0.86897
4.92 4.64 0.116031 0.00428661 0.885408
4.92 4.8 0.112994 0.00256891 0.883019
4.92 4.96 0.109277 0.00153035 0.87599
4.92 5.12 0.112395 0.000965058 0.922516
4.92 5.28 0.111163 0.000592659 0.928643
4.92 5.44 0.112753 0.000355682 0.950095
4.92 5.6 0.0987708 0.000182138 0.838909
4.92 5.76 0.0964536 0.00010466 0.813436
4.92 5.92 0.0969333 0.000101804 0.820126
4.92 6.08 0.114997 0.000184233 0.987111
4.92 6.24 0.0752852 0.000252232 0.648457
4.92 6.4 0.103475 0.000543996 0.883527
4.92 6.56 0.105394 0.000841837 0.879678
4.92 6.72 0.102894 0.00135972 0.83318
4.92 6.88 0.109381 0.00229191 0.858862
4.92 7.04 0.115927 0.0036431 0.885643
4.92 7.2 0.116441 0.00543996 0.86926
4.92 7.36 0.118359 0.00803391 0.863648
4.92 7.52 0.121504 0.0112352 0.871828
4.92 7.68 0.122566 0.0138278 0.870978
4.92 7.84 0.122307 0.0170986 0.865103
5.04 0 0.121051 0.0498388 0.833936
5.04 0.16 0.122005 0.0438721 0.841686
5.04 0.32 0.122716 0.0297053 0.855579
5.04 0.48 0.122565 0.0175371 0.868733
5.04 0.64 0.121321 0.00993242 0.878151
5.04 0.8 0.119527 0.00571545 0.886658
5.04 0.96 0.116946 0.00332931 0.891733
5.04 1.12 0.113853 0.00192803 0.894623
5.04 1.28 0.110621 0.0010965 0.897134
5.04 1.44 0.107802 0.000611058 0.902185
5.04 1.6 0.105534 0.000337702 0.907698
5.04 1.76 0.103899 0.000197673 0.911203
5.04 1.92 0.102585 0.000148792 0.906541
5.04 2.08 0.102875 0.000178751 0.903267
5.04 2.24 0.105081 0.000301144 0.905251
5.04 2.4 0.107702 0.000559108 0.903404
5.04 2.56 0.110051 0.00103252 0.895833
5.04 2.72 0.112378 0.00186889 0.888764
5.04 2.88 0.115386 0.00334449 0.889278
5.04 3.04 0.117368 0.0059659 0.885312
5.04 3.2 0.117052 0.0107229 0.867968
5.04 3.36 0.117239 0.020274 0.858103
5.04 3.52 0.116962 0.0385715 0.848234
5.04 3.68 0.11613 0.0637778 0.836647
5.04 3.84 0.114411 0.0781597 0.822266
5.04 4 0.115289 0.0682703 0.829632
5.04 4.16 0.116276 0.0434303 0.842196
5.04 4.32 0.1168 0.0229387 0.853362
5.04 4.48 0.116222 0.0117547 0.860751
5.04 4.64 0.116369 0.00635077 0.877671
5.04 4.8 0.114092 0.0035295 0.879978
5.04 4.96 0.110333 0.00200044 0.872724
5.04 5.12 0.112465 0.00123686 0.91129
5.04 5.28 0.114245 0.000770268 0.941109
5.04 5.44 0.117663 0.000456412 0.971481
5.04 5.6 0.00182284 4.5546e-06 0.0147837
5.04 5.76 0.000172777 6.50605e-09 0.000920222
5.04 5.92 0.000154268 1.01566e-08 0.000759037
5.04 6.08 0.000660483 1.29009e-06 0.00514378
5.04 6.24 0.0944054 0.000384008 0.804849
5.04 6.4 0.0991688 0.00062728 0.840564
5.04 6.56 0.0939665 0.000944969 0.776712
5.04 6.72 0.0937123 0.00169564 0.749589
5.04 6.88 0.106975 0.0032531 0.829161
5.04 7.04 0.116299 0.00562929 0.878075
5.04 7.2 0.115717 0.00910079 0.855465
5.04 7.36 0.115393 0.0149285 0.835966
5.04 7.52 0.11901 0.0237505 0.849602
5.04 7.68 0.1213 0.032092 0.85875
5.04 7.84 0.121083 0.0409807 0.853807
5.16 0 0.10886 0.147041 0.751505
5.16 0.16 0.111422 0.125093 0.770345
5.16 0.32 0.116878 0.0765592 0.816083
5.16 0.48 0.120336 0.038026 0.852137
5.16 0.64 0.121045 0.0179508 0.872222
5.16 0.8 0.120068 0.00902089 0.883222
5.16 0.96 0.117866 0.00482753 0.888068
5.16 1.12 0.115091 0.00265121 0.891077
5.16 1.28 0.112062 0.00145105 0.89375
5.16 1.44 0.109405 0.000783482 0.899477
5.16 1.6 0.107085 0.000419206 0.904395
5.16 1.76 0.105383 0.000236959 0.907385
5.16 1.92 0.10417 0.000173779 0.903684
5.16 2.08 0.104761 0.00021059 0.902737
5.16 2.24 0.107105 0.000364503 0.905241
5.16 2.4 0.109496 0.00069365 0.901037
5.16 2.56 0.111747 0.00131451 0.892825
5.16 2.72 0.114709 0.00246868 0.89181
5.16 2.88 0.117602 0.00462661 0.89332
5.16 3.04 0.117472 0.00876474 0.876334
5.16 3.2 0.116454 0.0178478 0.857312
5.16 3.36 0.115276 0.0410576 0.840916
5.16 3.52 0.111021 0.0970571 0.805026
5.16 3.68 0.10215 0.182077 0.737239
5.16 3.84 0.0952405 0.230142 0.685909
5.16 4 0.100003 0.198241 0.72044
5.16 4.16 0.10912 0.114254 0.789372
5.16 4.32 0.114439 0.0490194 0.832379
5.16 4.48 0.115429 0.0201923 0.848048
5.16 4.64 0.115141 0.00922529 0.859025
5.16 4.8 0.115051 0.00469264 0.8764
5.16 4.96 0.113103 0.00253974 0.883636
5.16 5.12 0.114787 0.0015627 0.920194
5.16 5.28 0.116201 0.000988964 0.950017
5.16 5.44 0.000381721 1.38469e-06 0.00259366
5.16 5.6 1.09905e-05 2.68811e-07 2.82515e-06
5.16 5.76 2.62091e-06 1.4467e-07 -9.44012e-08
5.16 5.92 2.44596e-06 7.56036e-08 -9.23123e-09
5.16 6.08 7.77022e-06 2.57921e-09 2.28564e-06
5.16 6.24 0.000686936 3.58296e-06 0.00557367
5.16 6.4 0.117937 0.000876738 0.997627
5.16 6.56 0.103864 0.0012071 0.852295
5.16 6.72 0.0891233 0.00205504 0.704699
5.16 6.88 0.1022 0.00437914 0.782372
5.16 7.04 0.115713 0.00866374 0.864368
5.16 7.2 0.115367 0.0160319 0.846345
5.16 7.36 0.112417 0.0309041 0.810943
5.16 7.52 0.113576 0.0577233 0.809528
5.16 7.68 0.114462 0.0863877 0.810287
5.16 7.84 0.112733 0.112692 0.795227
5.28 0 0.0754764 0.406025 0.523469
5.28 0.16 0.0830153 0.347888 0.57669
5.28 0.32 0.100234 0.206779 0.702513
5.28 0.48 0.113983 0.0886061 0.808112
5.28 0.64 0.119472 0.0337759 0.858632
5.28 0.8 0.120119 0.0142338 0.877676
5.28 0.96 0.118584 0.00684283 0.884208
5.28 1.12 0.116155 0.00353515 0.887355
5.28 1.28 0.113408 0.00186124 0.890634
5.28 1.44 0.110827 0.000974767 0.896208
5.28 1.6 0.108549 0.000507048 0.901261
5.28 1.76 0.106788 0.000278045 0.90384
5.28 1.92 0.105741 0.000199368 0.901694
5.28 2.08 0.106582 0.000243102 0.902651
5.28 2.24 0.108877 0.000429725 0.90418
5.28 2.4 0.111145 0.000835632 0.89865
5.28 2.56 0.113628 0.00162483 0.892507
5.28 2.72 0.116969 0.00315952 0.89544
5.28 2.88 0.118829 0.00618055 0.891017
5.28 3.04 0.117282 0.0126579 0.866392
5.28 3.2 0.115687 0.0301913 0.846439
5.28 3.36 0.110665 0.0862389 0.805389
5.28 3.52 0.0937568 0.241878 0.680515
5.28 3.68 0.0682189 0.452506 0.493853
5.28 3.84 0.0552765 0.548714 0.399397
5.28 4 0.0634662 0.485577 0.458152
5.28 4.16 0.0880339 0.291031 0.636397
5.28 4.32 0.108401 0.109413 0.785056
5.28 4.48 0.114698 0.0359305 0.835845
5.28 4.64 0.115586 0.0134793 0.852887
5.28 4.8 0.119641 0.00623906 0.900178
5.28 4.96 0.122103 0.00329905 0.942589
5.28 5.12 0.118389 0.00196227 0.938477
5.28 5.28 0.00340486 4.63051e-05 0.0277972
5.28 5.44 6.86409e-06 5.61947e-08 1.11955e-06
5.28 5.6 4.12304e-07 2.88145e-07 6.1492e-08
5.28 5.76 4.9974e-06 5.03273e-06 7.50951e-08
5.28 5.92 5.30803e-07 5.43776e-07 1.80044e-08
5.28 6.08 4.47841e-07 1.49203e-09 2.98848e-09
5.28 6.24 5.36585e-05 5.94486e-07 0.000188368
5.28 6.4 0.167492 0.00131815 1.41955
5.28 6.56 0.10762 0.00149168 0.877181
5.28 6.72 0.0991318 0.00284056 0.774608
5.28 6.88 0.104765 0.00611865 0.792473
5.28 7.04 0.116986 0.0136629 0.865347
5.28 7.2 0.114971 0.0301632 0.838021
5.28 7.36 0.107406 0.0713743 0.772766
5.28 7.52 0.100716 0.155254 0.717983
5.28 7.68 0.0939712 0.246612 0.666254
5.28 7.84 0.0875724 0.313313 0.619179
5.4 0 0.0326782 0.746587 0.228205
5.4 0.16 0.0407277 0.68212 0.284992
5.4 0.32 0.0669611 0.468928 0.472337
5.4 0.48 0.0996939 0.201032 0.7094
5.4 0.64 0.115855 0.0638799 0.832342
5.4 0.8 0.119594 0.0221975 0.869921
5.4 0.96 0.119026 0.00942167 0.880295
5.4 1.12 0.116976 0.00455092 0.883811
5.4 1.28 0.114452 0.00230455 0.887187
5.4 1.44 0.111959 0.00117373 0.892646
5.4 1.6 0.109746 0.000595986 0.897973
5.4 1.76 0.107945 0.000318582 0.900289
5.4 1.92 0.107045 0.000224072 0.899518
5.4 2.08 0.108131 0.000274504 0.902361
5.4 2.24 0.110352 0.000493236 0.902854
5.4 2.4 0.112624 0.000977215 0.897128
5.4 2.56 0.115438 0.0019451 0.893811
5.4 2.72 0.118706 0.00389498 0.897098
5.4 2.88 0.119535 0.00795429 0.886786
5.4 3.04 0.117287 0.0178284 0.859647
5.4 3.2 0.114408 0.0500284 0.833306
5.4 3.36 0.101584 0.170334 0.738631
5.4 3.52 0.0640362 0.481117 0.465977
5.4 3.68 0.0320824 0.739811 0.233393
5.4 3.84 0.0221596 0.821808 0.160922
5.4 4 0.0277693 0.759794 0.201119
5.4 4.16 0.0545047 0.558861 0.394049
5.4 4.32 0.0957691 0.225803 0.691015
5.4 4.48 0.114074 0.063544 0.825128
5.4 4.64 0.118612 0.019907 0.866293
5.4 4.8 0.12393 0.00819377 0.92214
5.4 4.96 0.117794 0.00378929 0.901435
5.4 5.12 0.108505 0.00200529 0.85953
5.4 5.28 4.33729e-05 6.11916e-07 0.000122247
5.4 5.44 1.98055e-07 1.6603e-07 2.12291e-08
5.4 5.6 0.00011409 0.000114385 1.15069e-06
5.4 5.76 0.000309213 0.000308954 8.31307e-06
5.4 5.92 4.29171e-05 4.3224e-05 1.63766e-07
5.4 6.08 1.612e-07 2.29692e-08 1.93764e-09
5.4 6.24 4.69539e-05 1.42838e-06 8.18963e-05
5.4 6.4 0.268301 0.00337075 2.27293
5.4 6.56 0.140654 0.00227819 1.13378
5.4 6.72 0.103785 0.00362122 0.801134
5.4 6.88 0.108174 0.00854191 0.809191
5.4 7.04 0.119649 0.0221781 0.87776
5.4 7.2 0.114677 0.0598132 0.832041
5.4 7.36 0.0961687 0.169245 0.691523
5.4 7.52 0.0722566 0.383095 0.516321
5.4 7.68 0.053719 0.567608 0.382285
5.4 7.84 0.0451241 0.652813 0.320425
5.52 0 0.0115066 0.914512 0.0810835
5.52 0.16 0.0158176 0.87896 0.111741
5.52 0.32 0.0344267 0.727213 0.244834
5.52 0.48 0.0769641 0.381744 0.550352
5.52 0.64 0.109742 0.112806 0.789113
5.52 0.8 0.118511 0.0331959 0.859479
5.52 0.96 0.119232 0.0124453 0.8763
5.52 1.12 0.117543 0.00561955 0.88026
5.52 1.28 0.115261 0.00274536 0.884007
5.52 1.44 0.112848 0.00136523 0.889356
5.52 1.6 0.110752 0.000680062 0.895369
5.52 1.76 0.108882 0.00035601 0.897195
5.52 1.92 0.108068 0.000246431 0.897261
5.52 2.08 0.109242 0.000302631 0.900703
5.52 2.24 0.111521 0.000551086 0.901387
5.52 2.4 0.113853 0.00110824 0.895974
5.52 2.56 0.116964 0.0022491 0.895138
5.52 2.72 0.120129 0.00461814 0.898436
5.52 2.88 0.120152 0.00982114 0.883729
5.52 3.04 0.117649 0.0240391 0.856929
5.52 3.2 0.112781 0.0773398 0.818626
5.52 3.36 0.0867971 0.28321 0.630901
5.52 3.52 0.0377219 0.698371 0.275313
5.52 3.68 0.0140514 0.893364 0.102807
5.52 3.84 0.00881235 0.959975 0.0643604
5.52 4 0.0114007 0.888905 0.0828293
5.52 4.16 0.028887 0.762827 0.208748
5.52 4.32 0.0759652 0.379545 0.546056
5.52 4.48 0.111734 0.103798 0.802645
5.52 4.64 0.120242 0.0281249 0.870125
5.52 4.8 0.122286 0.00994473 0.901226
5.52 4.96 0.118073 0.00424799 0.897992
5.52 5.12 0.120153 0.0023556 0.955931
5.52 5.28 2.34622e-05 1.08179e-06 1.41197e-05
5.52 5.44 1.50676e-05 1.59499e-05 1.03176e-07
5.52 5.6 0.00087136 0.000871006 6.50327e-05
5.52 5.76 0.00132893 0.00132802 0.000150546
5.52 5.92 0.000208865 0.000209444 3.76847e-06
5.52 6.08 -9.01685e-09 2.38984e-07 2.34554e-09
5.52 6.24 5.00708e-06 4.57751e-08 8.24637e-07
5.52 6.4 0.00436241 6.9109e-05 0.0364034
5.52 6.56 0.123815 0.00239238 0.966306
5.52 6.72 0.103406 0.00422945 0.784527
5.52 6.88 0.106069 0.0109944 0.784724
5.52 7.04 0.116709 0.0341996 0.85051
5.52 7.2 0.110976 0.114347 0.802423
5.52 7.36 0.0756268 0.349988 0.544037
5.52 7.52 0.0377019 0.662032 0.270343
5.52 7.68 0.0211242 0.823306 0.151084
5.52 7.84 0.0168222 0.87352 0.120128
5.64 0 0.00468759 0.969074 0.0333676
5.64 0.16 0.00688917 0.9504 0.0491814
5.64 0.32 0.0177998 0.860464 0.127667
5.64 0.48 0.0547517 0.559888 0.393413
5.64 0.64 0.102228 0.173022 0.73598
5.64 0.8 0.117181 0.0458206 0.848251
5.64 0.96 0.119258 0.0155238 0.8726
5.64 1.12 0.117958 0.00661936 0.877665
5.64 1.28 0.115877 0.00314086 0.881761
5.64 1.44 0.113586 0.00153402 0.887523
5.64 1.6 0.111446 0.000752674 0.893002
5.64 1.76 0.109721 0.00038864 0.896074
5.64 1.92 0.108939 0.000265817 0.896525
5.64 2.08 0.110083 0.00032655 0.899625
5.64 2.24 0.112359 0.000600019 0.900054
5.64 2.4 0.114873 0.00122084 0.895967
5.64 2.56 0.118219 0.00251337 0.897011
5.64 2.72 0.121159 0.00525628 0.899238
5.64 2.88 0.120549 0.0115447 0.881093
5.64 3.04 0.117692 0.0302749 0.853368
5.64 3.2 0.108055 0.104977 0.782396
5.64 3.36 0.0729452 0.394655 0.530113
5.64 3.52 0.0237895 0.832485 0.174049
5.64 3.68 0.00719761 0.945363 0.0529158
5.64 3.84 0.00402399 0.956602 0.0295083
5.64 4 0.00553538 0.927956 0.0402633
5.64 4.16 0.0169375 0.878 0.122188
5.64 4.32 0.0595321 0.531623 0.42628
5.64 4.48 0.104966 0.145396 0.749614
5.64 4.64 0.119709 0.0364655 0.859728
5.64 4.8 0.122221 0.0116791 0.893424
5.64 4.96 0.12333 0.00494018 0.931931
5.64 5.12 0.130403 0.00280861 1.04115
5.64 5.28 2.12396e-05 4.95771e-06 6.79871e-06
5.64 5.44 0.000122496 0.000124313 1.42341e-06
5.64 5.6 0.00224563 0.00224613 0.0004262
5.64 5.76 0.00265739 0.00265792 0.000595547
5.64 5.92 0.000458826 0.000460473 1.79765e-05
5.64 6.08 6.44831e-07 1.20478e-06 7.27977e-10
5.64 6.24 9.0125e-07 -2.04718e-10 1.61043e-08
5.64 6.4 0.000196218 5.82895e-06 0.00140763
5.64 6.56 0.169137 0.00353299 1.28853
5.64 6.72 0.127485 0.00557671 0.953585
5.64 6.88 0.107021 0.0133512 0.784855
5.64 7.04 0.109133 0.0470852 0.791183
5.64 7.2 0.101401 0.187043 0.731376
5.64 7.36 0.0526092 0.550434 0.378667
5.64 7.52 0.0182402 0.820789 0.131244
5.64 7.68 0.00844665 0.917374 0.0607299
5.64 7.84 0.00658833 0.94656 0.0473225
5.76 0 0.00276405 0.986505 0.0198278
5.76 0.16 0.00422425 0.973532 0.0303863
5.76 0.32 0.0118013 0.909726 0.0851491
5.76 0.48 0.041984 0.662983 0.302711
5.76 0.64 0.095914 0.22364 0.691336
5.76 0.8 0.115882 0.0566445 0.838311
5.76 0.96 0.119051 0.0180312 0.869164
5.76 1.12 0.118087 0.0074049 0.875602
5.76 1.28 0.116072 0.00344445 0.879433
5.76 1.44 0.11392 0.00166424 0.885968
5.76 1.6 0.11178 0.000809056 0.891291
5.76 1.76 0.110081 0.00041409 0.894544
5.76 1.92 0.109397 0.000281289 0.89584
5.76 2.08 0.110531 0.000345658 0.89881
5.76 2.24 0.112821 0.00063874 0.899211
5.76 2.4 0.115448 0.00130873 0.896001
5.76 2.56 0.118903 0.00271614 0.89789
5.76 2.72 0.121616 0.00574333 0.898855
5.76 2.88 0.120625 0.0128758 0.878666
5.76 3.04 0.116932 0.0351102 0.845852
5.76 3.2 0.106772 0.128818 0.772145
5.76 3.36 0.065036 0.475799 0.472632
5.76 3.52 0.0176254 0.863172 0.129135
5.76 3.68 0.0051084 0.997148 0.037656
5.76 3.84 0.0026493 0.990443 0.0194601
5.76 4 0.0037814 0.970044 0.0274921
5.76 4.16 0.0119154 0.885647 0.0858111
5.76 4.32 0.0498425 0.621556 0.355927
5.76 4.48 0.10376 0.182949 0.738252
5.76 4.64 0.118327 0.0429427 0.845756
5.76 4.8 0.121771 0.0130902 0.884637
5.76 4.96 0.1309 0.00595229 0.978913
5.76 5.12 0.0488915 0.0013834 0.391363
5.76 5.28 9.34315e-06 1.12479e-05 4.14386e-06
5.76 5.44 0.0016577 0.00171103 0.000213981
5.76 5.6 0.00948053 0.00964262 0.00713521
5.76 5.76 0.00981441 0.00997456 0.00765908
5.76 5.92 0.00281883 0.00289551 0.000623804
5.76 6.08 5.12042e-05 5.60276e-05 1.60563e-07
5.76 6.24 2.37008e-07 -2.70775e-09 -9.14696e-09
5.76 6.4 5.93774e-05 2.84051e-06 0.000191977
5.76 6.56 0.225085 0.00605093 1.69776
5.76 6.72 0.155945 0.00768112 1.15775
5.76 6.88 0.11383 0.0161694 0.830567
5.76 7.04 0.101977 0.0574496 0.737282
5.76 7.2 0.0915744 0.251925 0.659747
5.76 7.36 0.0387047 0.674281 0.278697
5.76 7.52 0.0112765 0.880287 0.0813135
5.76 7.68 0.00476412 0.942711 0.0343663
5.76 7.84 0.00366775 0.963432 0.0264413
5.88 0 0.00186452 0.996788 0.0134814
5.88 0.16 0.00295801 0.985813 0.0214677
5.88 0.32 0.00858514 0.936627 0.0623677
5.88 0.48 0.0319504 0.743946 0.23128
5.88 0.64 0.0873588 0.292169 0.630538
5.88 0.8 0.113545 0.0757233 0.821091
5.88 0.96 0.118502 0.0234001 0.863685
5.88 1.12 0.118133 0.00937263 0.873545
5.88 1.28 0.116363 0.00430261 0.878562
5.88 1.44 0.114378 0.002063 0.885498
5.88 1.6 0.112148 0.000995954 0.890222
5.88 1.76 0.110438 0.000506528 0.893772
5.88 1.92 0.109896 0.000342541 0.896287
5.88 2.08 0.110952 0.000420729 0.898586
5.88 2.24 0.113262 0.000780028 0.89927
5.88 2.4 0.116038 0.00160721 0.897011
5.88 2.56 0.119545 0.0033617 0.899732
5.88 2.72 0.121716 0.00713559 0.896603
5.88 2.88 0.120316 0.0162301 0.873955
5.88 3.04 0.116418 0.0455754 0.840393
5.88 3.2 0.101489 0.166484 0.733091
5.88 3.36 0.0539624 0.559302 0.392185
5.88 3.52 0.0141069 0.901947 0.103487
5.88 3.68 0.00398947 0.985683 0.0294726
5.88 3.84 0.00199711 0.977955 0.0146755
5.88 4 0.00289109 0.962753 0.0209769
5.88 4.16 0.00952957 0.91955 0.0684096
5.88 4.32 0.0404841 0.692806 0.288188
5.88 4.48 0.096657 0.228782 0.685124
5.88 4.64 0.117767 0.0559486 0.837734
5.88 4.8 0.123065 0.0169115 0.887951
5.88 4.96 0.127956 0.00794963 0.943898
5.88 5.12 0.000300267 3.32343e-05 0.00307908
5.88 5.28 5.376e-06 7.69896e-06 2.68196e-07
5.88 5.44 0.00444085 0.0042766 0.0018126
5.88 5.6 0.0145795 0.0143897 0.0181357
5.88 5.76 0.0140614 0.0138993 0.0168153
5.88 5.92 0.00498176 0.00485559 0.00221501
5.88 6.08 0.000271845 0.000248603 7.85788e-06
5.88 6.24 -1.23237e-07 1.0863e-07 6.36239e-10
5.88 6.4 -2.23946e-06 5.2128e-07 1.90943e-07
5.88 6.56 0.00171656 0.000114247 0.0137404
5.88 6.72 0.115727 0.00882346 0.851745
5.88 6.88 0.113856 0.0220182 0.826368
5.88 7.04 0.0949663 0.0773703 0.683753
5.88 7.2 0.0775824 0.344735 0.55754
5.88 7.36 0.0270537 0.783863 0.194836
5.88 7.52 0.00742396 0.917855 0.0536404
5.88 7.68 0.00302967 0.952908 0.02192
5.88 7.84 0.00216145 0.968756 0.0156322
