0 0 24.4522 -4.40772 24.4522
0 0.2 23.54 -5.33968 23.54
0 0.4 26.7689 -2.17034 26.7689
0 0.6 28.0067 -0.960593 28.0067
0 0.8 28.9566 0.0552131 28.9566
0 1 29.8423 1.22659 29.8423
0 1.2 30.0468 2.23789 30.0468
0 1.4 27.7491 2.32323 27.7491
0 1.6 17.5497 0.00978539 17.5497
0 1.8 -0.168037 2.96917 -0.168037
0 2 -4.25452 16.578 -4.25452
0 2.2 -3.7526 23.2008 -3.7526
0 2.4 -4.1345 24.7329 -4.1345
0 2.6 -4.4867 25.0596 -4.4867
0 2.8 -4.35757 25.4292 -4.35757
0 3 -3.73388 26.0871 -3.73388
0 3.2 -2.80654 26.9019 -2.80654
0 3.4 -1.81352 27.5814 -1.81352
0 3.6 -0.991916 27.6564 -0.991916
0 3.8 -0.880983 25.7278 -0.880983
0 4 -2.8338 16.789 -2.8338
0 4.2 0.982504 -0.346616 0.982504
0 4.4 17.4403 -3.39772 17.4403
0 4.6 24.7159 -2.1869 24.7159
0 4.8 25.8734 -2.21788 25.8734
0 5 24.4738 -2.32318 24.4738
0 5.2 16.6458 -3.69269 16.6458
0 5.4 0.135995 0.179199 0.135995
0 5.6 -2.72077 17.6605 -2.72077
0 5.8 -0.808547 26.0814 -0.808547
0 6 -0.970245 27.8 -0.970245
0 6.2 -1.79768 27.6552 -1.79768
0 6.4 -2.77036 26.9661 -2.77036
0 6.6 -3.64409 26.1868 -3.64409
0 6.8 -4.18864 25.5876 -4.18864
0 7 -4.23954 25.2562 -4.23954
0 7.2 -3.8664 24.8223 -3.8664
0 7.4 -3.67712 22.5932 -3.67712
0 7.6 -4.42572 13.6918 -4.42572
0 7.8 3.42601 0.234055 3.42601
0 8 21.1454 0.434177 21.1454
0 8.2 28.6968 2.20365 28.6968
0 8.4 30.0244 1.78741 30.0244
0 8.6 29.5747 0.756319 29.5747
0 8.8 28.6938 -0.287372 28.6938
0 9 27.8243 -1.12784 27.8243
0 9.2 27.1221 -1.70523 27.1221
0 9.4 28.3689 -0.307017 28.3689
0 9.6 33.0919 4.53754 33.0919
0 9.8 6.94348 -21.4148 6.94348
0.12 0 10.4246 -18.1808 10.4246
0.12 0.2 9.12136 -19.5088 9.12136
0.12 0.4 11.4877 -17.2178 11.4877
0.12 0.6 12.6079 -16.1411 12.6079
0.12 0.8 13.5874 -15.1002 13.5874
0.12 1 14.4896 -13.8894 14.4896
0.12 1.2 14.6439 -12.8417 14.6439
0.12 1.4 12.0438 -12.8092 12.0438
0.12 1.6 1.22441 -15.1532 1.22441
0.12 1.8 -15.9048 -11.5131 -15.9048
0.12 2 -19.4612 1.74892 -19.4612
0.12 2.2 -19.1046 7.93364 -19.1046
0.12 2.4 -19.5817 9.30727 -19.5817
0.12 2.6 -19.9717 9.58076 -19.9717
0.12 2.8 -19.841 9.9478 -19.841
0.12 3 -19.1818 10.6389 -19.1818
0.12 3.2 -18.2003 11.5062 -18.2003
0.12 3.4 -17.1462 12.2436 -17.1462
0.12 3.6 -16.2576 12.3794 -16.2576
0.12 3.8 -16.0828 10.5008 -16.0828
0.12 4 -17.9927 1.58074 -17.9927
0.12 4.2 -14.1305 -15.448 -14.1305
0.12 4.4 2.2751 -18.5207 2.2751
0.12 4.6 9.53522 -17.3517 9.53522
0.12 4.8 10.6698 -17.4137 10.6698
0.12 5 9.29437 -17.4923 9.29437
0.12 5.2 1.51258 -18.8162 1.51258
0.12 5.4 -14.941 -14.9815 -14.941
0.12 5.6 -17.8943 2.40561 -17.8943
0.12 5.8 -16.0142 10.8457 -16.0142
0.12 6 -16.2355 12.5231 -16.2355
0.12 6.2 -17.1261 12.3223 -17.1261
0.12 6.4 -18.1602 11.5748 -18.1602
0.12 6.6 -19.0848 10.7462 -19.0848
0.12 6.8 -19.6614 10.1174 -19.6614
0.12 7 -19.7116 9.7922 -19.7116
0.12 7.2 -19.2946 9.42288 -19.2946
0.12 7.4 -18.9986 7.39167 -18.9986
0.12 7.6 -19.6426 -0.980109 -19.6426
0.12 7.8 -12.6757 -14.4136 -12.6757
0.12 8 4.97473 -14.7836 4.97473
0.12 8.2 13.1899 -12.8579 13.1899
0.12 8.4 14.7761 -13.1999 14.7761
0.12 8.6 14.3809 -14.2334 14.3809
0.12 8.8 13.4822 -15.2998 13.4822
0.12 9 12.5668 -16.1647 12.5668
0.12 9.2 11.7985 -16.7706 11.7985
0.12 9.4 12.8785 -15.4975 12.8785
0.12 9.6 17.673 -10.5491 17.673
0.12 9.8 -9.80781 -37.7891 -9.80781
0.24 0 19.4237 -8.27444 19.4237
0.24 0.2 22.9153 -4.82807 22.9153
0.24 0.4 24.8617 -3.01755 24.8617
0.24 0.6 25.9551 -2.02544 25.9551
0.24 0.8 26.83 -1.10824 26.83
0.24 1 27.4552 -0.0991629 27.4552
0.24 1.2 26.9865 0.613846 26.9865
0.24 1.4 23.0134 0.0882079 23.0134
0.24 1.6 10.6088 -2.07068 10.6088
0.24 1.8 -3.74725 4.41103 -3.74725
0.24 2 -5.25694 17.2556 -5.25694
0.24 2.2 -4.97576 22.4238 -4.97576
0.24 2.4 -5.46825 23.5334 -5.46825
0.24 2.6 -5.8175 23.774 -5.8175
0.24 2.8 -5.67205 24.1321 -5.67205
0.24 3 -5.02454 24.8037 -5.02454
0.24 3.2 -4.08857 25.6263 -4.08857
0.24 3.4 -3.09661 26.3073 -3.09661
0.24 3.6 -2.26852 26.398 -2.26852
0.24 3.8 -2.14932 24.5007 -2.14932
0.24 4 -4.12109 15.5927 -4.12109
0.24 4.2 -0.371303 -1.62378 -0.371303
0.24 4.4 16.3079 -4.57809 16.3079
0.24 4.6 23.6238 -3.32724 23.6238
0.24 4.8 24.749 -3.38482 24.749
0.24 5 23.39 -3.47855 23.39
0.24 5.2 15.6547 -4.8677 15.6547
0.24 5.4 -1.02588 -1.27354 -1.02588
0.24 5.6 -3.99726 16.3354 -3.99726
0.24 5.8 -2.05346 24.8501 -2.05346
0.24 6 -2.26281 26.5196 -2.26281
0.24 6.2 -3.10226 26.3594 -3.10226
0.24 6.4 -4.07766 25.6654 -4.07766
0.24 6.6 -4.95312 24.8864 -4.95312
0.24 6.8 -5.50888 24.2875 -5.50888
0.24 7 -5.56875 23.9821 -5.56875
0.24 7.2 -5.18122 23.6774 -5.18122
0.24 7.4 -4.85053 22.0188 -4.85053
0.24 7.6 -5.52036 14.9334 -5.52036
0.24 7.8 -1.6199 1.01589 -1.6199
0.24 8 14.7359 -1.93149 14.7359
0.24 8.2 24.8436 0.299893 24.8436
0.24 8.4 27.5101 0.430682 27.5101
0.24 8.6 27.5793 -0.326529 27.5793
0.24 8.8 26.8552 -1.23002 26.8552
0.24 9 25.9401 -2.01257 25.9401
0.24 9.2 25.0558 -2.59365 25.0558
0.24 9.4 25.8914 -1.40729 25.8914
0.24 9.6 29.8636 2.84004 29.8636
0.24 9.8 4.74987 -21.8893 4.74987
0.36 0 16.835 -8.61817 16.835
0.36 0.2 20.244 -5.29939 20.244
0.36 0.4 22.3261 -3.50114 22.3261
0.36 0.6 23.5583 -2.51524 23.5583
0.36 0.8 24.3967 -1.68091 24.3967
0.36 1 24.6182 -0.891914 24.6182
0.36 1.2 23.0246 -0.637166 23.0246
0.36 1.4 16.8374 -1.69843 16.8374
0.36 1.6 3.72162 -1.99815 3.72162
0.36 1.8 -5.19787 8.15711 -5.19787
0.36 2 -5.15886 18.9683 -5.15886
0.36 2.2 -5.1726 22.6663 -5.1726
0.36 2.4 -5.73742 23.3994 -5.73742
0.36 2.6 -6.07779 23.5587 -6.07779
0.36 2.8 -5.91129 23.9084 -5.91129
0.36 3 -5.24438 24.589 -5.24438
0.36 3.2 -4.29815 25.4199 -4.29815
0.36 3.4 -3.3044 26.105 -3.3044
0.36 3.6 -2.47344 26.2055 -2.47344
0.36 3.8 -2.34921 24.3307 -2.34921
0.36 4 -4.33101 15.445 -4.33101
0.36 4.2 -0.606468 -1.83663 -0.606468
0.36 4.4 16.1406 -4.79418 16.1406
0.36 4.6 23.4534 -3.53348 23.4534
0.36 4.8 24.5724 -3.5923 24.5724
0.36 5 23.2407 -3.68064 23.2407
0.36 5.2 15.5938 -5.05893 15.5938
0.36 5.4 -1.1553 -1.58997 -1.1553
0.36 5.6 -4.23114 16.0809 -4.23114
0.36 5.8 -2.26112 24.6541 -2.26112
0.36 6 -2.46826 26.323 -2.46826
0.36 6.2 -3.30736 26.1598 -3.30736
0.36 6.4 -4.28828 25.4591 -4.28828
0.36 6.6 -5.17419 24.6724 -5.17419
0.36 6.8 -5.74783 24.0678 -5.74783
0.36 7 -5.8299 23.7765 -5.8299
0.36 7.2 -5.44284 23.5845 -5.44284
0.36 7.4 -4.99496 22.4497 -4.99496
0.36 7.6 -5.38298 17.257 -5.38298
0.36 7.8 -4.44321 4.46912 -4.44321
0.36 8 7.62522 -2.90136 7.62522
0.36 8.2 19.7336 -1.31987 19.7336
0.36 8.4 24.3773 -0.525131 24.3773
0.36 8.6 25.279 -0.893366 25.279
0.36 8.8 24.7388 -1.64301 24.7388
0.36 9 23.6225 -2.4178 23.6225
0.36 9.2 22.2964 -3.08242 22.2964
0.36 9.4 22.6054 -2.01811 22.6054
0.36 9.6 26.1581 2.11741 26.1581
0.36 9.8 0.748566 -22.5917 0.748566
0.48 0 10.2088 -9.96408 10.2088
0.48 0.2 13.7228 -6.63488 13.7228
0.48 0.4 16.1157 -4.8442 16.1157
0.48 0.6 17.6623 -3.87376 17.6623
0.48 0.8 18.5276 -3.13177 18.5276
0.48 1 18.1435 -2.58918 18.1435
0.48 1.2 15.0075 -2.64717 15.0075
0.48 1.4 7.21313 -2.89843 7.21313
0.48 1.6 -2.5397 1.52374 -2.5397
0.48 1.8 -5.37085 13.2458 -5.37085
0.48 2 -4.86926 20.8293 -4.86926
0.48 2.2 -5.19891 23.0889 -5.19891
0.48 2.4 -5.81594 23.4642 -5.81594
0.48 2.6 -6.13544 23.5488 -6.13544
0.48 2.8 -5.93724 23.8972 -5.93724
0.48 3 -5.24573 24.5905 -5.24573
0.48 3.2 -4.28781 25.4295 -4.28781
0.48 3.4 -3.29167 26.1171 -3.29167
0.48 3.6 -2.46175 26.2188 -2.46175
0.48 3.8 -2.33804 24.3492 -2.33804
0.48 4 -4.32809 15.4625 -4.32809
0.48 4.2 -0.59932 -1.84523 -0.59932
0.48 4.4 16.181 -4.78855 16.181
0.48 4.6 23.4819 -3.52727 23.4819
0.48 4.8 24.5953 -3.58945 24.5953
0.48 5 23.2848 -3.67245 23.2848
0.48 5.2 15.7086 -5.03913 15.7086
0.48 5.4 -1.07206 -1.67497 -1.07206
0.48 5.6 -4.24455 16.0245 -4.24455
0.48 5.8 -2.25407 24.6571 -2.25407
0.48 6 -2.4564 26.3352 -2.4564
0.48 6.2 -3.29387 26.1737 -3.29387
0.48 6.4 -4.27918 25.4694 -4.27918
0.48 6.6 -5.17712 24.6752 -5.17712
0.48 6.8 -5.77272 24.0623 -5.77272
0.48 7 -5.88613 23.7793 -5.88613
0.48 7.2 -5.51531 23.6888 -5.51531
0.48 7.4 -4.97668 23.0446 -4.97668
0.48 7.6 -4.9711 19.7691 -4.9711
0.48 7.8 -5.53836 10.0357 -5.53836
0.48 8 -0.240143 -1.16352 -0.240143
0.48 8.2 10.8314 -3.13369 10.8314
0.48 8.4 17.6447 -2.33954 17.6447
0.48 8.6 19.8195 -2.30083 19.8195
0.48 8.8 19.4985 -2.87127 19.4985
0.48 9 17.8851 -3.65759 17.8851
0.48 9.2 15.6707 -4.4017 15.6707
0.48 9.4 15.0568 -3.37547 15.0568
0.48 9.6 17.9966 0.796086 17.9966
0.48 9.8 -7.73001 -23.7481 -7.73001
0.6 0 -1.23726 -10.4717 -1.23726
0.6 0.2 2.33106 -7.22295 2.33106
0.6 0.4 4.79673 -5.82066 4.79673
0.6 0.6 6.48459 -5.24319 6.48459
0.6 0.8 7.35797 -4.73634 7.35797
0.6 1 6.64504 -4.09242 6.64504
0.6 1.2 3.32093 -3.03762 3.32093
0.6 1.4 -2.00964 0.347497 -2.00964
0.6 1.6 -5.17554 8.77966 -5.17554
0.6 1.8 -4.88091 17.9505 -4.88091
0.6 2 -4.72128 22.2755 -4.72128
0.6 2.2 -5.29017 23.4037 -5.29017
0.6 2.4 -5.92478 23.4937 -5.92478
0.6 2.6 -6.20953 23.5221 -6.20953
0.6 2.8 -5.97126 23.8773 -5.97126
0.6 3 -5.25067 24.5872 -5.25067
0.6 3.2 -4.27905 25.4354 -4.27905
0.6 3.4 -3.27957 26.1249 -3.27957
0.6 3.6 -2.45129 26.2239 -2.45129
0.6 3.8 -2.33083 24.3487 -2.33083
0.6 4 -4.32687 15.4443 -4.32687
0.6 4.2 -0.565571 -1.86477 -0.565571
0.6 4.4 16.2244 -4.77894 16.2244
0.6 4.6 23.5001 -3.52566 23.5001
0.6 4.8 24.6065 -3.59269 24.6065
0.6 5 23.3123 -3.6706 23.3123
0.6 5.2 15.7952 -5.024 15.7952
0.6 5.4 -0.994606 -1.74387 -0.994606
0.6 5.6 -4.25395 15.9652 -4.25395
0.6 5.8 -2.24864 24.6514 -2.24864
0.6 6 -2.44588 26.3419 -2.44588
0.6 6.2 -3.28229 26.1831 -3.28229
0.6 6.4 -4.27182 25.4765 -4.27182
0.6 6.6 -5.1824 24.6746 -5.1824
0.6 6.8 -5.80435 24.0494 -5.80435
0.6 7 -5.95682 23.7664 -5.95682
0.6 7.2 -5.619 23.7525 -5.619
0.6 7.4 -5.03554 23.494 -5.03554
0.6 7.6 -4.68752 21.7538 -4.68752
0.6 7.8 -5.23767 15.8306 -5.23767
0.6 8 -4.90813 5.23934 -4.90813
0.6 8.2 0.277638 -1.92821 0.277638
0.6 8.4 6.33075 -3.75919 6.33075
0.6 8.6 9.16886 -4.17737 9.16886
0.6 8.8 8.97971 -4.60344 8.97971
0.6 9 6.96157 -4.95559 6.96157
0.6 9.2 4.27975 -4.92454 4.27975
0.6 9.4 3.49656 -2.89022 3.49656
0.6 9.6 6.53038 2.12412 6.53038
0.6 9.8 -18.6677 -21.7234 -18.6677
0.72 0 -9.93112 -3.63698 -9.93112
0.72 0.2 -6.53284 -0.575319 -6.53284
0.72 0.4 -4.78903 0.0386951 -4.78903
0.72 0.6 -3.87162 -0.348769 -3.87162
0.72 0.8 -3.37584 -0.411373 -3.37584
0.72 1 -3.55853 0.664377 -3.55853
0.72 1.2 -4.54481 3.58879 -4.54481
0.72 1.4 -5.32274 9.15465 -5.32274
0.72 1.6 -4.93597 16.1904 -4.93597
0.72 1.8 -4.45166 21.218 -4.45166
0.72 2 -4.74778 23.2116 -4.74778
0.72 2.2 -5.44236 23.5893 -5.44236
0.72 2.4 -6.05935 23.4837 -6.05935
0.72 2.6 -6.29606 23.4803 -6.29606
0.72 2.8 -6.01083 23.8513 -6.01083
0.72 3 -5.25745 24.5818 -5.25745
0.72 3.2 -4.26971 25.4413 -4.26971
0.72 3.4 -3.26586 26.1324 -3.26586
0.72 3.6 -2.43973 26.2259 -2.43973
0.72 3.8 -2.3258 24.3359 -2.3258
0.72 4 -4.32824 15.3976 -4.32824
0.72 4.2 -0.506886 -1.89582 -0.506886
0.72 4.4 16.2814 -4.76144 16.2814
0.72 4.6 23.5207 -3.52002 23.5207
0.72 4.8 24.6188 -3.59173 24.6188
0.72 5 23.3352 -3.66673 23.3352
0.72 5.2 15.8642 -5.00933 15.8642
0.72 5.4 -0.926115 -1.79781 -0.926115
0.72 5.6 -4.26025 15.9109 -4.26025
0.72 5.8 -2.24333 24.6437 -2.24333
0.72 6 -2.43492 26.3478 -2.43492
0.72 6.2 -3.27057 26.1922 -3.27057
0.72 6.4 -4.26464 25.4832 -4.26464
0.72 6.6 -5.18884 24.6725 -5.18884
0.72 6.8 -5.83981 24.0316 -5.83981
0.72 7 -6.03673 23.7398 -6.03673
0.72 7.2 -5.74583 23.7726 -5.74583
0.72 7.4 -5.16445 23.7749 -5.16445
0.72 7.6 -4.61523 23.0508 -4.61523
0.72 7.8 -4.64094 20.1364 -4.64094
0.72 8 -5.39476 13.6033 -5.39476
0.72 8.2 -5.24115 5.82525 -5.24115
0.72 8.4 -3.49727 0.863502 -3.49727
0.72 8.6 -2.15639 -1.12665 -2.15639
0.72 8.8 -2.29972 -1.3662 -2.29972
0.72 9 -3.38408 -0.356584 -3.38408
0.72 9.2 -4.48873 1.55474 -4.48873
0.72 9.4 -3.55644 5.26466 -3.55644
0.72 9.6 0.667723 11.2671 0.667723
0.72 9.8 -23.6811 -12.333 -23.6811
0.84 0 -10.308 8.30985 -10.308
0.84 0.2 -7.11255 11.3017 -7.11255
0.84 0.4 -5.91479 11.8367 -5.91479
0.84 0.6 -5.75376 11.162 -5.75376
0.84 0.8 -5.75263 10.7265 -5.75263
0.84 1 -5.60409 11.4992 -5.60409
0.84 1.2 -5.27986 13.8667 -5.27986
0.84 1.4 -4.73901 17.4812 -4.73901
0.84 1.6 -4.28087 20.9723 -4.28087
0.84 1.8 -4.34554 23.0523 -4.34554
0.84 2 -4.91021 23.7195 -4.91021
0.84 2.2 -5.63726 23.6591 -5.63726
0.84 2.4 -6.21065 23.4376 -6.21065
0.84 2.6 -6.38905 23.4266 -6.38905
0.84 2.8 -6.05148 23.8227 -6.05148
0.84 3 -5.26306 24.5771 -5.26306
0.84 3.2 -4.25836 25.4485 -4.25836
0.84 3.4 -3.25018 26.1405 -3.25018
0.84 3.6 -2.42677 26.2263 -2.42677
0.84 3.8 -2.32158 24.3151 -2.32158
0.84 4 -4.3321 15.3283 -4.3321
0.84 4.2 -0.428273 -1.93951 -0.428273
0.84 4.4 16.3502 -4.73953 16.3502
0.84 4.6 23.5409 -3.51385 23.5409
0.84 4.8 24.6275 -3.5912 24.6275
0.84 5 23.3501 -3.66472 23.3501
0.84 5.2 15.9138 -4.99887 15.9138
0.84 5.4 -0.871874 -1.83884 -0.871874
0.84 5.6 -4.26317 15.8681 -4.26317
0.84 5.8 -2.23687 24.6384 -2.23687
0.84 6 -2.42345 26.3542 -2.42345
0.84 6.2 -3.25859 26.2013 -3.25859
0.84 6.4 -4.25667 25.4903 -4.25667
0.84 6.6 -5.19425 24.6705 -5.19425
0.84 6.8 -5.87412 24.0124 -5.87412
0.84 7 -6.11733 23.7047 -6.11733
0.84 7.2 -5.88188 23.7571 -5.88188
0.84 7.4 -5.33727 23.9121 -5.33727
0.84 7.6 -4.71639 23.77 -4.71639
0.84 7.8 -4.36402 22.6198 -4.36402
0.84 8 -4.60339 19.6676 -4.60339
0.84 8.2 -5.25312 15.2302 -5.25312
0.84 8.4 -5.67364 11.2311 -5.67364
0.84 8.6 -5.75247 9.19307 -5.75247
0.84 8.8 -5.73883 9.22889 -5.73883
0.84 9 -5.59627 10.766 -5.59627
0.84 9.2 -5.26674 12.9354 -5.26674
0.84 9.4 -3.28177 16.4931 -3.28177
0.84 9.6 1.4583 22.1907 1.4583
0.84 9.8 -22.7873 -1.86525 -22.7873
0.96 0 -8.39117 16.5181 -8.39117
0.96 0.2 -5.32375 19.4874 -5.32375
0.96 0.4 -4.14803 20.3722 -4.14803
0.96 0.6 -4.09911 20.0282 -4.09911
0.96 0.8 -4.2706 19.6138 -4.2706
0.96 1 -4.28647 19.7978 -4.28647
0.96 1.2 -4.15224 20.7285 -4.15224
0.96 1.4 -4.0033 22.1161 -4.0033
0.96 1.6 -4.07972 23.3247 -4.07972
0.96 1.8 -4.4915 23.9219 -4.4915
0.96 2 -5.1524 23.9305 -5.1524
0.96 2.2 -5.85749 23.6383 -5.85749
0.96 2.4 -6.37321 23.36 -6.37321
0.96 2.6 -6.48736 23.3617 -6.48736
0.96 2.8 -6.09443 23.7905 -6.09443
0.96 3 -5.26997 24.5711 -5.26997
0.96 3.2 -4.24853 25.4543 -4.24853
0.96 3.4 -3.23654 26.1461 -3.23654
0.96 3.6 -2.41621 26.2225 -2.41621
0.96 3.8 -2.32067 24.2857 -2.32067
0.96 4 -4.3394 15.2394 -4.3394
0.96 4.2 -0.33243 -1.99478 -0.33243
0.96 4.4 16.4296 -4.71534 16.4296
0.96 4.6 23.5597 -3.50994 23.5597
0.96 4.8 24.631 -3.59464 24.631
0.96 5 23.3563 -3.66731 23.3563
0.96 5.2 15.9441 -4.99445 15.9441
0.96 5.4 -0.834005 -1.86733 -0.834005
0.96 5.6 -4.26414 15.8386 -4.26414
0.96 5.8 -2.2323 24.6343 -2.2323
0.96 6 -2.41585 26.358 -2.41585
0.96 6.2 -3.25079 26.207 -3.25079
0.96 6.4 -4.25211 25.4945 -4.25211
0.96 6.6 -5.20162 24.6662 -5.20162
0.96 6.8 -5.9078 23.9914 -5.9078
0.96 7 -6.195 23.6638 -6.195
0.96 7.2 -6.01698 23.7156 -6.01698
0.96 7.4 -5.52761 23.9457 -5.52761
0.96 7.6 -4.91452 24.101 -4.91452
0.96 7.8 -4.408 23.8188 -4.408
0.96 8 -4.20306 22.7769 -4.20306
0.96 8.2 -4.32817 21.0391 -4.32817
0.96 8.4 -4.57275 19.2923 -4.57275
0.96 8.6 -4.65645 18.3865 -4.65645
0.96 8.8 -4.4981 18.5885 -4.4981
0.96 9 -4.13306 19.5965 -4.13306
0.96 9.2 -3.70263 20.848 -3.70263
0.96 9.4 -1.75408 23.4859 -1.75408
0.96 9.6 2.90306 28.5573 2.90306
0.96 9.8 -21.4486 4.19667 -21.4486
1.08 0 -7.57629 20.0381 -7.57629
1.08 0.2 -4.49731 23.0732 -4.49731
1.08 0.4 -3.26884 24.1797 -3.26884
1.08 0.6 -3.17846 24.0943 -3.17846
1.08 0.8 -3.37687 23.7705 -3.37687
1.08 1 -3.53676 23.6548 -3.53676
1.08 1.2 -3.67287 23.8029 -3.67287
1.08 1.4 -3.86028 24.1019 -3.86028
1.08 1.6 -4.21216 24.3063 -4.21216
1.08 1.8 -4.74853 24.2633 -4.74853
1.08 2 -5.41531 23.9691 -5.41531
1.08 2.2 -6.0755 23.5653 -6.0755
1.08 2.4 -6.52912 23.2697 -6.52912
1.08 2.6 -6.5777 23.2983 -6.5777
1.08 2.8 -6.12934 23.7645 -6.12934
1.08 3 -5.26955 24.5721 -5.26955
1.08 3.2 -4.23257 25.4662 -4.23257
1.08 3.4 -3.21788 26.1564 -3.21788
1.08 3.6 -2.40188 26.2215 -2.40188
1.08 3.8 -2.31795 24.2545 -2.31795
1.08 4 -4.34642 15.1385 -4.34642
1.08 4.2 -0.219514 -2.05653 -0.219514
1.08 4.4 16.5228 -4.68478 16.5228
1.08 4.6 23.5842 -3.50116 23.5842
1.08 4.8 24.6376 -3.59378 24.6376
1.08 5 23.3614 -3.6672 23.3614
1.08 5.2 15.9601 -4.99133 15.9601
1.08 5.4 -0.811385 -1.88009 -0.811385
1.08 5.6 -4.26001 15.8282 -4.26001
1.08 5.8 -2.22482 24.6375 -2.22482
1.08 6 -2.40605 26.3659 -2.40605
1.08 6.2 -3.24014 26.2166 -3.24014
1.08 6.4 -4.24345 25.5031 -4.24345
1.08 6.6 -5.20209 24.6683 -5.20209
1.08 6.8 -5.92954 23.9793 -5.92954
1.08 7 -6.25427 23.6322 -6.25427
1.08 7.2 -6.12895 23.6718 -6.12895
1.08 7.4 -5.69903 23.9284 -5.69903
1.08 7.6 -5.1305 24.2176 -5.1305
1.08 7.8 -4.60135 24.3177 -4.60135
1.08 8 -4.22977 24.0932 -4.22977
1.08 8.2 -4.02536 23.6052 -4.02536
1.08 8.4 -3.92413 23.105 -3.92413
1.08 8.6 -3.78908 22.93 -3.78908
1.08 8.8 -3.57276 23.1834 -3.57276
1.08 9 -3.28436 23.7454 -3.28436
1.08 9.2 -3.0054 24.3694 -3.0054
1.08 9.4 -1.20878 26.4571 -1.20878
1.08 9.6 3.35237 31.1929 3.35237
1.08 9.8 -21.0724 6.72362 -21.0724
1.2 0 -7.48991 21.2729 -7.48991
1.2 0.2 -4.39795 24.346 -4.39795
1.2 0.4 -3.14523 25.5444 -3.14523
1.2 0.6 -3.03326 25.5727 -3.03326
1.2 0.8 -3.23712 25.3034 -3.23712
1.2 1 -3.45514 25.0886 -3.45514
1.2 1.2 -3.70399 24.9451 -3.70399
1.2 1.4 -4.01964 24.8328 -4.01964
1.2 1.6 -4.46114 24.6499 -4.46114
1.2 1.8 -5.02175 24.345 -5.02175
1.2 2 -5.66508 23.9156 -5.66508
1.2 2.2 -6.27922 23.4623 -6.27922
1.2 2.4 -6.67487 23.1715 -6.67487
1.2 2.6 -6.66219 23.2337 -6.66219
1.2 2.8 -6.16197 23.7383 -6.16197
1.2 3 -5.26935 24.5719 -5.26935
1.2 3.2 -4.21811 25.4762 -4.21811
1.2 3.4 -3.20089 26.1647 -3.20089
1.2 3.6 -2.38901 26.2182 -2.38901
1.2 3.8 -2.3173 24.2189 -2.3173
1.2 4 -4.35681 15.0253 -4.35681
1.2 4.2 -0.0985629 -2.12825 -0.0985629
1.2 4.4 16.6199 -4.65634 16.6199
1.2 4.6 23.6061 -3.49611 23.6061
1.2 4.8 24.6393 -3.59722 24.6393
1.2 5 23.3575 -3.67285 23.3575
1.2 5.2 15.9544 -4.99738 15.9544
1.2 5.4 -0.811053 -1.88271 -0.811053
1.2 5.6 -4.25501 15.8343 -4.25501
1.2 5.8 -2.21854 24.6446 -2.21854
1.2 6 -2.39953 26.3724 -2.39953
1.2 6.2 -3.23347 26.223 -3.23347
1.2 6.4 -4.23815 25.5082 -4.23815
1.2 6.6 -5.20247 24.6691 -5.20247
1.2 6.8 -5.94393 23.9708 -5.94393
1.2 7 -6.29538 23.6089 -6.29538
1.2 7.2 -6.21093 23.6341 -6.21093
1.2 7.4 -5.8324 23.8925 -5.8324
1.2 7.6 -5.31599 24.2307 -5.31599
1.2 7.8 -4.81744 24.4805 -4.81744
1.2 8 -4.42391 24.5663 -4.42391
1.2 8.2 -4.12339 24.5476 -4.12339
1.2 8.4 -3.89599 24.5244 -3.89599
1.2 8.6 -3.67648 24.6316 -3.67648
1.2 8.8 -3.45519 24.8881 -3.45519
1.2 9 -3.22649 25.2478 -3.22649
1.2 9.2 -3.0309 25.6034 -3.0309
1.2 9.4 -1.30673 27.462 -1.30673
1.2 9.6 3.22122 32.0701 3.22122
1.2 9.8 -21.26 7.55175 -21.26
1.32 0 -7.59584 21.6529 -7.59584
1.32 0.2 -4.50983 24.7313 -4.50983
1.32 0.4 -3.25013 25.9654 -3.25013
1.32 0.6 -3.13567 26.0375 -3.13567
1.32 0.8 -3.34576 25.7949 -3.34576
1.32 1 -3.58623 25.5551 -3.58623
1.32 1.2 -3.87369 25.3172 -3.87369
1.32 1.4 -4.22914 25.0622 -4.22914
1.32 1.6 -4.69374 24.7342 -4.69374
1.32 1.8 -5.25196 24.321 -5.25196
1.32 2 -5.87316 23.8297 -5.87316
1.32 2.2 -6.45188 23.3558 -6.45188
1.32 2.4 -6.80049 23.0784 -6.80049
1.32 2.6 -6.73604 23.1738 -6.73604
1.32 2.8 -6.1911 23.7135 -6.1911
1.32 3 -5.26982 24.5706 -5.26982
1.32 3.2 -4.20591 25.484 -4.20591
1.32 3.4 -3.18612 26.1711 -3.18612
1.32 3.6 -2.37764 26.2137 -2.37764
1.32 3.8 -2.3178 24.1812 -2.3178
1.32 4 -4.36809 14.9052 -4.36809
1.32 4.2 0.0317665 -2.20365 0.0317665
1.32 4.4 16.7237 -4.62604 16.7237
1.32 4.6 23.629 -3.49101 23.629
1.32 4.8 24.6397 -3.60136 24.6397
1.32 5 23.349 -3.68023 23.349
1.32 5.2 15.932 -5.00805 15.932
1.32 5.4 -0.829455 -1.87147 -0.829455
1.32 5.6 -4.24756 15.8594 -4.24756
1.32 5.8 -2.21289 24.6569 -2.21289
1.32 6 -2.39624 26.3784 -2.39624
1.32 6.2 -3.23102 26.2265 -3.23102
1.32 6.4 -4.23628 25.5103 -4.23628
1.32 6.6 -5.20213 24.6699 -5.20213
1.32 6.8 -5.94859 23.9687 -5.94859
1.32 7 -6.31263 23.6005 -6.31263
1.32 7.2 -6.25185 23.6161 -6.25185
1.32 7.4 -5.90828 23.8673 -5.90828
1.32 7.6 -5.43449 24.2135 -5.43449
1.32 7.8 -4.97684 24.5069 -4.97684
1.32 8 -4.61145 24.6897 -4.61145
1.32 8.2 -4.3143 24.8201 -4.3143
1.32 8.4 -4.07715 24.9471 -4.07715
1.32 8.6 -3.85742 25.138 -3.85742
1.32 8.8 -3.65816 25.3832 -3.65816
1.32 9 -3.46872 25.6604 -3.46872
1.32 9.2 -3.31501 25.9105 -3.31501
1.32 9.4 -1.62423 27.6787 -1.62423
1.32 9.6 2.89643 32.2445 2.89643
1.32 9.8 -21.6378 7.68698 -21.6378
1.44 0 -7.67096 21.7261 -7.67096
1.44 0.2 -4.59377 24.8011 -4.59377
1.44 0.4 -3.33492 26.049 -3.33492
1.44 0.6 -3.22451 26.1396 -3.22451
1.44 0.8 -3.44214 25.9129 -3.44214
1.44 1 -3.6953 25.6741 -3.6953
1.44 1.2 -4.00006 25.4133 -4.00006
1.44 1.4 -4.37235 25.1138 -4.37235
1.44 1.6 -4.84772 24.7328 -4.84772
1.44 1.8 -5.40651 24.2734 -5.40651
1.44 2 -6.01806 23.7522 -6.01806
1.44 2.2 -6.57706 23.2688 -6.57706
1.44 2.4 -6.89425 23.0039 -6.89425
1.44 2.6 -6.79191 23.1261 -6.79191
1.44 2.8 -6.21296 23.6936 -6.21296
1.44 3 -5.26953 24.5692 -5.26953
1.44 3.2 -4.19596 25.4893 -4.19596
1.44 3.4 -3.1745 26.1745 -3.1745
1.44 3.6 -2.36944 26.2062 -2.36944
1.44 3.8 -2.32143 24.1401 -2.32143
1.44 4 -4.38226 14.779 -4.38226
1.44 4.2 0.165523 -2.28298 0.165523
1.44 4.4 16.8289 -4.59709 16.8289
1.44 4.6 23.6506 -3.48773 23.6506
1.44 4.8 24.6377 -3.60738 24.6377
1.44 5 23.3343 -3.69084 23.3343
1.44 5.2 15.8906 -5.02554 15.8906
1.44 5.4 -0.869107 -1.8486 -0.869107
1.44 5.6 -4.23993 15.9011 -4.23993
1.44 5.8 -2.20975 24.6723 -2.20975
1.44 6 -2.39718 26.3824 -2.39718
1.44 6.2 -3.23276 26.2267 -3.23276
1.44 6.4 -4.23653 25.5103 -4.23653
1.44 6.6 -5.19824 24.6731 -5.19824
1.44 6.8 -5.93887 23.9774 -5.93887
1.44 7 -6.29921 23.6135 -6.29921
1.44 7.2 -6.24207 23.628 -6.24207
1.44 7.4 -5.91274 23.871 -5.91274
1.44 7.6 -5.46363 24.205 -5.46363
1.44 7.8 -5.03811 24.49 -5.03811
1.44 8 -4.70946 24.6752 -4.70946
1.44 8.2 -4.44757 24.8237 -4.44757
1.44 8.4 -4.24331 24.9765 -4.24331
1.44 8.6 -4.05743 25.1833 -4.05743
1.44 8.8 -3.8952 25.4211 -3.8952
1.44 9 -3.74435 25.6677 -3.74435
1.44 9.2 -3.62547 25.8765 -3.62547
1.44 9.4 -1.96194 27.6058 -1.96194
1.44 9.6 2.55307 32.1575 2.55307
1.44 9.8 -22.0301 7.56449 -22.0301
1.56 0 -7.65539 21.6366 -7.65539
1.56 0.2 -4.58223 24.7102 -4.58223
1.56 0.4 -3.32539 25.967 -3.32539
1.56 0.6 -3.21768 26.0737 -3.21768
1.56 0.8 -3.43999 25.8691 -3.43999
1.56 1 -3.70088 25.6534 -3.70088
1.56 1.2 -4.01753 25.4087 -4.01753
1.56 1.4 -4.4052 25.112 -4.4052
1.56 1.6 -4.89652 24.7208 -4.89652
1.56 1.8 -5.46823 24.2447 -5.46823
1.56 2 -6.08654 23.708 -6.08654
1.56 2.2 -6.64389 23.2171 -6.64389
1.56 2.4 -6.94845 22.9576 -6.94845
1.56 2.6 -6.82543 23.0955 -6.82543
1.56 2.8 -6.22536 23.6809 -6.22536
1.56 3 -5.26719 24.569 -5.26719
1.56 3.2 -4.18689 25.4936 -4.18689
1.56 3.4 -3.16428 26.1765 -3.16428
1.56 3.6 -2.36224 26.198 -2.36224
1.56 3.8 -2.32582 24.0985 -2.32582
1.56 4 -4.39733 14.6508 -4.39733
1.56 4.2 0.300483 -2.36343 0.300483
1.56 4.4 16.9334 -4.56934 16.9334
1.56 4.6 23.6708 -3.48569 23.6708
1.56 4.8 24.6335 -3.61457 24.6335
1.56 5 23.3141 -3.70384 23.3141
1.56 5.2 15.8313 -5.04887 15.8313
1.56 5.4 -0.928376 -1.81314 -0.928376
1.56 5.6 -4.23024 15.9608 -4.23024
1.56 5.8 -2.20667 24.6927 -2.20667
1.56 6 -2.3999 26.3866 -2.3999
1.56 6.2 -3.23647 26.2256 -3.23647
1.56 6.4 -4.23682 25.5101 -4.23682
1.56 6.6 -5.18876 24.6806 -5.18876
1.56 6.8 -5.91267 23.9989 -5.91267
1.56 7 -6.25265 23.6503 -6.25265
1.56 7.2 -6.17832 23.6728 -6.17832
1.56 7.4 -5.84066 23.9084 -5.84066
1.56 7.6 -5.39477 24.216 -5.39477
1.56 7.8 -4.98668 24.4541 -4.98668
1.56 8 -4.69056 24.578 -4.69056
1.56 8.2 -4.47365 24.6687 -4.47365
1.56 8.4 -4.31706 24.7923 -4.31706
1.56 8.6 -4.17464 25.0061 -4.17464
1.56 8.8 -4.05316 25.2676 -4.05316
1.56 9 -3.94391 25.5283 -3.94391
1.56 9.2 -3.86473 25.7339 -3.86473
1.56 9.4 -2.23366 27.4497 -2.23366
1.56 9.6 2.26928 31.9974 2.26928
1.56 9.8 -22.3594 7.37208 -22.3594
1.68 0 -7.59496 21.2742 -7.59496
1.68 0.2 -4.51848 24.3524 -4.51848
1.68 0.4 -3.26016 25.6249 -3.26016
1.68 0.6 -3.14411 25.7684 -3.14411
1.68 0.8 -3.35519 25.6241 -3.35519
1.68 1 -3.607 25.486 -3.607
1.68 1.2 -3.92367 25.3175 -3.92367
1.68 1.4 -4.3248 25.0767 -4.3248
1.68 1.6 -4.83893 24.7148 -4.83893
1.68 1.8 -5.43683 24.2456 -5.43683
1.68 2 -6.07887 23.7031 -6.07887
1.68 2.2 -6.65304 23.2034 -6.65304
1.68 2.4 -6.96479 22.9395 -6.96479
1.68 2.6 -6.8393 23.0803 -6.8393
1.68 2.8 -6.23133 23.6732 -6.23133
1.68 3 -5.26539 24.5681 -5.26539
1.68 3.2 -4.18053 25.4956 -4.18053
1.68 3.4 -3.15644 26.177 -3.15644
1.68 3.6 -2.3563 26.1896 -2.3563
1.68 3.8 -2.33034 24.0581 -2.33034
1.68 4 -4.41179 14.5248 -4.41179
1.68 4.2 0.435517 -2.44125 0.435517
1.68 4.4 17.0381 -4.54034 17.0381
1.68 4.6 23.6929 -3.48106 23.6929
1.68 4.8 24.6312 -3.61873 24.6312
1.68 5 23.2923 -3.71519 23.2923
1.68 5.2 15.7576 -5.07459 15.7576
1.68 5.4 -1.00419 -1.76311 -1.00419
1.68 5.6 -4.21735 16.0389 -4.21735
1.68 5.8 -2.2033 24.7186 -2.2033
1.68 6 -2.40458 26.391 -2.40458
1.68 6.2 -3.24287 26.2228 -3.24287
1.68 6.4 -4.2386 25.5087 -4.2386
1.68 6.6 -5.17611 24.6904 -5.17611
1.68 6.8 -5.87365 24.0297 -5.87365
1.68 7 -6.17812 23.7055 -6.17812
1.68 7.2 -6.06723 23.7423 -6.06723
1.68 7.4 -5.70002 23.9673 -5.70002
1.68 7.6 -5.23827 24.2241 -5.23827
1.68 7.8 -4.83858 24.3553 -4.83858
1.68 8 -4.58152 24.3191 -4.58152
1.68 8.2 -4.4303 24.2419 -4.4303
1.68 8.4 -4.3346 24.2809 -4.3346
1.68 8.6 -4.22606 24.5406 -4.22606
1.68 8.8 -4.12248 24.926 -4.12248
1.68 9 -4.03926 25.2978 -4.03926
1.68 9.2 -3.99916 25.5601 -3.99916
1.68 9.4 -2.40725 27.2908 -2.40725
1.68 9.6 2.07429 31.8416 2.07429
1.68 9.8 -22.5924 7.19369 -22.5924
1.8 0 -7.69016 20.1558 -7.69016
1.8 0.2 -4.60242 23.2458 -4.60242
1.8 0.4 -3.32703 24.5657 -3.32703
1.8 0.6 -3.1678 24.8188 -3.1678
1.8 0.8 -3.31432 24.8587 -3.31432
1.8 1 -3.49639 24.9579 -3.49639
1.8 1.2 -3.7636 25.0225 -3.7636
1.8 1.4 -4.15324 24.9554 -4.15324
1.8 1.6 -4.68754 24.6938 -4.68754
1.8 1.8 -5.32055 24.2682 -5.32055
1.8 2 -6.00001 23.7351 -6.00001
1.8 2.2 -6.60698 23.2279 -6.60698
1.8 2.4 -6.94375 22.9513 -6.94375
1.8 2.6 -6.83281 23.0829 -6.83281
1.8 2.8 -6.22974 23.6729 -6.22974
1.8 3 -5.26329 24.5684 -5.26329
1.8 3.2 -4.17663 25.4967 -4.17663
1.8 3.4 -3.15157 26.1763 -3.15157
1.8 3.6 -2.35293 26.1805 -2.35293
1.8 3.8 -2.33668 24.0181 -2.33668
1.8 4 -4.42708 14.4016 -4.42708
1.8 4.2 0.566983 -2.51649 0.566983
1.8 4.4 17.1393 -4.51275 17.1393
1.8 4.6 23.714 -3.47696 23.714
1.8 4.8 24.6278 -3.62318 24.6278
1.8 5 23.2669 -3.72769 23.2669
1.8 5.2 15.6691 -5.10428 15.6691
1.8 5.4 -1.09582 -1.70013 -1.09582
1.8 5.6 -4.20283 16.1324 -4.20283
1.8 5.8 -2.20122 24.7482 -2.20122
1.8 6 -2.41207 26.3952 -2.41207
1.8 6.2 -3.25189 26.2192 -3.25189
1.8 6.4 -4.24106 25.5078 -4.24106
1.8 6.6 -5.15942 24.7044 -5.15942
1.8 6.8 -5.82203 24.0705 -5.82203
1.8 7 -6.07847 23.7764 -6.07847
1.8 7.2 -5.91568 23.8275 -5.91568
1.8 7.4 -5.50366 24.0253 -5.50366
1.8 7.6 -5.01875 24.1746 -5.01875
1.8 7.8 -4.64429 24.0626 -4.64429
1.8 8 -4.48207 23.6257 -4.48207
1.8 8.2 -4.47511 23.104 -4.47511
1.8 8.4 -4.48157 22.9222 -4.48157
1.8 8.6 -4.36989 23.3446 -4.36989
1.8 8.8 -4.19533 24.1353 -4.19533
1.8 9 -4.06275 24.8779 -4.06275
1.8 9.2 -4.02975 25.3452 -4.02975
1.8 9.4 -2.47387 27.1516 -2.47387
1.8 9.6 1.97932 31.7219 1.97932
1.8 9.8 -22.7173 7.06502 -22.7173
1.92 0 -8.41662 17.018 -8.41662
1.92 0.2 -5.30743 20.13 -5.30743
1.92 0.4 -3.97807 21.5797 -3.97807
1.92 0.6 -3.69461 22.1352 -3.69461
1.92 0.8 -3.64534 22.6932 -3.64534
1.92 1 -3.59494 23.4648 -3.59494
1.92 1.2 -3.66486 24.1845 -3.66486
1.92 1.4 -3.95171 24.5924 -3.95171
1.92 1.6 -4.47329 24.5923 -4.47329
1.92 1.8 -5.14021 24.2813 -5.14021
1.92 2 -5.86591 23.7857 -5.86591
1.92 2.2 -6.51784 23.2782 -6.51784
1.92 2.4 -6.89373 22.9847 -6.89373
1.92 2.6 -6.81112 23.0983 -6.81112
1.92 2.8 -6.22362 23.6768 -6.22362
1.92 3 -5.26259 24.568 -5.26259
1.92 3.2 -4.17618 25.4954 -4.17618
1.92 3.4 -3.15021 26.1734 -3.15021
1.92 3.6 -2.35237 26.1704 -2.35237
1.92 3.8 -2.34478 23.979 -2.34478
1.92 4 -4.44324 14.283 -4.44324
1.92 4.2 0.691699 -2.58903 0.691699
1.92 4.4 17.2339 -4.48836 17.2339
1.92 4.6 23.732 -3.47499 23.732
1.92 4.8 24.6217 -3.62939 24.6217
1.92 5 23.2362 -3.74269 23.2362
1.92 5.2 15.5657 -5.13879 15.5657
1.92 5.4 -1.20211 -1.6257 -1.20211
1.92 5.6 -4.18702 16.2395 -4.18702
1.92 5.8 -2.20054 24.7807 -2.20054
1.92 6 -2.42246 26.3985 -2.42246
1.92 6.2 -3.26394 26.2138 -3.26394
1.92 6.4 -4.24526 25.5057 -4.24526
1.92 6.6 -5.14097 24.7196 -5.14097
1.92 6.8 -5.76247 24.1158 -5.76247
1.92 7 -5.96224 23.8527 -5.96224
1.92 7.2 -5.73802 23.9092 -5.73802
1.92 7.4 -5.27622 24.0403 -5.27622
1.92 7.6 -4.78589 23.9578 -4.78589
1.92 7.8 -4.51522 23.2856 -4.51522
1.92 8 -4.61428 21.8535 -4.61428
1.92 8.2 -4.94313 20.1917 -4.94313
1.92 8.4 -5.15235 19.425 -5.15235
1.92 8.6 -4.98245 20.2561 -4.98245
1.92 8.8 -4.53497 22.1482 -4.53497
1.92 9 -4.1404 23.9336 -4.1404
1.92 9.2 -4.00214 24.98 -4.00214
1.92 9.4 -2.44972 27.0055 -2.44972
1.92 9.6 1.97592 31.6345 1.97592
1.92 9.8 -22.7418 6.98862 -22.7418
2.04 0 -10.1835 9.60348 -10.1835
2.04 0.2 -7.03087 12.7605 -7.03087
2.04 0.4 -5.62282 14.4638 -5.62282
2.04 0.6 -5.15672 15.6467 -5.15672
2.04 0.8 -4.79449 17.3403 -4.79449
2.04 1 -4.29293 19.6932 -4.29293
2.04 1.2 -3.88158 22.0468 -3.88158
2.04 1.4 -3.84293 23.6549 -3.84293
2.04 1.6 -4.24916 24.2877 -4.24916
2.04 1.8 -4.92426 24.237 -4.92426
2.04 2 -5.69677 23.8305 -5.69677
2.04 2.2 -6.40034 23.3392 -6.40034
2.04 2.4 -6.82413 23.0305 -6.82413
2.04 2.6 -6.77918 23.1213 -6.77918
2.04 2.8 -6.21478 23.6828 -6.21478
2.04 3 -5.26337 24.5665 -5.26337
2.04 3.2 -4.17855 25.4921 -4.17855
2.04 3.4 -3.15157 26.169 -3.15157
2.04 3.6 -2.35397 26.1598 -2.35397
2.04 3.8 -2.35415 23.9415 -2.35415
2.04 4 -4.45992 14.1702 -4.45992
2.04 4.2 0.808798 -2.65777 0.808798
2.04 4.4 17.3232 -4.46557 17.3232
2.04 4.6 23.7501 -3.47201 23.7501
2.04 4.8 24.6169 -3.63362 24.6169
2.04 5 23.2043 -3.75685 23.2043
2.04 5.2 15.4512 -5.17565 15.4512
2.04 5.4 -1.31967 -1.54038 -1.31967
2.04 5.6 -4.16984 16.3578 -4.16984
2.04 5.8 -2.20079 24.8155 -2.20079
2.04 6 -2.43485 26.4014 -2.43485
2.04 6.2 -3.2781 26.2071 -3.2781
2.04 6.4 -4.25079 25.5026 -4.25079
2.04 6.6 -5.12169 24.7346 -5.12169
2.04 6.8 -5.69847 24.1613 -5.69847
2.04 7 -5.83739 23.9252 -5.83739
2.04 7.2 -5.5499 23.9661 -5.5499
2.04 7.4 -5.05041 23.954 -5.05041
2.04 7.6 -4.61955 23.3884 -4.61955
2.04 7.8 -4.6384 21.4758 -4.6384
2.04 8 -5.2587 17.8087 -5.2587
2.04 8.2 -5.98404 13.7725 -5.98404
2.04 8.4 -6.35008 11.8374 -6.35008
2.04 8.6 -6.27325 13.2897 -6.27325
2.04 8.8 -5.53949 17.4219 -5.53949
2.04 9 -4.53834 21.7048 -4.53834
2.04 9.2 -4.02153 24.2103 -4.02153
2.04 9.4 -2.3749 26.778 -2.3749
2.04 9.6 2.04055 31.5501 2.04055
2.04 9.8 -22.6856 6.94714 -22.6856
2.16 0 -10.4601 -2.16341 -10.4601
2.16 0.2 -7.2234 1.0823 -7.2234
2.16 0.4 -5.89721 2.96171 -5.89721
2.16 0.6 -5.68725 4.64756 -5.68725
2.16 0.8 -5.74779 7.4616 -5.74779
2.16 1 -5.45189 11.9676 -5.45189
2.16 1.2 -4.66464 17.3123 -4.66464
2.16 1.4 -4.02206 21.5276 -4.02206
2.16 1.6 -4.10124 23.571 -4.10124
2.16 1.8 -4.71195 24.0671 -4.71195
2.16 2 -5.51669 23.8396 -5.51669
2.16 2.2 -6.27138 23.3933 -6.27138
2.16 2.4 -6.74579 23.0777 -6.74579
2.16 2.6 -6.74296 23.1456 -6.74296
2.16 2.8 -6.20611 23.6875 -6.20611
2.16 3 -5.26724 24.5614 -5.26724
2.16 3.2 -4.18529 25.4845 -4.18529
2.16 3.4 -3.1575 26.1604 -3.1575
2.16 3.6 -2.35968 26.146 -2.35968
2.16 3.8 -2.36642 23.9034 -2.36642
2.16 4 -4.47794 14.0626 -4.47794
2.16 4.2 0.917035 -2.72255 0.917035
2.16 4.4 17.4051 -4.44563 17.4051
2.16 4.6 23.7655 -3.47067 23.7655
2.16 4.8 24.6102 -3.63904 24.6102
2.16 5 23.1689 -3.77248 23.1689
2.16 5.2 15.3267 -5.21506 15.3267
2.16 5.4 -1.44584 -1.44588 -1.44584
2.16 5.6 -4.15267 16.4829 -4.15267
2.16 5.8 -2.20379 24.8493 -2.20379
2.16 6 -2.45094 26.401 -2.45094
2.16 6.2 -3.29595 26.1966 -3.29595
2.16 6.4 -4.25925 25.4959 -4.25925
2.16 6.6 -5.104 24.7463 -5.104
2.16 6.8 -5.63477 24.2018 -5.63477
2.16 7 -5.7131 23.9833 -5.7131
2.16 7.2 -5.36972 23.9738 -5.36972
2.16 7.4 -4.86989 23.6882 -4.86989
2.16 7.6 -4.63435 22.1822 -4.63435
2.16 7.8 -5.18644 17.8229 -5.18644
2.16 8 -5.98235 10.4142 -5.98235
2.16 8.2 -5.4142 3.94562 -5.4142
2.16 8.4 -4.70656 1.34053 -4.70656
2.16 8.6 -5.68889 2.66144 -5.68889
2.16 8.8 -6.64584 8.51813 -6.64584
2.16 9 -5.56085 16.8925 -5.56085
2.16 9.2 -4.2754 22.5567 -4.2754
2.16 9.4 -2.31994 26.3338 -2.31994
2.16 9.6 2.13423 31.4149 2.13423
2.16 9.8 -22.5802 6.90749 -22.5802
2.28 0 -2.7182 -10.0969 -2.7182
2.28 0.2 0.62211 -6.74205 0.62211
2.28 0.4 1.73429 -5.03474 1.73429
2.28 0.6 1.0519 -3.9165 1.0519
2.28 0.8 -1.09037 -2.1269 -1.09037
2.28 1 -3.86408 1.87904 -3.86408
2.28 1.2 -5.23583 9.23048 -5.23583
2.28 1.4 -4.6015 17.3913 -4.6015
2.28 1.6 -4.13028 22.1532 -4.13028
2.28 1.8 -4.54049 23.6997 -4.54049
2.28 2 -5.34066 23.7951 -5.34066
2.28 2.2 -6.13822 23.4347 -6.13822
2.28 2.4 -6.66083 23.1257 -6.66083
2.28 2.6 -6.70025 23.1745 -6.70025
2.28 2.8 -6.19218 23.6969 -6.19218
2.28 3 -5.26721 24.5601 -5.26721
2.28 3.2 -4.18897 25.4799 -4.18897
2.28 3.4 -3.16073 26.1547 -3.16073
2.28 3.6 -2.36274 26.1355 -2.36274
2.28 3.8 -2.37568 23.8703 -2.37568
2.28 4 -4.49315 13.9646 -4.49315
2.28 4.2 1.01851 -2.78071 1.01851
2.28 4.4 17.4824 -4.42542 17.4824
2.28 4.6 23.782 -3.46676 23.782
2.28 4.8 24.6061 -3.641 24.6061
2.28 5 23.1348 -3.78522 23.1348
2.28 5.2 15.1975 -5.25313 15.1975
2.28 5.4 -1.57478 -1.34135 -1.57478
2.28 5.6 -4.13154 16.6159 -4.13154
2.28 5.8 -2.20364 24.8871 -2.20364
2.28 6 -2.4638 26.4038 -2.4638
2.28 6.2 -3.3102 26.1896 -3.3102
2.28 6.4 -4.26358 25.4929 -4.26358
2.28 6.6 -5.08207 24.761 -5.08207
2.28 6.8 -5.56794 24.2414 -5.56794
2.28 7 -5.59012 24.0277 -5.59012
2.28 7.2 -5.20768 23.9193 -5.20768
2.28 7.4 -4.77539 23.1652 -4.77539
2.28 7.6 -4.92909 20.018 -4.92909
2.28 7.8 -5.83063 11.8547 -5.83063
2.28 8 -3.9161 1.68182 -3.9161
2.28 8.2 1.95021 -2.92952 1.95021
2.28 8.4 5.11617 -3.92044 5.11617
2.28 8.6 2.53944 -4.10822 2.53944
2.28 8.8 -3.74215 -1.29336 -3.74215
2.28 9 -6.61558 8.71707 -6.61558
2.28 9.2 -4.97276 19.331 -4.97276
2.28 9.4 -2.37064 25.4887 -2.37064
2.28 9.6 2.22229 31.1738 2.22229
2.28 9.8 -22.4552 6.83598 -22.4552
2.4 0 9.26328 -9.99935 9.26328
2.4 0.2 12.6232 -6.62223 12.6232
2.4 0.4 13.9117 -4.96897 13.9117
2.4 0.6 13.3052 -4.33801 13.3052
2.4 0.8 10.5058 -4.09943 10.5058
2.4 1 4.73847 -3.40025 4.73847
2.4 1.2 -2.34096 0.8135 -2.34096
2.4 1.4 -5.05965 11.0145 -5.05965
2.4 1.6 -4.41326 19.7399 -4.41326
2.4 1.8 -4.45574 23.06 -4.45574
2.4 2 -5.1905 23.6775 -5.1905
2.4 2.2 -6.01484 23.4533 -6.01484
2.4 2.4 -6.57904 23.1669 -6.57904
2.4 2.6 -6.6573 23.2029 -6.6573
2.4 2.8 -6.17671 23.7078 -6.17671
2.4 3 -5.26577 24.5605 -5.26577
2.4 3.2 -4.19184 25.4766 -4.19184
2.4 3.4 -3.16375 26.1498 -3.16375
2.4 3.6 -2.36595 26.1259 -2.36595
2.4 3.8 -2.38476 23.8397 -2.38476
2.4 4 -4.50796 13.8738 -4.50796
2.4 4.2 1.1105 -2.83458 1.1105
2.4 4.4 17.5511 -4.40845 17.5511
2.4 4.6 23.7947 -3.46501 23.7947
2.4 4.8 24.5994 -3.64462 24.5994
2.4 5 23.0975 -3.79958 23.0975
2.4 5.2 15.0626 -5.29248 15.0626
2.4 5.4 -1.70586 -1.23096 -1.70586
2.4 5.6 -4.10931 16.7516 -4.10931
2.4 5.8 -2.20312 24.9252 -2.20312
2.4 6 -2.47589 26.4074 -2.47589
2.4 6.2 -3.32315 26.1839 -3.32315
2.4 6.4 -4.26635 25.4915 -4.26635
2.4 6.6 -5.05949 24.776 -5.05949
2.4 6.8 -5.50364 24.2765 -5.50364
2.4 7 -5.47776 24.0522 -5.47776
2.4 7.2 -5.0812 23.7882 -5.0812
2.4 7.4 -4.80838 22.32 -4.80838
2.4 7.6 -5.47565 16.7393 -5.47565
2.4 7.8 -5.09303 4.80443 -5.09303
2.4 8 3.77779 -2.91428 3.77779
2.4 8.2 13.8453 -2.81802 13.8453
2.4 8.4 17.3788 -2.43716 17.3788
2.4 8.6 14.8465 -3.42569 14.8465
2.4 8.8 5.90071 -4.91127 5.90071
2.4 9 -4.81604 -0.103468 -4.81604
2.4 9.2 -6.04667 14.0478 -6.04667
2.4 9.4 -2.62646 24.0244 -2.62646
2.4 9.6 2.25866 30.7586 2.25866
2.4 9.8 -22.3416 6.69893 -22.3416
2.52 0 16.8014 -8.35138 16.8014
2.52 0.2 20.0832 -5.04943 20.0832
2.52 0.4 21.7048 -3.24417 21.7048
2.52 0.6 21.8676 -2.41299 21.8676
2.52 0.8 20.406 -2.13067 20.406
2.52 1 15.6885 -2.58121 15.6885
2.52 1.2 5.71233 -2.76841 5.71233
2.52 1.4 -3.75976 4.19345 -3.75976
2.52 1.6 -4.86054 16.3261 -4.86054
2.52 1.8 -4.48196 22.1295 -4.48196
2.52 2 -5.07948 23.4873 -5.07948
2.52 2.2 -5.91011 23.4479 -5.91011
2.52 2.4 -6.50716 23.1981 -6.50716
2.52 2.6 -6.61847 23.2279 -6.61847
2.52 2.8 -6.16212 23.7188 -6.16212
2.52 3 -5.26374 24.5623 -5.26374
2.52 3.2 -4.19369 25.4749 -4.19369
2.52 3.4 -3.16561 26.1467 -3.16561
2.52 3.6 -2.36786 26.1185 -2.36786
2.52 3.8 -2.39205 23.8131 -2.39205
2.52 4 -4.52069 13.7918 -4.52069
2.52 4.2 1.19527 -2.88257 1.19527
2.52 4.4 17.6141 -4.39272 17.6141
2.52 4.6 23.8064 -3.46327 23.8064
2.52 4.8 24.5929 -3.64765 24.5929
2.52 5 23.0603 -3.81323 23.0603
2.52 5.2 14.9271 -5.33044 14.9271
2.52 5.4 -1.83417 -1.11523 -1.83417
2.52 5.6 -4.08477 16.8888 -4.08477
2.52 5.8 -2.20078 24.9646 -2.20078
2.52 6 -2.48592 26.4128 -2.48592
2.52 6.2 -3.33409 26.1803 -3.33409
2.52 6.4 -4.268 25.4915 -4.268
2.52 6.6 -5.03815 24.7902 -5.03815
2.52 6.8 -5.44566 24.3055 -5.44566
2.52 7 -5.38191 24.0568 -5.38191
2.52 7.2 -4.99924 23.5836 -4.99924
2.52 7.4 -4.97399 21.164 -4.97399
2.52 7.6 -5.97559 12.6833 -5.97559
2.52 7.8 -1.38812 -0.486187 -1.38812
2.52 8 13.5259 -2.58158 13.5259
2.52 8.2 22.5073 -0.713401 22.5073
2.52 8.4 24.7244 -0.427972 24.7244
2.52 8.6 23.1134 -1.23507 23.1134
2.52 8.8 16.2012 -3.49371 16.2012
2.52 9 1.75646 -4.71049 1.75646
2.52 9.2 -6.61041 7.42506 -6.61041
2.52 9.4 -3.13366 21.8132 -3.13366
2.52 9.6 2.2154 30.1323 2.2154
2.52 9.8 -22.2613 6.47814 -22.2613
2.64 0 19.7046 -7.96144 19.7046
2.64 0.2 23.0365 -4.61237 23.0365
2.64 0.4 24.88 -2.66638 24.88
2.64 0.6 25.6105 -1.5597 25.6105
2.64 0.8 25.377 -0.804625 25.377
2.64 1 22.8709 -0.735653 22.8709
2.64 1.2 14.4952 -2.15909 14.4952
2.64 1.4 0.250259 -0.26387 0.250259
2.64 1.6 -5.1529 12.5013 -5.1529
2.64 1.8 -4.60749 20.997 -4.60749
2.64 2 -5.01493 23.2455 -5.01493
2.64 2.2 -5.83284 23.42 -5.83284
2.64 2.4 -6.45313 23.2149 -6.45313
2.64 2.6 -6.59018 23.2441 -6.59018
2.64 2.8 -6.15327 23.7246 -6.15327
2.64 3 -5.26486 24.5611 -5.26486
2.64 3.2 -4.19774 25.4712 -4.19774
2.64 3.4 -3.16948 26.142 -3.16948
2.64 3.6 -2.37162 26.1101 -2.37162
2.64 3.8 -2.40064 23.7871 -2.40064
2.64 4 -4.53371 13.7158 -4.53371
2.64 4.2 1.27163 -2.92642 1.27163
2.64 4.4 17.6703 -4.37931 17.6703
2.64 4.6 23.8162 -3.4623 23.8162
2.64 4.8 24.5859 -3.65078 24.5859
2.64 5 23.023 -3.82674 23.023
2.64 5.2 14.7922 -5.36742 14.7922
2.64 5.4 -1.95865 -0.99805 -1.95865
2.64 5.6 -4.06103 17.0219 -4.06103
2.64 5.8 -2.19985 25.0012 -2.19985
2.64 6 -2.49701 26.4165 -2.49701
2.64 6.2 -3.34621 26.1752 -3.34621
2.64 6.4 -4.27214 25.4891 -4.27214
2.64 6.6 -5.02269 24.7994 -5.02269
2.64 6.8 -5.39999 24.3243 -5.39999
2.64 7 -5.30911 24.0419 -5.30911
2.64 7.2 -4.96404 23.3269 -4.96404
2.64 7.4 -5.23162 19.8199 -5.23162
2.64 7.6 -6.00927 8.67211 -6.00927
2.64 7.8 4.42251 -2.65413 4.42251
2.64 8 20.5836 -1.01617 20.5836
2.64 8.2 26.6899 0.388079 26.6899
2.64 8.4 27.7762 0.2837 27.7762
2.64 8.6 26.8362 -0.246125 26.8362
2.64 8.8 22.5893 -1.7396 22.5893
2.64 9 9.83306 -4.99856 9.83306
2.64 9.2 -5.42251 1.46837 -5.42251
2.64 9.4 -3.81122 18.9936 -3.81122
2.64 9.6 2.08663 29.3136 2.08663
2.64 9.8 -22.2245 6.18089 -22.2245
2.76 0 20.536 -8.19505 20.536
2.76 0.2 23.9222 -4.79504 23.9222
2.76 0.4 25.8975 -2.74795 25.8975
2.76 0.6 26.934 -1.46077 26.934
2.76 0.8 27.3681 -0.386623 27.3681
2.76 1 26.3046 0.243409 26.3046
2.76 1.2 20.3281 -0.797466 20.3281
2.76 1.4 5.21381 -1.85124 5.21381
2.76 1.6 -5.02232 9.247 -5.02232
2.76 1.8 -4.77137 19.89 -4.77137
2.76 2 -4.98668 23.0057 -4.98668
2.76 2.2 -5.78136 23.3835 -5.78136
2.76 2.4 -6.41568 23.2217 -6.41568
2.76 2.6 -6.57025 23.2537 -6.57025
2.76 2.8 -6.14679 23.728 -6.14679
2.76 3 -5.26538 24.5599 -5.26538
2.76 3.2 -4.20032 25.4682 -4.20032
2.76 3.4 -3.17207 26.1378 -3.17207
2.76 3.6 -2.37452 26.1022 -2.37452
2.76 3.8 -2.40835 23.763 -2.40835
2.76 4 -4.54537 13.6463 -4.54537
2.76 4.2 1.34089 -2.96584 1.34089
2.76 4.4 17.7208 -4.36704 17.7208
2.76 4.6 23.8252 -3.46067 23.8252
2.76 4.8 24.5796 -3.65252 24.5796
2.76 5 22.9872 -3.83854 22.9872
2.76 5.2 14.6613 -5.4017 14.6613
2.76 5.4 -2.07602 -0.881023 -2.07602
2.76 5.6 -4.03688 17.1496 -4.03688
2.76 5.8 -2.19816 25.0356 -2.19816
2.76 6 -2.50626 26.4203 -2.50626
2.76 6.2 -3.35617 26.1711 -3.35617
2.76 6.4 -4.27535 25.487 -4.27535
2.76 6.6 -5.01015 24.8061 -5.01015
2.76 6.8 -5.3642 24.337 -5.3642
2.76 7 -5.25595 24.0192 -5.25595
2.76 7.2 -4.96017 23.0674 -4.96017
2.76 7.4 -5.50166 18.5166 -5.50166
2.76 7.6 -5.45091 5.507 -5.45091
2.76 7.8 9.83465 -2.84936 9.83465
2.76 8 24.4213 -0.0115197 24.4213
2.76 8.2 28.37 0.657622 28.37
2.76 8.4 28.8176 0.291463 28.8176
2.76 8.6 28.2141 -0.084797 28.2141
2.76 8.8 25.6656 -0.883919 25.6656
2.76 9 15.9367 -3.90254 15.9367
2.76 9.2 -2.50851 -2.29293 -2.50851
2.76 9.4 -4.43559 16.0711 -4.43559
2.76 9.6 1.9078 28.4162 1.9078
2.76 9.8 -22.2236 5.85092 -22.2236
2.88 0 20.7055 -8.45787 20.7055
2.88 0.2 24.1156 -5.03586 24.1156
2.88 0.4 26.1616 -2.9289 26.1616
2.88 0.6 27.3439 -1.54545 27.3439
2.88 0.8 28.0783 -0.314452 28.0783
2.88 1 27.6856 0.603575 27.6856
2.88 1.2 23.1615 0.00802897 23.1615
2.88 1.4 8.72179 -2.04968 8.72179
2.88 1.6 -4.65544 7.25499 -4.65544
2.88 1.8 -4.8988 19.1023 -4.8988
2.88 2 -4.97934 22.833 -4.97934
2.88 2.2 -5.7533 23.3541 -5.7533
2.88 2.4 -6.39378 23.2234 -6.39378
2.88 2.6 -6.557 23.2597 -6.557
2.88 2.8 -6.14004 23.7321 -6.14004
2.88 3 -5.26212 24.5618 -5.26212
2.88 3.2 -4.19841 25.4688 -4.19841
2.88 3.4 -3.17091 26.1367 -3.17091
2.88 3.6 -2.3749 26.0964 -2.3749
2.88 3.8 -2.41446 23.7409 -2.41446
2.88 4 -4.55592 13.5822 -4.55592
2.88 4.2 1.40299 -3.00231 1.40299
2.88 4.4 17.7651 -4.35728 17.7651
2.88 4.6 23.8322 -3.46028 23.8322
2.88 4.8 24.5728 -3.65488 24.5728
2.88 5 22.9521 -3.85039 22.9521
2.88 5.2 14.5357 -5.43421 14.5357
2.88 5.4 -2.18507 -0.767575 -2.18507
2.88 5.6 -4.01284 17.2693 -4.01284
2.88 5.8 -2.1949 25.0681 -2.1949
2.88 6 -2.51186 26.4257 -2.51186
2.88 6.2 -3.36158 26.1702 -3.36158
2.88 6.4 -4.27504 25.488 -4.27504
2.88 6.6 -4.99815 24.8137 -4.99815
2.88 6.8 -5.33616 24.3484 -5.33616
2.88 7 -5.21826 24.0023 -5.21826
2.88 7.2 -4.96749 22.8644 -4.96749
2.88 7.4 -5.71077 17.5109 -5.71077
2.88 7.6 -4.65411 3.51524 -4.65411
2.88 7.8 13.4046 -2.52543 13.4046
2.88 8 26.2137 0.413574 26.2137
2.88 8.2 28.9728 0.616437 28.9728
2.88 8.4 29.103 0.111865 29.103
2.88 8.6 28.652 -0.194104 28.652
2.88 8.8 26.9797 -0.601206 26.9797
2.88 9 19.4811 -2.98473 19.4811
2.88 9.2 0.659571 -3.97491 0.659571
2.88 9.4 -4.81958 13.7052 -4.81958
2.88 9.6 1.73639 27.6276 1.73639
2.88 9.8 -22.2407 5.55897 -22.2407
3 0 20.7488 -8.50368 20.7488
3 0.2 24.1639 -5.07807 24.1639
3 0.4 26.2294 -2.95468 26.2294
3 0.6 27.444 -1.55024 27.444
3 0.8 28.2427 -0.287068 28.2427
3 1 27.9976 0.691285 27.9976
3 1.2 23.8354 0.214252 23.8354
3 1.4 9.70892 -2.01837 9.70892
3 1.6 -4.50139 6.72023 -4.50139
3 1.8 -4.93716 18.8693 -4.93716
3 2 -4.98123 22.7788 -4.98123
3 2.2 -5.74944 23.3413 -5.74944
3 2.4 -6.39042 23.2208 -6.39042
3 2.6 -6.55377 23.2606 -6.55377
3 2.8 -6.13628 23.7347 -6.13628
3 3 -5.25805 24.5651 -5.25805
3 3.2 -4.19458 25.4716 -4.19458
3 3.4 -3.16788 26.1375 -3.16788
3 3.6 -2.37374 26.0923 -2.37374
3 3.8 -2.4189 23.7213 -2.4189
3 4 -4.5637 13.5248 -4.5637
3 4.2 1.46358 -3.03118 1.46358
3 4.4 17.8109 -4.34276 17.8109
3 4.6 23.8447 -3.45379 23.8447
3 4.8 24.5727 -3.6507 24.5727
3 5 22.9256 -3.8549 22.9256
3 5.2 14.4243 -5.45774 14.4243
3 5.4 -2.28021 -0.655796 -2.28021
3 5.6 -3.98823 17.3807 -3.98823
3 5.8 -2.19043 25.0985 -2.19043
3 6 -2.51518 26.4321 -2.51518
3 6.2 -3.36492 26.1711 -3.36492
3 6.4 -4.27456 25.4899 -4.27456
3 6.6 -4.99041 24.8201 -4.99041
3 6.8 -5.31921 24.3581 -5.31921
3 7 -5.19623 23.9992 -5.19623
3 7.2 -4.96996 22.7679 -4.96996
3 7.4 -5.81447 17.0088 -5.81447
3 7.6 -4.14881 2.63887 -4.14881
3 7.8 14.9912 -2.31783 14.9912
3 8 26.8775 0.538985 26.8775
3 8.2 29.1549 0.547003 29.1549
3 8.4 29.1626 -0.0111342 29.1626
3 8.6 28.7757 -0.28606 28.7757
3 8.8 27.4707 -0.523054 27.4707
3 9 21.0642 -2.51999 21.0642
3 9.2 2.63229 -4.49191 2.63229
3 9.4 -4.96082 12.3871 -4.96082
3 9.6 1.62948 27.1497 1.62948
3 9.8 -22.2571 5.37932 -22.2571
3.12 0 20.7799 -8.27402 20.7799
3.12 0.2 24.1641 -4.8819 24.1641
3.12 0.4 26.1945 -2.79216 26.1945
3.12 0.6 27.3372 -1.44102 27.3372
3.12 0.8 27.9951 -0.260316 27.9951
3.12 1 27.4481 0.57544 27.4481
3.12 1.2 22.6146 -0.140501 22.6146
3.12 1.4 8.00025 -2.04895 8.00025
3.12 1.6 -4.74435 7.64658 -4.74435
3.12 1.8 -4.87334 19.2627 -4.87334
3.12 2 -4.98923 22.8587 -4.98923
3.12 2.2 -5.77017 23.348 -5.77017
3.12 2.4 -6.40665 23.214 -6.40665
3.12 2.6 -6.56189 23.2557 -6.56189
3.12 2.8 -6.13688 23.7352 -6.13688
3.12 3 -5.25446 24.5687 -5.25446
3.12 3.2 -4.18981 25.4755 -4.18981
3.12 3.4 -3.16365 26.1395 -3.16365
3.12 3.6 -2.37142 26.0893 -2.37142
3.12 3.8 -2.42194 23.7038 -2.42194
3.12 4 -4.56992 13.473 -4.56992
3.12 4.2 1.51771 -3.05749 1.51771
3.12 4.4 17.85 -4.33195 17.85
3.12 4.6 23.8535 -3.45077 23.8535
3.12 4.8 24.5701 -3.64979 24.5701
3.12 5 22.8988 -3.86157 22.8988
3.12 5.2 14.3202 -5.48021 14.3202
3.12 5.4 -2.36494 -0.551076 -2.36494
3.12 5.6 -3.96405 17.4823 -3.96405
3.12 5.8 -2.18485 25.1264 -2.18485
3.12 6 -2.51651 26.4389 -2.51651
3.12 6.2 -3.36694 26.173 -3.36694
3.12 6.4 -4.27528 25.4917 -4.27528
3.12 6.6 -4.98886 24.824 -4.98886
3.12 6.8 -5.31529 24.3657 -5.31529
3.12 7 -5.19032 24.0136 -5.19032
3.12 7.2 -4.95934 22.8039 -4.95934
3.12 7.4 -5.79686 17.112 -5.79686
3.12 7.6 -4.26552 2.7541 -4.26552
3.12 7.8 14.7531 -2.39072 14.7531
3.12 8 26.7935 0.498176 26.7935
3.12 8.2 29.1391 0.540275 29.1391
3.12 8.4 29.1709 -0.00260015 29.1709
3.12 8.6 28.7977 -0.267096 28.7977
3.12 8.8 27.5074 -0.494978 27.5074
3.12 9 21.142 -2.47421 21.142
3.12 9.2 2.74148 -4.47829 2.74148
3.12 9.4 -4.95403 12.3302 -4.95403
3.12 9.6 1.62405 27.1178 1.62405
3.12 9.8 -22.262 5.35995 -22.262
3.24 0 20.4429 -8.00259 20.4429
3.24 0.2 23.8645 -4.57998 23.8645
3.24 0.4 25.805 -2.57058 25.805
3.24 0.6 26.7601 -1.34485 26.7601
3.24 0.8 27.0219 -0.374467 27.0219
3.24 1 25.6036 0.082377 25.6036
3.24 1.2 19.0191 -1.1353 19.0191
3.24 1.4 3.93445 -1.63263 3.93445
3.24 1.6 -5.08995 10.0143 -5.08995
3.24 1.8 -4.73444 20.1589 -4.73444
3.24 2 -5.01233 23.0432 -5.01233
3.24 2.2 -5.81777 23.3667 -5.81777
3.24 2.4 -6.44391 23.1997 -6.44391
3.24 2.6 -6.58309 23.2424 -6.58309
3.24 2.8 -6.14395 23.7305 -6.14395
3.24 3 -5.25342 24.57 -5.25342
3.24 3.2 -4.18588 25.4784 -4.18588
3.24 3.4 -3.15977 26.1409 -3.15977
3.24 3.6 -2.36933 26.086 -2.36933
3.24 3.8 -2.42483 23.6871 -2.42483
3.24 4 -4.57515 13.4257 -4.57515
3.24 4.2 1.56711 -3.08067 1.56711
3.24 4.4 17.8843 -4.32306 17.8843
3.24 4.6 23.8599 -3.44957 23.8599
3.24 4.8 24.5661 -3.65057 24.5661
3.24 5 22.8732 -3.86866 22.8732
3.24 5.2 14.2263 -5.49984 14.2263
3.24 5.4 -2.43804 -0.454645 -2.43804
3.24 5.6 -3.94158 17.5722 -3.94158
3.24 5.8 -2.17951 25.1506 -2.17951
3.24 6 -2.51724 26.4448 -2.51724
3.24 6.2 -3.3692 26.1741 -3.3692
3.24 6.4 -4.2791 25.4908 -4.2791
3.24 6.6 -4.99574 24.8223 -4.99574
3.24 6.8 -5.32686 24.3676 -5.32686
3.24 7 -5.20325 24.0413 -5.20325
3.24 7.2 -4.93957 22.9637 -4.93957
3.24 7.4 -5.65989 17.7996 -5.65989
3.24 7.6 -4.9431 3.88263 -4.9431
3.24 7.8 12.6783 -2.72624 12.6783
3.24 8 25.9321 0.275764 25.9321
3.24 8.2 28.9139 0.587543 28.9139
3.24 8.4 29.1225 0.131351 29.1225
3.24 8.6 28.7162 -0.141951 28.7162
3.24 8.8 27.0966 -0.51735 27.0966
3.24 9 19.7366 -2.84456 19.7366
3.24 9.2 0.969298 -3.96733 0.969298
3.24 9.4 -4.81014 13.5352 -4.81014
3.24 9.6 1.7198 27.5368 1.7198
3.24 9.8 -22.2558 5.50244 -22.2558
3.36 0 18.9081 -8.10088 18.9081
3.36 0.2 22.4817 -4.53783 22.4817
3.36 0.4 24.2728 -2.64822 24.2728
3.36 0.6 24.8714 -1.62712 24.8714
3.36 0.8 24.3299 -1.02937 24.3299
3.36 1 21.2351 -1.18311 21.2351
3.36 1.2 12.2432 -2.53013 12.2432
3.36 1.4 -1.0374 0.61935 -1.0374
3.36 1.6 -5.10406 13.5204 -5.10406
3.36 1.8 -4.58278 21.2929 -4.58278
3.36 2 -5.06352 23.275 -5.06352
3.36 2.2 -5.89169 23.3861 -5.89169
3.36 2.4 -6.49962 23.1763 -6.49962
3.36 2.6 -6.61448 23.2214 -6.61448
3.36 2.8 -6.15486 23.7218 -6.15486
3.36 3 -5.25219 24.5704 -5.25219
3.36 3.2 -4.18018 25.4817 -4.18018
3.36 3.4 -3.15398 26.1429 -3.15398
3.36 3.6 -2.36577 26.0832 -2.36577
3.36 3.8 -2.4266 23.6713 -2.4266
3.36 4 -4.57925 13.3822 -4.57925
3.36 4.2 1.61282 -3.10029 1.61282
3.36 4.4 17.9165 -4.3131 17.9165
3.36 4.6 23.8679 -3.44568 23.8679
3.36 4.8 24.5651 -3.64802 24.5651
3.36 5 22.853 -3.87164 22.853
3.36 5.2 14.1456 -5.51389 14.1456
3.36 5.4 -2.49889 -0.367347 -2.49889
3.36 5.6 -3.92054 17.6497 -3.92054
3.36 5.8 -2.17342 25.1711 -2.17342
3.36 6 -2.5158 26.4505 -2.5158
3.36 6.2 -3.36945 26.1756 -3.36945
3.36 6.4 -4.28322 25.4889 -4.28322
3.36 6.6 -5.00797 24.8165 -5.00797
3.36 6.8 -5.3512 24.3639 -5.3512
3.36 7 -5.23444 24.0761 -5.23444
3.36 7.2 -4.9216 23.2107 -4.9216
3.36 7.4 -5.42396 18.9345 -5.42396
3.36 7.6 -5.76445 6.15706 -5.76445
3.36 7.8 8.63056 -3.09519 8.63056
3.36 8 23.8425 -0.298018 23.8425
3.36 8.2 28.2227 0.570903 28.2227
3.36 8.4 28.8277 0.297368 28.8277
3.36 8.6 28.3146 -0.0176992 28.3146
3.36 8.8 25.8875 -0.748573 25.8875
3.36 9 16.4265 -3.67815 16.4265
3.36 9.2 -2.08638 -2.39962 -2.08638
3.36 9.4 -4.44441 15.8011 -4.44441
3.36 9.6 1.88224 28.2821 1.88224
3.36 9.8 -22.2502 5.76175 -22.2502
3.48 0 14.6353 -8.99961 14.6353
3.48 0.2 18.2253 -5.43585 18.2253
3.48 0.4 19.7986 -3.68787 19.7986
3.48 0.6 19.7928 -2.9361 19.7928
3.48 0.8 17.9414 -2.76616 17.9414
3.48 1 12.7286 -3.15107 12.7286
3.48 1.2 3.12372 -2.3662 3.12372
3.48 1.4 -4.37416 5.92887 -4.37416
3.48 1.6 -4.73412 17.3367 -4.73412
3.48 1.8 -4.49143 22.3785 -4.49143
3.48 2 -5.15239 23.4948 -5.15239
3.48 2.2 -5.98806 23.3971 -5.98806
3.48 2.4 -6.56748 23.1464 -6.56748
3.48 2.6 -6.64957 23.1982 -6.64957
3.48 2.8 -6.16379 23.715 -6.16379
3.48 3 -5.24616 24.5748 -5.24616
3.48 3.2 -4.16914 25.4894 -4.16914
3.48 3.4 -3.14364 26.1485 -3.14364
3.48 3.6 -2.3588 26.083 -2.3588
3.48 3.8 -2.42587 23.6581 -2.42587
3.48 4 -4.58181 13.3432 -4.58181
3.48 4.2 1.65338 -3.11807 1.65338
3.48 4.4 17.944 -4.30516 17.944
3.48 4.6 23.8739 -3.44316 23.8739
3.48 4.8 24.5635 -3.64635 24.5635
3.48 5 22.8346 -3.87453 22.8346
3.48 5.2 14.0758 -5.52533 14.0758
3.48 5.4 -2.54893 -0.290761 -2.54893
3.48 5.6 -3.90027 17.7161 -3.90027
3.48 5.8 -2.1651 25.1898 -2.1651
3.48 6 -2.51022 26.4582 -2.51022
3.48 6.2 -3.36481 26.1807 -3.36481
3.48 6.4 -4.28354 25.4902 -4.28354
3.48 6.6 -5.02023 24.8117 -5.02023
3.48 6.8 -5.38242 24.3585 -5.38242
3.48 7 -5.28077 24.1128 -5.28077
3.48 7.2 -4.91956 23.4941 -4.91956
3.48 7.4 -5.13916 20.2931 -5.13916
3.48 7.6 -6.20005 9.57232 -6.20005
3.48 7.8 2.9532 -2.70179 2.9532
3.48 8 19.5739 -1.49422 19.5739
3.48 8.2 26.3772 0.18756 26.3772
3.48 8.4 27.7564 0.244654 27.7564
3.48 8.6 26.9943 -0.17665 26.9943
3.48 8.8 23.0038 -1.54063 23.0038
3.48 9 10.6174 -4.75888 10.6174
3.48 9.2 -5.05902 1.11895 -5.05902
3.48 9.4 -3.84379 18.667 -3.84379
3.48 9.6 2.05275 29.1548 2.05275
3.48 9.8 -22.2637 6.06655 -22.2637
3.6 0 5.25615 -10.7173 5.25615
3.6 0.2 8.76337 -7.25666 8.76337
3.6 0.4 10.0881 -5.6095 10.0881
3.6 0.6 9.48173 -4.89719 9.48173
3.6 0.8 6.73641 -4.34065 6.73641
3.6 1 1.59317 -2.72691 1.59317
3.6 1.2 -3.71491 2.85754 -3.71491
3.6 1.4 -5.00255 12.9777 -5.00255
3.6 1.6 -4.31897 20.5095 -4.31897
3.6 1.8 -4.50917 23.2224 -4.50917
3.6 2 -5.28575 23.6561 -5.28575
3.6 2.2 -6.10773 23.3868 -6.10773
3.6 2.4 -6.64836 23.106 -6.64836
3.6 2.6 -6.6903 23.1709 -6.6903
3.6 2.8 -6.17393 23.7078 -6.17393
3.6 3 -5.23968 24.5803 -5.23968
3.6 3.2 -4.15759 25.4982 -4.15759
3.6 3.4 -3.13325 26.1547 -3.13325
3.6 3.6 -2.35198 26.0833 -2.35198
3.6 3.8 -2.42475 23.6465 -2.42475
3.6 4 -4.58268 13.3095 -4.58268
3.6 4.2 1.69211 -3.13095 1.69211
3.6 4.4 17.9713 -4.29517 17.9713
3.6 4.6 23.8819 -3.43849 23.8819
3.6 4.8 24.5647 -3.6425 24.5647
3.6 5 22.8221 -3.8739 22.8221
3.6 5.2 14.0207 -5.53064 14.0207
3.6 5.4 -2.58634 -0.222543 -2.58634
3.6 5.6 -3.88135 17.7719 -3.88135
3.6 5.8 -2.157 25.2056 -2.157
3.6 6 -2.50435 26.4655 -2.50435
3.6 6.2 -3.35989 26.1862 -3.35989
3.6 6.4 -4.28463 25.4915 -4.28463
3.6 6.6 -5.03615 24.8048 -5.03615
3.6 6.8 -5.42295 24.3475 -5.42295
3.6 7 -5.34575 24.1396 -5.34575
3.6 7.2 -4.95202 23.7577 -4.95202
3.6 7.4 -4.88488 21.6199 -4.88488
3.6 7.6 -6.00132 13.6865 -6.00132
3.6 7.8 -2.62477 -0.00903956 -2.62477
3.6 8 12.0815 -3.14685 12.0815
3.6 8.2 21.9422 -1.08269 21.9422
3.6 8.4 24.6822 -0.54015 24.6822
3.6 8.6 23.4297 -1.15449 23.4297
3.6 8.8 16.9733 -3.23426 16.9733
3.6 9 2.70862 -4.71574 2.70862
3.6 9.2 -6.44665 6.83344 -6.44665
3.6 9.4 -3.17862 21.4883 -3.17862
3.6 9.6 2.16911 29.9613 2.16911
3.6 9.8 -22.3162 6.34399 -22.3162
3.72 0 -6.50114 -8.58395 -6.50114
3.72 0.2 -3.15369 -5.29677 -3.15369
3.72 0.4 -1.86892 -3.57191 -1.86892
3.72 0.6 -2.15254 -2.23355 -2.15254
3.72 0.8 -3.48249 0.0821242 -3.48249
3.72 1 -4.963 4.69072 -4.963
3.72 1.2 -5.2174 11.8575 -5.2174
3.72 1.4 -4.39873 18.8284 -4.39873
3.72 1.6 -4.12605 22.6162 -4.12605
3.72 1.8 -4.63516 23.77 -4.63516
3.72 2 -5.45615 23.7415 -5.45615
3.72 2.2 -6.2451 23.351 -6.2451
3.72 2.4 -6.73888 23.0549 -6.73888
3.72 2.6 -6.73566 23.1393 -6.73566
3.72 2.8 -6.18611 23.6993 -6.18611
3.72 3 -5.23451 24.5849 -5.23451
3.72 3.2 -4.14736 25.506 -4.14736
3.72 3.4 -3.12398 26.1601 -3.12398
3.72 3.6 -2.34579 26.0835 -2.34579
3.72 3.8 -2.42344 23.6363 -2.42344
3.72 4 -4.58328 13.2802 -4.58328
3.72 4.2 1.72414 -3.14345 1.72414
3.72 4.4 17.9919 -4.29001 17.9919
3.72 4.6 23.885 -3.43881 23.885
3.72 4.8 24.562 -3.64355 24.562
3.72 5 22.8085 -3.87693 22.8085
3.72 5.2 13.9733 -5.53675 13.9733
3.72 5.4 -2.61585 -0.165845 -2.61585
3.72 5.6 -3.86442 17.8175 -3.86442
3.72 5.8 -2.14899 25.2188 -2.14899
3.72 6 -2.49846 26.4719 -2.49846
3.72 6.2 -3.35569 26.1908 -3.35569
3.72 6.4 -4.28773 25.4911 -4.28773
3.72 6.6 -5.05647 24.7943 -5.05647
3.72 6.8 -5.4721 24.3292 -5.4721
3.72 7 -5.42787 24.149 -5.42787
3.72 7.2 -5.02592 23.9628 -5.02592
3.72 7.4 -4.73149 22.7146 -4.73149
3.72 7.6 -5.40337 17.6493 -5.40337
3.72 7.8 -5.71025 5.80177 -5.71025
3.72 8 2.33351 -3.1559 2.33351
3.72 8.2 13.0738 -3.30505 13.0738
3.72 8.4 17.414 -2.62951 17.414
3.72 8.6 15.5097 -3.355 15.5097
3.72 8.8 7.0165 -4.84383 7.0165
3.72 9 -4.16153 -0.694128 -4.16153
3.72 9.2 -6.04461 13.4072 -6.04461
3.72 9.4 -2.67141 23.7416 -2.67141
3.72 9.6 2.20017 30.5855 2.20017
3.72 9.8 -22.4164 6.54664 -22.4164
3.84 0 -11.0297 2.04286 -11.0297
3.84 0.2 -7.84934 5.17683 -7.84934
3.84 0.4 -6.43331 6.91818 -6.43331
3.84 0.6 -6.00999 8.41316 -6.00999
3.84 0.8 -5.72502 10.9214 -5.72502
3.84 1 -5.14409 14.7862 -5.14409
3.84 1.2 -4.37471 19.0906 -4.37471
3.84 1.4 -3.94698 22.3076 -3.94698
3.84 1.6 -4.17438 23.7899 -4.17438
3.84 1.8 -4.83484 24.0628 -4.83484
3.84 2 -5.64773 23.7566 -5.64773
3.84 2.2 -6.39114 23.2918 -6.39114
3.84 2.4 -6.83366 22.995 -6.83366
3.84 2.6 -6.78346 23.1039 -6.78346
3.84 2.8 -6.20029 23.6881 -6.20029
3.84 3 -5.2316 24.587 -5.2316
3.84 3.2 -4.13961 25.5111 -4.13961
3.84 3.4 -3.11705 26.1632 -3.11705
3.84 3.6 -2.34172 26.082 -2.34172
3.84 3.8 -2.42381 23.6259 -2.42381
3.84 4 -4.58547 13.2537 -4.58547
3.84 4.2 1.7504 -3.15452 1.7504
3.84 4.4 18.0096 -4.28471 18.0096
3.84 4.6 23.8889 -3.43719 23.8889
3.84 4.8 24.5615 -3.64199 24.5615
3.84 5 22.7991 -3.87684 22.7991
3.84 5.2 13.9366 -5.53951 13.9366
3.84 5.4 -2.6386 -0.120355 -2.6386
3.84 5.6 -3.85168 17.8517 -3.85168
3.84 5.8 -2.14302 25.2278 -2.14302
3.84 6 -2.49382 26.4761 -2.49382
3.84 6.2 -3.35299 26.1933 -3.35299
3.84 6.4 -4.29307 25.4877 -4.29307
3.84 6.6 -5.08052 24.7791 -5.08052
3.84 6.8 -5.52755 24.3023 -5.52755
3.84 7 -5.52256 24.1378 -5.52256
3.84 7.2 -5.13668 24.0935 -5.13668
3.84 7.4 -4.70666 23.4875 -4.70666
3.84 7.6 -4.84399 20.7122 -4.84399
3.84 7.8 -5.95562 12.9323 -5.95562
3.84 8 -4.71948 2.07962 -4.71948
3.84 8.2 1.30519 -3.29728 1.30519
3.84 8.4 5.32852 -4.27073 5.32852
3.84 8.6 3.41025 -4.39824 3.41025
3.84 8.8 -2.92902 -1.95912 -2.92902
3.84 9 -6.45642 7.79155 -6.45642
3.84 9.2 -5.01042 18.8265 -5.01042
3.84 9.4 -2.42049 25.2489 -2.42049
3.84 9.6 2.14345 30.9937 2.14345
3.84 9.8 -22.5582 6.65994 -22.5582
3.96 0 -9.49816 12.9072 -9.49816
3.96 0.2 -6.3981 15.9846 -6.3981
3.96 0.4 -5.01386 17.5173 -5.01386
3.96 0.6 -4.60673 18.3725 -4.60673
3.96 0.8 -4.34038 19.5584 -4.34038
3.96 1 -3.9946 21.24 -3.9946
3.96 1.2 -3.7744 22.9023 -3.7744
3.96 1.4 -3.88228 23.9993 -3.88228
3.96 1.6 -4.35729 24.3586 -4.35729
3.96 1.8 -5.05564 24.1858 -5.05564
3.96 2 -5.83394 23.7272 -5.83394
3.96 2.2 -6.52816 23.2238 -6.52816
3.96 2.4 -6.91982 22.937 -6.91982
3.96 2.6 -6.82418 23.073 -6.82418
3.96 2.8 -6.20888 23.6813 -6.20888
3.96 3 -5.22385 24.5931 -5.22385
3.96 3.2 -4.12718 25.5204 -4.12718
3.96 3.4 -3.10535 26.1709 -3.10535
3.96 3.6 -2.33285 26.0857 -2.33285
3.96 3.8 -2.41942 23.6217 -2.41942
3.96 4 -4.58416 13.2351 -4.58416
3.96 4.2 1.77214 -3.16261 1.77214
3.96 4.4 18.0237 -4.28061 18.0237
3.96 4.6 23.8923 -3.43561 23.8923
3.96 4.8 24.5619 -3.63983 24.5619
3.96 5 22.7926 -3.87566 22.7926
3.96 5.2 13.909 -5.54006 13.909
3.96 5.4 -2.65325 -0.0825592 -2.65325
3.96 5.6 -3.83771 17.8808 -3.83771
3.96 5.8 -2.13323 25.2387 -2.13323
3.96 6 -2.48427 26.4843 -2.48427
3.96 6.2 -3.34505 26.2001 -3.34505
3.96 6.4 -4.29304 25.4885 -4.29304
3.96 6.6 -5.09934 24.7671 -5.09934
3.96 6.8 -5.57833 24.2756 -5.57833
3.96 7 -5.61546 24.1156 -5.61546
3.96 7.2 -5.26334 24.1617 -5.26334
3.96 7.4 -4.78191 23.9637 -4.78191
3.96 7.6 -4.55587 22.6673 -4.55587
3.96 7.8 -5.13663 18.6243 -5.13663
3.96 8 -6.16401 11.0798 -6.16401
3.96 8.2 -5.69416 3.85495 -5.69416
3.96 8.4 -4.58305 0.723495 -4.58305
3.96 8.6 -5.30263 1.74847 -5.30263
3.96 8.8 -6.47381 7.47112 -6.47381
3.96 9 -5.57521 16.1701 -5.57521
3.96 9.2 -4.30293 22.2098 -4.30293
3.96 9.4 -2.38285 26.1204 -2.38285
3.96 9.6 2.02899 31.221 2.02899
3.96 9.8 -22.7229 6.69704 -22.7229
4.08 0 -8.04793 18.5372 -8.04793
4.08 0.2 -4.96738 21.6092 -4.96738
4.08 0.4 -3.66082 22.9705 -3.66082
4.08 0.6 -3.43353 23.3527 -3.43353
4.08 0.8 -3.46849 23.6512 -3.46849
4.08 1 -3.51895 24.1082 -3.51895
4.08 1.2 -3.67965 24.5306 -3.67965
4.08 1.4 -4.02428 24.7229 -4.02428
4.08 1.6 -4.57497 24.5952 -4.57497
4.08 1.8 -5.25974 24.212 -5.25974
4.08 2 -5.99764 23.6759 -5.99764
4.08 2.2 -6.64674 23.1569 -6.64674
4.08 2.4 -6.99275 22.886 -6.99275
4.08 2.6 -6.85709 23.0482 -6.85709
4.08 2.8 -6.21409 23.678 -6.21409
4.08 3 -5.21565 24.6004 -5.21565
4.08 3.2 -4.11585 25.5297 -4.11585
4.08 3.4 -3.09551 26.178 -3.09551
4.08 3.6 -2.32593 26.0891 -2.32593
4.08 3.8 -2.41633 23.6187 -2.41633
4.08 4 -4.58338 13.2211 -4.58338
4.08 4.2 1.78983 -3.1679 1.78983
4.08 4.4 18.0372 -4.27525 18.0372
4.08 4.6 23.8983 -3.43167 23.8983
4.08 4.8 24.566 -3.63508 24.566
4.08 5 22.7914 -3.87135 22.7914
4.08 5.2 13.892 -5.5369 13.892
4.08 5.4 -2.66164 -0.0525968 -2.66164
4.08 5.6 -3.82678 17.9019 -3.82678
4.08 5.8 -2.12569 25.2466 -2.12569
4.08 6 -2.4764 26.4911 -2.4764
4.08 6.2 -3.33797 26.2065 -3.33797
4.08 6.4 -4.29222 25.4904 -4.29222
4.08 6.6 -5.11487 24.7575 -5.11487
4.08 6.8 -5.62316 24.2507 -5.62316
4.08 7 -5.70122 24.0865 -5.70122
4.08 7.2 -5.39135 24.1821 -5.39135
4.08 7.4 -4.91342 24.2162 -4.91342
4.08 7.6 -4.5188 23.7356 -4.5188
4.08 7.8 -4.55821 21.9625 -4.55821
4.08 8 -5.22023 18.2813 -5.22023
4.08 8.2 -6.01031 13.8051 -6.01031
4.08 8.4 -6.34572 11.2894 -6.34572
4.08 8.6 -6.24484 12.4377 -6.24484
4.08 8.8 -5.54414 16.6691 -5.54414
4.08 9 -4.54658 21.253 -4.54658
4.08 9.2 -4.0531 23.9484 -4.0531
4.08 9.4 -2.473 26.5562 -2.473
4.08 9.6 1.88517 31.3166 1.88517
4.08 9.8 -22.8911 6.68027 -22.8911
4.2 0 -7.59819 20.6915 -7.59819
4.2 0.2 -4.51665 23.771 -4.51665
4.2 0.4 -3.24828 25.0588 -3.24828
4.2 0.6 -3.10679 25.251 -3.10679
4.2 0.8 -3.27988 25.2016 -3.27988
4.2 1 -3.49308 25.1936 -3.49308
4.2 1.2 -3.78904 25.154 -3.78904
4.2 1.4 -4.20181 25.0022 -4.20181
4.2 1.6 -4.759 24.6754 -4.759
4.2 1.8 -5.41913 24.1967 -5.41913
4.2 2 -6.12446 23.623 -6.12446
4.2 2.2 -6.73958 23.0997 -6.73958
4.2 2.4 -7.05116 22.8437 -7.05116
4.2 2.6 -6.88547 23.0265 -6.88547
4.2 2.8 -6.22207 23.6724 -6.22207
4.2 3 -5.21422 24.6023 -5.21422
4.2 3.2 -4.11246 25.5326 -4.11246
4.2 3.4 -3.09298 26.1795 -3.09298
4.2 3.6 -2.32472 26.0884 -2.32472
4.2 3.8 -2.41679 23.6145 -2.41679
4.2 4 -4.58436 13.2101 -4.58436
4.2 4.2 1.80206 -3.17215 1.80206
4.2 4.4 18.0468 -4.27199 18.0468
4.2 4.6 23.9015 -3.43011 23.9015
4.2 4.8 24.5676 -3.63303 24.5676
4.2 5 22.7901 -3.86882 22.7901
4.2 5.2 13.8809 -5.53379 13.8809
4.2 5.4 -2.6663 -0.0310369 -2.6663
4.2 5.6 -3.82016 17.915 -3.82016
4.2 5.8 -2.12297 25.2493 -2.12297
4.2 6 -2.47447 26.4924 -2.47447
4.2 6.2 -3.33755 26.207 -3.33755
4.2 6.4 -4.29731 25.487 -4.29731
4.2 6.6 -5.13302 24.7448 -5.13302
4.2 6.8 -5.66507 24.2246 -5.66507
4.2 7 -5.77767 24.0525 -5.77767
4.2 7.2 -5.50765 24.1712 -5.50765
4.2 7.4 -5.05602 24.3256 -5.05602
4.2 7.6 -4.61096 24.2482 -4.61096
4.2 7.8 -4.38552 23.5726 -4.38552
4.2 8 -4.51363 22.0583 -4.51363
4.2 8.2 -4.86901 20.1228 -4.86901
4.2 8.4 -5.10127 18.9969 -5.10127
4.2 8.6 -4.94784 19.6609 -4.94784
4.2 8.8 -4.50941 21.6492 -4.50941
4.2 9 -4.13494 23.6037 -4.13494
4.2 9.2 -4.0609 24.729 -4.0609
4.2 9.4 -2.60689 26.7397 -2.60689
4.2 9.6 1.74488 31.3349 1.74488
4.2 9.8 -23.0415 6.63594 -23.0415
4.32 0 -7.54915 21.3968 -7.54915
4.32 0.2 -4.46226 24.4848 -4.46226
4.32 0.4 -3.20422 25.751 -3.20422
4.32 0.6 -3.08961 25.8834 -3.08961
4.32 0.8 -3.30462 25.7235 -3.30462
4.32 1 -3.56354 25.5666 -3.56354
4.32 1.2 -3.89301 25.375 -3.89301
4.32 1.4 -4.3161 25.104 -4.3161
4.32 1.6 -4.86453 24.702 -4.86453
4.32 1.8 -5.50732 24.1834 -5.50732
4.32 2 -6.19304 23.5935 -6.19304
4.32 2.2 -6.78866 23.0694 -6.78866
4.32 2.4 -7.08108 22.8221 -7.08108
4.32 2.6 -6.89916 23.0161 -6.89916
4.32 2.8 -6.2254 23.67 -6.2254
4.32 3 -5.21346 24.6029 -5.21346
4.32 3.2 -4.11127 25.533 -4.11127
4.32 3.4 -3.09247 26.1788 -3.09247
4.32 3.6 -2.32518 26.0866 -2.32518
4.32 3.8 -2.4187 23.6104 -2.4187
4.32 4 -4.58764 13.2014 -4.58764
4.32 4.2 1.80594 -3.17829 1.80594
4.32 4.4 18.0495 -4.27317 18.0495
4.32 4.6 23.9005 -3.43155 23.9005
4.32 4.8 24.5659 -3.63336 24.5659
4.32 5 22.7866 -3.86877 22.7866
4.32 5.2 13.8714 -5.53353 13.8714
4.32 5.4 -2.67082 -0.0192408 -2.67082
4.32 5.6 -3.81728 17.921 -3.81728
4.32 5.8 -2.12209 25.2491 -2.12209
4.32 6 -2.47365 26.4918 -2.47365
4.32 6.2 -3.33765 26.206 -3.33765
4.32 6.4 -4.30147 25.483 -4.30147
4.32 6.6 -5.14619 24.7345 -5.14619
4.32 6.8 -5.69422 24.2051 -5.69422
4.32 7 -5.83063 24.026 -5.83063
4.32 7.2 -5.5898 24.1537 -5.5898
4.32 7.4 -5.1648 24.3639 -5.1648
4.32 7.6 -4.71792 24.466 -4.71792
4.32 7.8 -4.40235 24.2505 -4.40235
4.32 8 -4.29152 23.6356 -4.29152
4.32 8.2 -4.32243 22.852 -4.32243
4.32 8.4 -4.35914 22.4255 -4.35914
4.32 8.6 -4.27536 22.777 -4.27536
4.32 8.8 -4.13455 23.67 -4.13455
4.32 9 -4.06448 24.536 -4.06448
4.32 9.2 -4.13878 25.041 -4.13878
4.32 9.4 -2.71583 26.8045 -2.71583
4.32 9.6 1.64558 31.3281 1.64558
4.32 9.8 -23.148 6.59377 -23.148
4.44 0 -7.53425 21.5486 -7.53425
4.44 0.2 -4.45164 24.635 -4.45164
4.44 0.4 -3.19555 25.898 -3.19555
4.44 0.6 -3.08559 26.0193 -3.08559
4.44 0.8 -3.3076 25.8384 -3.3076
4.44 1 -3.57349 25.6529 -3.57349
4.44 1.2 -3.90717 25.4319 -3.90717
4.44 1.4 -4.33001 25.1376 -4.33001
4.44 1.6 -4.87556 24.7199 -4.87556
4.44 1.8 -5.51459 24.1923 -5.51459
4.44 2 -6.19631 23.5984 -6.19631
4.44 2.2 -6.78918 23.0726 -6.78918
4.44 2.4 -7.08004 22.8246 -7.08004
4.44 2.6 -6.89743 23.0184 -6.89743
4.44 2.8 -6.22361 23.6719 -6.22361
4.44 3 -5.21189 24.6042 -5.21189
4.44 3.2 -4.10973 25.5341 -4.10973
4.44 3.4 -3.09103 26.18 -3.09103
4.44 3.6 -2.32432 26.0874 -2.32432
4.44 3.8 -2.41883 23.6103 -2.41883
4.44 4 -4.58946 13.1986 -4.58946
4.44 4.2 1.80686 -3.18168 1.80686
4.44 4.4 18.0515 -4.27315 18.0515
4.44 4.6 23.9016 -3.43029 23.9016
4.44 4.8 24.5675 -3.63052 24.5675
4.44 5 22.7873 -3.86544 22.7873
4.44 5.2 13.8685 -5.53083 13.8685
4.44 5.4 -2.67178 -0.0119796 -2.67178
4.44 5.6 -3.81502 17.9243 -3.81502
4.44 5.8 -2.12076 25.2495 -2.12076
4.44 6 -2.47205 26.4924 -2.47205
4.44 6.2 -3.33626 26.2065 -3.33626
4.44 6.4 -4.30252 25.4816 -4.30252
4.44 6.6 -5.15241 24.7292 -5.15241
4.44 6.8 -5.70821 24.1952 -5.70821
4.44 7 -5.85527 24.0131 -5.85527
4.44 7.2 -5.62747 24.1441 -5.62747
4.44 7.4 -5.21577 24.3746 -5.21577
4.44 7.6 -4.77444 24.538 -4.77444
4.44 7.8 -4.43769 24.4708 -4.43769
4.44 8 -4.25877 24.1321 -4.25877
4.44 8.2 -4.18745 23.6963 -4.18745
4.44 8.4 -4.15812 23.4777 -4.15812
4.44 8.6 -4.10277 23.7217 -4.10277
4.44 8.8 -4.05932 24.2776 -4.05932
4.44 9 -4.07482 24.8197 -4.07482
4.44 9.2 -4.18536 25.1371 -4.18536
4.44 9.4 -2.76622 26.8219 -2.76622
4.44 9.6 1.60094 31.3212 1.60094
4.44 9.8 -23.1924 6.57627 -23.1924
4.56 0 -7.50374 21.3029 -7.50374
4.56 0.2 -4.41227 24.4042 -4.41227
4.56 0.4 -3.15186 25.6782 -3.15186
4.56 0.6 -3.0326 25.8197 -3.0326
4.56 0.8 -3.24109 25.6744 -3.24109
4.56 1 -3.49251 25.5392 -3.49251
4.56 1.2 -3.81636 25.3729 -3.81636
4.56 1.4 -4.23819 25.1247 -4.23819
4.56 1.6 -4.78999 24.7386 -4.78999
4.56 1.8 -5.43918 24.2286 -5.43918
4.56 2 -6.1332 23.6407 -6.1332
4.56 2.2 -6.74008 23.1117 -6.74008
4.56 2.4 -7.04674 22.8538 -7.04674
4.56 2.6 -6.87909 23.0357 -6.87909
4.56 2.8 -6.21599 23.6799 -6.21599
4.56 3 -5.20973 24.6074 -5.20973
4.56 3.2 -4.10952 25.5358 -4.10952
4.56 3.4 -3.09159 26.1812 -3.09159
4.56 3.6 -2.32524 26.0886 -2.32524
4.56 3.8 -2.41973 23.6123 -2.41973
4.56 4 -4.59165 13.2 -4.59165
4.56 4.2 1.80421 -3.18379 1.80421
4.56 4.4 18.0529 -4.27333 18.0529
4.56 4.6 23.9041 -3.42881 23.9041
4.56 4.8 24.5705 -3.62796 24.5705
4.56 5 22.7907 -3.86182 22.7907
4.56 5.2 13.8705 -5.52756 13.8705
4.56 5.4 -2.67095 -0.00909352 -2.67095
4.56 5.6 -3.81462 17.9251 -3.81462
4.56 5.8 -2.12105 25.2493 -2.12105
4.56 6 -2.47244 26.4923 -2.47244
4.56 6.2 -3.33606 26.2073 -3.33606
4.56 6.4 -4.30166 25.483 -4.30166
4.56 6.6 -5.15107 24.7309 -5.15107
4.56 6.8 -5.70532 24.1981 -5.70532
4.56 7 -5.84919 24.0177 -5.84919
4.56 7.2 -5.61677 24.1495 -5.61677
4.56 7.4 -5.19984 24.3764 -5.19984
4.56 7.6 -4.7548 24.5246 -4.7548
4.56 7.8 -4.42184 24.4158 -4.42184
4.56 8 -4.26223 23.9928 -4.26223
4.56 8.2 -4.22503 23.4422 -4.22503
4.56 8.4 -4.22099 23.1457 -4.22099
4.56 8.6 -4.15834 23.4142 -4.15834
4.56 8.8 -4.08113 24.0767 -4.08113
4.56 9 -4.0651 24.7279 -4.0651
4.56 9.2 -4.16331 25.1094 -4.16331
4.56 9.4 -2.74371 26.8211 -2.74371
4.56 9.6 1.62129 31.329 1.62129
4.56 9.8 -23.171 6.58896 -23.171
4.68 0 -7.77042 20.1502 -7.77042
4.68 0.2 -4.48544 23.4607 -4.48544
4.68 0.4 -3.21774 24.7636 -3.21774
4.68 0.6 -3.06029 24.9859 -3.06029
4.68 0.8 -3.21028 24.9848 -3.21028
4.68 1 -3.39436 25.0489 -3.39436
4.68 1.2 -3.66495 25.0911 -3.66495
4.68 1.4 -4.06529 25.009 -4.06529
4.68 1.6 -4.62425 24.7276 -4.62425
4.68 1.8 -5.29514 24.2721 -5.29514
4.68 2 -6.01632 23.7047 -6.01632
4.68 2.2 -6.65258 23.1736 -6.65258
4.68 2.4 -6.99079 22.8985 -6.99079
4.68 2.6 -6.8523 23.0583 -6.8523
4.68 2.8 -6.21022 23.685 -6.21022
4.68 3 -5.21467 24.6036 -5.21467
4.68 3.2 -4.11808 25.5293 -4.11808
4.68 3.4 -3.10019 26.1753 -3.10019
4.68 3.6 -2.33208 26.0854 -2.33208
4.68 3.8 -2.42418 23.6131 -2.42418
4.68 4 -4.59646 13.2033 -4.59646
4.68 4.2 1.79507 -3.18745 1.79507
4.68 4.4 18.0482 -4.27829 18.0482
4.68 4.6 23.9006 -3.43294 23.9006
4.68 4.8 24.567 -3.6318 24.567
4.68 5 22.789 -3.86394 22.789
4.68 5.2 13.8709 -5.52846 13.8709
4.68 5.4 -2.67195 -0.0118511 -2.67195
4.68 5.6 -3.81805 17.9223 -3.81805
4.68 5.8 -2.12585 25.2456 -2.12585
4.68 6 -2.4791 26.4865 -2.4791
4.68 6.2 -3.34348 26.2006 -3.34348
4.68 6.4 -4.30703 25.4779 -4.30703
4.68 6.6 -5.15038 24.7303 -5.15038
4.68 6.8 -5.69351 24.2045 -5.69351
4.68 7 -5.82034 24.0306 -5.82034
4.68 7.2 -5.5661 24.1602 -5.5661
4.68 7.4 -5.12605 24.3583 -5.12605
4.68 7.6 -4.67155 24.4065 -4.67155
4.68 7.8 -4.3792 24.0355 -4.3792
4.68 8 -4.35383 23.0902 -4.35383
4.68 8.2 -4.52228 21.8472 -4.52228
4.68 8.4 -4.65777 21.1046 -4.65777
4.68 8.6 -4.55117 21.5435 -4.55117
4.68 8.8 -4.28081 22.8584 -4.28081
4.68 9 -4.0792 24.1614 -4.0792
4.68 9.2 -4.09259 24.9201 -4.09259
4.68 9.4 -2.65816 26.7867 -2.65816
4.68 9.6 1.69866 31.3414 1.69866
4.68 9.8 -23.0909 6.62355 -23.0909
4.8 0 -8.547 17.1868 -8.547
4.8 0.2 -5.12152 20.668 -5.12152
4.8 0.4 -3.81148 22.0724 -3.81148
4.8 0.6 -3.54633 22.5303 -3.54633
4.8 0.8 -3.52316 22.9557 -3.52316
4.8 1 -3.49368 23.6088 -3.49368
4.8 1.2 -3.57399 24.2572 -3.57399
4.8 1.4 -3.86651 24.6373 -3.86651
4.8 1.6 -4.40202 24.6245 -4.40202
4.8 1.8 -5.09502 24.2964 -5.09502
4.8 2 -5.85215 23.779 -5.85215
4.8 2.2 -6.52835 23.2546 -6.52835
4.8 2.4 -6.90953 22.9602 -6.90953
4.8 2.6 -6.81083 23.0916 -6.81083
4.8 2.8 -6.19778 23.6947 -6.19778
4.8 3 -5.21711 24.6009 -5.21711
4.8 3.2 -4.12506 25.5234 -4.12506
4.8 3.4 -3.10671 26.1709 -3.10671
4.8 3.6 -2.33664 26.0844 -2.33664
4.8 3.8 -2.42691 23.6165 -2.42691
4.8 4 -4.60047 13.2101 -4.60047
4.8 4.2 1.78437 -3.1892 1.78437
4.8 4.4 18.0454 -4.28028 18.0454
4.8 4.6 23.9028 -3.43088 23.9028
4.8 4.8 24.5709 -3.62774 24.5709
4.8 5 22.7936 -3.86 22.7936
4.8 5.2 13.8759 -5.52672 13.8759
4.8 5.4 -2.67185 -0.016754 -2.67185
4.8 5.6 -3.82176 17.9187 -3.82176
4.8 5.8 -2.12975 25.2426 -2.12975
4.8 6 -2.48373 26.4824 -2.48373
4.8 6.2 -3.34824 26.1955 -3.34824
4.8 6.4 -4.30863 25.4747 -4.30863
4.8 6.6 -5.14184 24.7345 -5.14184
4.8 6.8 -5.66582 24.2203 -5.66582
4.8 7 -5.76399 24.0557 -5.76399
4.8 7.2 -5.47454 24.1749 -5.47454
4.8 7.4 -5.00345 24.301 -5.00345
4.8 7.6 -4.56133 24.1009 -4.56133
4.8 7.8 -4.41732 23.0507 -4.41732
4.8 8 -4.76536 20.7099 -4.76536
4.8 8.2 -5.39458 17.6545 -5.39458
4.8 8.4 -5.78267 15.7829 -5.78267
4.8 8.6 -5.6338 16.5867 -5.6338
4.8 8.8 -4.9891 19.5466 -4.9891
4.8 9 -4.30066 22.6186 -4.30066
4.8 9.2 -4.04049 24.4051 -4.04049
4.8 9.4 -2.53203 26.6721 -2.53203
4.8 9.6 1.82169 31.34 1.82169
4.8 9.8 -22.9608 6.66883 -22.9608
4.92 0 -10.2499 10.2773 -10.2499
4.92 0.2 -6.81812 13.826 -6.81812
4.92 0.4 -5.42376 15.4541 -5.42376
4.92 0.6 -4.97695 16.4301 -4.97695
4.92 0.8 -4.64842 17.8352 -4.64842
4.92 1 -4.1858 19.9164 -4.1858
4.92 1.2 -3.79973 22.106 -3.79973
4.92 1.4 -3.7658 23.6674 -3.7658
4.92 1.6 -4.17554 24.3031 -4.17554
4.92 1.8 -4.8654 24.2543 -4.8654
4.92 2 -5.65915 23.8411 -5.65915
4.92 2.2 -6.38074 23.3422 -6.38074
4.92 2.4 -6.81098 23.0331 -6.81098
4.92 2.6 -6.75821 23.1345 -6.75821
4.92 2.8 -6.17895 23.7108 -6.17895
4.92 3 -5.21579 24.6027 -5.21579
4.92 3.2 -4.12919 25.5216 -4.12919
4.92 3.4 -3.11129 26.17 -3.11129
4.92 3.6 -2.3404 26.0858 -2.3404
4.92 3.8 -2.42915 23.622 -2.42915
4.92 4 -4.60378 13.2198 -4.60378
4.92 4.2 1.77182 -3.19035 1.77182
4.92 4.4 18.0408 -4.28366 18.0408
4.92 4.6 23.9042 -3.43026 23.9042
4.92 4.8 24.5749 -3.62472 24.5749
4.92 5 22.7982 -3.8573 22.7982
4.92 5.2 13.8815 -5.52613 13.8815
4.92 5.4 -2.67147 -0.0234489 -2.67147
4.92 5.6 -3.82574 17.9152 -3.82574
4.92 5.8 -2.13403 25.2405 -2.13403
4.92 6 -2.48826 26.4797 -2.48826
4.92 6.2 -3.35091 26.1937 -3.35091
4.92 6.4 -4.30565 25.4768 -4.30565
4.92 6.6 -5.12544 24.746 -5.12544
4.92 6.8 -5.62485 24.2454 -5.62485
4.92 7 -5.68683 24.0887 -5.68683
4.92 7.2 -5.35577 24.1801 -5.35577
4.92 7.4 -4.8627 24.1581 -4.8627
4.92 7.6 -4.50453 23.4354 -4.50453
4.92 7.8 -4.73058 20.8908 -4.73058
4.92 8 -5.6884 15.5895 -5.6884
4.92 8.2 -6.37868 9.40935 -6.37868
4.92 8.4 -6.35291 6.07162 -6.35291
4.92 8.6 -6.51989 7.13449 -6.51989
4.92 8.8 -6.27851 12.4108 -6.27851
4.92 9 -5.04027 19.0428 -5.04027
4.92 9.2 -4.15044 23.2079 -4.15044
4.92 9.4 -2.41847 26.3772 -2.41847
4.92 9.6 1.96237 31.286 1.96237
4.92 9.8 -22.8036 6.69923 -22.8036
5.04 0 -10.8962 -1.25257 -10.8962
5.04 0.2 -7.5694 2.27423 -7.5694
5.04 0.4 -6.1965 4.09808 -6.1965
5.04 0.6 -5.8584 5.58427 -5.8584
5.04 0.8 -5.76588 8.08705 -5.76588
5.04 1 -5.3891 12.2229 -5.3891
5.04 1.2 -4.60672 17.2922 -4.60672
5.04 1.4 -3.96856 21.4465 -3.96856
5.04 1.6 -4.03786 23.5362 -4.03786
5.04 1.8 -4.6507 24.0683 -4.6507
5.04 2 -5.46818 23.8528 -5.46818
5.04 2.2 -6.23599 23.4084 -6.23599
5.04 2.4 -6.71718 23.0944 -6.71718
5.04 2.6 -6.71259 23.1679 -6.71259
5.04 2.8 -6.16919 23.7171 -6.16919
5.04 3 -5.22517 24.5937 -5.22517
5.04 3.2 -4.14489 25.5083 -4.14489
5.04 3.4 -3.12725 26.1578 -3.12725
5.04 3.6 -2.35384 26.0776 -2.35384
5.04 3.8 -2.43868 23.6206 -2.43868
5.04 4 -4.61317 13.2246 -4.61317
5.04 4.2 1.75187 -3.19702 1.75187
5.04 4.4 18.0286 -4.29381 18.0286
5.04 4.6 23.8972 -3.43759 23.8972
5.04 4.8 24.5692 -3.63124 24.5692
5.04 5 22.7946 -3.86281 22.7946
5.04 5.2 13.881 -5.53213 13.881
5.04 5.4 -2.67713 -0.0371209 -2.67713
5.04 5.6 -3.8365 17.905 -3.8365
5.04 5.8 -2.14614 25.2306 -2.14614
5.04 6 -2.50315 26.4666 -2.50315
5.04 6.2 -3.36557 26.1798 -3.36557
5.04 6.4 -4.31378 25.4674 -4.31378
5.04 6.6 -5.11742 24.7476 -5.11742
5.04 6.8 -5.58864 24.2612 -5.58864
5.04 7 -5.61073 24.1073 -5.61073
5.04 7.2 -5.23939 24.1433 -5.23939
5.04 7.4 -4.75506 23.8538 -4.75506
5.04 7.6 -4.61942 22.1459 -4.61942
5.04 7.8 -5.44752 16.8096 -5.44752
5.04 8 -6.10149 7.31226 -6.10149
5.04 8.2 -3.54593 -0.212963 -3.54593
5.04 8.4 -0.746669 -2.75514 -0.746669
5.04 8.6 -1.98663 -2.36726 -1.98663
5.04 8.8 -5.63321 2.19612 -5.63321
5.04 9 -6.24373 12.2296 -6.24373
5.04 9.2 -4.6354 20.7337 -4.6354
5.04 9.4 -2.40043 25.7395 -2.40043
5.04 9.6 2.08018 31.12 2.08018
5.04 9.8 -22.6481 6.68084 -22.6481
5.16 0 -3.88471 -9.86313 -3.88471
5.16 0.2 -0.722749 -6.49389 -0.722749
5.16 0.4 0.487843 -4.77164 0.487843
5.16 0.6 0.114878 -3.64035 0.114878
5.16 0.8 -1.5647 -1.856 -1.5647
5.16 1 -3.92026 2.00026 -3.92026
5.16 1.2 -5.17324 9.04328 -5.17324
5.16 1.4 -4.5746 17.1124 -4.5746
5.16 1.6 -4.08483 22.0182 -4.08483
5.16 1.8 -4.47736 23.6712 -4.47736
5.16 2 -5.279 23.809 -5.279
5.16 2.2 -6.08423 23.4629 -6.08423
5.16 2.4 -6.61269 23.1592 -6.61269
5.16 2.6 -6.65446 23.2108 -6.65446
5.16 2.8 -6.14629 23.7347 -6.14629
5.16 3 -5.22192 24.5959 -5.22192
5.16 3.2 -4.14872 25.5055 -4.14872
5.16 3.4 -3.1313 26.1562 -3.1313
5.16 3.6 -2.35554 26.0801 -2.35554
5.16 3.8 -2.43841 23.6282 -2.43841
5.16 4 -4.61536 13.2362 -4.61536
5.16 4.2 1.73666 -3.19734 1.73666
5.16 4.4 18.0213 -4.29703 18.0213
5.16 4.6 23.8976 -3.43537 23.8976
5.16 4.8 24.5717 -3.62735 24.5717
5.16 5 22.7982 -3.85924 22.7982
5.16 5.2 13.8859 -5.53143 13.8859
5.16 5.4 -2.67726 -0.0454966 -2.67726
5.16 5.6 -3.84038 17.9012 -3.84038
5.16 5.8 -2.14853 25.23 -2.14853
5.16 6 -2.50607 26.4645 -2.50607
5.16 6.2 -3.36819 26.1766 -3.36819
5.16 6.4 -4.31011 25.4681 -4.31011
5.16 6.6 -5.09648 24.7597 -5.09648
5.16 6.8 -5.53793 24.2868 -5.53793
5.16 7 -5.52056 24.1276 -5.52056
5.16 7.2 -5.11989 24.0701 -5.11989
5.16 7.4 -4.70331 23.3433 -4.70331
5.16 7.6 -4.97634 19.9963 -4.97634
5.16 7.8 -6.0725 10.688 -6.0725
5.16 8 -2.61877 -0.603967 -2.61877
5.16 8.2 6.49905 -3.90124 6.49905
5.16 8.4 11.6005 -3.78243 11.6005
5.16 8.6 9.77729 -4.31571 9.77729
5.16 8.8 1.62015 -4.28242 1.62015
5.16 9 -5.97072 3.23809 -5.97072
5.16 9.2 -5.56906 16.4016 -5.56906
5.16 9.4 -2.5456 24.5896 -2.5456
5.16 9.6 2.16114 30.8091 2.16114
5.16 9.8 -22.5054 6.59896 -22.5054
5.28 0 8.22739 -10.2213 8.22739
5.28 0.2 11.3934 -6.93758 11.3934
5.28 0.4 12.7409 -5.26588 12.7409
5.28 0.6 12.3378 -4.57448 12.3378
5.28 0.8 9.90161 -4.22459 9.90161
5.28 1 4.65013 -3.43614 4.65013
5.28 1.2 -2.10053 0.560797 -2.10053
5.28 1.4 -4.98684 10.4616 -4.98684
5.28 1.6 -4.40037 19.4191 -4.40037
5.28 1.8 -4.40458 22.97 -4.40458
5.28 2 -5.12601 23.6788 -5.12601
5.28 2.2 -5.95179 23.4858 -5.95179
5.28 2.4 -6.5202 23.2101 -6.5202
5.28 2.6 -6.60364 23.2473 -6.60364
5.28 2.8 -6.12786 23.7498 -6.12786
5.28 3 -5.22178 24.597 -5.22178
5.28 3.2 -4.15559 25.5013 -4.15559
5.28 3.4 -3.13909 26.1524 -3.13909
5.28 3.6 -2.36253 26.0783 -2.36253
5.28 3.8 -2.4431 23.6307 -2.4431
5.28 4 -4.61862 13.2453 -4.61862
5.28 4.2 1.72346 -3.19507 1.72346
5.28 4.4 18.0156 -4.29812 18.0156
5.28 4.6 23.901 -3.43104 23.901
5.28 4.8 24.5782 -3.62059 24.5782
5.28 5 22.8042 -3.85386 22.8042
5.28 5.2 13.8918 -5.52912 13.8918
5.28 5.4 -2.67596 -0.0522781 -2.67596
5.28 5.6 -3.84635 17.895 -3.84635
5.28 5.8 -2.15645 25.2245 -2.15645
5.28 6 -2.51453 26.4585 -2.51453
5.28 6.2 -3.37449 26.1716 -3.37449
5.28 6.4 -4.30948 25.4675 -4.30948
5.28 6.6 -5.07949 24.7692 -5.07949
5.28 6.8 -5.49242 24.307 -5.49242
5.28 7 -5.43979 24.1329 -5.43979
5.28 7.2 -5.02769 23.9394 -5.02769
5.28 7.4 -4.75396 22.5796 -4.75396
5.28 7.6 -5.53789 16.9404 -5.53789
5.28 7.8 -5.16064 4.08633 -5.16064
5.28 8 5.83203 -3.51212 5.83203
5.28 8.2 17.5256 -2.24975 17.5256
5.28 8.4 21.6541 -1.39014 21.6541
5.28 8.6 20.2631 -2.04574 20.2631
5.28 8.8 12.5102 -4.17781 12.5102
5.28 9 -1.25583 -3.27775 -1.25583
5.28 9.2 -6.45807 10.3849 -6.45807
5.28 9.4 -2.92965 22.7683 -2.92965
5.28 9.6 2.15746 30.2952 2.15746
5.28 9.8 -22.4022 6.43017 -22.4022
5.4 0 16.2012 -8.56409 16.2012
5.4 0.2 19.4533 -5.26643 19.4533
5.4 0.4 21.0932 -3.46405 21.0932
5.4 0.6 21.3299 -2.6173 21.3299
5.4 0.8 20.0224 -2.29021 20.0224
5.4 1 15.6447 -2.64241 15.6447
5.4 1.2 6.18117 -2.85051 6.18117
5.4 1.4 -3.41579 3.54329 -3.41579
5.4 1.6 -4.86504 15.7454 -4.86504
5.4 1.8 -4.45472 21.9393 -4.45472
5.4 2 -5.02011 23.4605 -5.02011
5.4 2.2 -5.84563 23.4737 -5.84563
5.4 2.4 -6.44554 23.2407 -6.44554
5.4 2.6 -6.56407 23.2714 -6.56407
5.4 2.8 -6.11655 23.7565 -6.11655
5.4 3 -5.22665 24.5916 -5.22665
5.4 3.2 -4.1665 25.4916 -4.1665
5.4 3.4 -3.15092 26.1425 -3.15092
5.4 3.6 -2.37285 26.0705 -2.37285
5.4 3.8 -2.44985 23.6277 -2.44985
5.4 4 -4.62328 13.2487 -4.62328
5.4 4.2 1.70688 -3.19483 1.70688
5.4 4.4 18.0031 -4.30268 18.0031
5.4 4.6 23.8965 -3.43194 23.8965
5.4 4.8 24.5754 -3.62067 24.5754
5.4 5 22.8013 -3.85437 22.8013
5.4 5.2 13.89 -5.53047 13.89
5.4 5.4 -2.67814 -0.0617955 -2.67814
5.4 5.6 -3.85412 17.8844 -3.85412
5.4 5.8 -2.16576 25.2155 -2.16576
5.4 6 -2.5263 26.4472 -2.5263
5.4 6.2 -3.38536 26.1604 -3.38536
5.4 6.4 -4.31364 25.4607 -4.31364
5.4 6.6 -5.06914 24.7707 -5.06914
5.4 6.8 -5.45661 24.3161 -5.45661
5.4 7 -5.37524 24.1185 -5.37524
5.4 7.2 -4.97058 23.7547 -4.97058
5.4 7.4 -4.90279 21.6005 -4.90279
5.4 7.6 -6.04898 13.3692 -6.04898
5.4 7.8 -1.68097 -0.588095 -1.68097
5.4 8 14.6772 -2.62169 14.6772
5.4 8.2 24.1833 -0.383048 24.1833
5.4 8.4 26.55 0.0171861 26.55
5.4 8.6 25.6936 -0.458075 25.6936
5.4 8.8 20.5418 -2.2165 20.5418
5.4 9 6.56252 -4.99025 6.56252
5.4 9.2 -6.15424 4.2146 -6.15424
5.4 9.4 -3.5191 20.3161 -3.5191
5.4 9.6 2.07101 29.59 2.07101
5.4 9.8 -22.3433 6.17948 -22.3433
5.52 0 19.4341 -8.02455 19.4341
5.52 0.2 22.749 -4.69748 22.749
5.52 0.4 24.5953 -2.76295 24.5953
5.52 0.6 25.3431 -1.66433 25.3431
5.52 0.8 25.1577 -0.909002 25.1577
5.52 1 22.8271 -0.789382 22.8271
5.52 1.2 14.9507 -2.11001 14.9507
5.52 1.4 0.980281 -0.687863 0.980281
5.52 1.6 -5.09075 11.6837 -5.09075
5.52 1.8 -4.60356 20.6806 -4.60356
5.52 2 -4.95496 23.1896 -4.95496
5.52 2.2 -5.758 23.4461 -5.758
5.52 2.4 -6.3786 23.2664 -6.3786
5.52 2.6 -6.52303 23.2984 -6.52303
5.52 2.8 -6.09841 23.7707 -6.09841
5.52 3 -5.22235 24.5956 -5.22235
5.52 3.2 -4.16688 25.492 -4.16688
5.52 3.4 -3.15239 26.1418 -3.15239
5.52 3.6 -2.37337 26.0702 -2.37337
5.52 3.8 -2.45061 23.6262 -2.45061
5.52 4 -4.62155 13.251 -4.62155
5.52 4.2 1.69548 -3.18714 1.69548
5.52 4.4 17.9894 -4.30392 17.9894
5.52 4.6 23.8949 -3.42787 23.8949
5.52 4.8 24.5788 -3.61303 24.5788
5.52 5 22.8006 -3.84965 22.8006
5.52 5.2 13.8872 -5.52651 13.8872
5.52 5.4 -2.67453 -0.0651083 -2.67453
5.52 5.6 -3.85776 17.8734 -3.85776
5.52 5.8 -2.16913 25.2101 -2.16913
5.52 6 -2.52821 26.4448 -2.52821
5.52 6.2 -3.38542 26.1598 -3.38542
5.52 6.4 -4.30846 25.4636 -4.30846
5.52 6.6 -5.05155 24.7805 -5.05155
5.52 6.8 -5.41846 24.33 -5.41846
5.52 7 -5.317 24.1027 -5.317
5.52 7.2 -4.93669 23.5521 -4.93669
5.52 7.4 -5.09999 20.5439 -5.09999
5.52 7.6 -6.21277 9.99784 -6.21277
5.52 7.8 3.26344 -2.57714 3.26344
5.52 8 20.6165 -1.17404 20.6165
5.52 8.2 27.2155 0.42847 27.2155
5.52 8.4 28.4268 0.375847 28.4268
5.52 8.6 27.8768 0.0319311 27.8768
5.52 8.8 24.7318 -0.991412 24.7318
5.52 9 13.4606 -4.24527 13.4606
5.52 9.2 -4.10727 -0.329871 -4.10727
5.52 9.4 -4.14248 17.5912 -4.14248
5.52 9.6 1.9249 28.7717 1.9249
5.52 9.8 -22.3234 5.87967 -22.3234
5.64 0 20.1916 -8.38696 20.1916
5.64 0.2 23.75 -4.82832 23.75
5.64 0.4 25.704 -2.81303 25.704
5.64 0.6 26.7361 -1.54159 26.7361
5.64 0.8 27.1725 -0.484331 27.1725
5.64 1 26.1857 0.16299 26.1857
5.64 1.2 20.5861 -0.75453 20.5861
5.64 1.4 6.10926 -1.98962 6.10926
5.64 1.6 -4.79926 8.29186 -4.79926
5.64 1.8 -4.79864 19.4178 -4.79864
5.64 2 -4.9404 22.8983 -4.9404
5.64 2.2 -5.71175 23.3914 -5.71175
5.64 2.4 -6.34411 23.265 -6.34411
5.64 2.6 -6.50583 23.3032 -6.50583
5.64 2.8 -6.09888 23.7661 -6.09888
5.64 3 -5.23331 24.5832 -5.23331
5.64 3.2 -4.18205 25.4758 -4.18205
5.64 3.4 -3.16837 26.1235 -3.16837
5.64 3.6 -2.38696 26.0517 -2.38696
5.64 3.8 -2.46357 23.6031 -2.46357
5.64 4 -4.62344 13.2355 -4.62344
5.64 4.2 1.67877 -3.1792 1.67877
5.64 4.4 17.9553 -4.31448 17.9553
5.64 4.6 23.8731 -3.43706 23.8731
5.64 4.8 24.5627 -3.61923 24.5627
5.64 5 22.7784 -3.85789 22.7784
5.64 5.2 13.8645 -5.52911 13.8645
5.64 5.4 -2.67252 -0.0700441 -2.67252
5.64 5.6 -3.86737 17.8463 -3.86737
5.64 5.8 -2.1832 25.1879 -2.1832
5.64 6 -2.5431 26.426 -2.5431
5.64 6.2 -3.40083 26.1422 -3.40083
5.64 6.4 -4.31955 25.4496 -4.31955
5.64 6.6 -5.0518 24.7729 -5.0518
5.64 6.8 -5.40556 24.3219 -5.40556
5.64 7 -5.2909 24.0656 -5.2909
5.64 7.2 -4.94212 23.3416 -4.94212
5.64 7.4 -5.30518 19.5736 -5.30518
5.64 7.6 -5.99956 7.42672 -5.99956
5.64 7.8 7.58875 -2.94483 7.58875
5.64 8 23.7612 -0.297551 23.7612
5.64 8.2 28.414 0.622715 28.414
5.64 8.4 29.0244 0.30935 29.0244
5.64 8.6 28.6132 0.0243238 28.6132
5.64 8.8 26.5687 -0.528611 26.5687
5.64 9 17.8026 -3.26379 17.8026
5.64 9.2 -1.25258 -2.75298 -1.25258
5.64 9.4 -4.61055 15.1501 -4.61055
5.64 9.6 1.75192 27.969 1.75192
5.64 9.8 -22.3338 5.57892 -22.3338
5.76 0 52.9572 23.9583 52.9572
5.76 0.2 62.7218 33.7199 62.7218
5.76 0.4 64.2432 35.2956 64.2432
5.76 0.6 65.2706 36.5204 65.2706
5.76 0.8 65.8276 37.5744 65.8276
5.76 1 65.2806 38.3266 65.2806
5.76 1.2 60.8766 37.7145 60.8766
5.76 1.4 47.1347 35.5961 47.1347
5.76 1.6 33.5264 44.0097 33.5264
5.76 1.8 33.2752 56.6925 33.2752
5.76 2 33.4854 61.0979 33.4854
5.76 2.2 32.8645 61.8934 32.8645
5.76 2.4 32.3132 61.8956 32.3132
5.76 2.6 32.1734 61.9728 32.1734
5.76 2.8 32.5416 62.4024 32.5416
5.76 3 33.3246 63.1382 33.3246
5.76 3.2 34.2639 63.9179 34.2639
5.76 3.4 35.1604 64.4451 35.1604
5.76 3.6 35.8204 64.2459 35.8204
5.76 3.8 35.6319 61.672 35.6319
5.76 4 33.4131 51.2318 33.4131
5.76 4.2 39.6171 34.7949 39.6171
5.76 4.4 56.0668 33.8406 56.0668
5.76 4.6 62.1059 34.8191 62.1059
5.76 4.8 62.8285 34.6655 62.8285
5.76 5 60.9901 34.3821 60.9901
5.76 5.2 51.9541 32.6056 51.9541
5.76 5.4 35.332 37.9258 35.332
5.76 5.6 34.2534 55.9308 34.2534
5.76 5.8 35.9848 63.3382 35.9848
5.76 6 35.6834 64.6438 35.6834
5.76 6.2 34.9229 64.4608 34.9229
5.76 6.4 34.1108 63.8758 34.1108
5.76 6.6 33.4643 63.2828 33.4643
5.76 6.8 33.156 62.8669 33.156
5.76 7 33.2565 62.5663 33.2565
5.76 7.2 33.4873 61.6223 33.4873
5.76 7.4 32.8266 57.1598 32.8266
5.76 7.6 32.3311 43.903 32.3311
5.76 7.8 47.946 34.9961 47.946
5.76 8 63.0157 37.9887 63.0157
5.76 8.2 66.7135 38.5213 66.7135
5.76 8.4 67.1161 38.1419 67.1161
5.76 8.6 66.7795 37.8993 66.7795
5.76 8.8 65.205 37.5514 65.205
5.76 9 57.8475 35.2743 57.8475
5.76 9.2 38.7995 34.1892 38.7995
5.76 9.4 33.1648 51.5065 33.1648
5.76 9.6 38.5118 64.2612 38.5118
5.76 9.8 19.7405 47.4396 19.7405
5.88 0 -35.0397 -64.303 -35.0397
5.88 0.2 -36.9328 -66.1843 -36.9328
5.88 0.4 -33.8392 -63.0338 -33.8392
5.88 0.6 -32.3946 -61.407 -32.3946
5.88 0.8 -31.3594 -59.9282 -31.3594
5.88 1 -31.2535 -58.695 -31.2535
5.88 1.2 -34.6075 -58.8148 -34.6075
5.88 1.4 -47.0429 -61.163 -47.0429
5.88 1.6 -62.7055 -55.2078 -62.7055
5.88 1.8 -64.868 -42.6759 -64.868
5.88 2 -64.9504 -37.7642 -64.9504
5.88 2.2 -65.7993 -36.9338 -65.7993
5.88 2.4 -66.553 -37.0388 -66.553
5.88 2.6 -66.7785 -37.0096 -66.7785
5.88 2.8 -66.3406 -36.5 -66.3406
5.88 3 -65.3808 -35.5893 -65.3808
5.88 3.2 -64.1858 -34.5714 -64.1858
5.88 3.4 -63.0135 -33.8048 -63.0135
5.88 3.6 -62.098 -33.8282 -62.098
5.88 3.8 -62.0878 -36.382 -62.0878
5.88 4 -64.0466 -46.8299 -64.0466
5.88 4.2 -57.7534 -62.5065 -57.7534
5.88 4.4 -42.2204 -64.0099 -42.2204
5.88 4.6 -36.2473 -63.2885 -36.2473
5.88 4.8 -35.5335 -63.5109 -35.5335
5.88 5 -37.4093 -63.7158 -37.4093
5.88 5.2 -46.4178 -65.1701 -46.4178
5.88 5.4 -62.1223 -59.4464 -62.1223
5.88 5.6 -63.4777 -42.2238 -63.4777
5.88 5.8 -61.8739 -34.7491 -61.8739
5.88 6 -62.2866 -33.4317 -62.2866
5.88 6.2 -63.272 -33.786 -63.272
5.88 6.4 -64.3208 -34.5841 -64.3208
5.88 6.6 -65.1527 -35.3588 -65.1527
5.88 6.8 -65.5357 -35.8687 -65.5357
5.88 7 -65.3844 -36.1848 -65.3844
5.88 7.2 -65.002 -37.1801 -65.002
5.88 7.4 -65.4603 -42.0857 -65.4603
5.88 7.6 -64.5169 -55.4267 -64.5169
5.88 7.8 -47.2064 -62.0914 -47.2064
5.88 8 -33.5604 -59.0887 -33.5604
5.88 8.2 -30.3956 -58.7617 -30.3956
5.88 8.4 -30.2402 -59.3326 -30.2402
5.88 8.6 -30.6149 -59.6298 -30.6149
5.88 8.8 -31.9328 -59.8481 -31.9328
5.88 9 -38.4581 -61.8658 -38.4581
5.88 9.2 -56.6078 -63.8675 -56.6078
5.88 9.4 -64.4166 -47.9744 -64.4166
5.88 9.6 -55.8601 -30.9904 -55.8601
5.88 9.8 -89.4655 -62.1071 -89.4655
