0 0 21.7496 -6.76198 21.7496
0 0.12 26.9224 -1.37592 26.9224
0 0.24 25.6985 -1.92313 25.6985
0 0.36 28.6514 2.56012 28.6514
0 0.48 24.1788 1.46462 24.1788
0 0.6 15.4477 -0.294202 15.4477
0 0.72 4.05298 0.0693965 4.05298
0 0.84 -2.89507 6.34365 -2.89507
0 0.96 -4.08535 14.6313 -4.08535
0 1.08 -3.7452 20.1153 -3.7452
0 1.2 -3.71725 22.7091 -3.71725
0 1.32 -4.06965 23.675 -4.06965
0 1.44 -4.61356 23.8537 -4.61356
0 1.56 -5.23578 23.6459 -5.23578
0 1.68 -5.88147 23.2351 -5.88147
0 1.8 -6.52043 22.713 -6.52043
0 1.92 -7.13154 22.1328 -7.13154
0 2.04 -7.69472 21.5345 -7.69472
0 2.16 -8.19147 20.9516 -8.19147
0 2.28 -8.61233 20.4079 -8.61233
0 2.4 -8.97069 19.9057 -8.97069
0 2.52 -9.29042 19.4385 -9.29042
0 2.64 -9.57105 19.0258 -9.57105
0 2.76 -9.78462 18.7133 -9.78462
0 2.88 -9.89878 18.5474 -9.89878
0 3 -9.90777 18.5414 -9.90777
0 3.12 -9.81236 18.6944 -9.81236
0 3.24 -9.60653 19.0042 -9.60653
0 3.36 -9.30178 19.4446 -9.30178
0 3.48 -8.93329 19.9615 -8.93329
0 3.6 -8.52422 20.5122 -8.52422
0 3.72 -8.06795 21.0851 -8.06795
0 3.84 -7.54533 21.6828 -7.54533
0 3.96 -6.96013 22.2864 -6.96013
0 4.08 -6.33096 22.8615 -6.33096
0 4.2 -5.67901 23.3637 -5.67901
0 4.32 -5.02766 23.7302 -5.02766
0 4.44 -4.41111 23.8492 -4.41111
0 4.56 -3.8971 23.4873 -3.8971
0 4.68 -3.62813 22.1265 -3.62813
0 4.8 -3.79077 18.7422 -3.79077
0 4.92 -4.00085 12.1516 -4.00085
0 5.04 -1.4212 3.75067 -1.4212
0 5.16 7.54423 -0.662751 7.54423
0 5.28 18.6524 0.177011 18.6524
0 5.4 25.8809 1.80047 25.8809
0 5.52 29.193 2.45152 29.193
0 5.64 42.6775 14.7234 42.6775
0 5.76 14.2957 -14.1699 14.2957
0 5.88 30.7588 2.30259 30.7588
0.12 0 7.2564 -21.0059 7.2564
0.12 0.12 12.353 -15.672 12.353
0.12 0.24 11.3475 -15.9276 11.3475
0.12 0.36 14.4063 -11.1841 14.4063
0.12 0.48 9.46446 -12.4597 9.46446
0.12 0.6 0.371242 -14.1917 0.371242
0.12 0.72 -10.7474 -13.4138 -10.7474
0.12 0.84 -17.0404 -6.87335 -17.0404
0.12 0.96 -18.0021 1.17983 -18.0021
0.12 1.08 -17.7054 6.36238 -17.7054
0.12 1.2 -17.7555 8.76601 -17.7555
0.12 1.32 -18.1715 9.62118 -18.1715
0.12 1.44 -18.7643 9.73016 -18.7643
0.12 1.56 -19.4257 9.47291 -19.4257
0.12 1.68 -20.1039 9.02433 -20.1039
0.12 1.8 -20.7679 8.47454 -20.7679
0.12 1.92 -21.3967 7.87561 -21.3967
0.12 2.04 -21.9716 7.26608 -21.9716
0.12 2.16 -22.4769 6.67658 -22.4769
0.12 2.28 -22.9007 6.13319 -22.9007
0.12 2.4 -23.2398 5.65474 -23.2398
0.12 2.52 -23.4963 5.25633 -23.4963
0.12 2.64 -23.6779 4.94818 -23.6779
0.12 2.76 -23.7929 4.7388 -23.7929
0.12 2.88 -23.8464 4.63609 -23.8464
0.12 3 -23.8424 4.64299 -23.8424
0.12 3.12 -23.7815 4.75884 -23.7815
0.12 3.24 -23.6555 4.98408 -23.6555
0.12 3.36 -23.4547 5.31495 -23.4547
0.12 3.48 -23.1722 5.7404 -23.1722
0.12 3.6 -22.8048 6.24483 -22.8048
0.12 3.72 -22.3517 6.81136 -22.3517
0.12 3.84 -21.8175 7.41901 -21.8175
0.12 3.96 -21.2159 8.03897 -21.2159
0.12 4.08 -20.5661 8.6361 -20.5661
0.12 4.2 -19.8871 9.1689 -19.8871
0.12 4.32 -19.2015 9.57617 -19.2015
0.12 4.44 -18.5427 9.75052 -18.5427
0.12 4.56 -17.9749 9.47024 -17.9749
0.12 4.68 -17.6349 8.24448 -17.6349
0.12 4.8 -17.7148 5.09561 -17.7148
0.12 4.92 -17.9296 -1.16577 -17.9296
0.12 5.04 -15.7513 -9.46084 -15.7513
0.12 5.16 -7.46097 -14.3062 -7.46097
0.12 5.28 3.62002 -13.781 3.62002
0.12 5.4 11.2961 -12.0969 11.2961
0.12 5.52 14.8459 -11.4581 14.8459
0.12 5.64 30.0923 2.44366 30.0923
0.12 5.76 0.742402 -27.472 0.742402
0.12 5.88 14.6481 -13.5541 14.6481
0.24 0 21.7446 -5.66196 21.7446
0.24 0.12 25.7236 -1.36746 25.7236
0.24 0.24 24.0229 -2.07996 24.0229
0.24 0.36 26.1099 2.18352 26.1099
0.24 0.48 19.8968 0.520945 19.8968
0.24 0.6 10.1761 -0.728447 10.1761
0.24 0.72 0.51284 1.82297 0.51284
0.24 0.84 -3.6105 9.43751 -3.6105
0.24 0.96 -3.78152 16.9669 -3.78152
0.24 1.08 -3.449 21.3966 -3.449
0.24 1.2 -3.54129 23.3821 -3.54129
0.24 1.32 -3.95029 24.0693 -3.95029
0.24 1.44 -4.50507 24.1303 -4.50507
0.24 1.56 -5.11514 23.8789 -5.11514
0.24 1.68 -5.73982 23.4588 -5.73982
0.24 1.8 -6.34642 22.9539 -6.34642
0.24 1.92 -6.91706 22.4092 -6.91706
0.24 2.04 -7.43166 21.8628 -7.43166
0.24 2.16 -7.87983 21.3389 -7.87983
0.24 2.28 -8.25074 20.8615 -8.25074
0.24 2.4 -8.54329 20.4455 -8.54329
0.24 2.52 -8.75924 20.1052 -8.75924
0.24 2.64 -8.90705 19.8473 -8.90705
0.24 2.76 -8.9975 19.6748 -8.9975
0.24 2.88 -9.0414 19.5882 -9.0414
0.24 3 -9.03715 19.595 -9.03715
0.24 3.12 -8.99041 19.6891 -8.99041
0.24 3.24 -8.88856 19.8769 -8.88856
0.24 3.36 -8.72415 20.1549 -8.72415
0.24 3.48 -8.4851 20.5194 -8.4851
0.24 3.6 -8.16315 20.9624 -8.16315
0.24 3.72 -7.76151 21.465 -7.76151
0.24 3.84 -7.28466 22.0084 -7.28466
0.24 3.96 -6.73727 22.573 -6.73727
0.24 4.08 -6.14456 23.1196 -6.14456
0.24 4.2 -5.52336 23.6107 -5.52336
0.24 4.32 -4.89063 23.9959 -4.89063
0.24 4.44 -4.27998 24.1787 -4.27998
0.24 4.56 -3.75058 23.9695 -3.75058
0.24 4.68 -3.41108 22.9717 -3.41108
0.24 4.8 -3.46492 20.3452 -3.46492
0.24 4.92 -3.85831 14.9046 -3.85831
0.24 5.04 -2.92943 6.79778 -2.92943
0.24 5.16 3.07022 0.395439 3.07022
0.24 5.28 13.4418 -0.550971 13.4418
0.24 5.4 22.1395 1.00224 22.1395
0.24 5.52 26.8192 1.98469 26.8192
0.24 5.64 42.4192 15.8192 42.4192
0.24 5.76 12.9846 -14.3674 12.9846
0.24 5.88 32.174 4.84802 32.174
0.36 0 18.6733 -6.64621 18.6733
0.36 0.12 22.5129 -2.31478 22.5129
0.36 0.24 19.9145 -3.39471 19.9145
0.36 0.36 20.573 0.44447 20.573
0.36 0.48 12.9364 -1.11386 12.9364
0.36 0.6 3.7125 -0.591105 3.7125
0.36 0.72 -2.74424 4.57307 -2.74424
0.36 0.84 -4.37119 12.493 -4.37119
0.36 0.96 -4.03464 18.6634 -4.03464
0.36 1.08 -3.8223 21.9717 -3.8223
0.36 1.2 -4.028 23.3829 -4.028
0.36 1.32 -4.48201 23.8123 -4.48201
0.36 1.44 -5.04261 23.7623 -5.04261
0.36 1.56 -5.64051 23.4672 -5.64051
0.36 1.68 -6.24359 23.0382 -6.24359
0.36 1.8 -6.82017 22.5477 -6.82017
0.36 1.92 -7.35294 22.0354 -7.35294
0.36 2.04 -7.8235 21.5358 -7.8235
0.36 2.16 -8.22392 21.0691 -8.22392
0.36 2.28 -8.54586 20.6552 -8.54586
0.36 2.4 -8.79199 20.3039 -8.79199
0.36 2.52 -8.96675 20.0243 -8.96675
0.36 2.64 -9.08229 19.8166 -9.08229
0.36 2.76 -9.15206 19.6786 -9.15206
0.36 2.88 -9.18729 19.6079 -9.18729
0.36 3 -9.18626 19.611 -9.18626
0.36 3.12 -9.15549 19.6807 -9.15549
0.36 3.24 -9.08093 19.8265 -9.08093
0.36 3.36 -8.95322 20.0493 -8.95322
0.36 3.48 -8.75799 20.3504 -8.75799
0.36 3.6 -8.48373 20.7277 -8.48373
0.36 3.72 -8.13031 21.1684 -8.13031
0.36 3.84 -7.69871 21.6588 -7.69871
0.36 3.96 -7.19094 22.1831 -7.19094
0.36 4.08 -6.6317 22.7046 -6.6317
0.36 4.2 -6.03632 23.19 -6.03632
0.36 4.32 -5.42166 23.5948 -5.42166
0.36 4.44 -4.81833 23.8394 -4.81833
0.36 4.56 -4.27303 23.7788 -4.27303
0.36 4.68 -3.86789 23.1217 -3.86789
0.36 4.8 -3.77898 21.2394 -3.77898
0.36 4.92 -4.12487 17.1131 -4.12487
0.36 5.04 -4.21596 10.1132 -4.21596
0.36 5.16 -1.34366 2.50505 -1.34366
0.36 5.28 6.41226 -1.17527 6.41226
0.36 5.4 15.4844 -0.798671 15.4844
0.36 5.52 21.7589 0.341285 21.7589
0.36 5.64 38.5771 14.5111 38.5771
0.36 5.76 9.81527 -15.4113 9.81527
0.36 5.88 29.0111 3.81018 29.0111
0.48 0 12.1852 -8.3947 12.1852
0.48 0.12 15.5889 -4.17837 15.5889
0.48 0.24 11.9319 -5.38906 11.9319
0.48 0.36 11.4155 -1.2634 11.4155
0.48 0.48 4.03199 -1.06537 4.03199
0.48 0.6 -1.95528 2.71909 -1.95528
0.48 0.72 -4.40112 9.61889 -4.40112
0.48 0.84 -4.3556 16.3387 -4.3556
0.48 0.96 -3.95678 20.6571 -3.95678
0.48 1.08 -3.94604 22.7997 -3.94604
0.48 1.2 -4.26458 23.6508 -4.26458
0.48 1.32 -4.75277 23.8331 -4.75277
0.48 1.44 -5.30901 23.6788 -5.30901
0.48 1.56 -5.88346 23.3478 -5.88346
0.48 1.68 -6.45074 22.9213 -6.45074
0.48 1.8 -6.98151 22.4592 -6.98151
0.48 1.92 -7.45971 21.9952 -7.45971
0.48 2.04 -7.86847 21.5597 -7.86847
0.48 2.16 -8.20228 21.1687 -8.20228
0.48 2.28 -8.45701 20.8366 -8.45701
0.48 2.4 -8.64065 20.5657 -8.64065
0.48 2.52 -8.7615 20.3591 -8.7615
0.48 2.64 -8.83575 20.2102 -8.83575
0.48 2.76 -8.87872 20.1122 -8.87872
0.48 2.88 -8.90237 20.0601 -8.90237
0.48 3 -8.90573 20.0583 -8.90573
0.48 3.12 -8.89522 20.0999 -8.89522
0.48 3.24 -8.85589 20.1965 -8.85589
0.48 3.36 -8.77616 20.3533 -8.77616
0.48 3.48 -8.63952 20.5766 -8.63952
0.48 3.6 -8.43028 20.8714 -8.43028
0.48 3.72 -8.14312 21.2323 -8.14312
0.48 3.84 -7.77442 21.652 -7.77442
0.48 3.96 -7.32392 22.1189 -7.32392
0.48 4.08 -6.81404 22.6004 -6.81404
0.48 4.2 -6.25858 23.0678 -6.25858
0.48 4.32 -5.67419 23.4828 -5.67419
0.48 4.44 -5.0886 23.7822 -5.0886
0.48 4.56 -4.53828 23.8616 -4.53828
0.48 4.68 -4.07873 23.5288 -4.07873
0.48 4.8 -3.83998 22.3701 -3.83998
0.48 4.92 -3.98187 19.6658 -3.98187
0.48 5.04 -4.43525 14.5707 -4.43525
0.48 5.16 -4.03632 7.42821 -4.03632
0.48 5.28 -0.532842 1.16113 -0.532842
0.48 5.4 6.1774 -1.49178 6.1774
0.48 5.52 12.876 -1.58339 12.876
0.48 5.64 30.9767 12.4875 30.9767
0.48 5.76 3.12251 -17.2427 3.12251
0.48 5.88 22.3144 1.88853 22.3144
0.6 0 0.768017 -10.2121 0.768017
0.6 0.12 4.01215 -5.80514 4.01215
0.6 0.24 0.383673 -6.06569 0.383673
0.6 0.36 1.08937 0.11068 1.08937
0.6 0.48 -2.8729 3.41391 -2.8729
0.6 0.6 -4.57396 9.19686 -4.57396
0.6 0.72 -4.58354 15.2313 -4.58354
0.6 0.84 -4.13314 19.6977 -4.13314
0.6 0.96 -3.97266 22.2404 -3.97266
0.6 1.08 -4.16118 23.4192 -4.16118
0.6 1.2 -4.56308 23.8177 -4.56308
0.6 1.32 -5.06632 23.7993 -5.06632
0.6 1.44 -5.60551 23.5622 -5.60551
0.6 1.56 -6.14485 23.2096 -6.14485
0.6 1.68 -6.66333 22.7993 -6.66333
0.6 1.8 -7.13407 22.3796 -7.13407
0.6 1.92 -7.54225 21.9786 -7.54225
0.6 2.04 -7.87292 21.6223 -7.87292
0.6 2.16 -8.12438 21.3211 -8.12438
0.6 2.28 -8.29847 21.0821 -8.29847
0.6 2.4 -8.40892 20.8998 -8.40892
0.6 2.52 -8.46787 20.7711 -8.46787
0.6 2.64 -8.49522 20.6836 -8.49522
0.6 2.76 -8.508 20.6268 -8.508
0.6 2.88 -8.51876 20.5935 -8.51876
0.6 3 -8.52707 20.5866 -8.52707
0.6 3.12 -8.53921 20.5995 -8.53921
0.6 3.24 -8.53958 20.645 -8.53958
0.6 3.36 -8.51472 20.7323 -8.51472
0.6 3.48 -8.44609 20.8714 -8.44609
0.6 3.6 -8.31419 21.0737 -8.31419
0.6 3.72 -8.10837 21.3416 -8.10837
0.6 3.84 -7.8188 21.6759 -7.8188
0.6 3.96 -7.44139 22.0704 -7.44139
0.6 4.08 -6.99566 22.4974 -6.99566
0.6 4.2 -6.49355 22.9332 -6.49355
0.6 4.32 -5.95113 23.3456 -5.95113
0.6 4.44 -5.39419 23.6844 -5.39419
0.6 4.56 -4.85254 23.8765 -4.85254
0.6 4.68 -4.36168 23.8049 -4.36168
0.6 4.8 -4.00688 23.2254 -4.00688
0.6 4.92 -3.90776 21.7177 -3.90776
0.6 5.04 -4.18727 18.6537 -4.18727
0.6 5.16 -4.64824 13.6178 -4.64824
0.6 5.28 -4.31152 7.39003 -4.31152
0.6 5.4 -1.97615 2.09337 -1.97615
0.6 5.52 1.90197 -0.980775 1.90197
0.6 5.64 19.2008 11.3006 19.2008
0.6 5.76 -8.40174 -18.8849 -8.40174
0.6 5.88 10.6116 -0.277497 10.6116
0.72 0 -10.0623 -6.91279 -10.0623
0.72 0.12 -6.26385 -2.02866 -6.26385
0.72 0.24 -7.98389 -0.688662 -7.98389
0.72 0.36 -4.27543 7.26181 -4.27543
0.72 0.48 -4.95973 11.3566 -4.95973
0.72 0.6 -4.66757 15.9561 -4.66757
0.72 0.72 -4.24473 19.6329 -4.24473
0.72 0.84 -4.04064 22.0089 -4.04064
0.72 0.96 -4.1458 23.2629 -4.1458
0.72 1.08 -4.4691 23.7796 -4.4691
0.72 1.2 -4.91255 23.864 -4.91255
0.72 1.32 -5.40861 23.7057 -5.40861
0.72 1.44 -5.91612 23.4163 -5.91612
0.72 1.56 -6.40732 23.0619 -6.40732
0.72 1.68 -6.86345 22.684 -6.86345
0.72 1.8 -7.25997 22.3217 -7.25997
0.72 1.92 -7.58362 21.9976 -7.58362
0.72 2.04 -7.82275 21.7322 -7.82275
0.72 2.16 -7.98137 21.5287 -7.98137
0.72 2.28 -8.06753 21.3861 -8.06753
0.72 2.4 -8.09948 21.2928 -8.09948
0.72 2.52 -8.09298 21.2404 -8.09298
0.72 2.64 -8.0713 21.2118 -8.0713
0.72 2.76 -8.05286 21.1937 -8.05286
0.72 2.88 -8.05054 21.1777 -8.05054
0.72 3 -8.06405 21.1661 -8.06405
0.72 3.12 -8.09964 21.1521 -8.09964
0.72 3.24 -8.14134 21.1493 -8.14134
0.72 3.36 -8.17426 21.1692 -8.17426
0.72 3.48 -8.17781 21.2253 -8.17781
0.72 3.6 -8.12918 21.3337 -8.12918
0.72 3.72 -8.01423 21.5025 -8.01423
0.72 3.84 -7.81677 21.7406 -7.81677
0.72 3.96 -7.52671 22.0496 -7.52671
0.72 4.08 -7.15942 22.4079 -7.15942
0.72 4.2 -6.72429 22.7968 -6.72429
0.72 4.32 -6.23658 23.1898 -6.23658
0.72 4.44 -5.72068 23.5466 -5.72068
0.72 4.56 -5.20303 23.8147 -5.20303
0.72 4.68 -4.70771 23.925 -4.70771
0.72 4.8 -4.28884 23.742 -4.28884
0.72 4.92 -4.01519 23.0546 -4.01519
0.72 5.04 -3.99432 21.5242 -3.99432
0.72 5.16 -4.29467 18.7812 -4.29467
0.72 5.28 -4.75955 14.7615 -4.75955
0.72 5.4 -4.90589 10.1068 -4.90589
0.72 5.52 -4.44129 5.82096 -4.44129
0.72 5.64 9.94428 16.1673 9.94428
0.72 5.76 -18.8513 -14.9159 -18.8513
0.72 5.88 -0.555167 2.4968 -0.555167
0.84 0 -13.5584 2.11976 -13.5584
0.84 0.12 -9.32229 6.97108 -9.32229
0.84 0.24 -9.70202 8.36896 -9.70202
0.84 0.36 -4.68945 15.6341 -4.68945
0.84 0.48 -4.59413 18.1032 -4.59413
0.84 0.6 -4.23536 20.5377 -4.23536
0.84 0.72 -4.10183 22.2632 -4.10183
0.84 0.84 -4.18326 23.304 -4.18326
0.84 0.96 -4.45165 23.7936 -4.45165
0.84 1.08 -4.83685 23.9154 -4.83685
0.84 1.2 -5.28438 23.8087 -5.28438
0.84 1.32 -5.75309 23.5687 -5.75309
0.84 1.44 -6.21432 23.2592 -6.21432
0.84 1.56 -6.64407 22.9248 -6.64407
0.84 1.68 -7.02461 22.5966 -7.02461
0.84 1.8 -7.33397 22.3058 -7.33397
0.84 1.92 -7.56172 22.0695 -7.56172
0.84 2.04 -7.7012 21.9009 -7.7012
0.84 2.16 -7.76256 21.7954 -7.76256
0.84 2.28 -7.75825 21.7461 -7.75825
0.84 2.4 -7.71038 21.7365 -7.71038
0.84 2.52 -7.63929 21.753 -7.63929
0.84 2.64 -7.57011 21.7757 -7.57011
0.84 2.76 -7.52174 21.7906 -7.52174
0.84 2.88 -7.50709 21.7893 -7.50709
0.84 3 -7.52552 21.774 -7.52552
0.84 3.12 -7.58353 21.7374 -7.58353
0.84 3.24 -7.66513 21.6931 -7.66513
0.84 3.36 -7.75508 21.653 -7.75508
0.84 3.48 -7.83168 21.6321 -7.83168
0.84 3.6 -7.86788 21.6515 -7.86788
0.84 3.72 -7.84697 21.7227 -7.84697
0.84 3.84 -7.74859 21.8609 -7.74859
0.84 3.96 -7.55641 22.0754 -7.55641
0.84 4.08 -7.27996 22.3523 -7.27996
0.84 4.2 -6.92483 22.6791 -6.92483
0.84 4.32 -6.50463 23.0344 -6.50463
0.84 4.44 -6.04248 23.3855 -6.04248
0.84 4.56 -5.5634 23.6923 -5.5634
0.84 4.68 -5.08684 23.912 -5.08684
0.84 4.8 -4.65006 23.9687 -4.65006
0.84 4.92 -4.29013 23.764 -4.29013
0.84 5.04 -4.06841 23.1453 -4.06841
0.84 5.16 -4.05094 21.9335 -4.05094
0.84 5.28 -4.26374 20.0137 -4.26374
0.84 5.4 -4.63026 17.4953 -4.63026
0.84 5.52 -5.09176 14.6849 -5.09176
0.84 5.64 7.85333 25.4981 7.85333
0.84 5.76 -21.7159 -5.31069 -21.7159
0.84 5.88 -4.40215 11.1236 -4.40215
0.96 0 -13.1387 9.79729 -13.1387
0.96 0.12 -8.90916 14.2917 -8.90916
0.96 0.24 -9.11861 14.9028 -9.11861
0.96 0.36 -4.13635 20.891 -4.13635
0.96 0.48 -4.23547 21.8489 -4.23547
0.96 0.6 -4.1639 22.8702 -4.1639
0.96 0.72 -4.27588 23.527 -4.27588
0.96 0.84 -4.50662 23.8795 -4.50662
0.96 0.96 -4.83887 23.9732 -4.83887
0.96 1.08 -5.23229 23.8857 -5.23229
0.96 1.2 -5.65575 23.6798 -5.65575
0.96 1.32 -6.07946 23.407 -6.07946
0.96 1.44 -6.47997 23.108 -6.47997
0.96 1.56 -6.8349 22.8153 -6.8349
0.96 1.68 -7.12751 22.5532 -7.12751
0.96 1.8 -7.3394 22.3455 -7.3394
0.96 1.92 -7.46441 22.2025 -7.46441
0.96 2.04 -7.50137 22.1304 -7.50137
0.96 2.16 -7.46532 22.1177 -7.46532
0.96 2.28 -7.37245 22.1529 -7.37245
0.96 2.4 -7.24961 22.2145 -7.24961
0.96 2.52 -7.12066 22.2852 -7.12066
0.96 2.64 -7.00923 22.3468 -7.00923
0.96 2.76 -6.93429 22.3862 -6.93429
0.96 2.88 -6.90875 22.3956 -6.90875
0.96 3 -6.93154 22.3783 -6.93154
0.96 3.12 -7.00943 22.326 -7.00943
0.96 3.24 -7.12646 22.2513 -7.12646
0.96 3.36 -7.26705 22.1653 -7.26705
0.96 3.48 -7.41175 22.0803 -7.41175
0.96 3.6 -7.53051 22.0202 -7.53051
0.96 3.72 -7.60272 22.0012 -7.60272
0.96 3.84 -7.6047 22.0424 -7.6047
0.96 3.96 -7.51575 22.1593 -7.51575
0.96 4.08 -7.33931 22.3457 -7.33931
0.96 4.2 -7.07573 22.5965 -7.07573
0.96 4.32 -6.73563 22.8961 -6.73563
0.96 4.44 -6.34023 23.2178 -6.34023
0.96 4.56 -5.91368 23.5294 -5.91368
0.96 4.68 -5.47455 23.8007 -5.47455
0.96 4.8 -5.05268 23.9846 -5.05268
0.96 4.92 -4.67155 24.0333 -4.67155
0.96 5.04 -4.3657 23.8806 -4.3657
0.96 5.16 -4.16927 23.4583 -4.16927
0.96 5.28 -4.10866 22.7199 -4.10866
0.96 5.4 -4.18215 21.6914 -4.18215
0.96 5.52 -4.43602 20.4247 -4.43602
0.96 5.64 8.4496 32.3913 8.4496
0.96 5.76 -20.9929 2.4304 -20.9929
0.96 5.88 -4.23857 18.6156 -4.23857
1.08 0 -12.7311 13.6733 -12.7311
1.08 0.12 -8.59685 17.9147 -8.59685
1.08 0.24 -8.87408 18.0025 -8.87408
1.08 0.36 -4.065 23.2553 -4.065
1.08 0.48 -4.3411 23.4559 -4.3411
1.08 0.6 -4.42505 23.8205 -4.42505
1.08 0.72 -4.63664 23.9949 -4.63664
1.08 0.84 -4.91221 24.0333 -4.91221
1.08 0.96 -5.24787 23.9425 -5.24787
1.08 1.08 -5.61662 23.7598 -5.61662
1.08 1.2 -5.99623 23.5178 -5.99623
1.08 1.32 -6.36031 23.2507 -6.36031
1.08 1.44 -6.68734 22.9881 -6.68734
1.08 1.56 -6.9561 22.7557 -6.9561
1.08 1.68 -7.15178 22.572 -7.15178
1.08 1.8 -7.26056 22.4534 -7.26056
1.08 1.92 -7.28124 22.4034 -7.28124
1.08 2.04 -7.21767 22.4211 -7.21767
1.08 2.16 -7.08946 22.4896 -7.08946
1.08 2.28 -6.91716 22.592 -6.91716
1.08 2.4 -6.73013 22.7043 -6.73013
1.08 2.52 -6.55131 22.8105 -6.55131
1.08 2.64 -6.40238 22.8968 -6.40238
1.08 2.76 -6.30396 22.9508 -6.30396
1.08 2.88 -6.26891 22.9668 -6.26891
1.08 3 -6.29563 22.9496 -6.29563
1.08 3.12 -6.39133 22.8894 -6.39133
1.08 3.24 -6.54042 22.7965 -6.54042
1.08 3.36 -6.72463 22.6821 -6.72463
1.08 3.48 -6.92672 22.5536 -6.92672
1.08 3.6 -7.11879 22.4322 -7.11879
1.08 3.72 -7.27847 22.3357 -7.27847
1.08 3.84 -7.37743 22.2887 -7.37743
1.08 3.96 -7.3915 22.3112 -7.3915
1.08 4.08 -7.31904 22.404 -7.31904
1.08 4.2 -7.15477 22.5694 -7.15477
1.08 4.32 -6.90493 22.7984 -6.90493
1.08 4.44 -6.58772 23.0702 -6.58772
1.08 4.56 -6.22599 23.3582 -6.22599
1.08 4.68 -5.83871 23.6382 -5.83871
1.08 4.8 -5.45286 23.8757 -5.45286
1.08 4.92 -5.08838 24.0424 -5.08838
1.08 5.04 -4.76963 24.1047 -4.76963
1.08 5.16 -4.51422 24.0376 -4.51422
1.08 5.28 -4.33687 23.828 -4.33687
1.08 5.4 -4.24055 23.4913 -4.24055
1.08 5.52 -4.28792 23.0078 -4.28792
1.08 5.64 8.69211 35.6009 8.69211
1.08 5.76 -20.4825 6.22156 -20.4825
1.08 5.88 -4.08005 22.3037 -4.08005
1.2 0 -12.8704 15.1523 -12.8704
1.2 0.12 -8.80418 19.2644 -8.80418
1.2 0.24 -9.10066 19.1412 -9.10066
1.2 0.36 -4.36744 24.0845 -4.36744
1.2 0.48 -4.70392 23.9796 -4.70392
1.2 0.6 -4.83214 24.079 -4.83214
1.2 0.72 -5.06042 24.0569 -5.06042
1.2 0.84 -5.32853 23.966 -5.32853
1.2 0.96 -5.63696 23.8026 -5.63696
1.2 1.08 -5.96224 23.5917 -5.96224
1.2 1.2 -6.2845 23.3558 -6.2845
1.2 1.32 -6.57778 23.1227 -6.57778
1.2 1.44 -6.82168 22.9162 -6.82168
1.2 1.56 -6.99681 22.7571 -6.99681
1.2 1.68 -7.09138 22.6581 -7.09138
1.2 1.8 -7.0968 22.6285 -7.0968
1.2 1.92 -7.01698 22.6645 -7.01698
1.2 2.04 -6.86053 22.7589 -6.86053
1.2 2.16 -6.65154 22.8887 -6.65154
1.2 2.28 -6.41207 23.0347 -6.41207
1.2 2.4 -6.16876 23.1759 -6.16876
1.2 2.52 -5.94509 23.2984 -5.94509
1.2 2.64 -5.76438 23.3905 -5.76438
1.2 2.76 -5.6469 23.4449 -5.6469
1.2 2.88 -5.60426 23.4617 -5.60426
1.2 3 -5.63406 23.4482 -5.63406
1.2 3.12 -5.74405 23.3925 -5.74405
1.2 3.24 -5.92084 23.2983 -5.92084
1.2 3.36 -6.14539 23.173 -6.14539
1.2 3.48 -6.398 23.0219 -6.398
1.2 3.6 -6.65106 22.8633 -6.65106
1.2 3.72 -6.88653 22.71 -6.88653
1.2 3.84 -7.07395 22.5898 -7.07395
1.2 3.96 -7.18566 22.5275 -7.18566
1.2 4.08 -7.21551 22.5299 -7.21551
1.2 4.2 -7.15305 22.6065 -7.15305
1.2 4.32 -6.99938 22.7553 -6.99938
1.2 4.44 -6.76859 22.9619 -6.76859
1.2 4.56 -6.48114 23.2047 -6.48114
1.2 4.68 -6.15617 23.4628 -6.15617
1.2 4.8 -5.81939 23.7075 -5.81939
1.2 4.92 -5.49121 23.9164 -5.49121
1.2 5.04 -5.1937 24.0661 -5.1937
1.2 5.16 -4.93862 24.1449 -4.93862
1.2 5.28 -4.73689 24.1477 -4.73689
1.2 5.4 -4.59 24.0848 -4.59
1.2 5.52 -4.55816 23.9157 -4.55816
1.2 5.64 8.43956 36.7391 8.43956
1.2 5.76 -20.5471 7.66744 -20.5471
1.2 5.88 -4.46259 23.5712 -4.46259
1.32 0 -13.2582 15.5512 -13.2582
1.32 0.12 -9.2368 19.5947 -9.2368
1.32 0.24 -9.51377 19.4095 -9.51377
1.32 0.36 -4.79679 24.2375 -4.79679
1.32 0.48 -5.13717 24.0217 -5.13717
1.32 0.6 -5.26121 24.0243 -5.26121
1.32 0.72 -5.47177 23.9324 -5.47177
1.32 0.84 -5.70998 23.8002 -5.70998
1.32 0.96 -5.97644 23.623 -5.97644
1.32 1.08 -6.24745 23.4237 -6.24745
1.32 1.2 -6.50339 23.2216 -6.50339
1.32 1.32 -6.71828 23.042 -6.71828
1.32 1.44 -6.87329 22.9047 -6.87329
1.32 1.56 -6.95188 22.8257 -6.95188
1.32 1.68 -6.9464 22.8115 -6.9464
1.32 1.8 -6.85357 22.8641 -6.85357
1.32 1.92 -6.68227 22.9726 -6.68227
1.32 2.04 -6.4451 23.1237 -6.4451
1.32 2.16 -6.168 23.2905 -6.168
1.32 2.28 -5.87055 23.4548 -5.87055
1.32 2.4 -5.57911 23.5972 -5.57911
1.32 2.52 -5.32331 23.7008 -5.32331
1.32 2.64 -5.12149 23.7652 -5.12149
1.32 2.76 -4.99005 23.7972 -4.99005
1.32 2.88 -4.94166 23.8059 -4.94166
1.32 3 -4.9737 23.8029 -4.9737
1.32 3.12 -5.09397 23.7725 -5.09397
1.32 3.24 -5.28872 23.7091 -5.28872
1.32 3.36 -5.5419 23.6068 -5.5419
1.32 3.48 -5.83862 23.4595 -5.83862
1.32 3.6 -6.14455 23.2883 -6.14455
1.32 3.72 -6.44313 23.1033 -6.44313
1.32 3.84 -6.70625 22.9312 -6.70625
1.32 3.96 -6.90551 22.7994 -6.90551
1.32 4.08 -7.03092 22.7209 -7.03092
1.32 4.2 -7.06744 22.7116 -7.06744
1.32 4.32 -7.01094 22.7768 -7.01094
1.32 4.44 -6.87067 22.9088 -6.87067
1.32 4.56 -6.66353 23.0915 -6.66353
1.32 4.68 -6.40782 23.3067 -6.40782
1.32 4.8 -6.128 23.5294 -6.128
1.32 4.92 -5.84592 23.7381 -5.84592
1.32 5.04 -5.58421 23.9113 -5.58421
1.32 5.16 -5.35317 24.0406 -5.35317
1.32 5.28 -5.1641 24.1199 -5.1641
1.32 5.4 -5.01758 24.1558 -5.01758
1.32 5.52 -4.96912 24.1023 -4.96912
1.32 5.64 8.00969 36.9937 8.00969
1.32 5.76 -20.857 8.088 -20.857
1.32 5.88 -5.05454 23.7821 -5.05454
1.44 0 -13.6776 15.5184 -13.6776
1.44 0.12 -9.68877 19.52 -9.68877
1.44 0.24 -9.93557 19.3298 -9.93557
1.44 0.36 -5.21257 24.1211 -5.21257
1.44 0.48 -5.53808 23.8729 -5.53808
1.44 0.6 -5.64194 23.8491 -5.64194
1.44 0.72 -5.82362 23.7437 -5.82362
1.44 0.84 -6.02442 23.6124 -6.02442
1.44 0.96 -6.24343 23.4526 -6.24343
1.44 1.08 -6.45569 23.2875 -6.45569
1.44 1.2 -6.64146 23.1357 -6.64146
1.44 1.32 -6.77523 23.0208 -6.77523
1.44 1.44 -6.84065 22.9586 -6.84065
1.44 1.56 -6.82498 22.9599 -6.82498
1.44 1.68 -6.72544 23.0243 -6.72544
1.44 1.8 -6.5438 23.1466 -6.5438
1.44 1.92 -6.29313 23.3092 -6.29313
1.44 2.04 -5.9881 23.4933 -5.9881
1.44 2.16 -5.65449 23.6687 -5.65449
1.44 2.28 -5.31189 23.8143 -5.31189
1.44 2.4 -4.99025 23.9063 -4.99025
1.44 2.52 -4.71581 23.9344 -4.71581
1.44 2.64 -4.49619 23.9224 -4.49619
1.44 2.76 -4.35389 23.8932 -4.35389
1.44 2.88 -4.30164 23.8775 -4.30164
1.44 3 -4.33465 23.899 -4.33465
1.44 3.12 -4.4632 23.9306 -4.4632
1.44 3.24 -4.67438 23.9447 -4.67438
1.44 3.36 -4.94343 23.9216 -4.94343
1.44 3.48 -5.26684 23.8295 -5.26684
1.44 3.6 -5.61438 23.6816 -5.61438
1.44 3.72 -5.96551 23.4928 -5.96551
1.44 3.84 -6.29136 23.2931 -6.29136
1.44 3.96 -6.56543 23.1118 -6.56543
1.44 4.08 -6.77573 22.9666 -6.77573
1.44 4.2 -6.90368 22.8802 -6.90368
1.44 4.32 -6.94018 22.8647 -6.94018
1.44 4.44 -6.88942 22.9195 -6.88942
1.44 4.56 -6.76383 23.0345 -6.76383
1.44 4.68 -6.57961 23.1948 -6.57961
1.44 4.8 -6.35951 23.3785 -6.35951
1.44 4.92 -6.12651 23.5639 -6.12651
1.44 5.04 -5.90461 23.7291 -5.90461
1.44 5.16 -5.70434 23.8653 -5.70434
1.44 5.28 -5.53888 23.9635 -5.53888
1.44 5.4 -5.40853 24.0281 -5.40853
1.44 5.52 -5.36509 24.0124 -5.36509
1.44 5.64 7.58822 36.915 7.58822
1.44 5.76 -21.2013 8.10462 -21.2013
1.44 5.88 -5.62404 23.61 -5.62404
1.56 0 -14.0228 15.3313 -14.0228
1.56 0.12 -10.0593 19.3047 -10.0593
1.56 0.24 -10.2791 19.1295 -10.2791
1.56 0.36 -5.54477 23.9176 -5.54477
1.56 0.48 -5.85305 23.6699 -5.85305
1.56 0.6 -5.93504 23.6507 -5.93504
1.56 0.72 -6.08786 23.5577 -6.08786
1.56 0.84 -6.25203 23.4478 -6.25203
1.56 0.96 -6.42463 23.3209 -6.42463
1.56 1.08 -6.57927 23.2014 -6.57927
1.56 1.2 -6.69626 23.1076 -6.69626
1.56 1.32 -6.75138 23.0609 -6.75138
1.56 1.44 -6.73155 23.073 -6.73155
1.56 1.56 -6.62856 23.1486 -6.62856
1.56 1.68 -6.44482 23.2805 -6.44482
1.56 1.8 -6.18642 23.4561 -6.18642
1.56 1.92 -5.86954 23.6509 -5.86954
1.56 2.04 -5.50998 23.8395 -5.50998
1.56 2.16 -5.13485 23.9832 -5.13485
1.56 2.28 -4.76538 24.0505 -4.76538
1.56 2.4 -4.42667 24.0154 -4.42667
1.56 2.52 -4.1405 23.8756 -4.1405
1.56 2.64 -3.92283 23.672 -3.92283
1.56 2.76 -3.79259 23.4781 -3.79259
1.56 2.88 -3.74534 23.3963 -3.74534
1.56 3 -3.77158 23.4803 -3.77158
1.56 3.12 -3.88561 23.6757 -3.88561
1.56 3.24 -4.09439 23.8815 -4.09439
1.56 3.36 -4.37452 24.0286 -4.37452
1.56 3.48 -4.7121 24.0689 -4.7121
1.56 3.6 -5.08325 24.0045 -5.08325
1.56 3.72 -5.47319 23.8515 -5.47319
1.56 3.84 -5.84917 23.6526 -5.84917
1.56 3.96 -6.18483 23.444 -6.18483
1.56 4.08 -6.46734 23.2501 -6.46734
1.56 4.2 -6.67583 23.0994 -6.67583
1.56 4.32 -6.79682 23.0116 -6.79682
1.56 4.44 -6.82964 22.9927 -6.82964
1.56 4.56 -6.78176 23.0392 -6.78176
1.56 4.68 -6.66621 23.1405 -6.66621
1.56 4.8 -6.50346 23.2774 -6.50346
1.56 4.92 -6.31701 23.4286 -6.31701
1.56 5.04 -6.13224 23.5708 -6.13224
1.56 5.16 -5.96077 23.6939 -5.96077
1.56 5.28 -5.81811 23.7863 -5.81811
1.56 5.4 -5.70493 23.8508 -5.70493
1.56 5.52 -5.67123 23.8408 -5.67123
1.56 5.64 7.26371 36.7378 7.26371
1.56 5.76 -21.4807 7.97853 -21.4807
1.56 5.88 -6.05474 23.3478 -6.05474
1.68 0 -14.2431 15.0978 -14.2431
1.68 0.12 -10.2997 19.0529 -10.2997
1.68 0.24 -10.5014 18.9009 -10.5014
1.68 0.36 -5.75731 23.7047 -5.75731
1.68 0.48 -6.05266 23.4759 -6.05266
1.68 0.6 -6.11802 23.4778 -6.11802
1.68 0.72 -6.2484 23.4099 -6.2484
1.68 0.84 -6.38264 23.3309 -6.38264
1.68 0.96 -6.5154 23.243 -6.5154
1.68 1.08 -6.61886 23.1724 -6.61886
1.68 1.2 -6.67356 23.137 -6.67356
1.68 1.32 -6.65724 23.1559 -6.65724
1.68 1.44 -6.56072 23.2361 -6.56072
1.68 1.56 -6.38065 23.376 -6.38065
1.68 1.68 -6.12464 23.5609 -6.12464
1.68 1.8 -5.80237 23.771 -5.80237
1.68 1.92 -5.43273 23.9728 -5.43273
1.68 2.04 -5.03336 24.1294 -5.03336
1.68 2.16 -4.63398 24.1835 -4.63398
1.68 2.28 -4.25556 24.0816 -4.25556
1.68 2.4 -3.92492 23.7726 -3.92492
1.68 2.52 -3.68258 23.2287 -3.68258
1.68 2.64 -3.5293 22.5487 -3.5293
1.68 2.76 -3.44406 21.9628 -3.44406
1.68 2.88 -3.41242 21.7243 -3.41242
1.68 3 -3.42304 21.9541 -3.42304
1.68 3.12 -3.4912 22.5364 -3.4912
1.68 3.24 -3.6346 23.2198 -3.6346
1.68 3.36 -3.87023 23.7755 -3.87023
1.68 3.48 -4.19887 24.0951 -4.19887
1.68 3.6 -4.57641 24.2061 -4.57641
1.68 3.72 -4.98824 24.1473 -4.98824
1.68 3.84 -5.40039 23.9855 -5.40039
1.68 3.96 -5.78468 23.7748 -5.78468
1.68 4.08 -6.1264 23.5514 -6.1264
1.68 4.2 -6.40297 23.3519 -6.40297
1.68 4.32 -6.59715 23.2035 -6.59715
1.68 4.44 -6.70381 23.1194 -6.70381
1.68 4.56 -6.72532 23.1023 -6.72532
1.68 4.68 -6.67075 23.1466 -6.67075
1.68 4.8 -6.55804 23.2363 -6.55804
1.68 4.92 -6.4105 23.3504 -6.4105
1.68 5.04 -6.25489 23.4642 -6.25489
1.68 5.16 -6.10455 23.5658 -6.10455
1.68 5.28 -5.9776 23.641 -5.9776
1.68 5.4 -5.87592 23.6912 -5.87592
1.68 5.52 -5.84973 23.6704 -5.84973
1.68 5.64 7.07654 36.5554 7.07654
1.68 5.76 -21.6497 7.81233 -21.6497
1.68 5.88 -6.2966 23.1079 -6.2966
1.8 0 -14.3247 14.8203 -14.3247
1.8 0.12 -10.3953 18.7695 -10.3953
1.8 0.24 -10.5894 18.6518 -10.5894
1.8 0.36 -5.83858 23.4937 -5.83858
1.8 0.48 -6.12778 23.3033 -6.12778
1.8 0.6 -6.185 23.3421 -6.185
1.8 0.72 -6.30324 23.3094 -6.30324
1.8 0.84 -6.41829 23.2665 -6.41829
1.8 0.96 -6.52188 23.2191 -6.52188
1.8 1.08 -6.58455 23.1959 -6.58455
1.8 1.2 -6.58717 23.2146 -6.58717
1.8 1.32 -6.50992 23.2922 -6.50992
1.8 1.44 -6.34785 23.4308 -6.34785
1.8 1.56 -6.10257 23.6226 -6.10257
1.8 1.68 -5.78679 23.8448 -5.78679
1.8 1.8 -5.4134 24.0692 -5.4134
1.8 1.92 -5.00454 24.2492 -5.00454
1.8 2.04 -4.58158 24.3258 -4.58158
1.8 2.16 -4.18061 24.2027 -4.18061
1.8 2.28 -3.83447 23.7607 -3.83447
1.8 2.4 -3.59143 22.857 -3.59143
1.8 2.52 -3.48244 21.4299 -3.48244
1.8 2.64 -3.44474 19.7338 -3.44474
1.8 2.76 -3.44052 18.2968 -3.44052
1.8 2.88 -3.43799 17.716 -3.43799
1.8 3 -3.41866 18.2666 -3.41866
1.8 3.12 -3.40781 19.6865 -3.40781
1.8 3.24 -3.43769 21.3862 -3.43769
1.8 3.36 -3.539 22.8356 -3.539
1.8 3.48 -3.77812 23.7609 -3.77812
1.8 3.6 -4.12203 24.2196 -4.12203
1.8 3.72 -4.53361 24.3436 -4.53361
1.8 3.84 -4.96606 24.2671 -4.96606
1.8 3.96 -5.38598 24.0829 -5.38598
1.8 4.08 -5.77447 23.8501 -5.77447
1.8 4.2 -6.10661 23.6179 -6.10661
1.8 4.32 -6.36158 23.4225 -6.36158
1.8 4.44 -6.53021 23.284 -6.53021
1.8 4.56 -6.60986 23.2119 -6.60986
1.8 4.68 -6.60523 23.2058 -6.60523
1.8 4.8 -6.53156 23.2524 -6.53156
1.8 4.92 -6.41154 23.3311 -6.41154
1.8 5.04 -6.27328 23.4157 -6.27328
1.8 5.16 -6.13264 23.4912 -6.13264
1.8 5.28 -6.01076 23.5406 -6.01076
1.8 5.4 -5.912 23.564 -5.912
1.8 5.52 -5.88928 23.5149 -5.88928
1.8 5.64 7.03878 36.3794 7.03878
1.8 5.76 -21.6977 7.61409 -21.6977
1.8 5.88 -6.33317 22.9031 -6.33317
1.92 0 -14.2966 14.3794 -14.2966
1.92 0.12 -10.3708 18.3462 -10.3708
1.92 0.24 -10.563 18.2974 -10.563
1.92 0.36 -5.80345 23.226 -5.80345
1.92 0.48 -6.0902 23.1157 -6.0902
1.92 0.6 -6.14677 23.2216 -6.14677
1.92 0.72 -6.26369 23.2418 -6.26369
1.92 0.84 -6.37179 23.2431 -6.37179
1.92 0.96 -6.45877 23.2376 -6.45877
1.92 1.08 -6.49304 23.2583 -6.49304
1.92 1.2 -6.45559 23.3249 -6.45559
1.92 1.32 -6.32923 23.4525 -6.32923
1.92 1.44 -6.11343 23.6389 -6.11343
1.92 1.56 -5.81469 23.8698 -5.81469
1.92 1.68 -5.45086 24.1139 -5.45086
1.92 1.8 -5.03839 24.3317 -5.03839
1.92 1.92 -4.60463 24.4557 -4.60463
1.92 2.04 -4.18008 24.3856 -4.18008
1.92 2.16 -3.82049 23.9404 -3.82049
1.92 2.28 -3.59029 22.8494 -3.59029
1.92 2.4 -3.54468 20.7909 -3.54468
1.92 2.52 -3.63464 17.6797 -3.63464
1.92 2.64 -3.6562 14.1411 -3.6562
1.92 2.76 -3.50033 11.383 -3.50033
1.92 2.88 -3.36813 10.356 -3.36813
1.92 3 -3.4688 11.3256 -3.4688
1.92 3.12 -3.61235 14.041 -3.61235
1.92 3.24 -3.59182 17.5763 -3.59182
1.92 3.36 -3.50017 20.7226 -3.50017
1.92 3.48 -3.54049 22.8225 -3.54049
1.92 3.6 -3.76574 23.9443 -3.76574
1.92 3.72 -4.1342 24.3979 -4.1342
1.92 3.84 -4.56515 24.4739 -4.56515
1.92 3.96 -5.00673 24.3503 -5.00673
1.92 4.08 -5.43036 24.1288 -5.43036
1.92 4.2 -5.80661 23.8793 -5.80661
1.92 4.32 -6.11054 23.6499 -6.11054
1.92 4.44 -6.32907 23.4686 -6.32907
1.92 4.56 -6.45467 23.3515 -6.45467
1.92 4.68 -6.48748 23.3031 -6.48748
1.92 4.8 -6.44008 23.3125 -6.44008
1.92 4.92 -6.33431 23.3589 -6.33431
1.92 5.04 -6.19989 23.4127 -6.19989
1.92 5.16 -6.05626 23.4542 -6.05626
1.92 5.28 -5.9286 23.4613 -5.9286
1.92 5.4 -5.82547 23.4316 -5.82547
1.92 5.52 -5.8051 23.3189 -5.8051
1.92 5.64 7.13266 36.1362 7.13266
1.92 5.76 -21.6474 7.29512 -21.6474
1.92 5.88 -6.18708 22.637 -6.18708
2.04 0 -14.2576 13.4366 -14.2576
2.04 0.12 -10.3143 17.4747 -10.3143
2.04 0.24 -10.4946 17.5969 -10.4946
2.04 0.36 -5.70598 22.7349 -5.70598
2.04 0.48 -5.97955 22.8082 -5.97955
2.04 0.6 -6.03389 23.053 -6.03389
2.04 0.72 -6.15574 23.1675 -6.15574
2.04 0.84 -6.26716 23.2329 -6.26716
2.04 0.96 -6.34931 23.2755 -6.34931
2.04 1.08 -6.3672 23.3387 -6.3672
2.04 1.2 -6.30128 23.4474 -6.30128
2.04 1.32 -6.13697 23.6168 -6.13697
2.04 1.44 -5.87804 23.8413 -5.87804
2.04 1.56 -5.53595 24.1002 -5.53595
2.04 1.68 -5.13391 24.3525 -5.13391
2.04 1.8 -4.69314 24.5433 -4.69314
2.04 1.92 -4.25047 24.5718 -4.25047
2.04 2.04 -3.85661 24.2633 -3.85661
2.04 2.16 -3.60804 23.2771 -3.60804
2.04 2.28 -3.61209 21.0675 -3.61209
2.04 2.4 -3.85044 17.0617 -3.85044
2.04 2.52 -3.85265 11.5094 -3.85265
2.04 2.64 -2.81519 6.32274 -2.81519
2.04 2.76 -1.08172 3.28585 -1.08172
2.04 2.88 -0.205351 2.38185 -0.205351
2.04 3 -1.01322 3.23173 -1.01322
2.04 3.12 -2.72416 6.19773 -2.72416
2.04 3.24 -3.78733 11.3416 -3.78733
2.04 3.36 -3.8079 16.9279 -3.8079
2.04 3.48 -3.57304 20.9979 -3.57304
2.04 3.6 -3.56272 23.2591 -3.56272
2.04 3.72 -3.81721 24.2653 -3.81721
2.04 3.84 -4.21415 24.5867 -4.21415
2.04 3.96 -4.66157 24.5632 -4.66157
2.04 4.08 -5.11 24.373 -5.11
2.04 4.2 -5.52093 24.1195 -5.52093
2.04 4.32 -5.86396 23.8673 -5.86396
2.04 4.44 -6.1218 23.6533 -6.1218
2.04 4.56 -6.28213 23.5002 -6.28213
2.04 4.68 -6.3405 23.4171 -6.3405
2.04 4.8 -6.30692 23.3941 -6.30692
2.04 4.92 -6.2026 23.4083 -6.2026
2.04 5.04 -6.05951 23.4236 -6.05951
2.04 5.16 -5.90261 23.4095 -5.90261
2.04 5.28 -5.76358 23.3327 -5.76358
2.04 5.4 -5.6585 23.1829 -5.6585
2.04 5.52 -5.65407 22.9152 -5.65407
2.04 5.64 7.28685 35.6008 7.28685
2.04 5.76 -21.5835 6.58786 -21.5835
2.04 5.88 -5.9528 22.012 -5.9528
2.16 0 -14.3981 11.2361 -14.3981
2.16 0.12 -10.3973 15.4696 -10.3973
2.16 0.24 -10.5295 16.0224 -10.5295
2.16 0.36 -5.65392 21.6684 -5.65392
2.16 0.48 -5.86983 22.1741 -5.86983
2.16 0.6 -5.89667 22.7241 -5.89667
2.16 0.72 -6.01586 23.0254 -6.01586
2.16 0.84 -6.13332 23.1992 -6.13332
2.16 0.96 -6.21802 23.3077 -6.21802
2.16 1.08 -6.22855 23.4173 -6.22855
2.16 1.2 -6.14356 23.5652 -6.14356
2.16 1.32 -5.95059 23.7701 -5.95059
2.16 1.44 -5.65752 24.0246 -5.65752
2.16 1.56 -5.28078 24.3021 -5.28078
2.16 1.68 -4.84942 24.5504 -4.84942
2.16 1.8 -4.39154 24.6937 -4.39154
2.16 1.92 -3.96023 24.5805 -3.96023
2.16 2.04 -3.64266 23.9166 -3.64266
2.16 2.16 -3.59988 22.1045 -3.59988
2.16 2.28 -3.94675 18.2164 -3.94675
2.16 2.4 -4.19848 11.7339 -4.19848
2.16 2.52 -2.59758 4.57713 -2.59758
2.16 2.64 1.73082 0.285462 1.73082
2.16 2.76 6.17863 -0.950104 6.17863
2.16 2.88 7.97416 -1.07997 7.97416
2.16 3 6.28726 -0.961581 6.28726
2.16 3.12 1.905 0.212893 1.905
2.16 3.24 -2.45565 4.40161 -2.45565
2.16 3.36 -4.13486 11.5359 -4.13486
2.16 3.48 -3.91407 18.0945 -3.91407
2.16 3.6 -3.56749 22.0568 -3.56749
2.16 3.72 -3.61403 23.904 -3.61403
2.16 3.84 -3.9307 24.5893 -3.9307
2.16 3.96 -4.36349 24.7123 -4.36349
2.16 4.08 -4.82578 24.5735 -4.82578
2.16 4.2 -5.26286 24.3278 -5.26286
2.16 4.32 -5.63661 24.0619 -5.63661
2.16 4.44 -5.92493 23.8234 -5.92493
2.16 4.56 -6.11063 23.6415 -6.11063
2.16 4.68 -6.1848 23.5289 -6.1848
2.16 4.8 -6.15519 23.4746 -6.15519
2.16 4.92 -6.04294 23.4494 -6.04294
2.16 5.04 -5.8839 23.4034 -5.8839
2.16 5.16 -5.71245 23.2817 -5.71245
2.16 5.28 -5.57278 23.0205 -5.57278
2.16 5.4 -5.49527 22.5836 -5.49527
2.16 5.52 -5.5593 21.9274 -5.5593
2.16 5.64 7.34118 34.2452 7.34118
2.16 5.76 -21.6959 4.85397 -21.6959
2.16 5.88 -5.8354 20.3312 -5.8354
2.28 0 -14.7778 6.53485 -14.7778
2.28 0.12 -10.697 11.1846 -10.697
2.28 0.24 -10.8069 12.6499 -10.8069
2.28 0.36 -5.78783 19.4066 -5.78783
2.28 0.48 -5.86678 20.8662 -5.86678
2.28 0.6 -5.80366 22.0635 -5.80366
2.28 0.72 -5.88815 22.7348 -5.88815
2.28 0.84 -6.00094 23.1017 -6.00094
2.28 0.96 -6.08827 23.3102 -6.08827
2.28 1.08 -6.09594 23.4773 -6.09594
2.28 1.2 -5.99805 23.6651 -5.99805
2.28 1.32 -5.78316 23.9017 -5.78316
2.28 1.44 -5.46273 24.1804 -5.46273
2.28 1.56 -5.05818 24.4694 -5.05818
2.28 1.68 -4.60489 24.7039 -4.60489
2.28 1.8 -4.1408 24.7809 -4.1408
2.28 1.92 -3.74346 24.4793 -3.74346
2.28 2.04 -3.55464 23.3354 -3.55464
2.28 2.16 -3.806 20.4119 -3.806
2.28 2.28 -4.42524 14.4947 -4.42524
2.28 2.4 -3.67976 6.12343 -3.67976
2.28 2.52 1.4322 -0.134815 1.4322
2.28 2.64 9.30201 -1.5414 9.30201
2.28 2.76 15.1453 -0.873189 15.1453
2.28 2.88 17.1525 -0.463534 17.1525
2.28 3 15.2564 -0.852188 15.2564
2.28 3.12 9.51527 -1.5438 9.51527
2.28 3.24 1.67077 -0.243543 1.67077
2.28 3.36 -3.55971 5.89892 -3.55971
2.28 3.48 -4.38969 14.3187 -4.38969
2.28 3.6 -3.78541 20.3317 -3.78541
2.28 3.72 -3.53926 23.3055 -3.53926
2.28 3.84 -3.72346 24.4801 -3.72346
2.28 3.96 -4.11879 24.7966 -4.11879
2.28 4.08 -4.58421 24.7275 -4.58421
2.28 4.2 -5.04032 24.4989 -5.04032
2.28 4.32 -5.43827 24.2261 -5.43827
2.28 4.44 -5.75038 23.969 -5.75038
2.28 4.56 -5.95452 23.7631 -5.95452
2.28 4.68 -6.03771 23.6228 -6.03771
2.28 4.8 -6.00597 23.533 -6.00597
2.28 4.92 -5.88184 23.4508 -5.88184
2.28 5.04 -5.70888 23.2964 -5.70888
2.28 5.16 -5.53912 22.9594 -5.53912
2.28 5.28 -5.4418 22.2969 -5.4418
2.28 5.4 -5.47081 21.1976 -5.47081
2.28 5.52 -5.7116 19.6216 -5.7116
2.28 5.64 7.08117 31.0342 7.08117
2.28 5.76 -22.2062 0.851389 -22.2062
2.28 5.88 -6.01096 16.3371 -6.01096
2.4 0 -14.0566 -1.01948 -14.0566
2.4 0.12 -10.1515 4.11535 -10.1515
2.4 0.24 -10.8927 6.69617 -10.8927
2.4 0.36 -6.0735 15.232 -6.0735
2.4 0.48 -6.05515 18.4417 -6.05515
2.4 0.6 -5.82862 20.8629 -5.82862
2.4 0.72 -5.81839 22.2101 -5.81839
2.4 0.84 -5.89801 22.9051 -5.89801
2.4 0.96 -5.97862 23.2661 -5.97862
2.4 1.08 -5.98265 23.5082 -5.98265
2.4 1.2 -5.8746 23.7396 -5.8746
2.4 1.32 -5.6422 24.006 -5.6422
2.4 1.44 -5.29945 24.3049 -5.29945
2.4 1.56 -4.8726 24.6002 -4.8726
2.4 1.68 -4.40379 24.8138 -4.40379
2.4 1.8 -3.94377 24.8099 -3.94377
2.4 1.92 -3.60206 24.2811 -3.60206
2.4 2.04 -3.58689 22.5565 -3.58689
2.4 2.16 -4.15856 18.3511 -4.15856
2.4 2.28 -4.69927 10.5531 -4.69927
2.4 2.4 -1.75861 1.79694 -1.75861
2.4 2.52 7.05463 -1.86394 7.05463
2.4 2.64 16.4193 -0.948649 16.4193
2.4 2.76 21.8825 0.408361 21.8825
2.4 2.88 23.551 0.894012 23.551
2.4 3 21.972 0.436839 21.972
2.4 3.12 16.6107 -0.919983 16.6107
2.4 3.24 7.33825 -1.89918 7.33825
2.4 3.36 -1.56335 1.59814 -1.56335
2.4 3.48 -4.65043 10.3325 -4.65043
2.4 3.6 -4.14719 18.2385 -4.14719
2.4 3.72 -3.58491 22.5093 -3.58491
2.4 3.84 -3.59315 24.273 -3.59315
2.4 3.96 -3.92945 24.8216 -3.92945
2.4 4.08 -4.38794 24.8365 -4.38794
2.4 4.2 -4.85689 24.6316 -4.85689
2.4 4.32 -5.27379 24.3566 -5.27379
2.4 4.44 -5.60465 24.085 -5.60465
2.4 4.56 -5.82248 23.8576 -5.82248
2.4 4.68 -5.91096 23.6889 -5.91096
2.4 4.8 -5.87534 23.5543 -5.87534
2.4 4.92 -5.74261 23.3851 -5.74261
2.4 5.04 -5.57145 23.0423 -5.57145
2.4 5.16 -5.44625 22.2989 -5.44625
2.4 5.28 -5.47662 20.832 -5.47662
2.4 5.4 -5.71603 18.3744 -5.71603
2.4 5.52 -6.14136 14.9882 -6.14136
2.4 5.64 6.81816 24.8042 6.81816
2.4 5.76 -22.4648 -6.57513 -22.4648
2.4 5.88 -5.49689 9.24355 -5.49689
2.52 0 -8.41972 -7.52823 -8.41972
2.52 0.12 -5.41223 -2.5521 -5.41223
2.52 0.24 -8.71722 -0.352741 -8.71722
2.52 0.36 -5.75682 9.32622 -5.75682
2.52 0.48 -6.32909 14.7106 -6.32909
2.52 0.6 -6.00573 18.9979 -6.00573
2.52 0.72 -5.8403 21.4078 -5.8403
2.52 0.84 -5.84531 22.5976 -5.84531
2.52 0.96 -5.90193 23.1717 -5.90193
2.52 1.08 -5.89719 23.5079 -5.89719
2.52 1.2 -5.77892 23.7871 -5.77892
2.52 1.32 -5.53146 24.0821 -5.53146
2.52 1.44 -5.1701 24.3984 -5.1701
2.52 1.56 -4.72528 24.6966 -4.72528
2.52 1.68 -4.2462 24.8855 -4.2462
2.52 1.8 -3.79833 24.793 -3.79833
2.52 1.92 -3.52757 24.0167 -3.52757
2.52 2.04 -3.70679 21.669 -3.70679
2.52 2.16 -4.53973 16.2009 -4.53973
2.52 2.28 -4.54583 7.08488 -4.54583
2.52 2.4 1.07471 -0.755172 1.07471
2.52 2.52 12.2321 -1.90806 12.2321
2.52 2.64 21.2884 -0.0322278 21.2884
2.52 2.76 25.7267 1.23649 25.7267
2.52 2.88 26.9736 1.6099 26.9736
2.52 3 25.7932 1.2607 25.7932
2.52 3.12 21.439 -0.00141977 21.439
2.52 3.24 12.5028 -1.90603 12.5028
2.52 3.36 1.32817 -0.904966 1.32817
2.52 3.48 -4.47548 6.83866 -4.47548
2.52 3.6 -4.53609 16.0578 -4.53609
2.52 3.72 -3.71726 21.6059 -3.71726
2.52 3.84 -3.53015 23.9999 -3.53015
2.52 3.96 -3.79264 24.8 -3.79264
2.52 4.08 -4.2364 24.906 -4.2364
2.52 4.2 -4.71322 24.7283 -4.71322
2.52 4.32 -5.1449 24.454 -5.1449
2.52 4.44 -5.49086 24.1703 -5.49086
2.52 4.56 -5.71952 23.9231 -5.71952
2.52 4.68 -5.81215 23.7237 -5.81215
2.52 4.8 -5.77493 23.5323 -5.77493
2.52 4.92 -5.64407 23.2372 -5.64407
2.52 5.04 -5.50478 22.597 -5.50478
2.52 5.16 -5.49179 21.1714 -5.49179
2.52 5.28 -5.73642 18.3217 -5.73642
2.52 5.4 -6.06957 13.6737 -6.06957
2.52 5.52 -5.83684 8.01651 -5.83684
2.52 5.64 9.04044 16.8822 9.04044
2.52 5.76 -18.886 -14.8723 -18.886
2.52 5.88 -0.329389 2.36436 -0.329389
2.64 0 2.13764 -8.47193 2.13764
2.64 0.12 4.22803 -4.23091 4.22803
2.64 0.24 -2.51114 -4.44494 -2.51114
2.64 0.36 -3.52565 3.86429 -3.52565
2.64 0.48 -6.27027 10.3628 -6.27027
2.64 0.6 -6.26245 16.6711 -6.26245
2.64 0.72 -5.94516 20.4116 -5.94516
2.64 0.84 -5.84235 22.2197 -5.84235
2.64 0.96 -5.85771 23.0475 -5.85771
2.64 1.08 -5.8379 23.4878 -5.8379
2.64 1.2 -5.70836 23.8152 -5.70836
2.64 1.32 -5.44749 24.1364 -5.44749
2.64 1.44 -5.07086 24.4667 -5.07086
2.64 1.56 -4.6121 24.7654 -4.6121
2.64 1.68 -4.1272 24.9282 -4.1272
2.64 1.8 -3.69649 24.748 -3.69649
2.64 1.92 -3.50188 23.7289 -3.50188
2.64 2.04 -3.86633 20.7884 -3.86633
2.64 2.16 -4.85277 14.2437 -4.85277
2.64 2.28 -4.0264 4.44895 -4.0264
2.64 2.4 3.94093 -1.97108 3.94093
2.64 2.52 16.0129 -1.48911 16.0129
2.64 2.64 24.101 0.514371 24.101
2.64 2.76 27.6141 1.49823 27.6141
2.64 2.88 28.5449 1.74943 28.5449
2.64 3 27.6635 1.5158 27.6635
2.64 3.12 24.2174 0.538342 24.2174
2.64 3.24 16.2476 -1.47845 16.2476
2.64 3.36 4.22073 -2.07947 4.22073
2.64 3.48 -3.93283 4.19474 -3.93283
2.64 3.6 -4.85609 14.0738 -4.85609
2.64 3.72 -3.88804 20.7112 -3.88804
2.64 3.84 -3.51549 23.704 -3.51549
2.64 3.96 -3.69968 24.7499 -3.69968
2.64 4.08 -4.1241 24.9456 -4.1241
2.64 4.2 -4.60469 24.7956 -4.60469
2.64 4.32 -5.04738 24.524 -5.04738
2.64 4.44 -5.40524 24.2308 -5.40524
2.64 4.56 -5.64278 23.9655 -5.64278
2.64 4.68 -5.73988 23.7344 -5.73988
2.64 4.8 -5.70565 23.477 -5.70565
2.64 4.92 -5.59084 23.0221 -5.59084
2.64 5.04 -5.51911 21.9791 -5.51911
2.64 5.16 -5.68005 19.597 -5.68005
2.64 5.28 -6.0884 14.8832 -6.0884
2.64 5.4 -5.70061 7.95306 -5.70061
2.64 5.52 -2.53435 1.67283 -2.53435
2.64 5.64 16.6989 12.5048 16.6989
2.64 5.76 -8.98394 -17.862 -8.98394
2.64 5.88 11.1145 1.26079 11.1145
2.76 0 11.1152 -6.48756 11.1152
2.76 0.12 13.0896 -2.61661 13.0896
2.76 0.24 4.72733 -4.77586 4.72733
2.76 0.36 0.178408 0.972927 0.178408
2.76 0.48 -5.6413 6.85853 -5.6413
2.76 0.6 -6.45973 14.5274 -6.45973
2.76 0.72 -6.07847 19.4772 -6.07847
2.76 0.84 -5.87166 21.8678 -5.87166
2.76 0.96 -5.84199 22.9286 -5.84199
2.76 1.08 -5.80479 23.4605 -5.80479
2.76 1.2 -5.66395 23.8283 -5.66395
2.76 1.32 -5.39148 24.1702 -5.39148
2.76 1.44 -5.00269 24.5109 -5.00269
2.76 1.56 -4.5335 24.8085 -4.5335
2.76 1.68 -4.04565 24.9477 -4.04565
2.76 1.8 -3.63259 24.6903 -3.63259
2.76 1.92 -3.50698 23.4604 -3.50698
2.76 2.04 -4.02249 20.0232 -4.02249
2.76 2.16 -5.06097 12.6737 -5.06097
2.76 2.28 -3.36727 2.66298 -3.36727
2.76 2.4 6.25761 -2.45541 6.25761
2.76 2.52 18.4248 -1.11738 18.4248
2.76 2.64 25.5836 0.726559 25.5836
2.76 2.76 28.4554 1.46388 28.4554
2.76 2.88 29.1857 1.62806 29.1857
2.76 3 28.4937 1.4758 28.4937
2.76 3.12 25.6773 0.743462 25.6773
2.76 3.24 18.6261 -1.10935 18.6261
2.76 3.36 6.54158 -2.53881 6.54158
2.76 3.48 -3.25447 2.41002 -3.25447
2.76 3.6 -5.0703 12.4818 -5.0703
2.76 3.72 -4.05402 19.9335 -4.05402
2.76 3.84 -3.53046 23.4278 -3.53046
2.76 3.96 -3.64429 24.6867 -3.64429
2.76 4.08 -4.04945 24.9609 -4.04945
2.76 4.2 -4.53138 24.8358 -4.53138
2.76 4.32 -4.98201 24.5675 -4.98201
2.76 4.44 -5.34895 24.2672 -5.34895
2.76 4.56 -5.59376 23.9869 -5.59376
2.76 4.68 -5.69576 23.7274 -5.69576
2.76 4.8 -5.66819 23.4057 -5.66819
2.76 4.92 -5.57898 22.7857 -5.57898
2.76 5.04 -5.59399 21.3079 -5.59399
2.76 5.16 -5.93149 17.8886 -5.93149
2.76 5.28 -6.23242 11.3872 -6.23242
2.76 5.4 -3.90656 3.39458 -3.90656
2.76 5.52 3.581 -0.962539 3.581
2.76 5.64 26.3046 12.9784 26.3046
2.76 5.76 1.31705 -16.2339 1.31705
2.76 5.88 22.148 3.99757 22.148
2.88 0 15.1205 -5.2104 15.1205
2.88 0.12 17.2554 -1.37935 17.2554
2.88 0.24 8.6916 -4.181 8.6916
2.88 0.36 2.69318 0.161118 2.69318
2.88 0.48 -5.03215 5.18346 -5.03215
2.88 0.6 -6.53827 13.352 -6.53827
2.88 0.72 -6.16198 18.9538 -6.16198
2.88 0.84 -5.89766 21.6723 -5.89766
2.88 0.96 -5.83972 22.8635 -5.83972
2.88 1.08 -5.78955 23.4466 -5.78955
2.88 1.2 -5.63936 23.8375 -5.63936
2.88 1.32 -5.35779 24.1917 -5.35779
2.88 1.44 -4.96019 24.5382 -4.96019
2.88 1.56 -4.48405 24.8334 -4.48405
2.88 1.68 -3.99518 24.9537 -3.99518
2.88 1.8 -3.5968 24.6375 -3.5968
2.88 1.92 -3.52358 23.2503 -3.52358
2.88 2.04 -4.14332 19.4557 -4.14332
2.88 2.16 -5.17307 11.585 -5.17307
2.88 2.28 -2.78646 1.58843 -2.78646
2.88 2.4 7.83294 -2.60718 7.83294
2.88 2.52 19.8164 -0.881162 19.8164
2.88 2.64 26.3229 0.78312 26.3229
2.88 2.76 28.8103 1.36062 28.8103
2.88 2.88 29.4258 1.47259 29.4258
2.88 3 28.8421 1.36878 28.8421
2.88 3.12 26.4037 0.795215 26.4037
2.88 3.24 19.9961 -0.877038 19.9961
2.88 3.36 8.11419 -2.67784 8.11419
2.88 3.48 -2.65979 1.33855 -2.65979
2.88 3.6 -5.18695 11.3761 -5.18695
2.88 3.72 -4.18295 19.3551 -4.18295
2.88 3.84 -3.55535 23.2107 -3.55535
2.88 3.96 -3.6161 24.6282 -3.6161
2.88 4.08 -4.00558 24.9619 -4.00558
2.88 4.2 -4.48739 24.8563 -4.48739
2.88 4.32 -4.94308 24.5915 -4.94308
2.88 4.44 -5.31622 24.2871 -5.31622
2.88 4.56 -5.56652 23.997 -5.56652
2.88 4.68 -5.67306 23.7178 -5.67306
2.88 4.8 -5.65256 23.3502 -5.65256
2.88 4.92 -5.58638 22.6082 -5.58638
2.88 5.04 -5.67164 20.8015 -5.67164
2.88 5.16 -6.12103 16.61 -6.12103
2.88 5.28 -6.10916 8.99367 -6.10916
2.88 5.4 -1.72612 1.13737 -1.72612
2.88 5.52 8.71086 -1.06841 8.71086
2.88 5.64 32.466 14.4757 32.466
2.88 5.76 7.06822 -14.5107 7.06822
2.88 5.88 28.1171 6.11632 28.1171
3 0 14.2544 -5.52143 14.2544
3 0.12 16.3541 -1.68888 16.3541
3 0.24 7.82936 -4.36685 7.82936
3 0.36 2.11804 0.259093 2.11804
3 0.48 -5.19404 5.49743 -5.19404
3 0.6 -6.53078 13.5987 -6.53078
3 0.72 -6.14658 19.0719 -6.14658
3 0.84 -5.89333 21.7204 -5.89333
3 0.96 -5.83745 22.8853 -5.83745
3 1.08 -5.78341 23.4616 -5.78341
3 1.2 -5.62734 23.8525 -5.62734
3 1.32 -5.33975 24.2085 -5.33975
3 1.44 -4.93701 24.5555 -4.93701
3 1.56 -4.45748 24.8476 -4.45748
3 1.68 -3.96882 24.9558 -3.96882
3 1.8 -3.57948 24.6053 -3.57948
3 1.92 -3.53559 23.1295 -3.53559
3 2.04 -4.20876 19.1405 -4.20876
3 2.16 -5.21309 11.0096 -5.21309
3 2.28 -2.42416 1.08163 -2.42416
3 2.4 8.66927 -2.62131 8.66927
3 2.52 20.4876 -0.747408 20.4876
3 2.64 26.6557 0.810313 26.6557
3 2.76 28.9601 1.31013 28.9601
3 2.88 29.5224 1.39768 29.5224
3 3 28.9892 1.31662 28.9892
3 3.12 26.7316 0.82054 26.7316
3 3.24 20.6593 -0.744466 20.6593
3 3.36 8.95148 -2.68558 8.95148
3 3.48 -2.28755 0.832959 -2.28755
3 3.6 -5.22925 10.7886 -5.22925
3 3.72 -4.25392 19.0309 -4.25392
3 3.84 -3.57331 23.0836 -3.57331
3 3.96 -3.60466 24.5906 -3.60466
3 4.08 -3.98479 24.9587 -3.98479
3 4.2 -4.4658 24.8652 -4.4658
3 4.32 -4.92368 24.6037 -4.92368
3 4.44 -5.29998 24.2986 -5.29998
3 4.56 -5.5536 24.0054 -5.5536
3 4.68 -5.66336 23.7202 -5.66336
3 4.8 -5.64671 23.3396 -5.64671
3 4.92 -5.58837 22.5645 -5.58837
3 5.04 -5.6939 20.6676 -5.6939
3 5.16 -6.17244 16.2627 -6.17244
3 5.28 -6.04601 8.36513 -6.04601
3 5.4 -1.0372 0.655812 -1.0372
3 5.52 10.1019 -0.945858 10.1019
3 5.64 33.9203 14.8839 33.9203
3 5.76 8.34429 -14.0973 8.34429
3 5.88 29.4106 6.583 29.4106
3.12 0 8.42073 -7.29213 8.42073
3.12 0.12 10.3951 -3.34505 10.3951
3.12 0.24 2.41923 -4.98632 2.41923
3.12 0.36 -1.13277 1.56255 -1.13277
3.12 0.48 -5.93195 7.81613 -5.93195
3.12 0.6 -6.42111 15.1805 -6.42111
3.12 0.72 -6.04528 19.778 -6.04528
3.12 0.84 -5.86767 21.9887 -5.86767
3.12 0.96 -5.84109 22.9832 -5.84109
3.12 1.08 -5.79146 23.4985 -5.79146
3.12 1.2 -5.63292 23.8678 -5.63292
3.12 1.32 -5.3424 24.2155 -5.3424
3.12 1.44 -4.938 24.5585 -4.938
3.12 1.56 -4.45807 24.8474 -4.45807
3.12 1.68 -3.96976 24.9521 -3.96976
3.12 1.8 -3.58142 24.5961 -3.58142
3.12 1.92 -3.53957 23.1093 -3.53957
3.12 2.04 -4.21394 19.1 -4.21394
3.12 2.16 -5.2028 10.9507 -5.2028
3.12 2.28 -2.34954 1.05691 -2.34954
3.12 2.4 8.8015 -2.572 8.8015
3.12 2.52 20.5983 -0.678906 20.5983
3.12 2.64 26.735 0.872356 26.735
3.12 2.76 29.0264 1.36926 29.0264
3.12 2.88 29.5858 1.45635 29.5858
3.12 3 29.0563 1.37623 29.0563
3.12 3.12 26.8133 0.883964 26.8133
3.12 3.24 20.7755 -0.673065 20.7755
3.12 3.36 9.09293 -2.63296 9.09293
3.12 3.48 -2.20594 0.806161 -2.20594
3.12 3.6 -5.21871 10.7227 -5.21871
3.12 3.72 -4.26142 18.9841 -4.26142
3.12 3.84 -3.58028 23.0584 -3.58028
3.12 3.96 -3.61005 24.5768 -3.61005
3.12 4.08 -3.98948 24.9502 -3.98948
3.12 4.2 -4.47011 24.8596 -4.47011
3.12 4.32 -4.92783 24.6005 -4.92783
3.12 4.44 -5.30445 24.298 -5.30445
3.12 4.56 -5.55913 24.0088 -5.55913
3.12 4.68 -5.6703 23.7327 -5.6703
3.12 4.8 -5.65286 23.3766 -5.65286
3.12 4.92 -5.58295 22.6709 -5.58295
3.12 5.04 -5.64835 20.9631 -5.64835
3.12 5.16 -6.07295 16.9886 -6.07295
3.12 5.28 -6.19622 9.63264 -6.19622
3.12 5.4 -2.45269 1.62226 -2.45269
3.12 5.52 7.22903 -1.20937 7.22903
3.12 5.64 30.7912 13.9282 30.7912
3.12 5.76 5.58624 -15.0422 5.58624
3.12 5.88 26.5526 5.45713 26.5526
3.24 0 -1.76634 -8.83087 -1.76634
3.24 0.12 0.590687 -4.34165 0.590687
3.24 0.24 -5.03708 -3.6459 -5.03708
3.24 0.36 -4.58251 5.40345 -4.58251
3.24 0.48 -6.38388 11.7977 -6.38388
3.24 0.6 -6.19007 17.4974 -6.19007
3.24 0.72 -5.91881 20.7789 -5.91881
3.24 0.84 -5.84858 22.3703 -5.84858
3.24 0.96 -5.85996 23.1207 -5.85996
3.24 1.08 -5.81674 23.5448 -5.81674
3.24 1.2 -5.65737 23.8786 -5.65737
3.24 1.32 -5.36663 24.2108 -5.36663
3.24 1.44 -4.96407 24.546 -4.96407
3.24 1.56 -4.48686 24.8323 -4.48686
3.24 1.68 -3.99913 24.9423 -3.99913
3.24 1.8 -3.60373 24.6101 -3.60373
3.24 1.92 -3.5364 23.1914 -3.5364
3.24 2.04 -4.16008 19.339 -4.16008
3.24 2.16 -5.14937 11.4126 -5.14937
3.24 2.28 -2.58408 1.50529 -2.58408
3.24 2.4 8.20963 -2.47424 8.20963
3.24 2.52 20.1399 -0.683736 20.1399
3.24 2.64 26.5542 0.962607 26.5542
3.24 2.76 29.002 1.53092 29.002
3.24 2.88 29.6085 1.64133 29.6085
3.24 3 29.0362 1.54051 29.0362
3.24 3.12 26.6423 0.97892 26.6423
3.24 3.24 20.3363 -0.670894 20.3363
3.24 3.36 8.51812 -2.53527 8.51812
3.24 3.48 -2.43755 1.24896 -2.43755
3.24 3.6 -5.16255 11.1836 -5.16255
3.24 3.72 -4.20613 19.2207 -4.20613
3.24 3.84 -3.57649 23.1377 -3.57649
3.24 3.96 -3.63274 24.5876 -3.63274
3.24 4.08 -4.02004 24.9367 -4.02004
3.24 4.2 -4.50049 24.84 -4.50049
3.24 4.32 -4.95554 24.5822 -4.95554
3.24 4.44 -5.32946 24.2852 -5.32946
3.24 4.56 -5.58307 24.0062 -5.58307
3.24 4.68 -5.69447 23.7512 -5.69447
3.24 4.8 -5.67425 23.4475 -5.67425
3.24 4.92 -5.58212 22.8848 -5.58212
3.24 5.04 -5.56805 21.5635 -5.56805
3.24 5.16 -5.85164 18.5008 -5.85164
3.24 5.28 -6.25708 12.5331 -6.25708
3.24 5.4 -4.74952 4.64796 -4.74952
3.24 5.52 1.28353 -0.593605 1.28353
3.24 5.64 23.0896 12.3208 23.0896
3.24 5.76 -1.88129 -17.1011 -1.88129
3.24 5.88 18.7333 2.79819 18.7333
3.36 0 -11.1563 -5.85084 -11.1563
3.36 0.12 -7.75485 -0.717203 -7.75485
3.36 0.24 -9.91999 1.9043 -9.91999
3.36 0.36 -6.04259 11.4284 -6.04259
3.36 0.48 -6.26239 16.1328 -6.26239
3.36 0.6 -5.95126 19.7315 -5.95126
3.36 0.72 -5.84632 21.7301 -5.84632
3.36 0.84 -5.86928 22.7361 -5.86928
3.36 0.96 -5.90785 23.2489 -5.90785
3.36 1.08 -5.86713 23.579 -5.86713
3.36 1.2 -5.70713 23.8729 -5.70713
3.36 1.32 -5.41871 24.1855 -5.41871
3.36 1.44 -5.02172 24.5102 -5.02172
3.36 1.56 -4.55064 24.7942 -4.55064
3.36 1.68 -4.06438 24.9178 -4.06438
3.36 1.8 -3.65529 24.6364 -3.65529
3.36 1.92 -3.53764 23.36 -3.53764
3.36 2.04 -4.05897 19.8371 -4.05897
3.36 2.16 -5.04459 12.3966 -5.04459
3.36 2.28 -3.09443 2.49861 -3.09443
3.36 2.4 6.8255 -2.27817 6.8255
3.36 2.52 18.9456 -0.806545 18.9456
3.36 2.64 25.9595 1.0152 25.9595
3.36 2.76 28.7631 1.736 28.7631
3.36 2.88 29.4772 1.8969 29.4772
3.36 3 28.8055 1.75036 28.8055
3.36 3.12 26.0659 1.03957 26.0659
3.36 3.24 19.1749 -0.783805 19.1749
3.36 3.36 7.15328 -2.34671 7.15328
3.36 3.48 -2.95239 2.23392 -2.95239
3.36 3.6 -5.05316 12.1741 -5.05316
3.36 3.72 -4.09969 19.7211 -4.09969
3.36 3.84 -3.57307 23.3066 -3.57307
3.36 3.96 -3.68108 24.613 -3.68108
3.36 4.08 -4.0833 24.9104 -4.0833
3.36 4.2 -4.56305 24.7994 -4.56305
3.36 4.32 -5.01249 24.5421 -5.01249
3.36 4.44 -5.38047 24.2533 -5.38047
3.36 4.56 -5.63089 23.9887 -5.63089
3.36 4.68 -5.74226 23.7612 -5.74226
3.36 4.8 -5.7212 23.5212 -5.7212
3.36 4.92 -5.61022 23.1242 -5.61022
3.36 5.04 -5.51607 22.2392 -5.51607
3.36 5.16 -5.6127 20.2277 -5.6127
3.36 5.28 -6.00118 16.1791 -6.00118
3.36 5.4 -6.05351 9.88496 -6.05351
3.36 5.52 -4.21263 3.38875 -4.21263
3.36 5.64 13.4012 13.1136 13.4012
3.36 5.76 -12.9082 -17.7801 -12.9082
3.36 5.88 6.73331 0.719719 6.73331
3.48 0 -14.6329 1.85611 -14.6329
3.48 0.12 -10.6059 6.83964 -10.6059
3.48 0.24 -10.9713 9.08091 -10.9713
3.48 0.36 -5.98959 16.9552 -5.98959
3.48 0.48 -5.99064 19.4578 -5.99064
3.48 0.6 -5.83715 21.3659 -5.83715
3.48 0.72 -5.8653 22.4336 -5.8653
3.48 0.84 -5.94025 23.0086 -5.94025
3.48 0.96 -5.98767 23.3368 -5.98767
3.48 1.08 -5.94413 23.5876 -5.94413
3.48 1.2 -5.78369 23.8436 -5.78369
3.48 1.32 -5.50029 24.1352 -5.50029
3.48 1.44 -5.11247 24.4478 -5.11247
3.48 1.56 -4.65075 24.7304 -4.65075
3.48 1.68 -4.16723 24.8745 -4.16723
3.48 1.8 -3.74015 24.6664 -3.74015
3.48 1.92 -3.55315 23.5942 -3.55315
3.48 2.04 -3.92405 20.5543 -3.92405
3.48 2.16 -4.86152 13.889 -4.86152
3.48 2.28 -3.75895 4.18409 -3.75895
3.48 2.4 4.60796 -1.81414 4.60796
3.48 2.52 16.6964 -1.09838 16.6964
3.48 2.64 24.6084 0.896134 24.6084
3.48 2.76 28.0225 1.85559 28.0225
3.48 2.88 28.9284 2.10087 28.9284
3.48 3 28.0783 1.87691 28.0783
3.48 3.12 24.7443 0.931606 24.7443
3.48 3.24 16.9715 -1.06676 16.9715
3.48 3.36 4.94505 -1.90492 4.94505
3.48 3.48 -3.63204 3.91182 -3.63204
3.48 3.6 -4.86411 13.6821 -4.86411
3.48 3.72 -3.95566 20.4463 -3.95566
3.48 3.84 -3.57977 23.5449 -3.57977
3.48 3.96 -3.75896 24.6451 -3.75896
3.48 4.08 -4.18082 24.868 -4.18082
3.48 4.2 -4.65892 24.7353 -4.65892
3.48 4.32 -5.09994 24.4776 -5.09994
3.48 4.44 -5.45897 24.1985 -5.45897
3.48 4.56 -5.70407 23.9507 -5.70407
3.48 4.68 -5.81544 23.752 -5.81544
3.48 4.8 -5.79744 23.5723 -5.79744
3.48 4.92 -5.67993 23.3213 -5.67993
3.48 5.04 -5.53489 22.8027 -5.53489
3.48 5.16 -5.47667 21.6639 -5.47667
3.48 5.28 -5.64402 19.377 -5.64402
3.48 5.4 -6.01234 15.5405 -6.01234
3.48 5.52 -6.24089 10.5349 -6.24089
3.48 5.64 7.62786 19.3536 7.62786
3.48 5.76 -20.9489 -12.4933 -20.9489
3.48 5.88 -3.01038 4.09612 -3.01038
3.6 0 -14.6357 8.62865 -14.6357
3.6 0.12 -10.5911 13.0865 -10.5911
3.6 0.24 -10.6958 14.1533 -10.6958
3.6 0.36 -5.73907 20.4115 -5.73907
3.6 0.48 -5.89064 21.4365 -5.89064
3.6 0.6 -5.87326 22.3443 -5.87326
3.6 0.72 -5.96442 22.8627 -5.96442
3.6 0.84 -6.0528 23.17 -6.0528
3.6 0.96 -6.09503 23.3736 -6.09503
3.6 1.08 -6.04621 23.5641 -6.04621
3.6 1.2 -5.88761 23.7863 -5.88761
3.6 1.32 -5.61353 24.0555 -5.61353
3.6 1.44 -5.23966 24.3539 -5.23966
3.6 1.56 -4.79182 24.6346 -4.79182
3.6 1.68 -4.31433 24.8029 -4.31433
3.6 1.8 -3.8696 24.6816 -3.8696
3.6 1.92 -3.60448 23.8531 -3.60448
3.6 2.04 -3.78891 21.4074 -3.78891
3.6 2.16 -4.58741 15.8038 -4.58741
3.6 2.28 -4.35803 6.71613 -4.35803
3.6 2.4 1.71178 -0.701455 1.71178
3.6 2.52 13.0102 -1.50009 13.0102
3.6 2.64 21.9089 0.418099 21.9089
3.6 2.76 26.2239 1.6618 26.2239
3.6 2.88 27.4368 2.02712 27.4368
3.6 3 26.3004 1.69195 26.3004
3.6 3.12 22.0879 0.465579 22.0879
3.6 3.24 13.3345 -1.47123 13.3345
3.6 3.36 2.03001 -0.835419 2.03001
3.6 3.48 -4.25599 6.44533 -4.25599
3.6 3.6 -4.5826 15.6223 -4.5826
3.6 3.72 -3.80772 21.3136 -3.80772
3.6 3.84 -3.61839 23.8121 -3.61839
3.6 3.96 -3.87791 24.6656 -3.87791
3.6 4.08 -4.31957 24.7999 -4.31957
3.6 4.2 -4.79313 24.6415 -4.79313
3.6 4.32 -5.22177 24.3837 -5.22177
3.6 4.44 -5.56797 24.1162 -5.56797
3.6 4.56 -5.80456 23.887 -5.80456
3.6 4.68 -5.91487 23.7156 -5.91487
3.6 4.8 -5.90289 23.5855 -5.90289
3.6 4.92 -5.79154 23.4423 -5.79154
3.6 5.04 -5.63105 23.1755 -5.63105
3.6 5.16 -5.49071 22.6107 -5.49071
3.6 5.28 -5.46587 21.5 -5.46587
3.6 5.4 -5.62556 19.626 -5.62556
3.6 5.52 -6.02652 16.9612 -6.02652
3.6 5.64 6.7742 27.3394 6.7742
3.6 5.76 -22.6088 -3.64066 -22.6088
3.6 5.88 -6.00349 11.9517 -6.00349
3.72 0 -14.3328 12.2748 -14.3328
3.72 0.12 -10.3754 16.398 -10.3754
3.72 0.24 -10.5356 16.7418 -10.5356
3.72 0.36 -5.71059 22.1402 -5.71059
3.72 0.48 -5.96191 22.4389 -5.96191
3.72 0.6 -5.99965 22.8526 -5.99965
3.72 0.72 -6.10382 23.0857 -6.10382
3.72 0.84 -6.18546 23.2416 -6.18546
3.72 0.96 -6.21861 23.3656 -6.21861
3.72 1.08 -6.16755 23.5101 -6.16755
3.72 1.2 -6.01639 23.7004 -6.01639
3.72 1.32 -5.75786 23.945 -5.75786
3.72 1.44 -5.40399 24.226 -5.40399
3.72 1.56 -4.97547 24.5026 -4.97547
3.72 1.68 -4.50875 24.6956 -4.50875
3.72 1.8 -4.05079 24.6651 -4.05079
3.72 1.92 -3.7108 24.092 -3.7108
3.72 2.04 -3.69603 22.2853 -3.69603
3.72 2.16 -4.24657 17.9524 -4.24657
3.72 2.28 -4.62962 10.1141 -4.62962
3.72 2.4 -1.28506 1.68309 -1.28506
3.72 2.52 7.80518 -1.53799 7.80518
3.72 2.64 17.1056 -0.479577 17.1056
3.72 2.76 22.4496 0.875802 22.4496
3.72 2.88 24.0799 1.35594 24.0799
3.72 3 22.5552 0.913893 22.5552
3.72 3.12 17.3369 -0.428309 17.3369
3.72 3.24 8.1532 -1.54379 8.1532
3.72 3.36 -1.0273 1.49215 -1.0273
3.72 3.48 -4.55469 9.8645 -4.55469
3.72 3.6 -4.23233 17.805 -4.23233
3.72 3.72 -3.69845 22.2113 -3.69845
3.72 3.84 -3.70895 24.0631 -3.70895
3.72 3.96 -4.04617 24.657 -4.04617
3.72 4.08 -4.50365 24.698 -4.50365
3.72 4.2 -4.9685 24.5131 -4.9685
3.72 4.32 -5.38021 24.2568 -5.38021
3.72 4.44 -5.70884 24.0034 -5.70884
3.72 4.56 -5.93234 23.7947 -5.93234
3.72 4.68 -6.03811 23.6496 -6.03811
3.72 4.8 -6.03136 23.5585 -6.03136
3.72 4.92 -5.93231 23.4876 -5.93231
3.72 5.04 -5.7798 23.3728 -5.7798
3.72 5.16 -5.61722 23.1302 -5.61722
3.72 5.28 -5.50274 22.653 -5.50274
3.72 5.4 -5.48232 21.8615 -5.48232
3.72 5.52 -5.64872 20.702 -5.64872
3.72 5.64 7.19604 32.5264 7.19604
3.72 5.76 -22.01 2.67584 -22.01
3.72 5.88 -5.96055 18.1499 -5.96055
3.84 0 -14.3069 13.871 -14.3069
3.84 0.12 -10.3916 17.8547 -10.3916
3.84 0.24 -10.5792 17.893 -10.5792
3.84 0.36 -5.81007 22.9258 -5.81007
3.84 0.48 -6.09085 22.9124 -6.09085
3.84 0.6 -6.13784 23.1013 -6.13784
3.84 0.72 -6.23579 23.1932 -6.23579
3.84 0.84 -6.30816 23.2641 -6.30816
3.84 0.96 -6.33773 23.3342 -6.33773
3.84 1.08 -6.29289 23.4392 -6.29289
3.84 1.2 -6.15826 23.5961 -6.15826
3.84 1.32 -5.92399 23.8113 -5.92399
3.84 1.44 -5.59804 24.0697 -5.59804
3.84 1.56 -5.19596 24.3377 -5.19596
3.84 1.68 -4.74696 24.5509 -4.74696
3.84 1.8 -4.28484 24.6042 -4.28484
3.84 1.92 -3.88571 24.2688 -3.88571
3.84 2.04 -3.69129 23.0656 -3.69129
3.84 2.16 -3.92682 20.0432 -3.92682
3.84 2.28 -4.46292 14.0481 -4.46292
3.84 2.4 -3.44437 5.8457 -3.44437
3.84 2.52 1.99551 0.00131938 1.99551
3.84 2.64 9.945 -1.14867 9.945
3.84 2.76 15.7273 -0.419714 15.7273
3.84 2.88 17.7077 -0.000732925 17.7077
3.84 3 15.8622 -0.385047 15.8622
3.84 3.12 10.2079 -1.12538 10.2079
3.84 3.24 2.29938 -0.0836425 2.29938
3.84 3.36 -3.27429 5.61707 -3.27429
3.84 3.48 -4.40711 13.8434 -4.40711
3.84 3.6 -3.90004 19.9356 -3.90004
3.84 3.72 -3.67453 23.0157 -3.67453
3.84 3.84 -3.86682 24.2544 -3.86682
3.84 3.96 -4.26663 24.6054 -4.26663
3.84 4.08 -4.73136 24.5593 -4.73136
3.84 4.2 -5.1813 24.3514 -5.1813
3.84 4.32 -5.57021 24.1002 -5.57021
3.84 4.44 -5.87498 23.8651 -5.87498
3.84 4.56 -6.07884 23.6806 -6.07884
3.84 4.68 -6.17361 23.5627 -6.17361
3.84 4.8 -6.16671 23.5045 -6.16671
3.84 4.92 -6.07815 23.4821 -6.07815
3.84 5.04 -5.94136 23.4535 -5.94136
3.84 5.16 -5.78634 23.3758 -5.78634
3.84 5.28 -5.65177 23.1997 -5.65177
3.84 5.4 -5.56228 22.9003 -5.56228
3.84 5.52 -5.59499 22.4295 -5.59499
3.84 5.64 7.33465 34.9323 7.33465
3.84 5.76 -21.6356 5.71123 -21.6356
3.84 5.88 -5.86646 21.1781 -5.86646
3.96 0 -14.3757 14.5508 -14.3757
3.96 0.12 -10.4686 18.4885 -10.4686
3.96 0.24 -10.6572 18.4104 -10.6572
3.96 0.36 -5.90249 23.2963 -5.90249
3.96 0.48 -6.1862 23.1518 -6.1862
3.96 0.6 -6.23081 23.2376 -6.23081
3.96 0.72 -6.32394 23.256 -6.32394
3.96 0.84 -6.39572 23.2732 -6.39572
3.96 0.96 -6.43357 23.2997 -6.43357
3.96 1.08 -6.40756 23.3648 -6.40756
3.96 1.2 -6.3017 23.4826 -6.3017
3.96 1.32 -6.10303 23.6609 -6.10303
3.96 1.44 -5.8153 23.8887 -5.8153
3.96 1.56 -5.44898 24.1403 -5.44898
3.96 1.68 -5.02699 24.3648 -5.02699
3.96 1.8 -4.57323 24.4863 -4.57323
3.96 1.92 -4.13887 24.3486 -4.13887
3.96 2.04 -3.81116 23.6478 -3.81116
3.96 2.16 -3.75087 21.774 -3.75087
3.96 2.28 -4.05597 17.8162 -4.05597
3.96 2.4 -4.17411 11.3757 -4.17411
3.96 2.52 -2.3254 4.49133 -2.3254
3.96 2.64 2.17466 0.492461 2.17466
3.96 2.76 6.65241 -0.608958 6.65241
3.96 2.88 8.4497 -0.704123 8.4497
3.96 3 6.78865 -0.606571 6.78865
3.96 3.12 2.39738 0.439886 2.39738
3.96 3.24 -2.13166 4.32557 -2.13166
3.96 3.36 -4.07635 11.1645 -4.07635
3.96 3.48 -4.00582 17.6714 -4.00582
3.96 3.6 -3.70762 21.7083 -3.70762
3.96 3.72 -3.77466 23.6232 -3.77466
3.96 3.84 -4.10414 24.3486 -4.10414
3.96 3.96 -4.54306 24.496 -4.54306
3.96 4.08 -5.00306 24.3778 -5.00306
3.96 4.2 -5.4298 24.155 -5.4298
3.96 4.32 -5.78805 23.9153 -5.78805
3.96 4.44 -6.06054 23.7049 -6.06054
3.96 4.56 -6.23567 23.5507 -6.23567
3.96 4.68 -6.30984 23.4642 -6.30984
3.96 4.8 -6.29322 23.4383 -6.29322
3.96 4.92 -6.20668 23.4526 -6.20668
3.96 5.04 -6.08117 23.4753 -6.08117
3.96 5.16 -5.93966 23.4806 -5.93966
3.96 5.28 -5.81145 23.4404 -5.81145
3.96 5.4 -5.71008 23.3473 -5.71008
3.96 5.52 -5.70012 23.1536 -5.70012
3.96 5.64 7.24356 35.9079 7.24356
3.96 5.76 -21.5914 6.97124 -21.5914
3.96 5.88 -6.02439 22.3742 -6.02439
4.08 0 -14.3827 14.8967 -14.3827
4.08 0.12 -10.4679 18.8272 -10.4679
4.08 0.24 -10.6566 18.7004 -10.6566
4.08 0.36 -5.90693 23.5243 -5.90693
4.08 0.48 -6.19301 23.3197 -6.19301
4.08 0.6 -6.24103 23.3518 -6.24103
4.08 0.72 -6.3407 23.3239 -6.3407
4.08 0.84 -6.42595 23.2987 -6.42595
4.08 0.96 -6.48699 23.2827 -6.48699
4.08 1.08 -6.49457 23.3028 -6.49457
4.08 1.2 -6.4316 23.3733 -6.4316
4.08 1.32 -6.28169 23.5051 -6.28169
4.08 1.44 -6.04424 23.6923 -6.04424
4.08 1.56 -5.72484 23.9167 -5.72484
4.08 1.68 -5.34087 24.1399 -5.34087
4.08 1.8 -4.90955 24.3079 -4.90955
4.08 1.92 -4.46584 24.3176 -4.46584
4.08 2.04 -4.06063 23.9886 -4.06063
4.08 2.16 -3.79204 22.9727 -3.79204
4.08 2.28 -3.76595 20.726 -3.76595
4.08 2.4 -3.94844 16.7169 -3.94844
4.08 2.52 -3.83164 11.2849 -3.83164
4.08 2.64 -2.6459 6.31845 -2.6459
4.08 2.76 -0.830153 3.44145 -0.830153
4.08 2.88 0.0720869 2.58958 0.0720869
4.08 3 -0.739465 3.39521 -0.739465
4.08 3.12 -2.52016 6.20106 -2.52016
4.08 3.24 -3.73327 11.1143 -3.73327
4.08 3.36 -3.88195 16.5697 -3.88195
4.08 3.48 -3.7084 20.6429 -3.7084
4.08 3.6 -3.73068 22.9462 -3.73068
4.08 3.72 -4.00751 23.9863 -4.00751
4.08 3.84 -4.41912 24.3293 -4.41912
4.08 3.96 -4.87148 24.3233 -4.87148
4.08 4.08 -5.31347 24.1537 -5.31347
4.08 4.2 -5.70716 23.9273 -5.70716
4.08 4.32 -6.02514 23.7084 -6.02514
4.08 4.44 -6.25497 23.5315 -6.25497
4.08 4.56 -6.39012 23.416 -6.39012
4.08 4.68 -6.43156 23.3681 -6.43156
4.08 4.8 -6.39252 23.3783 -6.39252
4.08 4.92 -6.29516 23.427 -6.29516
4.08 5.04 -6.16912 23.4863 -6.16912
4.08 5.16 -6.03327 23.5381 -6.03327
4.08 5.28 -5.91199 23.562 -5.91199
4.08 5.4 -5.81296 23.5559 -5.81296
4.08 5.52 -5.79339 23.472 -5.79339
4.08 5.64 7.14354 36.3159 7.14354
4.08 5.76 -21.6258 7.50122 -21.6258
4.08 5.88 -6.18532 22.844 -6.18532
4.2 0 -14.2625 15.1498 -14.2625
4.2 0.12 -10.3319 19.0906 -10.3319
4.2 0.24 -10.5301 18.9362 -10.5301
4.2 0.36 -5.78793 23.7312 -5.78793
4.2 0.48 -6.08426 23.4941 -6.08426
4.2 0.6 -6.14629 23.4923 -6.14629
4.2 0.72 -6.26574 23.4288 -6.26574
4.2 0.84 -6.37879 23.3645 -6.37879
4.2 0.96 -6.47759 23.3037 -6.47759
4.2 1.08 -6.53325 23.2728 -6.53325
4.2 1.2 -6.5272 23.2873 -6.5272
4.2 1.32 -6.43971 23.3621 -6.43971
4.2 1.44 -6.26563 23.4971 -6.26563
4.2 1.56 -6.00576 23.6816 -6.00576
4.2 1.68 -5.67242 23.8878 -5.67242
4.2 1.8 -5.2783 24.0781 -5.2783
4.2 1.92 -4.84913 24.1842 -4.84913
4.2 2.04 -4.41578 24.1027 -4.41578
4.2 2.16 -4.03665 23.6475 -4.03665
4.2 2.28 -3.77837 22.5475 -3.77837
4.2 2.4 -3.69662 20.4937 -3.69662
4.2 2.52 -3.74015 17.4285 -3.74015
4.2 2.64 -3.69235 13.9988 -3.69235
4.2 2.76 -3.46816 11.359 -3.46816
4.2 2.88 -3.30653 10.3798 -3.30653
4.2 3 -3.4236 11.3029 -3.4236
4.2 3.12 -3.62816 13.8976 -3.62816
4.2 3.24 -3.67571 17.3192 -3.67571
4.2 3.36 -3.63075 20.4183 -3.63075
4.2 3.48 -3.70754 22.5161 -3.70754
4.2 3.6 -3.9618 23.6505 -3.9618
4.2 3.72 -4.35255 24.1157 -4.35255
4.2 3.84 -4.79668 24.2023 -4.79668
4.2 3.96 -5.23894 24.0937 -5.23894
4.2 4.08 -5.64912 23.8959 -5.64912
4.2 4.2 -5.99833 23.6805 -5.99833
4.2 4.32 -6.26464 23.4942 -6.26464
4.2 4.44 -6.43984 23.3618 -6.43984
4.2 4.56 -6.52238 23.2948 -6.52238
4.2 4.68 -6.51779 23.2939 -6.51779
4.2 4.8 -6.4425 23.3463 -6.4425
4.2 4.92 -6.31998 23.4316 -6.31998
4.2 5.04 -6.17898 23.5236 -6.17898
4.2 5.16 -6.03581 23.6076 -6.03581
4.2 5.28 -5.91162 23.6668 -5.91162
4.2 5.4 -5.81081 23.7011 -5.81081
4.2 5.52 -5.78669 23.6629 -5.78669
4.2 5.64 7.14787 36.5425 7.14787
4.2 5.76 -21.5993 7.77121 -21.5993
4.2 5.88 -6.19946 23.1027 -6.19946
4.32 0 -14.0063 15.3823 -14.0063
4.32 0.12 -10.0552 19.3433 -10.0552
4.32 0.24 -10.2738 19.168 -10.2738
4.32 0.36 -5.54348 23.9508 -5.54348
4.32 0.48 -5.85788 23.6957 -5.85788
4.32 0.6 -5.94325 23.6716 -5.94325
4.32 0.72 -6.09337 23.5794 -6.09337
4.32 0.84 -6.24555 23.4788 -6.24555
4.32 0.96 -6.39357 23.3726 -6.39357
4.32 1.08 -6.50887 23.2869 -6.50887
4.32 1.2 -6.5714 23.2393 -6.5714
4.32 1.32 -6.55836 23.2485 -6.55836
4.32 1.44 -6.46007 23.3204 -6.46007
4.32 1.56 -6.27252 23.4517 -6.27252
4.32 1.68 -6.00307 23.624 -6.00307
4.32 1.8 -5.66094 23.8119 -5.66094
4.32 1.92 -5.2668 23.9691 -5.2668
4.32 2.04 -4.84256 24.0349 -4.84256
4.32 2.16 -4.42734 23.9094 -4.42734
4.32 2.28 -4.05852 23.4706 -4.05852
4.32 2.4 -3.7862 22.5803 -3.7862
4.32 2.52 -3.64449 21.1854 -3.64449
4.32 2.64 -3.57898 19.537 -3.57898
4.32 2.76 -3.54842 18.1519 -3.54842
4.32 2.88 -3.53094 17.5951 -3.53094
4.32 3 -3.51869 18.1209 -3.51869
4.32 3.12 -3.52785 19.4879 -3.52785
4.32 3.24 -3.58104 21.1397 -3.58104
4.32 3.36 -3.71255 22.558 -3.71255
4.32 3.48 -3.97995 23.4722 -3.97995
4.32 3.6 -4.3477 23.9292 -4.3477
4.32 3.72 -4.77732 24.0548 -4.77732
4.32 3.84 -5.21681 23.9862 -5.21681
4.32 3.96 -5.62908 23.82 -5.62908
4.32 4.08 -5.9936 23.6178 -5.9936
4.32 4.2 -6.28596 23.4295 -6.28596
4.32 4.32 -6.48837 23.2889 -6.48837
4.32 4.44 -6.59668 23.212 -6.59668
4.32 4.56 -6.61433 23.2031 -6.61433
4.32 4.68 -6.55129 23.257 -6.55129
4.32 4.8 -6.42712 23.357 -6.42712
4.32 4.92 -6.26636 23.4814 -6.26636
4.32 5.04 -6.09694 23.6049 -6.09694
4.32 5.16 -5.93349 23.7148 -5.93349
4.32 5.28 -5.7946 23.7966 -5.7946
4.32 5.4 -5.68296 23.8518 -5.68296
4.32 5.52 -5.65075 23.8325 -5.65075
4.32 5.64 7.2914 36.73 7.2914
4.32 5.76 -21.4644 7.95562 -21.4644
4.32 5.88 -6.02126 23.3375 -6.02126
4.44 0 -13.6395 15.5684 -13.6395
4.44 0.12 -9.66338 19.5585 -9.66338
4.44 0.24 -9.91065 19.3704 -9.91065
4.44 0.36 -5.19369 24.159 -5.19369
4.44 0.48 -5.52985 23.9033 -5.52985
4.44 0.6 -5.64296 23.8726 -5.64296
4.44 0.72 -5.8293 23.7639 -5.8293
4.44 0.84 -6.02654 23.6358 -6.02654
4.44 0.96 -6.22995 23.4896 -6.22995
4.44 1.08 -6.41149 23.3512 -6.41149
4.44 1.2 -6.54993 23.2403 -6.54993
4.44 1.32 -6.61998 23.1791 -6.61998
4.44 1.44 -6.60773 23.1794 -6.60773
4.44 1.56 -6.50434 23.2453 -6.50434
4.44 1.68 -6.31212 23.367 -6.31212
4.44 1.8 -6.03675 23.5288 -6.03675
4.44 1.92 -5.69551 23.6984 -5.69551
4.44 2.04 -5.30653 23.8382 -5.30653
4.44 2.16 -4.90232 23.8883 -4.90232
4.44 2.28 -4.50881 23.7917 -4.50881
4.44 2.4 -4.15875 23.4944 -4.15875
4.44 2.52 -3.89315 22.9727 -3.89315
4.44 2.64 -3.71617 22.3241 -3.71617
4.44 2.76 -3.61595 21.764 -3.61595
4.44 2.88 -3.57704 21.5357 -3.57704
4.44 3 -3.58802 21.7555 -3.58802
4.44 3.12 -3.66515 22.3125 -3.66515
4.44 3.24 -3.82773 22.9652 -3.82773
4.44 3.36 -4.08382 23.5001 -4.08382
4.44 3.48 -4.43116 23.8089 -4.43116
4.44 3.6 -4.82626 23.9136 -4.82626
4.44 3.72 -5.24815 23.8557 -5.24815
4.44 3.84 -5.65748 23.7055 -5.65748
4.44 3.96 -6.0227 23.5198 -6.0227
4.44 4.08 -6.32749 23.3366 -6.32749
4.44 4.2 -6.54996 23.1921 -6.54996
4.44 4.32 -6.67618 23.1104 -6.67618
4.44 4.44 -6.70631 23.0992 -6.70631
4.44 4.56 -6.64884 23.1554 -6.64884
4.44 4.68 -6.51772 23.2684 -6.51772
4.44 4.8 -6.33549 23.4175 -6.33549
4.44 4.92 -6.12716 23.5799 -6.12716
4.44 5.04 -5.91972 23.7307 -5.91972
4.44 5.16 -5.72676 23.8582 -5.72676
4.44 5.28 -5.56464 23.9507 -5.56464
4.44 5.4 -5.43539 24.0108 -5.43539
4.44 5.52 -5.39238 23.9909 -5.39238
4.44 5.64 7.56828 36.8975 7.56828
4.44 5.76 -21.224 8.08205 -21.224
4.44 5.88 -5.65666 23.5774 -5.65666
4.56 0 -13.217 15.5898 -13.217
4.56 0.12 -9.20983 19.6223 -9.20983
4.56 0.24 -9.48707 19.4444 -9.48707
4.56 0.36 -4.77707 24.2743 -4.77707
4.56 0.48 -5.13069 24.0535 -5.13069
4.56 0.6 -5.26828 24.0485 -5.26828
4.56 0.72 -5.4893 23.9495 -5.4893
4.56 0.84 -5.73102 23.8143 -5.73102
4.56 0.96 -5.98986 23.643 -5.98986
4.56 1.08 -6.23842 23.4622 -6.23842
4.56 1.2 -6.45468 23.2938 -6.45468
4.56 1.32 -6.61167 23.1633 -6.61167
4.56 1.44 -6.69186 23.0883 -6.69186
4.56 1.56 -6.68181 23.0795 -6.68181
4.56 1.68 -6.57871 23.1359 -6.57871
4.56 1.8 -6.384 23.2501 -6.384
4.56 1.92 -6.11167 23.4001 -6.11167
4.56 2.04 -5.77759 23.5608 -5.77759
4.56 2.16 -5.41138 23.6916 -5.41138
4.56 2.28 -5.03803 23.7583 -5.03803
4.56 2.4 -4.68838 23.7307 -4.68838
4.56 2.52 -4.39073 23.6019 -4.39073
4.56 2.64 -4.16052 23.4132 -4.16052
4.56 2.76 -4.01864 23.2342 -4.01864
4.56 2.88 -3.9652 23.1585 -3.9652
4.56 3 -3.99171 23.2372 -3.99171
4.56 3.12 -4.1123 23.4184 -4.1123
4.56 3.24 -4.32959 23.6101 -4.32959
4.56 3.36 -4.61913 23.7467 -4.61913
4.56 3.48 -4.96862 23.778 -4.96862
4.56 3.6 -5.34773 23.7111 -5.34773
4.56 3.72 -5.73574 23.5656 -5.73574
4.56 3.84 -6.09601 23.3868 -6.09601
4.56 3.96 -6.39883 23.2136 -6.39883
4.56 4.08 -6.63008 23.0711 -6.63008
4.56 4.2 -6.77019 22.9864 -6.77019
4.56 4.32 -6.80949 22.9747 -6.80949
4.56 4.44 -6.75285 23.0362 -6.75285
4.56 4.56 -6.61372 23.1602 -6.61372
4.56 4.68 -6.40931 23.3313 -6.40931
4.56 4.8 -6.16462 23.5248 -6.16462
4.56 4.92 -5.90444 23.7166 -5.90444
4.56 5.04 -5.65472 23.8822 -5.65472
4.56 5.16 -5.42871 24.0098 -5.42871
4.56 5.28 -5.24104 24.0898 -5.24104
4.56 5.4 -5.09395 24.1269 -5.09395
4.56 5.52 -5.04368 24.0747 -5.04368
4.56 5.64 7.93997 36.97 7.93997
4.56 5.76 -20.9182 8.07118 -20.9182
4.56 5.88 -5.15743 23.7277 -5.15743
4.68 0 -12.8445 15.1637 -12.8445
4.68 0.12 -8.79591 19.2661 -8.79591
4.68 0.24 -9.09027 19.1627 -9.09027
4.68 0.36 -4.36377 24.1187 -4.36377
4.68 0.48 -4.71347 24.0165 -4.71347
4.68 0.6 -4.85788 24.1095 -4.85788
4.68 0.72 -5.10113 24.076 -5.10113
4.68 0.84 -5.37862 23.9746 -5.37862
4.68 0.96 -5.68639 23.8076 -5.68639
4.68 1.08 -5.99692 23.6051 -5.99692
4.68 1.2 -6.28739 23.3932 -6.28739
4.68 1.32 -6.52988 23.2016 -6.52988
4.68 1.44 -6.70406 23.0533 -6.70406
4.68 1.56 -6.79252 22.9659 -6.79252
4.68 1.68 -6.78744 22.9459 -6.78744
4.68 1.8 -6.68525 22.9949 -6.68525
4.68 1.92 -6.4959 23.0991 -6.4959
4.68 2.04 -6.23316 23.2417 -6.23316
4.68 2.16 -5.92466 23.3912 -5.92466
4.68 2.28 -5.59351 23.5241 -5.59351
4.68 2.4 -5.27283 23.614 -5.27283
4.68 2.52 -4.99401 23.6467 -4.99401
4.68 2.64 -4.7703 23.6401 -4.7703
4.68 2.76 -4.62382 23.616 -4.62382
4.68 2.88 -4.56823 23.6028 -4.56823
4.68 3 -4.60015 23.6222 -4.60015
4.68 3.12 -4.72896 23.649 -4.72896
4.68 3.24 -4.94163 23.6575 -4.94163
4.68 3.36 -5.21507 23.6281 -5.21507
4.68 3.48 -5.54037 23.5346 -5.54037
4.68 3.6 -5.88243 23.3939 -5.88243
4.68 3.72 -6.21771 23.2229 -6.21771
4.68 3.84 -6.51333 23.0547 -6.51333
4.68 3.96 -6.73985 22.9205 -6.73985
4.68 4.08 -6.88491 22.8378 -6.88491
4.68 4.2 -6.93213 22.826 -6.93213
4.68 4.32 -6.87682 22.8919 -6.87682
4.68 4.44 -6.72891 23.028 -6.72891
4.68 4.56 -6.50629 23.2166 -6.50629
4.68 4.68 -6.22838 23.4379 -6.22838
4.68 4.8 -5.92208 23.6627 -5.92208
4.68 4.92 -5.61137 23.8653 -5.61137
4.68 5.04 -5.32163 24.0189 -5.32163
4.68 5.16 -5.06729 24.1084 -5.06729
4.68 5.28 -4.86271 24.1241 -4.86271
4.68 5.4 -4.71138 24.0732 -4.71138
4.68 5.52 -4.67354 23.9147 -4.67354
4.68 5.64 8.32372 36.7403 8.32372
4.68 5.76 -20.638 7.69206 -20.638
4.68 5.88 -4.63113 23.5278 -4.63113
4.8 0 -12.7347 13.6371 -12.7347
4.8 0.12 -8.62306 17.8756 -8.62306
4.8 0.24 -8.89042 18.0154 -8.89042
4.8 0.36 -4.08404 23.308 -4.08404
4.8 0.48 -4.36951 23.5292 -4.36951
4.8 0.6 -4.47123 23.8891 -4.47123
4.8 0.72 -4.70242 24.0432 -4.70242
4.8 0.84 -4.99351 24.057 -4.99351
4.8 0.96 -5.33535 23.9475 -5.33535
4.8 1.08 -5.69683 23.7586 -5.69683
4.8 1.2 -6.05268 23.5273 -6.05268
4.8 1.32 -6.37403 23.2905 -6.37403
4.8 1.44 -6.63844 23.0779 -6.63844
4.8 1.56 -6.82544 22.9137 -6.82544
4.8 1.68 -6.92289 22.8121 -6.92289
4.8 1.8 -6.9217 22.7831 -6.9217
4.8 1.92 -6.82687 22.8212 -6.82687
4.8 2.04 -6.64882 22.9166 -6.64882
4.8 2.16 -6.41384 23.0429 -6.41384
4.8 2.28 -6.14437 23.1801 -6.14437
4.8 2.4 -5.87006 23.306 -5.87006
4.8 2.52 -5.62232 23.4023 -5.62232
4.8 2.64 -5.42347 23.4648 -5.42347
4.8 2.76 -5.2929 23.4964 -5.2929
4.8 2.88 -5.2437 23.5049 -5.2437
4.8 3 -5.27396 23.5013 -5.27396
4.8 3.12 -5.39154 23.4701 -5.39154
4.8 3.24 -5.58309 23.4064 -5.58309
4.8 3.36 -5.83039 23.3076 -5.83039
4.8 3.48 -6.11501 23.171 -6.11501
4.8 3.6 -6.40143 23.0185 -6.40143
4.8 3.72 -6.66946 22.8635 -6.66946
4.8 3.84 -6.88745 22.7351 -6.88745
4.8 3.96 -7.0254 22.6617 -7.0254
4.8 4.08 -7.07407 22.6539 -7.07407
4.8 4.2 -7.02155 22.7237 -7.02155
4.8 4.32 -6.86853 22.8695 -6.86853
4.8 4.44 -6.62981 23.0761 -6.62981
4.8 4.56 -6.3269 23.3194 -6.3269
4.8 4.68 -5.98028 23.575 -5.98028
4.8 4.8 -5.61842 23.8079 -5.61842
4.8 4.92 -5.26492 23.9866 -5.26492
4.8 5.04 -4.94683 24.075 -4.94683
4.8 5.16 -4.68376 24.0449 -4.68376
4.8 5.28 -4.4942 23.8765 -4.4942
4.8 5.4 -4.38463 23.5778 -4.38463
4.8 5.52 -4.41762 23.126 -4.41762
4.8 5.64 8.55223 35.72 8.55223
4.8 5.76 -20.5747 6.38707 -20.5747
4.8 5.88 -4.29137 22.3682 -4.29137
4.92 0 -13.1757 9.69211 -13.1757
4.92 0.12 -8.97494 14.2085 -8.97494
4.92 0.24 -9.1601 14.9468 -9.1601
4.92 0.36 -4.16903 21.0403 -4.16903
4.92 0.48 -4.2678 22.0547 -4.2678
4.92 0.6 -4.2168 23.0659 -4.2168
4.92 0.72 -4.35825 23.6724 -4.35825
4.92 0.84 -4.61558 23.9647 -4.61558
4.92 0.96 -4.96378 24.008 -4.96378
4.92 1.08 -5.35852 23.8891 -5.35852
4.92 1.2 -5.76656 23.6738 -5.76656
4.92 1.32 -6.15609 23.4151 -6.15609
4.92 1.44 -6.5024 23.1537 -6.5024
4.92 1.56 -6.78288 22.9211 -6.78288
4.92 1.68 -6.98209 22.7388 -6.98209
4.92 1.8 -7.08579 22.625 -7.08579
4.92 1.92 -7.09366 22.5825 -7.09366
4.92 2.04 -7.01102 22.6089 -7.01102
4.92 2.16 -6.86063 22.6839 -6.86063
4.92 2.28 -6.66535 22.7884 -6.66535
4.92 2.4 -6.45435 22.8994 -6.45435
4.92 2.52 -6.25306 23.0013 -6.25306
4.92 2.64 -6.08632 23.0807 -6.08632
4.92 2.76 -5.97623 23.1281 -5.97623
4.92 2.88 -5.93575 23.1419 -5.93575
4.92 3 -5.96334 23.1286 -5.96334
4.92 3.12 -6.06677 23.0764 -6.06677
4.92 3.24 -6.23188 22.9904 -6.23188
4.92 3.36 -6.43874 22.8794 -6.43874
4.92 3.48 -6.66684 22.75 -6.66684
4.92 3.6 -6.88668 22.622 -6.88668
4.92 3.72 -7.07702 22.5111 -7.07702
4.92 3.84 -7.20582 22.4459 -7.20582
4.92 3.96 -7.24541 22.4501 -7.24541
4.92 4.08 -7.19146 22.5272 -7.19146
4.92 4.2 -7.03721 22.6814 -7.03721
4.92 4.32 -6.7885 22.9033 -6.7885
4.92 4.44 -6.46423 23.1704 -6.46423
4.92 4.56 -6.08848 23.4521 -6.08848
4.92 4.68 -5.68195 23.718 -5.68195
4.92 4.8 -5.27544 23.9224 -5.27544
4.92 4.92 -4.89492 24.0177 -4.89492
4.92 5.04 -4.57555 23.9392 -4.57555
4.92 5.16 -4.35208 23.6169 -4.35208
4.92 5.28 -4.25677 22.9919 -4.25677
4.92 5.4 -4.29848 22.0664 -4.29848
4.92 5.52 -4.52765 20.8761 -4.52765
4.92 5.64 8.32882 32.8456 8.32882
4.92 5.76 -21.0463 2.9501 -21.0463
4.92 5.88 -4.46355 18.9905 -4.46355
5.04 0 -13.6095 1.96031 -13.6095
5.04 0.12 -9.41575 6.88855 -9.41575
5.04 0.24 -9.7755 8.54384 -9.7755
5.04 0.36 -4.7273 16.061 -4.7273
5.04 0.48 -4.59626 18.6708 -4.59626
5.04 0.6 -4.2493 21.0775 -4.2493
5.04 0.72 -4.16384 22.6677 -4.16384
5.04 0.84 -4.2975 23.554 -4.2975
5.04 0.96 -4.6024 23.9194 -4.6024
5.04 1.08 -5.00323 23.9591 -5.00323
5.04 1.2 -5.44615 23.809 -5.44615
5.04 1.32 -5.89035 23.5588 -5.89035
5.04 1.44 -6.30702 23.2689 -6.30702
5.04 1.56 -6.67169 22.9813 -6.67169
5.04 1.68 -6.96682 22.7252 -6.96682
5.04 1.8 -7.17378 22.5267 -7.17378
5.04 1.92 -7.28748 22.396 -7.28748
5.04 2.04 -7.30776 22.3384 -7.30776
5.04 2.16 -7.25147 22.3409 -7.25147
5.04 2.28 -7.13823 22.3888 -7.13823
5.04 2.4 -6.99758 22.4583 -6.99758
5.04 2.52 -6.85346 22.5328 -6.85346
5.04 2.64 -6.72903 22.5967 -6.72903
5.04 2.76 -6.64533 22.6368 -6.64533
5.04 2.88 -6.61595 22.6467 -6.61595
5.04 3 -6.63996 22.6302 -6.63996
5.04 3.12 -6.7247 22.5778 -6.7247
5.04 3.24 -6.85445 22.5002 -6.85445
5.04 3.36 -7.01156 22.4085 -7.01156
5.04 3.48 -7.17767 22.3116 -7.17767
5.04 3.6 -7.32362 22.2318 -7.32362
5.04 3.72 -7.42608 22.1877 -7.42608
5.04 3.84 -7.45677 22.2029 -7.45677
5.04 3.96 -7.39281 22.2951 -7.39281
5.04 4.08 -7.23527 22.4606 -7.23527
5.04 4.2 -6.98262 22.696 -6.98262
5.04 4.32 -6.64502 22.9847 -6.64502
5.04 4.44 -6.24431 23.2973 -6.24431
5.04 4.56 -5.80609 23.5959 -5.80609
5.04 4.68 -5.35153 23.8402 -5.35153
5.04 4.8 -4.9166 23.9623 -4.9166
5.04 4.92 -4.537 23.8748 -4.537
5.04 5.04 -4.27002 23.4394 -4.27002
5.04 5.16 -4.18329 22.4778 -4.18329
5.04 5.28 -4.32621 20.8324 -4.32621
5.04 5.4 -4.66536 18.5241 -4.66536
5.04 5.52 -5.15612 15.8013 -5.15612
5.04 5.64 7.68239 26.5618 7.68239
5.04 5.76 -21.8632 -4.24804 -21.8632
5.04 5.88 -4.7826 11.9617 -4.7826
5.16 0 -10.1068 -7.0147 -10.1068
5.16 0.12 -6.42613 -2.03882 -6.42613
5.16 0.24 -8.28136 -0.383606 -8.28136
5.16 0.36 -4.55098 8.04316 -4.55098
5.16 0.48 -5.05816 12.5461 -5.05816
5.16 0.6 -4.63462 17.2045 -4.63462
5.16 0.72 -4.22827 20.6093 -4.22827
5.16 0.84 -4.11129 22.6258 -4.11129
5.16 0.96 -4.29311 23.5934 -4.29311
5.16 1.08 -4.65885 23.9262 -4.65885
5.16 1.2 -5.11406 23.907 -5.11406
5.16 1.32 -5.59737 23.7016 -5.59737
5.16 1.44 -6.07094 23.4067 -6.07094
5.16 1.56 -6.50777 23.081 -6.50777
5.16 1.68 -6.88894 22.7624 -6.88894
5.16 1.8 -7.19238 22.485 -7.19238
5.16 1.92 -7.40887 22.2659 -7.40887
5.16 2.04 -7.5333 22.1176 -7.5333
5.16 2.16 -7.57702 22.034 -7.57702
5.16 2.28 -7.55398 22.0065 -7.55398
5.16 2.4 -7.48938 22.0159 -7.48938
5.16 2.52 -7.40619 22.0456 -7.40619
5.16 2.64 -7.32811 22.0775 -7.32811
5.16 2.76 -7.27419 22.0978 -7.27419
5.16 2.88 -7.25758 22.0983 -7.25758
5.16 3 -7.27748 22.0819 -7.27748
5.16 3.12 -7.34112 22.0401 -7.34112
5.16 3.24 -7.43286 21.9854 -7.43286
5.16 3.36 -7.53797 21.9288 -7.53797
5.16 3.48 -7.63678 21.8829 -7.63678
5.16 3.6 -7.70003 21.8713 -7.70003
5.16 3.72 -7.70772 21.9091 -7.70772
5.16 3.84 -7.63741 22.0137 -7.63741
5.16 3.96 -7.47061 22.1972 -7.47061
5.16 4.08 -7.21387 22.4486 -7.21387
5.16 4.2 -6.87082 22.7568 -6.87082
5.16 4.32 -6.45472 23.0991 -6.45472
5.16 4.44 -5.98913 23.4392 -5.98913
5.16 4.56 -5.50071 23.7297 -5.50071
5.16 4.68 -5.01292 23.9122 -5.01292
5.16 4.8 -4.57311 23.8758 -4.57311
5.16 4.92 -4.24042 23.4474 -4.24042
5.16 5.04 -4.11543 22.3293 -4.11543
5.16 5.16 -4.30093 20.1258 -4.30093
5.16 5.28 -4.76156 16.5756 -4.76156
5.16 5.4 -5.13522 12.0298 -5.13522
5.16 5.52 -5.0334 7.46561 -5.0334
5.16 5.64 9.04872 17.416 9.04872
5.16 5.76 -19.8058 -13.8966 -19.8058
5.16 5.88 -1.70767 3.2316 -1.70767
5.28 0 0.628934 -10.2379 0.628934
5.28 0.12 3.64344 -5.82493 3.64344
5.28 0.24 -0.482999 -5.97383 -0.482999
5.28 0.36 -0.10014 0.688991 -0.10014
5.28 0.48 -3.79102 4.88981 -3.79102
5.28 0.6 -4.85494 11.3215 -4.85494
5.28 0.72 -4.53154 17.1682 -4.53154
5.28 0.84 -4.11293 20.987 -4.11293
5.28 0.96 -4.07789 22.9466 -4.07789
5.28 1.08 -4.35372 23.754 -4.35372
5.28 1.2 -4.79308 23.947 -4.79308
5.28 1.32 -5.29824 23.8262 -5.29824
5.28 1.44 -5.81433 23.5507 -5.81433
5.28 1.56 -6.30968 23.2047 -6.30968
5.28 1.68 -6.76401 22.8378 -6.76401
5.28 1.8 -7.15274 22.492 -7.15274
5.28 1.92 -7.46335 22.1909 -7.46335
5.28 2.04 -7.68616 21.9536 -7.68616
5.28 2.16 -7.82767 21.7805 -7.82767
5.28 2.28 -7.8971 21.6686 -7.8971
5.28 2.4 -7.91361 21.6046 -7.91361
5.28 2.52 -7.89571 21.5764 -7.89571
5.28 2.64 -7.86642 21.5658 -7.86642
5.28 2.76 -7.84384 21.5589 -7.84384
5.28 2.88 -7.84086 21.5469 -7.84086
5.28 3 -7.85661 21.5321 -7.85661
5.28 3.12 -7.8983 21.5068 -7.8983
5.28 3.24 -7.95052 21.4843 -7.95052
5.28 3.36 -7.99979 21.4753 -7.99979
5.28 3.48 -8.0256 21.4946 -8.0256
5.28 3.6 -8.00295 21.5615 -8.00295
5.28 3.72 -7.91684 21.6863 -7.91684
5.28 3.84 -7.74932 21.8811 -7.74932
5.28 3.96 -7.48613 22.1523 -7.48613
5.28 4.08 -7.13964 22.4815 -7.13964
5.28 4.2 -6.71802 22.8504 -6.71802
5.28 4.32 -6.23623 23.231 -6.23623
5.28 4.44 -5.71868 23.5799 -5.71868
5.28 4.56 -5.19352 23.8359 -5.19352
5.28 4.68 -4.69024 23.91 -4.69024
5.28 4.8 -4.2771 23.6167 -4.2771
5.28 4.92 -4.05499 22.6259 -4.05499
5.28 5.04 -4.17394 20.3639 -4.17394
5.28 5.16 -4.64902 16.1803 -4.64902
5.28 5.28 -4.86978 10.162 -4.86978
5.28 5.4 -3.49954 4.06933 -3.49954
5.28 5.52 -0.207336 -0.0675129 -0.207336
5.28 5.64 17.136 11.6164 17.136
5.28 5.76 -10.2404 -18.7963 -10.2404
5.28 5.88 8.81878 -0.291612 8.81878
5.4 0 11.9546 -8.40036 11.9546
5.4 0.12 15.1131 -4.24231 15.1131
5.4 0.24 10.7415 -5.59376 10.7415
5.4 0.36 9.25389 -1.42036 9.25389
5.4 0.48 1.45699 -0.363679 1.45699
5.4 0.6 -3.53742 5.03979 -3.53742
5.4 0.72 -4.71729 12.6091 -4.71729
5.4 0.84 -4.27996 18.6116 -4.27996
5.4 0.96 -3.98675 21.9473 -3.98675
5.4 1.08 -4.11912 23.4236 -4.11912
5.4 1.2 -4.51296 23.9116 -4.51296
5.4 1.32 -5.02254 23.9127 -5.02254
5.4 1.44 -5.56711 23.6781 -5.56711
5.4 1.56 -6.10695 23.3284 -6.10695
5.4 1.68 -6.61973 22.9282 -6.61973
5.4 1.8 -7.07905 22.5279 -7.07905
5.4 1.92 -7.47042 22.1562 -7.47042
5.4 2.04 -7.78059 21.838 -7.78059
5.4 2.16 -8.01093 21.5804 -8.01093
5.4 2.28 -8.16618 21.3858 -8.16618
5.4 2.4 -8.2611 21.2459 -8.2611
5.4 2.52 -8.30893 21.1539 -8.30893
5.4 2.64 -8.32933 21.095 -8.32933
5.4 2.76 -8.33888 21.0567 -8.33888
5.4 2.88 -8.34996 21.0301 -8.34996
5.4 3 -8.36143 21.0181 -8.36143
5.4 3.12 -8.38054 21.0129 -8.38054
5.4 3.24 -8.39229 21.0282 -8.39229
5.4 3.36 -8.38478 21.0732 -8.38478
5.4 3.48 -8.33925 21.1613 -8.33925
5.4 3.6 -8.23615 21.3064 -8.23615
5.4 3.72 -8.06365 21.5152 -8.06365
5.4 3.84 -7.80806 21.7943 -7.80806
5.4 3.96 -7.46037 22.1437 -7.46037
5.4 4.08 -7.03807 22.5379 -7.03807
5.4 4.2 -6.55224 22.9534 -6.55224
5.4 4.32 -6.01861 23.3572 -6.01861
5.4 4.44 -5.46217 23.6978 -5.46217
5.4 4.56 -4.91377 23.8957 -4.91377
5.4 4.68 -4.41403 23.8158 -4.41403
5.4 4.8 -4.06244 23.1606 -4.06244
5.4 4.92 -4.0122 21.3649 -4.0122
5.4 5.04 -4.39437 17.5182 -4.39437
5.4 5.16 -4.70744 11.0539 -4.70744
5.4 5.28 -2.92662 3.67987 -2.92662
5.4 5.4 2.69128 -0.859382 2.69128
5.4 5.52 9.85866 -1.84607 9.85866
5.4 5.64 28.962 12.2071 28.962
5.4 5.76 1.65227 -17.4889 1.65227
5.4 5.88 21.0561 1.75074 21.0561
5.52 0 18.4839 -6.5738 18.4839
5.52 0.12 22.1068 -2.32509 22.1068
5.52 0.24 18.8466 -3.61596 18.8466
5.52 0.36 18.2296 -0.0934748 18.2296
5.52 0.48 9.0986 -1.49628 9.0986
5.52 0.6 0.0736405 0.819378 0.0736405
5.52 0.72 -4.21107 8.06357 -4.21107
5.52 0.84 -4.4578 15.8412 -4.4578
5.52 0.96 -3.99573 20.7048 -3.99573
5.52 1.08 -3.96097 22.9752 -3.96097
5.52 1.2 -4.28761 23.8136 -4.28761
5.52 1.32 -4.78755 23.9599 -4.78755
5.52 1.44 -5.34875 23.7795 -5.34875
5.52 1.56 -5.92042 23.4381 -5.92042
5.52 1.68 -6.4772 23.0178 -6.4772
5.52 1.8 -6.99102 22.5774 -6.99102
5.52 1.92 -7.44636 22.1503 -7.44636
5.52 2.04 -7.82855 21.7646 -7.82855
5.52 2.16 -8.1343 21.4332 -8.1343
5.52 2.28 -8.3632 21.1649 -8.3632
5.52 2.4 -8.52623 20.9559 -8.52623
5.52 2.52 -8.63234 20.8042 -8.63234
5.52 2.64 -8.69746 20.699 -8.69746
5.52 2.76 -8.7365 20.6297 -8.7365
5.52 2.88 -8.76075 20.5888 -8.76075
5.52 3 -8.76828 20.5797 -8.76828
5.52 3.12 -8.7667 20.5947 -8.7667
5.52 3.24 -8.74178 20.6467 -8.74178
5.52 3.36 -8.68371 20.743 -8.68371
5.52 3.48 -8.57576 20.8945 -8.57576
5.52 3.6 -8.4027 21.1108 -8.4027
5.52 3.72 -8.15568 21.3943 -8.15568
5.52 3.84 -7.82647 21.7454 -7.82647
5.52 3.96 -7.41082 22.1579 -7.41082
5.52 4.08 -6.92953 22.6019 -6.92953
5.52 4.2 -6.39446 23.0503 -6.39446
5.52 4.32 -5.82202 23.4652 -5.82202
5.52 4.44 -5.23831 23.7858 -5.23831
5.52 4.56 -4.6782 23.9106 -4.6782
5.52 4.68 -4.19778 23.6465 -4.19778
5.52 4.8 -3.93345 22.5558 -3.93345
5.52 4.92 -4.07487 19.8002 -4.07487
5.52 5.04 -4.54911 14.2486 -4.54911
5.52 5.16 -3.72716 6.21867 -3.72716
5.52 5.28 1.72045 -0.110273 1.72045
5.52 5.4 11.1183 -1.36204 11.1183
5.52 5.52 19.1271 -0.213534 19.1271
5.52 5.64 37.2807 14.3398 37.2807
5.52 5.76 9.03416 -15.4669 9.03416
5.52 5.88 28.4709 3.93534 28.4709
5.64 0 20.9434 -6.16576 20.9434
5.64 0.12 25.2592 -1.43075 25.2592
5.64 0.24 22.8688 -2.47229 22.8688
5.64 0.36 23.6667 1.33516 23.6667
5.64 0.48 15.3809 -0.706831 15.3809
5.64 0.6 4.53 -0.79682 4.53
5.64 0.72 -2.93785 4.74632 -2.93785
5.64 0.84 -4.48859 13.3091 -4.48859
5.64 0.96 -4.04765 19.4689 -4.04765
5.64 1.08 -3.87176 22.4996 -3.87176
5.64 1.2 -4.12854 23.6808 -4.12854
5.64 1.32 -4.61184 23.97 -4.61184
5.64 1.44 -5.18093 23.8456 -5.18093
5.64 1.56 -5.7729 23.5191 -5.7729
5.64 1.68 -6.35982 23.0889 -6.35982
5.64 1.8 -6.91151 22.6225 -6.91151
5.64 1.92 -7.4121 22.1568 -7.4121
5.64 2.04 -7.84592 21.7224 -7.84592
5.64 2.16 -8.208 21.3349 -8.208
5.64 2.28 -8.4929 21.0091 -8.4929
5.64 2.4 -8.70815 20.7451 -8.70815
5.64 2.52 -8.85905 20.5456 -8.85905
5.64 2.64 -8.95871 20.403 -8.95871
5.64 2.76 -9.02123 20.3079 -9.02123
5.64 2.88 -9.05632 20.2545 -9.05632
5.64 3 -9.06078 20.2479 -9.06078
5.64 3.12 -9.04314 20.2795 -9.04314
5.64 3.24 -8.98885 20.3624 -8.98885
5.64 3.36 -8.89164 20.5002 -8.89164
5.64 3.48 -8.73555 20.7029 -8.73555
5.64 3.6 -8.50847 20.9758 -8.50847
5.64 3.72 -8.20485 21.3173 -8.20485
5.64 3.84 -7.82266 21.7208 -7.82266
5.64 3.96 -7.35849 22.1786 -7.35849
5.64 4.08 -6.83666 22.6555 -6.83666
5.64 4.2 -6.26804 23.1237 -6.26804
5.64 4.32 -5.6691 23.5413 -5.6691
5.64 4.44 -5.06805 23.8372 -5.06805
5.64 4.56 -4.50444 23.888 -4.50444
5.64 4.68 -4.0503 23.4414 -4.0503
5.64 4.8 -3.8749 21.9207 -3.8749
5.64 4.92 -4.16281 18.2536 -4.16281
5.64 5.04 -4.43965 11.3531 -4.43965
5.64 5.16 -1.76981 3.00292 -1.76981
5.64 5.28 6.99115 -1.11184 6.99115
5.64 5.4 17.5986 -0.229215 17.5986
5.64 5.52 24.4788 1.27773 24.4788
5.64 5.64 41.2492 15.4886 41.2492
5.64 5.76 12.2809 -14.5406 12.2809
5.64 5.88 31.6331 4.80032 31.6331
5.76 0 65.2498 37.3653 65.2498
5.76 0.12 65.1539 37.6012 65.1539
5.76 0.24 62.6697 36.1952 62.6697
5.76 0.36 63.9821 39.9632 63.9821
5.76 0.48 56.579 37.889 56.579
5.76 0.6 45.5521 36.8155 45.5521
5.76 0.72 36.3544 41.003 36.3544
5.76 0.84 33.8522 49.8369 33.8522
5.76 0.96 34.3348 56.9658 34.3348
5.76 1.08 34.7032 60.6503 34.7032
5.76 1.2 34.5813 62.1723 34.5813
5.76 1.32 34.1935 62.6517 34.1935
5.76 1.44 33.6943 62.6445 33.6943
5.76 1.56 33.1592 62.4011 33.1592
5.76 1.68 32.6203 62.0336 32.6203
5.76 1.8 32.1093 61.6164 32.1093
5.76 1.92 31.6335 61.1795 31.6335
5.76 2.04 31.219 60.7666 31.219
5.76 2.16 30.8645 60.3862 30.8645
5.76 2.28 30.5811 60.0603 30.5811
5.76 2.4 30.36 59.788 30.36
5.76 2.52 30.2017 59.5779 30.2017
5.76 2.64 30.0927 59.4237 30.0927
5.76 2.76 30.028 59.324 30.028
5.76 2.88 29.9907 59.2669 29.9907
5.76 3 29.9881 59.2619 29.9881
5.76 3.12 30.0108 59.2993 30.0108
5.76 3.24 30.0762 59.3953 30.0762
5.76 3.36 30.1846 59.5466 30.1846
5.76 3.48 30.3508 59.7624 30.3508
5.76 3.6 30.5874 60.0474 30.5874
5.76 3.72 30.8921 60.3914 30.8921
5.76 3.84 31.2664 60.7869 31.2664
5.76 3.96 31.7114 61.2236 31.7114
5.76 4.08 32.202 61.6636 32.202
5.76 4.2 32.7274 62.0784 32.7274
5.76 4.32 33.2741 62.4262 33.2741
5.76 4.44 33.8167 62.6325 33.8167
5.76 4.56 34.2956 62.5402 34.2956
5.76 4.68 34.6378 61.863 34.6378
5.76 4.8 34.6275 59.8963 34.6275
5.76 4.92 34.1098 55.4285 34.1098
5.76 5.04 33.9587 47.5909 33.9587
5.76 5.16 38.0187 39.4698 38.0187
5.76 5.28 48.4393 36.9577 48.4393
5.76 5.4 58.8303 38.5583 58.8303
5.76 5.52 64.5486 39.7669 64.5486
5.76 5.64 80.0642 53.2182 80.0642
5.76 5.76 48.816 21.1295 48.816
5.76 5.88 80.4122 52.7149 80.4122
5.88 0 -39.3051 -67.6139 -39.3051
5.88 0.12 -35.9982 -64.0194 -35.9982
5.88 0.24 -35.6555 -62.7503 -35.6555
5.88 0.36 -32.9674 -57.9559 -32.9674
5.88 0.48 -39.2905 -59.6864 -39.2905
5.88 0.6 -49.8836 -61.3954 -49.8836
5.88 0.72 -60.3968 -58.9373 -60.3968
5.88 0.84 -64.7304 -51.1187 -64.7304
5.88 0.96 -64.9808 -43.7193 -64.9808
5.88 1.08 -64.7986 -39.597 -64.7986
5.88 1.2 -65.0509 -37.8852 -65.0509
5.88 1.32 -65.601 -37.4033 -65.601
5.88 1.44 -66.2767 -37.4977 -66.2767
5.88 1.56 -66.9889 -37.8671 -66.9889
5.88 1.68 -67.6958 -38.3721 -67.6958
5.88 1.8 -68.3705 -38.9363 -68.3705
5.88 1.92 -68.991 -39.51 -68.991
5.88 2.04 -69.5416 -40.0585 -69.5416
5.88 2.16 -70.0106 -40.5566 -70.0106
5.88 2.28 -70.3932 -40.9881 -70.3932
5.88 2.4 -70.6902 -41.344 -70.6902
5.88 2.52 -70.9084 -41.622 -70.9084
5.88 2.64 -71.0587 -41.8255 -71.0587
5.88 2.76 -71.1531 -41.9603 -71.1531
5.88 2.88 -71.2004 -42.0306 -71.2004
5.88 3 -71.2056 -42.0387 -71.2056
5.88 3.12 -71.168 -41.9839 -71.168
5.88 3.24 -71.0809 -41.8612 -71.0809
5.88 3.36 -70.9321 -41.6628 -70.9321
5.88 3.48 -70.7095 -41.3832 -70.7095
5.88 3.6 -70.4024 -41.0199 -70.4024
5.88 3.72 -70.004 -40.576 -70.004
5.88 3.84 -69.5134 -40.0615 -69.5134
5.88 3.96 -68.9392 -39.4977 -68.9392
5.88 4.08 -68.2963 -38.9149 -68.2963
5.88 4.2 -67.6044 -38.3537 -67.6044
5.88 4.32 -66.8849 -37.8686 -66.8849
5.88 4.44 -66.1652 -37.5457 -66.1652
5.88 4.56 -65.4936 -37.5521 -65.4936
5.88 4.68 -64.9753 -38.2554 -64.9753
5.88 4.8 -64.801 -40.4391 -64.801
5.88 4.92 -65.009 -45.3737 -65.009
5.88 5.04 -64.1538 -53.3643 -64.1538
5.88 5.16 -58.153 -60.2218 -58.153
5.88 5.28 -46.9388 -61.18 -46.9388
5.88 5.4 -37.3076 -59.1858 -37.3076
5.88 5.52 -32.2259 -57.9186 -32.2259
5.88 5.64 -16.0038 -43.4331 -16.0038
5.88 5.76 -42.0899 -70.2304 -42.0899
5.88 5.88 -46.4748 -74.6592 -46.4748
