0 0 0.00467618 0.976666 0.0195162
0 0.12 0.00532894 0.97318 0.022335
0 0.24 0.0073961 0.962292 0.0312433
0 0.36 0.0120516 0.937964 0.051273
0 0.48 0.0222907 0.884623 0.0952121
0 0.6 0.043475 0.773823 0.186126
0 0.72 0.0797101 0.582466 0.342112
0 0.84 0.121422 0.359696 0.523334
0 0.96 0.151498 0.196068 0.657521
0 1.08 0.16698 0.106503 0.732286
0 1.2 0.173318 0.0618448 0.770819
0 1.32 0.174959 0.0389789 0.791839
0 1.44 0.174186 0.0264826 0.804628
0 1.56 0.172091 0.0193305 0.81331
0 1.68 0.169243 0.0152897 0.819911
0 1.8 0.165996 0.0133015 0.824978
0 1.92 0.162622 0.0128144 0.828725
0 2.04 0.159298 0.0134959 0.831245
0 2.16 0.156173 0.0150951 0.832613
0 2.28 0.153362 0.0173682 0.832972
0 2.4 0.150952 0.0200392 0.832547
0 2.52 0.148997 0.022786 0.831632
0 2.64 0.147532 0.0252553 0.830582
0 2.76 0.146575 0.0271056 0.829744
0 2.88 0.146139 0.0280687 0.829383
0 3 0.14622 0.028003 0.829648
0 3.12 0.146826 0.026917 0.830523
0 3.24 0.147954 0.0249664 0.831825
0 3.36 0.149595 0.0224303 0.833238
0 3.48 0.151725 0.0196641 0.834403
0 3.6 0.154302 0.0170363 0.834976
0 3.72 0.157257 0.0148804 0.834665
0 3.84 0.160485 0.0134795 0.833251
0 3.96 0.163854 0.0130866 0.830608
0 4.08 0.167194 0.0139751 0.826652
0 4.2 0.170295 0.0165316 0.821223
0 4.32 0.172887 0.0214293 0.813923
0 4.44 0.174568 0.0300025 0.803795
0 4.56 0.174651 0.0451349 0.788578
0 4.68 0.17177 0.0733864 0.762972
0 4.8 0.163063 0.129373 0.715106
0 4.92 0.143414 0.240025 0.623227
0 5.04 0.108622 0.428073 0.469313
0 5.16 0.0667661 0.650954 0.287579
0 5.28 0.035255 0.816651 0.151675
0 5.4 0.0181933 0.905241 0.0782823
0 5.52 0.0100865 0.946899 0.0434869
0 5.64 0.00637607 0.965831 0.0277064
0 5.76 0.00480723 0.973864 0.0208161
0 5.88 0.00483691 0.97364 0.02113
0.12 0 0.0054668 0.97257 0.0227699
0.12 0.12 0.00619294 0.968721 0.0258755
0.12 0.24 0.00848357 0.956712 0.0356823
0.12 0.36 0.0136113 0.929987 0.057612
0.12 0.48 0.0247421 0.872067 0.105188
0.12 0.6 0.047159 0.754818 0.201123
0.12 0.72 0.0839276 0.560541 0.359149
0.12 0.84 0.124476 0.343806 0.535327
0.12 0.96 0.15303 0.188058 0.663161
0.12 1.08 0.167625 0.102975 0.734403
0.12 1.2 0.173568 0.0602612 0.771497
0.12 1.32 0.175037 0.0382014 0.791984
0.12 1.44 0.17419 0.0260579 0.80455
0.12 1.56 0.172062 0.0190743 0.813043
0.12 1.68 0.169205 0.0151189 0.819736
0.12 1.8 0.165959 0.0131717 0.824845
0.12 1.92 0.162618 0.012696 0.828601
0.12 2.04 0.159332 0.0133645 0.831123
0.12 2.16 0.156251 0.0149269 0.832494
0.12 2.28 0.15349 0.0171381 0.83287
0.12 2.4 0.151132 0.019723 0.832486
0.12 2.52 0.149225 0.022366 0.83163
0.12 2.64 0.147801 0.0247298 0.83065
0.12 2.76 0.146872 0.0264947 0.829877
0.12 2.88 0.146453 0.0274115 0.829555
0.12 3 0.14653 0.0273466 0.829823
0.12 3.12 0.147116 0.0263076 0.830663
0.12 3.24 0.148204 0.0244418 0.831898
0.12 3.36 0.149799 0.022012 0.833238
0.12 3.48 0.151877 0.0193519 0.834341
0.12 3.6 0.154401 0.0168122 0.834873
0.12 3.72 0.157308 0.0147176 0.83455
0.12 3.84 0.160496 0.0133503 0.83314
0.12 3.96 0.163832 0.0129645 0.8305
0.12 4.08 0.167153 0.0138332 0.826554
0.12 4.2 0.170248 0.0163357 0.82114
0.12 4.32 0.172857 0.0211245 0.813869
0.12 4.44 0.174584 0.0294796 0.80383
0.12 4.56 0.174771 0.044142 0.788879
0.12 4.68 0.172121 0.0712947 0.764023
0.12 4.8 0.163949 0.124632 0.718164
0.12 4.92 0.145428 0.229504 0.630866
0.12 5.04 0.112267 0.409043 0.483844
0.12 5.16 0.0710898 0.62846 0.30515
0.12 5.28 0.0386119 0.799318 0.165355
0.12 5.4 0.0203389 0.894206 0.0869836
0.12 5.52 0.011461 0.939899 0.0489876
0.12 5.64 0.00734356 0.960957 0.0313979
0.12 5.76 0.005609 0.969864 0.0239345
0.12 5.88 0.00564584 0.96959 0.024127
0.24 0 0.00818175 0.958625 0.0339434
0.24 0.12 0.0091512 0.953586 0.038045
0.24 0.24 0.0121717 0.937806 0.0508642
0.24 0.36 0.0188121 0.90332 0.0790509
0.24 0.48 0.0326819 0.831264 0.138002
0.24 0.6 0.0586406 0.695347 0.24868
0.24 0.72 0.0966951 0.493894 0.412
0.24 0.84 0.133943 0.294267 0.574287
0.24 0.96 0.158181 0.160865 0.684167
0.24 1.08 0.170062 0.0894825 0.744418
0.24 1.2 0.174694 0.0533271 0.776329
0.24 1.32 0.175529 0.0343001 0.794471
0.24 1.44 0.174385 0.023643 0.805849
0.24 1.56 0.172114 0.0174429 0.81307
0.24 1.68 0.1692 0.0139126 0.820137
0.24 1.8 0.165921 0.0121767 0.825186
0.24 1.92 0.162713 0.0117624 0.828875
0.24 2.04 0.159547 0.0123727 0.831406
0.24 2.16 0.156612 0.0137761 0.832815
0.24 2.28 0.154013 0.0157433 0.833291
0.24 2.4 0.151819 0.0180246 0.833063
0.24 2.52 0.150055 0.0203394 0.832396
0.24 2.64 0.148754 0.0223968 0.831606
0.24 2.76 0.147893 0.023925 0.830988
0.24 2.88 0.147536 0.0247183 0.830742
0.24 3 0.147591 0.0246637 0.831024
0.24 3.12 0.148126 0.023768 0.831779
0.24 3.24 0.149095 0.0221527 0.832851
0.24 3.36 0.150562 0.0200386 0.834001
0.24 3.48 0.152481 0.0177083 0.834916
0.24 3.6 0.154834 0.0154653 0.835283
0.24 3.72 0.157582 0.0135991 0.834881
0.24 3.84 0.160637 0.0123681 0.833466
0.24 3.96 0.163869 0.0120084 0.830861
0.24 4.08 0.167134 0.0127729 0.827034
0.24 4.2 0.17022 0.0150021 0.821843
0.24 4.32 0.172917 0.0192633 0.81494
0.24 4.44 0.174838 0.026642 0.805594
0.24 4.56 0.175425 0.0394093 0.792068
0.24 4.68 0.173593 0.0625922 0.770276
0.24 4.8 0.167149 0.107291 0.731279
0.24 4.92 0.152004 0.194889 0.657837
0.24 5.04 0.123475 0.350312 0.530189
0.24 5.16 0.0843795 0.559094 0.360301
0.24 5.28 0.0493061 0.743955 0.209659
0.24 5.4 0.0274052 0.857696 0.116116
0.24 5.52 0.0160937 0.916231 0.0679541
0.24 5.64 0.010678 0.944043 0.0449309
0.24 5.76 0.00836661 0.955983 0.0351048
0.24 5.88 0.00845298 0.955506 0.0354489
0.36 0 0.0147789 0.924716 0.0610878
0.36 0.12 0.0162953 0.916902 0.067447
0.36 0.24 0.0209516 0.892751 0.0870628
0.36 0.36 0.0307061 0.842214 0.12822
0.36 0.48 0.0493825 0.74508 0.207271
0.36 0.6 0.0796005 0.586352 0.335875
0.36 0.72 0.116224 0.391824 0.493367
0.36 0.84 0.146559 0.228137 0.626896
0.36 0.96 0.164549 0.126869 0.710957
0.36 1.08 0.172951 0.0729702 0.757128
0.36 1.2 0.175935 0.0448791 0.782592
0.36 1.32 0.175997 0.02956 0.797807
0.36 1.44 0.174482 0.0207264 0.807725
0.36 1.56 0.172053 0.0154922 0.814132
0.36 1.68 0.169108 0.0124893 0.820807
0.36 1.8 0.165889 0.0110196 0.825644
0.36 1.92 0.16282 0.0106894 0.829184
0.36 2.04 0.159851 0.0112396 0.831627
0.36 2.16 0.157149 0.0124617 0.833015
0.36 2.28 0.154798 0.0141488 0.83355
0.36 2.4 0.152848 0.0160824 0.833449
0.36 2.52 0.151303 0.0180242 0.832953
0.36 2.64 0.150173 0.0197357 0.832347
0.36 2.76 0.149432 0.0210001 0.83189
0.36 2.88 0.149126 0.0216557 0.831744
0.36 3 0.149159 0.0216141 0.832012
0.36 3.12 0.149612 0.0208801 0.832673
0.36 3.24 0.150436 0.0195476 0.833589
0.36 3.36 0.151697 0.0177901 0.834556
0.36 3.48 0.153378 0.015834 0.835306
0.36 3.6 0.155476 0.0139297 0.835558
0.36 3.72 0.157974 0.0123242 0.835118
0.36 3.84 0.160808 0.0112458 0.833746
0.36 3.96 0.163865 0.0109078 0.831259
0.36 4.08 0.167018 0.0115365 0.827644
0.36 4.2 0.170074 0.0134244 0.822783
0.36 4.32 0.172845 0.0170354 0.816404
0.36 4.44 0.174993 0.0232195 0.807979
0.36 4.56 0.176064 0.0336836 0.796232
0.36 4.68 0.175235 0.0520732 0.778211
0.36 4.8 0.170919 0.086272 0.747602
0.36 4.92 0.160115 0.15185 0.691858
0.36 5.04 0.138592 0.271026 0.59327
0.36 5.16 0.105425 0.449096 0.448039
0.36 5.28 0.0696033 0.638577 0.294058
0.36 5.4 0.0426915 0.778895 0.179403
0.36 5.52 0.0268778 0.861043 0.112374
0.36 5.64 0.0187173 0.903152 0.0778868
0.36 5.76 0.0151353 0.9217 0.0627814
0.36 5.88 0.0152366 0.921196 0.0631475
0.48 0 0.029739 0.847952 0.122652
0.48 0.12 0.0322617 0.834997 0.133171
0.48 0.24 0.0398135 0.795871 0.164862
0.48 0.36 0.0541831 0.721226 0.225352
0.48 0.48 0.0777882 0.597808 0.325244
0.48 0.6 0.108539 0.435367 0.456563
0.48 0.72 0.138217 0.276585 0.585582
0.48 0.84 0.159144 0.161478 0.680312
0.48 0.96 0.170604 0.0934288 0.737654
0.48 1.08 0.175614 0.0563929 0.770231
0.48 1.2 0.176978 0.0361238 0.789417
0.48 1.32 0.176269 0.0245151 0.801673
0.48 1.44 0.174394 0.0175696 0.810086
0.48 1.56 0.171835 0.0133635 0.815704
0.48 1.68 0.168912 0.0109333 0.821753
0.48 1.8 0.165829 0.00975841 0.826193
0.48 1.92 0.162972 0.00952735 0.829456
0.48 2.04 0.160284 0.0100226 0.831695
0.48 2.16 0.157901 0.0110626 0.832967
0.48 2.28 0.15588 0.0124673 0.833473
0.48 2.4 0.154243 0.0140526 0.833431
0.48 2.52 0.152975 0.0156246 0.833056
0.48 2.64 0.15206 0.0169964 0.832602
0.48 2.76 0.151467 0.0180034 0.832287
0.48 2.88 0.151216 0.0185244 0.832262
0.48 3 0.151224 0.0184939 0.832484
0.48 3.12 0.151573 0.0179153 0.833061
0.48 3.24 0.152219 0.0168576 0.833849
0.48 3.36 0.153223 0.0154498 0.83468
0.48 3.48 0.154601 0.0138653 0.835326
0.48 3.6 0.156366 0.0123011 0.835541
0.48 3.72 0.158527 0.0109595 0.835142
0.48 3.84 0.161046 0.0100343 0.833898
0.48 3.96 0.163839 0.00971168 0.831629
0.48 4.08 0.166806 0.0101871 0.828331
0.48 4.2 0.169775 0.0117014 0.823911
0.48 4.32 0.172579 0.0146139 0.818176
0.48 4.44 0.174932 0.0195435 0.810783
0.48 4.56 0.176482 0.0276642 0.800898
0.48 4.68 0.176645 0.0413516 0.786613
0.48 4.8 0.174392 0.0655336 0.764026
0.48 4.92 0.167826 0.109898 0.725338
0.48 5.04 0.153938 0.190032 0.658072
0.48 5.16 0.130263 0.319081 0.551982
0.48 5.28 0.0994095 0.483446 0.41816
0.48 5.4 0.0700687 0.637452 0.292839
0.48 5.52 0.0489391 0.747901 0.203343
0.48 5.64 0.0364311 0.812814 0.150622
0.48 5.76 0.0306044 0.843041 0.126147
0.48 5.88 0.0304664 0.843835 0.125467
0.6 0 0.0601518 0.691426 0.248021
0.6 0.12 0.0638106 0.672564 0.263243
0.6 0.24 0.074339 0.617681 0.3075
0.6 0.36 0.0915231 0.527702 0.380144
0.6 0.48 0.114484 0.406594 0.478119
0.6 0.6 0.138212 0.279872 0.581109
0.6 0.72 0.157169 0.17622 0.666299
0.6 0.84 0.169129 0.106836 0.72441
0.6 0.96 0.175245 0.0655621 0.760195
0.6 1.08 0.177531 0.0418839 0.78201
0.6 1.2 0.177551 0.0280552 0.796022
0.6 1.32 0.176195 0.0196743 0.805681
0.6 1.44 0.174037 0.0144581 0.812691
0.6 1.56 0.171423 0.0112314 0.817533
0.6 1.68 0.168609 0.00936215 0.822842
0.6 1.8 0.165756 0.00848367 0.826762
0.6 1.92 0.163206 0.0083599 0.829621
0.6 2.04 0.160892 0.00881487 0.83153
0.6 2.16 0.15891 0.00969605 0.83257
0.6 2.28 0.157287 0.0108524 0.832947
0.6 2.4 0.156015 0.0121336 0.832874
0.6 2.52 0.155056 0.0133864 0.832547
0.6 2.64 0.154379 0.0144677 0.832187
0.6 2.76 0.153947 0.0152554 0.831976
0.6 2.88 0.15375 0.0156602 0.832067
0.6 3 0.153732 0.015635 0.832236
0.6 3.12 0.153967 0.015183 0.832753
0.6 3.24 0.154418 0.0143543 0.833464
0.6 3.36 0.155137 0.0132437 0.834224
0.6 3.48 0.156166 0.0119804 0.834847
0.6 3.6 0.157536 0.0107152 0.835116
0.6 3.72 0.159282 0.00960824 0.834863
0.6 3.84 0.161396 0.00881809 0.833854
0.6 3.96 0.163829 0.00850082 0.831911
0.6 4.08 0.166513 0.00881919 0.829033
0.6 4.2 0.169309 0.00996437 0.825144
0.6 4.32 0.172069 0.0122016 0.820117
0.6 4.44 0.174557 0.0159551 0.813761
0.6 4.56 0.176501 0.0219736 0.805596
0.6 4.68 0.177499 0.0316671 0.794511
0.6 4.8 0.176933 0.0477818 0.778391
0.6 4.92 0.173753 0.0755084 0.753063
0.6 5.04 0.166251 0.123498 0.711611
0.6 5.16 0.152476 0.201995 0.645939
0.6 5.28 0.131947 0.313555 0.554171
0.6 5.4 0.107884 0.441363 0.449791
0.6 5.52 0.0860077 0.556898 0.356368
0.6 5.64 0.0702679 0.639361 0.289729
0.6 5.76 0.0621698 0.681638 0.255621
0.6 5.88 0.0609808 0.687977 0.250525
0.72 0 0.105432 0.456758 0.435631
0.72 0.12 0.108916 0.438694 0.450171
0.72 0.24 0.118605 0.387592 0.49145
0.72 0.36 0.132033 0.316268 0.549361
0.72 0.48 0.147095 0.235258 0.615611
0.72 0.6 0.160416 0.161656 0.676422
0.72 0.72 0.169976 0.105718 0.723501
0.72 0.84 0.175565 0.068264 0.755962
0.72 0.96 0.17806 0.0448001 0.777409
0.72 1.08 0.178449 0.030308 0.791827
0.72 1.2 0.177495 0.0212118 0.802017
0.72 1.32 0.175681 0.0153777 0.80958
0.72 1.44 0.173369 0.0116115 0.815343
0.72 1.56 0.170814 0.00924395 0.819432
0.72 1.68 0.168222 0.00788382 0.823934
0.72 1.8 0.165712 0.00728426 0.827231
0.72 1.92 0.163575 0.0072732 0.829566
0.72 2.04 0.161726 0.00771349 0.83103
0.72 2.16 0.160219 0.00848175 0.831729
0.72 2.28 0.159043 0.00945522 0.831875
0.72 2.4 0.158163 0.0105128 0.831674
0.72 2.52 0.157523 0.0115331 0.831303
0.72 2.64 0.157081 0.0124046 0.83096
0.72 2.76 0.156803 0.0130331 0.830796
0.72 2.88 0.156661 0.0133504 0.830962
0.72 3 0.156618 0.0133218 0.831101
0.72 3.12 0.156742 0.0129514 0.831602
0.72 3.24 0.156996 0.0122792 0.832301
0.72 3.36 0.157427 0.0113785 0.833077
0.72 3.48 0.158087 0.010349 0.833769
0.72 3.6 0.159021 0.00930666 0.834189
0.72 3.72 0.160288 0.00837657 0.834185
0.72 3.84 0.161915 0.00768473 0.833525
0.72 3.96 0.16389 0.0073568 0.832018
0.72 4.08 0.166183 0.00752285 0.829659
0.72 4.2 0.168694 0.0083289 0.826378
0.72 4.32 0.1713 0.00996319 0.822095
0.72 4.44 0.17381 0.0127027 0.816729
0.72 4.56 0.176011 0.0169964 0.810044
0.72 4.68 0.177619 0.0236199 0.801464
0.72 4.8 0.178268 0.0339639 0.789986
0.72 4.92 0.177418 0.0504777 0.773646
0.72 5.04 0.174252 0.0771131 0.749341
0.72 5.16 0.16778 0.118958 0.713045
0.72 5.28 0.157314 0.179539 0.661991
0.72 5.4 0.143457 0.255719 0.598739
0.72 5.52 0.128615 0.335998 0.533247
0.72 5.64 0.115917 0.403778 0.478218
0.72 5.76 0.108706 0.442015 0.44727
0.72 5.88 0.105982 0.456481 0.435697
0.84 0 0.145895 0.244631 0.60581
0.84 0.12 0.147886 0.234246 0.614224
0.84 0.24 0.153426 0.204146 0.638892
0.84 0.36 0.160322 0.1659 0.670592
0.84 0.48 0.167365 0.125444 0.704592
0.84 0.6 0.173112 0.0899409 0.734973
0.84 0.72 0.176917 0.0626325 0.75909
0.84 0.84 0.178791 0.0433567 0.776936
0.84 0.96 0.179119 0.0303239 0.789989
0.84 1.08 0.178317 0.0216036 0.799743
0.84 1.2 0.176747 0.0157406 0.807274
0.84 1.32 0.174683 0.0117886 0.813207
0.84 1.44 0.172374 0.00916381 0.817876
0.84 1.56 0.170015 0.00750599 0.821226
0.84 1.68 0.16777 0.00658379 0.824876
0.84 1.8 0.16572 0.00623792 0.827464
0.84 1.92 0.164097 0.00634811 0.829172
0.84 2.04 0.16279 0.00681203 0.830093
0.84 2.16 0.161805 0.0075335 0.830356
0.84 2.28 0.161097 0.00841445 0.830168
0.84 2.4 0.160606 0.00935551 0.829733
0.84 2.52 0.160267 0.0102552 0.829224
0.84 2.64 0.16004 0.0110177 0.828816
0.84 2.76 0.159895 0.0115611 0.828636
0.84 2.88 0.159804 0.0118254 0.828817
0.84 3 0.159738 0.0117816 0.828967
0.84 3.12 0.159763 0.011437 0.829499
0.84 3.24 0.159837 0.0108308 0.830259
0.84 3.36 0.159999 0.0100301 0.831144
0.84 3.48 0.160299 0.0091208 0.832014
0.84 3.6 0.160787 0.00819895 0.832689
0.84 3.72 0.161542 0.00736474 0.833032
0.84 3.84 0.162619 0.00671718 0.832821
0.84 3.96 0.164049 0.00635364 0.831853
0.84 4.08 0.165843 0.00637309 0.830103
0.84 4.2 0.167949 0.00688197 0.827498
0.84 4.32 0.170275 0.00800851 0.823982
0.84 4.44 0.17267 0.00992609 0.819542
0.84 4.56 0.174964 0.0128909 0.814098
0.84 4.68 0.176944 0.0173047 0.807388
0.84 4.8 0.178375 0.02382 0.799022
0.84 4.92 0.178977 0.0334805 0.788177
0.84 5.04 0.178377 0.0478391 0.77372
0.84 5.16 0.176173 0.068807 0.754165
0.84 5.28 0.172067 0.0978221 0.7284
0.84 5.4 0.166178 0.13418 0.697005
0.84 5.52 0.159348 0.174153 0.663512
0.84 5.64 0.152949 0.210305 0.633505
0.84 5.76 0.149181 0.231272 0.616191
0.84 5.88 0.146435 0.246029 0.604326
0.96 0 0.168697 0.120671 0.706426
0.96 0.12 0.169544 0.116192 0.710125
0.96 0.24 0.171873 0.102247 0.721948
0.96 0.36 0.174536 0.0851518 0.736792
0.96 0.48 0.177051 0.0671527 0.75284
0.96 0.6 0.178861 0.0509596 0.767745
0.96 0.72 0.179734 0.0378233 0.780481
0.96 0.84 0.179657 0.0278494 0.790845
0.96 0.96 0.178789 0.0205489 0.799267
0.96 1.08 0.177314 0.0152951 0.806168
0.96 1.2 0.175434 0.0115545 0.811862
0.96 1.32 0.173328 0.00893672 0.81651
0.96 1.44 0.171188 0.00717256 0.820193
0.96 1.56 0.169168 0.00607738 0.822788
0.96 1.68 0.167396 0.00552121 0.825548
0.96 1.8 0.165912 0.00540693 0.827353
0.96 1.92 0.164885 0.00565574 0.828348
0.96 2.04 0.164166 0.00619593 0.828642
0.96 2.16 0.163718 0.00695543 0.828377
0.96 2.28 0.163461 0.00785523 0.827762
0.96 2.4 0.163327 0.00880839 0.827005
0.96 2.52 0.163251 0.00971897 0.826279
0.96 2.64 0.1632 0.0104896 0.825731
0.96 2.76 0.163157 0.0110321 0.825473
0.96 2.88 0.163104 0.0112812 0.825625
0.96 3 0.163022 0.0112069 0.82581
0.96 3.12 0.162968 0.0108223 0.826422
0.96 3.24 0.162895 0.0101769 0.827314
0.96 3.36 0.162827 0.00934757 0.828387
0.96 3.48 0.162805 0.00842491 0.82953
0.96 3.6 0.162872 0.0075008 0.830566
0.96 3.72 0.163114 0.00666242 0.831356
0.96 3.84 0.163612 0.005989 0.831684
0.96 3.96 0.164434 0.0055534 0.831341
0.96 4.08 0.165639 0.00542602 0.830283
0.96 4.2 0.167222 0.00567891 0.828419
0.96 4.32 0.169136 0.00639398 0.825697
0.96 4.44 0.171269 0.0076741 0.822137
0.96 4.56 0.173484 0.00965844 0.817743
0.96 4.68 0.175609 0.0125441 0.81243
0.96 4.8 0.177472 0.0166177 0.806112
0.96 4.92 0.178905 0.0222861 0.798498
0.96 5.04 0.17971 0.0300845 0.78931
0.96 5.16 0.179722 0.040583 0.778143
0.96 5.28 0.17884 0.0540929 0.764804
0.96 5.4 0.177122 0.0701432 0.7497
0.96 5.52 0.174886 0.0874091 0.73427
0.96 5.64 0.172616 0.103043 0.720543
0.96 5.76 0.171297 0.111834 0.712865
0.96 5.88 0.169569 0.121475 0.705034
1.08 0 0.178289 0.061384 0.755766
1.08 0.12 0.178621 0.0595835 0.757334
1.08 0.24 0.179379 0.0533804 0.762985
1.08 0.36 0.180069 0.0458583 0.770189
1.08 0.48 0.180518 0.0377644 0.77832
1.08 0.6 0.180514 0.0301506 0.786359
1.08 0.72 0.179984 0.0235786 0.793825
1.08 0.84 0.178929 0.0182263 0.800453
1.08 0.96 0.177451 0.0140331 0.806313
1.08 1.08 0.175666 0.010837 0.811425
1.08 1.2 0.173723 0.00846564 0.815796
1.08 1.32 0.171762 0.00677129 0.819379
1.08 1.44 0.169948 0.00563865 0.822142
1.08 1.56 0.168402 0.00498044 0.823947
1.08 1.68 0.16721 0.00473068 0.825792
1.08 1.8 0.166367 0.00483733 0.82676
1.08 1.92 0.16598 0.00525586 0.82698
1.08 2.04 0.165857 0.00594192 0.82658
1.08 2.16 0.165919 0.00684448 0.825717
1.08 2.28 0.166067 0.00789777 0.824606
1.08 2.4 0.166229 0.00901693 0.823455
1.08 2.52 0.166352 0.0100954 0.822423
1.08 2.64 0.166419 0.0110133 0.821641
1.08 2.76 0.166437 0.0116549 0.821233
1.08 2.88 0.166405 0.0119315 0.821319
1.08 3 0.166315 0.0118046 0.821558
1.08 3.12 0.166214 0.0112974 0.822311
1.08 3.24 0.166046 0.0104847 0.823429
1.08 3.36 0.165809 0.0094736 0.824788
1.08 3.48 0.165524 0.00838016 0.826284
1.08 3.6 0.165225 0.00730947 0.827762
1.08 3.72 0.164994 0.00634796 0.829085
1.08 3.84 0.164923 0.00556223 0.83003
1.08 3.96 0.165113 0.0050044 0.830381
1.08 4.08 0.165669 0.00471871 0.830076
1.08 4.2 0.166638 0.00474664 0.829003
1.08 4.32 0.168021 0.00513322 0.827098
1.08 4.44 0.16975 0.00593274 0.824386
1.08 4.56 0.171724 0.00721422 0.820912
1.08 4.68 0.173795 0.00906696 0.816681
1.08 4.8 0.175818 0.0116065 0.811746
1.08 4.92 0.177669 0.0149745 0.806056
1.08 5.04 0.179201 0.0193245 0.799665
1.08 5.16 0.180315 0.0247703 0.792546
1.08 5.28 0.180953 0.0312779 0.784805
1.08 5.4 0.18113 0.0385042 0.776764
1.08 5.52 0.180953 0.0459469 0.769107
1.08 5.64 0.180565 0.0525332 0.76249
1.08 5.76 0.180357 0.0559982 0.759017
1.08 5.88 0.179468 0.0614489 0.754471
1.2 0 0.181171 0.0337637 0.780023
1.2 0.12 0.181311 0.0330031 0.780775
1.2 0.24 0.181387 0.0300578 0.783838
1.2 0.36 0.181222 0.0265052 0.787885
1.2 0.48 0.18076 0.0225836 0.7927
1.2 0.6 0.17993 0.0187354 0.797744
1.2 0.72 0.178741 0.0152326 0.802746
1.2 0.84 0.177228 0.0122171 0.807455
1.2 0.96 0.175498 0.00973289 0.81183
1.2 1.08 0.173656 0.00776382 0.815747
1.2 1.2 0.171844 0.00626959 0.819096
1.2 1.32 0.170187 0.00520502 0.821746
1.2 1.44 0.168831 0.00452983 0.823624
1.2 1.56 0.16786 0.00421207 0.824603
1.2 1.68 0.167319 0.00422845 0.825529
1.2 1.8 0.167146 0.0045623 0.825632
1.2 1.92 0.167399 0.00519979 0.82504
1.2 2.04 0.167834 0.00612304 0.823905
1.2 2.16 0.168342 0.00730118 0.822393
1.2 2.28 0.168813 0.00867766 0.820709
1.2 2.4 0.169179 0.0101598 0.819042
1.2 2.52 0.16941 0.0116117 0.817565
1.2 2.64 0.169521 0.0128637 0.816427
1.2 2.76 0.169549 0.0137394 0.815782
1.2 2.88 0.169518 0.014099 0.815765
1.2 3 0.169429 0.0138828 0.81608
1.2 3.12 0.169322 0.0131335 0.817051
1.2 3.24 0.169127 0.0119769 0.818517
1.2 3.36 0.168809 0.010582 0.820313
1.2 3.48 0.168353 0.00911811 0.822301
1.2 3.6 0.167772 0.00772305 0.824313
1.2 3.72 0.16714 0.00649388 0.826236
1.2 3.84 0.166552 0.00548961 0.827855
1.2 3.96 0.166131 0.00474309 0.828947
1.2 4.08 0.166022 0.00427287 0.829432
1.2 4.2 0.166324 0.00409144 0.829178
1.2 4.32 0.16709 0.00421222 0.828101
1.2 4.44 0.168303 0.00465367 0.826215
1.2 4.56 0.169896 0.00544098 0.823575
1.2 4.68 0.171749 0.0066061 0.820226
1.2 4.8 0.173725 0.00818635 0.81628
1.2 4.92 0.175716 0.0102184 0.811786
1.2 5.04 0.17758 0.0127258 0.806928
1.2 5.16 0.179221 0.0156934 0.801796
1.2 5.28 0.18057 0.0190281 0.796575
1.2 5.4 0.181595 0.0225099 0.791509
1.2 5.52 0.182305 0.0259477 0.786985
1.2 5.64 0.18271 0.0289188 0.783227
1.2 5.76 0.182959 0.0303494 0.781353
1.2 5.88 0.182545 0.0334367 0.778708
1.32 0 0.18098 0.0203322 0.793064
1.32 0.12 0.181056 0.0199732 0.793529
1.32 0.24 0.180835 0.01841 0.795531
1.32 0.36 0.180291 0.0165376 0.798273
1.32 0.48 0.179421 0.0144311 0.801658
1.32 0.6 0.178219 0.0123001 0.805331
1.32 0.72 0.176742 0.0102866 0.809102
1.32 0.84 0.175061 0.00848705 0.812745
1.32 0.96 0.173301 0.00695676 0.816181
1.32 1.08 0.171581 0.00571945 0.819229
1.32 1.2 0.170044 0.0047814 0.821735
1.32 1.32 0.168809 0.00414143 0.823538
1.32 1.44 0.167998 0.00379812 0.824561
1.32 1.56 0.167662 0.00375414 0.824694
1.32 1.68 0.167791 0.00401848 0.824724
1.32 1.8 0.168267 0.00460609 0.823964
1.32 1.92 0.169113 0.00553471 0.822545
1.32 2.04 0.170027 0.00681682 0.820642
1.32 2.16 0.17088 0.00844649 0.818406
1.32 2.28 0.171556 0.0103785 0.816017
1.32 2.4 0.172003 0.0125063 0.813666
1.32 2.52 0.172232 0.0146429 0.811577
1.32 2.64 0.172294 0.0165238 0.80992
1.32 2.76 0.172265 0.0178522 0.808902
1.32 2.88 0.172206 0.0183819 0.808731
1.32 3 0.172138 0.018008 0.809172
1.32 3.12 0.172085 0.0168129 0.810495
1.32 3.24 0.17195 0.0150259 0.812476
1.32 3.36 0.171654 0.0129383 0.814878
1.32 3.48 0.171147 0.0108179 0.817537
1.32 3.6 0.170403 0.00885872 0.820231
1.32 3.72 0.169475 0.00717563 0.822845
1.32 3.84 0.168457 0.00581857 0.825189
1.32 3.96 0.167489 0.00479664 0.82705
1.32 4.08 0.166747 0.00409858 0.82834
1.32 4.2 0.166378 0.00370583 0.828908
1.32 4.32 0.166488 0.00360148 0.82865
1.32 4.44 0.167112 0.00377421 0.827559
1.32 4.56 0.168227 0.00421875 0.825686
1.32 4.68 0.169737 0.00493414 0.823086
1.32 4.8 0.171517 0.00592063 0.819891
1.32 4.92 0.173461 0.00717402 0.816192
1.32 5.04 0.175419 0.00867767 0.812231
1.32 5.16 0.177278 0.01039 0.808136
1.32 5.28 0.178947 0.0122304 0.804109
1.32 5.4 0.180354 0.0140637 0.800349
1.32 5.52 0.181455 0.0158182 0.797128
1.32 5.64 0.182204 0.0173118 0.794561
1.32 5.76 0.18265 0.0179643 0.793283
1.32 5.88 0.182482 0.0198176 0.791657
1.44 0 0.179481 0.0136866 0.800583
1.44 0.12 0.179541 0.0134849 0.800953
1.44 0.24 0.179192 0.0125191 0.802518
1.44 0.36 0.178481 0.0113725 0.804712
1.44 0.48 0.177436 0.010071 0.807471
1.44 0.6 0.176086 0.0087335 0.810496
1.44 0.72 0.174521 0.00744448 0.813625
1.44 0.84 0.172841 0.00627048 0.816639
1.44 0.96 0.171194 0.00525975 0.819438
1.44 1.08 0.169713 0.00444454 0.821817
1.44 1.2 0.168544 0.00384795 0.823602
1.44 1.32 0.167799 0.00348969 0.824632
1.44 1.44 0.167575 0.00339154 0.824839
1.44 1.56 0.167877 0.00358169 0.824129
1.44 1.68 0.168646 0.0040979 0.823312
1.44 1.8 0.169704 0.00498848 0.82171
1.44 1.92 0.171052 0.00630986 0.819457
1.44 2.04 0.17233 0.00811763 0.816734
1.44 2.16 0.173393 0.0104487 0.813653
1.44 2.28 0.174125 0.0132875 0.810363
1.44 2.4 0.174501 0.0165209 0.807063
1.44 2.52 0.174569 0.0198844 0.803992
1.44 2.64 0.174426 0.0229396 0.801388
1.44 2.76 0.174229 0.0251415 0.799664
1.44 2.88 0.1741 0.0260084 0.799207
1.44 3 0.174087 0.0253321 0.799886
1.44 3.12 0.174192 0.0232865 0.801885
1.44 3.24 0.174266 0.020331 0.804812
1.44 3.36 0.174148 0.0170068 0.8082
1.44 3.48 0.173739 0.0137639 0.811809
1.44 3.6 0.172977 0.0108809 0.815401
1.44 3.72 0.171889 0.00848455 0.818852
1.44 3.84 0.170562 0.00659736 0.821992
1.44 3.96 0.169147 0.00518672 0.824647
1.44 4.08 0.167847 0.00419829 0.826738
1.44 4.2 0.166851 0.00357455 0.828111
1.44 4.32 0.166316 0.0032651 0.828642
1.44 4.44 0.166331 0.00323011 0.828306
1.44 4.56 0.166917 0.00343962 0.827135
1.44 4.68 0.16801 0.00387077 0.825183
1.44 4.8 0.169498 0.00450401 0.822582
1.44 4.92 0.171275 0.00531831 0.819437
1.44 5.04 0.173182 0.00628569 0.816024
1.44 5.16 0.175084 0.00736437 0.812488
1.44 5.28 0.17687 0.00849293 0.809042
1.44 5.4 0.178436 0.00958453 0.805864
1.44 5.52 0.179706 0.0106106 0.803187
1.44 5.64 0.180604 0.0114803 0.801103
1.44 5.76 0.181138 0.011828 0.800049
1.44 5.88 0.181092 0.0130535 0.798929
1.56 0 0.177594 0.0108896 0.804646
1.56 0.12 0.177656 0.0107359 0.804998
1.56 0.24 0.177262 0.00997858 0.806431
1.56 0.36 0.176493 0.00908499 0.808445
1.56 0.48 0.175395 0.00807316 0.810981
1.56 0.6 0.17402 0.00703556 0.813743
1.56 0.72 0.172479 0.00603699 0.816563
1.56 0.84 0.1709 0.00513074 0.819219
1.56 0.96 0.169447 0.00435903 0.821591
1.56 1.08 0.168269 0.00375507 0.823455
1.56 1.2 0.167511 0.00334867 0.824637
1.56 1.32 0.167275 0.00317112 0.824978
1.56 1.44 0.167624 0.0032607 0.824433
1.56 1.56 0.168521 0.00366793 0.822913
1.56 1.68 0.169855 0.00446077 0.821318
1.56 1.8 0.171388 0.00572851 0.818908
1.56 1.92 0.173121 0.00758306 0.815802
1.56 2.04 0.174619 0.0101531 0.812165
1.56 2.16 0.175725 0.0135647 0.808033
1.56 2.28 0.176321 0.0178917 0.803471
1.56 2.4 0.176389 0.0230632 0.798599
1.56 2.52 0.176022 0.0287224 0.793699
1.56 2.64 0.175417 0.034107 0.78928
1.56 2.76 0.174858 0.0381188 0.786176
1.56 2.88 0.174582 0.0396997 0.78516
1.56 3 0.174692 0.0383804 0.786325
1.56 3.12 0.175141 0.0345699 0.789655
1.56 3.24 0.175678 0.0292945 0.794395
1.56 3.36 0.17601 0.0236563 0.799634
1.56 3.48 0.175933 0.0184451 0.804833
1.56 3.6 0.175344 0.0140443 0.809712
1.56 3.72 0.174261 0.0105449 0.814228
1.56 3.84 0.172768 0.00788165 0.818282
1.56 3.96 0.171032 0.00593271 0.821769
1.56 4.08 0.169282 0.00456973 0.824652
1.56 4.2 0.167742 0.00367847 0.826793
1.56 4.32 0.166619 0.00316635 0.828063
1.56 4.44 0.166054 0.00296234 0.828419
1.56 4.56 0.166112 0.00301329 0.827874
1.56 4.68 0.166764 0.00327912 0.826469
1.56 4.8 0.167916 0.00372774 0.824331
1.56 4.92 0.169464 0.00433 0.821566
1.56 5.04 0.171238 0.00505469 0.818474
1.56 5.16 0.173087 0.00586313 0.815213
1.56 5.28 0.174877 0.00670505 0.812012
1.56 5.4 0.176484 0.0075144 0.809046
1.56 5.52 0.177809 0.0082727 0.806544
1.56 5.64 0.178752 0.00891852 0.804575
1.56 5.76 0.179322 0.0091667 0.803581
1.56 5.88 0.17932 0.0101214 0.802635
1.68 0 0.17581 0.0109612 0.805771
1.68 0.12 0.175883 0.010779 0.806159
1.68 0.24 0.175498 0.00994586 0.807676
1.68 0.36 0.174739 0.00896218 0.809774
1.68 0.48 0.173666 0.00786528 0.812378
1.68 0.6 0.17234 0.00676548 0.815161
1.68 0.72 0.170889 0.00573458 0.817935
1.68 0.84 0.169461 0.00482577 0.820456
1.68 0.96 0.168239 0.00407824 0.822589
1.68 1.08 0.16738 0.00352311 0.824098
1.68 1.2 0.16703 0.00319134 0.824806
1.68 1.32 0.167274 0.00312033 0.824567
1.68 1.44 0.168142 0.00336111 0.823359
1.68 1.56 0.169553 0.00398623 0.82109
1.68 1.68 0.171346 0.00509929 0.8188
1.68 1.8 0.173227 0.0068458 0.81561
1.68 1.92 0.175204 0.00942573 0.811603
1.68 2.04 0.176756 0.0131031 0.806879
1.68 2.16 0.177697 0.0182019 0.801298
1.68 2.28 0.177872 0.0250475 0.794696
1.68 2.4 0.177247 0.0337933 0.787003
1.68 2.52 0.175973 0.0440547 0.778583
1.68 2.64 0.174384 0.0544465 0.770368
1.68 2.76 0.173018 0.0625378 0.764129
1.68 2.88 0.172415 0.0657607 0.761826
1.68 3 0.172818 0.0629442 0.764153
1.68 3.12 0.17405 0.0551382 0.770546
1.68 3.24 0.175569 0.0448606 0.779078
1.68 3.36 0.176823 0.0345739 0.787876
1.68 3.48 0.177464 0.0257282 0.795946
1.68 3.6 0.177331 0.0187568 0.802906
1.68 3.72 0.17646 0.0135336 0.808907
1.68 3.84 0.174967 0.00973982 0.814072
1.68 3.96 0.173052 0.00705318 0.81846
1.68 4.08 0.170976 0.00520696 0.82213
1.68 4.2 0.169002 0.00399629 0.824995
1.68 4.32 0.167382 0.00327003 0.826935
1.68 4.44 0.166303 0.00291945 0.827901
1.68 4.56 0.165877 0.00286729 0.827887
1.68 4.68 0.166112 0.00305856 0.826917
1.68 4.8 0.16693 0.00345276 0.825107
1.68 4.92 0.168232 0.0040171 0.822562
1.68 5.04 0.16984 0.00472018 0.819599
1.68 5.16 0.171585 0.00552522 0.816393
1.68 5.28 0.173317 0.00638397 0.813189
1.68 5.4 0.174894 0.00723001 0.810179
1.68 5.52 0.176205 0.00803449 0.807612
1.68 5.64 0.177147 0.00872742 0.805601
1.68 5.76 0.177719 0.00900914 0.804562
1.68 5.88 0.177722 0.00996102 0.803621
1.8 0 0.174287 0.0140763 0.803658
1.8 0.12 0.174378 0.0137621 0.804156
1.8 0.24 0.174063 0.0124978 0.806035
1.8 0.36 0.173388 0.0110036 0.808551
1.8 0.48 0.172414 0.0093828 0.811576
1.8 0.6 0.1712 0.00781958 0.814708
1.8 0.72 0.169884 0.00641866 0.817722
1.8 0.84 0.168632 0.00523953 0.820353
1.8 0.96 0.167642 0.00431391 0.822451
1.8 1.08 0.167087 0.00366193 0.823776
1.8 1.2 0.167104 0.00330654 0.824158
1.8 1.32 0.167768 0.00328375 0.823467
1.8 1.44 0.169074 0.00365307 0.821705
1.8 1.56 0.170896 0.00450989 0.818764
1.8 1.68 0.17303 0.00600281 0.815859
1.8 1.8 0.175122 0.00835916 0.811903
1.8 1.92 0.177194 0.0119248 0.806894
1.8 2.04 0.178605 0.0172205 0.800764
1.8 2.16 0.179099 0.0250061 0.793008
1.8 2.28 0.178418 0.0362683 0.782936
1.8 2.4 0.176423 0.0519287 0.769907
1.8 2.52 0.173235 0.0719029 0.754004
1.8 2.64 0.169434 0.0935652 0.737002
1.8 2.76 0.16622 0.111202 0.723331
1.8 2.88 0.16487 0.11832 0.717992
1.8 3 0.16596 0.111913 0.723103
1.8 3.12 0.169005 0.094725 0.736798
1.8 3.24 0.172738 0.0731605 0.754137
1.8 3.36 0.17593 0.0530413 0.770512
1.8 3.48 0.177977 0.0371526 0.784016
1.8 3.6 0.178738 0.0256697 0.794525
1.8 3.72 0.178357 0.017701 0.802762
1.8 3.84 0.177056 0.012255 0.809376
1.8 3.96 0.175112 0.00856468 0.814788
1.8 4.08 0.172841 0.00609964 0.819259
1.8 4.2 0.170551 0.0045046 0.822801
1.8 4.32 0.16854 0.00354293 0.825333
1.8 4.44 0.167039 0.00305755 0.826813
1.8 4.56 0.166204 0.00294487 0.82722
1.8 4.68 0.166076 0.00313732 0.826559
1.8 4.8 0.166597 0.00359103 0.824935
1.8 4.92 0.167668 0.00427591 0.822442
1.8 5.04 0.169104 0.00516648 0.81941
1.8 5.16 0.17072 0.00623102 0.816029
1.8 5.28 0.172348 0.00741922 0.812561
1.8 5.4 0.173833 0.00864665 0.809227
1.8 5.52 0.175064 0.00985066 0.806319
1.8 5.64 0.175939 0.0109067 0.803975
1.8 5.76 0.176475 0.0113872 0.802771
1.8 5.88 0.176426 0.0126191 0.801563
1.92 0 0.172789 0.0217069 0.797107
1.92 0.12 0.172927 0.0210445 0.797877
1.92 0.24 0.172793 0.0186836 0.800641
1.92 0.36 0.172334 0.015915 0.804182
1.92 0.48 0.171582 0.0130262 0.808227
1.92 0.6 0.170573 0.0103782 0.812221
1.92 0.72 0.169449 0.00813528 0.81588
1.92 0.84 0.168393 0.00634887 0.818928
1.92 0.96 0.167626 0.00501477 0.821231
1.92 1.08 0.167337 0.00411461 0.822565
1.92 1.2 0.167666 0.00364193 0.822782
1.92 1.32 0.168672 0.00361698 0.821776
1.92 1.44 0.170322 0.00410025 0.819575
1.92 1.56 0.17245 0.00521055 0.816046
1.92 1.68 0.174806 0.00715495 0.812595
1.92 1.8 0.176974 0.0102815 0.807852
1.92 1.92 0.178983 0.0151773 0.80166
1.92 2.04 0.180024 0.0228417 0.793609
1.92 2.16 0.179685 0.0349529 0.782453
1.92 2.28 0.177431 0.0540822 0.766258
1.92 2.4 0.172752 0.0832535 0.742693
1.92 2.52 0.165589 0.123527 0.710879
1.92 2.64 0.157095 0.16946 0.674805
1.92 2.76 0.149939 0.207528 0.644938
1.92 2.88 0.147004 0.222815 0.633021
1.92 3 0.149576 0.208817 0.644227
1.92 3.12 0.156502 0.171533 0.673858
1.92 3.24 0.164934 0.125656 0.710311
1.92 3.36 0.172154 0.0849681 0.742826
1.92 3.48 0.17694 0.0552987 0.767087
1.92 3.6 0.179324 0.0357719 0.783871
1.92 3.72 0.179823 0.0233827 0.79561
1.92 3.84 0.178939 0.0155205 0.804207
1.92 3.96 0.177121 0.0104771 0.810832
1.92 4.08 0.174783 0.00723064 0.816131
1.92 4.2 0.172292 0.00517689 0.820306
1.92 4.32 0.169997 0.00395314 0.823351
1.92 4.44 0.168173 0.003339 0.825245
1.92 4.56 0.167015 0.00320175 0.825957
1.92 4.68 0.166595 0.00346549 0.825471
1.92 4.8 0.16687 0.00409218 0.823876
1.92 4.92 0.16774 0.00506815 0.821247
1.92 5.04 0.169006 0.00639147 0.81791
1.92 5.16 0.170462 0.0080545 0.814056
1.92 5.28 0.171922 0.0100176 0.809951
1.92 5.4 0.173222 0.0121693 0.805852
1.92 5.52 0.174259 0.0143751 0.80213
1.92 5.64 0.174953 0.016363 0.799057
1.92 5.76 0.175384 0.0173734 0.797434
1.92 5.88 0.175205 0.0192978 0.795671
2.04 0 0.170491 0.0377694 0.783068
2.04 0.12 0.170763 0.0362228 0.784538
2.04 0.24 0.171077 0.0312509 0.789407
2.04 0.36 0.171133 0.0255276 0.795333
2.04 0.48 0.170869 0.019848 0.801634
2.04 0.6 0.170257 0.0149616 0.807433
2.04 0.72 0.169438 0.0110954 0.812389
2.04 0.84 0.168625 0.00820837 0.816288
2.04 0.96 0.168079 0.00616724 0.819084
2.04 1.08 0.168021 0.00484398 0.820635
2.04 1.2 0.168602 0.0041564 0.820845
2.04 1.32 0.169872 0.0040816 0.819653
2.04 1.44 0.171775 0.00466763 0.817119
2.04 1.56 0.174108 0.00605589 0.813077
2.04 1.68 0.176579 0.00852899 0.809122
2.04 1.8 0.178698 0.0126098 0.803534
2.04 1.92 0.180483 0.019271 0.795882
2.04 2.04 0.180881 0.0303569 0.785127
2.04 2.16 0.179158 0.0493318 0.768593
2.04 2.28 0.174165 0.0821013 0.741699
2.04 2.4 0.16456 0.136188 0.698492
2.04 2.52 0.150002 0.214111 0.63668
2.04 2.64 0.133186 0.301837 0.566427
2.04 2.76 0.119746 0.370721 0.510534
2.04 2.88 0.11454 0.397032 0.489112
2.04 3 0.119267 0.372705 0.509201
2.04 3.12 0.132365 0.305235 0.564345
2.04 3.24 0.149095 0.217699 0.634896
2.04 3.36 0.163788 0.138945 0.697776
2.04 3.48 0.1736 0.0838583 0.742098
2.04 3.6 0.178795 0.0503745 0.76985
2.04 3.72 0.180729 0.0309696 0.787114
2.04 3.84 0.180534 0.0196202 0.798496
2.04 3.96 0.179002 0.0127845 0.806623
2.04 4.08 0.176713 0.00857216 0.812826
2.04 4.2 0.174125 0.00598196 0.817613
2.04 4.32 0.171646 0.00446895 0.821106
2.04 4.44 0.169591 0.00373049 0.823323
2.04 4.56 0.168194 0.00360246 0.82423
2.04 4.68 0.167551 0.00400835 0.823788
2.04 4.8 0.167631 0.00493304 0.822058
2.04 4.92 0.168321 0.00640786 0.819077
2.04 5.04 0.169401 0.00849828 0.815133
2.04 5.16 0.170631 0.0112807 0.810366
2.04 5.28 0.171793 0.014791 0.804989
2.04 5.4 0.172713 0.0189205 0.799269
2.04 5.52 0.173314 0.0234057 0.79371
2.04 5.64 0.173576 0.0276073 0.788857
2.04 5.76 0.173742 0.0299606 0.786165
2.04 5.88 0.173289 0.033327 0.783222
2.16 0 0.165501 0.0714975 0.754265
2.16 0.12 0.166148 0.0676862 0.757553
2.16 0.24 0.167575 0.0564386 0.767499
2.16 0.36 0.168859 0.0438154 0.779006
2.16 0.48 0.169687 0.0320027 0.790271
2.16 0.6 0.169878 0.0225764 0.799743
2.16 0.72 0.169594 0.0156987 0.807131
2.16 0.84 0.16913 0.0109388 0.812526
2.16 0.96 0.168833 0.00778033 0.816182
2.16 1.08 0.168986 0.00582202 0.818171
2.16 1.2 0.169768 0.00481378 0.818526
2.16 1.32 0.171237 0.00464169 0.817264
2.16 1.44 0.173316 0.00531938 0.814489
2.16 1.56 0.17577 0.00700734 0.81
2.16 1.68 0.178268 0.0100829 0.805566
2.16 1.8 0.180231 0.0153109 0.799048
2.16 1.92 0.181635 0.0242437 0.789586
2.16 2.04 0.181073 0.0400985 0.775085
2.16 2.16 0.177238 0.0694286 0.750392
2.16 2.28 0.167875 0.123967 0.70627
2.16 2.4 0.150387 0.217649 0.631379
2.16 2.52 0.125184 0.348422 0.526273
2.16 2.64 0.0993295 0.480026 0.419013
2.16 2.76 0.0814957 0.570068 0.345069
2.16 2.88 0.075261 0.60144 0.319355
2.16 3 0.0810154 0.572235 0.343543
2.16 3.12 0.0983852 0.484311 0.416122
2.16 3.24 0.124003 0.353678 0.523035
2.16 3.36 0.149368 0.221936 0.629379
2.16 3.48 0.1672 0.12655 0.705985
2.16 3.6 0.176873 0.0707874 0.751402
2.16 3.72 0.180981 0.0407962 0.777035
2.16 3.84 0.181788 0.0245891 0.792264
2.16 3.96 0.180699 0.0154514 0.802251
2.16 4.08 0.178559 0.0100816 0.809448
2.16 4.2 0.17596 0.00688251 0.814836
2.16 4.32 0.173373 0.00505769 0.818718
2.16 4.44 0.171166 0.00420095 0.821178
2.16 4.56 0.169601 0.00411614 0.82218
2.16 4.68 0.168793 0.00473913 0.821657
2.16 4.8 0.168711 0.00610688 0.819624
2.16 4.92 0.169221 0.0083508 0.816038
2.16 5.04 0.170057 0.0117012 0.811065
2.16 5.16 0.170916 0.0164767 0.804667
2.16 5.28 0.171513 0.0230017 0.796831
2.16 5.4 0.171633 0.0313521 0.787677
2.16 5.52 0.171236 0.0410871 0.777889
2.16 5.64 0.170477 0.0506645 0.768702
2.16 5.76 0.169977 0.0564976 0.763221
2.16 5.88 0.168985 0.0627664 0.757911
2.28 0 0.154043 0.142176 0.695276
2.28 0.12 0.155649 0.132842 0.703035
2.28 0.24 0.159714 0.106988 0.724821
2.28 0.36 0.163857 0.0785391 0.74915
2.28 0.48 0.167098 0.05339 0.771216
2.28 0.6 0.168921 0.0348726 0.788045
2.28 0.72 0.169607 0.0225296 0.799855
2.28 0.84 0.16969 0.0146955 0.807728
2.28 0.96 0.16971 0.00986167 0.812717
2.28 1.08 0.170075 0.0070161 0.81538
2.28 1.2 0.171024 0.00557596 0.816015
2.28 1.32 0.172644 0.00526064 0.814777
2.28 1.44 0.17484 0.00601749 0.811836
2.28 1.56 0.177353 0.008019 0.806955
2.28 1.68 0.179811 0.0117554 0.802046
2.28 1.8 0.181534 0.0183059 0.794505
2.28 1.92 0.18241 0.0300247 0.782848
2.28 2.04 0.180555 0.0521308 0.763412
2.28 2.16 0.173789 0.0957712 0.727348
2.28 2.28 0.158316 0.180595 0.659025
2.28 2.4 0.130823 0.323934 0.543994
2.28 2.52 0.0959118 0.502362 0.399799
2.28 2.64 0.0665008 0.651403 0.2785
2.28 2.76 0.0495617 0.737413 0.208592
2.28 2.88 0.0442184 0.764633 0.186615
2.28 3 0.0491998 0.739171 0.207392
2.28 3.12 0.065671 0.655441 0.275772
2.28 3.24 0.094631 0.508494 0.395753
2.28 3.36 0.129552 0.329873 0.540575
2.28 3.48 0.157494 0.184281 0.657808
2.28 3.6 0.173417 0.0975513 0.728009
2.28 3.72 0.180536 0.0529272 0.765301
2.28 3.84 0.182678 0.0303553 0.785586
2.28 3.96 0.182172 0.0183985 0.797819
2.28 4.08 0.180262 0.0116985 0.806107
2.28 4.2 0.177716 0.00783475 0.812087
2.28 4.32 0.175081 0.00568515 0.81631
2.28 4.44 0.172778 0.00471967 0.818944
2.28 4.56 0.171099 0.0047122 0.819957
2.28 4.68 0.170164 0.00563036 0.819242
2.28 4.8 0.169934 0.00760877 0.816733
2.28 4.92 0.17023 0.0109756 0.812231
2.28 5.04 0.170702 0.0163231 0.80562
2.28 5.16 0.170921 0.0245831 0.796384
2.28 5.28 0.170424 0.0369606 0.783796
2.28 5.4 0.168834 0.0543645 0.767299
2.28 5.52 0.166141 0.0762786 0.74769
2.28 5.64 0.162891 0.0989443 0.727939
2.28 5.76 0.160725 0.113673 0.715296
2.28 5.88 0.158707 0.125323 0.705618
2.4 0 0.130741 0.277434 0.583838
2.4 0.12 0.134362 0.257205 0.600452
2.4 0.24 0.143789 0.202631 0.645561
2.4 0.36 0.15395 0.141806 0.696165
2.4 0.48 0.162149 0.0897332 0.740059
2.4 0.6 0.167127 0.0539826 0.77084
2.4 0.72 0.169533 0.0322012 0.790283
2.4 0.84 0.170488 0.0195762 0.802023
2.4 0.96 0.17095 0.0123732 0.808912
2.4 1.08 0.171558 0.00836994 0.812484
2.4 1.2 0.172656 0.00639506 0.813509
2.4 1.32 0.174384 0.00589821 0.812363
2.4 1.44 0.176639 0.00672113 0.809308
2.4 1.56 0.179142 0.00903813 0.80408
2.4 1.68 0.181485 0.013466 0.798689
2.4 1.8 0.182878 0.0214613 0.790056
2.4 1.92 0.183077 0.0363837 0.775872
2.4 2.04 0.179609 0.0660293 0.750435
2.4 2.16 0.169175 0.127303 0.700256
2.4 2.28 0.146463 0.247657 0.603483
2.4 2.4 0.109502 0.437753 0.45103
2.4 2.52 0.0700632 0.638336 0.289498
2.4 2.64 0.0429632 0.775774 0.178507
2.4 2.76 0.0295456 0.844167 0.123488
2.4 2.88 0.025624 0.86427 0.107445
2.4 3 0.029306 0.845437 0.122683
2.4 3.12 0.0423487 0.778984 0.176429
2.4 3.24 0.068908 0.644204 0.285609
2.4 3.36 0.108088 0.444823 0.446617
2.4 3.48 0.145486 0.252553 0.601231
2.4 3.6 0.168794 0.129591 0.700481
2.4 3.72 0.179672 0.0669363 0.752237
2.4 3.84 0.183474 0.0366891 0.77866
2.4 3.96 0.183697 0.0214944 0.793471
2.4 4.08 0.182104 0.0133453 0.80292
2.4 4.2 0.179684 0.00878967 0.809478
2.4 4.32 0.177068 0.0063158 0.814001
2.4 4.44 0.174728 0.00525466 0.816756
2.4 4.56 0.172978 0.00535557 0.817715
2.4 4.68 0.171938 0.0066428 0.816715
2.4 4.8 0.171544 0.00941146 0.813562
2.4 4.92 0.171543 0.0143376 0.80778
2.4 5.04 0.171443 0.0227275 0.798684
2.4 5.16 0.170547 0.0368874 0.784661
2.4 5.28 0.167964 0.0602884 0.763146
2.4 5.4 0.162839 0.0963852 0.731498
2.4 5.52 0.155132 0.144915 0.690381
2.4 5.64 0.146437 0.196526 0.64723
2.4 5.76 0.140502 0.231012 0.618628
2.4 5.88 0.137115 0.249974 0.603034
2.52 0 0.0952312 0.476473 0.420736
2.52 0.12 0.101174 0.44384 0.447417
2.52 0.24 0.117476 0.352927 0.522039
2.52 0.36 0.136897 0.242746 0.612783
2.52 0.48 0.153454 0.14567 0.693232
2.52 0.6 0.163706 0.081283 0.747218
2.52 0.72 0.168799 0.04484 0.778514
2.52 0.84 0.170996 0.0254251 0.79573
2.52 0.96 0.172026 0.0151625 0.805073
2.52 1.08 0.172907 0.00978113 0.809736
2.52 1.2 0.174149 0.00720646 0.811214
2.52 1.32 0.175965 0.00650868 0.810193
2.52 1.44 0.178252 0.00738707 0.807056
2.52 1.56 0.180723 0.0100076 0.801521
2.52 1.68 0.182927 0.0151193 0.795654
2.52 1.8 0.183967 0.0245929 0.785904
2.52 1.92 0.183429 0.0429215 0.769017
2.52 2.04 0.178186 0.0808115 0.736965
2.52 2.16 0.16376 0.161226 0.671431
2.52 2.28 0.133934 0.316555 0.546922
2.52 2.4 0.0904029 0.539274 0.369134
2.52 2.52 0.0513816 0.737235 0.21049
2.52 2.64 0.0286501 0.852149 0.118036
2.52 2.76 0.0185173 0.903593 0.0767661
2.52 2.88 0.0156957 0.918021 0.0652926
2.52 3 0.0183579 0.904538 0.0762238
2.52 3.12 0.0282145 0.854626 0.116536
2.52 3.24 0.0504406 0.742298 0.207206
2.52 3.36 0.0889996 0.546689 0.364384
2.52 3.48 0.132836 0.322513 0.543755
2.52 3.6 0.163371 0.164053 0.671181
2.52 3.72 0.178339 0.081835 0.73866
2.52 3.84 0.183964 0.0431949 0.77184
2.52 3.96 0.18497 0.0245603 0.789402
2.52 4.08 0.183721 0.0149317 0.800028
2.52 4.2 0.181448 0.00969548 0.807135
2.52 4.32 0.178875 0.00691337 0.81192
2.52 4.44 0.17652 0.00577149 0.814757
2.52 4.56 0.174718 0.00600227 0.81562
2.52 4.68 0.17358 0.00771236 0.814274
2.52 4.8 0.172999 0.0114289 0.81034
2.52 4.92 0.172619 0.018372 0.802907
2.52 5.04 0.171702 0.0310838 0.790297
2.52 5.16 0.169054 0.0545152 0.76877
2.52 5.28 0.16289 0.0969133 0.73188
2.52 5.4 0.151322 0.167135 0.672559
2.52 5.52 0.134535 0.26366 0.592569
2.52 5.64 0.116843 0.362556 0.511128
2.52 5.76 0.105402 0.425767 0.459322
2.52 5.88 0.1014 0.447738 0.441332
2.64 0 0.0607573 0.666277 0.265718
2.64 0.12 0.0673865 0.630169 0.295105
2.64 0.24 0.0872339 0.521232 0.38414
2.64 0.36 0.115011 0.367363 0.510397
2.64 0.48 0.141659 0.216599 0.634572
2.64 0.6 0.158899 0.114539 0.719131
2.64 0.72 0.167475 0.0591762 0.765719
2.64 0.84 0.171181 0.0315699 0.78953
2.64 0.96 0.172849 0.0178957 0.8016
2.64 1.08 0.174011 0.0110863 0.807387
2.64 1.2 0.175393 0.00792647 0.809305
2.64 1.32 0.177282 0.00704127 0.808403
2.64 1.44 0.179591 0.00797133 0.805195
2.64 1.56 0.182025 0.0108695 0.79939
2.64 1.68 0.184088 0.0166135 0.793079
2.64 1.8 0.18479 0.0274866 0.782261
2.64 1.92 0.183528 0.0491215 0.762729
2.64 2.04 0.176536 0.0951069 0.724148
2.64 2.16 0.158301 0.193791 0.644008
2.64 2.28 0.122553 0.378437 0.496674
2.64 2.4 0.0756849 0.617687 0.306683
2.64 2.52 0.0393444 0.801246 0.159888
2.64 2.64 0.0205037 0.895778 0.0837471
2.64 2.76 0.0126371 0.935386 0.0519082
2.64 2.88 0.0105062 0.946214 0.043292
2.64 3 0.0125227 0.93615 0.0515104
2.64 3.12 0.020183 0.897785 0.0826162
2.64 3.24 0.0385923 0.805539 0.157185
2.64 3.36 0.0743816 0.624911 0.302037
2.64 3.48 0.121389 0.385156 0.49285
2.64 3.6 0.15791 0.197125 0.6433
2.64 3.72 0.176783 0.0962461 0.72572
2.64 3.84 0.184203 0.0493629 0.765566
2.64 3.96 0.185974 0.02739 0.785813
2.64 4.08 0.185057 0.0163632 0.797549
2.64 4.2 0.182929 0.0105012 0.805153
2.64 4.32 0.180405 0.0074422 0.810161
2.64 4.44 0.178045 0.00623322 0.813057
2.64 4.56 0.176201 0.00659694 0.813811
2.64 4.68 0.174967 0.0087396 0.812107
2.64 4.8 0.174185 0.0134758 0.807333
2.64 4.92 0.173363 0.0227505 0.798002
2.64 5.04 0.171418 0.0408986 0.78099
2.64 5.16 0.166379 0.0770123 0.749214
2.64 5.28 0.155019 0.146981 0.690007
2.64 5.4 0.134179 0.266101 0.590983
2.64 5.52 0.106172 0.421285 0.463429
2.64 5.64 0.0806783 0.560335 0.34962
2.64 5.76 0.0662917 0.638322 0.286075
2.64 5.88 0.0632728 0.654822 0.272659
2.76 0 0.0394793 0.782435 0.171227
2.76 0.12 0.0454191 0.750171 0.197344
2.76 0.24 0.0646344 0.645357 0.282639
2.76 0.36 0.0959021 0.474007 0.422935
2.76 0.48 0.130303 0.282643 0.580266
2.76 0.6 0.15411 0.1455 0.69337
2.76 0.72 0.166059 0.0719287 0.754674
2.76 0.84 0.171175 0.0367247 0.784588
2.76 0.96 0.173414 0.0200631 0.799032
2.76 1.08 0.174821 0.0120759 0.805731
2.76 1.2 0.176325 0.00846179 0.807976
2.76 1.32 0.178275 0.00744544 0.807142
2.76 1.44 0.180604 0.00843303 0.803857
2.76 1.56 0.183006 0.0115705 0.797815
2.76 1.68 0.184949 0.0178521 0.791117
2.76 1.8 0.18536 0.0299277 0.779361
2.76 1.92 0.183463 0.0544425 0.757502
2.76 2.04 0.174945 0.107475 0.713214
2.76 2.16 0.153526 0.221458 0.620918
2.76 2.28 0.113509 0.427405 0.457347
2.76 2.4 0.065531 0.671889 0.263926
2.76 2.52 0.0320704 0.839923 0.129453
2.76 2.64 0.0159738 0.920008 0.0647382
2.76 2.76 0.00950045 0.95233 0.0386734
2.76 2.88 0.00777188 0.961066 0.0317156
2.76 3 0.00941029 0.953001 0.0383494
2.76 3.12 0.0157192 0.921748 0.0638141
2.76 3.24 0.0314486 0.843681 0.127154
2.76 3.36 0.0643418 0.678762 0.259516
2.76 3.48 0.112325 0.434598 0.453107
2.76 3.6 0.15314 0.225221 0.61981
2.76 3.72 0.175278 0.108725 0.714652
2.76 3.84 0.184267 0.05466 0.760322
2.76 3.96 0.186707 0.0297782 0.782926
2.76 4.08 0.186078 0.0175511 0.795625
2.76 4.2 0.184076 0.0111606 0.803652
2.76 4.32 0.181596 0.00786958 0.808848
2.76 4.44 0.179233 0.00660283 0.811794
2.76 4.56 0.177351 0.00707645 0.812458
2.76 4.68 0.176031 0.00959271 0.810446
2.76 4.8 0.175059 0.015255 0.804915
2.76 4.92 0.173807 0.0267819 0.793757
2.76 5.04 0.170797 0.0505437 0.772209
2.76 5.16 0.163143 0.100531 0.729226
2.76 5.28 0.145994 0.20112 0.645205
2.76 5.4 0.115788 0.369204 0.506361
2.76 5.52 0.0799197 0.564659 0.346232
2.76 5.64 0.0527677 0.711186 0.226778
2.76 5.76 0.0395668 0.782181 0.169215
2.76 5.88 0.0376892 0.792515 0.160918
2.88 0 0.0312145 0.827265 0.13483
2.88 0.12 0.0365824 0.79811 0.158345
2.88 0.24 0.0546236 0.699872 0.238085
2.88 0.36 0.0863275 0.526849 0.379637
2.88 0.48 0.124079 0.31831 0.5511
2.88 0.6 0.151416 0.162506 0.679433
2.88 0.72 0.165267 0.0787519 0.748938
2.88 0.84 0.171179 0.0393674 0.782173
2.88 0.96 0.173743 0.0211263 0.797837
2.88 1.08 0.1753 0.0125498 0.804961
2.88 1.2 0.176891 0.00873005 0.80732
2.88 1.32 0.178891 0.00767866 0.806464
2.88 1.44 0.181243 0.00873804 0.803076
2.88 1.56 0.183627 0.0120657 0.796831
2.88 1.68 0.185485 0.0187513 0.789824
2.88 1.8 0.185681 0.0317271 0.777348
2.88 1.92 0.183308 0.0584042 0.753724
2.88 2.04 0.173653 0.116688 0.705174
2.88 2.16 0.149962 0.241626 0.604228
2.88 2.28 0.107289 0.460933 0.43066
2.88 2.4 0.0592614 0.705288 0.237717
2.88 2.52 0.0279669 0.861632 0.112372
2.88 2.64 0.0135532 0.932883 0.0546207
2.88 2.76 0.00786969 0.9611 0.0318138
2.88 2.88 0.00636197 0.968697 0.0257624
2.88 3 0.00779169 0.961726 0.0315244
2.88 3.12 0.0133333 0.934489 0.0537993
2.88 3.24 0.0274208 0.865087 0.110299
2.88 3.36 0.0581557 0.711889 0.23349
2.88 3.48 0.106102 0.468417 0.426155
2.88 3.6 0.14958 0.245728 0.602793
2.88 3.72 0.174052 0.118041 0.706468
2.88 3.84 0.184216 0.058615 0.756491
2.88 3.96 0.18716 0.0315448 0.78088
2.88 4.08 0.186748 0.0184192 0.794309
2.88 4.2 0.184838 0.0116346 0.80266
2.88 4.32 0.182387 0.00816741 0.808011
2.88 4.44 0.180018 0.00684696 0.811013
2.88 4.56 0.178103 0.00737942 0.811641
2.88 4.68 0.176716 0.0101312 0.809444
2.88 4.8 0.175607 0.0164117 0.803416
2.88 4.92 0.174045 0.0295187 0.790988
2.88 5.04 0.170248 0.0574077 0.766121
2.88 5.16 0.160606 0.117932 0.714641
2.88 5.28 0.13911 0.241404 0.612061
2.88 5.4 0.102839 0.440824 0.447672
2.88 5.52 0.0641084 0.650286 0.276302
2.88 5.64 0.0384305 0.788205 0.164162
2.88 5.76 0.0270885 0.848984 0.115059
2.88 5.88 0.0257581 0.85637 0.109204
3 0 0.0332344 0.815894 0.143861
3 0.12 0.0387331 0.785999 0.167985
3 0.24 0.0570672 0.686159 0.249146
3 0.36 0.0887173 0.513481 0.390662
3 0.48 0.125706 0.309095 0.558909
3 0.6 0.152185 0.157958 0.683427
3 0.72 0.165574 0.0768238 0.750736
3 0.84 0.171318 0.0385582 0.782998
3 0.96 0.173848 0.0207728 0.798232
3 1.08 0.175427 0.0123981 0.805128
3 1.2 0.177056 0.00868724 0.807335
3 1.32 0.179094 0.0077168 0.806351
3 1.44 0.181474 0.00886406 0.802835
3 1.56 0.183859 0.0123222 0.796429
3 1.68 0.185679 0.0192484 0.789219
3 1.8 0.185759 0.0327415 0.776308
3 1.92 0.183118 0.0606476 0.751669
3 2.04 0.17283 0.121874 0.700726
3 2.16 0.14792 0.252736 0.595121
3 2.28 0.103974 0.478531 0.416749
3 2.4 0.0561663 0.721591 0.224953
3 2.52 0.0260587 0.871605 0.104516
3 2.64 0.0124703 0.938587 0.050141
3 2.76 0.00715699 0.964914 0.0288458
3 2.88 0.00575067 0.972 0.0232064
3 3 0.00708363 0.965525 0.0285676
3 3.12 0.012264 0.940145 0.0493543
3 3.24 0.0255434 0.874948 0.102524
3 3.36 0.0550961 0.728097 0.220777
3 3.48 0.102779 0.486224 0.412044
3 3.6 0.147535 0.257083 0.593429
3 3.72 0.173268 0.123322 0.701871
3 3.84 0.184093 0.0608742 0.754343
3 3.96 0.187327 0.032553 0.779758
3 4.08 0.187038 0.0189097 0.793618
3 4.2 0.185175 0.0118941 0.802173
3 4.32 0.182735 0.00831541 0.807637
3 4.44 0.180353 0.00694219 0.810708
3 4.56 0.178413 0.00746238 0.811371
3 4.68 0.17699 0.0102506 0.809165
3 4.8 0.175829 0.0166646 0.803047
3 4.92 0.174176 0.0301508 0.79033
3 5.04 0.17017 0.0590895 0.764638
3 5.16 0.160003 0.122384 0.710949
3 5.28 0.137366 0.251835 0.603529
3 5.4 0.0996324 0.458654 0.433045
3 5.52 0.0604765 0.669906 0.260175
3 5.64 0.0353677 0.80455 0.150742
3 5.76 0.0245404 0.862537 0.103967
3 5.88 0.0233135 0.869337 0.0985756
3.12 0 0.0463141 0.743992 0.202021
3.12 0.12 0.0525195 0.710261 0.229416
3.12 0.24 0.0721526 0.603245 0.316957
3.12 0.36 0.102577 0.436601 0.454067
3.12 0.48 0.13451 0.258611 0.600805
3.12 0.6 0.156049 0.133848 0.703725
3.12 0.72 0.166844 0.0669142 0.759445
3.12 0.84 0.171553 0.0345671 0.786861
3.12 0.96 0.173723 0.0190987 0.800159
3.12 1.08 0.175204 0.0116562 0.80623
3.12 1.2 0.176829 0.00834551 0.808038
3.12 1.32 0.178894 0.0075611 0.806828
3.12 1.44 0.181307 0.00880461 0.803163
3.12 1.56 0.183713 0.0123239 0.796644
3.12 1.68 0.185546 0.0193079 0.789347
3.12 1.8 0.185617 0.0328877 0.776327
3.12 1.92 0.182944 0.0609659 0.751524
3.12 2.04 0.172584 0.122554 0.700276
3.12 2.16 0.14756 0.254036 0.594172
3.12 2.28 0.103545 0.480312 0.415419
3.12 2.4 0.0558455 0.722976 0.22391
3.12 2.52 0.0258993 0.872304 0.104008
3.12 2.64 0.0124024 0.93892 0.0499456
3.12 2.76 0.00712615 0.965113 0.0287756
3.12 2.88 0.00572906 0.97217 0.0231666
3.12 3 0.00705168 0.965731 0.0284913
3.12 3.12 0.0121929 0.940497 0.0491411
3.12 3.24 0.0253763 0.875697 0.101971
3.12 3.36 0.0547587 0.729591 0.21963
3.12 3.48 0.102325 0.488183 0.410538
3.12 3.6 0.147161 0.258531 0.5923
3.12 3.72 0.173031 0.124081 0.701275
3.12 3.84 0.183945 0.0612321 0.75407
3.12 3.96 0.187223 0.032722 0.779648
3.12 4.08 0.186952 0.018989 0.793603
3.12 4.2 0.18509 0.0119231 0.80223
3.12 4.32 0.182639 0.00830435 0.807763
3.12 4.44 0.180239 0.00688101 0.810916
3.12 4.56 0.178281 0.00731453 0.81169
3.12 4.68 0.176855 0.0099263 0.809665
3.12 4.8 0.175735 0.0159435 0.8039
3.12 4.92 0.174236 0.0284633 0.791987
3.12 5.04 0.170682 0.0549184 0.768323
3.12 5.16 0.161694 0.111935 0.719745
3.12 5.28 0.141588 0.228087 0.623166
3.12 5.4 0.10708 0.418193 0.466251
3.12 5.52 0.0688889 0.62467 0.296965
3.12 5.64 0.0424947 0.766316 0.181553
3.12 5.76 0.0305362 0.830447 0.129721
3.12 5.88 0.029039 0.838665 0.123128
3.24 0 0.0733856 0.595396 0.323532
3.24 0.12 0.0799185 0.559878 0.352646
3.24 0.24 0.0989108 0.455736 0.438466
3.24 0.36 0.123887 0.317069 0.552898
3.24 0.48 0.146698 0.187069 0.660195
3.24 0.6 0.161169 0.100324 0.732037
3.24 0.72 0.168435 0.05282 0.771959
3.24 0.84 0.171701 0.0286947 0.792675
3.24 0.96 0.173339 0.0165531 0.803222
3.24 1.08 0.17465 0.0104867 0.808104
3.24 1.2 0.176242 0.00776684 0.809352
3.24 1.32 0.178325 0.00723563 0.807854
3.24 1.44 0.180773 0.00856784 0.804041
3.24 1.56 0.18322 0.0120705 0.797474
3.24 1.68 0.185114 0.0189218 0.790221
3.24 1.8 0.185285 0.0321452 0.77743
3.24 1.92 0.182821 0.0593106 0.753342
3.24 2.04 0.17296 0.118616 0.703931
3.24 2.16 0.148935 0.245328 0.601557
3.24 2.28 0.106043 0.466103 0.426828
3.24 2.4 0.058305 0.709439 0.234618
3.24 2.52 0.0274808 0.863773 0.110829
3.24 2.64 0.0133433 0.933894 0.0540184
3.24 2.76 0.00777325 0.961675 0.0315951
3.24 2.88 0.00629396 0.969177 0.0256374
3.24 3 0.00769181 0.962326 0.0312872
3.24 3.12 0.0131137 0.935559 0.0531426
3.24 3.24 0.0269108 0.867382 0.108619
3.24 3.36 0.057148 0.716373 0.230077
3.24 3.48 0.104783 0.474104 0.421806
3.24 3.6 0.148515 0.249851 0.599603
3.24 3.72 0.173382 0.120197 0.704806
3.24 3.84 0.1838 0.059635 0.755738
3.24 3.96 0.186873 0.0320293 0.780586
3.24 4.08 0.186514 0.0186474 0.794282
3.24 4.2 0.184607 0.0117183 0.802837
3.24 4.32 0.182124 0.00813593 0.808386
3.24 4.44 0.179701 0.00667238 0.81162
3.24 4.56 0.177732 0.00696055 0.812563
3.24 4.68 0.17633 0.00922315 0.81087
3.24 4.8 0.175325 0.0144264 0.805806
3.24 4.92 0.174163 0.0249703 0.795522
3.24 5.04 0.171528 0.0464227 0.775922
3.24 5.16 0.164891 0.0908994 0.737507
3.24 5.28 0.149968 0.179751 0.663145
3.24 5.4 0.123082 0.330371 0.538481
3.24 5.52 0.0893748 0.51426 0.387298
3.24 5.64 0.0619517 0.661999 0.266299
3.24 5.76 0.0479901 0.737052 0.205268
3.24 5.88 0.0456889 0.749501 0.195098
3.36 0 0.11043 0.3905 0.492559
3.36 0.12 0.1155 0.362683 0.515434
3.36 0.24 0.129129 0.286293 0.578541
3.36 0.36 0.144655 0.197213 0.652125
3.36 0.48 0.157582 0.12006 0.716098
3.36 0.6 0.165589 0.0685579 0.759264
3.36 0.72 0.169672 0.0387552 0.784829
3.36 0.84 0.17158 0.0224677 0.799162
3.36 0.96 0.172683 0.0136978 0.806918
3.36 1.08 0.173806 0.00910529 0.810528
3.36 1.2 0.175352 0.00703882 0.811164
3.36 1.32 0.177441 0.00677877 0.809365
3.36 1.44 0.179924 0.00817322 0.805429
3.36 1.56 0.182426 0.0115761 0.798894
3.36 1.68 0.184423 0.0181095 0.791821
3.36 1.8 0.184794 0.0305575 0.77958
3.36 1.92 0.182757 0.0557966 0.757029
3.36 2.04 0.173926 0.110335 0.711467
3.36 2.16 0.151987 0.226982 0.617008
3.36 2.28 0.111572 0.435406 0.451466
3.36 2.4 0.0639551 0.678749 0.258854
3.36 2.52 0.0312288 0.84365 0.126794
3.36 2.64 0.0155981 0.921788 0.0636635
3.36 2.76 0.00932273 0.953325 0.0382688
3.36 2.88 0.0076444 0.961883 0.031477
3.36 3 0.00922641 0.954041 0.0379124
3.36 3.12 0.0153261 0.92364 0.0626443
3.36 3.24 0.030565 0.847678 0.124257
3.36 3.36 0.0626787 0.686182 0.253919
3.36 3.48 0.110271 0.443409 0.446407
3.36 3.6 0.151543 0.231383 0.615106
3.36 3.72 0.174291 0.111928 0.712258
3.36 3.84 0.183669 0.0561891 0.759269
3.36 3.96 0.186309 0.0305125 0.782552
3.36 4.08 0.185765 0.0178997 0.79565
3.36 4.2 0.18377 0.0112887 0.803982
3.36 4.32 0.181241 0.00782152 0.809479
3.36 4.44 0.178793 0.00633848 0.812775
3.36 4.56 0.176821 0.00645143 0.813912
3.36 4.68 0.175459 0.00826796 0.812636
3.36 4.8 0.174606 0.0124486 0.808451
3.36 4.92 0.17385 0.0206082 0.800135
3.36 5.04 0.172271 0.036301 0.785213
3.36 5.16 0.168234 0.0668537 0.758062
3.36 5.28 0.159096 0.125035 0.708584
3.36 5.4 0.142056 0.224211 0.625923
3.36 5.52 0.118085 0.35811 0.515517
3.36 5.64 0.0945814 0.486488 0.409876
3.36 5.76 0.0806439 0.562029 0.347992
3.36 5.88 0.0770359 0.581463 0.331944
3.48 0 0.141847 0.211786 0.640303
3.48 0.12 0.144528 0.196813 0.652582
3.48 0.24 0.151454 0.156022 0.686373
3.48 0.36 0.158789 0.110927 0.723927
3.48 0.48 0.164717 0.0719029 0.756871
3.48 0.6 0.168373 0.0444646 0.780539
3.48 0.72 0.170231 0.0272255 0.795918
3.48 0.84 0.171119 0.0169448 0.805346
3.48 0.96 0.171786 0.0109818 0.810764
3.48 1.08 0.172738 0.00770674 0.813231
3.48 1.2 0.17423 0.00625009 0.813296
3.48 1.32 0.17631 0.00623552 0.811229
3.48 1.44 0.178816 0.00765039 0.807216
3.48 1.56 0.181378 0.0108718 0.8008
3.48 1.68 0.183502 0.0169234 0.794019
3.48 1.8 0.184153 0.0282433 0.78261
3.48 1.92 0.182715 0.0507284 0.762264
3.48 2.04 0.175339 0.0984593 0.722209
3.48 2.16 0.156459 0.200302 0.639501
3.48 2.28 0.120123 0.388331 0.489471
3.48 2.4 0.0735305 0.62705 0.299847
3.48 2.52 0.0380946 0.806842 0.155975
3.48 2.64 0.0199105 0.898596 0.0820581
3.48 2.76 0.0123408 0.937 0.0512238
3.48 2.88 0.010287 0.947544 0.0428624
3.48 3 0.0122165 0.937841 0.0507752
3.48 3.12 0.0195623 0.900794 0.0807811
3.48 3.24 0.0372783 0.811543 0.152918
3.48 3.36 0.0721021 0.63506 0.294464
3.48 3.48 0.118808 0.396074 0.484593
3.48 3.6 0.155998 0.204397 0.637812
3.48 3.72 0.175626 0.100012 0.722973
3.48 3.84 0.183521 0.051188 0.76436
3.48 3.96 0.185545 0.0282817 0.785394
3.48 4.08 0.184741 0.0167913 0.797603
3.48 4.2 0.182628 0.010659 0.805575
3.48 4.32 0.180046 0.00738278 0.810947
3.48 4.44 0.177579 0.00591122 0.814266
3.48 4.56 0.175614 0.00585074 0.815588
3.48 4.68 0.174305 0.00720481 0.814739
3.48 4.8 0.173604 0.0103592 0.811441
3.48 4.92 0.173229 0.016264 0.804997
3.48 5.04 0.172571 0.026881 0.79421
3.48 5.16 0.170669 0.0459392 0.776351
3.48 5.28 0.166142 0.0795234 0.746771
3.48 5.4 0.157516 0.134268 0.700232
3.48 5.52 0.144674 0.210089 0.637204
3.48 5.64 0.130477 0.290617 0.57064
3.48 5.76 0.121082 0.343063 0.527473
3.48 5.88 0.117009 0.365269 0.509086
3.6 0 0.159454 0.105583 0.728355
3.6 0.12 0.160595 0.099171 0.733658
3.6 0.24 0.163385 0.0809313 0.749077
3.6 0.36 0.166191 0.0606813 0.766475
3.6 0.48 0.168388 0.0423347 0.782691
3.6 0.6 0.169642 0.0283972 0.79544
3.6 0.72 0.170173 0.0187987 0.804612
3.6 0.84 0.170393 0.0125449 0.810733
3.6 0.96 0.170742 0.00864949 0.814415
3.6 1.08 0.171544 0.00642217 0.815969
3.6 1.2 0.172966 0.00547108 0.815568
3.6 1.32 0.175012 0.00564819 0.813305
3.6 1.44 0.177517 0.00703359 0.809287
3.6 1.56 0.180129 0.0100005 0.803085
3.6 1.68 0.182387 0.0154418 0.796687
3.6 1.8 0.183363 0.025383 0.786321
3.6 1.92 0.182624 0.0445733 0.768612
3.6 2.04 0.176966 0.0841942 0.735113
3.6 2.16 0.161845 0.167791 0.667001
3.6 2.28 0.131274 0.32704 0.539352
3.6 2.4 0.0877704 0.550453 0.361006
3.6 2.52 0.049655 0.744855 0.205185
3.6 2.64 0.0277442 0.856323 0.115481
3.6 2.76 0.0180243 0.906088 0.0755998
3.6 2.88 0.0153144 0.920088 0.0644935
3.6 3 0.0178489 0.907152 0.074979
3.6 3.12 0.0272662 0.859106 0.113763
3.6 3.24 0.0486206 0.750493 0.201404
3.6 3.36 0.0862032 0.558856 0.35532
3.6 3.48 0.130002 0.334119 0.534993
3.6 3.6 0.16138 0.171406 0.665682
3.6 3.72 0.177159 0.0856563 0.735907
3.6 3.84 0.183296 0.0450904 0.770587
3.6 3.96 0.18459 0.0255079 0.788928
3.6 4.08 0.18348 0.0153931 0.800033
3.6 4.2 0.181239 0.00986567 0.807522
3.6 4.32 0.178611 0.00684739 0.812689
3.6 4.44 0.176142 0.00542482 0.815974
3.6 4.56 0.174201 0.0052181 0.817433
3.6 4.68 0.172954 0.00615389 0.81696
3.6 4.8 0.172392 0.00841217 0.814437
3.6 4.92 0.172324 0.0124797 0.809532
3.6 5.04 0.172345 0.0193043 0.801854
3.6 5.16 0.171892 0.0305158 0.790352
3.6 5.28 0.170279 0.0484801 0.773386
3.6 5.4 0.16687 0.0754529 0.749319
3.6 5.52 0.16159 0.111232 0.71872
3.6 5.64 0.155453 0.149494 0.686532
3.6 5.76 0.151281 0.174748 0.665505
3.6 5.88 0.148397 0.191023 0.652028
3.72 0 0.167252 0.0533899 0.772308
3.72 0.12 0.167732 0.0508192 0.774524
3.72 0.24 0.168662 0.0429554 0.781561
3.72 0.36 0.169445 0.0340101 0.789838
3.72 0.48 0.169913 0.0254094 0.79819
3.72 0.6 0.169969 0.0183325 0.805389
3.72 0.72 0.169772 0.0130172 0.811072
3.72 0.84 0.16958 0.00926638 0.81513
3.72 0.96 0.169697 0.0067821 0.81763
3.72 1.08 0.170355 0.00532255 0.81853
3.72 1.2 0.171675 0.00475211 0.817807
3.72 1.32 0.173645 0.00505504 0.815448
3.72 1.44 0.176108 0.006361 0.811515
3.72 1.56 0.178738 0.00901629 0.805622
3.72 1.68 0.18111 0.0137652 0.799681
3.72 1.8 0.182415 0.0222025 0.790468
3.72 1.92 0.18239 0.0379066 0.775539
3.72 2.04 0.178502 0.0690683 0.748848
3.72 2.16 0.167388 0.133132 0.696427
3.72 2.28 0.143858 0.257338 0.596549
3.72 2.4 0.106596 0.449423 0.442498
3.72 2.52 0.0678254 0.647689 0.282874
3.72 2.64 0.0416072 0.781583 0.174768
3.72 2.76 0.028715 0.84788 0.121492
3.72 2.88 0.0249451 0.867399 0.105941
3.72 3 0.0284493 0.849329 0.120563
3.72 3.12 0.040927 0.785235 0.172367
3.72 3.24 0.0665394 0.654313 0.278319
3.72 3.36 0.104985 0.457605 0.437003
3.72 3.48 0.142699 0.26332 0.593083
3.72 3.6 0.166925 0.136156 0.695583
3.72 3.72 0.17859 0.070403 0.749714
3.72 3.84 0.182908 0.0384658 0.777416
3.72 3.96 0.183445 0.0224083 0.792911
3.72 4.08 0.182024 0.0137977 0.802799
3.72 4.2 0.179664 0.0089566 0.809712
3.72 4.32 0.177017 0.00624848 0.814593
3.72 4.44 0.174578 0.00491355 0.817771
3.72 4.56 0.172694 0.00460313 0.819293
3.72 4.68 0.171529 0.00519823 0.8191
3.72 4.8 0.171096 0.00674577 0.81718
3.72 4.92 0.171262 0.00945302 0.813418
3.72 5.04 0.171736 0.0137168 0.807854
3.72 5.16 0.172155 0.0201501 0.800237
3.72 5.28 0.172142 0.0295037 0.790228
3.72 5.4 0.171393 0.0422629 0.777635
3.72 5.52 0.169869 0.0579758 0.763172
3.72 5.64 0.167893 0.0740757 0.748831
3.72 5.76 0.166574 0.0842527 0.739961
3.72 5.88 0.165043 0.093393 0.732296
3.84 0 0.170429 0.0288191 0.793609
3.84 0.12 0.170665 0.027761 0.794636
3.84 0.24 0.170835 0.0242175 0.798208
3.84 0.36 0.17077 0.020091 0.802615
3.84 0.48 0.17047 0.0158977 0.807405
3.84 0.6 0.169945 0.0121968 0.811856
3.84 0.72 0.169351 0.00920357 0.815632
3.84 0.84 0.168893 0.00694548 0.818457
3.84 0.96 0.168815 0.00537455 0.820212
3.84 1.08 0.169309 0.00443995 0.820706
3.84 1.2 0.170477 0.00412867 0.819825
3.84 1.32 0.172308 0.00449111 0.817494
3.84 1.44 0.174666 0.00567378 0.813748
3.84 1.56 0.177257 0.00798053 0.808262
3.84 1.68 0.179697 0.0120056 0.802835
3.84 1.8 0.181292 0.0189408 0.794794
3.84 1.92 0.181915 0.0313075 0.782524
3.84 2.04 0.179647 0.054611 0.76212
3.84 2.16 0.172259 0.100409 0.724361
3.84 2.28 0.156 0.188432 0.653473
3.84 2.4 0.127951 0.334414 0.536276
3.84 2.52 0.0932647 0.512361 0.392501
3.84 2.64 0.0645753 0.658747 0.273462
3.84 2.76 0.0481983 0.742655 0.205367
3.84 2.88 0.0430338 0.769222 0.183953
3.84 3 0.0477942 0.744664 0.203975
3.84 3.12 0.0636481 0.663353 0.270277
3.84 3.24 0.0918154 0.519377 0.38764
3.84 3.36 0.126465 0.341442 0.531745
3.84 3.48 0.155002 0.193063 0.651125
3.84 3.6 0.1718 0.102828 0.724008
3.84 3.72 0.179633 0.0558039 0.763073
3.84 3.84 0.182277 0.0318913 0.784321
3.84 3.96 0.182107 0.0192149 0.797091
3.84 4.08 0.180405 0.0121106 0.805736
3.84 4.2 0.177962 0.00798775 0.812008
3.84 4.32 0.175342 0.00562319 0.816526
3.84 4.44 0.172985 0.00441068 0.819513
3.84 4.56 0.171206 0.004045 0.821002
3.84 4.68 0.170163 0.00438851 0.820967
3.84 4.8 0.169867 0.00541334 0.819458
3.84 4.92 0.170222 0.00717701 0.81648
3.84 5.04 0.170993 0.00981102 0.812275
3.84 5.16 0.171911 0.0134994 0.806918
3.84 5.28 0.172718 0.0184097 0.800531
3.84 5.4 0.173213 0.0245175 0.793325
3.84 5.52 0.173322 0.0314767 0.785883
3.84 5.64 0.173096 0.0382308 0.779021
3.84 5.76 0.172948 0.042209 0.775094
3.84 5.88 0.172232 0.0469856 0.770959
3.96 0 0.171936 0.0170845 0.803978
3.96 0.12 0.172084 0.0166156 0.804546
3.96 0.24 0.171944 0.0148699 0.806674
3.96 0.36 0.171518 0.0128076 0.809421
3.96 0.48 0.170871 0.0106164 0.812589
3.96 0.6 0.170053 0.00856976 0.8157
3.96 0.72 0.169219 0.00681171 0.818479
3.96 0.84 0.168555 0.00541095 0.820634
3.96 0.96 0.168278 0.00439689 0.821997
3.96 1.08 0.16856 0.00379057 0.822327
3.96 1.2 0.169505 0.00362989 0.821468
3.96 1.32 0.171115 0.00399094 0.819314
3.96 1.44 0.173284 0.00501571 0.815883
3.96 1.56 0.175756 0.00695816 0.810908
3.96 1.68 0.17819 0.0102744 0.806052
3.96 1.8 0.179997 0.0158138 0.799145
3.96 1.92 0.181141 0.0252456 0.789231
3.96 2.04 0.180198 0.041971 0.774065
3.96 2.16 0.175838 0.0728016 0.748256
3.96 2.28 0.165821 0.129611 0.702376
3.96 2.4 0.147729 0.22569 0.625535
3.96 2.52 0.122355 0.357335 0.519657
3.96 2.64 0.0968473 0.487856 0.413333
3.96 2.76 0.0794438 0.576485 0.34068
3.96 2.88 0.0733648 0.607369 0.315418
3.96 3 0.0789031 0.578959 0.338892
3.96 3.12 0.0957764 0.492767 0.409884
3.96 3.24 0.120985 0.363459 0.515569
3.96 3.36 0.146502 0.230901 0.622533
3.96 3.48 0.164977 0.132952 0.701113
3.96 3.6 0.175373 0.0746927 0.748352
3.96 3.72 0.18008 0.0430257 0.77513
3.96 3.84 0.181341 0.0258367 0.790991
3.96 3.96 0.180581 0.0161388 0.801336
3.96 4.08 0.178666 0.0104377 0.808767
3.96 4.2 0.176203 0.00701942 0.81434
3.96 4.32 0.173679 0.00501189 0.818407
3.96 4.44 0.171475 0.00394957 0.8211
3.96 4.56 0.169873 0.00357666 0.822439
3.96 4.68 0.16901 0.00375644 0.822417
3.96 4.8 0.168887 0.00442636 0.821122
3.96 4.92 0.169421 0.00557273 0.818621
3.96 5.04 0.170407 0.00721234 0.815233
3.96 5.16 0.171619 0.00936891 0.811143
3.96 5.28 0.172847 0.0120329 0.806606
3.96 5.4 0.173912 0.0150909 0.801893
3.96 5.52 0.174711 0.0183467 0.797435
3.96 5.64 0.175175 0.0213587 0.793617
3.96 5.76 0.175478 0.022985 0.791563
3.96 5.88 0.175158 0.0255732 0.789248
4.08 0 0.173166 0.0115925 0.808521
4.08 0.12 0.173283 0.0113554 0.808909
4.08 0.24 0.173017 0.0103626 0.81043
4.08 0.36 0.172437 0.00918518 0.81247
4.08 0.48 0.171618 0.00789261 0.814921
4.08 0.6 0.170627 0.00663096 0.817421
4.08 0.72 0.169615 0.00549292 0.819745
4.08 0.84 0.168753 0.00454281 0.821621
4.08 0.96 0.168245 0.00382777 0.822881
4.08 1.08 0.168254 0.00339074 0.823273
4.08 1.2 0.168893 0.0032852 0.822626
4.08 1.32 0.170187 0.00359032 0.820812
4.08 1.44 0.172064 0.00443134 0.817834
4.08 1.56 0.174315 0.00601144 0.813478
4.08 1.68 0.176643 0.00866848 0.809246
4.08 1.8 0.178551 0.0129841 0.803407
4.08 1.92 0.18005 0.0200064 0.795471
4.08 2.04 0.180078 0.031686 0.784315
4.08 2.16 0.177896 0.0516242 0.767136
4.08 2.28 0.17237 0.0858141 0.739229
4.08 2.4 0.162237 0.141557 0.694758
4.08 2.52 0.147332 0.220628 0.631962
4.08 2.64 0.130479 0.308418 0.561556
4.08 2.76 0.117185 0.376805 0.506067
4.08 2.88 0.112042 0.402935 0.484805
4.08 3 0.116636 0.379087 0.504453
4.08 3.12 0.129522 0.312373 0.558929
4.08 3.24 0.146242 0.224923 0.629434
4.08 3.36 0.161274 0.145017 0.693218
4.08 3.48 0.171639 0.0881543 0.738807
4.08 3.6 0.177413 0.0531043 0.767582
4.08 3.72 0.179857 0.0326162 0.785477
4.08 3.84 0.180085 0.0205887 0.797204
4.08 3.96 0.178891 0.0133406 0.80551
4.08 4.08 0.176863 0.00887279 0.811802
4.08 4.2 0.17447 0.00611034 0.816635
4.08 4.32 0.172129 0.00445601 0.820163
4.08 4.44 0.17017 0.00356425 0.822449
4.08 4.56 0.168835 0.00322913 0.823505
4.08 4.68 0.168228 0.00332724 0.823343
4.08 4.8 0.168334 0.00378606 0.822071
4.08 4.92 0.169069 0.00456378 0.819787
4.08 5.04 0.170244 0.00563378 0.816832
4.08 5.16 0.171656 0.00696784 0.813411
4.08 5.28 0.173117 0.00851552 0.809799
4.08 5.4 0.174458 0.0101763 0.806244
4.08 5.52 0.175559 0.0118516 0.803074
4.08 5.64 0.176312 0.013346 0.800502
4.08 5.76 0.176788 0.0140764 0.799165
4.08 5.88 0.176661 0.0156259 0.797725
4.2 0 0.174677 0.00962177 0.809319
4.2 0.12 0.17478 0.00946693 0.809638
4.2 0.24 0.174462 0.00874627 0.810932
4.2 0.36 0.173814 0.00789328 0.812718
4.2 0.48 0.172905 0.00693643 0.814918
4.2 0.6 0.171799 0.00597286 0.817225
4.2 0.72 0.170635 0.00507105 0.819448
4.2 0.84 0.169571 0.00428771 0.821337
4.2 0.96 0.168796 0.00367124 0.822738
4.2 1.08 0.168472 0.00326756 0.823403
4.2 1.2 0.168724 0.00312959 0.823153
4.2 1.32 0.169602 0.0033278 0.821845
4.2 1.44 0.171079 0.00396472 0.819463
4.2 1.56 0.172992 0.00519576 0.815836
4.2 1.68 0.175096 0.00726282 0.812293
4.2 1.8 0.176972 0.0105512 0.807461
4.2 1.92 0.178645 0.0156926 0.801149
4.2 2.04 0.179303 0.0237427 0.792909
4.2 2.16 0.178538 0.0364423 0.781437
4.2 2.28 0.175828 0.0563955 0.764741
4.2 2.4 0.170708 0.086538 0.740526
4.2 2.52 0.163196 0.127645 0.708105
4.2 2.64 0.154505 0.173967 0.671671
4.2 2.76 0.147281 0.212049 0.641696
4.2 2.88 0.14432 0.227355 0.629712
4.2 3 0.146851 0.213571 0.640746
4.2 3.12 0.153786 0.176458 0.670281
4.2 3.24 0.162375 0.13029 0.706953
4.2 3.36 0.169929 0.088768 0.740002
4.2 3.48 0.175165 0.0580602 0.76488
4.2 3.6 0.178028 0.0376219 0.782136
4.2 3.72 0.178982 0.0245639 0.794149
4.2 3.84 0.178512 0.0162527 0.802863
4.2 3.96 0.177057 0.0109201 0.809495
4.2 4.08 0.175035 0.00748925 0.814724
4.2 4.2 0.172819 0.00531334 0.818775
4.2 4.32 0.170769 0.0039965 0.821673
4.2 4.44 0.169159 0.00329035 0.823434
4.2 4.56 0.168187 0.00303579 0.824071
4.2 4.68 0.167921 0.00312952 0.823612
4.2 4.8 0.168322 0.00350318 0.822181
4.2 4.92 0.169297 0.00410879 0.819892
4.2 5.04 0.170665 0.00490726 0.817079
4.2 5.16 0.172238 0.00585713 0.81394
4.2 5.28 0.173845 0.00690378 0.810737
4.2 5.4 0.175327 0.00796723 0.807682
4.2 5.52 0.176564 0.00899802 0.805048
4.2 5.64 0.177445 0.00989492 0.802976
4.2 5.76 0.177987 0.0102889 0.801911
4.2 5.88 0.177953 0.0113935 0.800858
4.32 0 0.176562 0.0102121 0.80719
4.32 0.12 0.176653 0.0100587 0.807494
4.32 0.24 0.176328 0.0093249 0.808781
4.32 0.36 0.175668 0.00845569 0.810581
4.32 0.48 0.174724 0.0074725 0.812825
4.32 0.6 0.173549 0.006469 0.815226
4.32 0.72 0.172261 0.00551319 0.817614
4.32 0.84 0.171 0.00466274 0.81975
4.32 0.96 0.169942 0.00396608 0.8215
4.32 1.08 0.169244 0.00346595 0.822625
4.32 1.2 0.169047 0.00320732 0.822941
4.32 1.32 0.169426 0.00324578 0.822291
4.32 1.44 0.170398 0.00365837 0.820638
4.32 1.56 0.171856 0.00455722 0.81784
4.32 1.68 0.173607 0.00610838 0.815062
4.32 1.8 0.175307 0.00855887 0.811201
4.32 1.92 0.176973 0.0122776 0.806243
4.32 2.04 0.177968 0.0178116 0.800101
4.32 2.16 0.17804 0.0259445 0.792253
4.32 2.28 0.176944 0.0376684 0.781993
4.32 2.4 0.174564 0.0538596 0.768693
4.32 2.52 0.171059 0.0743204 0.752502
4.32 2.64 0.167041 0.096305 0.735305
4.32 2.76 0.163704 0.11409 0.72152
4.32 2.88 0.162297 0.121292 0.716088
4.32 3 0.163384 0.114966 0.721111
4.32 3.12 0.166499 0.0977606 0.734764
4.32 3.24 0.170408 0.0759469 0.75218
4.32 3.36 0.173896 0.0553537 0.768765
4.32 3.48 0.17632 0.0389035 0.782488
4.32 3.6 0.177498 0.0269083 0.793133
4.32 3.72 0.177545 0.0185381 0.801404
4.32 3.84 0.176664 0.0128055 0.807946
4.32 3.96 0.175122 0.00892356 0.813191
4.32 4.08 0.173237 0.0063382 0.817411
4.32 4.2 0.171321 0.00467265 0.820637
4.32 4.32 0.169674 0.00367243 0.822814
4.32 4.44 0.16852 0.00316557 0.823937
4.32 4.56 0.168006 0.00303545 0.824027
4.32 4.68 0.168158 0.00320224 0.823127
4.32 4.8 0.168908 0.00360965 0.821372
4.32 4.92 0.170157 0.00421438 0.818883
4.32 5.04 0.171724 0.00497731 0.815978
4.32 5.16 0.173437 0.00585475 0.812839
4.32 5.28 0.175139 0.00679121 0.809706
4.32 5.4 0.176688 0.00771207 0.80677
4.32 5.52 0.177972 0.00858525 0.804276
4.32 5.64 0.178891 0.00933324 0.802337
4.32 5.76 0.179447 0.00964026 0.801344
4.32 5.88 0.179435 0.0106569 0.800388
4.44 0 0.178585 0.0134171 0.8023
4.44 0.12 0.178671 0.0131921 0.802638
4.44 0.24 0.17839 0.0121788 0.804116
4.44 0.36 0.177782 0.0109723 0.806172
4.44 0.48 0.176874 0.00961378 0.808728
4.44 0.6 0.175695 0.00823521 0.811488
4.44 0.72 0.174339 0.00692905 0.814279
4.44 0.84 0.172919 0.00576578 0.816872
4.44 0.96 0.171598 0.00479593 0.819152
4.44 1.08 0.170525 0.00405544 0.820894
4.44 1.2 0.169851 0.0035756 0.821915
4.44 1.32 0.169676 0.00339197 0.822049
4.44 1.44 0.170063 0.00355376 0.821238
4.44 1.56 0.17096 0.00413324 0.819354
4.44 1.68 0.172235 0.00523625 0.817424
4.44 1.8 0.173612 0.0070134 0.814528
4.44 1.92 0.175103 0.00967217 0.810747
4.44 2.04 0.176193 0.0134849 0.806167
4.44 2.16 0.176696 0.0187809 0.80065
4.44 2.28 0.17647 0.0258805 0.794038
4.44 2.4 0.175495 0.0349112 0.786287
4.44 2.52 0.173932 0.04544 0.777771
4.44 2.64 0.17213 0.0560332 0.769458
4.44 2.76 0.170633 0.0642504 0.763152
4.44 2.88 0.169972 0.0675502 0.760784
4.44 3 0.170381 0.0647733 0.763035
4.44 3.12 0.171693 0.0569363 0.769369
4.44 3.24 0.173384 0.0465165 0.777894
4.44 3.36 0.174895 0.0359829 0.786705
4.44 3.48 0.175865 0.0268421 0.79476
4.44 3.6 0.176114 0.019588 0.801659
4.44 3.72 0.175659 0.0141302 0.807522
4.44 3.84 0.174604 0.0101623 0.812453
4.44 3.96 0.173141 0.0073605 0.816507
4.44 4.08 0.171531 0.00545166 0.819746
4.44 4.2 0.170035 0.00422397 0.822099
4.44 4.32 0.168899 0.00352092 0.823472
4.44 4.44 0.168294 0.00323068 0.823858
4.44 4.56 0.16831 0.00327522 0.823289
4.44 4.68 0.168931 0.0036005 0.821822
4.44 4.8 0.170061 0.00416786 0.8196
4.44 4.92 0.17159 0.00494565 0.81674
4.44 5.04 0.173342 0.00590097 0.813538
4.44 5.16 0.175157 0.00699035 0.810154
4.44 5.28 0.176898 0.00815114 0.806813
4.44 5.4 0.178443 0.00929308 0.803697
4.44 5.52 0.1797 0.010376 0.801048
4.44 5.64 0.180581 0.0112985 0.798969
4.44 5.76 0.181111 0.0116849 0.797915
4.44 5.88 0.181058 0.0129093 0.796802
4.56 0 0.180216 0.0203419 0.794079
4.56 0.12 0.180318 0.0199227 0.794534
4.56 0.24 0.180167 0.0182184 0.796512
4.56 0.36 0.179722 0.016181 0.799193
4.56 0.48 0.178972 0.0139226 0.80246
4.56 0.6 0.177908 0.0116808 0.805942
4.56 0.72 0.17659 0.00960818 0.809444
4.56 0.84 0.175101 0.00779927 0.812735
4.56 0.96 0.173586 0.00630273 0.815726
4.56 1.08 0.172184 0.00513675 0.818224
4.56 1.2 0.171053 0.00430716 0.820062
4.56 1.32 0.170315 0.00381998 0.821072
4.56 1.44 0.170076 0.00369108 0.821183
4.56 1.56 0.170337 0.00395329 0.82027
4.56 1.68 0.171033 0.00466194 0.819267
4.56 1.8 0.171955 0.00589824 0.817353
4.56 1.92 0.173121 0.00776946 0.814648
4.56 2.04 0.174106 0.0104011 0.811308
4.56 2.16 0.174755 0.0139148 0.807372
4.56 2.28 0.174953 0.0183756 0.802918
4.56 2.4 0.174688 0.0236964 0.798094
4.56 2.52 0.174059 0.0294983 0.79321
4.56 2.64 0.173261 0.0349989 0.788778
4.56 2.76 0.172578 0.0390937 0.785638
4.56 2.88 0.172246 0.0407305 0.78457
4.56 3 0.172365 0.0394408 0.785672
4.56 3.12 0.172892 0.0356194 0.788933
4.56 3.24 0.173579 0.030277 0.793586
4.56 3.36 0.174135 0.0245195 0.798719
4.56 3.48 0.174356 0.0191595 0.803787
4.56 3.6 0.174127 0.0146085 0.808477
4.56 3.72 0.173456 0.0109797 0.812713
4.56 3.84 0.172422 0.00822117 0.816378
4.56 3.96 0.171186 0.00621805 0.819361
4.56 4.08 0.169975 0.00484601 0.821629
4.56 4.2 0.169006 0.00399451 0.823063
4.56 4.32 0.168468 0.00357645 0.823566
4.56 4.44 0.168473 0.00352922 0.823137
4.56 4.56 0.169056 0.00381176 0.821823
4.56 4.68 0.170155 0.00439965 0.819688
4.56 4.8 0.171652 0.00527932 0.816869
4.56 4.92 0.173424 0.00644052 0.813472
4.56 5.04 0.175302 0.00786656 0.809755
4.56 5.16 0.17714 0.00952016 0.805855
4.56 5.28 0.178822 0.0113266 0.801978
4.56 5.4 0.180255 0.0131547 0.798319
4.56 5.52 0.181378 0.0149212 0.795152
4.56 5.64 0.182138 0.0164349 0.792575
4.56 5.76 0.182589 0.0171209 0.791304
4.56 5.88 0.182435 0.018911 0.789712
4.68 0 0.180518 0.03404 0.78041
4.68 0.12 0.180696 0.0331374 0.781224
4.68 0.24 0.180861 0.0298662 0.784406
4.68 0.36 0.180807 0.0259565 0.788531
4.68 0.48 0.180458 0.0217366 0.793314
4.68 0.6 0.179734 0.0177001 0.798209
4.68 0.72 0.178646 0.0141216 0.802954
4.68 0.84 0.177246 0.0111193 0.80732
4.68 0.96 0.175663 0.0087079 0.811275
4.68 1.08 0.174032 0.00684943 0.81469
4.68 1.2 0.172516 0.00549183 0.817444
4.68 1.32 0.171257 0.00458864 0.819396
4.68 1.44 0.170397 0.00410857 0.820476
4.68 1.56 0.169993 0.00403939 0.820552
4.68 1.68 0.170041 0.00438914 0.820536
4.68 1.8 0.170405 0.00518471 0.819616
4.68 1.92 0.171119 0.00646703 0.817929
4.68 2.04 0.171837 0.00827975 0.815647
4.68 2.16 0.17242 0.0106492 0.812885
4.68 2.28 0.172755 0.0135491 0.809808
4.68 2.4 0.172811 0.0168542 0.806633
4.68 2.52 0.172632 0.0202883 0.80363
4.68 2.64 0.172316 0.0234048 0.801062
4.68 2.76 0.172008 0.0256562 0.79934
4.68 2.88 0.171829 0.0265621 0.798848
4.68 3 0.171823 0.0259126 0.799463
4.68 3.12 0.171994 0.0238744 0.801362
4.68 3.24 0.172197 0.0208993 0.804155
4.68 3.36 0.172281 0.0175281 0.807383
4.68 3.48 0.172146 0.0142192 0.810778
4.68 3.6 0.171726 0.0112655 0.814068
4.68 3.72 0.171048 0.00880851 0.81711
4.68 3.84 0.170197 0.00688389 0.819717
4.68 3.96 0.169323 0.0054705 0.821706
4.68 4.08 0.168619 0.00452518 0.82301
4.68 4.2 0.168257 0.00400302 0.823501
4.68 4.32 0.168368 0.00386956 0.823092
4.68 4.44 0.169002 0.00410611 0.821799
4.68 4.56 0.17014 0.00471097 0.819678
4.68 4.68 0.171678 0.00569817 0.816783
4.68 4.8 0.173475 0.00709481 0.813234
4.68 4.92 0.1754 0.00893482 0.809095
4.68 5.04 0.177284 0.0112468 0.804565
4.68 5.16 0.178997 0.014029 0.799736
4.68 5.28 0.18044 0.0172085 0.794784
4.68 5.4 0.181554 0.0205859 0.789938
4.68 5.52 0.182333 0.0239629 0.785578
4.68 5.64 0.18278 0.0269079 0.781969
4.68 5.76 0.183045 0.0283747 0.78011
4.68 5.88 0.182665 0.0313142 0.777654
4.8 0 0.177706 0.0620976 0.755443
4.8 0.12 0.178112 0.0599432 0.757231
4.8 0.24 0.17903 0.0529708 0.763323
4.8 0.36 0.179888 0.0446665 0.770902
4.8 0.48 0.180466 0.0360063 0.779171
4.8 0.6 0.180533 0.0281257 0.787086
4.8 0.72 0.180028 0.0215387 0.794223
4.8 0.84 0.178983 0.0163266 0.800408
4.8 0.96 0.177534 0.0123447 0.805767
4.8 1.08 0.17583 0.0093798 0.81034
4.8 1.2 0.174052 0.00723581 0.814129
4.8 1.32 0.172363 0.00575919 0.817073
4.8 1.44 0.170941 0.00484011 0.819136
4.8 1.56 0.169891 0.0044056 0.820184
4.8 1.68 0.16927 0.00441204 0.821184
4.8 1.8 0.16901 0.0048375 0.821261
4.8 1.92 0.169181 0.00567338 0.820557
4.8 2.04 0.169506 0.00691253 0.81923
4.8 2.16 0.169866 0.0085336 0.817431
4.8 2.28 0.170145 0.0104786 0.815356
4.8 2.4 0.170286 0.0126306 0.813215
4.8 2.52 0.170287 0.0147948 0.811247
4.8 2.64 0.170188 0.016703 0.809651
4.8 2.76 0.17006 0.0180581 0.80865
4.8 2.88 0.169956 0.0186148 0.808454
4.8 3 0.169893 0.0182669 0.808826
4.8 3.12 0.169897 0.0170921 0.810039
4.8 3.24 0.169875 0.0153142 0.811862
4.8 3.36 0.169757 0.0132215 0.814047
4.8 3.48 0.169497 0.0110848 0.8164
4.8 3.6 0.169075 0.00910597 0.818686
4.8 3.72 0.16855 0.00741088 0.820769
4.8 3.84 0.168016 0.00606246 0.82244
4.8 3.96 0.167607 0.00508446 0.823488
4.8 4.08 0.167486 0.00448262 0.823842
4.8 4.2 0.167773 0.00425925 0.823387
4.8 4.32 0.168538 0.00442464 0.822056
4.8 4.44 0.169771 0.00500449 0.819878
4.8 4.56 0.171401 0.00604517 0.816906
4.8 4.68 0.173287 0.0076184 0.813159
4.8 4.8 0.175265 0.00982644 0.808706
4.8 4.92 0.177189 0.0128037 0.803516
4.8 5.04 0.17888 0.0167075 0.797661
4.8 5.16 0.1802 0.021676 0.791104
4.8 5.28 0.181055 0.0277274 0.783916
4.8 5.4 0.181425 0.0345876 0.77636
4.8 5.52 0.18139 0.0417767 0.769076
4.8 5.64 0.181084 0.0482185 0.762776
4.8 5.76 0.180901 0.051729 0.759344
4.8 5.88 0.180069 0.0569017 0.755125
4.92 0 0.168097 0.122249 0.705101
4.92 0.12 0.169121 0.116864 0.709459
4.92 0.24 0.17181 0.101052 0.722582
4.92 0.36 0.174811 0.0821848 0.738561
4.92 0.48 0.177519 0.0631131 0.755102
4.92 0.6 0.179351 0.0466617 0.769811
4.92 0.72 0.180123 0.0338348 0.781894
4.92 0.84 0.179895 0.0244164 0.791437
4.92 0.96 0.178889 0.0177002 0.799051
4.92 1.08 0.177332 0.0129649 0.805216
4.92 1.2 0.17546 0.00965515 0.810235
4.92 1.32 0.173477 0.00738778 0.814237
4.92 1.44 0.171595 0.00590965 0.817281
4.92 1.56 0.169969 0.00505491 0.81925
4.92 1.68 0.168707 0.00471456 0.821257
4.92 1.8 0.167807 0.00481557 0.822308
4.92 1.92 0.167388 0.00530593 0.822549
4.92 2.04 0.167232 0.0061408 0.82211
4.92 2.16 0.16725 0.00726966 0.821146
4.92 2.28 0.167334 0.00862127 0.819871
4.92 2.4 0.167408 0.0100929 0.818492
4.92 2.52 0.16743 0.0115427 0.817201
4.92 2.64 0.167398 0.0127986 0.816168
4.92 2.76 0.167338 0.0136849 0.815562
4.92 2.88 0.167265 0.0140631 0.81553
4.92 3 0.167179 0.0138727 0.815771
4.92 3.12 0.167118 0.0131529 0.81661
4.92 3.24 0.167017 0.0120244 0.817872
4.92 3.36 0.166851 0.0106529 0.819378
4.92 3.48 0.166615 0.00920771 0.820974
4.92 3.6 0.166332 0.00783148 0.822475
4.92 3.72 0.166083 0.00663031 0.82375
4.92 3.84 0.165964 0.00567638 0.82457
4.92 3.96 0.166091 0.00501968 0.824726
4.92 4.08 0.166586 0.00470085 0.824165
4.92 4.2 0.167516 0.0047615 0.822795
4.92 4.32 0.168893 0.00525529 0.820564
4.92 4.44 0.170648 0.0062589 0.817503
4.92 4.56 0.172662 0.00788514 0.813635
4.92 4.68 0.17476 0.0103014 0.808908
4.92 4.8 0.176749 0.0137578 0.803276
4.92 4.92 0.178441 0.0186214 0.796504
4.92 5.04 0.17961 0.0253995 0.788355
4.92 5.16 0.180052 0.0346873 0.778407
4.92 5.28 0.179612 0.0469252 0.766356
4.92 5.4 0.178283 0.0618706 0.75241
4.92 5.52 0.176324 0.0783561 0.73783
4.92 5.64 0.17421 0.0935461 0.724652
4.92 5.76 0.172916 0.102436 0.716992
4.92 5.88 0.171263 0.111669 0.709547
5.04 0 0.145209 0.24734 0.603301
5.04 0.12 0.147609 0.234843 0.613331
5.04 0.24 0.153963 0.200478 0.641189
5.04 0.36 0.161603 0.158272 0.675736
5.04 0.48 0.168998 0.115777 0.710951
5.04 0.6 0.17465 0.0803909 0.740765
5.04 0.72 0.178078 0.0545062 0.763257
5.04 0.84 0.179496 0.0369697 0.779267
5.04 0.96 0.179416 0.0254492 0.790736
5.04 1.08 0.178306 0.0178816 0.799257
5.04 1.2 0.17655 0.0128581 0.805839
5.04 1.32 0.174438 0.00951128 0.811011
5.04 1.44 0.172233 0.00732179 0.815037
5.04 1.56 0.170135 0.00597382 0.817859
5.04 1.68 0.168305 0.00526785 0.820834
5.04 1.8 0.166796 0.00507061 0.822804
5.04 1.92 0.165785 0.00528611 0.823932
5.04 2.04 0.165106 0.00583606 0.824322
5.04 2.16 0.164705 0.00664643 0.824108
5.04 2.28 0.164492 0.00763555 0.823499
5.04 2.4 0.164386 0.00870908 0.822711
5.04 2.52 0.164322 0.00975554 0.821921
5.04 2.64 0.164266 0.0106542 0.82128
5.04 2.76 0.164209 0.0112907 0.820927
5.04 2.88 0.164143 0.011578 0.820998
5.04 3 0.164049 0.0114774 0.821153
5.04 3.12 0.16398 0.0110093 0.821748
5.04 3.24 0.163884 0.0102438 0.822618
5.04 3.36 0.163769 0.00928381 0.823628
5.04 3.48 0.16367 0.00824357 0.824653
5.04 3.6 0.163631 0.00723067 0.82552
5.04 3.72 0.163744 0.00633891 0.826085
5.04 3.84 0.164101 0.00564769 0.826127
5.04 3.96 0.16479 0.00522782 0.825455
5.04 4.08 0.165892 0.00514988 0.824044
5.04 4.2 0.167417 0.00549284 0.82182
5.04 4.32 0.169321 0.0063573 0.818738
5.04 4.44 0.171485 0.00788425 0.814805
5.04 4.56 0.173745 0.0102846 0.809981
5.04 4.68 0.175885 0.0138894 0.804082
5.04 4.8 0.177661 0.0192399 0.796823
5.04 4.92 0.178795 0.0272226 0.787544
5.04 5.04 0.178907 0.0392273 0.775259
5.04 5.16 0.177565 0.0571461 0.758488
5.04 5.28 0.174368 0.0827854 0.735799
5.04 5.4 0.169258 0.11625 0.707098
5.04 5.52 0.162919 0.154475 0.675301
5.04 5.64 0.156745 0.189959 0.64608
5.04 5.76 0.152912 0.211508 0.628426
5.04 5.88 0.150187 0.226178 0.616699
5.16 0 0.104937 0.458977 0.433334
5.16 0.12 0.109115 0.437301 0.450663
5.16 0.24 0.120305 0.378308 0.497954
5.16 0.36 0.135272 0.29882 0.561982
5.16 0.48 0.151132 0.213371 0.631299
5.16 0.6 0.164185 0.140668 0.690862
5.16 0.72 0.172779 0.0889912 0.733971
5.16 0.84 0.177277 0.0562299 0.762151
5.16 0.96 0.17887 0.036417 0.780245
5.16 1.08 0.178599 0.0243976 0.792359
5.16 1.2 0.177205 0.0169098 0.801015
5.16 1.32 0.17514 0.0121255 0.807533
5.16 1.44 0.17276 0.00904929 0.812552
5.16 1.56 0.170318 0.00712575 0.81616
5.16 1.68 0.168021 0.0060271 0.820038
5.16 1.8 0.165976 0.00554499 0.822842
5.16 1.92 0.164412 0.0055351 0.82477
5.16 2.04 0.163209 0.00588563 0.825911
5.16 2.16 0.162357 0.00649975 0.826374
5.16 2.28 0.161785 0.00728316 0.82635
5.16 2.4 0.161421 0.00814167 0.826041
5.16 2.52 0.161188 0.0089772 0.825623
5.16 2.64 0.161035 0.00969417 0.825259
5.16 2.76 0.16093 0.0102078 0.825074
5.16 2.88 0.16085 0.0104562 0.825194
5.16 3 0.160761 0.0104102 0.825299
5.16 3.12 0.160723 0.0100803 0.825726
5.16 3.24 0.160695 0.00951079 0.826319
5.16 3.36 0.160713 0.00877236 0.826968
5.16 3.48 0.160831 0.00795089 0.827545
5.16 3.6 0.161104 0.00713723 0.827869
5.16 3.72 0.161627 0.00642261 0.827807
5.16 3.84 0.162479 0.00589681 0.82716
5.16 3.96 0.163717 0.00565121 0.825752
5.16 4.08 0.165375 0.00578543 0.823581
5.16 4.2 0.16741 0.00641699 0.820589
5.16 4.32 0.169733 0.00770045 0.816719
5.16 4.44 0.172175 0.00986086 0.81193
5.16 4.56 0.174531 0.0132547 0.80607
5.16 4.68 0.176526 0.0184875 0.798726
5.16 4.8 0.177822 0.0266439 0.789166
5.16 4.92 0.177941 0.0396884 0.775872
5.16 5.04 0.176135 0.0610137 0.756189
5.16 5.16 0.171389 0.0956278 0.726133
5.16 5.28 0.16271 0.148478 0.681757
5.16 5.4 0.150103 0.219408 0.623206
5.16 5.52 0.135587 0.298802 0.558845
5.16 5.64 0.122589 0.368623 0.50256
5.16 5.76 0.114815 0.409988 0.469313
5.16 5.88 0.111816 0.425926 0.45666
5.28 0 0.0602921 0.690459 0.24815
5.28 0.12 0.0647025 0.667696 0.266397
5.28 0.24 0.0771898 0.602574 0.318538
5.28 0.36 0.0970228 0.498632 0.401841
5.28 0.48 0.122108 0.366122 0.508293
5.28 0.6 0.145933 0.238405 0.611465
5.28 0.72 0.163084 0.143354 0.689165
5.28 0.84 0.172776 0.0845988 0.738153
5.28 0.96 0.177086 0.0513341 0.76701
5.28 1.08 0.178144 0.0326491 0.784457
5.28 1.2 0.177373 0.0217727 0.795862
5.28 1.32 0.175525 0.0151567 0.803947
5.28 1.44 0.173113 0.0110198 0.809978
5.28 1.56 0.170457 0.00844502 0.814309
5.28 1.68 0.167808 0.00692909 0.819001
5.28 1.8 0.165325 0.00617067 0.822532
5.28 1.92 0.163282 0.00597121 0.825146
5.28 2.04 0.161595 0.00618413 0.826931
5.28 2.16 0.160298 0.00668908 0.827974
5.28 2.28 0.159352 0.00737635 0.828454
5.28 2.4 0.158695 0.00814483 0.828552
5.28 2.52 0.158249 0.0088974 0.828432
5.28 2.64 0.157956 0.0095466 0.828267
5.28 2.76 0.157766 0.0100189 0.828188
5.28 2.88 0.157661 0.0102624 0.828306
5.28 3 0.157583 0.010251 0.828399
5.28 3.12 0.157601 0.00998932 0.82871
5.28 3.24 0.15768 0.00950902 0.829102
5.28 3.36 0.157876 0.00886628 0.829471
5.28 3.48 0.15825 0.00813585 0.829674
5.28 3.6 0.158864 0.00740541 0.829541
5.28 3.72 0.159806 0.00677217 0.828958
5.28 3.84 0.161135 0.00634023 0.827734
5.28 3.96 0.162867 0.00622259 0.825704
5.28 4.08 0.164997 0.00654818 0.822886
5.28 4.2 0.167435 0.00747521 0.819229
5.28 4.32 0.170057 0.00922063 0.814647
5.28 4.44 0.172649 0.0121174 0.809023
5.28 4.56 0.174956 0.0167292 0.802036
5.28 4.68 0.176623 0.0240905 0.792917
5.28 4.8 0.177138 0.0362166 0.780172
5.28 4.92 0.175656 0.0570688 0.760682
5.28 5.04 0.170685 0.0939378 0.728613
5.28 5.16 0.160112 0.157653 0.675349
5.28 5.28 0.142291 0.256656 0.594252
5.28 5.4 0.118816 0.382587 0.492091
5.28 5.52 0.0953863 0.506941 0.392301
5.28 5.64 0.077588 0.600441 0.317347
5.28 5.76 0.0680463 0.650279 0.277431
5.28 5.88 0.0664103 0.658973 0.270504
5.4 0 0.0303366 0.84437 0.124716
5.4 0.12 0.0334446 0.828398 0.137584
5.4 0.24 0.0427978 0.77993 0.176535
5.4 0.36 0.0603989 0.688405 0.250089
5.4 0.48 0.0881429 0.543071 0.366726
5.4 0.6 0.121091 0.368609 0.506781
5.4 0.72 0.148874 0.219014 0.627751
5.4 0.84 0.165929 0.122906 0.70659
5.4 0.96 0.174127 0.0702274 0.751003
5.4 1.08 0.177027 0.0424186 0.77575
5.4 1.2 0.177112 0.0272244 0.790611
5.4 1.32 0.17562 0.0184312 0.800476
5.4 1.44 0.17329 0.0131045 0.80753
5.4 1.56 0.170531 0.00983347 0.812515
5.4 1.68 0.16764 0.007892 0.817915
5.4 1.8 0.164823 0.00686984 0.822051
5.4 1.92 0.162392 0.00650979 0.825221
5.4 2.04 0.16029 0.00662993 0.827528
5.4 2.16 0.158589 0.00708631 0.829035
5.4 2.28 0.157281 0.0077522 0.829914
5.4 2.4 0.156325 0.00851473 0.830337
5.4 2.52 0.155646 0.0092695 0.830454
5.4 2.64 0.155192 0.00992615 0.830437
5.4 2.76 0.154896 0.0104106 0.830427
5.4 2.88 0.15476 0.0106718 0.830513
5.4 3 0.154698 0.0106825 0.830614
5.4 3.12 0.154784 0.0104437 0.83084
5.4 3.24 0.154988 0.00998227 0.83108
5.4 3.36 0.155384 0.00935094 0.831229
5.4 3.48 0.156027 0.00862489 0.831141
5.4 3.6 0.15698 0.00789806 0.830657
5.4 3.72 0.158317 0.00727962 0.82967
5.4 3.84 0.160069 0.0068908 0.827988
5.4 3.96 0.162218 0.0068666 0.825461
5.4 4.08 0.164723 0.00736483 0.822123
5.4 4.2 0.167456 0.0085854 0.817915
5.4 4.32 0.170269 0.0108146 0.812709
5.4 4.44 0.172901 0.0145157 0.806286
5.4 4.56 0.175045 0.0205228 0.798101
5.4 4.68 0.176231 0.0304748 0.786891
5.4 4.8 0.175686 0.0477911 0.770015
5.4 4.92 0.171966 0.0795969 0.741802
5.4 5.04 0.162419 0.139294 0.691502
5.4 5.16 0.143599 0.24484 0.604925
5.4 5.28 0.114782 0.400022 0.479321
5.4 5.4 0.0828471 0.568692 0.343347
5.4 5.52 0.057407 0.702115 0.236291
5.4 5.64 0.0417226 0.78362 0.170724
5.4 5.76 0.0343132 0.821995 0.13988
5.4 5.88 0.0338671 0.824429 0.137912
5.52 0 0.0155549 0.919961 0.0639852
5.52 0.12 0.0174882 0.909994 0.0720167
5.52 0.24 0.0235473 0.878566 0.0972908
5.52 0.36 0.0362944 0.812484 0.150576
5.52 0.48 0.0601902 0.687958 0.250857
5.52 0.6 0.0956743 0.501075 0.400819
5.52 0.72 0.132258 0.306017 0.557709
5.52 0.84 0.157503 0.167872 0.670011
5.52 0.96 0.170369 0.0916218 0.733302
5.52 1.08 0.175466 0.0529115 0.766782
5.52 1.2 0.176547 0.0328081 0.785563
5.52 1.32 0.175491 0.0216732 0.797308
5.52 1.44 0.173317 0.0151277 0.805358
5.52 1.56 0.170535 0.0111704 0.810909
5.52 1.68 0.167499 0.00882407 0.816901
5.52 1.8 0.164445 0.00756233 0.821515
5.52 1.92 0.161727 0.00706908 0.825105
5.52 2.04 0.1593 0.00712889 0.827809
5.52 2.16 0.157266 0.0075757 0.829669
5.52 2.28 0.155645 0.00826593 0.83084
5.52 2.4 0.154416 0.00907284 0.831492
5.52 2.52 0.153515 0.00988036 0.831769
5.52 2.64 0.152901 0.0105887 0.831845
5.52 2.76 0.152497 0.0111167 0.831874
5.52 2.88 0.152329 0.0114084 0.831927
5.52 3 0.152282 0.0114328 0.832036
5.52 3.12 0.152437 0.011189 0.832204
5.52 3.24 0.152764 0.0107036 0.832342
5.52 3.36 0.153357 0.0100327 0.832344
5.52 3.48 0.15425 0.00925872 0.832055
5.52 3.6 0.155504 0.00848739 0.83132
5.52 3.72 0.157175 0.00784291 0.830031
5.52 3.84 0.159269 0.00746431 0.82801
5.52 3.96 0.161742 0.00750728 0.825118
5.52 4.08 0.164522 0.00815626 0.821392
5.52 4.2 0.167453 0.00965132 0.816751
5.52 4.32 0.170366 0.0123498 0.811016
5.52 4.44 0.172962 0.0168572 0.803857
5.52 4.56 0.174874 0.0243203 0.794474
5.52 4.68 0.175494 0.037117 0.780997
5.52 4.8 0.173708 0.0604604 0.75933
5.52 4.92 0.167301 0.105573 0.720496
5.52 5.04 0.152261 0.193066 0.648009
5.52 5.16 0.124539 0.344329 0.525141
5.52 5.28 0.0875063 0.54163 0.366217
5.52 5.4 0.0543973 0.715252 0.226122
5.52 5.52 0.0332385 0.825471 0.137254
5.52 5.64 0.0221512 0.882767 0.090891
5.52 5.76 0.017341 0.90764 0.0708334
5.52 5.88 0.0172622 0.908106 0.0704209
5.64 0 0.00910232 0.953042 0.0375076
5.64 0.12 0.010393 0.946325 0.0428943
5.64 0.24 0.0145306 0.924691 0.0602135
5.64 0.36 0.0237534 0.876777 0.0988625
5.64 0.48 0.0429052 0.777147 0.179327
5.64 0.6 0.0762117 0.602247 0.319955
5.64 0.72 0.117199 0.384499 0.494801
5.64 0.84 0.149238 0.211171 0.635015
5.64 0.96 0.166569 0.112159 0.716511
5.64 1.08 0.173826 0.0626868 0.758624
5.64 1.2 0.175874 0.037845 0.7812
5.64 1.32 0.17525 0.024528 0.794694
5.64 1.44 0.173255 0.0168839 0.803631
5.64 1.56 0.170495 0.0123248 0.809598
5.64 1.68 0.167382 0.00963184 0.81609
5.64 1.8 0.164175 0.00817129 0.821036
5.64 1.92 0.16127 0.00757463 0.824902
5.64 2.04 0.158616 0.00759752 0.827869
5.64 2.16 0.15634 0.00805543 0.829968
5.64 2.28 0.154483 0.00878997 0.831327
5.64 2.4 0.153043 0.00966108 0.832118
5.64 2.52 0.151963 0.0105404 0.832479
5.64 2.64 0.151218 0.0113167 0.832596
5.64 2.76 0.150719 0.0118988 0.83264
5.64 2.88 0.150521 0.0122238 0.832677
5.64 3 0.150488 0.0122564 0.832782
5.64 3.12 0.150702 0.0119942 0.832915
5.64 3.24 0.151129 0.0114661 0.832998
5.64 3.36 0.151886 0.0107346 0.832923
5.64 3.48 0.152978 0.00989224 0.832518
5.64 3.6 0.154463 0.00905761 0.831619
5.64 3.72 0.15638 0.00836986 0.83013
5.64 3.84 0.158721 0.00798398 0.827889
5.64 3.96 0.161418 0.00807307 0.824759
5.64 4.08 0.164381 0.00884396 0.820775
5.64 4.2 0.167429 0.0105716 0.815825
5.64 4.32 0.170379 0.0136776 0.809677
5.64 4.44 0.1729 0.0189018 0.801895
5.64 4.56 0.174568 0.0276972 0.791437
5.64 4.68 0.174635 0.0431895 0.775818
5.64 4.8 0.17164 0.0724413 0.749449
5.64 4.92 0.162587 0.130795 0.700029
5.64 5.04 0.142365 0.244807 0.606406
5.64 5.16 0.107688 0.432089 0.455008
5.64 5.28 0.0674953 0.64531 0.283372
5.64 5.4 0.0375525 0.801651 0.156749
5.64 5.52 0.0210983 0.887101 0.0875231
5.64 5.64 0.0132529 0.927573 0.0546114
5.64 5.76 0.00999595 0.944438 0.0409728
5.64 5.88 0.00997053 0.944578 0.0408054
5.76 0 0.00665821 0.965628 0.0274884
5.76 0.12 0.00768441 0.960438 0.0317835
5.76 0.24 0.0109858 0.942869 0.0456453
5.76 0.36 0.0184974 0.903802 0.0771951
5.76 0.48 0.034784 0.818929 0.145728
5.76 0.6 0.0654079 0.658278 0.275112
5.76 0.72 0.107315 0.435899 0.453643
5.76 0.84 0.143224 0.242404 0.609824
5.76 0.96 0.163659 0.127476 0.704044
5.76 1.08 0.17253 0.0700045 0.752583
5.76 1.2 0.175307 0.0415969 0.778032
5.76 1.32 0.174991 0.0266442 0.792843
5.76 1.44 0.173206 0.018184 0.802558
5.76 1.56 0.170436 0.0131821 0.808559
5.76 1.68 0.167295 0.0102372 0.815723
5.76 1.8 0.163991 0.00863498 0.820676
5.76 1.92 0.16101 0.00796836 0.824695
5.76 2.04 0.158227 0.00797146 0.82778
5.76 2.16 0.155811 0.00844653 0.830043
5.76 2.28 0.153813 0.00922487 0.831459
5.76 2.4 0.152244 0.0101532 0.832323
5.76 2.52 0.151078 0.0110962 0.832733
5.76 2.64 0.150258 0.0119341 0.83288
5.76 2.76 0.149656 0.0125609 0.832918
5.76 2.88 0.149444 0.0129131 0.833135
5.76 3 0.149445 0.0129499 0.833056
5.76 3.12 0.149675 0.0126681 0.833158
5.76 3.24 0.15016 0.0120994 0.833209
5.76 3.36 0.151041 0.0113124 0.833095
5.76 3.48 0.152243 0.0104084 0.832637
5.76 3.6 0.153865 0.00951684 0.831654
5.76 3.72 0.155928 0.00878837 0.830065
5.76 3.84 0.15841 0.00838982 0.827705
5.76 3.96 0.161231 0.00850703 0.824447
5.76 4.08 0.164288 0.00936314 0.82031
5.76 4.2 0.167396 0.0112589 0.815169
5.76 4.32 0.170339 0.0146643 0.808745
5.76 4.44 0.172779 0.0204205 0.800502
5.76 4.56 0.174251 0.0302169 0.789245
5.76 4.68 0.173892 0.0477548 0.771982
5.76 4.8 0.169995 0.0815033 0.742068
5.76 4.92 0.158979 0.149709 0.684726
5.76 5.04 0.135253 0.281807 0.576714
5.76 5.16 0.0969704 0.487883 0.410463
5.76 5.28 0.0568347 0.700483 0.239234
5.76 5.4 0.0299057 0.840696 0.125249
5.76 5.52 0.0161444 0.912194 0.0672244
5.76 5.64 0.00983141 0.944822 0.0406612
5.76 5.76 0.00725738 0.958058 0.0298414
5.76 5.88 0.00722545 0.958202 0.0296593
5.88 0 0.00531716 0.972433 0.0219936
5.88 0.12 0.00620039 0.967727 0.0257119
5.88 0.24 0.0090431 0.952759 0.0376903
5.88 0.36 0.0154876 0.91907 0.0648436
5.88 0.48 0.0295158 0.845908 0.124005
5.88 0.6 0.0567647 0.703018 0.239258
5.88 0.72 0.0971329 0.489088 0.411174
5.88 0.84 0.135501 0.282931 0.577364
5.88 0.96 0.159218 0.151082 0.68506
5.88 1.08 0.170203 0.0828871 0.742207
5.88 1.2 0.174061 0.0489426 0.772106
5.88 1.32 0.174341 0.0311565 0.789213
5.88 1.44 0.172762 0.0211579 0.80017
5.88 1.56 0.170183 0.0152718 0.8081
5.88 1.68 0.167092 0.01181 0.814442
5.88 1.8 0.163844 0.00992172 0.819743
5.88 1.92 0.160682 0.00912615 0.823918
5.88 2.04 0.157776 0.00911365 0.827091
5.88 2.16 0.155219 0.00965375 0.829349
5.88 2.28 0.153078 0.010552 0.830817
5.88 2.4 0.151372 0.011632 0.831644
5.88 2.52 0.15008 0.0127323 0.832014
5.88 2.64 0.149154 0.01371 0.832115
5.88 2.76 0.148561 0.0144477 0.832126
5.88 2.88 0.148273 0.0148613 0.832134
5.88 3 0.14827 0.0149054 0.832184
5.88 3.12 0.148547 0.0145751 0.832275
5.88 3.24 0.149136 0.0139091 0.832354
5.88 3.36 0.15008 0.0129883 0.832268
5.88 3.48 0.151422 0.0119333 0.831848
5.88 3.6 0.153195 0.0108968 0.830922
5.88 3.72 0.155407 0.010055 0.829325
5.88 3.84 0.158023 0.00960261 0.826904
5.88 3.96 0.160958 0.0097559 0.82356
5.88 4.08 0.164079 0.0107739 0.819213
5.88 4.2 0.167201 0.0130097 0.813731
5.88 4.32 0.17007 0.017022 0.806801
5.88 4.44 0.172334 0.0238227 0.797727
5.88 4.56 0.173443 0.0354649 0.784951
5.88 4.68 0.172393 0.0564826 0.764909
5.88 4.8 0.167115 0.0971494 0.729386
5.88 4.92 0.153507 0.178646 0.661451
5.88 5.04 0.126048 0.330117 0.538079
5.88 5.16 0.085814 0.546106 0.363957
5.88 5.28 0.0482593 0.744703 0.203723
5.88 5.4 0.0249313 0.866404 0.104804
5.88 5.52 0.0132954 0.926526 0.055603
5.88 5.64 0.00798434 0.953888 0.0331662
5.88 5.76 0.0058063 0.965108 0.0239737
5.88 5.88 0.00567026 0.965725 0.0233559
