0 0 20.937 -8.0239 20.937
0 0.12 26.1591 -2.66623 26.1591
0 0.24 25.3894 -3.02003 25.3894
0 0.36 29.2882 1.78889 29.2882
0 0.48 26.9277 1.38035 26.9277
0 0.6 21.6007 0.204109 21.6007
0 0.72 11.813 -1.33548 11.813
0 0.84 1.13763 0.8464 1.13763
0 0.96 -3.58915 8.98289 -3.58915
0 1.08 -3.66755 17.187 -3.66755
0 1.2 -3.23098 21.8409 -3.23098
0 1.32 -3.30387 23.8246 -3.30387
0 1.44 -3.7247 24.464 -3.7247
0 1.56 -4.30053 24.4785 -4.30053
0 1.68 -4.93724 24.1877 -4.93724
0 1.8 -5.59453 23.7326 -5.59453
0 1.92 -6.24966 23.1854 -6.24966
0 2.04 -6.88602 22.5897 -6.88602
0 2.16 -7.48716 21.9793 -7.48716
0 2.28 -8.03644 21.3845 -8.03644
0 2.4 -8.51557 20.8368 -8.51557
0 2.52 -8.90899 20.3654 -8.90899
0 2.64 -9.20531 19.9961 -9.20531
0 2.76 -9.39828 19.7485 -9.39828
0 2.88 -9.48405 19.6365 -9.48405
0 3 -9.46135 19.667 -9.46135
0 3.12 -9.32889 19.8398 -9.32889
0 3.24 -9.08839 20.1457 -9.08839
0 3.36 -8.74424 20.5683 -8.74424
0 3.48 -8.30444 21.0851 -8.30444
0 3.6 -7.78381 21.6671 -7.78381
0 3.72 -7.19877 22.2847 -7.19877
0 3.84 -6.56809 22.9058 -6.56809
0 3.96 -5.91008 23.4975 -5.91008
0 4.08 -5.24216 24.0214 -5.24216
0 4.2 -4.58128 24.4265 -4.58128
0 4.32 -3.9545 24.62 -3.9545
0 4.44 -3.41835 24.4057 -3.41835
0 4.56 -3.10448 23.3302 -3.10448
0 4.68 -3.24664 20.4129 -3.24664
0 4.8 -3.77532 14.2003 -3.77532
0 4.92 -2.42897 5.15433 -2.42897
0 5.04 5.15296 -0.920009 5.15296
0 5.16 16.2785 -0.946719 16.2785
0 5.28 24.1792 0.651262 24.1792
0 5.4 27.9736 1.39277 27.9736
0 5.52 29.4454 1.41614 29.4454
0 5.64 42.018 13.3024 42.018
0 5.76 13.5928 -15.4264 13.5928
0 5.88 29.3259 0.319199 29.3259
0.12 0 6.53012 -22.2769 6.53012
0.12 0.12 11.6902 -16.969 11.6902
0.12 0.24 11.2074 -17.0004 11.2074
0.12 0.36 15.3439 -11.8768 15.3439
0.12 0.48 12.7 -12.4115 12.7
0.12 0.6 7.0138 -13.6674 7.0138
0.12 0.72 -3.01229 -15.1087 -3.01229
0.12 0.84 -13.3227 -12.5336 -13.3227
0.12 0.96 -17.5699 -4.31706 -17.5699
0.12 1.08 -17.5623 3.6075 -17.5623
0.12 1.2 -17.1912 8.01586 -17.1912
0.12 1.32 -17.3345 9.85551 -17.3345
0.12 1.44 -17.8118 10.4079 -17.8118
0.12 1.56 -18.435 10.3616 -18.435
0.12 1.68 -19.114 10.0216 -19.114
0.12 1.8 -19.8097 9.5244 -19.8097
0.12 1.92 -20.4984 8.94166 -20.4984
0.12 2.04 -21.1645 8.31545 -21.1645
0.12 2.16 -21.7907 7.68013 -21.7907
0.12 2.28 -22.3598 7.0665 -22.3598
0.12 2.4 -22.853 6.50595 -22.853
0.12 2.52 -23.2563 6.02655 -23.2563
0.12 2.64 -23.5587 5.65294 -23.5587
0.12 2.76 -23.7553 5.40312 -23.7553
0.12 2.88 -23.842 5.29078 -23.842
0.12 3 -23.8197 5.32061 -23.8197
0.12 3.12 -23.6858 5.49381 -23.6858
0.12 3.24 -23.4412 5.8021 -23.4412
0.12 3.36 -23.0904 6.2295 -23.0904
0.12 3.48 -22.6384 6.75684 -22.6384
0.12 3.6 -22.1 7.35533 -22.1
0.12 3.72 -21.4925 7.99475 -21.4925
0.12 3.84 -20.8339 8.64404 -20.8339
0.12 3.96 -20.1433 9.26968 -20.1433
0.12 4.08 -19.4382 9.83322 -19.4382
0.12 4.2 -18.7364 10.2839 -18.7364
0.12 4.32 -18.0638 10.5318 -18.0638
0.12 4.44 -17.4759 10.3877 -17.4759
0.12 4.56 -17.0968 9.42043 -17.0968
0.12 4.68 -17.1597 6.68887 -17.1597
0.12 4.8 -17.651 0.762345 -17.651
0.12 4.92 -16.5492 -8.1078 -16.5492
0.12 5.04 -9.51438 -14.4751 -9.51438
0.12 5.16 1.52179 -14.8094 1.52179
0.12 5.28 9.77977 -13.1905 9.77977
0.12 5.4 13.8916 -12.3532 13.8916
0.12 5.52 15.3988 -12.4116 15.3988
0.12 5.64 29.6138 1.05783 29.6138
0.12 5.76 0.170776 -28.7126 0.170776
0.12 5.88 13.293 -15.5748 13.293
0.24 0 21.7783 -6.53153 21.7783
0.24 0.12 25.8703 -2.25283 25.8703
0.24 0.24 24.8846 -2.67701 24.8846
0.24 0.36 28.4091 2.07174 28.4091
0.24 0.48 24.8804 1.1292 24.8804
0.24 0.6 18.1453 -0.344612 18.1453
0.24 0.72 7.77093 -1.16316 7.77093
0.24 0.84 -1.03137 3.02045 -1.03137
0.24 0.96 -3.67275 11.7701 -3.67275
0.24 1.08 -3.29165 19.0096 -3.29165
0.24 1.2 -2.97208 22.7881 -2.97208
0.24 1.32 -3.1517 24.3263 -3.1517
0.24 1.44 -3.61369 24.7713 -3.61369
0.24 1.56 -4.19522 24.7051 -4.19522
0.24 1.68 -4.82085 24.3847 -4.82085
0.24 1.8 -5.4593 23.9251 -5.4593
0.24 1.92 -6.08575 23.3948 -6.08575
0.24 2.04 -6.68908 22.8275 -6.68908
0.24 2.16 -7.24902 22.2591 -7.24902
0.24 2.28 -7.75665 21.7115 -7.75665
0.24 2.4 -8.18661 21.2211 -8.18661
0.24 2.52 -8.53654 20.8035 -8.53654
0.24 2.64 -8.79552 20.4815 -8.79552
0.24 2.76 -8.96455 20.2655 -8.96455
0.24 2.88 -9.0351 20.1722 -9.0351
0.24 3 -9.01806 20.1958 -9.01806
0.24 3.12 -8.90252 20.3458 -8.90252
0.24 3.24 -8.69237 20.6123 -8.69237
0.24 3.36 -8.39125 20.9813 -8.39125
0.24 3.48 -7.99224 21.4475 -7.99224
0.24 3.6 -7.51398 21.9796 -7.51398
0.24 3.72 -6.96993 22.5526 -6.96993
0.24 3.84 -6.37443 23.1396 -6.37443
0.24 3.96 -5.7457 23.7102 -5.7457
0.24 4.08 -5.0979 24.2299 -5.0979
0.24 4.2 -4.45118 24.6493 -4.45118
0.24 4.32 -3.82753 24.8908 -3.82753
0.24 4.44 -3.2768 24.7902 -3.2768
0.24 4.56 -2.90524 23.9828 -2.90524
0.24 4.68 -2.92634 21.6627 -2.92634
0.24 4.8 -3.46003 16.4693 -3.46003
0.24 4.92 -3.17478 7.97522 -3.17478
0.24 5.04 2.04525 0.459481 2.04525
0.24 5.16 12.4309 -1.17943 12.4309
0.24 5.28 21.551 0.296071 21.551
0.24 5.4 26.6301 1.42942 26.6301
0.24 5.52 28.7722 1.64979 28.7722
0.24 5.64 42.9864 14.9438 42.9864
0.24 5.76 13.2767 -15.1731 13.2767
0.24 5.88 31.786 3.36849 31.786
0.36 0 20.3487 -6.82486 20.3487
0.36 0.12 24.4477 -2.45343 24.4477
0.36 0.24 22.9291 -3.1566 22.9291
0.36 0.36 25.5482 1.21162 25.5482
0.36 0.48 20.6351 -0.139175 20.6351
0.36 0.6 12.5506 -1.50586 12.5506
0.36 0.72 2.77806 -0.574428 2.77806
0.36 0.84 -3.17717 5.75784 -3.17717
0.36 0.96 -4.07833 14.2742 -4.07833
0.36 1.08 -3.54745 20.1725 -3.54745
0.36 1.2 -3.38993 23.0481 -3.38993
0.36 1.32 -3.66519 24.1619 -3.66519
0.36 1.44 -4.15797 24.4257 -4.15797
0.36 1.56 -4.73844 24.2852 -4.73844
0.36 1.68 -5.34821 23.9395 -5.34821
0.36 1.8 -5.96159 23.4815 -5.96159
0.36 1.92 -6.55391 22.9727 -6.55391
0.36 2.04 -7.11572 22.4419 -7.11572
0.36 2.16 -7.62744 21.9224 -7.62744
0.36 2.28 -8.08253 21.4325 -8.08253
0.36 2.4 -8.45891 21.0039 -8.45891
0.36 2.52 -8.75935 20.6458 -8.75935
0.36 2.64 -8.97768 20.3742 -8.97768
0.36 2.76 -9.11938 20.193 -9.11938
0.36 2.88 -9.17781 20.1153 -9.17781
0.36 3 -9.16691 20.1315 -9.16691
0.36 3.12 -9.07395 20.2532 -9.07395
0.36 3.24 -8.90062 20.474 -8.90062
0.36 3.36 -8.64747 20.7847 -8.64747
0.36 3.48 -8.30087 21.1888 -8.30087
0.36 3.6 -7.87534 21.6609 -7.87534
0.36 3.72 -7.38113 22.1806 -7.38113
0.36 3.84 -6.82887 22.7259 -6.82887
0.36 3.96 -6.23541 23.2694 -6.23541
0.36 4.08 -5.61482 23.7782 -5.61482
0.36 4.2 -4.98713 24.2077 -4.98713
0.36 4.32 -4.37168 24.4927 -4.37168
0.36 4.44 -3.81018 24.5008 -3.81018
0.36 4.56 -3.38217 23.9537 -3.38217
0.36 4.68 -3.26552 22.2273 -3.26552
0.36 4.8 -3.66404 18.17 -3.66404
0.36 4.92 -4.01781 10.8039 -4.01781
0.36 5.04 -1.2874 2.41971 -1.2874
0.36 5.16 7.01499 -1.5549 7.01499
0.36 5.28 16.7191 -0.967422 16.7191
0.36 5.4 23.3325 0.435593 23.3325
0.36 5.52 26.6293 1.05979 26.6293
0.36 5.64 41.4635 14.5833 41.4635
0.36 5.76 12.034 -15.4287 12.034
0.36 5.88 30.6835 3.27711 30.6835
0.48 0 17.3947 -7.32817 17.3947
0.48 0.12 21.2211 -3.05698 21.2211
0.48 0.24 18.8993 -4.05306 18.8993
0.48 0.36 20.1717 -0.0596377 20.1717
0.48 0.48 13.6619 -1.44946 13.6619
0.48 0.6 5.31407 -1.39367 5.31407
0.48 0.72 -1.67095 2.58035 -1.67095
0.48 0.84 -4.1654 10.3091 -4.1654
0.48 0.96 -3.92412 17.4377 -3.92412
0.48 1.08 -3.50978 21.6549 -3.50978
0.48 1.2 -3.55559 23.5858 -3.55559
0.48 1.32 -3.92374 24.275 -3.92374
0.48 1.44 -4.4389 24.3602 -4.4389
0.48 1.56 -5.00891 24.1497 -5.00891
0.48 1.68 -5.59111 23.7867 -5.59111
0.48 1.8 -6.1653 23.3421 -6.1653
0.48 1.92 -6.70794 22.8687 -6.70794
0.48 2.04 -7.21022 22.3915 -7.21022
0.48 2.16 -7.65429 21.9399 -7.65429
0.48 2.28 -8.03752 21.527 -8.03752
0.48 2.4 -8.34271 21.1782 -8.34271
0.48 2.52 -8.57828 20.8952 -8.57828
0.48 2.64 -8.74412 20.686 -8.74412
0.48 2.76 -8.85061 20.5477 -8.85061
0.48 2.88 -8.89423 20.4883 -8.89423
0.48 3 -8.89082 20.4958 -8.89082
0.48 3.12 -8.82645 20.5832 -8.82645
0.48 3.24 -8.70056 20.7475 -8.70056
0.48 3.36 -8.50911 20.9859 -8.50911
0.48 3.48 -8.23227 21.3102 -8.23227
0.48 3.6 -7.8789 21.7026 -7.8789
0.48 3.72 -7.45347 22.1502 -7.45347
0.48 3.84 -6.96268 22.6362 -6.96268
0.48 3.96 -6.42092 23.1371 -6.42092
0.48 4.08 -5.84183 23.6227 -5.84183
0.48 4.2 -5.24532 24.0531 -5.24532
0.48 4.32 -4.64813 24.3758 -4.64813
0.48 4.44 -4.08398 24.4898 -4.08398
0.48 4.56 -3.60697 24.2003 -3.60697
0.48 4.68 -3.34749 23.0732 -3.34749
0.48 4.8 -3.51123 20.2617 -3.51123
0.48 4.92 -4.06413 14.6599 -4.06413
0.48 5.04 -3.49585 6.64064 -3.49585
0.48 5.16 1.20326 0.113393 1.20326
0.48 5.28 9.66745 -1.72347 9.66745
0.48 5.4 17.5513 -0.825933 17.5513
0.48 5.52 22.4852 0.128573 22.4852
0.48 5.64 38.4677 14.0452 38.4677
0.48 5.76 9.51069 -15.8435 9.51069
0.48 5.88 28.3782 3.10129 28.3782
0.6 0 10.6935 -8.81301 10.6935
0.6 0.12 14.1486 -4.61853 14.1486
0.6 0.24 10.8905 -5.6939 10.8905
0.6 0.36 11.0847 -1.40354 11.0847
0.6 0.48 4.54308 -1.2504 4.54308
0.6 0.6 -1.1955 1.95126 -1.1955
0.6 0.72 -4.01233 8.34435 -4.01233
0.6 0.84 -4.18166 15.3224 -4.18166
0.6 0.96 -3.70419 20.2504 -3.70419
0.6 1.08 -3.57138 22.8605 -3.57138
0.6 1.2 -3.80416 23.9819 -3.80416
0.6 1.32 -4.24152 24.3126 -4.24152
0.6 1.44 -4.76355 24.248 -4.76355
0.6 1.56 -5.31097 23.9833 -5.31097
0.6 1.68 -5.85315 23.6162 -5.85315
0.6 1.8 -6.37399 23.1989 -6.37399
0.6 1.92 -6.85132 22.7763 -6.85132
0.6 2.04 -7.27746 22.3687 -7.27746
0.6 2.16 -7.63753 22.0008 -7.63753
0.6 2.28 -7.93386 21.6792 -7.93386
0.6 2.4 -8.15521 21.4218 -8.15521
0.6 2.52 -8.31617 21.2226 -8.31617
0.6 2.64 -8.42279 21.0816 -8.42279
0.6 2.76 -8.49 20.9893 -8.49
0.6 2.88 -8.51746 20.9494 -8.51746
0.6 3 -8.52242 20.9475 -8.52242
0.6 3.12 -8.49 20.9979 -8.49
0.6 3.24 -8.41756 21.1007 -8.41756
0.6 3.36 -8.2967 21.2591 -8.2967
0.6 3.48 -8.10176 21.4924 -8.10176
0.6 3.6 -7.8352 21.7913 -7.8352
0.6 3.72 -7.49481 22.1511 -7.49481
0.6 3.84 -7.08222 22.5614 -7.08222
0.6 3.96 -6.60817 23.004 -6.60817
0.6 4.08 -6.08483 23.4525 -6.08483
0.6 4.2 -5.53181 23.8716 -5.53181
0.6 4.32 -4.9637 24.2199 -4.9637
0.6 4.44 -4.40872 24.422 -4.40872
0.6 4.56 -3.90036 24.3517 -3.90036
0.6 4.68 -3.52437 23.7341 -3.52437
0.6 4.8 -3.4345 22.0297 -3.4345
0.6 4.92 -3.78575 18.3725 -3.78575
0.6 5.04 -4.1923 12.1881 -4.1923
0.6 5.16 -2.93654 4.8582 -2.93654
0.6 5.28 1.80031 -0.202387 1.80031
0.6 5.4 8.69106 -1.6697 8.69106
0.6 5.52 14.628 -1.39794 14.628
0.6 5.64 31.9167 12.6068 31.9167
0.6 5.76 3.69462 -17.1561 3.69462
0.6 5.88 22.7386 1.92177 22.7386
0.72 0 -0.208523 -9.78847 -0.208523
0.72 0.12 3.15875 -5.38805 3.15875
0.72 0.24 -0.0065643 -5.55855 -0.0065643
0.72 0.36 1.26313 0.589758 1.26313
0.72 0.48 -2.34165 3.58127 -2.34165
0.72 0.6 -4.08387 8.91406 -4.08387
0.72 0.72 -4.2423 14.8032 -4.2423
0.72 0.84 -3.83353 19.4566 -3.83353
0.72 0.96 -3.63048 22.2763 -3.63048
0.72 1.08 -3.77346 23.6604 -3.77346
0.72 1.2 -4.13628 24.1914 -4.13628
0.72 1.32 -4.60889 24.2595 -4.60889
0.72 1.44 -5.11855 24.0876 -5.11855
0.72 1.56 -5.62887 23.7921 -5.62887
0.72 1.68 -6.11693 23.4386 -6.11693
0.72 1.8 -6.56929 23.0653 -6.56929
0.72 1.92 -6.96572 22.7093 -6.96572
0.72 2.04 -7.30075 22.386 -7.30075
0.72 2.16 -7.56377 22.1139 -7.56377
0.72 2.28 -7.76287 21.8924 -7.76287
0.72 2.4 -7.89336 21.7315 -7.89336
0.72 2.52 -7.97564 21.618 -7.97564
0.72 2.64 -8.02131 21.5447 -8.02131
0.72 2.76 -8.04879 21.4974 -8.04879
0.72 2.88 -8.06015 21.4761 -8.06015
0.72 3 -8.07369 21.4651 -8.07369
0.72 3.12 -8.07381 21.4794 -8.07381
0.72 3.24 -8.05636 21.5211 -8.05636
0.72 3.36 -8.00962 21.5982 -8.00962
0.72 3.48 -7.90304 21.7365 -7.90304
0.72 3.6 -7.73298 21.9339 -7.73298
0.72 3.72 -7.49042 22.1942 -7.49042
0.72 3.84 -7.17093 22.5145 -7.17093
0.72 3.96 -6.78032 22.883 -6.78032
0.72 4.08 -6.32785 23.2785 -6.32785
0.72 4.2 -5.83214 23.6703 -5.83214
0.72 4.32 -5.30596 24.0264 -5.30596
0.72 4.44 -4.77459 24.2897 -4.77459
0.72 4.56 -4.25758 24.3826 -4.25758
0.72 4.68 -3.80826 24.1422 -3.80826
0.72 4.8 -3.52132 23.2634 -3.52132
0.72 4.92 -3.54244 21.2201 -3.54244
0.72 5.04 -3.91144 17.397 -3.91144
0.72 5.16 -4.18911 11.7083 -4.18911
0.72 5.28 -3.14613 5.5719 -3.14613
0.72 5.4 0.0266803 1.12399 0.0266803
0.72 5.52 4.23065 -1.09046 4.23065
0.72 5.64 21.3663 11.6436 21.3663
0.72 5.76 -6.50395 -18.4538 -6.50395
0.72 5.88 12.6074 0.420972 12.6074
0.84 0 -9.6372 -5.48122 -9.6372
0.84 0.12 -5.77594 -0.675996 -5.77594
0.84 0.24 -7.3319 0.486407 -7.3319
0.84 0.36 -3.52551 8.11865 -3.52551
0.84 0.48 -4.26047 11.8133 -4.26047
0.84 0.6 -4.11506 16.1092 -4.11506
0.84 0.72 -3.804 19.7 -3.804
0.84 0.84 -3.65932 22.1246 -3.65932
0.84 0.96 -3.77693 23.4767 -3.77693
0.84 1.08 -4.10034 24.075 -4.10034
0.84 1.2 -4.52861 24.2278 -4.52861
0.84 1.32 -5.00293 24.1272 -5.00293
0.84 1.44 -5.48037 23.8932 -5.48037
0.84 1.56 -5.93763 23.5941 -5.93763
0.84 1.68 -6.35628 23.2747 -6.35628
0.84 1.8 -6.72487 22.963 -6.72487
0.84 1.92 -7.02606 22.6887 -7.02606
0.84 2.04 -7.25802 22.461 -7.25802
0.84 2.16 -7.41555 22.2916 -7.41555
0.84 2.28 -7.51281 22.1725 -7.51281
0.84 2.4 -7.55162 22.106 -7.55162
0.84 2.52 -7.55697 22.0733 -7.55697
0.84 2.64 -7.54457 22.062 -7.54457
0.84 2.76 -7.53502 22.0549 -7.53502
0.84 2.88 -7.53167 22.0501 -7.53167
0.84 3 -7.55336 22.0309 -7.55336
0.84 3.12 -7.5841 22.0127 -7.5841
0.84 3.24 -7.61897 21.999 -7.61897
0.84 3.36 -7.64445 22 -7.64445
0.84 3.48 -7.62663 22.0458 -7.62663
0.84 3.6 -7.55684 22.1407 -7.55684
0.84 3.72 -7.42002 22.2955 -7.42002
0.84 3.84 -7.20519 22.5152 -7.20519
0.84 3.96 -6.91222 22.7954 -6.91222
0.84 4.08 -6.54593 23.1212 -6.54593
0.84 4.2 -6.12266 23.4674 -6.12266
0.84 4.32 -5.65311 23.8097 -5.65311
0.84 4.44 -5.16114 24.1032 -5.16114
0.84 4.56 -4.65828 24.3016 -4.65828
0.84 4.68 -4.17893 24.3097 -4.17893
0.84 4.8 -3.77638 23.9674 -3.77638
0.84 4.92 -3.54042 23.0039 -3.54042
0.84 5.04 -3.55729 21.0583 -3.55729
0.84 5.16 -3.84981 17.8005 -3.84981
0.84 5.28 -4.1149 13.4028 -4.1149
0.84 5.4 -3.79799 8.76541 -3.79799
0.84 5.52 -2.77011 4.87034 -2.77011
0.84 5.64 12.0503 15.7079 12.0503
0.84 5.76 -16.6869 -15.224 -16.6869
0.84 5.88 2.07548 2.81206 2.07548
0.96 0 -12.3572 3.52248 -12.3572
0.96 0.12 -8.14844 8.27546 -8.14844
0.96 0.24 -8.63355 9.41518 -8.63355
0.96 0.36 -3.7624 16.3842 -3.7624
0.96 0.48 -3.83314 18.5877 -3.83314
0.96 0.6 -3.63612 20.8447 -3.63612
0.96 0.72 -3.61943 22.5022 -3.61943
0.96 0.84 -3.78628 23.5304 -3.78628
0.96 0.96 -4.09755 24.0465 -4.09755
0.96 1.08 -4.50473 24.1998 -4.50473
0.96 1.2 -4.9467 24.136 -4.9467
0.96 1.32 -5.39506 23.9435 -5.39506
0.96 1.44 -5.82197 23.6882 -5.82197
0.96 1.56 -6.21053 23.4123 -6.21053
0.96 1.68 -6.54525 23.1469 -6.54525
0.96 1.8 -6.81698 22.9123 -6.81698
0.96 1.92 -7.01242 22.7306 -7.01242
0.96 2.04 -7.13475 22.6042 -7.13475
0.96 2.16 -7.18476 22.5373 -7.18476
0.96 2.28 -7.18225 22.5153 -7.18225
0.96 2.4 -7.13469 22.5343 -7.13469
0.96 2.52 -7.06981 22.5719 -7.06981
0.96 2.64 -7.00579 22.6128 -7.00579
0.96 2.76 -6.96405 22.6387 -6.96405
0.96 2.88 -6.94825 22.6472 -6.94825
0.96 3 -6.97721 22.6214 -6.97721
0.96 3.12 -7.03485 22.5767 -7.03485
0.96 3.24 -7.11628 22.5165 -7.11628
0.96 3.36 -7.20748 22.4517 -7.20748
0.96 3.48 -7.27301 22.4145 -7.27301
0.96 3.6 -7.30078 22.4131 -7.30078
0.96 3.72 -7.27103 22.4638 -7.27103
0.96 3.84 -7.16681 22.5784 -7.16681
0.96 3.96 -6.9816 22.7603 -6.9816
0.96 4.08 -6.71456 23.002 -6.71456
0.96 4.2 -6.37812 23.2846 -6.37812
0.96 4.32 -5.98008 23.591 -5.98008
0.96 4.44 -5.54311 23.8847 -5.54311
0.96 4.56 -5.07456 24.1379 -5.07456
0.96 4.68 -4.59985 24.2922 -4.59985
0.96 4.8 -4.15032 24.2642 -4.15032
0.96 4.92 -3.77534 23.9246 -3.77534
0.96 5.04 -3.52417 23.111 -3.52417
0.96 5.16 -3.47232 21.624 -3.47232
0.96 5.28 -3.60859 19.4006 -3.60859
0.96 5.4 -3.81837 16.6425 -3.81837
0.96 5.52 -4.03982 13.738 -4.03982
0.96 5.64 9.18502 24.6058 9.18502
0.96 5.76 -20.3699 -6.29102 -20.3699
0.96 5.88 -2.40164 10.7987 -2.40164
1.08 0 -11.9267 10.7218 -11.9267
1.08 0.12 -7.73559 15.1617 -7.73559
1.08 0.24 -8.08481 15.6119 -8.08481
1.08 0.36 -3.24996 21.444 -3.24996
1.08 0.48 -3.49726 22.2721 -3.49726
1.08 0.6 -3.5722 23.1931 -3.5722
1.08 0.72 -3.80297 23.7944 -3.80297
1.08 0.84 -4.13236 24.1123 -4.13236
1.08 0.96 -4.52146 24.205 -4.52146
1.08 1.08 -4.94561 24.1297 -4.94561
1.08 1.2 -5.36476 23.9587 -5.36476
1.08 1.32 -5.76447 23.7328 -5.76447
1.08 1.44 -6.12354 23.492 -6.12354
1.08 1.56 -6.42824 23.2638 -6.42824
1.08 1.68 -6.66597 23.0705 -6.66597
1.08 1.8 -6.83099 22.9246 -6.83099
1.08 1.92 -6.91511 22.8411 -6.91511
1.08 2.04 -6.92727 22.8147 -6.92727
1.08 2.16 -6.87402 22.8429 -6.87402
1.08 2.28 -6.77954 22.9062 -6.77954
1.08 2.4 -6.65557 22.9961 -6.65557
1.08 2.52 -6.53049 23.0894 -6.53049
1.08 2.64 -6.42344 23.1701 -6.42344
1.08 2.76 -6.35543 23.2205 -6.35543
1.08 2.88 -6.32981 23.2387 -6.32981
1.08 3 -6.36491 23.2082 -6.36491
1.08 3.12 -6.44484 23.1441 -6.44484
1.08 3.24 -6.56522 23.0488 -6.56522
1.08 3.36 -6.71264 22.9324 -6.71264
1.08 3.48 -6.85171 22.8269 -6.85171
1.08 3.6 -6.96878 22.7418 -6.96878
1.08 3.72 -7.04122 22.6967 -7.04122
1.08 3.84 -7.04744 22.7088 -7.04744
1.08 3.96 -6.97504 22.7882 -6.97504
1.08 4.08 -6.81688 22.9352 -6.81688
1.08 4.2 -6.58013 23.1381 -6.58013
1.08 4.32 -6.26833 23.3872 -6.26833
1.08 4.44 -5.90221 23.6528 -5.90221
1.08 4.56 -5.4864 23.9184 -5.4864
1.08 4.68 -5.04278 24.1443 -5.04278
1.08 4.8 -4.59339 24.283 -4.59339
1.08 4.92 -4.16775 24.2716 -4.16775
1.08 5.04 -3.78868 24.0444 -3.78868
1.08 5.16 -3.50956 23.5102 -3.50956
1.08 5.28 -3.35242 22.6303 -3.35242
1.08 5.4 -3.31927 21.446 -3.31927
1.08 5.52 -3.45729 20.0455 -3.45729
1.08 5.64 9.55357 31.934 9.55357
1.08 5.76 -19.9764 1.78115 -19.9764
1.08 5.88 -2.58514 18.5197 -2.58514
1.2 0 -11.624 14.3436 -11.624
1.2 0.12 -7.52451 18.5539 -7.52451
1.2 0.24 -7.92435 18.5455 -7.92435
1.2 0.36 -3.24202 23.7109 -3.24202
1.2 0.48 -3.64964 23.8337 -3.64964
1.2 0.6 -3.87471 24.1194 -3.87471
1.2 0.72 -4.20936 24.2352 -4.20936
1.2 0.84 -4.59034 24.2261 -4.59034
1.2 0.96 -4.98766 24.1222 -4.98766
1.2 1.08 -5.38769 23.9451 -5.38769
1.2 1.2 -5.75797 23.7387 -5.75797
1.2 1.32 -6.08978 23.5234 -6.08978
1.2 1.44 -6.36503 23.3265 -6.36503
1.2 1.56 -6.57258 23.1667 -6.57258
1.2 1.68 -6.7036 23.0585 -6.7036
1.2 1.8 -6.75702 23.0071 -6.75702
1.2 1.92 -6.7303 23.0198 -6.7303
1.2 2.04 -6.638 23.0847 -6.638
1.2 2.16 -6.49127 23.1939 -6.49127
1.2 2.28 -6.31681 23.3251 -6.31681
1.2 2.4 -6.12906 23.4673 -6.12906
1.2 2.52 -5.95514 23.5994 -5.95514
1.2 2.64 -5.8141 23.7061 -5.8141
1.2 2.76 -5.72576 23.7718 -5.72576
1.2 2.88 -5.69288 23.7961 -5.69288
1.2 3 -5.73291 23.7632 -5.73291
1.2 3.12 -5.83043 23.6875 -5.83043
1.2 3.24 -5.98176 23.57 -5.98176
1.2 3.36 -6.17473 23.4185 -6.17473
1.2 3.48 -6.37517 23.2628 -6.37517
1.2 3.6 -6.56946 23.1118 -6.56946
1.2 3.72 -6.73398 22.9859 -6.73398
1.2 3.84 -6.84431 22.9052 -6.84431
1.2 3.96 -6.88367 22.8851 -6.88367
1.2 4.08 -6.83888 22.9328 -6.83888
1.2 4.2 -6.71117 23.0445 -6.71117
1.2 4.32 -6.49867 23.2181 -6.49867
1.2 4.44 -6.2187 23.4306 -6.2187
1.2 4.56 -5.87286 23.6736 -5.87286
1.2 4.68 -5.48145 23.9173 -5.48145
1.2 4.8 -5.06318 24.1304 -5.06318
1.2 4.92 -4.63979 24.2774 -4.63979
1.2 5.04 -4.22428 24.3302 -4.22428
1.2 5.16 -3.85388 24.245 -3.85388
1.2 5.28 -3.54675 24.0078 -3.54675
1.2 5.4 -3.32333 23.6267 -3.32333
1.2 5.52 -3.25411 23.0957 -3.25411
1.2 5.64 9.82259 35.6477 9.82259
1.2 5.76 -19.4465 6.10466 -19.4465
1.2 5.88 -2.44227 22.6969 -2.44227
1.32 0 -11.849 15.7487 -11.849
1.32 0.12 -7.8197 19.8317 -7.8197
1.32 0.24 -8.23033 19.6295 -8.23033
1.32 0.36 -3.61955 24.4966 -3.61955
1.32 0.48 -4.08566 24.3174 -4.08566
1.32 0.6 -4.35683 24.3323 -4.35683
1.32 0.72 -4.71138 24.2409 -4.71138
1.32 0.84 -5.08522 24.0938 -5.08522
1.32 0.96 -5.45194 23.913 -5.45194
1.32 1.08 -5.80121 23.7088 -5.80121
1.32 1.2 -6.1024 23.5155 -6.1024
1.32 1.32 -6.34969 23.3438 -6.34969
1.32 1.44 -6.52766 23.2137 -6.52766
1.32 1.56 -6.62855 23.1367 -6.62855
1.32 1.68 -6.64834 23.1198 -6.64834
1.32 1.8 -6.59142 23.1608 -6.59142
1.32 1.92 -6.46055 23.2601 -6.46055
1.32 2.04 -6.27479 23.4004 -6.27479
1.32 2.16 -6.04824 23.5703 -6.04824
1.32 2.28 -5.80809 23.7473 -5.80809
1.32 2.4 -5.57016 23.92 -5.57016
1.32 2.52 -5.35897 24.0712 -5.35897
1.32 2.64 -5.1927 24.1885 -5.1927
1.32 2.76 -5.0896 24.2597 -5.0896
1.32 2.88 -5.05178 24.2862 -5.05178
1.32 3 -5.09555 24.2539 -5.09555
1.32 3.12 -5.20622 24.1757 -5.20622
1.32 3.24 -5.38077 24.0506 -5.38077
1.32 3.36 -5.60858 23.8827 -5.60858
1.32 3.48 -5.85739 23.6982 -5.85739
1.32 3.6 -6.11472 23.5034 -6.11472
1.32 3.72 -6.35756 23.3171 -6.35756
1.32 3.84 -6.56053 23.1604 -6.56053
1.32 3.96 -6.70445 23.0513 -6.70445
1.32 4.08 -6.77137 23.0029 -6.77137
1.32 4.2 -6.75682 23.0184 -6.75682
1.32 4.32 -6.65297 23.1036 -6.65297
1.32 4.44 -6.47236 23.2428 -6.47236
1.32 4.56 -6.21234 23.435 -6.21234
1.32 4.68 -5.89125 23.6569 -5.89125
1.32 4.8 -5.52633 23.885 -5.52633
1.32 4.92 -5.13651 24.095 -5.13651
1.32 5.04 -4.73351 24.2703 -4.73351
1.32 5.16 -4.3476 24.3836 -4.3476
1.32 5.28 -3.99512 24.4269 -3.99512
1.32 5.4 -3.70014 24.3946 -3.70014
1.32 5.52 -3.53192 24.2519 -3.53192
1.32 5.64 9.56143 37.0786 9.56143
1.32 5.76 -19.4896 7.89859 -19.4896
1.32 5.88 -2.8497 24.2799 -2.8497
1.44 0 -12.3569 16.1013 -12.3569
1.44 0.12 -8.37674 20.1104 -8.37674
1.44 0.24 -8.76214 19.8475 -8.76214
1.44 0.36 -4.16867 24.591 -4.16867
1.44 0.48 -4.63933 24.2904 -4.63933
1.44 0.6 -4.90609 24.1972 -4.90609
1.44 0.72 -5.23998 24.0274 -5.23998
1.44 0.84 -5.57578 23.8364 -5.57578
1.44 0.96 -5.88805 23.6451 -5.88805
1.44 1.08 -6.16704 23.461 -6.16704
1.44 1.2 -6.38271 23.3146 -6.38271
1.44 1.32 -6.53211 23.2107 -6.53211
1.44 1.44 -6.60341 23.1626 -6.60341
1.44 1.56 -6.59342 23.1751 -6.59342
1.44 1.68 -6.50352 23.2476 -6.50352
1.44 1.8 -6.34345 23.3708 -6.34345
1.44 1.92 -6.12005 23.5397 -6.12005
1.44 2.04 -5.85517 23.7332 -5.85517
1.44 2.16 -5.56419 23.9382 -5.56419
1.44 2.28 -5.27309 24.1342 -5.27309
1.44 2.4 -4.99831 24.3109 -4.99831
1.44 2.52 -4.76096 24.4573 -4.76096
1.44 2.64 -4.57786 24.5659 -4.57786
1.44 2.76 -4.46536 24.6299 -4.46536
1.44 2.88 -4.42473 24.6543 -4.42473
1.44 3 -4.47085 24.627 -4.47085
1.44 3.12 -4.59019 24.5587 -4.59019
1.44 3.24 -4.7804 24.4448 -4.7804
1.44 3.36 -5.03277 24.2838 -5.03277
1.44 3.48 -5.31735 24.0963 -5.31735
1.44 3.6 -5.62338 23.8841 -5.62338
1.44 3.72 -5.92935 23.6627 -5.92935
1.44 3.84 -6.21041 23.4523 -6.21041
1.44 3.96 -6.44695 23.2717 -6.44695
1.44 4.08 -6.61806 23.138 -6.61806
1.44 4.2 -6.71474 23.0602 -6.71474
1.44 4.32 -6.72366 23.0513 -6.72366
1.44 4.44 -6.65168 23.1033 -6.65168
1.44 4.56 -6.4907 23.2229 -6.4907
1.44 4.68 -6.2557 23.3933 -6.2557
1.44 4.8 -5.9619 23.5958 -5.9619
1.44 4.92 -5.62658 23.8119 -5.62658
1.44 5.04 -5.26306 24.0269 -5.26306
1.44 5.16 -4.89885 24.2188 -4.89885
1.44 5.28 -4.55128 24.3777 -4.55128
1.44 5.4 -4.24656 24.4891 -4.24656
1.44 5.52 -4.04785 24.5101 -4.04785
1.44 5.64 9.02375 37.431 9.02375
1.44 5.76 -19.8679 8.47184 -19.8679
1.44 5.88 -3.58452 24.5857 -3.58452
1.56 0 -12.9798 15.9678 -12.9798
1.56 0.12 -9.03794 19.9267 -9.03794
1.56 0.24 -9.38353 19.6592 -9.38353
1.56 0.36 -4.78293 24.3549 -4.78293
1.56 0.48 -5.23334 24.013 -5.23334
1.56 0.6 -5.47073 23.8876 -5.47073
1.56 0.72 -5.76139 23.7043 -5.76139
1.56 0.84 -6.03889 23.5223 -6.03889
1.56 0.96 -6.27829 23.3627 -6.27829
1.56 1.08 -6.47051 23.2316 -6.47051
1.56 1.2 -6.58697 23.1566 -6.58697
1.56 1.32 -6.62884 23.1364 -6.62884
1.56 1.44 -6.58909 23.1779 -6.58909
1.56 1.56 -6.46986 23.2783 -6.46986
1.56 1.68 -6.2776 23.4301 -6.2776
1.56 1.8 -6.02647 23.6176 -6.02647
1.56 1.92 -5.72558 23.832 -5.72558
1.56 2.04 -5.39801 24.0493 -5.39801
1.56 2.16 -5.05924 24.2559 -5.05924
1.56 2.28 -4.73313 24.4342 -4.73313
1.56 2.4 -4.43654 24.5764 -4.43654
1.56 2.52 -4.18664 24.6804 -4.18664
1.56 2.64 -3.99779 24.7485 -3.99779
1.56 2.76 -3.88322 24.784 -3.88322
1.56 2.88 -3.84243 24.7994 -3.84243
1.56 3 -3.88831 24.7862 -3.88831
1.56 3.12 -4.00936 24.7503 -4.00936
1.56 3.24 -4.20476 24.6797 -4.20476
1.56 3.36 -4.46894 24.5623 -4.46894
1.56 3.48 -4.77512 24.409 -4.77512
1.56 3.6 -5.11461 24.2146 -5.11461
1.56 3.72 -5.46757 23.9906 -5.46757
1.56 3.84 -5.81037 23.7554 -5.81037
1.56 3.96 -6.12432 23.5274 -6.12432
1.56 4.08 -6.38734 23.3264 -6.38734
1.56 4.2 -6.58754 23.1659 -6.58754
1.56 4.32 -6.70753 23.0651 -6.70753
1.56 4.44 -6.74853 23.0231 -6.74853
1.56 4.56 -6.69639 23.0551 -6.69639
1.56 4.68 -6.56114 23.1509 -6.56114
1.56 4.8 -6.35449 23.2976 -6.35449
1.56 4.92 -6.09119 23.4811 -6.09119
1.56 5.04 -5.78606 23.6867 -5.78606
1.56 5.16 -5.46502 23.8941 -5.46502
1.56 5.28 -5.14723 24.0902 -5.14723
1.56 5.4 -4.86095 24.2541 -4.86095
1.56 5.52 -4.66297 24.3419 -4.66297
1.56 5.64 8.37231 37.284 8.37231
1.56 5.76 -20.3949 8.47801 -20.3949
1.56 5.88 -4.45197 24.304 -4.45197
1.68 0 -13.6416 15.5956 -13.6416
1.68 0.12 -9.73081 19.5172 -9.73081
1.68 0.24 -10.0299 19.2714 -10.0299
1.68 0.36 -5.40867 23.9571 -5.40867
1.68 0.48 -5.82468 23.6145 -5.82468
1.68 0.6 -6.01668 23.4987 -6.01668
1.68 0.72 -6.2476 23.341 -6.2476
1.68 0.84 -6.45032 23.2028 -6.45032
1.68 0.96 -6.6012 23.1045 -6.6012
1.68 1.08 -6.69316 23.0498 -6.69316
1.68 1.2 -6.70087 23.0621 -6.70087
1.68 1.32 -6.63091 23.1335 -6.63091
1.68 1.44 -6.48176 23.2633 -6.48176
1.68 1.56 -6.26073 23.4417 -6.26073
1.68 1.68 -5.97823 23.6549 -5.97823
1.68 1.8 -5.65135 23.8815 -5.65135
1.68 1.92 -5.2901 24.109 -5.2901
1.68 2.04 -4.91797 24.3101 -4.91797
1.68 2.16 -4.5509 24.4685 -4.5509
1.68 2.28 -4.21094 24.5684 -4.21094
1.68 2.4 -3.91584 24.6055 -3.91584
1.68 2.52 -3.67752 24.5925 -3.67752
1.68 2.64 -3.5046 24.5525 -3.5046
1.68 2.76 -3.40296 24.5131 -3.40296
1.68 2.88 -3.36688 24.5051 -3.36688
1.68 3 -3.40597 24.5274 -3.40597
1.68 3.12 -3.51291 24.5752 -3.51291
1.68 3.24 -3.69194 24.617 -3.69194
1.68 3.36 -3.94488 24.6166 -3.94488
1.68 3.48 -4.25091 24.565 -4.25091
1.68 3.6 -4.60414 24.4457 -4.60414
1.68 3.72 -4.98578 24.2658 -4.98578
1.68 3.84 -5.37268 24.0439 -5.37268
1.68 3.96 -5.74705 23.7997 -5.74705
1.68 4.08 -6.08656 23.5562 -6.08656
1.68 4.2 -6.37785 23.3311 -6.37785
1.68 4.32 -6.6014 23.1483 -6.6014
1.68 4.44 -6.75372 23.014 -6.75372
1.68 4.56 -6.81502 22.9508 -6.81502
1.68 4.68 -6.78937 22.9565 -6.78937
1.68 4.8 -6.68342 23.0247 -6.68342
1.68 4.92 -6.50788 23.1466 -6.50788
1.68 5.04 -6.27732 23.3088 -6.27732
1.68 5.16 -6.01576 23.4925 -6.01576
1.68 5.28 -5.74366 23.6822 -5.74366
1.68 5.4 -5.49112 23.8527 -5.49112
1.68 5.52 -5.30938 23.9616 -5.30938
1.68 5.64 7.68613 36.895 7.68613
1.68 5.76 -20.9788 8.20626 -20.9788
1.68 5.88 -5.35415 23.7456 -5.35415
1.8 0 -14.308 15.098 -14.308
1.8 0.12 -10.4235 18.9899 -10.4235
1.8 0.24 -10.6726 18.7801 -10.6726
1.8 0.36 -6.02147 23.4781 -6.02147
1.8 0.48 -6.39165 23.1611 -6.39165
1.8 0.6 -6.52463 23.083 -6.52463
1.8 0.72 -6.68127 22.9786 -6.68127
1.8 0.84 -6.79493 22.9096 -6.79493
1.8 0.96 -6.84476 22.8937 -6.84476
1.8 1.08 -6.82742 22.9306 -6.82742
1.8 1.2 -6.72252 23.0376 -6.72252
1.8 1.32 -6.54264 23.1994 -6.54264
1.8 1.44 -6.29157 23.408 -6.29157
1.8 1.56 -5.98085 23.6471 -5.98085
1.8 1.68 -5.62327 23.8968 -5.62327
1.8 1.8 -5.2378 24.1293 -5.2378
1.8 1.92 -4.83532 24.3255 -4.83532
1.8 2.04 -4.44113 24.4484 -4.44113
1.8 2.16 -4.0748 24.4707 -4.0748
1.8 2.28 -3.75934 24.3713 -3.75934
1.8 2.4 -3.51422 24.149 -3.51422
1.8 2.52 -3.34182 23.8456 -3.34182
1.8 2.64 -3.23512 23.5357 -3.23512
1.8 2.76 -3.18098 23.3084 -3.18098
1.8 2.88 -3.16007 23.243 -3.16007
1.8 3 -3.17608 23.3551 -3.17608
1.8 3.12 -3.2305 23.6135 -3.2305
1.8 3.24 -3.34187 23.9347 -3.34187
1.8 3.36 -3.53099 24.2208 -3.53099
1.8 3.48 -3.79163 24.4167 -3.79163
1.8 3.6 -4.12368 24.484 -4.12368
1.8 3.72 -4.50768 24.4285 -4.50768
1.8 3.84 -4.91773 24.2767 -4.91773
1.8 3.96 -5.3341 24.0579 -5.3341
1.8 4.08 -5.73308 23.8035 -5.73308
1.8 4.2 -6.10004 23.5382 -6.10004
1.8 4.32 -6.41496 23.2906 -6.41496
1.8 4.44 -6.67106 23.0734 -6.67106
1.8 4.56 -6.84418 22.916 -6.84418
1.8 4.68 -6.93246 22.824 -6.93246
1.8 4.8 -6.93664 22.7984 -6.93664
1.8 4.92 -6.86187 22.8373 -6.86187
1.8 5.04 -6.72034 22.9301 -6.72034
1.8 5.16 -6.533 23.0614 -6.533
1.8 5.28 -6.32029 23.2151 -6.32029
1.8 5.4 -6.11339 23.3633 -6.11339
1.8 5.52 -5.95856 23.4664 -5.95856
1.8 5.64 6.99383 36.3742 6.99383
1.8 5.76 -21.5828 7.78204 -21.5828
1.8 5.88 -6.25762 23.0405 -6.25762
1.92 0 -14.9588 14.5358 -14.9588
1.92 0.12 -11.0965 18.4036 -11.0965
1.92 0.24 -11.2933 18.2386 -11.2933
1.92 0.36 -6.60421 22.9651 -6.60421
1.92 0.48 -6.918 22.6934 -6.918
1.92 0.6 -6.97948 22.6748 -6.97948
1.92 0.72 -7.04908 22.645 -7.04908
1.92 0.84 -7.06244 22.6636 -7.06244
1.92 0.96 -7.0031 22.7437 -7.0031
1.92 1.08 -6.87301 22.8789 -6.87301
1.92 1.2 -6.65768 23.0798 -6.65768
1.92 1.32 -6.37534 23.3232 -6.37534
1.92 1.44 -6.03408 23.5949 -6.03408
1.92 1.56 -5.6482 23.8715 -5.6482
1.92 1.68 -5.23188 24.1265 -5.23188
1.92 1.8 -4.80639 24.3207 -4.80639
1.92 1.92 -4.38645 24.4179 -4.38645
1.92 2.04 -4.00495 24.3537 -4.00495
1.92 2.16 -3.69376 24.0645 -3.69376
1.92 2.28 -3.48319 23.5019 -3.48319
1.92 2.4 -3.39168 22.6678 -3.39168
1.92 2.52 -3.39459 21.674 -3.39459
1.92 2.64 -3.44409 20.7259 -3.44409
1.92 2.76 -3.49071 20.0614 -3.49071
1.92 2.88 -3.49897 19.8663 -3.49897
1.92 3 -3.46754 20.1889 -3.46754
1.92 3.12 -3.40663 20.9434 -3.40663
1.92 3.24 -3.35483 21.9264 -3.35483
1.92 3.36 -3.37146 22.8914 -3.37146
1.92 3.48 -3.48917 23.6654 -3.48917
1.92 3.6 -3.7274 24.1588 -3.7274
1.92 3.72 -4.06575 24.3836 -4.06575
1.92 3.84 -4.46809 24.3984 -4.46809
1.92 3.96 -4.90467 24.2656 -4.90467
1.92 4.08 -5.34524 24.0411 -5.34524
1.92 4.2 -5.77148 23.7655 -5.77148
1.92 4.32 -6.16309 23.4753 -6.16309
1.92 4.44 -6.5111 23.191 -6.5111
1.92 4.56 -6.78878 22.9476 -6.78878
1.92 4.68 -6.98926 22.7583 -6.98926
1.92 4.8 -7.10745 22.6316 -7.10745
1.92 4.92 -7.14224 22.5729 -7.14224
1.92 5.04 -7.10145 22.5772 -7.10145
1.92 5.16 -7.00155 22.6335 -7.00155
1.92 5.28 -6.86111 22.7277 -6.86111
1.92 5.4 -6.71114 22.8316 -6.71114
1.92 5.52 -6.59311 22.9091 -6.59311
1.92 5.64 6.31232 35.7789 6.31232
1.92 5.76 -22.1881 7.26767 -22.1881
1.92 5.88 -7.14234 22.2559 -7.14234
2.04 0 -15.5754 13.9514 -15.5754
2.04 0.12 -11.7302 17.8014 -11.7302
2.04 0.24 -11.8712 17.6896 -11.8712
2.04 0.36 -7.13528 22.4593 -7.13528
2.04 0.48 -7.38246 22.2497 -7.38246
2.04 0.6 -7.36148 22.308 -7.36148
2.04 0.72 -7.33422 22.3686 -7.33422
2.04 0.84 -7.24042 22.4864 -7.24042
2.04 0.96 -7.06948 22.6682 -7.06948
2.04 1.08 -6.8294 22.9007 -6.8294
2.04 1.2 -6.51159 23.1869 -6.51159
2.04 1.32 -6.13877 23.4972 -6.13877
2.04 1.44 -5.72181 23.8108 -5.72181
2.04 1.56 -5.2767 24.0972 -5.2767
2.04 1.68 -4.8194 24.3177 -4.8194
2.04 1.8 -4.37686 24.41 -4.37686
2.04 1.92 -3.9758 24.295 -3.9758
2.04 2.04 -3.67031 23.8374 -3.67031
2.04 2.16 -3.51984 22.8783 -3.51984
2.04 2.28 -3.55999 21.301 -3.55999
2.04 2.4 -3.76408 19.1483 -3.76408
2.04 2.52 -4.00315 16.7495 -4.00315
2.04 2.64 -4.15325 14.6149 -4.15325
2.04 2.76 -4.19394 13.212 -4.19394
2.04 2.88 -4.18803 12.8134 -4.18803
2.04 3 -4.1733 13.481 -4.1733
2.04 3.12 -4.09946 15.0988 -4.09946
2.04 3.24 -3.91411 17.3439 -3.91411
2.04 3.36 -3.67348 19.7124 -3.67348
2.04 3.48 -3.50217 21.7366 -3.50217
2.04 3.6 -3.51111 23.1555 -3.51111
2.04 3.72 -3.71086 23.9743 -3.71086
2.04 3.84 -4.05085 24.3335 -4.05085
2.04 3.96 -4.47587 24.3844 -4.47587
2.04 4.08 -4.93698 24.2461 -4.93698
2.04 4.2 -5.40514 23.9966 -5.40514
2.04 4.32 -5.85739 23.6907 -5.85739
2.04 4.44 -6.28255 23.3597 -6.28255
2.04 4.56 -6.65285 23.0449 -6.65285
2.04 4.68 -6.95791 22.766 -6.95791
2.04 4.8 -7.18782 22.5385 -7.18782
2.04 4.92 -7.33538 22.3754 -7.33538
2.04 5.04 -7.40281 22.2782 -7.40281
2.04 5.16 -7.40087 22.2423 -7.40087
2.04 5.28 -7.34427 22.2578 -7.34427
2.04 5.4 -7.26218 22.2987 -7.26218
2.04 5.52 -7.19058 22.334 -7.19058
2.04 5.64 5.66417 35.1563 5.66417
2.04 5.76 -22.7722 6.71112 -22.7722
2.04 5.88 -7.9842 21.4443 -7.9842
2.16 0 -16.1417 13.3766 -16.1417
2.16 0.12 -12.3089 17.2144 -12.3089
2.16 0.24 -12.393 17.1603 -12.393
2.16 0.36 -7.60366 21.984 -7.60366
2.16 0.48 -7.77673 21.8486 -7.77673
2.16 0.6 -7.6661 21.9958 -7.6661
2.16 0.72 -7.53705 22.1557 -7.53705
2.16 0.84 -7.33514 22.3768 -7.33514
2.16 0.96 -7.05626 22.6586 -7.05626
2.16 1.08 -6.71434 22.9805 -6.71434
2.16 1.2 -6.30576 23.339 -6.30576
2.16 1.32 -5.85608 23.6986 -5.85608
2.16 1.44 -5.37775 24.0318 -5.37775
2.16 1.56 -4.88833 24.2974 -4.88833
2.16 1.68 -4.40849 24.4341 -4.40849
2.16 1.8 -3.97877 24.3314 -3.97877
2.16 1.92 -3.65408 23.8152 -3.65408
2.16 2.04 -3.53097 22.5908 -3.53097
2.16 2.16 -3.69323 20.311 -3.69323
2.16 2.28 -4.07393 16.8263 -4.07393
2.16 2.4 -4.34441 12.5428 -4.34441
2.16 2.52 -4.07938 8.4494 -4.07938
2.16 2.64 -3.28189 5.42924 -3.28189
2.16 2.76 -2.46017 3.76393 -2.46017
2.16 2.88 -2.17579 3.33941 -2.17579
2.16 3 -2.61412 4.07799 -2.61412
2.16 3.12 -3.47406 6.08737 -3.47406
2.16 3.24 -4.16119 9.42274 -4.16119
2.16 3.36 -4.27319 13.6404 -4.27319
2.16 3.48 -3.94037 17.7796 -3.94037
2.16 3.6 -3.60209 20.9633 -3.60209
2.16 3.72 -3.52192 22.9475 -3.52192
2.16 3.84 -3.70824 23.9672 -3.70824
2.16 3.96 -4.07328 24.3601 -4.07328
2.16 4.08 -4.5291 24.3867 -4.5291
2.16 4.2 -5.02205 24.2068 -5.02205
2.16 4.32 -5.52008 23.9136 -5.52008
2.16 4.44 -6.00778 23.5577 -6.00778
2.16 4.56 -6.45687 23.1887 -6.45687
2.16 4.68 -6.85483 22.833 -6.85483
2.16 4.8 -7.18855 22.5119 -7.18855
2.16 4.92 -7.4458 22.2451 -7.4458
2.16 5.04 -7.62295 22.0411 -7.62295
2.16 5.16 -7.72454 21.9025 -7.72454
2.16 5.28 -7.75983 21.8256 -7.75983
2.16 5.4 -7.75438 21.7886 -7.75438
2.16 5.52 -7.73778 21.7675 -7.73778
2.16 5.64 5.06253 34.5338 5.06253
2.16 5.76 -23.3221 6.1404 -23.3221
2.16 5.88 -8.76641 20.6388 -8.76641
2.28 0 -16.6415 12.8405 -16.6415
2.28 0.12 -12.816 16.6717 -12.816
2.28 0.24 -12.8434 16.6778 -12.8434
2.28 0.36 -7.99624 21.5631 -7.99624
2.28 0.48 -8.09157 21.5092 -8.09157
2.28 0.6 -7.88926 21.7505 -7.88926
2.28 0.72 -7.65966 22.0112 -7.65966
2.28 0.84 -7.35505 22.3322 -7.35505
2.28 0.96 -6.97766 22.7054 -6.97766
2.28 1.08 -6.54656 23.1039 -6.54656
2.28 1.2 -6.06174 23.5182 -6.06174
2.28 1.32 -5.55004 23.9078 -5.55004
2.28 1.44 -5.02511 24.2368 -5.02511
2.28 1.56 -4.50748 24.4468 -4.50748
2.28 1.68 -4.02828 24.4359 -4.02828
2.28 1.8 -3.6553 24.002 -3.6553
2.28 1.92 -3.49406 22.787 -3.49406
2.28 2.04 -3.68457 20.2139 -3.68457
2.28 2.16 -4.17831 15.7652 -4.17831
2.28 2.28 -4.29846 9.82285 -4.29846
2.28 2.4 -2.91884 4.14433 -2.91884
2.28 2.52 0.165194 0.454316 0.165194
2.28 2.64 3.6621 -1.18174 3.6621
2.28 2.76 6.13491 -1.67307 6.13491
2.28 2.88 6.8546 -1.7421 6.8546
2.28 3 5.67121 -1.58401 5.67121
2.28 3.12 2.85613 -0.874272 2.85613
2.28 3.24 -0.672878 1.21316 -0.672878
2.28 3.36 -3.39072 5.46478 -3.39072
2.28 3.48 -4.31804 11.3767 -4.31804
2.28 3.6 -4.02053 17.0275 -4.02053
2.28 3.72 -3.58998 20.9702 -3.58998
2.28 3.84 -3.50221 23.146 -3.50221
2.28 3.96 -3.73412 24.1258 -3.73412
2.28 4.08 -4.14781 24.4296 -4.14781
2.28 4.2 -4.64498 24.3735 -4.64498
2.28 4.32 -5.17327 24.1241 -5.17327
2.28 4.44 -5.70861 23.766 -5.70861
2.28 4.56 -6.22127 23.362 -6.22127
2.28 4.68 -6.69747 22.9457 -6.69747
2.28 4.8 -7.12236 22.5437 -7.12236
2.28 4.92 -7.48021 22.1809 -7.48021
2.28 5.04 -7.76216 21.8725 -7.76216
2.28 5.16 -7.96668 21.6282 -7.96668
2.28 5.28 -8.09666 21.4518 -8.09666
2.28 5.4 -8.17271 21.3275 -8.17271
2.28 5.52 -8.21711 21.2396 -8.21711
2.28 5.64 4.52708 33.9443 4.52708
2.28 5.76 -23.8191 5.58757 -23.8191
2.28 5.88 -9.46526 19.8779 -9.46526
2.4 0 -17.0619 12.3678 -17.0619
2.4 0.12 -13.2401 16.1966 -13.2401
2.4 0.24 -13.214 16.2612 -13.214
2.4 0.36 -8.3091 21.21 -8.3091
2.4 0.48 -8.32831 21.2382 -8.32831
2.4 0.6 -8.0384 21.5716 -8.0384
2.4 0.72 -7.71575 21.9272 -7.71575
2.4 0.84 -7.31939 22.338 -7.31939
2.4 0.96 -6.85701 22.7896 -6.85701
2.4 1.08 -6.3515 23.2494 -6.3515
2.4 1.2 -5.80504 23.7032 -5.80504
2.4 1.32 -5.24474 24.1057 -5.24474
2.4 1.44 -4.68582 24.4095 -4.68582
2.4 1.56 -4.15464 24.5298 -4.15464
2.4 1.68 -3.70137 24.2985 -3.70137
2.4 1.8 -3.43833 23.3604 -3.43833
2.4 1.92 -3.53333 21.0636 -3.53333
2.4 2.04 -4.05241 16.5111 -4.05241
2.4 2.16 -4.24036 9.58999 -4.24036
2.4 2.28 -2.06232 2.63738 -2.06232
2.4 2.4 3.35781 -1.23547 3.35781
2.4 2.52 9.76988 -1.99424 9.76988
2.4 2.64 14.7047 -1.53614 14.7047
2.4 2.76 17.458 -1.0515 17.458
2.4 2.88 18.1788 -0.897659 18.1788
2.4 3 16.9752 -1.12155 16.9752
2.4 3.12 13.6804 -1.63812 13.6804
2.4 3.24 8.24873 -1.93996 8.24873
2.4 3.36 1.82615 -0.557389 1.82615
2.4 3.48 -2.86836 4.22031 -2.86836
2.4 3.6 -4.2729 11.4566 -4.2729
2.4 3.72 -3.88438 17.8477 -3.88438
2.4 3.84 -3.46764 21.7535 -3.46764
2.4 3.96 -3.48532 23.6354 -3.48532
2.4 4.08 -3.81334 24.3552 -3.81334
2.4 4.2 -4.29343 24.4823 -4.29343
2.4 4.32 -4.83838 24.3063 -4.83838
2.4 4.44 -5.40872 23.9657 -5.40872
2.4 4.56 -5.97111 23.5436 -5.97111
2.4 4.68 -6.51054 23.0832 -6.51054
2.4 4.8 -7.01153 22.6156 -7.01153
2.4 4.92 -7.4565 22.1699 -7.4565
2.4 5.04 -7.83247 21.7665 -7.83247
2.4 5.16 -8.13277 21.4216 -8.13277
2.4 5.28 -8.35393 21.1463 -8.35393
2.4 5.4 -8.5108 20.9322 -8.5108
2.4 5.52 -8.61797 20.7725 -8.61797
2.4 5.64 4.07066 33.4135 4.07066
2.4 5.76 -24.249 5.08023 -24.249
2.4 5.88 -10.0638 19.193 -10.0638
2.52 0 -17.3943 11.9786 -17.3943
2.52 0.12 -13.573 15.8083 -13.573
2.52 0.24 -13.4995 15.9261 -13.4995
2.52 0.36 -8.54109 20.9351 -8.54109
2.52 0.48 -8.49138 21.0389 -8.49138
2.52 0.6 -8.12406 21.4549 -8.12406
2.52 0.72 -7.72155 21.8928 -7.72155
2.52 0.84 -7.24884 22.3785 -7.24884
2.52 0.96 -6.71786 22.8922 -6.71786
2.52 1.08 -6.15402 23.3972 -6.15402
2.52 1.2 -5.56055 23.8756 -5.56055
2.52 1.32 -4.9645 24.2763 -4.9645
2.52 1.44 -4.38361 24.5376 -4.38361
2.52 1.56 -3.8537 24.538 -3.8537
2.52 1.68 -3.45299 24.0148 -3.45299
2.52 1.8 -3.35112 22.3968 -3.35112
2.52 1.92 -3.73902 18.6715 -3.73902
2.52 2.04 -4.24621 11.9133 -4.24621
2.52 2.16 -2.59714 3.70769 -2.59714
2.52 2.28 3.71001 -1.30031 3.71001
2.52 2.4 12.2846 -1.83643 12.2846
2.52 2.52 19.0548 -0.730452 19.0548
2.52 2.64 23.0139 0.187135 23.0139
2.52 2.76 24.8872 0.645539 24.8872
2.52 2.88 25.3452 0.762939 25.3452
2.52 3 24.5841 0.595561 24.5841
2.52 3.12 22.2761 0.0514432 22.2761
2.52 3.24 17.6493 -0.972809 17.6493
2.52 3.36 10.2182 -1.91945 10.2182
2.52 3.48 1.79686 -0.470058 1.79686
2.52 3.6 -3.33062 5.66912 -3.33062
2.52 3.72 -4.15647 13.8362 -4.15647
2.52 3.84 -3.59351 19.7998 -3.59351
2.52 3.96 -3.34948 22.8825 -3.34948
2.52 4.08 -3.54926 24.1581 -3.54926
2.52 4.2 -3.99028 24.525 -3.99028
2.52 4.32 -4.53851 24.4478 -4.53851
2.52 4.44 -5.13205 24.1405 -5.13205
2.52 4.56 -5.73097 23.7151 -5.73097
2.52 4.68 -6.31852 23.2261 -6.31852
2.52 4.8 -6.87914 22.7095 -6.87914
2.52 4.92 -7.3946 22.1971 -7.3946
2.52 5.04 -7.84909 21.7139 -7.84909
2.52 5.16 -8.23204 21.2806 -8.23204
2.52 5.28 -8.53435 20.9155 -8.53435
2.52 5.4 -8.76508 20.617 -8.76508
2.52 5.52 -8.93131 20.3878 -8.93131
2.52 5.64 3.70605 32.9679 3.70605
2.52 5.76 -24.5972 4.64729 -24.5972
2.52 5.88 -10.5461 18.6165 -10.5461
2.64 0 -17.6359 11.6865 -17.6359
2.64 0.12 -13.8137 15.5185 -13.8137
2.64 0.24 -13.7021 15.6798 -13.7021
2.64 0.36 -8.69938 20.7394 -8.69938
2.64 0.48 -8.5934 20.9056 -8.5934
2.64 0.6 -8.16405 21.3884 -8.16405
2.64 0.72 -7.69895 21.8909 -7.69895
2.64 0.84 -7.16776 22.4337 -7.16776
2.64 0.96 -6.58535 22.9927 -6.58535
2.64 1.08 -5.97856 23.5286 -5.97856
2.64 1.2 -5.35105 24.0199 -5.35105
2.64 1.32 -4.72998 24.4098 -4.72998
2.64 1.44 -4.13663 24.6197 -4.13663
2.64 1.56 -3.61914 24.4841 -3.61914
2.64 1.68 -3.2895 23.6263 -3.2895
2.64 1.8 -3.37172 21.2239 -3.37172
2.64 1.92 -3.966 15.9626 -3.966
2.64 2.04 -3.76823 7.52993 -3.76823
2.64 2.16 0.98769 0.0413616 0.98769
2.64 2.28 10.5965 -1.88872 10.5965
2.64 2.4 19.4209 -0.606593 19.4209
2.64 2.52 24.6842 0.625996 24.6842
2.64 2.64 27.232 1.19207 27.232
2.64 2.76 28.2999 1.3777 28.2999
2.64 2.88 28.5479 1.41719 28.5479
2.64 3 28.1431 1.37756 28.1431
2.64 3.12 26.8051 1.14886 26.8051
2.64 3.24 23.7099 0.443274 23.7099
2.64 3.36 17.5652 -0.935393 17.5652
2.64 3.48 8.09407 -1.82491 8.09407
2.64 3.6 -0.707141 1.50628 -0.707141
2.64 3.72 -4.02071 9.77805 -4.02071
2.64 3.84 -3.78265 17.5457 -3.78265
2.64 3.96 -3.31352 21.9568 -3.31352
2.64 4.08 -3.36353 23.8718 -3.36353
2.64 4.2 -3.75039 24.5109 -3.75039
2.64 4.32 -4.29197 24.5452 -4.29197
2.64 4.44 -4.89946 24.2796 -4.89946
2.64 4.56 -5.52394 23.8603 -5.52394
2.64 4.68 -6.14621 23.355 -6.14621
2.64 4.8 -6.75064 22.8044 -6.75064
2.64 4.92 -7.31902 22.243 -7.31902
2.64 5.04 -7.83384 21.6983 -7.83384
2.64 5.16 -8.28188 21.1949 -8.28188
2.64 5.28 -8.64967 20.7562 -8.64967
2.64 5.4 -8.94132 20.387 -8.94132
2.64 5.52 -9.1574 20.0979 -9.1574
2.64 5.64 3.43739 32.6263 3.43739
2.64 5.76 -24.8572 4.31042 -24.8572
2.64 5.88 -10.904 18.1729 -10.904
2.76 0 -17.7881 11.4992 -17.7881
2.76 0.12 -13.9642 15.3339 -13.9642
2.76 0.24 -13.8257 15.526 -13.8257
2.76 0.36 -8.79122 20.6217 -8.79122
2.76 0.48 -8.64593 20.8316 -8.64593
2.76 0.6 -8.17379 21.3603 -8.17379
2.76 0.72 -7.66618 21.9065 -7.66618
2.76 0.84 -7.09586 22.4867 -7.09586
2.76 0.96 -6.4795 23.0745 -6.4795
2.76 1.08 -5.84462 23.6285 -5.84462
2.76 1.2 -5.19506 24.1244 -5.19506
2.76 1.32 -4.55833 24.4999 -4.55833
2.76 1.44 -3.95964 24.6602 -3.95964
2.76 1.56 -3.45981 24.396 -3.45981
2.76 1.68 -3.20316 23.218 -3.20316
2.76 1.8 -3.44791 20.0726 -3.44791
2.76 1.92 -4.07539 13.5115 -4.07539
2.76 2.04 -2.63206 4.34454 -2.63206
2.76 2.16 5.03943 -1.39825 5.03943
2.76 2.28 15.8938 -1.22999 15.8938
2.76 2.4 23.5883 0.41043 23.5883
2.76 2.52 27.4116 1.26851 27.4116
2.76 2.64 29.0258 1.48762 29.0258
2.76 2.76 29.6314 1.48354 29.6314
2.76 2.88 29.7645 1.4737 29.7645
2.76 3 29.5542 1.51444 29.5542
2.76 3.12 28.7854 1.51444 28.7854
2.76 3.24 26.7685 1.19342 26.7685
2.76 3.36 22.1292 0.120634 22.1292
2.76 3.48 13.3805 -1.52424 13.3805
2.76 3.6 2.63153 -0.551843 2.63153
2.76 3.72 -3.38279 6.59394 -3.38279
2.76 3.84 -3.9244 15.4501 -3.9244
2.76 3.96 -3.34036 21.0399 -3.34036
2.76 4.08 -3.2535 23.5633 -3.2535
2.76 4.2 -3.58412 24.4611 -3.58412
2.76 4.32 -4.11399 24.6005 -4.11399
2.76 4.44 -4.72838 24.3756 -4.72838
2.76 4.56 -5.36894 23.9667 -5.36894
2.76 4.68 -6.01366 23.4541 -6.01366
2.76 4.8 -6.64672 22.8833 -6.64672
2.76 4.92 -7.25014 22.2904 -7.25014
2.76 5.04 -7.8055 21.7049 -7.8055
2.76 5.16 -8.29808 21.1536 -8.29808
2.76 5.28 -8.7115 20.6635 -8.7115
2.76 5.4 -9.04629 20.2439 -9.04629
2.76 5.52 -9.29822 19.9115 -9.29822
2.76 5.64 3.26685 32.4032 3.26685
2.76 5.76 -25.0247 4.08723 -25.0247
2.76 5.88 -11.1338 17.8811 -11.1338
2.88 0 -17.8537 11.4201 -17.8537
2.88 0.12 -14.029 15.2561 -14.029
2.88 0.24 -13.8774 15.4628 -13.8774
2.88 0.36 -8.82705 20.5761 -8.82705
2.88 0.48 -8.66219 20.8072 -8.66219
2.88 0.6 -8.16878 21.358 -8.16878
2.88 0.72 -7.64014 21.925 -7.64014
2.88 0.84 -7.05053 22.5228 -7.05053
2.88 0.96 -6.4174 23.1236 -6.4174
2.88 1.08 -5.76852 23.6848 -5.76852
2.88 1.2 -5.10785 24.1803 -5.10785
2.88 1.32 -4.46339 24.5436 -4.46339
2.88 1.44 -3.86351 24.6676 -3.86351
2.88 1.56 -3.37868 24.3106 -3.37868
2.88 1.68 -3.17611 22.8996 -3.17611
2.88 1.8 -3.52554 19.223 -3.52554
2.88 1.92 -4.06771 11.8406 -4.06771
2.88 2.04 -1.47327 2.59739 -1.47327
2.88 2.16 7.96296 -1.70364 7.96296
2.88 2.28 18.8947 -0.611959 18.8947
2.88 2.4 25.5873 0.926896 25.5873
2.88 2.52 28.5785 1.49878 28.5785
2.88 2.64 29.7248 1.52799 29.7248
2.88 2.76 30.1116 1.42993 30.1116
2.88 2.88 30.1914 1.39639 30.1914
2.88 3 30.0714 1.47567 30.0714
2.88 3.12 29.574 1.59012 29.574
2.88 3.24 28.1111 1.48889 28.1111
2.88 3.36 24.4008 0.710304 24.4008
2.88 3.48 16.546 -1.00116 16.546
2.88 3.6 5.22692 -1.25451 5.22692
2.88 3.72 -2.63289 4.70878 -2.63289
2.88 3.84 -3.98397 13.9803 -3.98397
2.88 3.96 -3.38711 20.3558 -3.38711
2.88 4.08 -3.20822 23.3181 -3.20822
2.88 4.2 -3.49694 24.4036 -3.49694
2.88 4.32 -4.01635 24.6186 -4.01635
2.88 4.44 -4.63317 24.4236 -4.63317
2.88 4.56 -5.28178 24.0243 -5.28178
2.88 4.68 -5.93787 23.5105 -5.93787
2.88 4.8 -6.58529 22.9312 -6.58529
2.88 4.92 -7.20623 22.3238 -7.20623
2.88 5.04 -7.78188 21.7188 -7.78188
2.88 5.16 -8.29692 21.1442 -8.29692
2.88 5.28 -8.73352 20.6286 -8.73352
2.88 5.4 -9.09045 20.1838 -9.09045
2.88 5.52 -9.36113 19.8293 -9.36113
2.88 5.64 3.18907 32.3029 3.18907
2.88 5.76 -25.1026 3.98542 -25.1026
2.88 5.88 -11.2398 17.7482 -11.2398
3 0 -17.8348 11.4497 -17.8348
3 0.12 -14.0102 15.2853 -14.0102
3 0.24 -13.8594 15.4901 -13.8594
3 0.36 -8.80983 20.6014 -8.80983
3 0.48 -8.64641 20.8295 -8.64641
3 0.6 -8.15431 21.3774 -8.15431
3 0.72 -7.62672 21.9417 -7.62672
3 0.84 -7.03771 22.5372 -7.03771
3 0.96 -6.40465 23.1359 -6.40465
3 1.08 -5.75525 23.6949 -5.75525
3 1.2 -5.09357 24.1875 -5.09357
3 1.32 -4.44793 24.5452 -4.44793
3 1.44 -3.848 24.6563 -3.848
3 1.56 -3.3679 24.2668 -3.3679
3 1.68 -3.18315 22.7722 -3.18315
3 1.8 -3.56531 18.9043 -3.56531
3 1.92 -4.05085 11.2481 -4.05085
3 2.04 -0.991554 2.06334 -0.991554
3 2.16 9.00961 -1.70522 9.00961
3 2.28 19.8577 -0.372344 19.8577
3 2.4 26.1907 1.09948 26.1907
3 2.52 28.9246 1.58019 28.9246
3 2.64 29.9352 1.55585 29.9352
3 2.76 30.2606 1.43283 30.2606
3 2.88 30.3259 1.39325 30.3259
3 3 30.2312 1.48271 30.2312
3 3.12 29.8107 1.62813 29.8107
3 3.24 28.5112 1.59053 28.5112
3 3.36 25.0978 0.912129 25.0978
3 3.48 17.5933 -0.771891 17.5933
3 3.6 6.19679 -1.38289 6.19679
3 3.72 -2.30115 4.10003 -2.30115
3 3.84 -3.99947 13.4471 -3.99947
3 3.96 -3.41648 20.0951 -3.41648
3 4.08 -3.20825 23.2166 -3.20825
3 4.2 -3.48343 24.3696 -3.48343
3 4.32 -3.99971 24.6111 -3.99971
3 4.44 -4.61706 24.4269 -4.61706
3 4.56 -5.26701 24.0324 -5.26701
3 4.68 -5.92432 23.5212 -5.92432
3 4.8 -6.57257 22.9437 -6.57257
3 4.92 -7.19394 22.3379 -7.19394
3 5.04 -7.76962 21.7348 -7.76962
3 5.16 -8.28438 21.1622 -8.28438
3 5.28 -8.7205 20.6489 -8.7205
3 5.4 -9.07684 20.2064 -9.07684
3 5.52 -9.34701 19.8539 -9.34701
3 5.64 3.20491 32.3306 3.20491
3 5.76 -25.0885 4.01188 -25.0885
3 5.88 -11.2216 17.7801 -11.2216
3.12 0 -17.7319 11.5859 -17.7319
3.12 0.12 -13.9085 15.4194 -13.9085
3.12 0.24 -13.7727 15.6058 -13.7727
3.12 0.36 -8.74074 20.6953 -8.74074
3.12 0.48 -8.59958 20.8968 -8.59958
3.12 0.6 -8.13123 21.4171 -8.13123
3.12 0.72 -7.62671 21.9555 -7.62671
3.12 0.84 -7.05831 22.5288 -7.05831
3.12 0.96 -6.44246 23.1103 -6.44246
3.12 1.08 -5.8065 23.6577 -5.8065
3.12 1.2 -5.15453 24.1447 -5.15453
3.12 1.32 -4.51498 24.5039 -4.51498
3.12 1.44 -3.91657 24.6276 -3.91657
3.12 1.56 -3.42992 24.2733 -3.42992
3.12 1.68 -3.22249 22.8665 -3.22249
3.12 1.8 -3.56571 19.1913 -3.56571
3.12 1.92 -4.10066 11.8051 -4.10066
3.12 2.04 -1.47629 2.58009 -1.47629
3.12 2.16 8.01164 -1.67117 8.01164
3.12 2.28 18.967 -0.548034 18.967
3.12 2.4 25.6654 1.00675 25.6654
3.12 2.52 28.6653 1.59441 28.6653
3.12 2.64 29.8212 1.63704 29.8212
3.12 2.76 30.215 1.54774 30.215
3.12 2.88 30.2974 1.51704 30.2974
3.12 3 30.175 1.59289 30.175
3.12 3.12 29.6714 1.69832 29.6714
3.12 3.24 28.2019 1.58435 28.2019
3.12 3.36 24.4907 0.793345 24.4907
3.12 3.48 16.6389 -0.931911 16.6389
3.12 3.6 5.2899 -1.22791 5.2899
3.12 3.72 -2.63165 4.67912 -2.63165
3.12 3.84 -4.01352 13.9389 -4.01352
3.12 3.96 -3.42584 20.32 -3.42584
3.12 4.08 -3.25353 23.2822 -3.25353
3.12 4.2 -3.54664 24.3652 -3.54664
3.12 4.32 -4.06765 24.5785 -4.06765
3.12 4.44 -4.68312 24.3844 -4.68312
3.12 4.56 -5.32707 23.9896 -5.32707
3.12 4.68 -5.97489 23.4847 -5.97489
3.12 4.8 -6.61002 22.9194 -6.61002
3.12 4.92 -7.21447 22.3314 -7.21447
3.12 5.04 -7.76981 21.7514 -7.76981
3.12 5.16 -8.26158 21.206 -8.26158
3.12 5.28 -8.6736 20.7224 -8.6736
3.12 5.4 -9.00677 20.3093 -9.00677
3.12 5.52 -9.25739 19.9825 -9.25739
3.12 5.64 3.31231 32.4824 3.31231
3.12 5.76 -24.9842 4.16301 -24.9842
3.12 5.88 -11.0812 17.9726 -11.0812
3.24 0 -17.5445 11.8244 -17.5445
3.24 0.12 -13.7224 15.6552 -13.7224
3.24 0.24 -13.6145 15.8083 -13.6145
3.24 0.36 -8.61511 20.8591 -8.61511
3.24 0.48 -8.51562 21.0125 -8.51562
3.24 0.6 -8.09227 21.4823 -8.09227
3.24 0.72 -7.63217 21.9727 -7.63217
3.24 0.84 -7.1042 22.5046 -7.1042
3.24 0.96 -6.52286 23.0537 -6.52286
3.24 1.08 -5.91465 23.5794 -5.91465
3.24 1.2 -5.28353 24.0571 -5.28353
3.24 1.32 -4.65781 24.4231 -4.65781
3.24 1.44 -4.06343 24.5813 -4.06343
3.24 1.56 -3.56161 24.3207 -3.56161
3.24 1.68 -3.29701 23.149 -3.29701
3.24 1.8 -3.53015 20.0059 -3.53015
3.24 1.92 -4.14388 13.4354 -4.14388
3.24 2.04 -2.64843 4.29077 -2.64843
3.24 2.16 5.13112 -1.35544 5.13112
3.24 2.28 16.0502 -1.10772 16.0502
3.24 2.4 23.7556 0.567617 23.7556
3.24 2.52 27.5879 1.45291 27.5879
3.24 2.64 29.2155 1.69563 29.2155
3.24 2.76 29.8321 1.70731 29.8321
3.24 2.88 29.9696 1.70267 29.9696
3.24 3 29.7561 1.73739 29.7561
3.24 3.12 28.9794 1.72171 28.9794
3.24 3.24 26.9576 1.3797 26.9576
3.24 3.36 22.3263 0.286546 22.3263
3.24 3.48 13.577 -1.39586 13.577
3.24 3.6 2.74335 -0.528199 2.74335
3.24 3.72 -3.39398 6.51709 -3.39398
3.24 3.84 -3.98749 15.3638 -3.98749
3.24 3.96 -3.42014 20.9657 -3.42014
3.24 4.08 -3.34492 23.4898 -3.34492
3.24 4.2 -3.68265 24.384 -3.68265
3.24 4.32 -4.21426 24.5215 -4.21426
3.24 4.44 -4.82464 24.2999 -4.82464
3.24 4.56 -5.45473 23.9012 -5.45473
3.24 4.68 -6.08191 23.4073 -6.08191
3.24 4.8 -6.68956 22.865 -6.68956
3.24 4.92 -7.25954 22.3112 -7.25954
3.24 5.04 -7.7743 21.7747 -7.7743
3.24 5.16 -8.22101 21.2805 -8.22101
3.24 5.28 -8.58657 20.8515 -8.58657
3.24 5.4 -8.87566 20.492 -8.87566
3.24 5.52 -9.08959 20.2114 -9.08959
3.24 5.64 3.51296 32.7528 3.51296
3.24 5.76 -24.7902 4.43034 -24.7902
3.24 5.88 -10.8167 18.3186 -10.8167
3.36 0 -17.2713 12.1584 -17.2713
3.36 0.12 -13.4498 15.987 -13.4498
3.36 0.24 -13.3812 16.0949 -13.3812
3.36 0.36 -8.42673 21.0936 -8.42673
3.36 0.48 -8.38518 21.1816 -8.38518
3.36 0.6 -8.02549 21.5818 -8.02549
3.36 0.72 -7.62956 22.0044 -7.62956
3.36 0.84 -7.16131 22.4762 -7.16131
3.36 0.96 -6.63215 22.977 -6.63215
3.36 1.08 -6.06698 23.4691 -6.06698
3.36 1.2 -5.46921 23.9309 -5.46921
3.36 1.32 -4.86688 24.3039 -4.86688
3.36 1.44 -4.28228 24.5078 -4.28228
3.36 1.56 -3.7642 24.3746 -3.7642
3.36 1.68 -3.42512 23.5238 -3.42512
3.36 1.8 -3.491 21.1245 -3.491
3.36 1.92 -4.06568 15.8488 -4.06568
3.36 2.04 -3.81015 7.41953 -3.81015
3.36 2.16 1.09893 0.044107 1.09893
3.36 2.28 10.8478 -1.73674 10.8478
3.36 2.4 19.7078 -0.378709 19.7078
3.36 2.52 24.97 0.890217 24.97
3.36 2.64 27.5214 1.4835 27.5214
3.36 2.76 28.5969 1.68781 28.5969
3.36 2.88 28.8495 1.73387 28.8495
3.36 3 28.4452 1.68788 28.4452
3.36 3.12 27.109 1.44278 27.109
3.36 3.24 24.0281 0.716252 24.0281
3.36 3.36 17.9065 -0.694004 17.9065
3.36 3.48 8.39297 -1.68075 8.39297
3.36 3.6 -0.583797 1.47045 -0.583797
3.36 3.72 -4.05852 9.64098 -4.05852
3.36 3.84 -3.87656 17.42 -3.87656
3.36 3.96 -3.42972 21.8483 -3.42972
3.36 4.08 -3.49521 23.7641 -3.49521
3.36 4.2 -3.8905 24.3996 -3.8905
3.36 4.32 -4.43252 24.4337 -4.43252
3.36 4.44 -5.03181 24.1754 -5.03181
3.36 4.56 -5.63838 23.7738 -5.63838
3.36 4.68 -6.23229 23.2985 -6.23229
3.36 4.8 -6.79697 22.792 -6.79697
3.36 4.92 -7.31446 22.289 -7.31446
3.36 5.04 -7.76888 21.8159 -7.76888
3.36 5.16 -8.15014 21.3937 -8.15014
3.36 5.28 -8.44964 21.0404 -8.44964
3.36 5.4 -8.67713 20.7535 -8.67713
3.36 5.52 -8.84062 20.5343 -8.84062
3.36 5.64 3.80717 33.131 3.80717
3.36 5.76 -24.5076 4.8011 -24.5076
3.36 5.88 -10.4291 18.8043 -10.4291
3.48 0 -16.914 12.5769 -16.914
3.48 0.12 -13.0912 16.4055 -13.0912
3.48 0.24 -13.0703 16.4597 -13.0703
3.48 0.36 -8.16909 21.3983 -8.16909
3.48 0.48 -8.19736 21.4095 -8.19736
3.48 0.6 -7.916 21.7257 -7.916
3.48 0.72 -7.60098 22.0644 -7.60098
3.48 0.84 -7.21008 22.4596 -7.21008
3.48 0.96 -6.7503 22.8964 -6.7503
3.48 1.08 -6.24393 23.3415 -6.24393
3.48 1.2 -5.69309 23.7773 -5.69309
3.48 1.32 -5.12536 24.1516 -5.12536
3.48 1.44 -4.55954 24.4005 -4.55954
3.48 1.56 -4.03236 24.3996 -4.03236
3.48 1.68 -3.62272 23.882 -3.62272
3.48 1.8 -3.50146 22.2679 -3.50146
3.48 1.92 -3.8641 18.5275 -3.8641
3.48 2.04 -4.32089 11.7441 -4.32089
3.48 2.16 -2.51526 3.60653 -2.51526
3.48 2.28 4.02724 -1.20337 4.02724
3.48 2.4 12.738 -1.5682 12.738
3.48 2.52 19.5286 -0.381795 19.5286
3.48 2.64 23.4769 0.571736 23.4769
3.48 2.76 25.3445 1.04938 25.3445
3.48 2.88 25.8053 1.17412 25.8053
3.48 3 25.0563 1.00301 25.0563
3.48 3.12 22.7742 0.445242 22.7742
3.48 3.24 18.1816 -0.611219 18.1816
3.48 3.36 10.733 -1.65443 10.733
3.48 3.48 2.13792 -0.41527 2.13792
3.48 3.6 -3.25175 5.52009 -3.25175
3.48 3.72 -4.22746 13.6456 -4.22746
3.48 3.84 -3.71377 19.6441 -3.71377
3.48 3.96 -3.49609 22.7444 -3.49609
3.48 4.08 -3.71357 24.0205 -3.71357
3.48 4.2 -4.16269 24.3852 -4.16269
3.48 4.32 -4.70833 24.3113 -4.70833
3.48 4.44 -5.28763 24.0177 -5.28763
3.48 4.56 -5.85938 23.6196 -5.85938
3.48 4.68 -6.40617 23.1735 -6.40617
3.48 4.8 -6.91179 22.7169 -6.91179
3.48 4.92 -7.35914 22.2812 -7.35914
3.48 5.04 -7.73514 21.8887 -7.73514
3.48 5.16 -8.03371 21.5554 -8.03371
3.48 5.28 -8.25195 21.2925 -8.25195
3.48 5.4 -8.40544 21.0902 -8.40544
3.48 5.52 -8.50984 20.9406 -8.50984
3.48 5.64 4.1914 33.6003 4.1914
3.48 5.76 -24.1428 5.25457 -24.1428
3.48 5.88 -9.92426 19.408 -9.92426
3.6 0 -16.4778 13.065 -16.4778
3.6 0.12 -12.6504 16.8971 -12.6504
3.6 0.24 -12.6827 16.8933 -12.6827
3.6 0.36 -7.83848 21.7696 -7.83848
3.6 0.48 -7.94311 21.6991 -7.94311
3.6 0.6 -7.74952 21.9235 -7.74952
3.6 0.72 -7.52783 22.1672 -7.52783
3.6 0.84 -7.22907 22.4722 -7.22907
3.6 0.96 -6.85464 22.8304 -6.85464
3.6 1.08 -6.42295 23.2138 -6.42295
3.6 1.2 -5.93372 23.6104 -5.93372
3.6 1.32 -5.41372 23.9742 -5.41372
3.6 1.44 -4.87886 24.2561 -4.87886
3.6 1.56 -4.35649 24.3684 -4.35649
3.6 1.68 -3.89771 24.1384 -3.89771
3.6 1.8 -3.61556 23.2036 -3.61556
3.6 1.92 -3.68171 20.8957 -3.68171
3.6 2.04 -4.15865 16.3043 -4.15865
3.6 2.16 -4.23687 9.36761 -4.23687
3.6 2.28 -1.81063 2.54041 -1.81063
3.6 2.4 3.89477 -1.09297 3.89477
3.6 2.52 10.47 -1.65387 10.47
3.6 2.64 15.4524 -1.09026 15.4524
3.6 2.76 18.212 -0.559586 18.212
3.6 2.88 18.9401 -0.39145 18.9401
3.6 3 17.7552 -0.625422 17.7552
3.6 3.12 14.476 -1.18911 14.476
3.6 3.24 8.99868 -1.61409 8.99868
3.6 3.36 2.38131 -0.463582 2.38131
3.6 3.48 -2.62876 4.06369 -2.62876
3.6 3.6 -4.27529 11.2017 -4.27529
3.6 3.72 -3.98669 17.6273 -3.98669
3.6 3.84 -3.61195 21.5751 -3.61195
3.6 3.96 -3.65775 23.4709 -3.65775
3.6 4.08 -4.00311 24.1915 -4.00311
3.6 4.2 -4.48835 24.3199 -4.48835
3.6 4.32 -5.02506 24.1536 -5.02506
3.6 4.44 -5.57255 23.8357 -5.57255
3.6 4.56 -6.09623 23.453 -6.09623
3.6 4.68 -6.58083 23.0498 -6.58083
3.6 4.8 -7.0111 22.6581 -7.0111
3.6 4.92 -7.37193 22.3049 -7.37193
3.6 5.04 -7.65439 22.0068 -7.65439
3.6 5.16 -7.85757 21.7736 -7.85757
3.6 5.28 -7.98504 21.6086 -7.98504
3.6 5.4 -8.05814 21.4952 -8.05814
3.6 5.52 -8.10024 21.4162 -8.10024
3.6 5.64 4.65864 34.1412 4.65864
3.6 5.76 -23.7051 5.76868 -23.7051
3.6 5.88 -9.31283 20.1044 -9.31283
3.72 0 -15.9722 13.6034 -15.9722
3.72 0.12 -12.1363 17.4434 -12.1363
3.72 0.24 -12.2246 17.3809 -12.2246
3.72 0.36 -7.43669 22.198 -7.43669
3.72 0.48 -7.61843 22.0476 -7.61843
3.72 0.6 -7.51584 22.1795 -7.51584
3.72 0.72 -7.3942 22.3237 -7.3942
3.72 0.84 -7.19795 22.5298 -7.19795
3.72 0.96 -6.92211 22.7972 -6.92211
3.72 1.08 -6.57996 23.1048 -6.57996
3.72 1.2 -6.16746 23.4467 -6.16746
3.72 1.32 -5.70974 23.7837 -5.70974
3.72 1.44 -5.22021 24.0789 -5.22021
3.72 1.56 -4.72011 24.2714 -4.72011
3.72 1.68 -4.24167 24.2552 -4.24167
3.72 1.8 -3.85345 23.8219 -3.85345
3.72 1.92 -3.66378 22.6008 -3.66378
3.72 2.04 -3.81534 19.9968 -3.81534
3.72 2.16 -4.2454 15.4908 -4.2454
3.72 2.28 -4.21694 9.53049 -4.21694
3.72 2.4 -2.566 3.96181 -2.566
3.72 2.52 0.820557 0.479746 0.820557
3.72 2.64 4.53439 -0.961817 4.53439
3.72 2.76 7.11829 -1.33543 7.11829
3.72 2.88 7.87485 -1.36995 7.87485
3.72 3 6.66702 -1.25881 6.66702
3.72 3.12 3.73937 -0.685935 3.73937
3.72 3.24 -0.0255126 1.18573 -0.0255126
3.72 3.36 -3.06079 5.22706 -3.06079
3.72 3.48 -4.25035 11.0517 -4.25035
3.72 3.6 -4.08748 16.7396 -4.08748
3.72 3.72 -3.71705 20.7437 -3.71705
3.72 3.84 -3.66743 22.9515 -3.66743
3.72 3.96 -3.92641 23.94 -3.92641
3.72 4.08 -4.35428 24.2461 -4.35428
3.72 4.2 -4.85105 24.197 -4.85105
3.72 4.32 -5.36294 23.9661 -5.36294
3.72 4.44 -5.86458 23.6422 -5.86458
3.72 4.56 -6.32545 23.2909 -6.32545
3.72 4.68 -6.73234 22.9463 -6.73234
3.72 4.8 -7.07207 22.6341 -7.07207
3.72 4.92 -7.33291 22.3755 -7.33291
3.72 5.04 -7.51133 22.1803 -7.51133
3.72 5.16 -7.61239 22.0512 -7.61239
3.72 5.28 -7.64605 21.984 -7.64605
3.72 5.4 -7.63853 21.9562 -7.63853
3.72 5.52 -7.62049 21.9423 -7.62049
3.72 5.64 5.19554 34.7291 5.19554
3.72 5.76 -23.2088 6.31726 -23.2088
3.72 5.88 -8.61337 20.862 -8.61337
3.84 0 -15.4108 14.1689 -15.4108
3.84 0.12 -11.5618 18.0221 -11.5618
3.84 0.24 -11.7058 17.904 -11.7058
3.84 0.36 -6.96947 22.6698 -6.96947
3.84 0.48 -7.22396 22.4476 -7.22396
3.84 0.6 -7.2096 22.4932 -7.2096
3.84 0.72 -7.18839 22.5406 -7.18839
3.84 0.84 -7.09918 22.6455 -7.09918
3.84 0.96 -6.93057 22.8149 -6.93057
3.84 1.08 -6.68988 23.0349 -6.68988
3.84 1.2 -6.36802 23.3073 -6.36802
3.84 1.32 -5.98712 23.5995 -5.98712
3.84 1.44 -5.55806 23.8846 -5.55806
3.84 1.56 -5.09824 24.1202 -5.09824
3.84 1.68 -4.62921 24.2417 -4.62921
3.84 1.8 -4.19251 24.1334 -4.19251
3.84 1.92 -3.84531 23.6122 -3.84531
3.84 2.04 -3.68735 22.3699 -3.68735
3.84 2.16 -3.80428 20.0442 -3.80428
3.84 2.28 -4.11547 16.4906 -4.11547
3.84 2.4 -4.25778 12.16 -4.25778
3.84 2.52 -3.79551 8.08838 -3.79551
3.84 2.64 -2.78365 5.14742 -2.78365
3.84 2.76 -1.80525 3.55993 -1.80525
3.84 2.88 -1.46775 3.16051 -1.46775
3.84 3 -1.96932 3.85531 -1.96932
3.84 3.12 -2.99521 5.77445 -2.99521
3.84 3.24 -3.8987 9.03109 -3.8987
3.84 3.36 -4.19929 13.2385 -4.19929
3.84 3.48 -3.98376 17.435 -3.98376
3.84 3.6 -3.7101 20.6901 -3.7101
3.84 3.72 -3.6739 22.7198 -3.6739
3.84 3.84 -3.89382 23.7586 -3.89382
3.84 3.96 -4.28063 24.1581 -4.28063
3.84 4.08 -4.74351 24.1919 -4.74351
3.84 4.2 -5.22693 24.0279 -5.22693
3.84 4.32 -5.69718 23.7647 -5.69718
3.84 4.44 -6.13804 23.4564 -6.13804
3.84 4.56 -6.52125 23.1541 -6.52125
3.84 4.68 -6.83621 22.8831 -6.83621
3.84 4.8 -7.07323 22.6619 -7.07323
3.84 4.92 -7.22542 22.505 -7.22542
3.84 5.04 -7.29532 22.4145 -7.29532
3.84 5.16 -7.29417 22.3859 -7.29417
3.84 5.28 -7.23732 22.4089 -7.23732
3.84 5.4 -7.15448 22.4567 -7.15448
3.84 5.52 -7.08258 22.4972 -7.08258
3.84 5.64 5.78827 35.3398 5.78827
3.84 5.76 -22.6685 6.87526 -22.6685
3.84 5.88 -7.84367 21.6515 -7.84367
3.96 0 -14.8099 14.7347 -14.8099
3.96 0.12 -10.9433 18.6064 -10.9433
3.96 0.24 -11.1407 18.4382 -11.1407
3.96 0.36 -6.44892 23.164 -6.44892
3.96 0.48 -6.76812 22.8826 -6.76812
3.96 0.6 -6.83421 22.8542 -6.83421
3.96 0.72 -6.90794 22.8142 -6.90794
3.96 0.84 -6.92417 22.8226 -6.92417
3.96 0.96 -6.86588 22.8928 -6.86588
3.96 1.08 -6.73432 23.0182 -6.73432
3.96 1.2 -6.51451 23.2082 -6.51451
3.96 1.32 -6.2241 23.4381 -6.2241
3.96 1.44 -5.87064 23.6895 -5.87064
3.96 1.56 -5.46856 23.9325 -5.46856
3.96 1.68 -5.03396 24.1263 -5.03396
3.96 1.8 -4.59465 24.2051 -4.59465
3.96 1.92 -4.17962 24.0832 -4.17962
3.96 2.04 -3.84603 23.6164 -3.84603
3.96 2.16 -3.65778 22.6339 -3.65778
3.96 2.28 -3.65319 21.0103 -3.65319
3.96 2.4 -3.80207 18.7927 -3.80207
3.96 2.52 -3.96865 16.3309 -3.96865
3.96 2.64 -4.03463 14.1556 -4.03463
3.96 2.76 -4.00562 12.7352 -4.00562
3.96 2.88 -3.97452 12.3308 -3.97452
3.96 3 -3.99034 12.999 -3.99034
3.96 3.12 -3.98806 14.6324 -3.98806
3.96 3.24 -3.88411 16.9201 -3.88411
3.96 3.36 -3.71164 19.3534 -3.71164
3.96 3.48 -3.59239 21.4425 -3.59239
3.96 3.6 -3.64447 22.9068 -3.64447
3.96 3.72 -3.88115 23.7487 -3.88115
3.96 3.84 -4.24881 24.1178 -4.24881
3.96 3.96 -4.68828 24.176 -4.68828
3.96 4.08 -5.14743 24.0513 -5.14743
3.96 4.2 -5.59514 23.8279 -5.59514
3.96 4.32 -6.00699 23.5645 -6.00699
3.96 4.44 -6.37187 23.2944 -6.37187
3.96 4.56 -6.66345 23.0585 -6.66345
3.96 4.68 -6.87492 22.8736 -6.87492
3.96 4.8 -7.00142 22.7504 -7.00142
3.96 4.92 -7.04212 22.6957 -7.04212
3.96 5.04 -7.00535 22.7044 -7.00535
3.96 5.16 -6.90792 22.7658 -6.90792
3.96 5.28 -6.76897 22.8652 -6.76897
3.96 5.4 -6.61995 22.9739 -6.61995
3.96 5.52 -6.50299 23.055 -6.50299
3.96 5.64 6.41812 35.9444 6.41812
3.96 5.76 -22.1021 7.41421 -22.1021
3.96 5.88 -7.02712 22.4378 -7.02712
4.08 0 -14.1854 15.2709 -14.1854
4.08 0.12 -10.2973 19.1662 -10.2973
4.08 0.24 -10.5453 18.955 -10.5453
4.08 0.36 -5.89009 23.6542 -5.89009
4.08 0.48 -6.26375 23.33 -6.26375
4.08 0.6 -6.3991 23.2449 -6.3991
4.08 0.72 -6.55757 23.1331 -6.55757
4.08 0.84 -6.67195 23.0567 -6.67195
4.08 0.96 -6.72097 23.0336 -6.72097
4.08 1.08 -6.70068 23.0635 -6.70068
4.08 1.2 -6.59017 23.1632 -6.59017
4.08 1.32 -6.40147 23.3161 -6.40147
4.08 1.44 -6.13768 23.5121 -6.13768
4.08 1.56 -5.80986 23.7307 -5.80986
4.08 1.68 -5.43091 23.9451 -5.43091
4.08 1.8 -5.02225 24.1145 -5.02225
4.08 1.92 -4.60057 24.1978 -4.60057
4.08 2.04 -4.20167 24.1248 -4.20167
4.08 2.16 -3.86191 23.8242 -3.86191
4.08 2.28 -3.61639 23.2405 -3.61639
4.08 2.4 -3.48808 22.3718 -3.48808
4.08 2.52 -3.45508 21.3343 -3.45508
4.08 2.64 -3.47199 20.3441 -3.47199
4.08 2.76 -3.49462 19.6498 -3.49462
4.08 2.88 -3.49408 19.4438 -3.49408
4.08 3 -3.47152 19.777 -3.47152
4.08 3.12 -3.43399 20.561 -3.43399
4.08 3.24 -3.41321 21.5861 -3.41321
4.08 3.36 -3.46421 22.5942 -3.46421
4.08 3.48 -3.61748 23.4018 -3.61748
4.08 3.6 -3.88992 23.9159 -3.88992
4.08 3.72 -4.25691 24.1516 -4.25691
4.08 3.84 -4.67742 24.1747 -4.67742
4.08 3.96 -5.11751 24.0549 -5.11751
4.08 4.08 -5.5437 23.8542 -5.5437
4.08 4.2 -5.93584 23.6173 -5.93584
4.08 4.32 -6.27298 23.3833 -6.27298
4.08 4.44 -6.54757 23.1723 -6.54757
4.08 4.56 -6.73605 23.0172 -6.73605
4.08 4.68 -6.83672 22.9262 -6.83672
4.08 4.8 -6.8506 22.9017 -6.8506
4.08 4.92 -6.78319 22.9426 -6.78319
4.08 5.04 -6.6474 23.0381 -6.6474
4.08 5.16 -6.46438 23.1728 -6.46438
4.08 5.28 -6.25504 23.33 -6.25504
4.08 5.4 -6.05092 23.4814 -6.05092
4.08 5.52 -5.89876 23.5867 -5.89876
4.08 5.64 7.06752 36.5124 7.06752
4.08 5.76 -21.5262 7.90417 -21.5262
4.08 5.88 -6.18446 23.1856 -6.18446
4.2 0 -13.5532 15.7401 -13.5532
4.2 0.12 -9.6398 19.6643 -9.6398
4.2 0.24 -9.93534 19.42 -9.93534
4.2 0.36 -5.30827 24.1089 -5.30827
4.2 0.48 -5.7255 23.7615 -5.7255
4.2 0.6 -5.91736 23.6412 -5.91736
4.2 0.72 -6.14754 23.4785 -6.14754
4.2 0.84 -6.34848 23.3352 -6.34848
4.2 0.96 -6.49636 23.232 -6.49636
4.2 1.08 -6.58353 23.1728 -6.58353
4.2 1.2 -6.58412 23.1809 -6.58412
4.2 1.32 -6.50412 23.2476 -6.50412
4.2 1.44 -6.34129 23.3711 -6.34129
4.2 1.56 -6.1023 23.5392 -6.1023
4.2 1.68 -5.79695 23.7346 -5.79695
4.2 1.8 -5.44307 23.9295 -5.44307
4.2 1.92 -5.05272 24.1021 -5.05272
4.2 2.04 -4.65369 24.2116 -4.65369
4.2 2.16 -4.26975 24.225 -4.26975
4.2 2.28 -3.92861 24.1162 -3.92861
4.2 2.4 -3.65492 23.8803 -3.65492
4.2 2.52 -3.45556 23.5587 -3.45556
4.2 2.64 -3.32674 23.2295 -3.32674
4.2 2.76 -3.25791 22.9874 -3.25791
4.2 2.88 -3.23157 22.9164 -3.23157
4.2 3 -3.25181 23.0341 -3.25181
4.2 3.12 -3.31973 23.3072 -3.31973
4.2 3.24 -3.45187 23.6474 -3.45187
4.2 3.36 -3.66693 23.9513 -3.66693
4.2 3.48 -3.95554 24.1602 -3.95554
4.2 3.6 -4.31336 24.2361 -4.31336
4.2 3.72 -4.71607 24.1883 -4.71607
4.2 3.84 -5.13296 24.0485 -5.13296
4.2 3.96 -5.54022 23.8512 -5.54022
4.2 4.08 -5.91122 23.632 -5.91122
4.2 4.2 -6.23027 23.4182 -6.23027
4.2 4.32 -6.47802 23.2385 -6.47802
4.2 4.44 -6.65063 23.1036 -6.65063
4.2 4.56 -6.72883 23.0385 -6.72883
4.2 4.68 -6.71695 23.0425 -6.71695
4.2 4.8 -6.62211 23.1101 -6.62211
4.2 4.92 -6.45548 23.2329 -6.45548
4.2 5.04 -6.23258 23.3967 -6.23258
4.2 5.16 -5.9774 23.5829 -5.9774
4.2 5.28 -5.71078 23.7754 -5.71078
4.2 5.4 -5.463 23.9485 -5.463
4.2 5.52 -5.28531 24.0593 -5.28531
4.2 5.64 7.72183 37.0093 7.72183
4.2 5.76 -20.9553 8.30975 -20.9553
4.2 5.88 -5.3324 23.8551 -5.3324
4.32 0 -12.9326 16.0847 -12.9326
4.32 0.12 -8.99009 20.0446 -8.99009
4.32 0.24 -9.32962 19.7814 -9.32962
4.32 0.36 -4.7219 24.4817 -4.7219
4.32 0.48 -5.17138 24.1367 -5.17138
4.32 0.6 -5.40613 24.0085 -5.40613
4.32 0.72 -5.69331 23.8218 -5.69331
4.32 0.84 -5.96626 23.6362 -5.96626
4.32 0.96 -6.20021 23.4731 -6.20021
4.32 1.08 -6.38558 23.339 -6.38558
4.32 1.2 -6.4932 23.2618 -6.4932
4.32 1.32 -6.52362 23.2402 -6.52362
4.32 1.44 -6.46895 23.2802 -6.46895
4.32 1.56 -6.3306 23.3782 -6.3306
4.32 1.68 -6.11428 23.5245 -6.11428
4.32 1.8 -5.83438 23.7001 -5.83438
4.32 1.92 -5.5007 23.892 -5.5007
4.32 2.04 -5.13836 24.0704 -5.13836
4.32 2.16 -4.76686 24.2153 -4.76686
4.32 2.28 -4.41259 24.3069 -4.41259
4.32 2.4 -4.09816 24.3373 -4.09816
4.32 2.52 -3.83996 24.3174 -3.83996
4.32 2.64 -3.65004 24.2706 -3.65004
4.32 2.76 -3.53692 24.226 -3.53692
4.32 2.88 -3.4964 24.2159 -3.4964
4.32 3 -3.53847 24.2402 -3.53847
4.32 3.12 -3.6556 24.293 -3.6556
4.32 3.24 -3.85044 24.3415 -3.85044
4.32 3.36 -4.12266 24.3475 -4.12266
4.32 3.48 -4.44809 24.3018 -4.44809
4.32 3.6 -4.81663 24.1895 -4.81663
4.32 3.72 -5.20482 24.0212 -5.20482
4.32 3.84 -5.58511 23.8193 -5.58511
4.32 3.96 -5.93609 23.6075 -5.93609
4.32 4.08 -6.23336 23.4115 -6.23336
4.32 4.2 -6.46369 23.2495 -6.46369
4.32 4.32 -6.60988 23.1436 -6.60988
4.32 4.44 -6.67286 23.0959 -6.67286
4.32 4.56 -6.63895 23.1231 -6.63895
4.32 4.68 -6.51868 23.2159 -6.51868
4.32 4.8 -6.32452 23.3616 -6.32452
4.32 4.92 -6.07182 23.546 -6.07182
4.32 5.04 -5.77648 23.7535 -5.77648
4.32 5.16 -5.46409 23.964 -5.46409
4.32 5.28 -5.15399 24.1638 -5.15399
4.32 5.4 -4.8745 24.3312 -4.8745
4.32 5.52 -4.68184 24.4224 -4.68184
4.32 5.64 8.36161 37.3796 8.36161
4.32 5.76 -20.4106 8.57086 -20.4106
4.32 5.88 -4.49244 24.3824 -4.49244
4.44 0 -12.3542 16.198 -12.3542
4.44 0.12 -8.37679 20.2055 -8.37679
4.44 0.24 -8.75343 19.9503 -8.75343
4.44 0.36 -4.15219 24.6994 -4.15219
4.44 0.48 -4.62019 24.3969 -4.62019
4.44 0.6 -4.88248 24.3006 -4.88248
4.44 0.72 -5.21082 24.1266 -5.21082
4.44 0.84 -5.53995 23.9311 -5.53995
4.44 0.96 -5.84487 23.7354 -5.84487
4.44 1.08 -6.1155 23.5477 -6.1155
4.44 1.2 -6.32112 23.3992 -6.32112
4.44 1.32 -6.45806 23.295 -6.45806
4.44 1.44 -6.51339 23.2485 -6.51339
4.44 1.56 -6.48297 23.264 -6.48297
4.44 1.68 -6.36743 23.34 -6.36743
4.44 1.8 -6.17671 23.4648 -6.17671
4.44 1.92 -5.91809 23.6314 -5.91809
4.44 2.04 -5.61501 23.8152 -5.61501
4.44 2.16 -5.28554 24.0002 -5.28554
4.44 2.28 -4.95727 24.1654 -4.95727
4.44 2.4 -4.65148 24.2999 -4.65148
4.44 2.52 -4.38954 24.3991 -4.38954
4.44 2.64 -4.18921 24.464 -4.18921
4.44 2.76 -4.06642 24.4975 -4.06642
4.44 2.88 -4.02231 24.5121 -4.02231
4.44 3 -4.07019 24.4995 -4.07019
4.44 3.12 -4.19834 24.4653 -4.19834
4.44 3.24 -4.40441 24.3974 -4.40441
4.44 3.36 -4.68061 24.284 -4.68061
4.44 3.48 -4.99687 24.137 -4.99687
4.44 3.6 -5.34052 23.9535 -5.34052
4.44 3.72 -5.68742 23.7482 -5.68742
4.44 3.84 -6.01007 23.5429 -6.01007
4.44 3.96 -6.28701 23.3585 -6.28701
4.44 4.08 -6.49531 23.2157 -6.49531
4.44 4.2 -6.62466 23.1269 -6.62466
4.44 4.32 -6.66154 23.1072 -6.66154
4.44 4.44 -6.61263 23.1505 -6.61263
4.44 4.56 -6.47043 23.2646 -6.47043
4.44 4.68 -6.25088 23.4328 -6.25088
4.44 4.8 -5.97028 23.6362 -5.97028
4.44 4.92 -5.64656 23.856 -5.64656
4.44 5.04 -5.29425 24.0765 -5.29425
4.44 5.16 -4.94001 24.2757 -4.94001
4.44 5.28 -4.60126 24.4432 -4.60126
4.44 5.4 -4.30413 24.5633 -4.30413
4.44 5.52 -4.11045 24.5931 -4.11045
4.44 5.64 8.96426 37.5284 8.96426
4.44 5.76 -19.9212 8.57931 -19.9212
4.44 5.88 -3.69203 24.6537 -3.69203
4.56 0 -11.8876 15.8436 -11.8876
4.56 0.12 -7.86715 19.9213 -7.86715
4.56 0.24 -8.26544 19.7337 -8.26544
4.56 0.36 -3.6466 24.6088 -3.6466
4.56 0.48 -4.10805 24.4286 -4.10805
4.56 0.6 -4.37363 24.4376 -4.37363
4.56 0.72 -4.72149 24.3373 -4.72149
4.56 0.84 -5.08729 24.1805 -5.08729
4.56 0.96 -5.44532 23.9907 -5.44532
4.56 1.08 -5.78512 23.7792 -5.78512
4.56 1.2 -6.0755 23.5812 -6.0755
4.56 1.32 -6.30987 23.408 -6.30987
4.56 1.44 -6.47147 23.2799 -6.47147
4.56 1.56 -6.55124 23.2086 -6.55124
4.56 1.68 -6.54424 23.2008 -6.54424
4.56 1.8 -6.45499 23.2526 -6.45499
4.56 1.92 -6.28689 23.3627 -6.28689
4.56 2.04 -6.0607 23.5111 -6.0607
4.56 2.16 -5.79305 23.6841 -5.79305
4.56 2.28 -5.51271 23.8587 -5.51271
4.56 2.4 -5.23986 24.0218 -5.23986
4.56 2.52 -4.99941 24.1599 -4.99941
4.56 2.64 -4.81136 24.2638 -4.81136
4.56 2.76 -4.69461 24.3253 -4.69461
4.56 2.88 -4.65212 24.3486 -4.65212
4.56 3 -4.69921 24.3218 -4.69921
4.56 3.12 -4.82215 24.2553 -4.82215
4.56 3.24 -5.01717 24.1451 -5.01717
4.56 3.36 -5.27341 23.9907 -5.27341
4.56 3.48 -5.55789 23.8146 -5.55789
4.56 3.6 -5.85623 23.6207 -5.85623
4.56 3.72 -6.14321 23.4275 -6.14321
4.56 3.84 -6.39097 23.2576 -6.39097
4.56 3.96 -6.57832 23.1309 -6.57832
4.56 4.08 -6.68494 23.0638 -6.68494
4.56 4.2 -6.70481 23.0622 -6.70481
4.56 4.32 -6.62964 23.1338 -6.62964
4.56 4.44 -6.47218 23.2641 -6.47218
4.56 4.56 -6.23068 23.4527 -6.23068
4.56 4.68 -5.92496 23.676 -5.92496
4.56 4.8 -5.57354 23.9098 -5.57354
4.56 4.92 -5.19578 24.1303 -5.19578
4.56 5.04 -4.80436 24.3198 -4.80436
4.56 5.16 -4.42804 24.452 -4.42804
4.56 5.28 -4.08312 24.5172 -4.08312
4.56 5.4 -3.79384 24.5075 -3.79384
4.56 5.52 -3.62751 24.3877 -3.62751
4.56 5.64 9.46123 37.2301 9.46123
4.56 5.76 -19.5656 8.0815 -19.5656
4.56 5.88 -3.01787 24.3927 -3.01787
4.68 0 -11.6954 14.4673 -11.6954
4.68 0.12 -7.61524 18.6689 -7.61524
4.68 0.24 -7.99635 18.6924 -7.99635
4.68 0.36 -3.30527 23.8738 -3.30527
4.68 0.48 -3.7056 23.9972 -3.7056
4.68 0.6 -3.92609 24.2673 -3.92609
4.68 0.72 -4.25603 24.3592 -4.25603
4.68 0.84 -4.6304 24.3253 -4.6304
4.68 0.96 -5.01946 24.1998 -5.01946
4.68 1.08 -5.40985 24.0061 -5.40985
4.68 1.2 -5.76905 23.7886 -5.76905
4.68 1.32 -6.08789 23.5675 -6.08789
4.68 1.44 -6.34695 23.3703 -6.34695
4.68 1.56 -6.53343 23.2161 -6.53343
4.68 1.68 -6.63727 23.1194 -6.63727
4.68 1.8 -6.65724 23.0843 -6.65724
4.68 1.92 -6.5916 23.1164 -6.5916
4.68 2.04 -6.45683 23.2012 -6.45683
4.68 2.16 -6.26684 23.328 -6.26684
4.68 2.28 -6.05033 23.4734 -6.05033
4.68 2.4 -5.82588 23.624 -5.82588
4.68 2.52 -5.62115 23.7604 -5.62115
4.68 2.64 -5.45711 23.8685 -5.45711
4.68 2.76 -5.35428 23.9344 -5.35428
4.68 2.88 -5.31632 23.9588 -5.31632
4.68 3 -5.36001 23.9273 -5.36001
4.68 3.12 -5.47052 23.8528 -5.47052
4.68 3.24 -5.64358 23.7351 -5.64358
4.68 3.36 -5.86667 23.5794 -5.86667
4.68 3.48 -6.10489 23.4138 -6.10489
4.68 3.6 -6.34277 23.2466 -6.34277
4.68 3.72 -6.55445 23.0986 -6.55445
4.68 3.84 -6.71267 22.9922 -6.71267
4.68 3.96 -6.79804 22.9451 -6.79804
4.68 4.08 -6.79459 22.9681 -6.79459
4.68 4.2 -6.70192 23.0598 -6.70192
4.68 4.32 -6.51772 23.22 -6.51772
4.68 4.44 -6.26014 23.4262 -6.26014
4.68 4.56 -5.93204 23.6702 -5.93204
4.68 4.68 -5.55549 23.9221 -5.55549
4.68 4.8 -5.15025 24.1509 -5.15025
4.68 4.92 -4.73767 24.3231 -4.73767
4.68 5.04 -4.33076 24.4114 -4.33076
4.68 5.16 -3.96444 24.3733 -3.96444
4.68 5.28 -3.65738 24.1915 -3.65738
4.68 5.4 -3.43203 23.8672 -3.43203
4.68 5.52 -3.35727 23.3903 -3.35727
4.68 5.64 9.70185 35.9645 9.70185
4.68 5.76 -19.5179 6.48478 -19.5179
4.68 5.88 -2.65473 22.9686 -2.65473
4.8 0 -12.0343 10.9016 -12.0343
4.8 0.12 -7.87489 15.3413 -7.87489
4.8 0.24 -8.18606 15.877 -8.18606
4.8 0.36 -3.33044 21.7614 -3.33044
4.8 0.48 -3.56106 22.5998 -3.56106
4.8 0.6 -3.63463 23.4811 -3.63463
4.8 0.72 -3.87015 24.0175 -3.87015
4.8 0.84 -4.20228 24.2697 -4.20228
4.8 0.96 -4.5894 24.3087 -4.5894
4.8 1.08 -5.00722 24.1948 -5.00722
4.8 1.2 -5.4169 23.9983 -5.4169
4.8 1.32 -5.80478 23.7572 -5.80478
4.8 1.44 -6.14883 23.51 -6.14883
4.8 1.56 -6.43363 23.284 -6.43363
4.8 1.68 -6.64503 23.1012 -6.64503
4.8 1.8 -6.77666 22.9736 -6.77666
4.8 1.92 -6.82102 22.9143 -6.82102
4.8 2.04 -6.78906 22.9154 -6.78906
4.8 2.16 -6.69032 22.9713 -6.69032
4.8 2.28 -6.55159 23.0602 -6.55159
4.8 2.4 -6.38877 23.1704 -6.38877
4.8 2.52 -6.23118 23.2793 -6.23118
4.8 2.64 -6.09999 23.3705 -6.09999
4.8 2.76 -6.01681 23.427 -6.01681
4.8 2.88 -5.98576 23.4474 -5.98576
4.8 3 -6.02468 23.4159 -6.02468
4.8 3.12 -6.11811 23.3469 -6.11811
4.8 3.24 -6.26141 23.242 -6.26141
4.8 3.36 -6.4409 23.11 -6.4409
4.8 3.48 -6.62042 22.982 -6.62042
4.8 3.6 -6.78424 22.8683 -6.78424
4.8 3.72 -6.90704 22.7902 -6.90704
4.8 3.84 -6.9638 22.7679 -6.9638
4.8 3.96 -6.93892 22.8147 -6.93892
4.8 4.08 -6.82225 22.9345 -6.82225
4.8 4.2 -6.61957 23.1181 -6.61957
4.8 4.32 -6.33434 23.3572 -6.33434
4.8 4.44 -5.98874 23.6223 -5.98874
4.8 4.56 -5.58885 23.8976 -5.58885
4.8 4.68 -5.15806 24.1448 -5.15806
4.8 4.8 -4.7183 24.3202 -4.7183
4.8 4.92 -4.29668 24.3673 -4.29668
4.8 5.04 -3.91407 24.2259 -3.91407
4.8 5.16 -3.62138 23.8071 -3.62138
4.8 5.28 -3.44566 23.0605 -3.44566
4.8 5.4 -3.39977 22.0024 -3.39977
4.8 5.52 -3.53309 20.7043 -3.53309
4.8 5.64 9.43078 32.623 9.43078
4.8 5.76 -20.0373 2.55501 -20.0373
4.8 5.88 -2.85224 19.1274 -2.85224
4.92 0 -12.5856 3.69863 -12.5856
4.92 0.12 -8.41455 8.5007 -8.41455
4.92 0.24 -8.82582 9.86006 -8.82582
4.92 0.36 -3.87782 17.0153 -3.87782
4.92 0.48 -3.87794 19.2985 -3.87794
4.92 0.6 -3.66129 21.4879 -3.66129
4.92 0.72 -3.6636 22.9892 -3.6636
4.92 0.84 -3.85759 23.8521 -3.85759
4.92 0.96 -4.18631 24.2376 -4.18631
4.92 1.08 -4.59858 24.3023 -4.59858
4.92 1.2 -5.03689 24.183 -5.03689
4.92 1.32 -5.47658 23.9574 -5.47658
4.92 1.44 -5.89083 23.6846 -5.89083
4.92 1.56 -6.2618 23.4035 -6.2618
4.92 1.68 -6.57236 23.1444 -6.57236
4.92 1.8 -6.81226 22.9264 -6.81226
4.92 1.92 -6.96854 22.7702 -6.96854
4.92 2.04 -7.04613 22.6754 -7.04613
4.92 2.16 -7.0489 22.6428 -7.0489
4.92 2.28 -6.9998 22.6547 -6.9998
4.92 2.4 -6.91067 22.7032 -6.91067
4.92 2.52 -6.81086 22.765 -6.81086
4.92 2.64 -6.72086 22.8234 -6.72086
4.92 2.76 -6.66278 22.8599 -6.66278
4.92 2.88 -6.64101 22.8723 -6.64101
4.92 3 -6.67411 22.8439 -6.67411
4.92 3.12 -6.74632 22.7896 -6.74632
4.92 3.24 -6.85265 22.7125 -6.85265
4.92 3.36 -6.97875 22.6229 -6.97875
4.92 3.48 -7.08809 22.5534 -7.08809
4.92 3.6 -7.16597 22.5139 -7.16597
4.92 3.72 -7.18927 22.5237 -7.18927
4.92 3.84 -7.13704 22.5987 -7.13704
4.92 3.96 -6.99916 22.7461 -6.99916
4.92 4.08 -6.77198 22.9618 -6.77198
4.92 4.2 -6.46709 23.2291 -6.46709
4.92 4.32 -6.09264 23.5323 -6.09264
4.92 4.44 -5.67327 23.8354 -5.67327
4.92 4.56 -5.21735 24.1132 -5.21735
4.92 4.68 -4.7504 24.3136 -4.7504
4.92 4.8 -4.30069 24.3649 -4.30069
4.92 4.92 -3.91086 24.1567 -3.91086
4.92 5.04 -3.62582 23.5425 -3.62582
4.92 5.16 -3.52629 22.3186 -3.52629
4.92 5.28 -3.63306 20.3669 -3.63306
4.92 5.4 -3.87619 17.7971 -3.87619
4.92 5.52 -4.19417 14.9554 -4.19417
4.92 5.64 8.86957 25.763 8.86957
4.92 5.76 -20.6869 -5.13159 -20.6869
4.92 5.88 -2.99842 11.6901 -2.99842
5.04 0 -10.1475 -5.51366 -10.1475
5.04 0.12 -6.35827 -0.600848 -6.35827
5.04 0.24 -7.90993 0.916531 -7.90993
5.04 0.36 -3.96388 9.01584 -3.96388
5.04 0.48 -4.44146 13.0906 -4.44146
5.04 0.6 -4.10588 17.4388 -4.10588
5.04 0.72 -3.7642 20.7626 -3.7642
5.04 0.84 -3.67644 22.8212 -3.67644
5.04 0.96 -3.85308 23.8743 -3.85308
5.04 1.08 -4.20951 24.2772 -4.20951
5.04 1.2 -4.64866 24.3146 -4.64866
5.04 1.32 -5.12139 24.1482 -5.12139
5.04 1.44 -5.59016 23.8779 -5.59016
5.04 1.56 -6.03308 23.562 -6.03308
5.04 1.68 -6.4307 23.241 -6.4307
5.04 1.8 -6.77026 22.9412 -6.77026
5.04 1.92 -7.03434 22.6904 -7.03434
5.04 2.04 -7.22235 22.4953 -7.22235
5.04 2.16 -7.33196 22.3639 -7.33196
5.04 2.28 -7.38077 22.2845 -7.38077
5.04 2.4 -7.37517 22.2549 -7.37517
5.04 2.52 -7.34263 22.2537 -7.34263
5.04 2.64 -7.30166 22.2661 -7.30166
5.04 2.76 -7.27399 22.2739 -7.27399
5.04 2.88 -7.26389 22.2745 -7.26389
5.04 3 -7.29022 22.2513 -7.29022
5.04 3.12 -7.33719 22.2193 -7.33719
5.04 3.24 -7.39975 22.182 -7.39975
5.04 3.36 -7.46362 22.1501 -7.46362
5.04 3.48 -7.49323 22.1553 -7.49323
5.04 3.6 -7.47651 22.2049 -7.47651
5.04 3.72 -7.39429 22.3141 -7.39429
5.04 3.84 -7.2313 22.4922 -7.2313
5.04 3.96 -6.98374 22.7392 -6.98374
5.04 4.08 -6.65417 23.0434 -6.65417
5.04 4.2 -6.2588 23.3814 -6.2588
5.04 4.32 -5.80909 23.7306 -5.80909
5.04 4.44 -5.33072 24.0485 -5.33072
5.04 4.56 -4.83477 24.2964 -4.83477
5.04 4.68 -4.35213 24.3958 -4.35213
5.04 4.8 -3.92674 24.2175 -3.92674
5.04 4.92 -3.635 23.5361 -3.635
5.04 5.04 -3.56628 22.0177 -3.56628
5.04 5.16 -3.80527 19.2598 -3.80527
5.04 5.28 -4.18915 15.1917 -4.18915
5.04 5.4 -4.23036 10.4826 -4.23036
5.04 5.52 -3.63166 6.20885 -3.63166
5.04 5.64 10.8655 16.6423 10.8655
5.04 5.76 -17.9311 -14.4937 -17.9311
5.04 5.88 0.600286 3.2372 0.600286
5.16 0 -0.906594 -10.0823 -0.906594
5.16 0.12 2.29165 -5.62738 2.29165
5.16 0.24 -1.20999 -5.59408 -1.20999
5.16 0.36 -0.100581 1.09077 -0.100581
5.16 0.48 -3.36425 4.96716 -3.36425
5.16 0.6 -4.43206 10.9986 -4.43206
5.16 0.72 -4.17478 16.8161 -4.17478
5.16 0.84 -3.73989 20.8643 -3.73989
5.16 0.96 -3.64434 23.0781 -3.64434
5.16 1.08 -3.87227 24.0599 -3.87227
5.16 1.2 -4.27536 24.3635 -4.27536
5.16 1.32 -4.75999 24.3091 -4.75999
5.16 1.44 -5.26725 24.0717 -5.26725
5.16 1.56 -5.76712 23.7428 -5.76712
5.16 1.68 -6.23756 23.3771 -6.23756
5.16 1.8 -6.66421 23.0086 -6.66421
5.16 1.92 -7.02651 22.6716 -7.02651
5.16 2.04 -7.31953 22.3791 -7.31953
5.16 2.16 -7.53507 22.1463 -7.53507
5.16 2.28 -7.68468 21.9683 -7.68468
5.16 2.4 -7.7683 21.8501 -7.7683
5.16 2.52 -7.80969 21.7746 -7.80969
5.16 2.64 -7.82382 21.7309 -7.82382
5.16 2.76 -7.831 21.7026 -7.831
5.16 2.88 -7.83467 21.6884 -7.83467
5.16 3 -7.8535 21.6719 -7.8535
5.16 3.12 -7.87194 21.6682 -7.87194
5.16 3.24 -7.88536 21.68 -7.88536
5.16 3.36 -7.88065 21.7169 -7.88065
5.16 3.48 -7.82476 21.8076 -7.82476
5.16 3.6 -7.70983 21.9547 -7.70983
5.16 3.72 -7.52214 22.1669 -7.52214
5.16 3.84 -7.25291 22.4465 -7.25291
5.16 3.96 -6.90461 22.7857 -6.90461
5.16 4.08 -6.48503 23.1662 -6.48503
5.16 4.2 -6.01336 23.5591 -6.01336
5.16 4.32 -5.50306 23.9354 -5.50306
5.16 4.44 -4.98026 24.2444 -4.98026
5.16 4.56 -4.46067 24.4264 -4.46067
5.16 4.68 -3.9871 24.3563 -3.9871
5.16 4.8 -3.63427 23.7983 -3.63427
5.16 4.92 -3.5345 22.3136 -3.5345
5.16 5.04 -3.8026 19.2644 -3.8026
5.16 5.16 -4.28135 14.1682 -4.28135
5.16 5.28 -3.98928 7.80426 -3.98928
5.16 5.4 -1.69575 2.39171 -1.69575
5.16 5.52 2.13384 -0.720113 2.13384
5.16 5.64 19.3593 11.5749 19.3593
5.16 5.76 -8.31853 -18.6784 -8.31853
5.16 5.88 10.7534 0.0601538 10.7534
5.28 0 10.1274 -9.11619 10.1274
5.28 0.12 13.3817 -4.94719 13.3817
5.28 0.24 9.55108 -6.08688 9.55108
5.28 0.36 8.97826 -1.68509 8.97826
5.28 0.48 2.06277 -0.770035 2.06277
5.28 0.6 -2.88302 3.95606 -2.88302
5.28 0.72 -4.40925 11.3006 -4.40925
5.28 0.84 -4.02642 17.8018 -4.02642
5.28 0.96 -3.60339 21.7348 -3.60339
5.28 1.08 -3.62222 23.5995 -3.62222
5.28 1.2 -3.94525 24.3029 -3.94525
5.28 1.32 -4.41891 24.4188 -4.41891
5.28 1.44 -4.94912 24.2444 -4.94912
5.28 1.56 -5.49151 23.9229 -5.49151
5.28 1.68 -6.02008 23.5297 -6.02008
5.28 1.8 -6.51911 23.1078 -6.51911
5.28 1.92 -6.9661 22.6976 -6.9661
5.28 2.04 -7.35323 22.3171 -7.35323
5.28 2.16 -7.66742 21.9876 -7.66742
5.28 2.28 -7.9143 21.7114 -7.9143
5.28 2.4 -8.08709 21.5011 -8.08709
5.28 2.52 -8.2045 21.3455 -8.2045
5.28 2.64 -8.27663 21.2398 -8.27663
5.28 2.76 -8.32123 21.1708 -8.32123
5.28 2.88 -8.34001 21.1395 -8.34001
5.28 3 -8.35101 21.1307 -8.35101
5.28 3.12 -8.33914 21.1589 -8.33914
5.28 3.24 -8.30078 21.2257 -8.30078
5.28 3.36 -8.22526 21.3373 -8.22526
5.28 3.48 -8.08345 21.5177 -8.08345
5.28 3.6 -7.87289 21.763 -7.87289
5.28 3.72 -7.58621 22.0746 -7.58621
5.28 3.84 -7.22097 22.4472 -7.22097
5.28 3.96 -6.78517 22.8664 -6.78517
5.28 4.08 -6.29038 23.3083 -6.29038
5.28 4.2 -5.75724 23.7398 -5.75724
5.28 4.32 -5.20041 24.1256 -5.20041
5.28 4.44 -4.64667 24.4038 -4.64667
5.28 4.56 -4.11978 24.4835 -4.11978
5.28 4.68 -3.68344 24.1655 -3.68344
5.28 4.8 -3.46079 23.0423 -3.46079
5.28 4.92 -3.64083 20.3555 -3.64083
5.28 5.04 -4.18354 15.1983 -4.18354
5.28 5.16 -3.9909 7.81138 -3.9909
5.28 5.28 -0.748718 1.2275 -0.748718
5.28 5.4 5.72272 -1.65378 5.72272
5.28 5.52 12.253 -1.86699 12.253
5.28 5.64 30.2712 12.1673 30.2712
5.28 5.76 2.4193 -17.568 2.4193
5.28 5.88 21.5332 1.52078 21.5332
5.4 0 17.0717 -7.47604 17.0717
5.4 0.12 20.7308 -3.25708 20.7308
5.4 0.24 17.8963 -4.39428 17.8963
5.4 0.36 18.1831 -0.618203 18.1831
5.4 0.48 10.3856 -1.93875 10.3856
5.4 0.6 1.76991 -0.551414 1.76991
5.4 0.72 -3.48341 5.65747 -3.48341
5.4 0.84 -4.29055 13.9234 -4.29055
5.4 0.96 -3.71145 19.8762 -3.71145
5.4 1.08 -3.47506 22.8996 -3.47506
5.4 1.2 -3.6772 24.1314 -3.6772
5.4 1.32 -4.1178 24.4709 -4.1178
5.4 1.44 -4.65663 24.3846 -4.65663
5.4 1.56 -5.22841 24.0873 -5.22841
5.4 1.68 -5.80094 23.6818 -5.80094
5.4 1.8 -6.35691 23.2219 -6.35691
5.4 1.92 -6.87271 22.7536 -6.87271
5.4 2.04 -7.33889 22.2989 -7.33889
5.4 2.16 -7.7388 21.8842 -7.7388
5.4 2.28 -8.07307 21.5176 -8.07307
5.4 2.4 -8.32855 21.2193 -8.32855
5.4 2.52 -8.5183 20.9851 -8.5183
5.4 2.64 -8.64692 20.8167 -8.64692
5.4 2.76 -8.72861 20.7058 -8.72861
5.4 2.88 -8.76257 20.6568 -8.76257
5.4 3 -8.76592 20.6559 -8.76592
5.4 3.12 -8.72425 20.717 -8.72425
5.4 3.24 -8.63546 20.8394 -8.63546
5.4 3.36 -8.49231 21.0251 -8.49231
5.4 3.48 -8.27037 21.2918 -8.27037
5.4 3.6 -7.97322 21.6283 -7.97322
5.4 3.72 -7.59985 22.0287 -7.59985
5.4 3.84 -7.1533 22.481 -7.1533
5.4 3.96 -6.64593 22.965 -6.64593
5.4 4.08 -6.09163 23.453 -6.09163
5.4 4.2 -5.51142 23.9083 -5.51142
5.4 4.32 -4.92077 24.2891 -4.92077
5.4 4.44 -4.3482 24.519 -4.3482
5.4 4.56 -3.82911 24.4659 -3.82911
5.4 4.68 -3.4573 23.8275 -3.4573
5.4 4.8 -3.41354 21.9647 -3.41354
5.4 4.92 -3.87859 17.7666 -3.87859
5.4 5.04 -4.22075 10.4801 -4.22075
5.4 5.16 -1.71491 2.39427 -1.71491
5.4 5.28 5.69243 -1.6568 5.69243
5.4 5.4 14.5247 -1.46895 14.5247
5.4 5.52 20.7323 -0.371802 20.7323
5.4 5.64 37.5416 13.7919 37.5416
5.4 5.76 8.89359 -16.0327 8.89359
5.4 5.88 27.8645 2.98153 27.8645
5.52 0 20.2168 -6.8056 20.2168
5.52 0.12 24.1709 -2.50065 24.1709
5.52 0.24 22.2662 -3.32474 22.2662
5.52 0.36 24.0078 0.765915 24.0078
5.52 0.48 17.4795 -0.947124 17.4795
5.52 0.6 7.83785 -1.84227 7.83785
5.52 0.72 -1.01003 1.63591 -1.01003
5.52 0.84 -4.18175 10.0579 -4.18175
5.52 0.96 -3.87738 17.7643 -3.87738
5.52 1.08 -3.41991 22.0464 -3.41991
5.52 1.2 -3.48177 23.8769 -3.48177
5.52 1.32 -3.87448 24.4688 -3.87448
5.52 1.44 -4.41091 24.4839 -4.41091
5.52 1.56 -5.00109 24.2211 -5.00109
5.52 1.68 -5.60495 23.8144 -5.60495
5.52 1.8 -6.20298 23.33 -6.20298
5.52 1.92 -6.77065 22.8195 -6.77065
5.52 2.04 -7.29834 22.3072 -7.29834
5.52 2.16 -7.76678 21.8235 -7.76678
5.52 2.28 -8.1728 21.3812 -8.1728
5.52 2.4 -8.49797 21.007 -8.49797
5.52 2.52 -8.75012 20.703 -8.75012
5.52 2.64 -8.92852 20.4777 -8.92852
5.52 2.76 -9.04336 20.3281 -9.04336
5.52 2.88 -9.09086 20.2629 -9.09086
5.52 3 -9.08738 20.2694 -9.08738
5.52 3.12 -9.0193 20.3606 -9.0193
5.52 3.24 -8.88612 20.5336 -8.88612
5.52 3.36 -8.68464 20.7851 -8.68464
5.52 3.48 -8.39487 21.1268 -8.39487
5.52 3.6 -8.02595 21.5408 -8.02595
5.52 3.72 -7.58302 22.0137 -7.58302
5.52 3.84 -7.07301 22.5284 -7.07301
5.52 3.96 -6.51123 23.061 -6.51123
5.52 4.08 -5.91272 23.5808 -5.91272
5.52 4.2 -5.29828 24.0486 -5.29828
5.52 4.32 -4.68435 24.4152 -4.68435
5.52 4.44 -4.10258 24.5877 -4.10258
5.52 4.56 -3.60208 24.3863 -3.60208
5.52 4.68 -3.31161 23.3888 -3.31161
5.52 4.8 -3.45882 20.7035 -3.45882
5.52 4.92 -4.07684 14.9778 -4.07684
5.52 5.04 -3.4712 6.30561 -3.4712
5.52 5.16 2.26804 -0.568725 2.26804
5.52 5.28 12.3718 -1.69755 12.3718
5.52 5.4 20.8632 -0.209324 20.8632
5.52 5.52 25.4948 0.788522 25.4948
5.52 5.64 40.994 14.5411 40.994
5.52 5.76 11.7794 -15.4284 11.7794
5.52 5.88 30.5388 3.36555 30.5388
5.64 0 21.0857 -7.05258 21.0857
5.64 0.12 25.5715 -2.3186 25.5715
5.64 0.24 24.144 -2.97611 24.144
5.64 0.36 26.882 1.47473 26.882
5.64 0.48 21.7709 0.0517612 21.7709
5.64 0.6 12.7712 -1.5888 12.7712
5.64 0.72 2.029 -0.353877 2.029
5.64 0.84 -3.62815 7.08201 -3.62815
5.64 0.96 -3.99327 15.8402 -3.99327
5.64 1.08 -3.41867 21.2105 -3.41867
5.64 1.2 -3.35474 23.5999 -3.35474
5.64 1.32 -3.69816 24.43 -3.69816
5.64 1.44 -4.22637 24.5421 -4.22637
5.64 1.56 -4.82657 24.3156 -4.82657
5.64 1.68 -5.45104 23.9143 -5.45104
5.64 1.8 -6.07755 23.4163 -6.07755
5.64 1.92 -6.6804 22.8787 -6.6804
5.64 2.04 -7.25093 22.3266 -7.25093
5.64 2.16 -7.76853 21.793 -7.76853
5.64 2.28 -8.22682 21.2947 -8.22682
5.64 2.4 -8.60327 20.8632 -8.60327
5.64 2.52 -8.90271 20.5049 -8.90271
5.64 2.64 -9.11921 20.2348 -9.11921
5.64 2.76 -9.25971 20.0545 -9.25971
5.64 2.88 -9.31755 19.9764 -9.31755
5.64 3 -9.30898 19.9886 -9.30898
5.64 3.12 -9.2203 20.104 -9.2203
5.64 3.24 -9.05308 20.317 -9.05308
5.64 3.36 -8.80779 20.6193 -8.80779
5.64 3.48 -8.46743 21.0184 -8.46743
5.64 3.6 -8.04564 21.4906 -8.04564
5.64 3.72 -7.55304 22.0159 -7.55304
5.64 3.84 -6.99878 22.5743 -6.99878
5.64 3.96 -6.39989 23.1392 -6.39989
5.64 4.08 -5.77127 23.6786 -5.77127
5.64 4.2 -5.13376 24.1509 -5.13376
5.64 4.32 -4.50453 24.5004 -4.50453
5.64 4.44 -3.92026 24.6167 -3.92026
5.64 4.56 -3.44237 24.2755 -3.44237
5.64 4.68 -3.23098 22.9408 -3.23098
5.64 4.8 -3.53279 19.5084 -3.53279
5.64 4.92 -4.10644 12.5855 -4.10644
5.64 5.04 -2.12905 3.50168 -2.12905
5.64 5.16 6.23703 -1.5395 6.23703
5.64 5.28 17.0526 -0.973609 17.0526
5.64 5.4 24.3201 0.635558 24.3201
5.64 5.52 27.6803 1.25916 27.6803
5.64 5.64 42.373 14.6813 42.373
5.64 5.76 12.8803 -15.3549 12.8803
5.64 5.88 31.4392 3.22232 31.4392
5.76 0 65.0614 36.4818 65.0614
5.76 0.12 64.9818 36.6105 64.9818
5.76 0.24 63.2348 35.5043 63.2348
5.76 0.36 66.0959 39.7967 66.0959
5.76 0.48 61.6668 38.5031 61.6668
5.76 0.6 53.4519 36.7984 53.4519
5.76 0.72 42.2018 36.938 42.2018
5.76 0.84 35.1048 43.4846 35.1048
5.76 0.96 34.2805 52.8273 34.2805
5.76 1.08 35 59.0174 35
5.76 1.2 35.229 61.8866 35.229
5.76 1.32 34.9973 62.967 34.9973
5.76 1.44 34.5511 63.2263 34.5511
5.76 1.56 34.0155 63.0985 34.0155
5.76 1.68 33.4505 62.7758 33.4505
5.76 1.8 32.8767 62.3409 32.8767
5.76 1.92 32.3166 61.8521 32.3166
5.76 2.04 31.7809 61.337 31.7809
5.76 2.16 31.2916 60.8308 31.2916
5.76 2.28 30.8495 60.3457 30.8495
5.76 2.4 30.4856 59.9223 30.4856
5.76 2.52 30.1917 59.5643 30.1917
5.76 2.64 29.9774 59.2912 29.9774
5.76 2.76 29.8367 59.1067 29.8367
5.76 2.88 29.7814 59.0296 29.7814
5.76 3 29.7918 59.044 29.7918
5.76 3.12 29.8874 59.1692 29.8874
5.76 3.24 30.0578 59.3897 30.0578
5.76 3.36 30.3027 59.6968 30.3027
5.76 3.48 30.6419 60.1 30.6419
5.76 3.6 31.051 60.5637 31.051
5.76 3.72 31.5232 61.0707 31.5232
5.76 3.84 32.0469 61.5981 32.0469
5.76 3.96 32.6042 62.1181 32.6042
5.76 4.08 33.1857 62.6028 33.1857
5.76 4.2 33.7649 63.0032 33.7649
5.76 4.32 34.3302 63.2653 34.3302
5.76 4.44 34.8386 63.2623 34.8386
5.76 4.56 35.2105 62.7282 35.2105
5.76 4.68 35.2654 61.0474 35.2654
5.76 4.8 34.7448 56.9713 34.7448
5.76 4.92 34.1573 49.2107 34.1573
5.76 5.04 37.118 40.159 37.118
5.76 5.16 46.8327 36.415 46.8327
5.76 5.28 57.4837 37.6125 57.4837
5.76 5.4 63.8281 39.0274 63.8281
5.76 5.52 66.4598 39.3407 66.4598
5.76 5.64 80.3391 52.1549 80.3391
5.76 5.76 48.8407 20.2016 48.8407
5.76 5.88 79.6147 50.9854 79.6147
5.88 0 -40.2844 -69.0935 -40.2844
5.88 0.12 -36.8925 -65.5149 -36.8925
5.88 0.24 -35.9111 -63.9485 -35.9111
5.88 0.36 -31.8801 -58.6238 -31.8801
5.88 0.48 -35.5259 -59.469 -35.5259
5.88 0.6 -43.0006 -61.1357 -43.0006
5.88 0.72 -54.0883 -61.7739 -54.0883
5.88 0.84 -62.541 -56.7575 -62.541
5.88 0.96 -64.6524 -47.914 -64.6524
5.88 1.08 -64.3082 -41.3153 -64.3082
5.88 1.2 -64.1916 -38.1022 -64.1916
5.88 1.32 -64.5498 -36.9148 -64.5498
5.88 1.44 -65.1584 -36.695 -65.1584
5.88 1.56 -65.8695 -36.9299 -65.8695
5.88 1.68 -66.6164 -37.3941 -66.6164
5.88 1.8 -67.3671 -37.9814 -67.3671
5.88 1.92 -68.1002 -38.6319 -68.1002
5.88 2.04 -68.7965 -39.3041 -68.7965
5.88 2.16 -69.4392 -39.9661 -69.4392
5.88 2.28 -70.0103 -40.5876 -70.0103
5.88 2.4 -70.4949 -41.1417 -70.4949
5.88 2.52 -70.8822 -41.6048 -70.8822
5.88 2.64 -71.1679 -41.96 -71.1679
5.88 2.76 -71.3511 -42.1953 -71.3511
5.88 2.88 -71.4341 -42.3041 -71.4341
5.88 3 -71.4177 -42.2828 -71.4177
5.88 3.12 -71.3009 -42.1309 -71.3009
5.88 3.24 -71.0812 -41.8517 -71.0812
5.88 3.36 -70.7557 -41.4525 -70.7557
5.88 3.48 -70.3252 -40.9468 -70.3252
5.88 3.6 -69.7972 -40.3547 -69.7972
5.88 3.72 -69.1856 -39.7026 -69.1856
5.88 3.84 -68.5073 -39.0196 -68.5073
5.88 3.96 -67.7817 -38.3391 -67.7817
5.88 4.08 -67.0284 -37.6988 -67.0284
5.88 4.2 -66.267 -37.1458 -66.267
5.88 4.32 -65.5204 -36.7527 -65.5204
5.88 4.44 -64.828 -36.6591 -64.828
5.88 4.56 -64.2812 -37.1785 -64.2812
5.88 4.68 -64.0719 -39.019 -64.0719
5.88 4.8 -64.3826 -43.4924 -64.3826
5.88 4.92 -64.2821 -51.4934 -64.2821
5.88 5.04 -59.8608 -59.6377 -59.8608
5.88 5.16 -49.4996 -62.0558 -49.4996
5.88 5.28 -39.5036 -60.5165 -39.5036
5.88 5.4 -33.8117 -59.1923 -33.8117
5.88 5.52 -31.445 -58.9045 -31.445
5.88 5.64 -16.6024 -45.0279 -16.6024
5.88 5.76 -42.9361 -71.771 -42.9361
5.88 5.88 -48.2458 -77.0995 -48.2458
