0 0 0.00334224 0.987506 0.0140354
0 0.12 0.00377766 0.985438 0.015879
0 0.24 0.00511412 0.978874 0.0215359
0 0.36 0.00803824 0.964001 0.0338934
0 0.48 0.0143178 0.931523 0.0603672
0 0.6 0.027691 0.86199 0.11664
0 0.72 0.0542607 0.723605 0.228452
0 0.84 0.0955326 0.507897 0.402836
0 0.96 0.136356 0.292159 0.577675
0 1.08 0.161718 0.153288 0.691104
0 1.2 0.173252 0.0825858 0.750222
0 1.32 0.177157 0.0481117 0.780782
0 1.44 0.177291 0.0303451 0.798435
0 1.56 0.175472 0.0204594 0.810128
0 1.68 0.172569 0.0146736 0.818724
0 1.8 0.169062 0.0112927 0.825421
0 1.92 0.165264 0.00948663 0.830727
0 2.04 0.161412 0.00880179 0.834891
0 2.16 0.157699 0.00894868 0.838052
0 2.28 0.154281 0.00970152 0.840314
0 2.4 0.151283 0.0108441 0.841763
0 2.52 0.148803 0.0121468 0.842534
0 2.64 0.146917 0.0133696 0.842814
0 2.76 0.145682 0.0142868 0.842823
0 2.88 0.145133 0.0147252 0.842753
0 3 0.145291 0.0145994 0.842759
0 3.12 0.146155 0.0139316 0.842768
0 3.24 0.147707 0.0128473 0.84264
0 3.36 0.149906 0.0115474 0.842175
0 3.48 0.152684 0.0102694 0.841146
0 3.6 0.155953 0.00925279 0.839391
0 3.72 0.159594 0.00872168 0.836778
0 3.84 0.163461 0.00889185 0.833202
0 3.96 0.167378 0.0100064 0.828558
0 4.08 0.171131 0.0124067 0.822683
0 4.2 0.174453 0.0166679 0.815241
0 4.32 0.176977 0.0238937 0.805499
0 4.44 0.178101 0.0364292 0.791743
0 4.56 0.176651 0.0596485 0.769813
0 4.68 0.17011 0.106031 0.729795
0 4.8 0.153485 0.201026 0.651239
0 4.92 0.120938 0.374823 0.509763
0 5.04 0.0772104 0.603531 0.324541
0 5.16 0.0412321 0.790602 0.173321
0 5.28 0.0208643 0.896351 0.0878422
0 5.4 0.0110114 0.947393 0.0464298
0 5.52 0.0063473 0.971353 0.0267735
0 5.64 0.00413898 0.982505 0.0174492
0 5.76 0.00316281 0.98731 0.0133152
0 5.88 0.00320281 0.987078 0.0134852
0.12 0 0.00383455 0.984996 0.0161244
0.12 0.12 0.00430956 0.982716 0.0181306
0.12 0.24 0.00576321 0.975516 0.0242684
0.12 0.36 0.00894047 0.959296 0.0376658
0.12 0.48 0.0157351 0.924158 0.0662599
0.12 0.6 0.0300238 0.849931 0.126302
0.12 0.72 0.0576983 0.705911 0.242653
0.12 0.84 0.0990758 0.489749 0.41741
0.12 0.96 0.138609 0.280725 0.586846
0.12 1.08 0.162781 0.147987 0.695347
0.12 1.2 0.173718 0.0803049 0.752048
0.12 1.32 0.177371 0.0470705 0.781632
0.12 1.44 0.177394 0.0298144 0.798889
0.12 1.56 0.175521 0.0201581 0.810401
0.12 1.68 0.172593 0.0144869 0.8189
0.12 1.8 0.169079 0.0111673 0.825534
0.12 1.92 0.165286 0.00939282 0.830784
0.12 2.04 0.161451 0.00872142 0.834902
0.12 2.16 0.157764 0.00886659 0.838019
0.12 2.28 0.154382 0.00960519 0.840244
0.12 2.4 0.15142 0.0107238 0.841655
0.12 2.52 0.148978 0.0119969 0.842403
0.12 2.64 0.147124 0.0131902 0.84267
0.12 2.76 0.145911 0.0140847 0.842668
0.12 2.88 0.14537 0.0145123 0.84257
0.12 3 0.145524 0.0143906 0.842602
0.12 3.12 0.146369 0.0137409 0.842623
0.12 3.24 0.147892 0.0126843 0.842508
0.12 3.36 0.150056 0.0114156 0.842065
0.12 3.48 0.152795 0.0101657 0.841056
0.12 3.6 0.156026 0.00916949 0.839329
0.12 3.72 0.159638 0.00864781 0.836759
0.12 3.84 0.163484 0.00881415 0.833232
0.12 3.96 0.16739 0.00990887 0.82864
0.12 4.08 0.171143 0.0122674 0.822817
0.12 4.2 0.174481 0.0164513 0.815444
0.12 4.32 0.17704 0.0235294 0.805819
0.12 4.44 0.178236 0.0357556 0.792308
0.12 4.56 0.176941 0.0582545 0.770946
0.12 4.68 0.170758 0.102857 0.732338
0.12 4.8 0.154948 0.193688 0.657108
0.12 4.92 0.123766 0.360438 0.521299
0.12 5.04 0.0808561 0.584845 0.339531
0.12 5.16 0.0441567 0.775536 0.185389
0.12 5.28 0.0226838 0.886919 0.0953758
0.12 5.4 0.0121032 0.941694 0.0509743
0.12 5.52 0.00705526 0.967653 0.0297397
0.12 5.64 0.00465423 0.979835 0.0196163
0.12 5.76 0.00359984 0.985068 0.0151647
0.12 5.88 0.00365012 0.984799 0.0153748
0.24 0 0.00542606 0.976842 0.022879
0.24 0.12 0.00602544 0.973952 0.0253962
0.24 0.24 0.00784126 0.964843 0.0330171
0.24 0.36 0.0118007 0.944513 0.0496217
0.24 0.48 0.0201638 0.901347 0.0846514
0.24 0.6 0.037184 0.813166 0.155905
0.24 0.72 0.068056 0.652876 0.285356
0.24 0.84 0.109798 0.435048 0.461462
0.24 0.96 0.145855 0.244014 0.616404
0.24 1.08 0.166564 0.129017 0.710634
0.24 1.2 0.175578 0.071021 0.75956
0.24 1.32 0.178327 0.0422307 0.78561
0.24 1.44 0.177916 0.0270313 0.801239
0.24 1.56 0.17582 0.0184092 0.811914
0.24 1.68 0.172775 0.0133025 0.819917
0.24 1.8 0.169215 0.0103017 0.826227
0.24 1.92 0.165426 0.00869419 0.831237
0.24 2.04 0.161643 0.00809279 0.835184
0.24 2.16 0.158042 0.00822615 0.838174
0.24 2.28 0.154774 0.00889088 0.840329
0.24 2.4 0.151934 0.00989102 0.841679
0.24 2.52 0.149612 0.0110236 0.842407
0.24 2.64 0.147862 0.0120809 0.842671
0.24 2.76 0.146722 0.0128716 0.842675
0.24 2.88 0.146209 0.0132498 0.842444
0.24 3 0.146349 0.0131451 0.842603
0.24 3.12 0.147134 0.0125747 0.842635
0.24 3.24 0.148563 0.0116429 0.842525
0.24 3.36 0.150612 0.0105187 0.84211
0.24 3.48 0.153221 0.00940486 0.841117
0.24 3.6 0.15633 0.00851132 0.839443
0.24 3.72 0.159843 0.00804015 0.836977
0.24 3.84 0.163623 0.00818831 0.833599
0.24 3.96 0.167502 0.00917763 0.829203
0.24 4.08 0.171273 0.0113133 0.823631
0.24 4.2 0.174687 0.0150963 0.816627
0.24 4.32 0.177402 0.0214607 0.807592
0.24 4.44 0.178896 0.0323369 0.795168
0.24 4.56 0.17819 0.0520389 0.776036
0.24 4.68 0.17325 0.0904808 0.742343
0.24 4.8 0.159994 0.168333 0.677504
0.24 4.92 0.132703 0.315117 0.557771
0.24 5.04 0.091945 0.528272 0.385045
0.24 5.16 0.0530792 0.729846 0.222129
0.24 5.28 0.0282913 0.858079 0.118553
0.24 5.4 0.0154985 0.924157 0.0650933
0.24 5.52 0.00927849 0.956185 0.0390577
0.24 5.64 0.00630098 0.971383 0.0265697
0.24 5.76 0.00498712 0.977994 0.021054
0.24 5.88 0.00508988 0.977453 0.0214935
0.36 0 0.00906663 0.958155 0.038291
0.36 0.12 0.00994653 0.953796 0.0419624
0.36 0.24 0.0125975 0.940345 0.0530102
0.36 0.36 0.0182826 0.911107 0.0766998
0.36 0.48 0.029855 0.851499 0.124905
0.36 0.6 0.0516659 0.738851 0.215813
0.36 0.72 0.0863326 0.559296 0.360743
0.36 0.84 0.12584 0.353182 0.52739
0.36 0.96 0.155467 0.195232 0.655672
0.36 1.08 0.171276 0.105222 0.729805
0.36 1.2 0.177813 0.05964 0.768782
0.36 1.32 0.179427 0.0363575 0.790444
0.36 1.44 0.178475 0.0236819 0.804056
0.36 1.56 0.176105 0.0163236 0.813684
0.36 1.68 0.172933 0.011906 0.82106
0.36 1.8 0.169341 0.00929532 0.826941
0.36 1.92 0.165594 0.0078975 0.831621
0.36 2.04 0.161915 0.00738136 0.835304
0.36 2.16 0.158467 0.00750462 0.838082
0.36 2.28 0.155384 0.00808425 0.840077
0.36 2.4 0.152741 0.00894557 0.841309
0.36 2.52 0.150607 0.00991222 0.841963
0.36 2.64 0.149013 0.0108083 0.842185
0.36 2.76 0.14798 0.0114757 0.842163
0.36 2.88 0.147511 0.0117955 0.841901
0.36 3 0.147628 0.0117107 0.84209
0.36 3.12 0.148325 0.0112345 0.842151
0.36 3.24 0.14961 0.0104508 0.84208
0.36 3.36 0.151478 0.00949779 0.841733
0.36 3.48 0.153886 0.00854466 0.840828
0.36 3.6 0.156798 0.00777175 0.839282
0.36 3.72 0.160141 0.00735775 0.836998
0.36 3.84 0.163794 0.00748019 0.833848
0.36 3.96 0.167602 0.00833891 0.82973
0.36 4.08 0.171369 0.0102027 0.824505
0.36 4.2 0.17486 0.0134989 0.81798
0.36 4.32 0.177761 0.0189973 0.80969
0.36 4.44 0.179621 0.0282334 0.798598
0.36 4.56 0.179642 0.0445266 0.782176
0.36 4.68 0.176255 0.075349 0.754548
0.36 4.8 0.166316 0.136477 0.703107
0.36 4.92 0.144811 0.2537 0.60716
0.36 5.04 0.10933 0.439628 0.456375
0.36 5.16 0.0696018 0.645301 0.290172
0.36 5.28 0.039955 0.798178 0.166774
0.36 5.4 0.022992 0.885529 0.0962486
0.36 5.52 0.0142977 0.930273 0.0600752
0.36 5.64 0.0100352 0.952146 0.0423153
0.36 5.76 0.00814598 0.961781 0.0344374
0.36 5.88 0.00832169 0.960829 0.0352026
0.48 0 0.016939 0.917439 0.0715337
0.48 0.12 0.0183851 0.910137 0.0775336
0.48 0.24 0.0227136 0.888031 0.0954681
0.48 0.36 0.0315937 0.842407 0.132272
0.48 0.48 0.0482883 0.7566 0.201488
0.48 0.6 0.0756535 0.615638 0.315123
0.48 0.72 0.111196 0.431795 0.463452
0.48 0.84 0.143974 0.260303 0.602192
0.48 0.96 0.165307 0.144782 0.696313
0.48 1.08 0.175941 0.0810011 0.749376
0.48 1.2 0.179979 0.0478413 0.778412
0.48 1.32 0.180442 0.0301186 0.795635
0.48 1.44 0.178936 0.020059 0.807133
0.48 1.56 0.1763 0.0140465 0.815615
0.48 1.68 0.173024 0.0103777 0.822266
0.48 1.8 0.169446 0.00819751 0.827624
0.48 1.92 0.165805 0.00703535 0.831884
0.48 2.04 0.162304 0.00661815 0.835215
0.48 2.16 0.159088 0.00673689 0.837696
0.48 2.28 0.156269 0.00723151 0.839452
0.48 2.4 0.153895 0.007951 0.840501
0.48 2.52 0.152007 0.00874751 0.841026
0.48 2.64 0.150613 0.0094786 0.841166
0.48 2.76 0.149715 0.0100198 0.841094
0.48 2.88 0.1493 0.0102794 0.840805
0.48 3 0.149387 0.010214 0.841019
0.48 3.12 0.149973 0.00983304 0.841125
0.48 3.24 0.151075 0.00920018 0.841127
0.48 3.36 0.152706 0.0084225 0.840892
0.48 3.48 0.154843 0.00763466 0.840139
0.48 3.6 0.15748 0.00698535 0.838797
0.48 3.72 0.160571 0.00662735 0.83677
0.48 3.84 0.164019 0.00671621 0.833928
0.48 3.96 0.167689 0.00742705 0.830171
0.48 4.08 0.171401 0.00898922 0.825384
0.48 4.2 0.174937 0.0117524 0.819431
0.48 4.32 0.178013 0.0163181 0.811978
0.48 4.44 0.180245 0.0238289 0.802306
0.48 4.56 0.181011 0.0366352 0.78866
0.48 4.68 0.179193 0.0598295 0.767097
0.48 4.8 0.172633 0.104064 0.729176
0.48 4.92 0.157595 0.18845 0.659618
0.48 5.04 0.13039 0.332022 0.542944
0.48 5.16 0.0940856 0.519927 0.391073
0.48 5.28 0.0605207 0.692533 0.251817
0.48 5.4 0.0376995 0.809675 0.157367
0.48 5.52 0.0246985 0.876432 0.103566
0.48 5.64 0.0179501 0.911087 0.0756134
0.48 5.76 0.0149122 0.926661 0.0630238
0.48 5.88 0.0151495 0.92536 0.0640799
0.6 0 0.0337246 0.830309 0.142304
0.6 0.12 0.0361398 0.818015 0.152284
0.6 0.24 0.0432857 0.78146 0.181778
0.6 0.36 0.0566921 0.712716 0.237128
0.6 0.48 0.078581 0.600424 0.327574
0.6 0.6 0.107746 0.450412 0.448414
0.6 0.72 0.137582 0.295881 0.573096
0.6 0.84 0.160269 0.175967 0.670307
0.6 0.96 0.173564 0.101308 0.731561
0.6 1.08 0.17978 0.0597498 0.766792
0.6 1.2 0.181705 0.0370257 0.787475
0.6 1.32 0.181167 0.0241515 0.800798
0.6 1.44 0.179182 0.0164876 0.810307
0.6 1.56 0.176339 0.011762 0.817624
0.6 1.68 0.173029 0.00883261 0.823483
0.6 1.8 0.169544 0.00708765 0.82823
0.6 1.92 0.166097 0.00616947 0.831979
0.6 2.04 0.162868 0.00586057 0.834865
0.6 2.16 0.159974 0.00598567 0.83696
0.6 2.28 0.157497 0.00640875 0.838397
0.6 2.4 0.155454 0.00700291 0.839197
0.6 2.52 0.153857 0.00764785 0.839537
0.6 2.64 0.152693 0.00823183 0.83955
0.6 2.76 0.151944 0.00866043 0.839399
0.6 2.88 0.151589 0.00886556 0.839065
0.6 3 0.151643 0.00881564 0.839317
0.6 3.12 0.152104 0.00851722 0.839494
0.6 3.24 0.152996 0.00801703 0.839607
0.6 3.36 0.154347 0.00739504 0.839532
0.6 3.48 0.156156 0.00675478 0.838996
0.6 3.6 0.158444 0.00621489 0.837934
0.6 3.72 0.161196 0.00590206 0.836246
0.6 3.84 0.164346 0.00594863 0.833801
0.6 3.96 0.167787 0.00650385 0.830495
0.6 4.08 0.171362 0.00775773 0.826232
0.6 4.2 0.174876 0.00998674 0.820927
0.6 4.32 0.17807 0.0136408 0.814357
0.6 4.44 0.18062 0.0195245 0.806075
0.6 4.56 0.182045 0.0291897 0.794964
0.6 4.68 0.181588 0.0458119 0.77864
0.6 4.8 0.177907 0.0757871 0.75212
0.6 4.92 0.168651 0.131041 0.705941
0.6 5.04 0.150694 0.227596 0.627083
0.6 5.16 0.123056 0.371188 0.510906
0.6 5.28 0.0911235 0.535187 0.378608
0.6 5.4 0.063766 0.675228 0.265767
0.6 5.52 0.0452041 0.770255 0.189266
0.6 5.64 0.0344452 0.825383 0.144891
0.6 5.76 0.0294002 0.851222 0.124087
0.6 5.88 0.0294874 0.850662 0.12456
0.72 0 0.0656561 0.664119 0.277048
0.72 0.12 0.0690451 0.646848 0.290992
0.72 0.24 0.078876 0.596609 0.331433
0.72 0.36 0.0948915 0.514699 0.397315
0.72 0.48 0.116511 0.403981 0.486385
0.72 0.6 0.139594 0.285214 0.582
0.72 0.72 0.159049 0.18371 0.663975
0.72 0.84 0.172162 0.112475 0.722021
0.72 0.96 0.179363 0.0685679 0.758565
0.72 1.08 0.182389 0.0429405 0.781018
0.72 1.2 0.18275 0.0279363 0.795492
0.72 1.32 0.181457 0.0188747 0.805683
0.72 1.44 0.179129 0.0132184 0.813432
0.72 1.56 0.176189 0.00962948 0.819614
0.72 1.68 0.172954 0.00737903 0.824629
0.72 1.8 0.169674 0.00604598 0.828679
0.72 1.92 0.166534 0.00536702 0.831819
0.72 2.04 0.16368 0.0051737 0.834164
0.72 2.16 0.161195 0.00532259 0.835787
0.72 2.28 0.159126 0.00570076 0.836828
0.72 2.4 0.157459 0.00620359 0.837314
0.72 2.52 0.156179 0.00673445 0.837416
0.72 2.64 0.155254 0.00720645 0.83726
0.72 2.76 0.154658 0.00754835 0.836997
0.72 2.88 0.154364 0.00771001 0.836592
0.72 3 0.154384 0.00766887 0.836906
0.72 3.12 0.154717 0.00742996 0.837182
0.72 3.24 0.15539 0.00702788 0.837446
0.72 3.36 0.156439 0.00652241 0.837579
0.72 3.48 0.157879 0.00599255 0.837322
0.72 3.6 0.159756 0.00553178 0.836612
0.72 3.72 0.162087 0.00524293 0.835349
0.72 3.84 0.16484 0.00523583 0.833392
0.72 3.96 0.167944 0.00563428 0.830634
0.72 4.08 0.171273 0.00659163 0.826985
0.72 4.2 0.174659 0.00832046 0.822396
0.72 4.32 0.177873 0.0111465 0.81673
0.72 4.44 0.180635 0.0156138 0.809749
0.72 4.56 0.182566 0.0226944 0.800792
0.72 4.68 0.183155 0.0342344 0.788562
0.72 4.8 0.181614 0.0537096 0.770447
0.72 4.92 0.176654 0.0875119 0.741459
0.72 5.04 0.166389 0.145223 0.693801
0.72 5.16 0.149204 0.23568 0.620372
0.72 5.28 0.125862 0.355752 0.523463
0.72 5.4 0.100893 0.483299 0.420732
0.72 5.52 0.0798183 0.590843 0.3342
0.72 5.64 0.0653667 0.664659 0.274813
0.72 5.76 0.0580475 0.702001 0.24478
0.72 5.88 0.0572495 0.705987 0.241592
0.84 0 0.109659 0.433825 0.463794
0.84 0.12 0.11278 0.418008 0.476521
0.84 0.24 0.121752 0.372361 0.513185
0.84 0.36 0.134381 0.308096 0.564788
0.84 0.48 0.148941 0.233696 0.624533
0.84 0.6 0.162429 0.16399 0.680625
0.84 0.72 0.172752 0.108921 0.725243
0.84 0.84 0.179341 0.0706438 0.756804
0.84 0.96 0.182704 0.0459717 0.777903
0.84 1.08 0.183694 0.0304979 0.792192
0.84 1.2 0.183025 0.02074 0.802378
0.84 1.32 0.181246 0.0144775 0.810162
0.84 1.44 0.178753 0.010404 0.816389
0.84 1.56 0.175866 0.00776342 0.821471
0.84 1.68 0.172847 0.0061045 0.825593
0.84 1.8 0.169908 0.00514467 0.82886
0.84 1.92 0.167196 0.00469435 0.831296
0.84 2.04 0.164817 0.00462609 0.833008
0.84 2.16 0.162814 0.00482453 0.834077
0.84 2.28 0.161198 0.00519704 0.834654
0.84 2.4 0.159926 0.00565718 0.834771
0.84 2.52 0.158964 0.00612579 0.834589
0.84 2.64 0.15827 0.00653282 0.834227
0.84 2.76 0.157817 0.00682191 0.833824
0.84 2.88 0.157577 0.00695422 0.833315
0.84 3 0.157566 0.00691315 0.833722
0.84 3.12 0.157778 0.0067036 0.834128
0.84 3.24 0.158241 0.00635366 0.834576
0.84 3.36 0.15899 0.00591107 0.834962
0.84 3.48 0.160047 0.0054388 0.835036
0.84 3.6 0.161475 0.00501237 0.834742
0.84 3.72 0.163317 0.00471534 0.833981
0.84 3.84 0.165581 0.00463765 0.832604
0.84 3.96 0.168233 0.00487973 0.830491
0.84 4.08 0.171188 0.00556238 0.827548
0.84 4.2 0.174313 0.00684534 0.823746
0.84 4.32 0.17741 0.0089591 0.819002
0.84 4.44 0.180241 0.0122622 0.813221
0.84 4.56 0.18249 0.0173437 0.80604
0.84 4.68 0.183792 0.025228 0.796833
0.84 4.8 0.183683 0.0376716 0.784389
0.84 4.92 0.181501 0.0577276 0.766413
0.84 5.04 0.176326 0.0899523 0.739186
0.84 5.16 0.167233 0.139521 0.698595
0.84 5.28 0.153914 0.208611 0.642702
0.84 5.4 0.137672 0.29146 0.575994
0.84 5.52 0.12145 0.37385 0.509774
0.84 5.64 0.108323 0.440542 0.456164
0.84 5.76 0.101061 0.477292 0.426654
0.84 5.88 0.0986803 0.489475 0.41684
0.96 0 0.146659 0.237061 0.623846
0.96 0.12 0.148489 0.227937 0.631153
0.96 0.24 0.153908 0.200635 0.65299
0.96 0.36 0.160898 0.165387 0.681193
0.96 0.48 0.168383 0.127167 0.711795
0.96 0.6 0.174967 0.0925577 0.739667
0.96 0.72 0.179839 0.0649979 0.762199
0.96 0.84 0.182795 0.0449238 0.779153
0.96 0.96 0.184003 0.03103 0.791587
0.96 1.08 0.183812 0.0216183 0.80094
0.96 1.2 0.182553 0.0152671 0.80823
0.96 1.32 0.180554 0.0109816 0.814159
0.96 1.44 0.178097 0.00810959 0.819053
0.96 1.56 0.175439 0.00623146 0.823063
0.96 1.68 0.172797 0.00507197 0.826248
0.96 1.8 0.170341 0.00444445 0.828659
0.96 1.92 0.168172 0.00421482 0.830309
0.96 2.04 0.16635 0.00428842 0.831315
0.96 2.16 0.164876 0.00457313 0.83177
0.96 2.28 0.163726 0.00499209 0.831833
0.96 2.4 0.162838 0.00547103 0.831541
0.96 2.52 0.162169 0.00594039 0.831043
0.96 2.64 0.161679 0.00633782 0.830444
0.96 2.76 0.161348 0.00661296 0.829874
0.96 2.88 0.161154 0.00673153 0.82922
0.96 3 0.161117 0.00667996 0.829762
0.96 3.12 0.161226 0.00646451 0.830327
0.96 3.24 0.161503 0.00611245 0.830991
0.96 3.36 0.161977 0.00566802 0.831662
0.96 3.48 0.162664 0.00518758 0.832105
0.96 3.6 0.163635 0.00473722 0.832275
0.96 3.72 0.164952 0.00438777 0.832074
0.96 3.84 0.166653 0.00421363 0.831349
0.96 3.96 0.168748 0.00429524 0.829964
0.96 4.08 0.171196 0.00472567 0.827811
0.96 4.2 0.173909 0.00562234 0.824862
0.96 4.32 0.176729 0.00714532 0.821061
0.96 4.44 0.179454 0.00952752 0.816398
0.96 4.56 0.181815 0.0131205 0.810689
0.96 4.68 0.183529 0.0184804 0.80369
0.96 4.8 0.184291 0.0264586 0.794926
0.96 4.92 0.183748 0.0384084 0.783472
0.96 5.04 0.181487 0.0561952 0.767802
0.96 5.16 0.177156 0.0819253 0.7463
0.96 5.28 0.170608 0.116823 0.717844
0.96 5.4 0.162278 0.159419 0.683506
0.96 5.52 0.153373 0.204292 0.6475
0.96 5.64 0.145528 0.243718 0.615864
0.96 5.76 0.141005 0.266162 0.597921
0.96 5.88 0.138154 0.280867 0.586059
1.08 0 0.166972 0.12339 0.717337
1.08 0.12 0.167835 0.119222 0.720656
1.08 0.24 0.17054 0.105782 0.731335
1.08 0.36 0.173896 0.0890232 0.744678
1.08 0.48 0.177398 0.0709394 0.759121
1.08 0.6 0.180422 0.054201 0.772679
1.08 0.72 0.182573 0.0402202 0.784339
1.08 0.84 0.183686 0.0293435 0.793905
1.08 0.96 0.183768 0.021252 0.801615
1.08 1.08 0.182968 0.0153934 0.807962
1.08 1.2 0.181466 0.0112262 0.813228
1.08 1.32 0.179494 0.00831614 0.817667
1.08 1.44 0.177281 0.00633957 0.82135
1.08 1.56 0.175035 0.00506424 0.824294
1.08 1.68 0.172929 0.00432374 0.826497
1.08 1.8 0.171082 0.00399688 0.827989
1.08 1.92 0.169543 0.0039907 0.828793
1.08 2.04 0.168324 0.00423611 0.829041
1.08 2.16 0.167384 0.00465867 0.828841
1.08 2.28 0.166678 0.00519155 0.828359
1.08 2.4 0.166133 0.00576516 0.827633
1.08 2.52 0.165709 0.00631026 0.826792
1.08 2.64 0.165381 0.0067621 0.825931
1.08 2.76 0.165142 0.00706706 0.825164
1.08 2.88 0.164983 0.00718855 0.824318
1.08 3 0.164927 0.0071133 0.825042
1.08 3.12 0.164958 0.00685066 0.8258
1.08 3.24 0.165089 0.0064331 0.826709
1.08 3.36 0.165333 0.00591027 0.827692
1.08 3.48 0.165693 0.00534201 0.828533
1.08 3.6 0.166234 0.00479453 0.829197
1.08 3.72 0.167024 0.00433377 0.829596
1.08 3.84 0.168126 0.00402425 0.829573
1.08 3.96 0.169585 0.00393075 0.82898
1.08 4.08 0.171411 0.00412348 0.827688
1.08 4.2 0.173567 0.00468624 0.825656
1.08 4.32 0.175941 0.00572758 0.822827
1.08 4.44 0.178376 0.0073967 0.819238
1.08 4.56 0.18064 0.00990248 0.814797
1.08 4.68 0.182499 0.0135461 0.809465
1.08 4.8 0.18372 0.0187341 0.803129
1.08 4.92 0.184081 0.0260438 0.795483
1.08 5.04 0.183373 0.0361638 0.785972
1.08 5.16 0.1815 0.0497672 0.774149
1.08 5.28 0.178476 0.0671146 0.759712
1.08 5.4 0.174572 0.0874638 0.743186
1.08 5.52 0.170353 0.108574 0.72624
1.08 5.64 0.166557 0.127335 0.711195
1.08 5.76 0.164372 0.13775 0.702939
1.08 5.88 0.162274 0.148659 0.694126
1.2 0 0.175437 0.0676363 0.764682
1.2 0.12 0.175838 0.0657799 0.766164
1.2 0.24 0.177175 0.0591935 0.771371
1.2 0.36 0.178797 0.0510735 0.777821
1.2 0.48 0.180448 0.0421465 0.784964
1.2 0.6 0.181818 0.0335588 0.792024
1.2 0.72 0.182674 0.0259919 0.798542
1.2 0.84 0.18289 0.0197419 0.804331
1.2 0.96 0.18244 0.0148165 0.809349
1.2 1.08 0.181416 0.0110748 0.813736
1.2 1.2 0.179948 0.00832277 0.817478
1.2 1.32 0.178233 0.00637281 0.820638
1.2 1.44 0.176459 0.00506413 0.823173
1.2 1.56 0.174794 0.00426914 0.825042
1.2 1.68 0.173355 0.00388974 0.826223
1.2 1.8 0.172207 0.00385035 0.826753
1.2 1.92 0.171341 0.00408908 0.826672
1.2 2.04 0.170722 0.00455652 0.826132
1.2 2.16 0.170282 0.00519042 0.825255
1.2 2.28 0.169958 0.00592732 0.824202
1.2 2.4 0.169687 0.00669338 0.823015
1.2 2.52 0.169444 0.00740869 0.821801
1.2 2.64 0.169224 0.00799413 0.820642
1.2 2.76 0.169042 0.00838181 0.819645
1.2 2.88 0.168904 0.00852505 0.818548
1.2 3 0.168838 0.00840798 0.819515
1.2 3.12 0.168824 0.00804552 0.820506
1.2 3.24 0.168859 0.00748279 0.821699
1.2 3.36 0.168936 0.00678553 0.823029
1.2 3.48 0.169038 0.00602874 0.824295
1.2 3.6 0.169208 0.00528967 0.825478
1.2 3.72 0.169513 0.00463827 0.826501
1.2 3.84 0.170023 0.00413559 0.82721
1.2 3.96 0.170813 0.00383542 0.827451
1.2 4.08 0.171937 0.0037894 0.827071
1.2 4.2 0.173414 0.00405428 0.826007
1.2 4.32 0.175187 0.00469993 0.824188
1.2 4.44 0.177151 0.00581878 0.821661
1.2 4.56 0.179116 0.00753318 0.818372
1.2 4.68 0.180884 0.0100067 0.814386
1.2 4.8 0.182258 0.0134331 0.809755
1.2 4.92 0.183059 0.0180545 0.80444
1.2 5.04 0.183148 0.0240999 0.798277
1.2 5.16 0.182498 0.0317197 0.791242
1.2 5.28 0.181166 0.0408314 0.783351
1.2 5.4 0.17935 0.0509337 0.774969
1.2 5.52 0.177366 0.0609695 0.766836
1.2 5.64 0.175571 0.0697357 0.759757
1.2 5.76 0.174545 0.0743175 0.75616
1.2 5.88 0.173242 0.0811951 0.750587
1.32 0 0.177808 0.0402522 0.78973
1.32 0.12 0.178007 0.0393555 0.790471
1.32 0.24 0.178709 0.0358455 0.793252
1.32 0.36 0.179536 0.0315399 0.796685
1.32 0.48 0.180335 0.0267074 0.800577
1.32 0.6 0.180933 0.021899 0.804609
1.32 0.72 0.181181 0.0174808 0.808542
1.32 0.84 0.181001 0.0136715 0.812224
1.32 0.96 0.180381 0.0105538 0.815539
1.32 1.08 0.179414 0.00811924 0.818505
1.32 1.2 0.178215 0.00630746 0.820988
1.32 1.32 0.176957 0.00504076 0.82298
1.32 1.44 0.175793 0.00424199 0.824396
1.32 1.56 0.174837 0.00384529 0.825179
1.32 1.68 0.174152 0.00379832 0.825317
1.32 1.8 0.173736 0.00405966 0.824864
1.32 1.92 0.17353 0.00459241 0.823881
1.32 2.04 0.173461 0.00536311 0.822536
1.32 2.16 0.173441 0.00631687 0.820956
1.32 2.28 0.173409 0.00738653 0.819294
1.32 2.4 0.173321 0.00848323 0.817598
1.32 2.52 0.173176 0.00950181 0.815954
1.32 2.64 0.173001 0.0103321 0.814442
1.32 2.76 0.172836 0.0108761 0.813166
1.32 2.88 0.172706 0.0110655 0.811745
1.32 3 0.172644 0.0108782 0.813031
1.32 3.12 0.172623 0.0103389 0.814315
1.32 3.24 0.172623 0.00951723 0.815854
1.32 3.36 0.172611 0.00851065 0.81759
1.32 3.48 0.172542 0.00742542 0.819333
1.32 3.6 0.172433 0.0063638 0.821073
1.32 3.72 0.17233 0.00541001 0.822745
1.32 3.84 0.172302 0.00462819 0.824204
1.32 3.96 0.172442 0.00406508 0.825296
1.32 4.08 0.172837 0.00375672 0.825855
1.32 4.2 0.173557 0.00373676 0.825792
1.32 4.32 0.174609 0.00404411 0.825013
1.32 4.44 0.175946 0.0047302 0.823553
1.32 4.56 0.177427 0.00586209 0.821361
1.32 4.68 0.178894 0.007526 0.818544
1.32 4.8 0.180174 0.0098121 0.815226
1.32 4.92 0.181105 0.0128187 0.811477
1.32 5.04 0.18156 0.0166058 0.807288
1.32 5.16 0.18151 0.021162 0.802769
1.32 5.28 0.180998 0.0263409 0.798017
1.32 5.4 0.180162 0.0318055 0.7933
1.32 5.52 0.179195 0.0370037 0.788975
1.32 5.64 0.178299 0.0414545 0.7853
1.32 5.76 0.177783 0.0436116 0.783606
1.32 5.88 0.176986 0.0479242 0.780097
1.44 0 0.177159 0.0258005 0.80485
1.44 0.12 0.177264 0.0253171 0.805284
1.44 0.24 0.177656 0.0232541 0.80693
1.44 0.36 0.1781 0.0207361 0.808945
1.44 0.48 0.178492 0.0178695 0.81125
1.44 0.6 0.178732 0.0149535 0.813707
1.44 0.72 0.178731 0.0122031 0.816166
1.44 0.84 0.178454 0.00977166 0.818503
1.44 0.96 0.17792 0.00774443 0.82059
1.44 1.08 0.177231 0.00615203 0.822405
1.44 1.2 0.176493 0.00498708 0.823768
1.44 1.32 0.175853 0.00422501 0.824651
1.44 1.44 0.175419 0.00383639 0.824966
1.44 1.56 0.175249 0.0037964 0.824667
1.44 1.68 0.175338 0.00408761 0.823759
1.44 1.8 0.175628 0.00469804 0.82232
1.44 1.92 0.176013 0.00561429 0.820424
1.44 2.04 0.176393 0.00681883 0.818243
1.44 2.16 0.176677 0.00826164 0.815901
1.44 2.28 0.176817 0.00986523 0.813541
1.44 2.4 0.176797 0.0115118 0.811222
1.44 2.52 0.176652 0.0130487 0.809026
1.44 2.64 0.176445 0.0143063 0.807049
1.44 2.76 0.176249 0.0151276 0.805407
1.44 2.88 0.176112 0.0154017 0.803581
1.44 3 0.17607 0.0150928 0.805279
1.44 3.12 0.176092 0.0142453 0.806955
1.44 3.24 0.176133 0.0129759 0.808961
1.44 3.36 0.17613 0.0114428 0.811229
1.44 3.48 0.176001 0.00981048 0.813563
1.44 3.6 0.175728 0.00822678 0.815949
1.44 3.72 0.175332 0.00680255 0.818327
1.44 3.84 0.174865 0.00561065 0.820565
1.44 3.96 0.174424 0.00469215 0.822521
1.44 4.08 0.174121 0.00406732 0.824024
1.44 4.2 0.174069 0.00374706 0.82497
1.44 4.32 0.174332 0.0037423 0.825243
1.44 4.44 0.174927 0.00407131 0.824853
1.44 4.56 0.175773 0.00476177 0.823731
1.44 4.68 0.176759 0.00585219 0.82199
1.44 4.8 0.17774 0.00737798 0.819777
1.44 4.92 0.178567 0.00937268 0.817203
1.44 5.04 0.17911 0.0118353 0.814326
1.44 5.16 0.179319 0.0147134 0.811288
1.44 5.28 0.179202 0.0178763 0.808201
1.44 5.4 0.178847 0.0210996 0.805275
1.44 5.52 0.178372 0.024069 0.802695
1.44 5.64 0.177905 0.0265802 0.800537
1.44 5.76 0.177626 0.0277089 0.799636
1.44 5.88 0.177124 0.0305317 0.797324
1.56 0 0.17491 0.0175879 0.815293
1.56 0.12 0.174969 0.0173013 0.815589
1.56 0.24 0.175205 0.015985 0.816642
1.56 0.36 0.175462 0.0143896 0.817897
1.56 0.48 0.175673 0.0125601 0.819306
1.56 0.6 0.175786 0.0106785 0.820804
1.56 0.72 0.175759 0.0088814 0.822279
1.56 0.84 0.175595 0.00727838 0.823622
1.56 0.96 0.175341 0.00594307 0.824708
1.56 1.08 0.175103 0.00491729 0.825503
1.56 1.2 0.17497 0.00421845 0.825816
1.56 1.32 0.175056 0.00385277 0.825626
1.56 1.44 0.175411 0.00382369 0.824862
1.56 1.56 0.176032 0.00413938 0.823497
1.56 1.68 0.176852 0.00481505 0.821557
1.56 1.8 0.17776 0.00587048 0.819131
1.56 1.92 0.178615 0.00732144 0.816289
1.56 2.04 0.179304 0.00917416 0.813192
1.56 2.16 0.179741 0.0113882 0.809948
1.56 2.28 0.179898 0.0138727 0.806687
1.56 2.4 0.179801 0.0164624 0.803494
1.56 2.52 0.179525 0.018918 0.80048
1.56 2.64 0.179182 0.0209527 0.797798
1.56 2.76 0.17889 0.0222874 0.795622
1.56 2.88 0.178724 0.0227189 0.793292
1.56 3 0.178733 0.0221825 0.795526
1.56 3.12 0.17887 0.0207655 0.797788
1.56 3.24 0.179059 0.0186852 0.800514
1.56 3.36 0.179194 0.0162236 0.803583
1.56 3.48 0.179146 0.0136574 0.806753
1.56 3.6 0.178858 0.0112147 0.80998
1.56 3.72 0.178313 0.00904758 0.813198
1.56 3.84 0.177542 0.00723847 0.81629
1.56 3.96 0.176639 0.00581677 0.819139
1.56 4.08 0.175724 0.00477942 0.821587
1.56 4.2 0.174945 0.00410869 0.823531
1.56 4.32 0.174416 0.00378476 0.824845
1.56 4.44 0.174214 0.00379413 0.825517
1.56 4.56 0.174324 0.00413164 0.825452
1.56 4.68 0.174689 0.0048013 0.824742
1.56 4.8 0.175206 0.0058047 0.823532
1.56 4.92 0.175741 0.00714182 0.821938
1.56 5.04 0.176169 0.00878778 0.820052
1.56 5.16 0.176415 0.0106845 0.818017
1.56 5.28 0.176453 0.012728 0.815947
1.56 5.4 0.176325 0.014766 0.814022
1.56 5.52 0.176097 0.0166055 0.812352
1.56 5.64 0.175849 0.0181556 0.81096
1.56 5.76 0.175695 0.0188041 0.810424
1.56 5.88 0.175364 0.0207471 0.808822
1.68 0 0.171762 0.0127331 0.823195
1.68 0.12 0.171801 0.0125499 0.823417
1.68 0.24 0.171965 0.0116495 0.82411
1.68 0.36 0.172152 0.0105686 0.824888
1.68 0.48 0.172325 0.00932729 0.825701
1.68 0.6 0.172469 0.0080481 0.826515
1.68 0.72 0.172581 0.00682564 0.827231
1.68 0.84 0.172692 0.00574318 0.827745
1.68 0.96 0.172866 0.00486532 0.82794
1.68 1.08 0.173204 0.0042393 0.827786
1.68 1.2 0.173765 0.00389895 0.827095
1.68 1.32 0.174616 0.00387407 0.825869
1.68 1.44 0.175751 0.00419705 0.824062
1.68 1.56 0.177101 0.00490968 0.821663
1.68 1.68 0.178544 0.00606593 0.818704
1.68 1.8 0.17993 0.00773015 0.815263
1.68 1.92 0.181092 0.00996731 0.81138
1.68 2.04 0.181908 0.0128348 0.807173
1.68 2.16 0.182301 0.0163278 0.80271
1.68 2.28 0.182267 0.0203555 0.798096
1.68 2.4 0.181874 0.0246837 0.79346
1.68 2.52 0.181257 0.0289087 0.789005
1.68 2.64 0.180599 0.0324921 0.785048
1.68 2.76 0.180089 0.0348717 0.781947
1.68 2.88 0.17986 0.0356233 0.778974
1.68 3 0.179974 0.0346115 0.781949
1.68 3.12 0.180362 0.0320307 0.78524
1.68 3.24 0.180886 0.0283397 0.789277
1.68 3.36 0.181368 0.0241035 0.793765
1.68 3.48 0.181614 0.0198333 0.798322
1.68 3.6 0.18151 0.0159011 0.802819
1.68 3.72 0.181003 0.0125128 0.807173
1.68 3.84 0.180103 0.00974246 0.811297
1.68 3.96 0.178893 0.00758029 0.815124
1.68 4.08 0.177502 0.00597444 0.818539
1.68 4.2 0.176098 0.00485964 0.821464
1.68 4.32 0.174836 0.00417351 0.823791
1.68 4.44 0.17385 0.00386514 0.825497
1.68 4.56 0.173183 0.00389609 0.826462
1.68 4.68 0.172842 0.0042401 0.826753
1.68 4.8 0.172771 0.00487255 0.826491
1.68 4.92 0.172869 0.00577114 0.825783
1.68 5.04 0.173019 0.00689819 0.82473
1.68 5.16 0.173135 0.00819641 0.82347
1.68 5.28 0.173162 0.00958244 0.822118
1.68 5.4 0.173103 0.0109478 0.820843
1.68 5.52 0.17298 0.012165 0.819722
1.68 5.64 0.172838 0.0131945 0.818771
1.68 5.76 0.17275 0.0135934 0.818435
1.68 5.88 0.172519 0.0150068 0.817263
1.8 0 0.168132 0.00990455 0.829458
1.8 0.12 0.168168 0.00977867 0.829634
1.8 0.24 0.168323 0.00911497 0.830083
1.8 0.36 0.168526 0.00832822 0.830517
1.8 0.48 0.168769 0.00742777 0.830877
1.8 0.6 0.169069 0.0065059 0.831138
1.8 0.72 0.169449 0.00563578 0.831206
1.8 0.84 0.16996 0.00488751 0.830978
1.8 0.96 0.170666 0.00432285 0.830349
1.8 1.08 0.171647 0.00399604 0.829298
1.8 1.2 0.172927 0.00395677 0.827657
1.8 1.32 0.174518 0.00425861 0.825451
1.8 1.44 0.176354 0.00496599 0.822652
1.8 1.56 0.178313 0.00616314 0.819252
1.8 1.68 0.180225 0.00796087 0.815259
1.8 1.8 0.181906 0.0105004 0.810707
1.8 1.92 0.183166 0.0139482 0.805553
1.8 2.04 0.183871 0.0184905 0.799808
1.8 2.16 0.183937 0.0242486 0.793428
1.8 2.28 0.18337 0.0312051 0.786427
1.8 2.4 0.182284 0.0390476 0.778994
1.8 2.52 0.180899 0.0470425 0.771558
1.8 2.64 0.179536 0.0540555 0.764875
1.8 2.76 0.178539 0.058803 0.75984
1.8 2.88 0.178166 0.0602783 0.755947
1.8 3 0.178515 0.0581586 0.760119
1.8 3.12 0.179458 0.0529299 0.765573
1.8 3.24 0.180721 0.0456873 0.772416
1.8 3.36 0.181973 0.0377074 0.779837
1.8 3.48 0.182894 0.0300396 0.787069
1.8 3.6 0.183297 0.023326 0.793797
1.8 3.72 0.183093 0.0178095 0.799931
1.8 3.84 0.182286 0.0134745 0.805475
1.8 3.96 0.180965 0.0101828 0.810483
1.8 4.08 0.179271 0.00776271 0.814945
1.8 4.2 0.17739 0.00605386 0.818856
1.8 4.32 0.175512 0.00492241 0.822161
1.8 4.44 0.173814 0.00426423 0.82485
1.8 4.56 0.172396 0.00400016 0.826798
1.8 4.68 0.171322 0.00407184 0.828047
1.8 4.8 0.170593 0.00442936 0.828689
1.8 4.92 0.170148 0.00503087 0.828809
1.8 5.04 0.169896 0.00582727 0.828506
1.8 5.16 0.169748 0.00675976 0.827906
1.8 5.28 0.169631 0.00775606 0.827124
1.8 5.4 0.169521 0.008732 0.82633
1.8 5.52 0.169403 0.00959577 0.82559
1.8 5.64 0.169288 0.0103338 0.824932
1.8 5.76 0.169228 0.0105937 0.824722
1.8 5.88 0.169051 0.0116974 0.823814
1.92 0 0.164313 0.00841864 0.834481
1.92 0.12 0.164363 0.00832338 0.834624
1.92 0.24 0.164559 0.00778458 0.834894
1.92 0.36 0.16485 0.00715524 0.835059
1.92 0.48 0.165253 0.00644062 0.835041
1.92 0.6 0.165807 0.00572043 0.834821
1.92 0.72 0.166554 0.00505982 0.834308
1.92 0.84 0.167546 0.00452585 0.8334
1.92 0.96 0.168836 0.00418393 0.832005
1.92 1.08 0.170473 0.00409916 0.830122
1.92 1.2 0.172434 0.00434003 0.8276
1.92 1.32 0.174677 0.00498846 0.824485
1.92 1.44 0.177086 0.00615044 0.820748
1.92 1.56 0.179489 0.0079722 0.816356
1.92 1.68 0.181678 0.0106596 0.811254
1.92 1.8 0.183433 0.0145022 0.805365
1.92 1.92 0.184528 0.0198935 0.79846
1.92 2.04 0.184777 0.0273544 0.790279
1.92 2.16 0.184043 0.0374048 0.780442
1.92 2.28 0.182283 0.0503635 0.768665
1.92 2.4 0.179646 0.0658954 0.755151
1.92 2.52 0.176511 0.0825431 0.740875
1.92 2.64 0.173512 0.0976659 0.727776
1.92 2.76 0.171375 0.108091 0.718225
1.92 2.88 0.17066 0.111291 0.712752
1.92 3 0.171561 0.106462 0.719257
1.92 3.12 0.173798 0.0948579 0.729775
1.92 3.24 0.176762 0.0792447 0.743222
1.92 3.36 0.179746 0.0627511 0.75734
1.92 3.48 0.182155 0.0477585 0.770334
1.92 3.6 0.183673 0.0354512 0.781481
1.92 3.72 0.184206 0.0259848 0.790778
1.92 3.84 0.183806 0.0189776 0.79854
1.92 3.96 0.182618 0.0139025 0.805152
1.92 4.08 0.180827 0.0102849 0.810855
1.92 4.2 0.17865 0.0077572 0.815807
1.92 4.32 0.176312 0.00605206 0.820068
1.92 4.44 0.174025 0.00497915 0.823683
1.92 4.56 0.171937 0.00440217 0.826547
1.92 4.68 0.170165 0.00422327 0.828689
1.92 4.8 0.168764 0.00436406 0.830178
1.92 4.92 0.167721 0.00476215 0.831073
1.92 5.04 0.166979 0.00535479 0.83146
1.92 5.16 0.166463 0.0060769 0.83145
1.92 5.28 0.166097 0.0068581 0.831157
1.92 5.4 0.165836 0.00762426 0.830755
1.92 5.52 0.165639 0.00830041 0.830308
1.92 5.64 0.165489 0.0088872 0.829866
1.92 5.76 0.165426 0.00907063 0.829752
1.92 5.88 0.165269 0.0100164 0.828986
2.04 0 0.16053 0.00787816 0.838439
2.04 0.12 0.160606 0.00779509 0.838552
2.04 0.24 0.160885 0.00730271 0.838678
2.04 0.36 0.161321 0.00673519 0.838612
2.04 0.48 0.161955 0.00609831 0.838261
2.04 0.6 0.162836 0.00547186 0.83761
2.04 0.72 0.16401 0.00492293 0.836568
2.04 0.84 0.165521 0.0045236 0.83504
2.04 0.96 0.167394 0.00434867 0.832951
2.04 1.08 0.169642 0.00447849 0.830314
2.04 1.2 0.172194 0.00500512 0.826999
2.04 1.32 0.17496 0.00604716 0.823052
2.04 1.44 0.177779 0.00776908 0.81842
2.04 1.56 0.180439 0.0104143 0.813006
2.04 1.68 0.182689 0.0143565 0.806625
2.04 1.8 0.184258 0.0201817 0.798968
2.04 1.92 0.184828 0.028796 0.789389
2.04 2.04 0.184071 0.0415638 0.776947
2.04 2.16 0.181644 0.0601322 0.760343
2.04 2.28 0.177316 0.0858816 0.738406
2.04 2.4 0.171242 0.118562 0.71127
2.04 2.52 0.164193 0.15483 0.681408
2.04 2.64 0.157568 0.188214 0.65382
2.04 2.76 0.152948 0.21119 0.634346
2.04 2.88 0.151504 0.218117 0.625986
2.04 3 0.153597 0.207293 0.637161
2.04 3.12 0.158663 0.181468 0.658906
2.04 3.24 0.165402 0.146928 0.687345
2.04 3.36 0.172243 0.111171 0.716728
2.04 3.48 0.177907 0.0800013 0.742536
2.04 3.6 0.18179 0.0559726 0.762964
2.04 3.72 0.183853 0.0388359 0.778343
2.04 3.84 0.18435 0.027082 0.789908
2.04 3.96 0.183617 0.0191129 0.798919
2.04 4.08 0.181968 0.0137047 0.806227
2.04 4.2 0.179697 0.0100358 0.812358
2.04 4.32 0.177075 0.00757904 0.817587
2.04 4.44 0.174355 0.00599629 0.822074
2.04 4.56 0.171721 0.00506459 0.825773
2.04 4.68 0.169336 0.00463299 0.828725
2.04 4.8 0.167302 0.00458833 0.830984
2.04 4.92 0.165656 0.00484469 0.832587
2.04 5.04 0.164382 0.00532261 0.833605
2.04 5.16 0.16343 0.00594575 0.83413
2.04 5.28 0.162734 0.00663751 0.834269
2.04 5.4 0.162241 0.00732248 0.834201
2.04 5.52 0.161895 0.00792865 0.833994
2.04 5.64 0.161658 0.00846347 0.833716
2.04 5.76 0.161562 0.00861328 0.833681
2.04 5.88 0.161402 0.00951312 0.832975
2.16 0 0.156966 0.00801564 0.841448
2.16 0.12 0.15708 0.00793084 0.841539
2.16 0.24 0.157475 0.00742606 0.841553
2.16 0.36 0.1581 0.00684892 0.841293
2.16 0.48 0.159013 0.00620973 0.840653
2.16 0.6 0.160263 0.00559869 0.839621
2.16 0.72 0.161887 0.00509271 0.83811
2.16 0.84 0.163907 0.00477523 0.836034
2.16 0.96 0.166317 0.00473503 0.833333
2.16 1.08 0.169088 0.00507188 0.830036
2.16 1.2 0.172108 0.00590739 0.826017
2.16 1.32 0.175245 0.00740874 0.821304
2.16 1.44 0.1783 0.0098247 0.81579
2.16 1.56 0.181021 0.0135532 0.809259
2.16 1.68 0.183101 0.0192644 0.801292
2.16 1.8 0.184164 0.0281252 0.791116
2.16 1.92 0.183691 0.0421519 0.777187
2.16 2.04 0.180985 0.0646799 0.756979
2.16 2.16 0.175182 0.100089 0.726972
2.16 2.28 0.165618 0.152043 0.68414
2.16 2.4 0.152671 0.219293 0.629425
2.16 2.52 0.13833 0.292418 0.570181
2.16 2.64 0.12565 0.356565 0.518151
2.16 2.76 0.117327 0.398444 0.483794
2.16 2.88 0.114878 0.410567 0.471829
2.16 3 0.118675 0.391105 0.489376
2.16 3.12 0.128083 0.343235 0.528475
2.16 3.24 0.141295 0.275906 0.582942
2.16 3.36 0.15545 0.203236 0.641689
2.16 3.48 0.167655 0.139227 0.693645
2.16 3.6 0.176321 0.0913401 0.733067
2.16 3.72 0.181389 0.0592895 0.760305
2.16 3.84 0.183595 0.0390001 0.778657
2.16 3.96 0.183768 0.0262838 0.79148
2.16 4.08 0.182545 0.0181909 0.801024
2.16 4.2 0.180393 0.0129387 0.808584
2.16 4.32 0.177673 0.00950297 0.814849
2.16 4.44 0.174685 0.0072913 0.82018
2.16 4.56 0.171653 0.00594661 0.824641
2.16 4.68 0.168773 0.00524394 0.828309
2.16 4.8 0.166189 0.00502606 0.831244
2.16 4.92 0.163982 0.00517966 0.833472
2.16 5.04 0.162178 0.00560562 0.835045
2.16 5.16 0.16076 0.00621232 0.836042
2.16 5.28 0.159683 0.00691041 0.836558
2.16 5.4 0.158901 0.00761383 0.836774
2.16 5.52 0.158351 0.00824215 0.836763
2.16 5.64 0.157982 0.00880363 0.836608
2.16 5.76 0.157829 0.00895344 0.836641
2.16 5.88 0.157645 0.00989346 0.835922
2.28 0 0.153764 0.00861727 0.843601
2.28 0.12 0.153924 0.00851969 0.843686
2.28 0.24 0.154455 0.00795857 0.843617
2.28 0.36 0.155295 0.00731861 0.843197
2.28 0.48 0.15651 0.00661867 0.842315
2.28 0.6 0.158137 0.0059676 0.840959
2.28 0.72 0.160194 0.00545817 0.839047
2.28 0.84 0.162676 0.00518951 0.836507
2.28 0.96 0.165543 0.00526758 0.833289
2.28 1.08 0.168726 0.0058151 0.829429
2.28 1.2 0.172079 0.00698982 0.824795
2.28 1.32 0.175437 0.0090225 0.819376
2.28 1.44 0.178565 0.0122813 0.812973
2.28 1.56 0.181163 0.0174028 0.805182
2.28 1.68 0.182834 0.0255585 0.795182
2.28 1.8 0.183006 0.038989 0.781342
2.28 1.92 0.180739 0.0619166 0.760324
2.28 2.04 0.174566 0.101703 0.726375
2.28 2.16 0.162644 0.167769 0.671888
2.28 2.28 0.144059 0.265128 0.592738
2.28 2.4 0.121038 0.383295 0.497309
2.28 2.52 0.0987441 0.496801 0.405842
2.28 2.64 0.0817784 0.582876 0.336446
2.28 2.76 0.0719407 0.632626 0.296067
2.28 2.88 0.0692579 0.646052 0.28389
2.28 3 0.0735784 0.623968 0.302782
2.28 3.12 0.0850763 0.565461 0.350111
2.28 3.24 0.10345 0.47189 0.425403
2.28 3.36 0.126256 0.35532 0.51911
2.28 3.48 0.148504 0.240542 0.611555
2.28 3.6 0.165549 0.150525 0.684606
2.28 3.72 0.176038 0.0914088 0.733435
2.28 3.84 0.181241 0.0562685 0.763607
2.28 3.96 0.182953 0.0359128 0.782501
2.28 4.08 0.182489 0.0238659 0.795219
2.28 4.2 0.18067 0.0164648 0.80457
2.28 4.32 0.178023 0.0117858 0.811977
2.28 4.44 0.174924 0.00881553 0.818141
2.28 4.56 0.171639 0.00699428 0.823292
2.28 4.68 0.168395 0.0059948 0.82758
2.28 4.8 0.165369 0.00560408 0.831088
2.28 4.92 0.162677 0.00567706 0.833842
2.28 5.04 0.160384 0.00609285 0.835883
2.28 5.16 0.158511 0.00674214 0.837275
2.28 5.28 0.157036 0.00751827 0.838104
2.28 5.4 0.155933 0.00831737 0.838551
2.28 5.52 0.155144 0.00904112 0.838693
2.28 5.64 0.154611 0.0096926 0.838621
2.28 5.76 0.154383 0.00987079 0.838713
2.28 5.88 0.154161 0.0109146 0.837925
2.4 0 0.151026 0.00948654 0.84503
2.4 0.12 0.151234 0.00936833 0.845121
2.4 0.24 0.15191 0.00872205 0.844998
2.4 0.36 0.15297 0.00798449 0.844455
2.4 0.48 0.154481 0.00718659 0.84338
2.4 0.6 0.156462 0.00646149 0.841761
2.4 0.72 0.158906 0.00592152 0.839525
2.4 0.84 0.161776 0.0056837 0.836607
2.4 0.96 0.165001 0.00587273 0.832967
2.4 1.08 0.16848 0.00663674 0.828638
2.4 1.2 0.17204 0.00817593 0.823471
2.4 1.32 0.175487 0.0108007 0.817391
2.4 1.44 0.178551 0.0150396 0.810074
2.4 1.56 0.180868 0.0218747 0.800839
2.4 1.68 0.181897 0.033262 0.788239
2.4 1.8 0.180729 0.0532403 0.769193
2.4 1.92 0.175682 0.0898704 0.737249
2.4 2.04 0.164014 0.157139 0.681342
2.4 2.16 0.142898 0.269503 0.589763
2.4 2.28 0.11339 0.422072 0.466356
2.4 2.4 0.0830131 0.57755 0.341057
2.4 2.52 0.0594601 0.69758 0.244438
2.4 2.64 0.0447196 0.772515 0.184072
2.4 2.76 0.0372286 0.810445 0.153321
2.4 2.88 0.0353153 0.820018 0.144857
2.4 3 0.0384613 0.803929 0.158368
2.4 3.12 0.0474797 0.758047 0.195442
2.4 3.24 0.0641715 0.673073 0.263839
2.4 3.36 0.089597 0.543207 0.368157
2.4 3.48 0.120427 0.38487 0.495367
2.4 3.6 0.148332 0.239898 0.612316
2.4 3.72 0.167138 0.138954 0.694579
2.4 3.84 0.177075 0.0802434 0.743567
2.4 3.96 0.181142 0.0483112 0.77167
2.4 4.08 0.181812 0.0307096 0.788801
2.4 4.2 0.180529 0.020519 0.800395
2.4 4.32 0.178102 0.0143311 0.809081
2.4 4.44 0.175024 0.0104856 0.816082
2.4 4.56 0.171615 0.00813471 0.821865
2.4 4.68 0.168132 0.00681622 0.826682
2.4 4.8 0.164778 0.00624883 0.830662
2.4 4.92 0.161697 0.00625163 0.833842
2.4 5.04 0.158987 0.0066809 0.836256
2.4 5.16 0.156699 0.00740904 0.83796
2.4 5.28 0.154845 0.00831011 0.839032
2.4 5.4 0.153419 0.00925796 0.839652
2.4 5.52 0.152378 0.0101295 0.839904
2.4 5.64 0.151667 0.010917 0.839881
2.4 5.76 0.151353 0.0111459 0.840017
2.4 5.88 0.151086 0.0123337 0.839125
2.52 0 0.148815 0.0104323 0.845892
2.52 0.12 0.14907 0.0102897 0.845987
2.52 0.24 0.149882 0.00954663 0.845828
2.52 0.36 0.151146 0.00869749 0.845196
2.52 0.48 0.152923 0.00778736 0.843976
2.52 0.6 0.155208 0.00697582 0.842156
2.52 0.72 0.157969 0.00639563 0.83967
2.52 0.84 0.161142 0.00618167 0.836461
2.52 0.96 0.164627 0.00647719 0.83249
2.52 1.08 0.1683 0.0074567 0.827783
2.52 1.2 0.171965 0.00936716 0.822161
2.52 1.32 0.175404 0.0126118 0.815475
2.52 1.44 0.178308 0.0179173 0.807243
2.52 1.56 0.180232 0.0267207 0.796417
2.52 1.68 0.180429 0.0420756 0.78067
2.52 1.8 0.177488 0.070654 0.754796
2.52 1.92 0.168645 0.126091 0.707809
2.52 2.04 0.149653 0.230217 0.622357
2.52 2.16 0.118263 0.394555 0.489011
2.52 2.28 0.08157 0.583591 0.336294
2.52 2.4 0.0518162 0.736018 0.213447
2.52 2.52 0.0332642 0.830789 0.137102
2.52 2.64 0.0232862 0.881613 0.0960751
2.52 2.76 0.0186359 0.905138 0.076914
2.52 2.88 0.0174925 0.910805 0.0718956
2.52 3 0.0193911 0.901059 0.0800118
2.52 3.12 0.0250909 0.87205 0.103508
2.52 3.24 0.0367565 0.812664 0.151457
2.52 3.36 0.0577704 0.705287 0.23787
2.52 3.48 0.0897667 0.541057 0.369867
2.52 3.6 0.126207 0.352693 0.521527
2.52 3.72 0.154888 0.201743 0.643799
2.52 3.84 0.171222 0.110933 0.718466
2.52 3.96 0.178486 0.0632139 0.759151
2.52 4.08 0.180642 0.0384269 0.781977
2.52 4.2 0.180057 0.024867 0.796236
2.52 4.32 0.177953 0.0169687 0.806305
2.52 4.44 0.174988 0.0121781 0.814128
2.52 4.56 0.171553 0.00927428 0.820477
2.52 4.68 0.167934 0.0076301 0.825735
2.52 4.8 0.164357 0.00688594 0.830088
2.52 4.92 0.160986 0.00682236 0.833594
2.52 5.04 0.157943 0.007273 0.836289
2.52 5.16 0.155309 0.0080931 0.838224
2.52 5.28 0.153122 0.00913799 0.83947
2.52 5.4 0.1514 0.0102581 0.840209
2.52 5.52 0.15012 0.0113026 0.840528
2.52 5.64 0.149236 0.0122488 0.840526
2.52 5.76 0.148835 0.0125414 0.84069
2.52 5.88 0.148523 0.0138876 0.839686
2.64 0 0.147164 0.0112745 0.846354
2.64 0.12 0.147459 0.0111086 0.846448
2.64 0.24 0.148386 0.010276 0.846269
2.64 0.36 0.149819 0.00932373 0.845576
2.64 0.48 0.15181 0.00831081 0.844252
2.64 0.6 0.154333 0.00742117 0.842287
2.64 0.72 0.157332 0.00680593 0.839619
2.64 0.84 0.160721 0.00661569 0.836195
2.64 0.96 0.164378 0.00701038 0.831974
2.64 1.08 0.168163 0.00818972 0.826971
2.64 1.2 0.171862 0.0104477 0.820974
2.64 1.32 0.175235 0.0142849 0.813753
2.64 1.44 0.177935 0.0206461 0.804655
2.64 1.56 0.179416 0.0314938 0.792209
2.64 1.68 0.178685 0.0512094 0.773018
2.64 1.8 0.173705 0.0897149 0.739246
2.64 1.92 0.160458 0.167121 0.674627
2.64 2.04 0.133661 0.310743 0.557415
2.64 2.16 0.0944426 0.514883 0.391973
2.64 2.28 0.0570272 0.707736 0.236139
2.64 2.4 0.0324556 0.833979 0.134304
2.64 2.52 0.0193043 0.901385 0.0798925
2.64 2.64 0.0128334 0.934387 0.0531175
2.64 2.76 0.00994944 0.948909 0.0411566
2.64 2.88 0.00925289 0.952295 0.0381026
2.64 3 0.0104142 0.946315 0.04307
2.64 3.12 0.0139796 0.928181 0.0578487
2.64 3.24 0.0216784 0.88898 0.0896654
2.64 3.36 0.0370468 0.81033 0.153146
2.64 3.48 0.0647302 0.668086 0.267676
2.64 3.6 0.103857 0.465995 0.43042
2.64 3.72 0.140984 0.272012 0.587176
2.64 3.84 0.16437 0.145562 0.690394
2.64 3.96 0.175356 0.0793295 0.74587
2.64 4.08 0.179209 0.0463242 0.775218
2.64 4.2 0.179402 0.029109 0.792351
2.64 4.32 0.177666 0.0194541 0.803809
2.64 4.44 0.174863 0.0137352 0.812396
2.64 4.56 0.171461 0.0103038 0.819233
2.64 4.68 0.167781 0.00835362 0.824847
2.64 4.8 0.164066 0.00744356 0.829485
2.64 4.92 0.160497 0.00731582 0.833231
2.64 5.04 0.157212 0.00778316 0.836126
2.64 5.16 0.154312 0.00868609 0.838222
2.64 5.28 0.15186 0.00986394 0.839585
2.64 5.4 0.149895 0.0111463 0.840397
2.64 5.52 0.148412 0.0123558 0.840751
2.64 5.64 0.147378 0.013454 0.840749
2.64 5.76 0.1469 0.0138105 0.840927
2.64 5.88 0.146547 0.0153016 0.83982
2.76 0 0.146082 0.0118609 0.846564
2.76 0.12 0.146405 0.0116777 0.846653
2.76 0.24 0.147415 0.0107806 0.846458
2.76 0.36 0.148966 0.00975442 0.845723
2.76 0.48 0.151106 0.00866941 0.84433
2.76 0.6 0.153791 0.00772753 0.842267
2.76 0.72 0.156948 0.00709349 0.839475
2.76 0.84 0.160473 0.00692969 0.835903
2.76 0.96 0.164231 0.00740937 0.831507
2.76 1.08 0.16807 0.00875358 0.826288
2.76 1.2 0.171765 0.0112976 0.820006
2.76 1.32 0.175056 0.01563 0.812361
2.76 1.44 0.177557 0.0228993 0.802535
2.76 1.56 0.178629 0.0355779 0.788648
2.76 1.68 0.177026 0.059372 0.766237
2.76 1.8 0.17009 0.107449 0.72483
2.76 1.92 0.152678 0.205727 0.643405
2.76 2.04 0.119425 0.382161 0.499719
2.76 2.16 0.0763939 0.605821 0.318446
2.76 2.28 0.0417919 0.784534 0.173941
2.76 2.4 0.0221283 0.885908 0.0920617
2.76 2.52 0.0124952 0.93543 0.0519589
2.76 2.64 0.00796248 0.958525 0.0330676
2.76 2.76 0.00598127 0.968404 0.0247883
2.76 2.88 0.005506 0.970651 0.022702
2.76 3 0.00629933 0.966576 0.0261032
2.76 3.12 0.00875649 0.954132 0.0363563
2.76 3.24 0.0141922 0.926481 0.0589648
2.76 3.36 0.0256397 0.867783 0.106504
2.76 3.48 0.0484577 0.75032 0.201279
2.76 3.6 0.0861223 0.55564 0.358228
2.76 3.72 0.128292 0.335833 0.535757
2.76 3.84 0.157806 0.178251 0.663959
2.76 3.96 0.172351 0.0942169 0.733686
2.76 4.08 0.17783 0.0533154 0.769311
2.76 4.2 0.178749 0.0327108 0.789108
2.76 4.32 0.177357 0.0214963 0.801786
2.76 4.44 0.174715 0.0149828 0.811007
2.76 4.56 0.17137 0.0111109 0.818228
2.76 4.68 0.167674 0.00890739 0.824106
2.76 4.8 0.163885 0.00785783 0.828946
2.76 4.92 0.160194 0.00767084 0.832856
2.76 5.04 0.156752 0.00814171 0.835884
2.76 5.16 0.153675 0.00909962 0.838084
2.76 5.28 0.151038 0.0103723 0.839521
2.76 5.4 0.148901 0.0117738 0.840376
2.76 5.52 0.147271 0.0131068 0.840748
2.76 5.64 0.146127 0.0143196 0.840738
2.76 5.76 0.14559 0.0147261 0.840925
2.76 5.88 0.145208 0.0163223 0.839741
2.88 0 0.145562 0.012086 0.846627
2.88 0.12 0.1459 0.0118954 0.846714
2.88 0.24 0.146953 0.0109721 0.846508
2.88 0.36 0.148566 0.00991685 0.845748
2.88 0.48 0.150782 0.00880558 0.844313
2.88 0.6 0.153549 0.00784894 0.842191
2.88 0.72 0.156784 0.00721858 0.839325
2.88 0.84 0.160374 0.00708352 0.835665
2.88 0.96 0.164179 0.00762555 0.831162
2.88 1.08 0.168036 0.00908034 0.825811
2.88 1.2 0.171713 0.0118121 0.819349
2.88 1.32 0.174937 0.0164718 0.811425
2.88 1.44 0.177295 0.0243551 0.801109
2.88 1.56 0.178073 0.0383108 0.786218
2.88 1.68 0.175838 0.065039 0.761483
2.88 1.8 0.167469 0.120113 0.714474
2.88 1.92 0.14709 0.233255 0.621035
2.88 2.04 0.109853 0.429946 0.460931
2.88 2.16 0.0657822 0.658979 0.275206
2.88 2.28 0.0339654 0.823604 0.14199
2.88 2.4 0.0172679 0.909908 0.0721862
2.88 2.52 0.00943532 0.950243 0.0394123
2.88 2.64 0.00582016 0.968616 0.0242554
2.88 2.76 0.0042511 0.976355 0.0176575
2.88 2.88 0.00387537 0.978086 0.0160059
2.88 3 0.00450226 0.974888 0.0187001
2.88 3.12 0.00644944 0.965088 0.0268712
2.88 3.24 0.0107967 0.943017 0.0450511
2.88 3.36 0.0201741 0.894867 0.0841723
2.88 3.48 0.0398461 0.793432 0.166162
2.88 3.6 0.0753075 0.609986 0.314235
2.88 3.72 0.119546 0.379568 0.500397
2.88 3.84 0.153043 0.201724 0.64491
2.88 3.96 0.17016 0.104824 0.724964
2.88 4.08 0.176833 0.0581431 0.765197
2.88 4.2 0.178279 0.03511 0.786908
2.88 4.32 0.177135 0.0228121 0.800432
2.88 4.44 0.174614 0.0157624 0.810077
2.88 4.56 0.171319 0.0115982 0.817545
2.88 4.68 0.167627 0.00922625 0.823587
2.88 4.8 0.163807 0.00807982 0.828549
2.88 4.92 0.160058 0.00784368 0.832556
2.88 5.04 0.156538 0.00830098 0.835662
2.88 5.16 0.15337 0.00927369 0.837923
2.88 5.28 0.150639 0.0105832 0.839406
2.88 5.4 0.148411 0.0120357 0.840291
2.88 5.52 0.146704 0.0134242 0.840678
2.88 5.64 0.145501 0.0146894 0.840671
2.88 5.76 0.144934 0.0151195 0.840865
2.88 5.88 0.144536 0.0167616 0.839644
3 0 0.145596 0.0119065 0.846584
3 0.12 0.145934 0.0117203 0.846668
3 0.24 0.146986 0.0108147 0.846451
3 0.36 0.148598 0.00978149 0.845675
3 0.48 0.150814 0.00869579 0.844221
3 0.6 0.153581 0.00776591 0.842076
3 0.72 0.156817 0.00716279 0.839184
3 0.84 0.160409 0.00705616 0.835492
3 0.96 0.164213 0.00763055 0.830952
3 1.08 0.168064 0.00912735 0.825554
3 1.2 0.171727 0.0119219 0.819026
3 1.32 0.174921 0.0166887 0.811003
3 1.44 0.177219 0.024778 0.800512
3 1.56 0.177883 0.0391786 0.785259
3 1.68 0.175404 0.0669615 0.759675
3 1.8 0.166493 0.124586 0.710607
3 1.92 0.145032 0.243042 0.612846
3 2.04 0.106488 0.446286 0.447379
3 2.16 0.062325 0.675759 0.261211
3 2.28 0.0315796 0.83495 0.132329
3 2.4 0.015847 0.916361 0.0664393
3 2.52 0.00856298 0.953908 0.0358887
3 2.64 0.00521917 0.970893 0.0218304
3 2.76 0.00377037 0.978013 0.0157203
3 2.88 0.00342335 0.979597 0.0141932
3 3 0.00400139 0.976653 0.0166828
3 3.12 0.00579841 0.967625 0.0242463
3 3.24 0.00982003 0.947212 0.0411105
3 3.36 0.0185547 0.902319 0.0776344
3 3.48 0.0371682 0.806256 0.155346
3 3.6 0.0716902 0.627602 0.299652
3 3.72 0.116395 0.394843 0.487789
3 3.84 0.151253 0.210165 0.637844
3 3.96 0.169325 0.108589 0.721671
3 4.08 0.176456 0.0597854 0.76361
3 4.2 0.17811 0.0358745 0.786022
3 4.32 0.177066 0.0231965 0.799853
3 4.44 0.174595 0.0159642 0.80965
3 4.56 0.171326 0.0117016 0.817205
3 4.68 0.167645 0.0092696 0.823305
3 4.8 0.163827 0.00808141 0.828308
3 4.92 0.160075 0.00781185 0.832348
3 5.04 0.15655 0.00823887 0.835482
3 5.16 0.153377 0.00918196 0.837768
3 5.28 0.150641 0.0104619 0.839274
3 5.4 0.148411 0.011886 0.840181
3 5.52 0.146703 0.0132489 0.840589
3 5.64 0.1455 0.0144921 0.840598
3 5.76 0.144932 0.0149136 0.840799
3 5.88 0.144537 0.0165332 0.839594
3.12 0 0.146177 0.0113465 0.846408
3.12 0.12 0.1465 0.0111754 0.846494
3.12 0.24 0.147508 0.0103286 0.846267
3.12 0.36 0.149057 0.00936475 0.84549
3.12 0.48 0.151197 0.00835227 0.844041
3.12 0.6 0.153884 0.00748662 0.841912
3.12 0.72 0.157045 0.00693052 0.839043
3.12 0.84 0.160575 0.00684843 0.835382
3.12 0.96 0.164332 0.00742127 0.83088
3.12 1.08 0.168157 0.00888616 0.825527
3.12 1.2 0.171811 0.0116098 0.819062
3.12 1.32 0.175018 0.0162461 0.811138
3.12 1.44 0.177355 0.0240934 0.800827
3.12 1.56 0.178107 0.0380041 0.785946
3.12 1.68 0.175833 0.0646824 0.761228
3.12 1.8 0.167414 0.119702 0.714236
3.12 1.92 0.146985 0.232746 0.620828
3.12 2.04 0.109732 0.429192 0.460809
3.12 2.16 0.0656825 0.657918 0.27518
3.12 2.28 0.0339022 0.822333 0.142042
3.12 2.4 0.0172427 0.908496 0.072324
3.12 2.52 0.00943674 0.948755 0.0396136
3.12 2.64 0.00583661 0.9671 0.0244923
3.12 2.76 0.00427447 0.974836 0.0179103
3.12 2.88 0.00389981 0.97657 0.0162602
3.12 3 0.00452223 0.973376 0.0189457
3.12 3.12 0.00645742 0.963597 0.0270888
3.12 3.24 0.0107804 0.941591 0.0452081
3.12 3.36 0.0201135 0.893592 0.0842153
3.12 3.48 0.0397194 0.79242 0.166036
3.12 3.6 0.0751152 0.609321 0.313946
3.12 3.72 0.119331 0.379207 0.500015
3.12 3.84 0.152872 0.201458 0.644542
3.12 3.96 0.170059 0.104548 0.72464
3.12 4.08 0.176792 0.0578683 0.764891
3.12 4.2 0.178284 0.0348559 0.786601
3.12 4.32 0.17717 0.0225846 0.800121
3.12 4.44 0.174671 0.0155573 0.809764
3.12 4.56 0.171396 0.0114052 0.817229
3.12 4.68 0.167729 0.00902972 0.823268
3.12 4.8 0.163942 0.00786008 0.828225
3.12 4.92 0.160241 0.00757695 0.832228
3.12 5.04 0.156784 0.00796095 0.835335
3.12 5.16 0.153691 0.00883432 0.837606
3.12 5.28 0.151041 0.0100232 0.83911
3.12 5.4 0.148895 0.0113443 0.840027
3.12 5.52 0.147261 0.0126056 0.840455
3.12 5.64 0.146116 0.0137569 0.840494
3.12 5.76 0.145578 0.0141394 0.840701
3.12 5.88 0.145202 0.0156717 0.839562
3.24 0 0.147304 0.0104916 0.846018
3.24 0.12 0.147598 0.0103432 0.846106
3.24 0.24 0.148521 0.00958507 0.845877
3.24 0.36 0.14995 0.0087251 0.845119
3.24 0.48 0.151942 0.00782031 0.843711
3.24 0.6 0.15447 0.00704527 0.841645
3.24 0.72 0.157479 0.00654828 0.83886
3.24 0.84 0.160878 0.00648295 0.835299
3.24 0.96 0.164537 0.00702052 0.830915
3.24 1.08 0.168303 0.00838441 0.825705
3.24 1.2 0.171945 0.0109145 0.819428
3.24 1.32 0.175194 0.015205 0.811789
3.24 1.44 0.177653 0.0224106 0.801979
3.24 1.56 0.178668 0.0350117 0.788121
3.24 1.68 0.176987 0.0587264 0.765744
3.24 1.8 0.169947 0.106733 0.724361
3.24 1.92 0.152423 0.204915 0.642948
3.24 2.04 0.119106 0.381042 0.499333
3.24 2.16 0.0761031 0.604158 0.318207
3.24 2.28 0.0415862 0.782382 0.173882
3.24 2.4 0.0220183 0.88339 0.0922155
3.24 2.52 0.0124557 0.932691 0.0522797
3.24 2.64 0.00796387 0.955685 0.0334855
3.24 2.76 0.00600179 0.965534 0.0252505
3.24 2.88 0.00552964 0.967783 0.0231692
3.24 3 0.00631088 0.963733 0.0265446
3.24 3.12 0.00873579 0.951367 0.0367203
3.24 3.24 0.0141073 0.923908 0.0591678
3.24 3.36 0.0254434 0.865601 0.106422
3.24 3.48 0.0481078 0.748758 0.200815
3.24 3.6 0.0856427 0.554779 0.357457
3.24 3.72 0.127802 0.33541 0.534911
3.24 3.84 0.157432 0.177852 0.663231
3.24 3.96 0.172124 0.0937381 0.733065
3.24 4.08 0.177724 0.0528171 0.768722
3.24 4.2 0.178732 0.0322414 0.788512
3.24 4.32 0.177403 0.0210712 0.801174
3.24 4.44 0.174809 0.0145966 0.810381
3.24 4.56 0.171509 0.010745 0.817587
3.24 4.68 0.167867 0.00853348 0.823448
3.24 4.8 0.164151 0.00743949 0.828267
3.24 4.92 0.16056 0.00716438 0.832155
3.24 5.04 0.157246 0.00749927 0.83517
3.24 5.16 0.154319 0.00827456 0.837371
3.24 5.28 0.151843 0.00932737 0.838832
3.24 5.4 0.149862 0.0104909 0.839735
3.24 5.52 0.148371 0.0115954 0.840169
3.24 5.64 0.147334 0.0126039 0.840237
3.24 5.76 0.146853 0.0129264 0.840444
3.24 5.88 0.14651 0.0143214 0.839407
3.36 0 0.148972 0.00947341 0.845289
3.36 0.12 0.149227 0.00935076 0.845383
3.36 0.24 0.150034 0.00869513 0.845167
3.36 0.36 0.151296 0.00795456 0.844458
3.36 0.48 0.153076 0.00717267 0.843137
3.36 0.6 0.155371 0.00649866 0.841195
3.36 0.72 0.158148 0.00606231 0.838565
3.36 0.84 0.161338 0.00600208 0.835187
3.36 0.96 0.164832 0.0064744 0.831011
3.36 1.08 0.168491 0.00768145 0.826045
3.36 1.2 0.172094 0.00992316 0.820075
3.36 1.32 0.17539 0.013708 0.812879
3.36 1.44 0.178013 0.0199904 0.803812
3.36 1.56 0.179401 0.0307468 0.791408
3.36 1.68 0.178547 0.0503804 0.772262
3.36 1.8 0.173405 0.0888463 0.738504
3.36 1.92 0.159968 0.166267 0.673833
3.36 2.04 0.133015 0.3098 0.556536
3.36 2.16 0.0937729 0.51347 0.391128
3.36 2.28 0.0564814 0.705583 0.235536
3.36 2.4 0.032094 0.831108 0.134101
3.36 2.52 0.0190961 0.898003 0.08005
3.36 2.64 0.0127203 0.930725 0.0535035
3.36 2.76 0.00988254 0.945131 0.041652
3.36 2.88 0.00919399 0.948505 0.038613
3.36 3 0.0103267 0.942607 0.0435126
3.36 3.12 0.0138169 0.924697 0.0581039
3.36 3.24 0.0213731 0.885962 0.0895585
3.36 3.36 0.036516 0.808123 0.15247
3.36 3.48 0.0639376 0.66694 0.266383
3.36 3.6 0.102916 0.465692 0.428838
3.36 3.72 0.140123 0.271881 0.585759
3.36 3.84 0.163733 0.145184 0.689288
3.36 3.96 0.174947 0.0787488 0.744943
3.36 4.08 0.178983 0.0456831 0.774335
3.36 4.2 0.17931 0.0284892 0.791454
3.36 4.32 0.177674 0.0188836 0.802882
3.36 4.44 0.174952 0.0132104 0.811436
3.36 4.56 0.17163 0.00980202 0.818235
3.36 4.68 0.168046 0.0078381 0.8238
3.36 4.8 0.164455 0.00686662 0.828379
3.36 4.92 0.161048 0.00662074 0.832062
3.36 5.04 0.15796 0.00690891 0.834903
3.36 5.16 0.155282 0.00757466 0.836964
3.36 5.28 0.15306 0.00847076 0.838324
3.36 5.4 0.151314 0.00945169 0.839166
3.36 5.52 0.150019 0.0103748 0.839575
3.36 5.64 0.149129 0.0112178 0.839652
3.36 5.76 0.148723 0.0114727 0.839844
3.36 5.88 0.148423 0.0127034 0.838929
3.48 0 0.151171 0.00844928 0.844085
3.48 0.12 0.151379 0.00835057 0.844185
3.48 0.24 0.152049 0.00779366 0.844004
3.48 0.36 0.153109 0.00716715 0.843382
3.48 0.48 0.154627 0.00650182 0.842203
3.48 0.6 0.156623 0.00592109 0.840456
3.48 0.72 0.159091 0.00553477 0.838065
3.48 0.84 0.161989 0.0054637 0.834962
3.48 0.96 0.165236 0.00584602 0.831093
3.48 1.08 0.168713 0.00685793 0.826474
3.48 1.2 0.172221 0.0087527 0.82092
3.48 1.32 0.175529 0.0119429 0.814287
3.48 1.44 0.178309 0.017168 0.806105
3.48 1.56 0.180094 0.0258839 0.795331
3.48 1.68 0.180119 0.0411759 0.779629
3.48 1.8 0.176956 0.0697698 0.75375
3.48 1.92 0.167841 0.125373 0.706634
3.48 2.04 0.148566 0.229797 0.62087
3.48 2.16 0.116997 0.39424 0.48717
3.48 2.28 0.0803521 0.582778 0.334419
3.48 2.4 0.0508419 0.734214 0.212024
3.48 2.52 0.0325644 0.82801 0.1363
3.48 2.64 0.0227849 0.878177 0.0957513
3.48 2.76 0.0182389 0.901376 0.0768432
3.48 2.88 0.0171145 0.906995 0.0718648
3.48 3 0.0189483 0.897468 0.0798143
3.48 3.12 0.0244846 0.869011 0.10289
3.48 3.24 0.0358693 0.81061 0.150128
3.48 3.36 0.0565154 0.704597 0.235661
3.48 3.48 0.0882172 0.541571 0.367093
3.48 3.6 0.124647 0.353505 0.518937
3.48 3.72 0.153587 0.202053 0.641828
3.48 3.84 0.170265 0.110662 0.716996
3.48 3.96 0.177834 0.0626238 0.757912
3.48 4.08 0.18023 0.0377306 0.780793
3.48 4.2 0.179828 0.0241728 0.795032
3.48 4.32 0.177869 0.0163166 0.805057
3.48 4.44 0.17503 0.011569 0.812821
3.48 4.56 0.171724 0.00868523 0.819092
3.48 4.68 0.168258 0.00702134 0.82425
3.48 4.8 0.16487 0.0062054 0.828481
3.48 4.92 0.161731 0.00600882 0.831855
3.48 5.04 0.158955 0.00626228 0.834424
3.48 5.16 0.156608 0.00682632 0.83626
3.48 5.28 0.154707 0.00757242 0.837447
3.48 5.4 0.153247 0.00837806 0.83817
3.48 5.52 0.152184 0.00912768 0.838509
3.48 5.64 0.151463 0.00981209 0.838563
3.48 5.76 0.151142 0.0100052 0.838722
3.48 5.88 0.150888 0.0110706 0.837926
3.6 0 0.153867 0.00758367 0.84227
3.6 0.12 0.154024 0.00750304 0.842373
3.6 0.24 0.154548 0.00702476 0.842252
3.6 0.36 0.155387 0.00648764 0.841759
3.6 0.48 0.156612 0.00591203 0.840782
3.6 0.6 0.158261 0.0053988 0.839305
3.6 0.72 0.160352 0.00503917 0.837244
3.6 0.84 0.162876 0.0049361 0.834517
3.6 0.96 0.165781 0.00520804 0.831063
3.6 1.08 0.168982 0.00600352 0.826901
3.6 1.2 0.172306 0.00752834 0.821867
3.6 1.32 0.175551 0.0101026 0.815889
3.6 1.44 0.178429 0.0142695 0.808654
3.6 1.56 0.180552 0.0210334 0.799486
3.6 1.68 0.181357 0.032387 0.786932
3.6 1.8 0.179913 0.0524335 0.76787
3.6 1.92 0.174527 0.0893393 0.735758
3.6 2.04 0.162465 0.157206 0.679397
3.6 2.16 0.140967 0.27042 0.587035
3.6 2.28 0.11124 0.423578 0.462836
3.6 2.4 0.0809348 0.578776 0.337328
3.6 2.52 0.0576646 0.697821 0.241167
3.6 2.64 0.0432187 0.771743 0.181436
3.6 2.76 0.035911 0.809056 0.151109
3.6 2.88 0.0340321 0.818528 0.142716
3.6 3 0.0370546 0.802885 0.155901
3.6 3.12 0.0457916 0.758005 0.192273
3.6 3.24 0.0620906 0.674432 0.259771
3.6 3.36 0.0871769 0.54576 0.363516
3.6 3.48 0.117958 0.387556 0.491057
3.6 3.6 0.146153 0.24165 0.609026
3.6 3.72 0.165405 0.13957 0.692258
3.6 3.84 0.175776 0.08009 0.741817
3.6 3.96 0.180206 0.0477769 0.770153
3.6 4.08 0.181165 0.0300342 0.787336
3.6 4.2 0.180113 0.0198222 0.798901
3.6 4.32 0.177881 0.0136612 0.807519
3.6 4.44 0.174986 0.009849 0.814421
3.6 4.56 0.171771 0.00751187 0.820065
3.6 4.68 0.168512 0.0061697 0.824704
3.6 4.8 0.165423 0.00552911 0.828471
3.6 4.92 0.162647 0.00540157 0.831421
3.6 5.04 0.160268 0.00564255 0.833614
3.6 5.16 0.158318 0.00613185 0.835127
3.6 5.28 0.156784 0.00676026 0.836061
3.6 5.4 0.155637 0.00742673 0.836598
3.6 5.52 0.154819 0.00803887 0.836815
3.6 5.64 0.154269 0.00859643 0.836806
3.6 5.76 0.154031 0.00874422 0.836913
3.6 5.88 0.153821 0.00966801 0.836214
3.72 0 0.156997 0.00703733 0.839721
3.72 0.12 0.157102 0.00696589 0.839824
3.72 0.24 0.157479 0.00653271 0.839792
3.72 0.36 0.158095 0.0060442 0.839469
3.72 0.48 0.159018 0.00551369 0.838749
3.72 0.6 0.160296 0.00502563 0.837614
3.72 0.72 0.161965 0.00465649 0.83597
3.72 0.84 0.164042 0.00449337 0.833722
3.72 0.96 0.166512 0.00463584 0.830797
3.72 1.08 0.16933 0.00520569 0.827205
3.72 1.2 0.172357 0.00636484 0.822797
3.72 1.32 0.175429 0.0083529 0.817554
3.72 1.44 0.178296 0.0115526 0.811284
3.72 1.56 0.180639 0.0166234 0.803589
3.72 1.68 0.182034 0.0247737 0.793649
3.72 1.8 0.181887 0.0383057 0.779799
3.72 1.92 0.17924 0.0615448 0.758629
3.72 2.04 0.172617 0.102005 0.724244
3.72 2.16 0.160192 0.169239 0.668879
3.72 2.28 0.141125 0.268146 0.588418
3.72 2.4 0.117777 0.387677 0.491647
3.72 2.52 0.0954107 0.501751 0.399392
3.72 2.64 0.0785577 0.587656 0.329852
3.72 2.76 0.0688476 0.637078 0.289579
3.72 2.88 0.0661811 0.650497 0.27738
3.72 3 0.0703692 0.628866 0.295975
3.72 3.12 0.0816406 0.571053 0.342944
3.72 3.24 0.099847 0.477823 0.418274
3.72 3.36 0.122729 0.360606 0.512833
3.72 3.48 0.145344 0.244255 0.60675
3.72 3.6 0.162915 0.152509 0.681222
3.72 3.72 0.173939 0.0921029 0.731008
3.72 3.84 0.179615 0.0562036 0.761674
3.72 3.96 0.181721 0.0354688 0.780761
3.72 4.08 0.181583 0.0232646 0.79351
3.72 4.2 0.18004 0.0158219 0.802808
3.72 4.32 0.177644 0.0111526 0.810108
3.72 4.44 0.174794 0.00820362 0.816111
3.72 4.56 0.171779 0.00639001 0.821039
3.72 4.68 0.168839 0.00536762 0.825045
3.72 4.8 0.166155 0.00491312 0.828227
3.72 4.92 0.163834 0.00487632 0.830636
3.72 5.04 0.161921 0.00513785 0.832343
3.72 5.16 0.160411 0.00559671 0.833442
3.72 5.28 0.159262 0.00616117 0.834042
3.72 5.4 0.158427 0.00674711 0.834329
3.72 5.52 0.157838 0.00727834 0.834372
3.72 5.64 0.157441 0.0077585 0.834259
3.72 5.76 0.157277 0.00788397 0.834299
3.72 5.88 0.157099 0.00871132 0.833658
3.84 0 0.160473 0.00696914 0.836329
3.84 0.12 0.160514 0.00689576 0.836439
3.84 0.24 0.160739 0.00646278 0.83652
3.84 0.36 0.161137 0.00596846 0.8364
3.84 0.48 0.161779 0.00542281 0.835985
3.84 0.6 0.162695 0.004902 0.835254
3.84 0.72 0.163927 0.00447351 0.834103
3.84 0.84 0.165513 0.00421275 0.832428
3.84 0.96 0.167473 0.0042032 0.830138
3.84 1.08 0.169802 0.0045428 0.827231
3.84 1.2 0.172409 0.00535548 0.823555
3.84 1.32 0.175173 0.00681532 0.819122
3.84 1.44 0.177888 0.00918385 0.813823
3.84 1.56 0.180289 0.0128797 0.807448
3.84 1.68 0.182046 0.0186058 0.79958
3.84 1.8 0.182761 0.0275806 0.789429
3.84 1.92 0.181894 0.041901 0.775402
3.84 2.04 0.178733 0.0650231 0.754874
3.84 2.16 0.172416 0.101472 0.724187
3.84 2.28 0.162297 0.154997 0.680199
3.84 2.4 0.148812 0.224215 0.623915
3.84 2.52 0.134035 0.299279 0.563022
3.84 2.64 0.121074 0.364888 0.509672
3.84 2.76 0.112607 0.407613 0.474519
3.84 2.88 0.110092 0.420082 0.462251
3.84 3 0.113879 0.400519 0.479931
3.84 3.12 0.123375 0.351958 0.519716
3.84 3.24 0.136843 0.283206 0.575466
3.84 3.36 0.151433 0.208566 0.635865
3.84 3.48 0.164186 0.142547 0.689397
3.84 3.6 0.173419 0.0930509 0.72999
3.84 3.72 0.179015 0.0599228 0.757933
3.84 3.84 0.181685 0.0389971 0.776632
3.84 3.96 0.182259 0.025943 0.789574
3.84 4.08 0.181385 0.0176939 0.799102
3.84 4.2 0.179549 0.0123873 0.806562
3.84 4.32 0.177136 0.00894715 0.812653
3.84 4.44 0.174466 0.00674708 0.817734
3.84 4.56 0.17178 0.00540785 0.82186
3.84 4.68 0.16928 0.00469041 0.825122
3.84 4.8 0.167103 0.00443005 0.827603
3.84 4.92 0.165311 0.0045112 0.829362
3.84 5.04 0.163906 0.00483798 0.830487
3.84 5.16 0.162846 0.0053265 0.83109
3.84 5.28 0.162066 0.00589827 0.831289
3.84 5.4 0.16151 0.00647931 0.831267
3.84 5.52 0.161111 0.00700075 0.831087
3.84 5.64 0.160807 0.00746481 0.830819
3.84 5.76 0.160718 0.00759482 0.830775
3.84 5.88 0.160536 0.00838878 0.830132
3.96 0 0.164225 0.00755419 0.832017
3.96 0.12 0.164254 0.00746531 0.832143
3.96 0.24 0.164412 0.00697566 0.83236
3.96 0.36 0.164676 0.00640662 0.832472
3.96 0.48 0.165084 0.0057688 0.832407
3.96 0.6 0.165673 0.00513981 0.83213
3.96 0.72 0.166484 0.00458563 0.831538
3.96 0.84 0.167569 0.00417583 0.830515
3.96 0.96 0.168978 0.00398214 0.828954
3.96 1.08 0.170748 0.00408279 0.826837
3.96 1.2 0.172837 0.00457019 0.823997
3.96 1.32 0.175174 0.00556707 0.820454
3.96 1.44 0.177602 0.00724739 0.816145
3.96 1.56 0.179901 0.00987111 0.810969
3.96 1.68 0.181802 0.0138381 0.804748
3.96 1.8 0.18301 0.019773 0.797166
3.96 1.92 0.183186 0.0286375 0.787556
3.96 2.04 0.181989 0.0418727 0.774921
3.96 2.16 0.179072 0.0612142 0.757881
3.96 2.28 0.174216 0.0881147 0.735191
3.96 2.4 0.167605 0.122309 0.70697
3.96 2.52 0.160056 0.160282 0.675813
3.96 2.64 0.153026 0.195242 0.646982
3.96 2.76 0.148141 0.219328 0.626608
3.96 2.88 0.146593 0.226679 0.617893
3.96 3 0.148753 0.215511 0.629351
3.96 3.12 0.154056 0.188637 0.651933
3.96 3.24 0.161179 0.152565 0.681561
3.96 3.36 0.168508 0.115135 0.712192
3.96 3.48 0.174705 0.0824694 0.739054
3.96 3.6 0.179116 0.0572927 0.760222
3.96 3.72 0.181672 0.0393702 0.776039
3.96 3.84 0.18261 0.0271249 0.787807
3.96 3.96 0.182268 0.0188746 0.796859
3.96 4.08 0.180971 0.0133237 0.804094
3.96 4.2 0.179033 0.00959663 0.810057
3.96 4.32 0.176747 0.00712786 0.815024
3.96 4.44 0.174383 0.00555285 0.819148
3.96 4.56 0.17214 0.00463138 0.822387
3.96 4.68 0.170174 0.00420245 0.8248
3.96 4.8 0.168575 0.00414882 0.826476
3.96 4.92 0.167352 0.00438512 0.827493
3.96 5.04 0.166463 0.00483597 0.827959
3.96 5.16 0.165836 0.0054308 0.828001
3.96 5.28 0.165392 0.00609834 0.827744
3.96 5.4 0.165076 0.00676624 0.827364
3.96 5.52 0.164836 0.00736253 0.826914
3.96 5.64 0.164644 0.00788273 0.826416
3.96 5.76 0.16457 0.00804795 0.826283
3.96 5.88 0.164411 0.00888883 0.82554
4.08 0 0.168073 0.00902287 0.826716
4.08 0.12 0.168096 0.00890071 0.826887
4.08 0.24 0.16822 0.00827968 0.827302
4.08 0.36 0.168397 0.00754535 0.827706
4.08 0.48 0.168634 0.00671361 0.828038
4.08 0.6 0.168954 0.00587578 0.828266
4.08 0.72 0.169386 0.00510562 0.828284
4.08 0.84 0.169986 0.00447421 0.827975
4.08 0.96 0.170818 0.0040469 0.827218
4.08 1.08 0.171959 0.00388663 0.825975
4.08 1.2 0.173418 0.00406008 0.824062
4.08 1.32 0.175179 0.00464994 0.821489
4.08 1.44 0.177144 0.00576745 0.818203
4.08 1.56 0.179141 0.00757002 0.814162
4.08 1.68 0.180952 0.010282 0.809308
4.08 1.8 0.182337 0.0142199 0.803567
4.08 1.92 0.183049 0.0198125 0.796704
4.08 2.04 0.182891 0.0276241 0.788438
4.08 2.16 0.181719 0.0382177 0.778357
4.08 2.28 0.179503 0.0519406 0.766144
4.08 2.4 0.176411 0.0684415 0.752001
4.08 2.52 0.172856 0.0861705 0.736968
4.08 2.64 0.169512 0.102311 0.723119
4.08 2.76 0.167145 0.113475 0.713
4.08 2.88 0.166343 0.116957 0.707273
4.08 3 0.167309 0.111888 0.713967
4.08 3.12 0.169758 0.099588 0.724991
4.08 3.24 0.173051 0.0829967 0.739128
4.08 3.36 0.176442 0.0654551 0.75395
4.08 3.48 0.179299 0.0495149 0.767534
4.08 3.6 0.181269 0.0364507 0.779093
4.08 3.72 0.182235 0.026435 0.788626
4.08 3.84 0.182237 0.0190607 0.796473
4.08 3.96 0.181421 0.0137609 0.803043
4.08 4.08 0.179981 0.0100208 0.808594
4.08 4.2 0.178155 0.00743909 0.813286
4.08 4.32 0.176184 0.00572208 0.817172
4.08 4.44 0.174297 0.00466094 0.820296
4.08 4.56 0.17264 0.00410785 0.822568
4.08 4.68 0.171319 0.00395959 0.824045
4.08 4.8 0.170364 0.00413743 0.824837
4.08 4.92 0.169734 0.00458215 0.825049
4.08 5.04 0.169346 0.00523551 0.824798
4.08 5.16 0.169107 0.00603562 0.824228
4.08 5.28 0.168938 0.00691112 0.823465
4.08 5.4 0.168799 0.00778109 0.82268
4.08 5.52 0.168662 0.00855795 0.821931
4.08 5.64 0.168533 0.00922392 0.821247
4.08 5.76 0.168467 0.00946281 0.821008
4.08 5.88 0.1683 0.0104525 0.820157
4.2 0 0.1718 0.0117354 0.820255
4.2 0.12 0.171827 0.011553 0.820481
4.2 0.24 0.171958 0.0106925 0.821156
4.2 0.36 0.17211 0.00966165 0.821921
4.2 0.48 0.172256 0.00848942 0.822723
4.2 0.6 0.172393 0.00729804 0.823523
4.2 0.72 0.172526 0.00618155 0.824212
4.2 0.84 0.172698 0.00522156 0.824673
4.2 0.96 0.17298 0.00448259 0.824775
4.2 1.08 0.173474 0.00401599 0.824469
4.2 1.2 0.174234 0.00386658 0.823554
4.2 1.32 0.175305 0.00408436 0.822019
4.2 1.44 0.176649 0.0047339 0.819801
4.2 1.56 0.178155 0.00590465 0.816874
4.2 1.68 0.179655 0.0077184 0.813236
4.2 1.8 0.18095 0.0103329 0.808919
4.2 1.92 0.181837 0.0139353 0.803886
4.2 2.04 0.182166 0.0187348 0.798145
4.2 2.16 0.18185 0.0248703 0.791648
4.2 2.28 0.180899 0.0323288 0.784405
4.2 2.4 0.179443 0.0407761 0.776618
4.2 2.52 0.177726 0.049419 0.768756
4.2 2.64 0.176094 0.0570263 0.761651
4.2 2.76 0.174922 0.0622008 0.756289
4.2 2.88 0.174483 0.0638426 0.752219
4.2 3 0.174882 0.0615928 0.756495
4.2 3.12 0.175988 0.0559724 0.762208
4.2 3.24 0.177506 0.0481677 0.769407
4.2 3.36 0.179079 0.0395656 0.777197
4.2 3.48 0.180362 0.0313094 0.784738
4.2 3.6 0.181141 0.0240994 0.791676
4.2 3.72 0.181312 0.0182011 0.797908
4.2 3.84 0.180867 0.013596 0.803437
4.2 3.96 0.1799 0.01013 0.808319
4.2 4.08 0.178561 0.00761099 0.812538
4.2 4.2 0.177054 0.00585874 0.816083
4.2 4.32 0.175579 0.00472341 0.818894
4.2 4.44 0.174318 0.00408986 0.820971
4.2 4.56 0.173361 0.00387342 0.822211
4.2 4.68 0.172751 0.0040155 0.822692
4.2 4.8 0.172459 0.00446998 0.822549
4.2 4.92 0.172397 0.0052015 0.821908
4.2 5.04 0.17245 0.00616656 0.820892
4.2 5.16 0.17252 0.00730762 0.819652
4.2 5.28 0.172538 0.00854521 0.818313
4.2 5.4 0.172491 0.00977708 0.817047
4.2 5.52 0.172384 0.010883 0.815924
4.2 5.64 0.172256 0.0118205 0.814969
4.2 5.76 0.172174 0.0121902 0.814604
4.2 5.88 0.171964 0.0134646 0.813526
4.32 0 0.175122 0.0163341 0.812261
4.32 0.12 0.175169 0.0160433 0.812572
4.32 0.24 0.175366 0.0147654 0.813622
4.32 0.36 0.175573 0.0132217 0.814883
4.32 0.48 0.175729 0.0114712 0.816297
4.32 0.6 0.175795 0.00969599 0.817793
4.32 0.72 0.175743 0.0080293 0.819256
4.32 0.84 0.17559 0.00657428 0.820564
4.32 0.96 0.175399 0.00539902 0.821584
4.32 1.08 0.175285 0.00454403 0.822263
4.32 1.2 0.175339 0.00403231 0.822395
4.32 1.32 0.175659 0.00388359 0.821947
4.32 1.44 0.176272 0.00412384 0.820838
4.32 1.56 0.177134 0.00479342 0.819031
4.32 1.68 0.178133 0.00594999 0.816539
4.32 1.8 0.179115 0.00766581 0.813432
4.32 1.92 0.179906 0.0100162 0.809753
4.32 2.04 0.180372 0.0130691 0.805629
4.32 2.16 0.180428 0.0168246 0.801138
4.32 2.28 0.180072 0.021187 0.796395
4.32 2.4 0.17938 0.0259015 0.791551
4.32 2.52 0.178502 0.0305251 0.786842
4.32 2.64 0.177639 0.0344638 0.782627
4.32 2.76 0.176996 0.0370953 0.77932
4.32 2.88 0.176717 0.0379479 0.776211
4.32 3 0.176869 0.0368675 0.779239
4.32 3.12 0.177379 0.0340654 0.782661
4.32 3.24 0.178098 0.0300457 0.786881
4.32 3.36 0.178831 0.0254316 0.791559
4.32 3.48 0.179366 0.0207876 0.796269
4.32 3.6 0.179574 0.0165249 0.800852
4.32 3.72 0.179389 0.0128698 0.805206
4.32 3.84 0.178819 0.00990235 0.809229
4.32 3.96 0.17795 0.00760868 0.812841
4.32 4.08 0.176922 0.00592807 0.815914
4.32 4.2 0.175913 0.00478553 0.818366
4.32 4.32 0.175082 0.00411085 0.820091
4.32 4.44 0.174554 0.00384907 0.821081
4.32 4.56 0.174357 0.00396236 0.821249
4.32 4.68 0.174467 0.00443022 0.820699
4.32 4.8 0.174801 0.00523744 0.819586
4.32 4.92 0.175231 0.00637396 0.81805
4.32 5.04 0.175625 0.00781204 0.8162
4.32 5.16 0.17589 0.00949689 0.814192
4.32 5.28 0.17598 0.011333 0.812148
4.32 5.4 0.175917 0.0131798 0.810248
4.32 5.52 0.175748 0.0148569 0.808596
4.32 5.64 0.175546 0.0162733 0.807225
4.32 5.76 0.175413 0.0168757 0.806668
4.32 5.88 0.175116 0.0186321 0.805197
4.44 0 0.177624 0.0240954 0.801863
4.44 0.12 0.177718 0.0235954 0.802328
4.44 0.24 0.178065 0.0215617 0.803995
4.44 0.36 0.178442 0.0190952 0.806039
4.44 0.48 0.178749 0.0163274 0.808365
4.44 0.6 0.178894 0.0135579 0.810828
4.44 0.72 0.178807 0.0109916 0.813276
4.44 0.84 0.178473 0.00876566 0.815584
4.44 0.96 0.177935 0.00695047 0.817617
4.44 1.08 0.177311 0.00556813 0.81934
4.44 1.2 0.176715 0.00461158 0.820557
4.44 1.32 0.176291 0.00406515 0.821227
4.44 1.44 0.176127 0.0039162 0.821253
4.44 1.56 0.176246 0.00416338 0.820577
4.44 1.68 0.176601 0.00481818 0.8192
4.44 1.8 0.177091 0.00590094 0.817197
4.44 1.92 0.177573 0.00743009 0.814634
4.44 2.04 0.177927 0.00941474 0.811683
4.44 2.16 0.17806 0.0118127 0.808467
4.44 2.28 0.177943 0.0145254 0.805138
4.44 2.4 0.177602 0.0173705 0.801808
4.44 2.52 0.17712 0.0200823 0.798618
4.44 2.64 0.176619 0.0223406 0.795754
4.44 2.76 0.176225 0.0238327 0.793426
4.44 2.88 0.176022 0.0243298 0.790983
4.44 3 0.176059 0.023757 0.793236
4.44 3.12 0.176288 0.0222096 0.795564
4.44 3.24 0.176626 0.0199287 0.798388
4.44 3.36 0.176956 0.0172284 0.801558
4.44 3.48 0.177141 0.0144171 0.804801
4.44 3.6 0.177112 0.0117489 0.808043
4.44 3.72 0.176849 0.00939295 0.811195
4.44 3.84 0.176385 0.00743997 0.814118
4.44 3.96 0.175816 0.00592136 0.816674
4.44 4.08 0.17527 0.00483242 0.818695
4.44 4.2 0.174897 0.00415294 0.820076
4.44 4.32 0.174806 0.00386209 0.820705
4.44 4.44 0.17506 0.00394884 0.82059
4.44 4.56 0.175619 0.00441549 0.819671
4.44 4.68 0.176397 0.00527972 0.818069
4.44 4.8 0.177264 0.00656209 0.815947
4.44 4.92 0.178066 0.0082871 0.813437
4.44 5.04 0.178659 0.010453 0.810617
4.44 5.16 0.17897 0.0130151 0.807638
4.44 5.28 0.17898 0.0158581 0.804616
4.44 5.4 0.178752 0.018779 0.801757
4.44 5.52 0.178388 0.0214866 0.799239
4.44 5.64 0.178005 0.0237827 0.797145
4.44 5.76 0.177765 0.0248328 0.796239
4.44 5.88 0.177313 0.0273881 0.794119
4.56 0 0.178599 0.0378156 0.786987
4.56 0.12 0.178792 0.0368658 0.787795
4.56 0.24 0.179452 0.0333416 0.790647
4.56 0.36 0.180203 0.029066 0.794152
4.56 0.48 0.180886 0.0243621 0.798076
4.56 0.6 0.181334 0.0197782 0.802097
4.56 0.72 0.181423 0.0156529 0.805984
4.56 0.84 0.181101 0.0121653 0.809599
4.56 0.96 0.180387 0.00936512 0.812834
4.56 1.08 0.1794 0.00722478 0.815699
4.56 1.2 0.178271 0.00567941 0.818046
4.56 1.32 0.177177 0.00465842 0.819851
4.56 1.44 0.176258 0.00409981 0.821015
4.56 1.56 0.175602 0.00395785 0.821469
4.56 1.68 0.175231 0.00420305 0.821195
4.56 1.8 0.175102 0.00481709 0.820247
4.56 1.92 0.175116 0.0057831 0.818691
4.56 2.04 0.175173 0.0070812 0.816706
4.56 2.16 0.175177 0.00865587 0.814431
4.56 2.28 0.175076 0.0104208 0.812038
4.56 2.4 0.174854 0.0122443 0.809614
4.56 2.52 0.174545 0.0139552 0.807275
4.56 2.64 0.174215 0.0153627 0.805147
4.56 2.76 0.173942 0.0162896 0.803374
4.56 2.88 0.173776 0.01661 0.801446
4.56 3 0.173755 0.0162819 0.80314
4.56 3.12 0.173845 0.0153539 0.804848
4.56 3.24 0.173999 0.0139557 0.80691
4.56 3.36 0.174148 0.0122642 0.809233
4.56 3.48 0.174206 0.0104637 0.811597
4.56 3.6 0.174154 0.00872005 0.813955
4.56 3.72 0.17401 0.00715775 0.816221
4.56 3.84 0.173829 0.00585884 0.818236
4.56 3.96 0.173713 0.00486981 0.819838
4.56 4.08 0.173773 0.00421419 0.82085
4.56 4.2 0.174119 0.00390592 0.821174
4.56 4.32 0.174802 0.00396085 0.820713
4.56 4.44 0.17582 0.00440644 0.819501
4.56 4.56 0.177067 0.00528644 0.817497
4.56 4.68 0.178405 0.00666554 0.814824
4.56 4.8 0.179666 0.0086165 0.811623
4.56 4.92 0.180676 0.0112253 0.807987
4.56 5.04 0.181288 0.0145505 0.803929
4.56 5.16 0.181442 0.0185923 0.799565
4.56 5.28 0.18115 0.0232318 0.794991
4.56 5.4 0.180522 0.0281726 0.790464
4.56 5.52 0.179731 0.0329079 0.786316
4.56 5.64 0.178967 0.0369773 0.782809
4.56 5.76 0.178509 0.0389902 0.781148
4.56 5.88 0.177791 0.0429039 0.77794
4.68 0 0.176622 0.0640485 0.762523
4.68 0.12 0.177039 0.0620274 0.76417
4.68 0.24 0.178367 0.0552628 0.769598
4.68 0.36 0.179927 0.0470719 0.776228
4.68 0.48 0.181437 0.0383118 0.78341
4.68 0.6 0.182596 0.0301132 0.790373
4.68 0.72 0.1832 0.0230729 0.796712
4.68 0.84 0.183165 0.0173869 0.802298
4.68 0.96 0.182505 0.0129903 0.807125
4.68 1.08 0.181349 0.00970702 0.811336
4.68 1.2 0.179851 0.00733796 0.814901
4.68 1.32 0.178218 0.00570764 0.817861
4.68 1.44 0.176633 0.00467552 0.820155
4.68 1.56 0.175242 0.00413697 0.82172
4.68 1.68 0.174129 0.00401671 0.822525
4.68 1.8 0.173316 0.00425976 0.822603
4.68 1.92 0.172755 0.00482043 0.822002
4.68 2.04 0.172379 0.00565897 0.820887
4.68 2.16 0.1721 0.0067123 0.819401
4.68 2.28 0.171855 0.0079038 0.817726
4.68 2.4 0.171595 0.00913254 0.81594
4.68 2.52 0.171318 0.0102793 0.814165
4.68 2.64 0.171046 0.0112192 0.812512
4.68 2.76 0.170822 0.011841 0.811111
4.68 2.88 0.17067 0.0120667 0.809592
4.68 3 0.170621 0.0118699 0.810856
4.68 3.12 0.17065 0.0112776 0.812149
4.68 3.24 0.170735 0.0103669 0.813721
4.68 3.36 0.170842 0.00924692 0.815488
4.68 3.48 0.170925 0.00803738 0.817236
4.68 3.6 0.171003 0.00685375 0.818922
4.68 3.72 0.171125 0.0057922 0.820449
4.68 3.84 0.171362 0.00492653 0.821647
4.68 3.96 0.171805 0.00431131 0.822347
4.68 4.08 0.172538 0.0039895 0.822381
4.68 4.2 0.173623 0.00400224 0.821673
4.68 4.32 0.17505 0.00439893 0.820153
4.68 4.44 0.176752 0.00524796 0.817871
4.68 4.56 0.178567 0.00664479 0.814788
4.68 4.68 0.180312 0.00872356 0.810994
4.68 4.8 0.181786 0.0116489 0.806567
4.68 4.92 0.182797 0.0156357 0.801498
4.68 5.04 0.183178 0.0208997 0.795658
4.68 5.16 0.182867 0.0276031 0.789032
4.68 5.28 0.181887 0.035714 0.781622
4.68 5.4 0.180398 0.0448181 0.773754
4.68 5.52 0.178686 0.0539589 0.766103
4.68 5.64 0.177097 0.0619869 0.759454
4.68 5.76 0.176157 0.066293 0.755982
4.68 5.88 0.174967 0.0725778 0.750872
4.8 0 0.168603 0.118039 0.716323
4.8 0.12 0.169554 0.113366 0.720084
4.8 0.24 0.172369 0.0992026 0.731431
4.8 0.36 0.175747 0.0820048 0.745265
4.8 0.48 0.179103 0.0641194 0.759746
4.8 0.6 0.181827 0.0481511 0.772939
4.8 0.72 0.183584 0.035248 0.784028
4.8 0.84 0.184286 0.0254803 0.793009
4.8 0.96 0.184004 0.0183612 0.80023
4.8 1.08 0.182929 0.0132837 0.806197
4.8 1.2 0.181268 0.00971861 0.811159
4.8 1.32 0.17927 0.00726915 0.815331
4.8 1.44 0.177159 0.00565258 0.818745
4.8 1.56 0.175131 0.00467295 0.821386
4.8 1.68 0.173326 0.00419397 0.82323
4.8 1.8 0.171828 0.00411823 0.824297
4.8 1.92 0.170644 0.00437006 0.824612
4.8 2.04 0.169748 0.00489054 0.824321
4.8 2.16 0.169075 0.0056072 0.823555
4.8 2.28 0.168565 0.00644634 0.8225
4.8 2.4 0.168148 0.00732269 0.82123
4.8 2.52 0.167797 0.00814434 0.819888
4.8 2.64 0.167502 0.00882051 0.818589
4.8 2.76 0.167275 0.00927327 0.817466
4.8 2.88 0.167119 0.00944876 0.816269
4.8 3 0.167061 0.00932787 0.817197
4.8 3.12 0.167081 0.00892636 0.818183
4.8 3.24 0.167178 0.00829431 0.819392
4.8 3.36 0.167345 0.00750559 0.820738
4.8 3.48 0.167568 0.00664548 0.821993
4.8 3.6 0.167896 0.00580228 0.823103
4.8 3.72 0.168394 0.00505738 0.823962
4.8 3.84 0.169134 0.00448229 0.824392
4.8 3.96 0.17019 0.00414054 0.824228
4.8 4.08 0.171606 0.00409343 0.823324
4.8 4.2 0.17339 0.00440896 0.821632
4.8 4.32 0.175471 0.00517305 0.819101
4.8 4.44 0.177728 0.00650482 0.815782
4.8 4.56 0.179951 0.00857386 0.811608
4.8 4.68 0.181915 0.0116299 0.806582
4.8 4.8 0.183385 0.0160159 0.800641
4.8 4.92 0.184122 0.0222347 0.793548
4.8 5.04 0.183898 0.0309148 0.784823
4.8 5.16 0.182579 0.0427268 0.774045
4.8 5.28 0.180132 0.0580435 0.760863
4.8 5.4 0.176763 0.0763549 0.74565
4.8 5.52 0.172983 0.0956784 0.729884
4.8 5.64 0.169514 0.11301 0.715816
4.8 5.76 0.16744 0.122957 0.707842
4.8 5.88 0.165478 0.13312 0.699623
4.92 0 0.148712 0.229331 0.624669
4.92 0.12 0.150816 0.218803 0.633133
4.92 0.24 0.156682 0.189197 0.656884
4.92 0.36 0.163967 0.152285 0.686535
4.92 0.48 0.171367 0.114083 0.7173
4.92 0.6 0.177494 0.0810745 0.744137
4.92 0.72 0.181695 0.0559207 0.765048
4.92 0.84 0.183947 0.0382387 0.780425
4.92 0.96 0.184539 0.0262934 0.791634
4.92 1.08 0.18387 0.0183153 0.800132
4.92 1.2 0.182289 0.0129759 0.806835
4.92 1.32 0.180128 0.00940151 0.812336
4.92 1.44 0.177665 0.0070395 0.816877
4.92 1.56 0.175141 0.00554157 0.82055
4.92 1.68 0.172747 0.00468195 0.823373
4.92 1.8 0.170619 0.00430795 0.825373
4.92 1.92 0.168818 0.00430822 0.826558
4.92 2.04 0.167367 0.00460176 0.827049
4.92 2.16 0.166232 0.00510254 0.826961
4.92 2.28 0.165369 0.00573275 0.826477
4.92 2.4 0.164704 0.00641128 0.825666
4.92 2.52 0.164194 0.00705737 0.824692
4.92 2.64 0.163808 0.00759552 0.823684
4.92 2.76 0.163534 0.00796311 0.822784
4.92 2.88 0.16336 0.00811715 0.821833
4.92 3 0.163306 0.00804124 0.822504
4.92 3.12 0.163359 0.00774495 0.823245
4.92 3.24 0.163531 0.0072645 0.824161
4.92 3.36 0.16384 0.00665637 0.825153
4.92 3.48 0.164293 0.00598967 0.825975
4.92 3.6 0.164958 0.00534114 0.826562
4.92 3.72 0.165903 0.00478864 0.826794
4.92 3.84 0.16719 0.00440802 0.826498
4.92 3.96 0.168859 0.00427519 0.82552
4.92 4.08 0.170913 0.00447183 0.82374
4.92 4.2 0.173304 0.00509586 0.821132
4.92 4.32 0.175911 0.00627746 0.817653
4.92 4.44 0.178564 0.00820464 0.813325
4.92 4.56 0.181013 0.0111612 0.808009
4.92 4.68 0.182987 0.015599 0.801541
4.92 4.8 0.184187 0.0222163 0.793571
4.92 4.92 0.184268 0.0321585 0.783348
4.92 5.04 0.182818 0.0470899 0.769548
4.92 5.16 0.179452 0.0690853 0.750617
4.92 5.28 0.173916 0.0997431 0.725186
4.92 5.4 0.166474 0.138379 0.693729
4.92 5.52 0.158195 0.180284 0.659895
4.92 5.64 0.150736 0.217736 0.629717
4.92 5.76 0.146249 0.239941 0.611903
4.92 5.88 0.143439 0.254335 0.600297
5.04 0 0.111837 0.424131 0.466479
5.04 0.12 0.115544 0.405405 0.481551
5.04 0.24 0.125658 0.354138 0.522731
5.04 0.36 0.139333 0.284707 0.578504
5.04 0.48 0.154224 0.208569 0.639718
5.04 0.6 0.167116 0.14143 0.693913
5.04 0.72 0.176243 0.0915245 0.73465
5.04 0.84 0.181543 0.0585372 0.7623
5.04 0.96 0.183827 0.037957 0.780477
5.04 1.08 0.184017 0.025247 0.792879
5.04 1.2 0.182802 0.0172655 0.801903
5.04 1.32 0.180694 0.0121463 0.808946
5.04 1.44 0.178063 0.00882978 0.814654
5.04 1.56 0.175206 0.00671114 0.819317
5.04 1.68 0.172357 0.00542953 0.823046
5.04 1.8 0.169697 0.00475706 0.825901
5.04 1.92 0.167336 0.00453777 0.827885
5.04 2.04 0.165342 0.00466408 0.829103
5.04 2.16 0.163721 0.00503193 0.82965
5.04 2.28 0.162454 0.00555344 0.829698
5.04 2.4 0.161476 0.00614263 0.82931
5.04 2.52 0.160743 0.00671816 0.828666
5.04 2.64 0.160211 0.00720667 0.827909
5.04 2.76 0.159854 0.00754857 0.827192
5.04 2.88 0.159648 0.00770284 0.826425
5.04 3 0.159608 0.00765246 0.826901
5.04 3.12 0.159726 0.00740354 0.827441
5.04 3.24 0.160026 0.00698684 0.828108
5.04 3.36 0.160539 0.00645333 0.828787
5.04 3.48 0.161287 0.00586897 0.829217
5.04 3.6 0.162342 0.00531078 0.829319
5.04 3.72 0.163765 0.00486227 0.828971
5.04 3.84 0.165593 0.00460968 0.828003
5.04 3.96 0.167832 0.00464494 0.826283
5.04 4.08 0.170435 0.00507309 0.823711
5.04 4.2 0.173311 0.00602706 0.820273
5.04 4.32 0.176295 0.00769306 0.815912
5.04 4.44 0.179175 0.0103558 0.810585
5.04 4.56 0.181661 0.0144777 0.804021
5.04 4.68 0.183416 0.0208619 0.795767
5.04 4.8 0.184018 0.0308977 0.784909
5.04 4.92 0.182874 0.0470938 0.769612
5.04 5.04 0.179123 0.0734827 0.746632
5.04 5.16 0.171766 0.115379 0.711806
5.04 5.28 0.160128 0.17663 0.661912
5.04 5.4 0.144959 0.254195 0.599273
5.04 5.52 0.128969 0.335156 0.534116
5.04 5.64 0.115599 0.402664 0.479816
5.04 5.76 0.107869 0.44151 0.44861
5.04 5.88 0.105253 0.454814 0.437907
5.16 0 0.0673913 0.654711 0.280098
5.16 0.12 0.0715146 0.633833 0.296937
5.16 0.24 0.0831221 0.574897 0.344332
5.16 0.36 0.101426 0.481804 0.419131
5.16 0.48 0.124808 0.36251 0.515008
5.16 0.6 0.147881 0.243784 0.610574
5.16 0.72 0.16555 0.150741 0.685873
5.16 0.84 0.176319 0.0902543 0.735544
5.16 0.96 0.18157 0.0547901 0.765645
5.16 1.08 0.183241 0.0345336 0.78413
5.16 1.2 0.182723 0.0226947 0.796352
5.16 1.32 0.180887 0.0154982 0.805251
5.16 1.44 0.178266 0.010984 0.812198
5.16 1.56 0.175236 0.00813083 0.817816
5.16 1.68 0.172076 0.00637817 0.82237
5.16 1.8 0.169007 0.00539666 0.825985
5.16 1.92 0.166177 0.00497471 0.828677
5.16 2.04 0.163693 0.00497324 0.830545
5.16 2.16 0.161603 0.00526657 0.831666
5.16 2.28 0.159918 0.00575215 0.832198
5.16 2.4 0.158594 0.00633243 0.832194
5.16 2.52 0.157597 0.0069165 0.831846
5.16 2.64 0.15688 0.00742288 0.831305
5.16 2.76 0.156411 0.00778535 0.83074
5.16 2.88 0.156161 0.00795767 0.830104
5.16 3 0.156143 0.00791927 0.830437
5.16 3.12 0.15635 0.00767462 0.830813
5.16 3.24 0.156815 0.00725535 0.831267
5.16 3.36 0.157573 0.00671634 0.83167
5.16 3.48 0.158652 0.00613068 0.831746
5.16 3.6 0.160115 0.00558535 0.831412
5.16 3.72 0.162006 0.00517663 0.830542
5.16 3.84 0.164332 0.00500583 0.828981
5.16 3.96 0.167059 0.00518371 0.82661
5.16 4.08 0.170101 0.00584143 0.823348
5.16 4.2 0.173327 0.00715286 0.819173
5.16 4.32 0.176538 0.00937514 0.813993
5.16 4.44 0.179486 0.0129267 0.807663
5.16 4.56 0.181831 0.0185413 0.799696
5.16 4.68 0.183128 0.0276047 0.789164
5.16 4.8 0.182724 0.0427624 0.774137
5.16 4.92 0.179529 0.0691503 0.750678
5.16 5.04 0.17179 0.115429 0.711812
5.16 5.16 0.157473 0.192263 0.64906
5.16 5.28 0.136029 0.302966 0.559579
5.16 5.4 0.110876 0.431079 0.45642
5.16 5.52 0.0881238 0.54647 0.363634
5.16 5.64 0.0719467 0.628414 0.297741
5.16 5.76 0.0634857 0.671183 0.263351
5.16 5.88 0.0623801 0.676725 0.258907
5.28 0 0.0348282 0.822554 0.144585
5.28 0.12 0.03782 0.807442 0.15683
5.28 0.24 0.0466362 0.762695 0.192892
5.28 0.36 0.0629286 0.67976 0.25958
5.28 0.48 0.0885366 0.549123 0.364608
5.28 0.6 0.120051 0.387528 0.494561
5.28 0.72 0.148636 0.239158 0.6142
5.28 0.84 0.167704 0.136748 0.697446
5.28 0.96 0.177595 0.0779756 0.746197
5.28 1.08 0.181526 0.0464294 0.773714
5.28 1.2 0.182066 0.0292331 0.790263
5.28 1.32 0.180703 0.0193662 0.801402
5.28 1.44 0.178246 0.0134119 0.809679
5.28 1.56 0.175183 0.0097212 0.816221
5.28 1.68 0.171847 0.00745573 0.821516
5.28 1.8 0.168493 0.00615504 0.825786
5.28 1.92 0.1653 0.00554076 0.829082
5.28 2.04 0.162409 0.00543814 0.831504
5.28 2.16 0.159901 0.00569755 0.833118
5.28 2.28 0.15782 0.00619921 0.83407
5.28 2.4 0.156149 0.00682952 0.8344
5.28 2.52 0.15487 0.00748148 0.834308
5.28 2.64 0.153947 0.00805749 0.833949
5.28 2.76 0.15335 0.00847669 0.833504
5.28 2.88 0.153049 0.0086815 0.832958
5.28 3 0.153057 0.00864511 0.833189
5.28 3.12 0.153369 0.00837178 0.833436
5.28 3.24 0.154017 0.00789929 0.833711
5.28 3.36 0.155038 0.00729422 0.833879
5.28 3.48 0.156452 0.00664517 0.833652
5.28 3.6 0.158308 0.00605653 0.832942
5.28 3.72 0.160624 0.0056423 0.831628
5.28 3.84 0.163374 0.00552159 0.829565
5.28 3.96 0.16649 0.00582536 0.82665
5.28 4.08 0.169853 0.00671272 0.822804
5.28 4.2 0.173302 0.00840394 0.817989
5.28 4.32 0.17661 0.0112427 0.812054
5.28 4.44 0.179493 0.0158237 0.804708
5.28 4.56 0.181542 0.0232659 0.79516
5.28 4.68 0.182149 0.035846 0.781754
5.28 4.8 0.180273 0.0582596 0.76091
5.28 4.92 0.173982 0.100023 0.725178
5.28 5.04 0.160153 0.17685 0.661905
5.28 5.16 0.13606 0.303018 0.559682
5.28 5.28 0.104192 0.466501 0.427935
5.28 5.4 0.0736518 0.622029 0.302806
5.28 5.52 0.0515832 0.73413 0.212659
5.28 5.64 0.0385379 0.80032 0.159399
5.28 5.76 0.0323707 0.831552 0.13424
5.28 5.88 0.0322727 0.831963 0.13392
5.4 0 0.0176512 0.910844 0.0732656
5.4 0.12 0.0194753 0.901694 0.0807549
5.4 0.24 0.0250217 0.873588 0.10351
5.4 0.36 0.0364185 0.815506 0.15029
5.4 0.48 0.0575482 0.707612 0.237128
5.4 0.6 0.090108 0.540666 0.371398
5.4 0.72 0.127185 0.349091 0.525668
5.4 0.84 0.155985 0.197272 0.648497
5.4 0.96 0.172057 0.107296 0.72222
5.4 1.08 0.179017 0.0606163 0.761822
5.4 1.2 0.180939 0.0365904 0.783829
5.4 1.32 0.180209 0.0235334 0.797559
5.4 1.44 0.178026 0.0159588 0.807229
5.4 1.56 0.175033 0.0113696 0.814649
5.4 1.68 0.17163 0.0085742 0.820595
5.4 1.8 0.168101 0.00695557 0.825413
5.4 1.92 0.164651 0.00616031 0.829199
5.4 2.04 0.161445 0.00597572 0.832069
5.4 2.16 0.158593 0.00622783 0.834084
5.4 2.28 0.156167 0.00677898 0.835377
5.4 2.4 0.154178 0.00749759 0.835981
5.4 2.52 0.15263 0.00825676 0.836096
5.4 2.64 0.151503 0.0089374 0.83588
5.4 2.76 0.150775 0.0094382 0.835525
5.4 2.88 0.150421 0.00968548 0.835034
5.4 3 0.150455 0.00964405 0.835197
5.4 3.12 0.150873 0.00931908 0.835346
5.4 3.24 0.151705 0.00875866 0.835483
5.4 3.36 0.152981 0.00804694 0.835464
5.4 3.48 0.154706 0.00729396 0.834992
5.4 3.6 0.156908 0.00662617 0.833979
5.4 3.72 0.159581 0.00617774 0.832309
5.4 3.84 0.162667 0.00608618 0.829846
5.4 3.96 0.16607 0.00650229 0.826496
5.4 4.08 0.169646 0.00761338 0.822176
5.4 4.2 0.173212 0.00968946 0.816818
5.4 4.32 0.176518 0.013173 0.810198
5.4 4.44 0.179242 0.0188722 0.801848
5.4 4.56 0.180886 0.028403 0.790578
5.4 4.68 0.180614 0.0452552 0.773748
5.4 4.8 0.176832 0.0770206 0.745446
5.4 4.92 0.166449 0.13923 0.693396
5.4 5.04 0.144928 0.254885 0.599073
5.4 5.16 0.110941 0.431241 0.456672
5.4 5.28 0.0737368 0.621923 0.303155
5.4 5.4 0.0455549 0.765653 0.187493
5.4 5.52 0.028875 0.850532 0.119154
5.4 5.64 0.0202371 0.894395 0.0837656
5.4 5.76 0.0163995 0.913817 0.0680446
5.4 5.88 0.0165309 0.913085 0.0686312
5.52 0 0.00964016 0.951938 0.0399976
5.52 0.12 0.0107765 0.946308 0.0446855
5.52 0.24 0.0142937 0.928537 0.059187
5.52 0.36 0.0219381 0.889511 0.0907046
5.52 0.48 0.0375948 0.809414 0.155284
5.52 0.6 0.0659918 0.663573 0.272663
5.52 0.72 0.10585 0.457713 0.438406
5.52 0.84 0.142897 0.263803 0.594979
5.52 0.96 0.165653 0.139886 0.695887
5.52 1.08 0.176073 0.0758312 0.749368
5.52 1.2 0.179555 0.0441261 0.777491
5.52 1.32 0.179533 0.0276438 0.793963
5.52 1.44 0.177678 0.0184109 0.805002
5.52 1.56 0.174815 0.0129373 0.813219
5.52 1.68 0.171416 0.00963517 0.819714
5.52 1.8 0.167799 0.00772018 0.824967
5.52 1.92 0.164183 0.00676219 0.829129
5.52 2.04 0.160755 0.00651161 0.832337
5.52 2.16 0.157643 0.00677155 0.834654
5.52 2.28 0.154943 0.00738775 0.836204
5.52 2.4 0.152689 0.00821119 0.83701
5.52 2.52 0.15091 0.00909433 0.837276
5.52 2.64 0.1496 0.00989463 0.837163
5.52 2.76 0.148753 0.0104876 0.836867
5.52 2.88 0.148349 0.0107812 0.836402
5.52 3 0.148407 0.0107306 0.836521
5.52 3.12 0.148923 0.0103428 0.836606
5.52 3.24 0.149919 0.00967851 0.836647
5.52 3.36 0.151416 0.00884239 0.836495
5.52 3.48 0.153403 0.00796841 0.835845
5.52 3.6 0.155885 0.00720631 0.834606
5.52 3.72 0.158832 0.00671023 0.832674
5.52 3.84 0.162164 0.00663467 0.829915
5.52 3.96 0.165761 0.00714833 0.826238
5.52 4.08 0.169462 0.00846494 0.821551
5.52 4.2 0.173068 0.0109036 0.815749
5.52 4.32 0.176312 0.0150089 0.808532
5.52 4.44 0.17883 0.0218202 0.799242
5.52 4.56 0.180022 0.0335156 0.786236
5.52 4.68 0.178784 0.0550072 0.76572
5.52 4.8 0.172866 0.0973045 0.729027
5.52 4.92 0.157926 0.182433 0.658663
5.52 5.04 0.128746 0.336982 0.533203
5.52 5.16 0.0881598 0.547041 0.363804
5.52 5.28 0.0517389 0.733969 0.213309
5.52 5.4 0.0289741 0.850339 0.119567
5.52 5.52 0.0171588 0.910568 0.0709446
5.52 5.64 0.0114785 0.939385 0.0475538
5.52 5.76 0.00902823 0.951739 0.0374597
5.52 5.88 0.00913662 0.951141 0.0379228
5.64 0 0.00603112 0.970387 0.0249948
5.64 0.12 0.00682925 0.966503 0.0283057
5.64 0.24 0.00932407 0.95396 0.0386512
5.64 0.36 0.0148755 0.925581 0.0616566
5.64 0.48 0.0268233 0.864318 0.111149
5.64 0.6 0.0506446 0.74169 0.209932
5.64 0.72 0.0893053 0.541768 0.370939
5.64 0.84 0.131213 0.322867 0.547567
5.64 0.96 0.159606 0.170161 0.67155
5.64 1.08 0.173245 0.0898459 0.738028
5.64 1.2 0.178196 0.0508884 0.771922
5.64 1.32 0.178837 0.0312436 0.79091
5.64 1.44 0.177295 0.0205241 0.803149
5.64 1.56 0.174576 0.0142778 0.812025
5.64 1.68 0.17122 0.0105414 0.818948
5.64 1.8 0.167571 0.00837652 0.824521
5.64 1.92 0.163863 0.00728407 0.828946
5.64 2.04 0.160295 0.00698316 0.832388
5.64 2.16 0.157009 0.00725687 0.834909
5.64 2.28 0.154116 0.00793717 0.836631
5.64 2.4 0.151669 0.00886013 0.837567
5.64 2.52 0.149714 0.00986001 0.837929
5.64 2.64 0.148264 0.0107727 0.837876
5.64 2.76 0.147323 0.011452 0.837611
5.64 2.88 0.14688 0.0117881 0.837143
5.64 3 0.146956 0.0117276 0.837247
5.64 3.12 0.147548 0.0112791 0.837293
5.64 3.24 0.148672 0.0105157 0.837278
5.64 3.36 0.150337 0.00956201 0.837048
5.64 3.48 0.152517 0.00857415 0.836283
5.64 3.6 0.155198 0.00772252 0.834895
5.64 3.72 0.158333 0.00717879 0.832788
5.64 3.84 0.161824 0.00711144 0.829831
5.64 3.96 0.165537 0.00770395 0.825931
5.64 4.08 0.1693 0.00919245 0.820979
5.64 4.2 0.172901 0.0119391 0.814841
5.64 4.32 0.176059 0.016581 0.807142
5.64 4.44 0.178373 0.024372 0.797057
5.64 4.56 0.179146 0.0380256 0.782514
5.64 4.68 0.177012 0.0638279 0.758588
5.64 4.8 0.169102 0.116005 0.71402
5.64 4.92 0.15007 0.221839 0.627092
5.64 5.04 0.115071 0.406121 0.477805
5.64 5.16 0.0719355 0.629424 0.297793
5.64 5.28 0.0387771 0.799978 0.160426
5.64 5.4 0.0204452 0.893916 0.0846425
5.64 5.52 0.0115834 0.939142 0.0479966
5.64 5.64 0.00746783 0.959955 0.030954
5.64 5.76 0.00571206 0.968747 0.023678
5.64 5.88 0.00577114 0.968409 0.023921
5.76 0 0.00460568 0.977616 0.0190718
5.76 0.12 0.00526973 0.974432 0.0218375
5.76 0.24 0.00733887 0.964061 0.0304547
5.76 0.36 0.0119647 0.940524 0.0496988
5.76 0.48 0.0220935 0.888365 0.0917947
5.76 0.6 0.0431184 0.779924 0.17921
5.76 0.72 0.0798206 0.589873 0.332326
5.76 0.84 0.123482 0.361827 0.516304
5.76 0.96 0.155272 0.191686 0.654279
5.76 1.08 0.171137 0.100081 0.729796
5.76 1.2 0.177149 0.0558597 0.76788
5.76 1.32 0.178278 0.0338926 0.788708
5.76 1.44 0.176974 0.02208 0.801815
5.76 1.56 0.174375 0.0152675 0.811164
5.76 1.68 0.171068 0.0112149 0.81837
5.76 1.8 0.167418 0.00886866 0.824139
5.76 1.92 0.163675 0.00767866 0.82873
5.76 2.04 0.160038 0.00734482 0.832307
5.76 2.16 0.156657 0.00763103 0.834934
5.76 2.28 0.153657 0.00836063 0.836745
5.76 2.4 0.151096 0.00935879 0.837742
5.76 2.52 0.149036 0.0104463 0.838141
5.76 2.64 0.1475 0.0114433 0.838111
5.76 2.76 0.146501 0.0121872 0.837864
5.76 2.88 0.146034 0.0125549 0.837333
5.76 3 0.146123 0.0124866 0.837481
5.76 3.12 0.14676 0.011992 0.837507
5.76 3.24 0.147962 0.0111542 0.83747
5.76 3.36 0.149728 0.0101121 0.837207
5.76 3.48 0.15202 0.00903975 0.836386
5.76 3.6 0.154816 0.00811965 0.834933
5.76 3.72 0.158054 0.00753895 0.832732
5.76 3.84 0.161626 0.00747563 0.829661
5.76 3.96 0.165393 0.00812404 0.825633
5.76 4.08 0.169173 0.00973691 0.820516
5.76 4.2 0.172753 0.0127087 0.814168
5.76 4.32 0.175833 0.0177447 0.806138
5.76 4.44 0.177986 0.0262584 0.795472
5.76 4.56 0.178446 0.0413602 0.779796
5.76 4.68 0.175654 0.0703565 0.753363
5.76 4.8 0.166325 0.129593 0.703153
5.76 4.92 0.144594 0.249157 0.605233
5.76 5.04 0.106513 0.449295 0.443223
5.76 5.16 0.063251 0.673457 0.262512
5.76 5.28 0.0327277 0.830748 0.135776
5.76 5.4 0.0167984 0.912523 0.0697263
5.76 5.52 0.0093131 0.950769 0.0386599
5.76 5.64 0.00587162 0.968132 0.0243503
5.76 5.76 0.00440668 0.975416 0.0182542
5.76 5.88 0.00444011 0.975231 0.0183834
5.88 0 0.00385949 0.981542 0.0159528
5.88 0.12 0.00446061 0.978565 0.0184679
5.88 0.24 0.00634278 0.969112 0.0263425
5.88 0.36 0.0105074 0.947817 0.04374
5.88 0.48 0.0195288 0.90133 0.0813679
5.88 0.6 0.0382405 0.804596 0.159391
5.88 0.72 0.0718496 0.630258 0.299891
5.88 0.84 0.114914 0.405199 0.481451
5.88 0.96 0.149272 0.221926 0.629967
5.88 1.08 0.167713 0.117217 0.715991
5.88 1.2 0.175245 0.0653694 0.760197
5.88 1.32 0.177159 0.0394938 0.784125
5.88 1.44 0.176271 0.0256297 0.798856
5.88 1.56 0.173902 0.0176651 0.809131
5.88 1.68 0.170721 0.0129362 0.816921
5.88 1.8 0.167122 0.0101987 0.823057
5.88 1.92 0.163375 0.00881346 0.827897
5.88 2.04 0.159687 0.00841018 0.831609
5.88 2.16 0.156224 0.00873832 0.834313
5.88 2.28 0.15311 0.00958901 0.8361
5.88 2.4 0.150437 0.0107605 0.837086
5.88 2.52 0.148265 0.0120422 0.837426
5.88 2.64 0.146635 0.0132207 0.83733
5.88 2.76 0.145568 0.0141014 0.837011
5.88 2.88 0.145078 0.014537 0.836728
5.88 3 0.145175 0.0144535 0.836625
5.88 3.12 0.145866 0.0138648 0.836674
5.88 3.24 0.147152 0.0128704 0.836685
5.88 3.36 0.149019 0.0116376 0.836439
5.88 3.48 0.151436 0.0103737 0.835702
5.88 3.6 0.15435 0.0092977 0.834281
5.88 3.72 0.157684 0.00862258 0.832043
5.88 3.84 0.161323 0.00855462 0.828872
5.88 3.96 0.165116 0.00931685 0.824662
5.88 4.08 0.168879 0.0112009 0.819284
5.88 4.2 0.172376 0.014666 0.812503
5.88 4.32 0.175293 0.0205434 0.803798
5.88 4.44 0.177145 0.0305121 0.791964
5.88 4.56 0.177059 0.0482862 0.774168
5.88 4.68 0.173223 0.0824646 0.743592
5.88 4.8 0.16189 0.151867 0.685281
5.88 4.92 0.137114 0.286901 0.574926
5.88 5.04 0.0972429 0.496272 0.40556
5.88 5.16 0.0562159 0.709103 0.233947
5.88 5.28 0.0289693 0.849782 0.120537
5.88 5.4 0.0148924 0.922208 0.0619799
5.88 5.52 0.00819955 0.956418 0.0340949
5.88 5.64 0.00509266 0.972111 0.0211212
5.88 5.76 0.00377543 0.978675 0.0156135
5.88 5.88 0.00371705 0.978943 0.0153544
