0 0 -4.36123 25.6355 -4.36123
0 0.2 -5.62692 24.3699 -5.62692
0 0.4 -3.98994 26.0072 -3.98994
0 0.6 -3.67638 26.3211 -3.67638
0 0.8 -3.67731 26.3206 -3.67731
0 1 -3.67912 26.3192 -3.67912
0 1.2 -3.68355 26.315 -3.68355
0 1.4 -3.69116 26.3074 -3.69116
0 1.6 -3.70255 26.2959 -3.70255
0 1.8 -3.71777 26.2805 -3.71777
0 2 -3.73612 26.2618 -3.73612
0 2.2 -3.7519 26.2444 -3.7519
0 2.4 -3.75103 26.24 -3.75103
0 2.6 -3.706 26.2699 -3.706
0 2.8 -3.57574 26.3601 -3.57574
0 3 -3.31915 26.5151 -3.31915
0 3.2 -2.93782 26.6334 -2.93782
0 3.4 -2.62441 26.1885 -2.62441
0 3.6 -3.43625 22.6523 -3.43625
0 3.8 -6.66241 8.03669 -6.66241
0 4 6.40883 -6.77082 6.40883
0 4.2 21.7673 -4.00909 21.7673
0 4.4 25.5806 -3.18989 25.5806
0 4.6 26.0214 -3.51644 26.0214
0 4.8 25.9933 -3.71153 25.9933
0 5 26.0153 -3.51856 26.0153
0 5.2 25.5561 -3.1966 25.5561
0 5.4 21.6452 -4.04829 21.6452
0 5.6 6.08945 -6.75521 6.08945
0 5.8 -6.65297 8.34242 -6.65297
0 6 -3.40583 22.755 -3.40583
0 6.2 -2.62151 26.2086 -2.62151
0 6.4 -2.93813 26.6383 -2.93813
0 6.6 -3.32042 26.516 -3.32042
0 6.8 -3.57762 26.3597 -3.57762
0 7 -3.70881 26.2682 -3.70881
0 7.2 -3.75456 26.2376 -3.75456
0 7.4 -3.75581 26.2417 -3.75581
0 7.6 -3.74042 26.2588 -3.74042
0 7.8 -3.72232 26.2775 -3.72232
0 8 -3.7068 26.2932 -3.7068
0 8.2 -3.69534 26.3046 -3.69534
0 8.4 -3.68782 26.3118 -3.68782
0 8.6 -3.68346 26.3159 -3.68346
0 8.8 -3.68125 26.3179 -3.68125
0 9 -3.68044 26.3187 -3.68044
0 9.2 -3.67839 26.3207 -3.67839
0 9.4 -2.11311 27.8861 -2.11311
0 9.6 2.27188 32.2711 2.27188
0 9.8 -21.9343 8.06498 -21.9343
0.2 0 -6.87578 23.1208 -6.87578
0.2 0.2 -8.18949 21.8072 -8.18949
0.2 0.4 -6.55617 23.4408 -6.55617
0.2 0.6 -6.2458 23.7515 -6.2458
0.2 0.8 -6.24678 23.7508 -6.24678
0.2 1 -6.24855 23.7495 -6.24855
0.2 1.2 -6.25275 23.7455 -6.25275
0.2 1.4 -6.26018 23.7381 -6.26018
0.2 1.6 -6.27144 23.7268 -6.27144
0.2 1.8 -6.28663 23.7115 -6.28663
0.2 2 -6.30506 23.6926 -6.30506
0.2 2.2 -6.32076 23.6753 -6.32076
0.2 2.4 -6.3199 23.6709 -6.3199
0.2 2.6 -6.27422 23.7014 -6.27422
0.2 2.8 -6.14244 23.7929 -6.14244
0.2 3 -5.88318 23.9501 -5.88318
0.2 3.2 -5.49754 24.0714 -5.49754
0.2 3.4 -5.17782 23.6291 -5.17782
0.2 3.6 -5.98418 20.0866 -5.98418
0.2 3.8 -9.1939 5.46545 -9.1939
0.2 4 3.90561 -9.26847 3.90561
0.2 4.2 19.282 -6.48789 19.282
0.2 4.4 23.1002 -5.6684 23.1002
0.2 4.6 23.5375 -5.99977 23.5375
0.2 4.8 23.5075 -6.19702 23.5075
0.2 5 23.5317 -6.00203 23.5317
0.2 5.2 23.0786 -5.67416 23.0786
0.2 5.4 19.1758 -6.52102 19.1758
0.2 5.6 3.626 -9.2555 3.626
0.2 5.8 -9.18507 5.73435 -9.18507
0.2 6 -5.95695 20.1782 -5.95695
0.2 6.2 -5.17372 23.6486 -5.17372
0.2 6.4 -5.49554 24.0781 -5.49554
0.2 6.6 -5.88207 23.9533 -5.88207
0.2 6.8 -6.14214 23.7947 -6.14214
0.2 7 -6.27421 23.7025 -6.27421
0.2 7.2 -6.3203 23.6716 -6.3203
0.2 7.4 -6.32157 23.6757 -6.32157
0.2 7.6 -6.30598 23.6931 -6.30598
0.2 7.8 -6.28761 23.712 -6.28761
0.2 8 -6.27195 23.7279 -6.27195
0.2 8.2 -6.26026 23.7394 -6.26026
0.2 8.4 -6.2526 23.7468 -6.2526
0.2 8.6 -6.24808 23.751 -6.24808
0.2 8.8 -6.24581 23.7531 -6.24581
0.2 9 -6.245 23.7538 -6.245
0.2 9.2 -6.24436 23.7545 -6.24436
0.2 9.4 -4.66643 25.3325 -4.66643
0.2 9.6 -0.137149 29.8619 -0.137149
0.2 9.8 -24.8818 5.11716 -24.8818
0.4 0 -4.29545 25.7012 -4.29545
0.4 0.2 -5.64193 24.3547 -5.64193
0.4 0.4 -4.02839 25.9685 -4.02839
0.4 0.6 -3.72619 26.271 -3.72619
0.4 0.8 -3.72761 26.2699 -3.72761
0.4 1 -3.7294 26.2685 -3.7294
0.4 1.2 -3.73343 26.2648 -3.73343
0.4 1.4 -3.74108 26.2573 -3.74108
0.4 1.6 -3.75199 26.2463 -3.75199
0.4 1.8 -3.76741 26.2308 -3.76741
0.4 2 -3.78562 26.212 -3.78562
0.4 2.2 -3.80117 26.1949 -3.80117
0.4 2.4 -3.8005 26.1903 -3.8005
0.4 2.6 -3.75517 26.2206 -3.75517
0.4 2.8 -3.62428 26.3116 -3.62428
0.4 3 -3.36794 26.467 -3.36794
0.4 3.2 -2.98754 26.5858 -2.98754
0.4 3.4 -2.67313 26.1454 -2.67313
0.4 3.6 -3.48089 22.6224 -3.48089
0.4 3.8 -6.72081 8.01078 -6.72081
0.4 4 6.38589 -6.79753 6.38589
0.4 4.2 21.8235 -3.97023 21.8235
0.4 4.4 25.623 -3.15606 25.623
0.4 4.6 26.057 -3.48459 26.057
0.4 4.8 26.029 -3.67849 26.029
0.4 5 26.0542 -3.48518 26.0542
0.4 5.2 25.6086 -3.16037 25.6086
0.4 5.4 21.7459 -4.00312 21.7459
0.4 5.6 6.22892 -6.79054 6.22892
0.4 5.8 -6.71478 8.16359 -6.71478
0.4 6 -3.45065 22.6934 -3.45065
0.4 6.2 -2.66968 26.1595 -2.66968
0.4 6.4 -2.98702 26.5899 -2.98702
0.4 6.6 -3.36811 26.4684 -3.36811
0.4 6.8 -3.62545 26.3118 -3.62545
0.4 7 -3.75537 26.2215 -3.75537
0.4 7.2 -3.80075 26.1912 -3.80075
0.4 7.4 -3.80172 26.1956 -3.80172
0.4 7.6 -3.78642 26.2127 -3.78642
0.4 7.8 -3.76838 26.2314 -3.76838
0.4 8 -3.75283 26.2471 -3.75283
0.4 8.2 -3.74087 26.2588 -3.74087
0.4 8.4 -3.73335 26.266 -3.73335
0.4 8.6 -3.72872 26.2704 -3.72872
0.4 8.8 -3.72679 26.2722 -3.72679
0.4 9 -3.72598 26.2729 -3.72598
0.4 9.2 -3.72507 26.2738 -3.72507
0.4 9.4 -2.15825 27.8408 -2.15825
0.4 9.6 2.25127 32.2504 2.25127
0.4 9.8 -22.0275 7.97158 -22.0275
0.6 0 -4.303 25.6937 -4.303
0.6 0.2 -5.64904 24.3475 -5.64904
0.6 0.4 -4.04078 25.9561 -4.04078
0.6 0.6 -3.73935 26.2579 -3.73935
0.6 0.8 -3.74082 26.2568 -3.74082
0.6 1 -3.74261 26.2555 -3.74261
0.6 1.2 -3.74658 26.2519 -3.74658
0.6 1.4 -3.75422 26.2444 -3.75422
0.6 1.6 -3.7652 26.2334 -3.7652
0.6 1.8 -3.78075 26.2178 -3.78075
0.6 2 -3.79925 26.1987 -3.79925
0.6 2.2 -3.81481 26.1815 -3.81481
0.6 2.4 -3.81432 26.1768 -3.81432
0.6 2.6 -3.76891 26.2071 -3.76891
0.6 2.8 -3.63786 26.2985 -3.63786
0.6 3 -3.38134 26.4546 -3.38134
0.6 3.2 -3.00078 26.5749 -3.00078
0.6 3.4 -2.68534 26.139 -2.68534
0.6 3.6 -3.48928 22.6299 -3.48928
0.6 3.8 -6.74072 8.03136 -6.74072
0.6 4 6.35287 -6.81717 6.35287
0.6 4.2 21.8123 -3.98549 21.8123
0.6 4.4 25.6126 -3.1697 25.6126
0.6 4.6 26.0444 -3.49939 26.0444
0.6 4.8 26.0156 -3.69399 26.0156
0.6 5 26.0425 -3.50054 26.0425
0.6 5.2 25.6055 -3.17275 25.6055
0.6 5.4 21.7747 -4.005 21.7747
0.6 5.6 6.29692 -6.81699 6.29692
0.6 5.8 -6.73701 8.08655 -6.73701
0.6 6 -3.4705 22.6666 -3.4705
0.6 6.2 -2.68281 26.1467 -2.68281
0.6 6.4 -2.99943 26.5782 -2.99943
0.6 6.6 -3.38091 26.4561 -3.38091
0.6 6.8 -3.63893 26.2986 -3.63893
0.6 7 -3.76878 26.2083 -3.76878
0.6 7.2 -3.81426 26.1779 -3.81426
0.6 7.4 -3.81528 26.1822 -3.81528
0.6 7.6 -3.79986 26.1996 -3.79986
0.6 7.8 -3.78166 26.2185 -3.78166
0.6 8 -3.7661 26.2342 -3.7661
0.6 8.2 -3.75402 26.2459 -3.75402
0.6 8.4 -3.74645 26.2532 -3.74645
0.6 8.6 -3.74179 26.2575 -3.74179
0.6 8.8 -3.73985 26.2594 -3.73985
0.6 9 -3.73909 26.26 -3.73909
0.6 9.2 -3.73829 26.2609 -3.73829
0.6 9.4 -2.17202 27.8273 -2.17202
0.6 9.6 2.23469 32.234 2.23469
0.6 9.8 -22.0362 7.96328 -22.0362
0.8 0 -4.30234 25.6944 -4.30234
0.8 0.2 -5.6487 24.3479 -5.6487
0.8 0.4 -4.04024 25.9567 -4.04024
0.8 0.6 -3.73863 26.2587 -3.73863
0.8 0.8 -3.74009 26.2576 -3.74009
0.8 1 -3.74183 26.2564 -3.74183
0.8 1.2 -3.74583 26.2527 -3.74583
0.8 1.4 -3.75347 26.2453 -3.75347
0.8 1.6 -3.76448 26.2342 -3.76448
0.8 1.8 -3.78007 26.2187 -3.78007
0.8 2 -3.79867 26.1994 -3.79867
0.8 2.2 -3.81419 26.1822 -3.81419
0.8 2.4 -3.8136 26.1774 -3.8136
0.8 2.6 -3.76815 26.2078 -3.76815
0.8 2.8 -3.63716 26.2991 -3.63716
0.8 3 -3.3806 26.4554 -3.3806
0.8 3.2 -2.99985 26.5767 -2.99985
0.8 3.4 -2.68377 26.1433 -2.68377
0.8 3.6 -3.48495 22.6433 -3.48495
0.8 3.8 -6.74199 8.05887 -6.74199
0.8 4 6.33074 -6.81782 6.33074
0.8 4.2 21.807 -3.98807 21.807
0.8 4.4 25.6126 -3.17011 25.6126
0.8 4.6 26.045 -3.49973 26.045
0.8 4.8 26.0165 -3.69461 26.0165
0.8 5 26.0442 -3.50138 26.0442
0.8 5.2 25.612 -3.17224 25.612
0.8 5.4 21.8037 -3.99668 21.8037
0.8 5.6 6.36158 -6.82369 6.36158
0.8 5.8 -6.73982 8.03014 -6.73982
0.8 6 -3.47574 22.65 -3.47574
0.8 6.2 -2.68188 26.1453 -2.68188
0.8 6.4 -2.99778 26.579 -2.99778
0.8 6.6 -3.37955 26.4569 -3.37955
0.8 6.8 -3.63781 26.2994 -3.63781
0.8 7 -3.76785 26.209 -3.76785
0.8 7.2 -3.8135 26.1784 -3.8135
0.8 7.4 -3.81457 26.1829 -3.81457
0.8 7.6 -3.79914 26.2004 -3.79914
0.8 7.8 -3.78093 26.2194 -3.78093
0.8 8 -3.76536 26.2351 -3.76536
0.8 8.2 -3.75327 26.2468 -3.75327
0.8 8.4 -3.7457 26.254 -3.7457
0.8 8.6 -3.7411 26.2583 -3.7411
0.8 8.8 -3.73917 26.2602 -3.73917
0.8 9 -3.73836 26.2609 -3.73836
0.8 9.2 -3.73743 26.2619 -3.73743
0.8 9.4 -2.1712 27.8283 -2.1712
0.8 9.6 2.23536 32.2347 2.23536
0.8 9.8 -22.0353 7.96425 -22.0353
1 0 -4.30175 25.695 -4.30175
1 0.2 -5.6484 24.3482 -5.6484
1 0.4 -4.03997 25.957 -4.03997
1 0.6 -3.73839 26.2589 -3.73839
1 0.8 -3.7399 26.2578 -3.7399
1 1 -3.74165 26.2566 -3.74165
1 1.2 -3.74566 26.2529 -3.74566
1 1.4 -3.75331 26.2455 -3.75331
1 1.6 -3.76436 26.2344 -3.76436
1 1.8 -3.78002 26.2187 -3.78002
1 2 -3.79871 26.1992 -3.79871
1 2.2 -3.81426 26.1819 -3.81426
1 2.4 -3.81361 26.1771 -3.81361
1 2.6 -3.76815 26.2074 -3.76815
1 2.8 -3.63719 26.2986 -3.63719
1 3 -3.38058 26.4551 -3.38058
1 3.2 -2.99952 26.5771 -2.99952
1 3.4 -2.68261 26.1459 -2.68261
1 3.6 -3.48111 22.6535 -3.48111
1 3.8 -6.74152 8.08351 -6.74152
1 4 6.30795 -6.81664 6.30795
1 4.2 21.7988 -3.99101 21.7988
1 4.4 25.6114 -3.17052 25.6114
1 4.6 26.0453 -3.49965 26.0453
1 4.8 26.0171 -3.69469 26.0171
1 5 26.0452 -3.50192 26.0452
1 5.2 25.6163 -3.17213 25.6163
1 5.4 21.8252 -3.99051 21.8252
1 5.6 6.41394 -6.82794 6.41394
1 5.8 -6.74041 7.98198 -6.74041
1 6 -3.48005 22.6342 -3.48005
1 6.2 -2.68114 26.1429 -2.68114
1 6.4 -2.99666 26.5788 -2.99666
1 6.6 -3.37888 26.4567 -3.37888
1 6.8 -3.63745 26.2991 -3.63745
1 7 -3.7677 26.2086 -3.7677
1 7.2 -3.81346 26.1781 -3.81346
1 7.4 -3.81457 26.1826 -3.81457
1 7.6 -3.79917 26.2002 -3.79917
1 7.8 -3.78094 26.2193 -3.78094
1 8 -3.76532 26.2352 -3.76532
1 8.2 -3.75317 26.2469 -3.75317
1 8.4 -3.74557 26.2542 -3.74557
1 8.6 -3.74095 26.2585 -3.74095
1 8.8 -3.73902 26.2604 -3.73902
1 9 -3.73811 26.2612 -3.73811
1 9.2 -3.73703 26.2623 -3.73703
1 9.4 -2.1708 27.8287 -2.1708
1 9.6 2.23567 32.2351 2.23567
1 9.8 -22.0348 7.96476 -22.0348
1.2 0 -4.30108 25.6957 -4.30108
1.2 0.2 -5.64812 24.3486 -5.64812
1.2 0.4 -4.03975 25.9572 -4.03975
1.2 0.6 -3.73841 26.2588 -3.73841
1.2 0.8 -3.74002 26.2577 -3.74002
1.2 1 -3.74175 26.2564 -3.74175
1.2 1.2 -3.74573 26.2528 -3.74573
1.2 1.4 -3.7534 26.2453 -3.7534
1.2 1.6 -3.7645 26.2342 -3.7645
1.2 1.8 -3.7802 26.2184 -3.7802
1.2 2 -3.79895 26.1989 -3.79895
1.2 2.2 -3.81452 26.1814 -3.81452
1.2 2.4 -3.81384 26.1766 -3.81384
1.2 2.6 -3.76837 26.2069 -3.76837
1.2 2.8 -3.63748 26.2981 -3.63748
1.2 3 -3.3809 26.4547 -3.3809
1.2 3.2 -2.99973 26.5771 -2.99973
1.2 3.4 -2.68225 26.1474 -2.68225
1.2 3.6 -3.47823 22.6618 -3.47823
1.2 3.8 -6.74061 8.10625 -6.74061
1.2 4 6.28628 -6.81414 6.28628
1.2 4.2 21.7906 -3.99317 21.7906
1.2 4.4 25.6099 -3.17062 25.6099
1.2 4.6 26.0449 -3.49972 26.0449
1.2 4.8 26.0168 -3.69515 26.0168
1.2 5 26.0453 -3.50264 26.0453
1.2 5.2 25.6194 -3.17192 25.6194
1.2 5.4 21.8427 -3.98497 21.8427
1.2 5.6 6.45755 -6.83028 6.45755
1.2 5.8 -6.74024 7.94143 -6.74024
1.2 6 -3.48415 22.6199 -3.48415
1.2 6.2 -2.68103 26.1403 -2.68103
1.2 6.4 -2.99604 26.5783 -2.99604
1.2 6.6 -3.37851 26.4565 -3.37851
1.2 6.8 -3.63734 26.2987 -3.63734
1.2 7 -3.76777 26.2081 -3.76777
1.2 7.2 -3.81364 26.1775 -3.81364
1.2 7.4 -3.81484 26.182 -3.81484
1.2 7.6 -3.79948 26.1996 -3.79948
1.2 7.8 -3.78123 26.2189 -3.78123
1.2 8 -3.76554 26.2349 -3.76554
1.2 8.2 -3.75335 26.2467 -3.75335
1.2 8.4 -3.74572 26.254 -3.74572
1.2 8.6 -3.74107 26.2583 -3.74107
1.2 8.8 -3.73909 26.2603 -3.73909
1.2 9 -3.73812 26.2611 -3.73812
1.2 9.2 -3.73701 26.2623 -3.73701
1.2 9.4 -2.1707 27.8287 -2.1707
1.2 9.6 2.23596 32.2353 2.23596
1.2 9.8 -22.0347 7.96479 -22.0347
1.4 0 -4.3004 25.6965 -4.3004
1.4 0.2 -5.64771 24.349 -5.64771
1.4 0.4 -4.03929 25.9576 -4.03929
1.4 0.6 -3.73796 26.2593 -3.73796
1.4 0.8 -3.73958 26.2581 -3.73958
1.4 1 -3.74133 26.2568 -3.74133
1.4 1.2 -3.74531 26.2531 -3.74531
1.4 1.4 -3.75301 26.2456 -3.75301
1.4 1.6 -3.76412 26.2344 -3.76412
1.4 1.8 -3.77983 26.2187 -3.77983
1.4 2 -3.79856 26.1992 -3.79856
1.4 2.2 -3.81411 26.1817 -3.81411
1.4 2.4 -3.81341 26.1769 -3.81341
1.4 2.6 -3.76796 26.2072 -3.76796
1.4 2.8 -3.63717 26.2983 -3.63717
1.4 3 -3.38069 26.4549 -3.38069
1.4 3.2 -2.99954 26.5776 -2.99954
1.4 3.4 -2.68175 26.1492 -2.68175
1.4 3.6 -3.47558 22.6695 -3.47558
1.4 3.8 -6.73978 8.12744 -6.73978
1.4 4 6.26522 -6.81176 6.26522
1.4 4.2 21.7821 -3.99556 21.7821
1.4 4.4 25.6079 -3.17111 25.6079
1.4 4.6 26.0439 -3.50027 26.0439
1.4 4.8 26.0159 -3.6961 26.0159
1.4 5 26.0447 -3.5038 26.0447
1.4 5.2 25.6213 -3.17224 25.6213
1.4 5.4 21.8563 -3.98078 21.8563
1.4 5.6 6.49311 -6.83218 6.49311
1.4 5.8 -6.73997 7.90771 -6.73997
1.4 6 -3.4875 22.6079 -3.4875
1.4 6.2 -2.6807 26.1384 -2.6807
1.4 6.4 -2.99509 26.5785 -2.99509
1.4 6.6 -3.37767 26.4569 -3.37767
1.4 6.8 -3.63668 26.2991 -3.63668
1.4 7 -3.76724 26.2084 -3.76724
1.4 7.2 -3.81323 26.1777 -3.81323
1.4 7.4 -3.81453 26.1821 -3.81453
1.4 7.6 -3.7992 26.1997 -3.7992
1.4 7.8 -3.78092 26.2191 -3.78092
1.4 8 -3.7652 26.2351 -3.7652
1.4 8.2 -3.75301 26.247 -3.75301
1.4 8.4 -3.7454 26.2542 -3.7454
1.4 8.6 -3.74075 26.2585 -3.74075
1.4 8.8 -3.73873 26.2605 -3.73873
1.4 9 -3.73773 26.2614 -3.73773
1.4 9.2 -3.73656 26.2627 -3.73656
1.4 9.4 -2.17013 27.8292 -2.17013
1.4 9.6 2.23656 32.2359 2.23656
1.4 9.8 -22.0342 7.96526 -22.0342
1.6 0 -4.29993 25.697 -4.29993
1.6 0.2 -5.64756 24.3493 -5.64756
1.6 0.4 -4.03924 25.9578 -4.03924
1.6 0.6 -3.73794 26.2593 -3.73794
1.6 0.8 -3.73961 26.258 -3.73961
1.6 1 -3.74143 26.2567 -3.74143
1.6 1.2 -3.74546 26.2529 -3.74546
1.6 1.4 -3.75315 26.2454 -3.75315
1.6 1.6 -3.76422 26.2344 -3.76422
1.6 1.8 -3.77984 26.2187 -3.77984
1.6 2 -3.79847 26.1993 -3.79847
1.6 2.2 -3.81388 26.1819 -3.81388
1.6 2.4 -3.81303 26.1773 -3.81303
1.6 2.6 -3.76746 26.2077 -3.76746
1.6 2.8 -3.63657 26.299 -3.63657
1.6 3 -3.37999 26.4558 -3.37999
1.6 3.2 -2.99866 26.579 -2.99866
1.6 3.4 -2.68044 26.1518 -2.68044
1.6 3.6 -3.47227 22.6776 -3.47227
1.6 3.8 -6.7383 8.14816 -6.7383
1.6 4 6.24563 -6.80893 6.24563
1.6 4.2 21.7743 -3.99735 21.7743
1.6 4.4 25.6062 -3.1711 25.6062
1.6 4.6 26.0434 -3.50034 26.0434
1.6 4.8 26.0153 -3.69658 26.0153
1.6 5 26.0444 -3.50446 26.0444
1.6 5.2 25.623 -3.17219 25.623
1.6 5.4 21.8675 -3.97702 21.8675
1.6 5.6 6.52238 -6.83312 6.52238
1.6 5.8 -6.7389 7.88105 -6.7389
1.6 6 -3.4893 22.5992 -3.4893
1.6 6.2 -2.67948 26.138 -2.67948
1.6 6.4 -2.99351 26.5796 -2.99351
1.6 6.6 -3.3764 26.4581 -3.3764
1.6 6.8 -3.6358 26.2999 -3.6358
1.6 7 -3.76668 26.2089 -3.76668
1.6 7.2 -3.81294 26.1779 -3.81294
1.6 7.4 -3.81443 26.1821 -3.81443
1.6 7.6 -3.79921 26.1997 -3.79921
1.6 7.8 -3.78096 26.219 -3.78096
1.6 8 -3.76526 26.2351 -3.76526
1.6 8.2 -3.75312 26.2469 -3.75312
1.6 8.4 -3.74557 26.2541 -3.74557
1.6 8.6 -3.74096 26.2583 -3.74096
1.6 8.8 -3.73895 26.2603 -3.73895
1.6 9 -3.73792 26.2613 -3.73792
1.6 9.2 -3.7367 26.2625 -3.7367
1.6 9.4 -2.17027 27.8291 -2.17027
1.6 9.6 2.23637 32.2357 2.23637
1.6 9.8 -22.0341 7.96541 -22.0341
1.8 0 -4.29942 25.6977 -4.29942
1.8 0.2 -5.64731 24.3496 -5.64731
1.8 0.4 -4.03891 25.9582 -4.03891
1.8 0.6 -3.73758 26.2597 -3.73758
1.8 0.8 -3.73929 26.2583 -3.73929
1.8 1 -3.74118 26.2569 -3.74118
1.8 1.2 -3.74523 26.2532 -3.74523
1.8 1.4 -3.75288 26.2458 -3.75288
1.8 1.6 -3.76387 26.2348 -3.76387
1.8 1.8 -3.7794 26.2193 -3.7794
1.8 2 -3.79793 26.2 -3.79793
1.8 2.2 -3.81321 26.1828 -3.81321
1.8 2.4 -3.81222 26.1782 -3.81222
1.8 2.6 -3.76656 26.2088 -3.76656
1.8 2.8 -3.63562 26.3003 -3.63562
1.8 3 -3.37899 26.4573 -3.37899
1.8 3.2 -2.99758 26.5808 -2.99758
1.8 3.4 -2.67903 26.1547 -2.67903
1.8 3.6 -3.46905 22.6854 -3.46905
1.8 3.8 -6.73676 8.16741 -6.73676
1.8 4 6.22802 -6.80601 6.22802
1.8 4.2 21.7678 -3.99847 21.7678
1.8 4.4 25.6058 -3.17021 25.6058
1.8 4.6 26.0441 -3.49926 26.0441
1.8 4.8 26.0162 -3.69577 26.0162
1.8 5 26.0454 -3.50394 26.0454
1.8 5.2 25.6253 -3.17135 25.6253
1.8 5.4 21.8771 -3.97347 21.8771
1.8 5.6 6.54664 -6.83352 6.54664
1.8 5.8 -6.73766 7.8597 -6.73766
1.8 6 -3.49039 22.5927 -3.49039
1.8 6.2 -2.67808 26.1383 -2.67808
1.8 6.4 -2.99179 26.5813 -2.99179
1.8 6.6 -3.3749 26.4597 -3.3749
1.8 6.8 -3.63459 26.3014 -3.63459
1.8 7 -3.76575 26.21 -3.76575
1.8 7.2 -3.81225 26.1787 -3.81225
1.8 7.4 -3.81392 26.1827 -3.81392
1.8 7.6 -3.79879 26.2002 -3.79879
1.8 7.8 -3.78058 26.2195 -3.78058
1.8 8 -3.7649 26.2355 -3.7649
1.8 8.2 -3.75279 26.2473 -3.75279
1.8 8.4 -3.7453 26.2544 -3.7453
1.8 8.6 -3.74073 26.2586 -3.74073
1.8 8.8 -3.73876 26.2606 -3.73876
1.8 9 -3.73774 26.2615 -3.73774
1.8 9.2 -3.73645 26.2629 -3.73645
1.8 9.4 -2.16998 27.8295 -2.16998
1.8 9.6 2.23661 32.2361 2.23661
1.8 9.8 -22.0338 7.96583 -22.0338
2 0 -4.29876 25.6985 -4.29876
2 0.2 -5.64691 24.3501 -5.64691
2 0.4 -4.03849 25.9587 -4.03849
2 0.6 -3.73712 26.2603 -3.73712
2 0.8 -3.73886 26.2589 -3.73886
2 1 -3.74076 26.2575 -3.74076
2 1.2 -3.74482 26.2538 -3.74482
2 1.4 -3.75248 26.2464 -3.75248
2 1.6 -3.76353 26.2354 -3.76353
2 1.8 -3.7792 26.2197 -3.7792
2 2 -3.79793 26.2002 -3.79793
2 2.2 -3.81346 26.1827 -3.81346
2 2.4 -3.81276 26.1779 -3.81276
2 2.6 -3.7674 26.2082 -3.7674
2 2.8 -3.6368 26.2994 -3.6368
2 3 -3.38048 26.4562 -3.38048
2 3.2 -2.99924 26.5797 -2.99924
2 3.4 -2.68044 26.1545 -2.68044
2 3.6 -3.46856 22.69 -3.46856
2 3.8 -6.73697 8.18302 -6.73697
2 4 6.21156 -6.80412 6.21156
2 4.2 21.7616 -3.99993 21.7616
2 4.4 25.605 -3.1699 25.605
2 4.6 26.0443 -3.4989 26.0443
2 4.8 26.0163 -3.69574 26.0163
2 5 26.0456 -3.50413 26.0456
2 5.2 25.6267 -3.17119 25.6267
2 5.4 21.8846 -3.97107 21.8846
2 5.6 6.56575 -6.83451 6.56575
2 5.8 -6.73807 7.84085 -6.73807
2 6 -3.49347 22.5852 -3.49347
2 6.2 -2.67942 26.1361 -2.67942
2 6.4 -2.99285 26.5802 -2.99285
2 6.6 -3.37592 26.4589 -3.37592
2 6.8 -3.63555 26.3006 -3.63555
2 7 -3.76657 26.2094 -3.76657
2 7.2 -3.81288 26.1783 -3.81288
2 7.4 -3.81433 26.1825 -3.81433
2 7.6 -3.79894 26.2003 -3.79894
2 7.8 -3.78049 26.2198 -3.78049
2 8 -3.76463 26.236 -3.76463
2 8.2 -3.75241 26.2479 -3.75241
2 8.4 -3.74486 26.255 -3.74486
2 8.6 -3.74027 26.2593 -3.74027
2 8.8 -3.73829 26.2612 -3.73829
2 9 -3.73728 26.2621 -3.73728
2 9.2 -3.73595 26.2635 -3.73595
2 9.4 -2.1694 27.8303 -2.1694
2 9.6 2.23704 32.2367 2.23704
2 9.8 -22.0332 7.96657 -22.0332
2.2 0 -4.29826 25.6991 -4.29826
2.2 0.2 -5.64685 24.3503 -5.64685
2.2 0.4 -4.03858 25.9586 -4.03858
2.2 0.6 -3.73739 26.2599 -3.73739
2.2 0.8 -3.73914 26.2585 -3.73914
2.2 1 -3.74098 26.2572 -3.74098
2.2 1.2 -3.74495 26.2536 -3.74495
2.2 1.4 -3.75255 26.2463 -3.75255
2.2 1.6 -3.76354 26.2354 -3.76354
2.2 1.8 -3.77915 26.2198 -3.77915
2.2 2 -3.79782 26.2003 -3.79782
2.2 2.2 -3.81323 26.1829 -3.81323
2.2 2.4 -3.81233 26.1782 -3.81233
2.2 2.6 -3.76673 26.2087 -3.76673
2.2 2.8 -3.63591 26.3001 -3.63591
2.2 3 -3.37948 26.457 -3.37948
2.2 3.2 -2.99821 26.5808 -2.99821
2.2 3.4 -2.67923 26.1564 -2.67923
2.2 3.6 -3.46597 22.696 -3.46597
2.2 3.8 -6.73593 8.19834 -6.73593
2.2 4 6.19656 -6.80246 6.19656
2.2 4.2 21.7555 -4.00166 21.7555
2.2 4.4 25.6038 -3.17009 25.6038
2.2 4.6 26.0438 -3.49906 26.0438
2.2 4.8 26.0159 -3.69619 26.0159
2.2 5 26.0452 -3.50478 26.0452
2.2 5.2 25.6272 -3.17156 25.6272
2.2 5.4 21.89 -3.96961 21.89
2.2 5.6 6.58064 -6.83534 6.58064
2.2 5.8 -6.73721 7.82719 -6.73721
2.2 6 -3.49385 22.581 -3.49385
2.2 6.2 -2.67811 26.1364 -2.67811
2.2 6.4 -2.99126 26.5813 -2.99126
2.2 6.6 -3.3745 26.46 -3.3745
2.2 6.8 -3.63445 26.3014 -3.63445
2.2 7 -3.76585 26.2099 -3.76585
2.2 7.2 -3.81252 26.1785 -3.81252
2.2 7.4 -3.81422 26.1826 -3.81422
2.2 7.6 -3.79896 26.2002 -3.79896
2.2 7.8 -3.78057 26.2198 -3.78057
2.2 8 -3.76474 26.2359 -3.76474
2.2 8.2 -3.75255 26.2477 -3.75255
2.2 8.4 -3.74503 26.2549 -3.74503
2.2 8.6 -3.74046 26.259 -3.74046
2.2 8.8 -3.7385 26.2609 -3.7385
2.2 9 -3.73752 26.2618 -3.73752
2.2 9.2 -3.73626 26.2631 -3.73626
2.2 9.4 -2.16976 27.8298 -2.16976
2.2 9.6 2.23687 32.2364 2.23687
2.2 9.8 -22.0334 7.9664 -22.0334
2.4 0 -4.29789 25.6995 -4.29789
2.4 0.2 -5.6467 24.3505 -5.6467
2.4 0.4 -4.03835 25.9589 -4.03835
2.4 0.6 -3.73715 26.2603 -3.73715
2.4 0.8 -3.73887 26.2589 -3.73887
2.4 1 -3.74067 26.2576 -3.74067
2.4 1.2 -3.74463 26.2541 -3.74463
2.4 1.4 -3.75222 26.2467 -3.75222
2.4 1.6 -3.76324 26.2358 -3.76324
2.4 1.8 -3.7789 26.2201 -3.7789
2.4 2 -3.79765 26.2005 -3.79765
2.4 2.2 -3.81316 26.1829 -3.81316
2.4 2.4 -3.81231 26.178 -3.81231
2.4 2.6 -3.76671 26.2084 -3.76671
2.4 2.8 -3.63588 26.2997 -3.63588
2.4 3 -3.37943 26.4567 -3.37943
2.4 3.2 -2.99809 26.5807 -2.99809
2.4 3.4 -2.67885 26.1572 -2.67885
2.4 3.6 -3.46438 22.7005 -3.46438
2.4 3.8 -6.73571 8.21109 -6.73571
2.4 4 6.18306 -6.80134 6.18306
2.4 4.2 21.7501 -4.00334 21.7501
2.4 4.4 25.6027 -3.17033 25.6027
2.4 4.6 26.0436 -3.49921 26.0436
2.4 4.8 26.0157 -3.69657 26.0157
2.4 5 26.045 -3.50536 26.045
2.4 5.2 25.6277 -3.17199 25.6277
2.4 5.4 21.8942 -3.96865 21.8942
2.4 5.6 6.592 -6.83632 6.592
2.4 5.8 -6.73713 7.81585 -6.73713
2.4 6 -3.4947 22.5771 -3.4947
2.4 6.2 -2.67763 26.1357 -2.67763
2.4 6.4 -2.99067 26.5812 -2.99067
2.4 6.6 -3.37409 26.4599 -3.37409
2.4 6.8 -3.63423 26.3013 -3.63423
2.4 7 -3.76579 26.2097 -3.76579
2.4 7.2 -3.81254 26.1783 -3.81254
2.4 7.4 -3.81422 26.1826 -3.81422
2.4 7.6 -3.79889 26.2004 -3.79889
2.4 7.8 -3.78041 26.22 -3.78041
2.4 8 -3.76452 26.2363 -3.76452
2.4 8.2 -3.75231 26.2481 -3.75231
2.4 8.4 -3.74477 26.2552 -3.74477
2.4 8.6 -3.7402 26.2594 -3.7402
2.4 8.8 -3.73824 26.2613 -3.73824
2.4 9 -3.73726 26.2621 -3.73726
2.4 9.2 -3.73601 26.2634 -3.73601
2.4 9.4 -2.16949 27.8301 -2.16949
2.4 9.6 2.23719 32.2367 2.23719
2.4 9.8 -22.0331 7.96672 -22.0331
2.6 0 -4.29764 25.6998 -4.29764
2.6 0.2 -5.64647 24.3508 -5.64647
2.6 0.4 -4.03813 25.9593 -4.03813
2.6 0.6 -3.7369 26.2607 -3.7369
2.6 0.8 -3.7386 26.2594 -3.7386
2.6 1 -3.74039 26.2581 -3.74039
2.6 1.2 -3.74435 26.2545 -3.74435
2.6 1.4 -3.75195 26.2472 -3.75195
2.6 1.6 -3.76296 26.2363 -3.76296
2.6 1.8 -3.77864 26.2206 -3.77864
2.6 2 -3.79745 26.2009 -3.79745
2.6 2.2 -3.81306 26.1832 -3.81306
2.6 2.4 -3.81233 26.1782 -3.81233
2.6 2.6 -3.76684 26.2084 -3.76684
2.6 2.8 -3.6361 26.2996 -3.6361
2.6 3 -3.37971 26.4565 -3.37971
2.6 3.2 -2.99833 26.5806 -2.99833
2.6 3.4 -2.67879 26.1579 -2.67879
2.6 3.6 -3.46302 22.7046 -3.46302
2.6 3.8 -6.73525 8.22249 -6.73525
2.6 4 6.17162 -6.80024 6.17162
2.6 4.2 21.7457 -4.00466 21.7457
2.6 4.4 25.6021 -3.17029 25.6021
2.6 4.6 26.0436 -3.49904 26.0436
2.6 4.8 26.0157 -3.69658 26.0157
2.6 5 26.045 -3.50555 26.045
2.6 5.2 25.6282 -3.17213 25.6282
2.6 5.4 21.8975 -3.96784 21.8975
2.6 5.6 6.60097 -6.83697 6.60097
2.6 5.8 -6.7368 7.80749 -6.7368
2.6 6 -3.49531 22.5743 -3.49531
2.6 6.2 -2.67745 26.1353 -2.67745
2.6 6.4 -2.9905 26.5811 -2.9905
2.6 6.6 -3.37406 26.4598 -3.37406
2.6 6.8 -3.63429 26.3012 -3.63429
2.6 7 -3.76587 26.2098 -3.76587
2.6 7.2 -3.81257 26.1785 -3.81257
2.6 7.4 -3.81415 26.1829 -3.81415
2.6 7.6 -3.79872 26.2008 -3.79872
2.6 7.8 -3.78018 26.2205 -3.78018
2.6 8 -3.76428 26.2368 -3.76428
2.6 8.2 -3.75207 26.2486 -3.75207
2.6 8.4 -3.74455 26.2557 -3.74455
2.6 8.6 -3.73997 26.2599 -3.73997
2.6 8.8 -3.73799 26.2618 -3.73799
2.6 9 -3.737 26.2626 -3.737
2.6 9.2 -3.73576 26.2639 -3.73576
2.6 9.4 -2.1692 27.8306 -2.1692
2.6 9.6 2.23752 32.2373 2.23752
2.6 9.8 -22.0328 7.96717 -22.0328
2.8 0 -4.29764 25.6998 -4.29764
2.8 0.2 -5.64624 24.351 -5.64624
2.8 0.4 -4.03824 25.9592 -4.03824
2.8 0.6 -3.73711 26.2606 -3.73711
2.8 0.8 -3.73884 26.2592 -3.73884
2.8 1 -3.74065 26.2579 -3.74065
2.8 1.2 -3.74459 26.2543 -3.74459
2.8 1.4 -3.75213 26.247 -3.75213
2.8 1.6 -3.76304 26.2362 -3.76304
2.8 1.8 -3.77863 26.2206 -3.77863
2.8 2 -3.79737 26.201 -3.79737
2.8 2.2 -3.81298 26.1833 -3.81298
2.8 2.4 -3.8123 26.1783 -3.8123
2.8 2.6 -3.7669 26.2084 -3.7669
2.8 2.8 -3.63627 26.2995 -3.63627
2.8 3 -3.37995 26.4564 -3.37995
2.8 3.2 -2.99857 26.5806 -2.99857
2.8 3.4 -2.67876 26.1585 -2.67876
2.8 3.6 -3.46175 22.7081 -3.46175
2.8 3.8 -6.73461 8.23244 -6.73461
2.8 4 6.16204 -6.79903 6.16204
2.8 4.2 21.7421 -4.00553 21.7421
2.8 4.4 25.6019 -3.16986 25.6019
2.8 4.6 26.0441 -3.49836 26.0441
2.8 4.8 26.0162 -3.69602 26.0162
2.8 5 26.0455 -3.50518 26.0455
2.8 5.2 25.629 -3.17184 25.629
2.8 5.4 21.9003 -3.96698 21.9003
2.8 5.6 6.6079 -6.8372 6.6079
2.8 5.8 -6.73627 7.80144 -6.73627
2.8 6 -3.49561 22.5723 -3.49561
2.8 6.2 -2.67729 26.135 -2.67729
2.8 6.4 -2.99038 26.5811 -2.99038
2.8 6.6 -3.37402 26.4599 -3.37402
2.8 6.8 -3.63431 26.3013 -3.63431
2.8 7 -3.76588 26.2099 -3.76588
2.8 7.2 -3.81256 26.1787 -3.81256
2.8 7.4 -3.81411 26.1831 -3.81411
2.8 7.6 -3.79868 26.2009 -3.79868
2.8 7.8 -3.78019 26.2206 -3.78019
2.8 8 -3.76437 26.2367 -3.76437
2.8 8.2 -3.75225 26.2484 -3.75225
2.8 8.4 -3.74478 26.2555 -3.74478
2.8 8.6 -3.74023 26.2596 -3.74023
2.8 8.8 -3.73824 26.2615 -3.73824
2.8 9 -3.73723 26.2624 -3.73723
2.8 9.2 -3.73596 26.2637 -3.73596
2.8 9.4 -2.16949 27.8303 -2.16949
2.8 9.6 2.23714 32.2368 2.23714
2.8 9.8 -22.0327 7.96724 -22.0327
3 0 -4.29803 25.6994 -4.29803
3 0.2 -5.64567 24.3516 -5.64567
3 0.4 -4.03747 25.96 -4.03747
3 0.6 -3.73625 26.2615 -3.73625
3 0.8 -3.73801 26.2601 -3.73801
3 1 -3.73987 26.2587 -3.73987
3 1.2 -3.74381 26.2551 -3.74381
3 1.4 -3.75127 26.2479 -3.75127
3 1.6 -3.76207 26.2371 -3.76207
3 1.8 -3.77756 26.2217 -3.77756
3 2 -3.79628 26.2022 -3.79628
3 2.2 -3.81194 26.1845 -3.81194
3 2.4 -3.8114 26.1794 -3.8114
3 2.6 -3.76621 26.2094 -3.76621
3 2.8 -3.63584 26.3002 -3.63584
3 3 -3.3798 26.4569 -3.3798
3 3.2 -2.99864 26.5809 -2.99864
3 3.4 -2.67886 26.1591 -2.67886
3 3.6 -3.46103 22.7108 -3.46103
3 3.8 -6.73434 8.2404 -6.73434
3 4 6.15412 -6.79816 6.15412
3 4.2 21.7393 -4.00623 21.7393
3 4.4 25.6019 -3.16949 25.6019
3 4.6 26.0446 -3.49783 26.0446
3 4.8 26.0167 -3.69558 26.0167
3 5 26.046 -3.50491 26.046
3 5.2 25.6297 -3.17163 25.6297
3 5.4 21.9025 -3.96633 21.9025
3 5.6 6.61314 -6.83749 6.61314
3 5.8 -6.73608 7.79666 -6.73608
3 6 -3.49611 22.5706 -3.49611
3 6.2 -2.67725 26.1349 -2.67725
3 6.4 -2.99012 26.5815 -2.99012
3 6.6 -3.37362 26.4605 -3.37362
3 6.8 -3.63375 26.3022 -3.63375
3 7 -3.76514 26.2109 -3.76514
3 7.2 -3.81166 26.1798 -3.81166
3 7.4 -3.8131 26.1842 -3.8131
3 7.6 -3.79762 26.2021 -3.79762
3 7.8 -3.77915 26.2216 -3.77915
3 8 -3.7634 26.2376 -3.7634
3 8.2 -3.75136 26.2493 -3.75136
3 8.4 -3.74395 26.2563 -3.74395
3 8.6 -3.73941 26.2605 -3.73941
3 8.8 -3.7374 26.2624 -3.7374
3 9 -3.73634 26.2633 -3.73634
3 9.2 -3.735 26.2646 -3.735
3 9.4 -2.16842 27.8314 -2.16842
3 9.6 2.23825 32.238 2.23825
3 9.8 -22.0319 7.968 -22.0319
3.2 0 -4.29918 25.6982 -4.29918
3.2 0.2 -5.64544 24.3518 -5.64544
3.2 0.4 -4.03727 25.9601 -4.03727
3.2 0.6 -3.73608 26.2615 -3.73608
3.2 0.8 -3.73793 26.26 -3.73793
3.2 1 -3.73986 26.2586 -3.73986
3.2 1.2 -3.74379 26.255 -3.74379
3.2 1.4 -3.75117 26.2478 -3.75117
3.2 1.6 -3.76186 26.2371 -3.76186
3.2 1.8 -3.77724 26.2217 -3.77724
3.2 2 -3.79591 26.2023 -3.79591
3.2 2.2 -3.81158 26.1847 -3.81158
3.2 2.4 -3.81108 26.1796 -3.81108
3.2 2.6 -3.76598 26.2096 -3.76598
3.2 2.8 -3.63575 26.3004 -3.63575
3.2 3 -3.37984 26.457 -3.37984
3.2 3.2 -2.99879 26.581 -2.99879
3.2 3.4 -2.67899 26.1594 -2.67899
3.2 3.6 -3.46054 22.7129 -3.46054
3.2 3.8 -6.73422 8.24672 -6.73422
3.2 4 6.14787 -6.79713 6.14787
3.2 4.2 21.7373 -4.00634 21.7373
3.2 4.4 25.602 -3.16882 25.602
3.2 4.6 26.0451 -3.49705 26.0451
3.2 4.8 26.0173 -3.69489 26.0173
3.2 5 26.0465 -3.50437 26.0465
3.2 5.2 25.6304 -3.17111 25.6304
3.2 5.4 21.9044 -3.9654 21.9044
3.2 5.6 6.6172 -6.83738 6.6172
3.2 5.8 -6.73601 7.793 -6.73601
3.2 6 -3.49655 22.5692 -3.49655
3.2 6.2 -2.67724 26.1347 -2.67724
3.2 6.4 -2.98997 26.5817 -2.98997
3.2 6.6 -3.37342 26.4608 -3.37342
3.2 6.8 -3.6335 26.3025 -3.6335
3.2 7 -3.76484 26.2113 -3.76484
3.2 7.2 -3.81132 26.1801 -3.81132
3.2 7.4 -3.81275 26.1845 -3.81275
3.2 7.6 -3.79728 26.2023 -3.79728
3.2 7.8 -3.77887 26.2217 -3.77887
3.2 8 -3.76321 26.2376 -3.76321
3.2 8.2 -3.75126 26.2491 -3.75126
3.2 8.4 -3.74391 26.2561 -3.74391
3.2 8.6 -3.73939 26.2603 -3.73939
3.2 8.8 -3.73737 26.2623 -3.73737
3.2 9 -3.73628 26.2632 -3.73628
3.2 9.2 -3.73488 26.2646 -3.73488
3.2 9.4 -2.16824 27.8314 -2.16824
3.2 9.6 2.23848 32.238 2.23848
3.2 9.8 -22.0318 7.96794 -22.0318
3.4 0 -4.30022 25.6971 -4.30022
3.4 0.2 -5.64538 24.3518 -5.64538
3.4 0.4 -4.03731 25.96 -4.03731
3.4 0.6 -3.73615 26.2614 -3.73615
3.4 0.8 -3.73803 26.2598 -3.73803
3.4 1 -3.74 26.2583 -3.74
3.4 1.2 -3.74393 26.2547 -3.74393
3.4 1.4 -3.75126 26.2475 -3.75126
3.4 1.6 -3.76188 26.2369 -3.76188
3.4 1.8 -3.77721 26.2216 -3.77721
3.4 2 -3.79588 26.2021 -3.79588
3.4 2.2 -3.81159 26.1845 -3.81159
3.4 2.4 -3.81112 26.1794 -3.81112
3.4 2.6 -3.76605 26.2094 -3.76605
3.4 2.8 -3.63585 26.3002 -3.63585
3.4 3 -3.37999 26.4568 -3.37999
3.4 3.2 -2.99897 26.5809 -2.99897
3.4 3.4 -2.67914 26.1595 -2.67914
3.4 3.6 -3.46022 22.7144 -3.46022
3.4 3.8 -6.73428 8.2516 -6.73428
3.4 4 6.14251 -6.79667 6.14251
3.4 4.2 21.7351 -4.00697 21.7351
3.4 4.4 25.6014 -3.16898 25.6014
3.4 4.6 26.0448 -3.4972 26.0448
3.4 4.8 26.017 -3.69515 26.017
3.4 5 26.0461 -3.50472 26.0461
3.4 5.2 25.6302 -3.17141 25.6302
3.4 5.4 21.9052 -3.96526 21.9052
3.4 5.6 6.61976 -6.83764 6.61976
3.4 5.8 -6.73613 7.79019 -6.73613
3.4 6 -3.49695 22.5681 -3.49695
3.4 6.2 -2.67726 26.1345 -2.67726
3.4 6.4 -2.98989 26.5817 -2.98989
3.4 6.6 -3.37335 26.4608 -3.37335
3.4 6.8 -3.63345 26.3025 -3.63345
3.4 7 -3.76481 26.2112 -3.76481
3.4 7.2 -3.8113 26.1801 -3.8113
3.4 7.4 -3.81274 26.1844 -3.81274
3.4 7.6 -3.79728 26.2022 -3.79728
3.4 7.8 -3.77889 26.2215 -3.77889
3.4 8 -3.76327 26.2373 -3.76327
3.4 8.2 -3.75137 26.2488 -3.75137
3.4 8.4 -3.74407 26.2558 -3.74407
3.4 8.6 -3.73959 26.26 -3.73959
3.4 8.8 -3.73757 26.262 -3.73757
3.4 9 -3.73644 26.2629 -3.73644
3.4 9.2 -3.73501 26.2644 -3.73501
3.4 9.4 -2.16836 27.8312 -2.16836
3.4 9.6 2.23836 32.2378 2.23836
3.4 9.8 -22.0319 7.96777 -22.0319
3.6 0 -4.29717 25.7001 -4.29717
3.6 0.2 -5.64562 24.3515 -5.64562
3.6 0.4 -4.0375 25.9598 -4.0375
3.6 0.6 -3.73632 26.2612 -3.73632
3.6 0.8 -3.73815 26.2597 -3.73815
3.6 1 -3.7401 26.2582 -3.7401
3.6 1.2 -3.74403 26.2545 -3.74403
3.6 1.4 -3.75133 26.2473 -3.75133
3.6 1.6 -3.76194 26.2367 -3.76194
3.6 1.8 -3.77729 26.2214 -3.77729
3.6 2 -3.79599 26.202 -3.79599
3.6 2.2 -3.81171 26.1843 -3.81171
3.6 2.4 -3.81124 26.1792 -3.81124
3.6 2.6 -3.76608 26.2093 -3.76608
3.6 2.8 -3.63576 26.3002 -3.63576
3.6 3 -3.3798 26.457 -3.3798
3.6 3.2 -2.99871 26.5812 -2.99871
3.6 3.4 -2.67882 26.1602 -2.67882
3.6 3.6 -3.45954 22.7162 -3.45954
3.6 3.8 -6.73408 8.25596 -6.73408
3.6 4 6.13811 -6.79629 6.13811
3.6 4.2 21.7332 -4.00761 21.7332
3.6 4.4 25.6009 -3.16917 25.6009
3.6 4.6 26.0445 -3.49743 26.0445
3.6 4.8 26.0167 -3.69549 26.0167
3.6 5 26.0458 -3.50509 26.0458
3.6 5.2 25.63 -3.17173 25.63
3.6 5.4 21.9055 -3.96534 21.9055
3.6 5.6 6.62132 -6.83784 6.62132
3.6 5.8 -6.73597 7.78874 -6.73597
3.6 6 -3.49679 22.5679 -3.49679
3.6 6.2 -2.67683 26.1349 -2.67683
3.6 6.4 -2.98943 26.5821 -2.98943
3.6 6.6 -3.37297 26.4611 -3.37297
3.6 6.8 -3.63321 26.3027 -3.63321
3.6 7 -3.76473 26.2112 -3.76473
3.6 7.2 -3.81132 26.18 -3.81132
3.6 7.4 -3.81281 26.1843 -3.81281
3.6 7.6 -3.79736 26.202 -3.79736
3.6 7.8 -3.77896 26.2214 -3.77896
3.6 8 -3.76334 26.2372 -3.76334
3.6 8.2 -3.75147 26.2487 -3.75147
3.6 8.4 -3.74422 26.2556 -3.74422
3.6 8.6 -3.73976 26.2598 -3.73976
3.6 8.8 -3.73775 26.2618 -3.73775
3.6 9 -3.73659 26.2628 -3.73659
3.6 9.2 -3.73516 26.2642 -3.73516
3.6 9.4 -2.16853 27.831 -2.16853
3.6 9.6 2.23807 32.2376 2.23807
3.6 9.8 -22.0317 7.96788 -22.0317
3.8 0 -4.28575 25.7115 -4.28575
3.8 0.2 -5.64637 24.3508 -5.64637
3.8 0.4 -4.03686 25.9604 -4.03686
3.8 0.6 -3.73559 26.2619 -3.73559
3.8 0.8 -3.73739 26.2604 -3.73739
3.8 1 -3.7393 26.2589 -3.7393
3.8 1.2 -3.74321 26.2552 -3.74321
3.8 1.4 -3.75052 26.248 -3.75052
3.8 1.6 -3.76117 26.2373 -3.76117
3.8 1.8 -3.77662 26.2219 -3.77662
3.8 2 -3.79543 26.2024 -3.79543
3.8 2.2 -3.81122 26.1846 -3.81122
3.8 2.4 -3.81086 26.1794 -3.81086
3.8 2.6 -3.76571 26.2094 -3.76571
3.8 2.8 -3.63542 26.3003 -3.63542
3.8 3 -3.37952 26.457 -3.37952
3.8 3.2 -2.99857 26.5813 -2.99857
3.8 3.4 -2.67879 26.1603 -2.67879
3.8 3.6 -3.45919 22.7172 -3.45919
3.8 3.8 -6.73388 8.25925 -6.73388
3.8 4 6.13496 -6.79558 6.13496
3.8 4.2 21.7322 -4.00743 21.7322
3.8 4.4 25.6011 -3.16853 25.6011
3.8 4.6 26.0448 -3.49692 26.0448
3.8 4.8 26.0169 -3.69514 26.0169
3.8 5 26.046 -3.50467 26.046
3.8 5.2 25.6303 -3.17123 25.6303
3.8 5.4 21.9061 -3.96473 21.9061
3.8 5.6 6.62254 -6.8376 6.62254
3.8 5.8 -6.73577 7.78778 -6.73577
3.8 6 -3.49681 22.5675 -3.49681
3.8 6.2 -2.67671 26.1348 -2.67671
3.8 6.4 -2.98913 26.5822 -2.98913
3.8 6.6 -3.37256 26.4613 -3.37256
3.8 6.8 -3.63277 26.3029 -3.63277
3.8 7 -3.76429 26.2115 -3.76429
3.8 7.2 -3.81084 26.1803 -3.81084
3.8 7.4 -3.81229 26.1847 -3.81229
3.8 7.6 -3.79676 26.2025 -3.79676
3.8 7.8 -3.77824 26.222 -3.77824
3.8 8 -3.76257 26.2379 -3.76257
3.8 8.2 -3.75066 26.2494 -3.75066
3.8 8.4 -3.74343 26.2563 -3.74343
3.8 8.6 -3.739 26.2604 -3.739
3.8 8.8 -3.73701 26.2624 -3.73701
3.8 9 -3.73584 26.2635 -3.73584
3.8 9.2 -3.73445 26.2649 -3.73445
3.8 9.4 -2.16778 27.8317 -2.16778
3.8 9.6 2.23899 32.2385 2.23899
3.8 9.8 -22.0313 7.96835 -22.0313
4 0 -4.33003 25.6673 -4.33003
4 0.2 -5.64225 24.355 -5.64225
4 0.4 -4.03685 25.9606 -4.03685
4 0.6 -3.73549 26.2622 -3.73549
4 0.8 -3.73724 26.2607 -3.73724
4 1 -3.73915 26.2592 -3.73915
4 1.2 -3.74307 26.2555 -3.74307
4 1.4 -3.75031 26.2484 -3.75031
4 1.6 -3.76107 26.2376 -3.76107
4 1.8 -3.77662 26.2221 -3.77662
4 2 -3.7955 26.2024 -3.7955
4 2.2 -3.8114 26.1845 -3.8114
4 2.4 -3.81101 26.1792 -3.81101
4 2.6 -3.76578 26.2093 -3.76578
4 2.8 -3.63532 26.3003 -3.63532
4 3 -3.37935 26.4571 -3.37935
4 3.2 -2.99834 26.5814 -2.99834
4 3.4 -2.67849 26.1606 -2.67849
4 3.6 -3.4586 22.7183 -3.4586
4 3.8 -6.73367 8.26197 -6.73367
4 4 6.13234 -6.79521 6.13234
4 4.2 21.7314 -4.00743 21.7314
4 4.4 25.6014 -3.16802 25.6014
4 4.6 26.0453 -3.49644 26.0453
4 4.8 26.0173 -3.69474 26.0173
4 5 26.0465 -3.50423 26.0465
4 5.2 25.6306 -3.17088 25.6306
4 5.4 21.9065 -3.96446 21.9065
4 5.6 6.62306 -6.8376 6.62306
4 5.8 -6.73549 7.78751 -6.73549
4 6 -3.49646 22.5676 -3.49646
4 6.2 -2.67634 26.135 -2.67634
4 6.4 -2.98877 26.5825 -2.98877
4 6.6 -3.37229 26.4615 -3.37229
4 6.8 -3.63265 26.3029 -3.63265
4 7 -3.76429 26.2114 -3.76429
4 7.2 -3.81088 26.1803 -3.81088
4 7.4 -3.81238 26.1847 -3.81238
4 7.6 -3.79676 26.2027 -3.79676
4 7.8 -3.77812 26.2223 -3.77812
4 8 -3.76232 26.2383 -3.76232
4 8.2 -3.75041 26.2498 -3.75041
4 8.4 -3.74312 26.2568 -3.74312
4 8.6 -3.73873 26.2609 -3.73873
4 8.8 -3.73681 26.2628 -3.73681
4 9 -3.73565 26.2638 -3.73565
4 9.2 -3.73429 26.2653 -3.73429
4 9.4 -2.16771 27.832 -2.16771
4 9.6 2.23896 32.2387 2.23896
4 9.8 -22.0309 7.96896 -22.0309
4.2 0 -4.38048 25.617 -4.38048
4.2 0.2 -5.6376 24.3598 -5.6376
4.2 0.4 -4.03657 25.961 -4.03657
4.2 0.6 -3.73509 26.2627 -3.73509
4.2 0.8 -3.73683 26.2612 -3.73683
4.2 1 -3.7388 26.2596 -3.7388
4.2 1.2 -3.74275 26.2559 -3.74275
4.2 1.4 -3.74996 26.2488 -3.74996
4.2 1.6 -3.76084 26.238 -3.76084
4.2 1.8 -3.77648 26.2223 -3.77648
4.2 2 -3.79543 26.2025 -3.79543
4.2 2.2 -3.81144 26.1845 -3.81144
4.2 2.4 -3.811 26.1791 -3.811
4.2 2.6 -3.76569 26.2091 -3.76569
4.2 2.8 -3.63506 26.3003 -3.63506
4.2 3 -3.37902 26.4571 -3.37902
4.2 3.2 -2.99797 26.5815 -2.99797
4.2 3.4 -2.6781 26.1609 -2.6781
4.2 3.6 -3.45807 22.7191 -3.45807
4.2 3.8 -6.73344 8.26402 -6.73344
4.2 4 6.13041 -6.79483 6.13041
4.2 4.2 21.7308 -4.00733 21.7308
4.2 4.4 25.6015 -3.16775 25.6015
4.2 4.6 26.0454 -3.49626 26.0454
4.2 4.8 26.0173 -3.69467 26.0173
4.2 5 26.0466 -3.50413 26.0466
4.2 5.2 25.6308 -3.17066 25.6308
4.2 5.4 21.9067 -3.96418 21.9067
4.2 5.6 6.62339 -6.83744 6.62339
4.2 5.8 -6.73521 7.78746 -6.73521
4.2 6 -3.49608 22.5677 -3.49608
4.2 6.2 -2.67587 26.1352 -2.67587
4.2 6.4 -2.98828 26.5827 -2.98828
4.2 6.6 -3.37189 26.4616 -3.37189
4.2 6.8 -3.63242 26.3029 -3.63242
4.2 7 -3.76415 26.2113 -3.76415
4.2 7.2 -3.8108 26.1802 -3.8108
4.2 7.4 -3.81234 26.1847 -3.81234
4.2 7.6 -3.79663 26.2029 -3.79663
4.2 7.8 -3.77786 26.2227 -3.77786
4.2 8 -3.7619 26.2388 -3.7619
4.2 8.2 -3.74998 26.2504 -3.74998
4.2 8.4 -3.74261 26.2574 -3.74261
4.2 8.6 -3.73827 26.2614 -3.73827
4.2 8.8 -3.73639 26.2633 -3.73639
4.2 9 -3.73527 26.2644 -3.73527
4.2 9.2 -3.73394 26.2658 -3.73394
4.2 9.4 -2.16735 27.8326 -2.16735
4.2 9.6 2.23937 32.2393 2.23937
4.2 9.8 -22.0307 7.96947 -22.0307
4.4 0 -4.39229 25.6055 -4.39229
4.4 0.2 -5.63617 24.3615 -5.63617
4.4 0.4 -4.03619 25.9617 -4.03619
4.4 0.6 -3.73473 26.2633 -3.73473
4.4 0.8 -3.73647 26.2619 -3.73647
4.4 1 -3.73845 26.2603 -3.73845
4.4 1.2 -3.74241 26.2566 -3.74241
4.4 1.4 -3.74962 26.2495 -3.74962
4.4 1.6 -3.76056 26.2386 -3.76056
4.4 1.8 -3.77627 26.2228 -3.77627
4.4 2 -3.79527 26.203 -3.79527
4.4 2.2 -3.81133 26.1848 -3.81133
4.4 2.4 -3.81089 26.1794 -3.81089
4.4 2.6 -3.76549 26.2094 -3.76549
4.4 2.8 -3.63473 26.3007 -3.63473
4.4 3 -3.37857 26.4576 -3.37857
4.4 3.2 -2.99744 26.5821 -2.99744
4.4 3.4 -2.67749 26.1616 -2.67749
4.4 3.6 -3.45732 22.7202 -3.45732
4.4 3.8 -6.7328 8.26611 -6.7328
4.4 4 6.12948 -6.79397 6.12948
4.4 4.2 21.7306 -4.00696 21.7306
4.4 4.4 25.6015 -3.16746 25.6015
4.4 4.6 26.0455 -3.4961 26.0455
4.4 4.8 26.0173 -3.6946 26.0173
4.4 5 26.0465 -3.50405 26.0465
4.4 5.2 25.6309 -3.17043 25.6309
4.4 5.4 21.9071 -3.96369 21.9071
4.4 5.6 6.62402 -6.83673 6.62402
4.4 5.8 -6.73454 7.78809 -6.73454
4.4 6 -3.49542 22.5683 -3.49542
4.4 6.2 -2.67522 26.1358 -2.67522
4.4 6.4 -2.98767 26.5833 -2.98767
4.4 6.6 -3.37139 26.4622 -3.37139
4.4 6.8 -3.63208 26.3033 -3.63208
4.4 7 -3.76393 26.2117 -3.76393
4.4 7.2 -3.81064 26.1806 -3.81064
4.4 7.4 -3.8122 26.1851 -3.8122
4.4 7.6 -3.79645 26.2034 -3.79645
4.4 7.8 -3.77757 26.2233 -3.77757
4.4 8 -3.76153 26.2395 -3.76153
4.4 8.2 -3.74957 26.2511 -3.74957
4.4 8.4 -3.74215 26.2582 -3.74215
4.4 8.6 -3.73783 26.2622 -3.73783
4.4 8.8 -3.73596 26.2641 -3.73596
4.4 9 -3.73486 26.2652 -3.73486
4.4 9.2 -3.73359 26.2665 -3.73359
4.4 9.4 -2.16704 27.8333 -2.16704
4.4 9.6 2.23975 32.2401 2.23975
4.4 9.8 -22.0304 7.97018 -22.0304
4.6 0 -4.39317 25.6048 -4.39317
4.6 0.2 -5.63572 24.3622 -5.63572
4.6 0.4 -4.03605 25.9621 -4.03605
4.6 0.6 -3.73465 26.2637 -3.73465
4.6 0.8 -3.73637 26.2623 -3.73637
4.6 1 -3.73839 26.2607 -3.73839
4.6 1.2 -3.74239 26.257 -3.74239
4.6 1.4 -3.74963 26.2499 -3.74963
4.6 1.6 -3.7606 26.2389 -3.7606
4.6 1.8 -3.77639 26.223 -3.77639
4.6 2 -3.79546 26.2031 -3.79546
4.6 2.2 -3.8116 26.1848 -3.8116
4.6 2.4 -3.81127 26.1792 -3.81127
4.6 2.6 -3.76592 26.2092 -3.76592
4.6 2.8 -3.63516 26.3004 -3.63516
4.6 3 -3.37898 26.4574 -3.37898
4.6 3.2 -2.99781 26.582 -2.99781
4.6 3.4 -2.6778 26.1616 -2.6778
4.6 3.6 -3.45741 22.7206 -3.45741
4.6 3.8 -6.73278 8.26754 -6.73278
4.6 4 6.12846 -6.79335 6.12846
4.6 4.2 21.7307 -4.00633 21.7307
4.6 4.4 25.602 -3.16661 25.602
4.6 4.6 26.0458 -3.4953 26.0458
4.6 4.8 26.0176 -3.69387 26.0176
4.6 5 26.0469 -3.50331 26.0469
4.6 5.2 25.6313 -3.16964 25.6313
4.6 5.4 21.9075 -3.96296 21.9075
4.6 5.6 6.62406 -6.83623 6.62406
4.6 5.8 -6.73453 7.78851 -6.73453
4.6 6 -3.49557 22.5683 -3.49557
4.6 6.2 -2.67549 26.1358 -2.67549
4.6 6.4 -2.98798 26.5832 -2.98798
4.6 6.6 -3.37173 26.462 -3.37173
4.6 6.8 -3.63247 26.3031 -3.63247
4.6 7 -3.76433 26.2115 -3.76433
4.6 7.2 -3.81099 26.1805 -3.81099
4.6 7.4 -3.81248 26.1851 -3.81248
4.6 7.6 -3.79663 26.2035 -3.79663
4.6 7.8 -3.77765 26.2235 -3.77765
4.6 8 -3.76152 26.2399 -3.76152
4.6 8.2 -3.7495 26.2515 -3.7495
4.6 8.4 -3.74204 26.2587 -3.74204
4.6 8.6 -3.7377 26.2627 -3.7377
4.6 8.8 -3.73581 26.2647 -3.73581
4.6 9 -3.73469 26.2658 -3.73469
4.6 9.2 -3.73343 26.2671 -3.73343
4.6 9.4 -2.16698 27.8338 -2.16698
4.6 9.6 2.23973 32.2405 2.23973
4.6 9.8 -22.0301 7.9709 -22.0301
4.8 0 -4.39274 25.6054 -4.39274
4.8 0.2 -5.63556 24.3625 -5.63556
4.8 0.4 -4.03605 25.9622 -4.03605
4.8 0.6 -3.73468 26.2637 -3.73468
4.8 0.8 -3.73646 26.2622 -3.73646
4.8 1 -3.73854 26.2606 -3.73854
4.8 1.2 -3.74259 26.2568 -3.74259
4.8 1.4 -3.74984 26.2497 -3.74984
4.8 1.6 -3.7608 26.2387 -3.7608
4.8 1.8 -3.77655 26.2228 -3.77655
4.8 2 -3.79556 26.2029 -3.79556
4.8 2.2 -3.81166 26.1847 -3.81166
4.8 2.4 -3.81128 26.1791 -3.81128
4.8 2.6 -3.76586 26.2091 -3.76586
4.8 2.8 -3.63502 26.3004 -3.63502
4.8 3 -3.37878 26.4575 -3.37878
4.8 3.2 -2.99764 26.5821 -2.99764
4.8 3.4 -2.67767 26.1618 -2.67767
4.8 3.6 -3.4572 22.7211 -3.4572
4.8 3.8 -6.73285 8.26877 -6.73285
4.8 4 6.12671 -6.79344 6.12671
4.8 4.2 21.7294 -4.00693 21.7294
4.8 4.4 25.601 -3.16719 25.601
4.8 4.6 26.0448 -3.49596 26.0448
4.8 4.8 26.0165 -3.6946 26.0165
4.8 5 26.0458 -3.50401 26.0458
4.8 5.2 25.6303 -3.17026 25.6303
4.8 5.4 21.9065 -3.96352 21.9065
4.8 5.6 6.62298 -6.83643 6.62298
4.8 5.8 -6.73461 7.78907 -6.73461
4.8 6 -3.49538 22.5686 -3.49538
4.8 6.2 -2.6753 26.136 -2.6753
4.8 6.4 -2.98774 26.5834 -2.98774
4.8 6.6 -3.37147 26.4622 -3.37147
4.8 6.8 -3.63228 26.3032 -3.63228
4.8 7 -3.76424 26.2115 -3.76424
4.8 7.2 -3.81099 26.1804 -3.81099
4.8 7.4 -3.81254 26.1849 -3.81254
4.8 7.6 -3.79674 26.2033 -3.79674
4.8 7.8 -3.77779 26.2233 -3.77779
4.8 8 -3.76168 26.2397 -3.76168
4.8 8.2 -3.74964 26.2514 -3.74964
4.8 8.4 -3.74217 26.2585 -3.74217
4.8 8.6 -3.73781 26.2627 -3.73781
4.8 8.8 -3.7359 26.2647 -3.7359
4.8 9 -3.73477 26.2658 -3.73477
4.8 9.2 -3.73349 26.2672 -3.73349
4.8 9.4 -2.16706 27.8338 -2.16706
4.8 9.6 2.2395 32.2404 2.2395
4.8 9.8 -22.03 7.97114 -22.03
5 0 -4.39232 25.6059 -4.39232
5 0.2 -5.63515 24.363 -5.63515
5 0.4 -4.03539 25.963 -4.03539
5 0.6 -3.73399 26.2646 -3.73399
5 0.8 -3.73581 26.2631 -3.73581
5 1 -3.73792 26.2614 -3.73792
5 1.2 -3.74201 26.2575 -3.74201
5 1.4 -3.74929 26.2504 -3.74929
5 1.6 -3.76026 26.2393 -3.76026
5 1.8 -3.77598 26.2235 -3.77598
5 2 -3.79496 26.2036 -3.79496
5 2.2 -3.81102 26.1854 -3.81102
5 2.4 -3.81062 26.1798 -3.81062
5 2.6 -3.76522 26.2098 -3.76522
5 2.8 -3.6344 26.3012 -3.6344
5 3 -3.37822 26.4582 -3.37822
5 3.2 -2.99723 26.5827 -2.99723
5 3.4 -2.67741 26.1623 -2.67741
5 3.6 -3.45696 22.7219 -3.45696
5 3.8 -6.73302 8.27008 -6.73302
5 4 6.12482 -6.7936 6.12482
5 4.2 21.7281 -4.00751 21.7281
5 4.4 25.6 -3.16768 25.6
5 4.6 26.0437 -3.4965 26.0437
5 4.8 26.0154 -3.6952 26.0154
5 5 26.0447 -3.50458 26.0447
5 5.2 25.6293 -3.1708 25.6293
5 5.4 21.9053 -3.96411 21.9053
5 5.6 6.62149 -6.8367 6.62149
5 5.8 -6.73482 7.78992 -6.73482
5 6 -3.49515 22.5692 -3.49515
5 6.2 -2.67499 26.1365 -2.67499
5 6.4 -2.98727 26.5841 -2.98727
5 6.6 -3.37086 26.463 -3.37086
5 6.8 -3.63162 26.304 -3.63162
5 7 -3.76358 26.2122 -3.76358
5 7.2 -3.81033 26.1811 -3.81033
5 7.4 -3.8119 26.1856 -3.8119
5 7.6 -3.79613 26.2039 -3.79613
5 7.8 -3.77721 26.2239 -3.77721
5 8 -3.7611 26.2403 -3.7611
5 8.2 -3.74906 26.2521 -3.74906
5 8.4 -3.74155 26.2593 -3.74155
5 8.6 -3.73713 26.2635 -3.73713
5 8.8 -3.73517 26.2656 -3.73517
5 9 -3.734 26.2667 -3.734
5 9.2 -3.7327 26.2681 -3.7327
5 9.4 -2.1662 27.8349 -2.1662
5 9.6 2.24046 32.2416 2.24046
5 9.8 -22.0294 7.97189 -22.0294
5.2 0 -4.39034 25.6079 -4.39034
5.2 0.2 -5.63497 24.3632 -5.63497
5.2 0.4 -4.03513 25.9633 -4.03513
5.2 0.6 -3.73382 26.2648 -3.73382
5.2 0.8 -3.73565 26.2633 -3.73565
5.2 1 -3.73776 26.2616 -3.73776
5.2 1.2 -3.74187 26.2577 -3.74187
5.2 1.4 -3.7492 26.2505 -3.7492
5.2 1.6 -3.76018 26.2394 -3.76018
5.2 1.8 -3.77586 26.2236 -3.77586
5.2 2 -3.79479 26.2038 -3.79479
5.2 2.2 -3.8108 26.1856 -3.8108
5.2 2.4 -3.81037 26.1801 -3.81037
5.2 2.6 -3.76498 26.2102 -3.76498
5.2 2.8 -3.63418 26.3015 -3.63418
5.2 3 -3.37803 26.4586 -3.37803
5.2 3.2 -2.99707 26.5831 -2.99707
5.2 3.4 -2.67723 26.1627 -2.67723
5.2 3.6 -3.45655 22.7228 -3.45655
5.2 3.8 -6.73262 8.27206 -6.73262
5.2 4 6.12367 -6.79295 6.12367
5.2 4.2 21.7279 -4.0072 21.7279
5.2 4.4 25.6003 -3.16716 25.6003
5.2 4.6 26.0442 -3.49591 26.0442
5.2 4.8 26.0158 -3.69461 26.0158
5.2 5 26.0451 -3.50402 26.0451
5.2 5.2 25.6296 -3.17033 25.6296
5.2 5.4 21.9052 -3.96382 21.9052
5.2 5.6 6.62056 -6.83617 6.62056
5.2 5.8 -6.73449 7.79158 -6.73449
5.2 6 -3.49475 22.57 -3.49475
5.2 6.2 -2.67477 26.1369 -2.67477
5.2 6.4 -2.98706 26.5845 -2.98706
5.2 6.6 -3.37064 26.4634 -3.37064
5.2 6.8 -3.63138 26.3044 -3.63138
5.2 7 -3.76333 26.2126 -3.76333
5.2 7.2 -3.81009 26.1814 -3.81009
5.2 7.4 -3.81168 26.1858 -3.81168
5.2 7.6 -3.79595 26.2041 -3.79595
5.2 7.8 -3.77708 26.224 -3.77708
5.2 8 -3.761 26.2404 -3.761
5.2 8.2 -3.74894 26.2522 -3.74894
5.2 8.4 -3.74141 26.2595 -3.74141
5.2 8.6 -3.73693 26.2638 -3.73693
5.2 8.8 -3.7349 26.2659 -3.7349
5.2 9 -3.73369 26.2671 -3.73369
5.2 9.2 -3.73239 26.2685 -3.73239
5.2 9.4 -2.16594 27.8352 -2.16594
5.2 9.6 2.24087 32.242 2.24087
5.2 9.8 -22.0291 7.97225 -22.0291
5.4 0 -4.37768 25.6204 -4.37768
5.4 0.2 -5.63584 24.3621 -5.63584
5.4 0.4 -4.03495 25.9632 -4.03495
5.4 0.6 -3.73365 26.2648 -3.73365
5.4 0.8 -3.7355 26.2632 -3.7355
5.4 1 -3.73762 26.2615 -3.73762
5.4 1.2 -3.74176 26.2576 -3.74176
5.4 1.4 -3.74914 26.2503 -3.74914
5.4 1.6 -3.7601 26.2393 -3.7601
5.4 1.8 -3.77573 26.2235 -3.77573
5.4 2 -3.79462 26.2037 -3.79462
5.4 2.2 -3.81056 26.1857 -3.81056
5.4 2.4 -3.81007 26.1803 -3.81007
5.4 2.6 -3.76468 26.2105 -3.76468
5.4 2.8 -3.63387 26.3019 -3.63387
5.4 3 -3.37767 26.4591 -3.37767
5.4 3.2 -2.99667 26.5837 -2.99667
5.4 3.4 -2.67681 26.1635 -2.67681
5.4 3.6 -3.45593 22.724 -3.45593
5.4 3.8 -6.73204 8.27438 -6.73204
5.4 4 6.12247 -6.79232 6.12247
5.4 4.2 21.7277 -4.00708 21.7277
5.4 4.4 25.6007 -3.16686 25.6007
5.4 4.6 26.0447 -3.4956 26.0447
5.4 4.8 26.0164 -3.69429 26.0164
5.4 5 26.0456 -3.50371 26.0456
5.4 5.2 25.63 -3.17007 25.63
5.4 5.4 21.905 -3.96373 21.905
5.4 5.6 6.61947 -6.83567 6.61947
5.4 5.8 -6.73401 7.79367 -6.73401
5.4 6 -3.49416 22.5712 -3.49416
5.4 6.2 -2.67431 26.1376 -2.67431
5.4 6.4 -2.98664 26.5851 -2.98664
5.4 6.6 -3.37026 26.4639 -3.37026
5.4 6.8 -3.63101 26.3048 -3.63101
5.4 7 -3.763 26.2129 -3.763
5.4 7.2 -3.8098 26.1816 -3.8098
5.4 7.4 -3.81142 26.1859 -3.81142
5.4 7.6 -3.79575 26.2041 -3.79575
5.4 7.8 -3.77696 26.2239 -3.77696
5.4 8 -3.76093 26.2402 -3.76093
5.4 8.2 -3.74888 26.252 -3.74888
5.4 8.4 -3.74135 26.2593 -3.74135
5.4 8.6 -3.73682 26.2636 -3.73682
5.4 8.8 -3.73475 26.2658 -3.73475
5.4 9 -3.73349 26.267 -3.73349
5.4 9.2 -3.73216 26.2684 -3.73216
5.4 9.4 -2.16569 27.8351 -2.16569
5.4 9.6 2.2411 32.2418 2.2411
5.4 9.8 -22.0288 7.97224 -22.0288
5.6 0 -4.3268 25.6711 -4.3268
5.6 0.2 -5.63985 24.358 -5.63985
5.6 0.4 -4.03442 25.9636 -4.03442
5.6 0.6 -3.73316 26.2652 -3.73316
5.6 0.8 -3.73505 26.2636 -3.73505
5.6 1 -3.73714 26.2619 -3.73714
5.6 1.2 -3.74125 26.258 -3.74125
5.6 1.4 -3.7487 26.2507 -3.7487
5.6 1.6 -3.75961 26.2397 -3.75961
5.6 1.8 -3.77526 26.224 -3.77526
5.6 2 -3.7942 26.2042 -3.7942
5.6 2.2 -3.81015 26.1862 -3.81015
5.6 2.4 -3.80979 26.1808 -3.80979
5.6 2.6 -3.76454 26.2108 -3.76454
5.6 2.8 -3.63393 26.302 -3.63393
5.6 3 -3.37778 26.4592 -3.37778
5.6 3.2 -2.99676 26.5838 -2.99676
5.6 3.4 -2.67685 26.1636 -2.67685
5.6 3.6 -3.45575 22.7246 -3.45575
5.6 3.8 -6.73189 8.27624 -6.73189
5.6 4 6.12094 -6.79202 6.12094
5.6 4.2 21.7274 -4.00706 21.7274
5.6 4.4 25.601 -3.16656 25.601
5.6 4.6 26.0451 -3.49529 26.0451
5.6 4.8 26.0167 -3.694 26.0167
5.6 5 26.046 -3.50343 26.046
5.6 5.2 25.6302 -3.16984 25.6302
5.6 5.4 21.9047 -3.96373 21.9047
5.6 5.6 6.61795 -6.83549 6.61795
5.6 5.8 -6.73401 7.79535 -6.73401
5.6 6 -3.49402 22.5718 -3.49402
5.6 6.2 -2.67437 26.1377 -2.67437
5.6 6.4 -2.98677 26.585 -2.98677
5.6 6.6 -3.37036 26.4638 -3.37036
5.6 6.8 -3.631 26.3049 -3.631
5.6 7 -3.76287 26.2131 -3.76287
5.6 7.2 -3.80955 26.1819 -3.80955
5.6 7.4 -3.81102 26.1864 -3.81102
5.6 7.6 -3.79531 26.2045 -3.79531
5.6 7.8 -3.77652 26.2243 -3.77652
5.6 8 -3.76055 26.2405 -3.76055
5.6 8.2 -3.74844 26.2523 -3.74844
5.6 8.4 -3.74094 26.2596 -3.74094
5.6 8.6 -3.73635 26.264 -3.73635
5.6 8.8 -3.73424 26.2662 -3.73424
5.6 9 -3.73296 26.2674 -3.73296
5.6 9.2 -3.73158 26.2689 -3.73158
5.6 9.4 -2.16501 27.8356 -2.16501
5.6 9.6 2.24167 32.2423 2.24167
5.6 9.8 -22.0283 7.97256 -22.0283
5.8 0 -4.28097 25.7168 -4.28097
5.8 0.2 -5.64341 24.3543 -5.64341
5.8 0.4 -4.03388 25.964 -4.03388
5.8 0.6 -3.73272 26.2654 -3.73272
5.8 0.8 -3.73469 26.2638 -3.73469
5.8 1 -3.73675 26.2622 -3.73675
5.8 1.2 -3.74079 26.2584 -3.74079
5.8 1.4 -3.74826 26.2511 -3.74826
5.8 1.6 -3.7591 26.2402 -3.7591
5.8 1.8 -3.77475 26.2246 -3.77475
5.8 2 -3.79373 26.2047 -3.79373
5.8 2.2 -3.80967 26.1867 -3.80967
5.8 2.4 -3.80941 26.1813 -3.80941
5.8 2.6 -3.76426 26.2112 -3.76426
5.8 2.8 -3.63381 26.3022 -3.63381
5.8 3 -3.37767 26.4593 -3.37767
5.8 3.2 -2.99663 26.5839 -2.99663
5.8 3.4 -2.67666 26.1638 -2.67666
5.8 3.6 -3.45547 22.7253 -3.45547
5.8 3.8 -6.73205 8.27763 -6.73205
5.8 4 6.11855 -6.79265 6.11855
5.8 4.2 21.7259 -4.00817 21.7259
5.8 4.4 25.6001 -3.16747 25.6001
5.8 4.6 26.0443 -3.49604 26.0443
5.8 4.8 26.016 -3.69472 26.016
5.8 5 26.0452 -3.50426 26.0452
5.8 5.2 25.6293 -3.17072 25.6293
5.8 5.4 21.9031 -3.96488 21.9031
5.8 5.6 6.61552 -6.83618 6.61552
5.8 5.8 -6.73435 7.79664 -6.73435
5.8 6 -3.49379 22.5724 -3.49379
5.8 6.2 -2.67422 26.1379 -2.67422
5.8 6.4 -2.9867 26.585 -2.9867
5.8 6.6 -3.37029 26.4638 -3.37029
5.8 6.8 -3.63084 26.305 -3.63084
5.8 7 -3.76261 26.2134 -3.76261
5.8 7.2 -3.8092 26.1823 -3.8092
5.8 7.4 -3.81055 26.1869 -3.81055
5.8 7.6 -3.79483 26.205 -3.79483
5.8 7.8 -3.77606 26.2247 -3.77606
5.8 8 -3.76015 26.2409 -3.76015
5.8 8.2 -3.748 26.2527 -3.748
5.8 8.4 -3.74055 26.2599 -3.74055
5.8 8.6 -3.73593 26.2643 -3.73593
5.8 8.8 -3.73379 26.2665 -3.73379
5.8 9 -3.73256 26.2677 -3.73256
5.8 9.2 -3.73113 26.2692 -3.73113
5.8 9.4 -2.16442 27.8361 -2.16442
5.8 9.6 2.24217 32.2427 2.24217
5.8 9.8 -22.028 7.97269 -22.028
6 0 -4.29203 25.7057 -4.29203
6 0.2 -5.64248 24.355 -5.64248
6 0.4 -4.03429 25.9634 -4.03429
6 0.6 -3.73335 26.2646 -3.73335
6 0.8 -3.73541 26.2629 -3.73541
6 1 -3.73747 26.2613 -3.73747
6 1.2 -3.74146 26.2576 -3.74146
6 1.4 -3.74886 26.2504 -3.74886
6 1.6 -3.75965 26.2396 -3.75965
6 1.8 -3.77524 26.224 -3.77524
6 2 -3.79418 26.2043 -3.79418
6 2.2 -3.81009 26.1863 -3.81009
6 2.4 -3.80971 26.181 -3.80971
6 2.6 -3.76453 26.2109 -3.76453
6 2.8 -3.63402 26.302 -3.63402
6 3 -3.37781 26.459 -3.37781
6 3.2 -2.99664 26.5837 -2.99664
6 3.4 -2.67649 26.1638 -2.67649
6 3.6 -3.45507 22.7257 -3.45507
6 3.8 -6.73149 8.27899 -6.73149
6 4 6.11826 -6.7919 6.11826
6 4.2 21.7265 -4.00749 21.7265
6 4.4 25.6012 -3.1665 25.6012
6 4.6 26.0458 -3.49476 26.0458
6 4.8 26.0177 -3.69331 26.0177
6 5 26.0467 -3.50304 26.0467
6 5.2 25.6305 -3.16975 25.6305
6 5.4 21.9037 -3.96426 21.9037
6 5.6 6.61507 -6.83545 6.61507
6 5.8 -6.73389 7.79814 -6.73389
6 6 -3.49341 22.5728 -3.49341
6 6.2 -2.67408 26.1378 -2.67408
6 6.4 -2.98675 26.5848 -2.98675
6 6.6 -3.37047 26.4635 -3.37047
6 6.8 -3.63108 26.3047 -3.63108
6 7 -3.76288 26.213 -3.76288
6 7.2 -3.80954 26.1819 -3.80954
6 7.4 -3.81093 26.1864 -3.81093
6 7.6 -3.79525 26.2045 -3.79525
6 7.8 -3.77656 26.2242 -3.77656
6 8 -3.76068 26.2402 -3.76068
6 8.2 -3.74859 26.252 -3.74859
6 8.4 -3.74117 26.2591 -3.74117
6 8.6 -3.73656 26.2635 -3.73656
6 8.8 -3.73446 26.2657 -3.73446
6 9 -3.73327 26.2668 -3.73327
6 9.2 -3.73182 26.2683 -3.73182
6 9.4 -2.16514 27.8352 -2.16514
6 9.6 2.24144 32.2417 2.24144
6 9.8 -22.0284 7.97204 -22.0284
6.2 0 -4.2945 25.703 -4.2945
6.2 0.2 -5.64195 24.3554 -5.64195
6.2 0.4 -4.03399 25.9635 -4.03399
6.2 0.6 -3.73297 26.2649 -3.73297
6.2 0.8 -3.73493 26.2633 -3.73493
6.2 1 -3.73694 26.2617 -3.73694
6.2 1.2 -3.74091 26.258 -3.74091
6.2 1.4 -3.74832 26.2508 -3.74832
6.2 1.6 -3.75912 26.24 -3.75912
6.2 1.8 -3.77472 26.2245 -3.77472
6.2 2 -3.79367 26.2048 -3.79367
6.2 2.2 -3.80959 26.1868 -3.80959
6.2 2.4 -3.8092 26.1815 -3.8092
6.2 2.6 -3.76402 26.2114 -3.76402
6.2 2.8 -3.63353 26.3024 -3.63353
6.2 3 -3.37736 26.4594 -3.37736
6.2 3.2 -2.99624 26.584 -2.99624
6.2 3.4 -2.67614 26.164 -2.67614
6.2 3.6 -3.45471 22.7261 -3.45471
6.2 3.8 -6.73133 8.27971 -6.73133
6.2 4 6.11734 -6.79208 6.11734
6.2 4.2 21.7259 -4.00794 21.7259
6.2 4.4 25.6009 -3.16688 25.6009
6.2 4.6 26.0455 -3.49509 26.0455
6.2 4.8 26.0174 -3.69361 26.0174
6.2 5 26.0464 -3.50339 26.0464
6.2 5.2 25.6301 -3.17015 25.6301
6.2 5.4 21.9029 -3.96478 21.9029
6.2 5.6 6.61379 -6.83565 6.61379
6.2 5.8 -6.73379 7.79918 -6.73379
6.2 6 -3.49305 22.5733 -3.49305
6.2 6.2 -2.67378 26.1381 -2.67378
6.2 6.4 -2.98641 26.5849 -2.98641
6.2 6.6 -3.37009 26.4637 -3.37009
6.2 6.8 -3.63066 26.3049 -3.63066
6.2 7 -3.76242 26.2134 -3.76242
6.2 7.2 -3.80907 26.1823 -3.80907
6.2 7.4 -3.81042 26.1868 -3.81042
6.2 7.6 -3.79472 26.2049 -3.79472
6.2 7.8 -3.77602 26.2246 -3.77602
6.2 8 -3.76013 26.2407 -3.76013
6.2 8.2 -3.74806 26.2524 -3.74806
6.2 8.4 -3.74065 26.2595 -3.74065
6.2 8.6 -3.73608 26.2639 -3.73608
6.2 8.8 -3.73399 26.266 -3.73399
6.2 9 -3.73278 26.2671 -3.73278
6.2 9.2 -3.73128 26.2687 -3.73128
6.2 9.4 -2.16465 27.8355 -2.16465
6.2 9.6 2.24195 32.2421 2.24195
6.2 9.8 -22.0278 7.97247 -22.0278
6.4 0 -4.29293 25.7043 -4.29293
6.4 0.2 -5.64185 24.3553 -5.64185
6.4 0.4 -4.03376 25.9636 -4.03376
6.4 0.6 -3.73267 26.265 -3.73267
6.4 0.8 -3.73451 26.2636 -3.73451
6.4 1 -3.73645 26.2621 -3.73645
6.4 1.2 -3.74042 26.2584 -3.74042
6.4 1.4 -3.74785 26.2511 -3.74785
6.4 1.6 -3.75867 26.2404 -3.75867
6.4 1.8 -3.7743 26.2248 -3.7743
6.4 2 -3.79329 26.205 -3.79329
6.4 2.2 -3.80923 26.187 -3.80923
6.4 2.4 -3.80886 26.1816 -3.80886
6.4 2.6 -3.7637 26.2114 -3.7637
6.4 2.8 -3.63324 26.3024 -3.63324
6.4 3 -3.37715 26.4592 -3.37715
6.4 3.2 -2.99615 26.5837 -2.99615
6.4 3.4 -2.67616 26.1637 -2.67616
6.4 3.6 -3.45485 22.7256 -3.45485
6.4 3.8 -6.73177 8.27908 -6.73177
6.4 4 6.11639 -6.79294 6.11639
6.4 4.2 21.7249 -4.00868 21.7249
6.4 4.4 25.6001 -3.16742 25.6001
6.4 4.6 26.045 -3.49553 26.045
6.4 4.8 26.0169 -3.69399 26.0169
6.4 5 26.0458 -3.50381 26.0458
6.4 5.2 25.6294 -3.17069 25.6294
6.4 5.4 21.9018 -3.96558 21.9018
6.4 5.6 6.61227 -6.83649 6.61227
6.4 5.8 -6.73425 7.79911 -6.73425
6.4 6 -3.49316 22.5731 -3.49316
6.4 6.2 -2.67386 26.1377 -2.67386
6.4 6.4 -2.9864 26.5846 -2.9864
6.4 6.6 -3.36997 26.4635 -3.36997
6.4 6.8 -3.63045 26.3048 -3.63045
6.4 7 -3.76216 26.2133 -3.76216
6.4 7.2 -3.80877 26.1823 -3.80877
6.4 7.4 -3.81008 26.187 -3.81008
6.4 7.6 -3.79432 26.2052 -3.79432
6.4 7.8 -3.77558 26.2249 -3.77558
6.4 8 -3.75968 26.241 -3.75968
6.4 8.2 -3.74762 26.2527 -3.74762
6.4 8.4 -3.74023 26.2598 -3.74023
6.4 8.6 -3.73568 26.2641 -3.73568
6.4 8.8 -3.73359 26.2662 -3.73359
6.4 9 -3.73234 26.2674 -3.73234
6.4 9.2 -3.73085 26.269 -3.73085
6.4 9.4 -2.16429 27.8357 -2.16429
6.4 9.6 2.24241 32.2423 2.24241
6.4 9.8 -22.0273 7.97275 -22.0273
6.6 0 -4.29146 25.7056 -4.29146
6.6 0.2 -5.64204 24.3549 -5.64204
6.6 0.4 -4.03362 25.9636 -4.03362
6.6 0.6 -3.73249 26.265 -3.73249
6.6 0.8 -3.73431 26.2635 -3.73431
6.6 1 -3.73622 26.2621 -3.73622
6.6 1.2 -3.74019 26.2584 -3.74019
6.6 1.4 -3.74764 26.2511 -3.74764
6.6 1.6 -3.75846 26.2404 -3.75846
6.6 1.8 -3.77408 26.2248 -3.77408
6.6 2 -3.79306 26.2051 -3.79306
6.6 2.2 -3.80897 26.1871 -3.80897
6.6 2.4 -3.80858 26.1816 -3.80858
6.6 2.6 -3.76338 26.2115 -3.76338
6.6 2.8 -3.63289 26.3024 -3.63289
6.6 3 -3.37679 26.4593 -3.37679
6.6 3.2 -2.99583 26.5837 -2.99583
6.6 3.4 -2.67598 26.1635 -2.67598
6.6 3.6 -3.45496 22.7249 -3.45496
6.6 3.8 -6.7317 8.27774 -6.7317
6.6 4 6.11834 -6.79234 6.11834
6.6 4.2 21.7263 -4.0076 21.7263
6.6 4.4 25.6009 -3.16663 25.6009
6.6 4.6 26.0456 -3.49486 26.0456
6.6 4.8 26.0175 -3.69333 26.0175
6.6 5 26.0465 -3.50312 26.0465
6.6 5.2 25.6301 -3.16989 25.6301
6.6 5.4 21.9028 -3.9646 21.9028
6.6 5.6 6.6134 -6.83578 6.6134
6.6 5.8 -6.73416 7.79863 -6.73416
6.6 6 -3.49323 22.5727 -3.49323
6.6 6.2 -2.67373 26.1375 -2.67373
6.6 6.4 -2.98617 26.5846 -2.98617
6.6 6.6 -3.36968 26.4635 -3.36968
6.6 6.8 -3.63016 26.3048 -3.63016
6.6 7 -3.7619 26.2133 -3.7619
6.6 7.2 -3.80853 26.1822 -3.80853
6.6 7.4 -3.80985 26.187 -3.80985
6.6 7.6 -3.7941 26.2052 -3.7941
6.6 7.8 -3.77536 26.2249 -3.77536
6.6 8 -3.75946 26.2411 -3.75946
6.6 8.2 -3.7474 26.2527 -3.7474
6.6 8.4 -3.74004 26.2598 -3.74004
6.6 8.6 -3.73552 26.264 -3.73552
6.6 8.8 -3.73345 26.2662 -3.73345
6.6 9 -3.73222 26.2673 -3.73222
6.6 9.2 -3.73074 26.2688 -3.73074
6.6 9.4 -2.16413 27.8356 -2.16413
6.6 9.6 2.24269 32.2423 2.24269
6.6 9.8 -22.0273 7.9725 -22.0273
6.8 0 -4.29059 25.7065 -4.29059
6.8 0.2 -5.64238 24.3546 -5.64238
6.8 0.4 -4.03404 25.9631 -4.03404
6.8 0.6 -3.73299 26.2644 -3.73299
6.8 0.8 -3.73487 26.2629 -3.73487
6.8 1 -3.73679 26.2615 -3.73679
6.8 1.2 -3.74075 26.2578 -3.74075
6.8 1.4 -3.74818 26.2506 -3.74818
6.8 1.6 -3.75898 26.2399 -3.75898
6.8 1.8 -3.77457 26.2243 -3.77457
6.8 2 -3.7935 26.2046 -3.7935
6.8 2.2 -3.80935 26.1866 -3.80935
6.8 2.4 -3.80887 26.1812 -3.80887
6.8 2.6 -3.76355 26.2112 -3.76355
6.8 2.8 -3.6329 26.3023 -3.6329
6.8 3 -3.3766 26.4594 -3.3766
6.8 3.2 -2.99541 26.5841 -2.99541
6.8 3.4 -2.67542 26.164 -2.67542
6.8 3.6 -3.45458 22.7249 -3.45458
6.8 3.8 -6.73112 8.27648 -6.73112
6.8 4 6.12081 -6.79189 6.12081
6.8 4.2 21.7271 -4.00707 21.7271
6.8 4.4 25.6009 -3.16662 25.6009
6.8 4.6 26.0454 -3.49499 26.0454
6.8 4.8 26.0174 -3.69346 26.0174
6.8 5 26.0463 -3.50322 26.0463
6.8 5.2 25.63 -3.16987 25.63
6.8 5.4 21.9033 -3.96419 21.9033
6.8 5.6 6.6147 -6.83518 6.6147
6.8 5.8 -6.73352 7.79854 -6.73352
6.8 6 -3.49274 22.5731 -3.49274
6.8 6.2 -2.6732 26.1381 -2.6732
6.8 6.4 -2.9858 26.5849 -2.9858
6.8 6.6 -3.36955 26.4635 -3.36955
6.8 6.8 -3.63022 26.3046 -3.63022
6.8 7 -3.76211 26.2129 -3.76211
6.8 7.2 -3.80887 26.1818 -3.80887
6.8 7.4 -3.81027 26.1864 -3.81027
6.8 7.6 -3.79457 26.2046 -3.79457
6.8 7.8 -3.77586 26.2244 -3.77586
6.8 8 -3.75998 26.2405 -3.75998
6.8 8.2 -3.74793 26.2522 -3.74793
6.8 8.4 -3.74058 26.2593 -3.74058
6.8 8.6 -3.73608 26.2635 -3.73608
6.8 8.8 -3.73405 26.2656 -3.73405
6.8 9 -3.73286 26.2667 -3.73286
6.8 9.2 -3.73142 26.2682 -3.73142
6.8 9.4 -2.16479 27.8349 -2.16479
6.8 9.6 2.24191 32.2415 2.24191
6.8 9.8 -22.0279 7.9719 -22.0279
7 0 -4.29015 25.707 -4.29015
7 0.2 -5.64257 24.3544 -5.64257
7 0.4 -4.03408 25.9631 -4.03408
7 0.6 -3.73307 26.2643 -3.73307
7 0.8 -3.735 26.2628 -3.735
7 1 -3.73694 26.2613 -3.73694
7 1.2 -3.74088 26.2577 -3.74088
7 1.4 -3.74828 26.2505 -3.74828
7 1.6 -3.75907 26.2398 -3.75907
7 1.8 -3.77465 26.2242 -3.77465
7 2 -3.79357 26.2045 -3.79357
7 2.2 -3.80941 26.1865 -3.80941
7 2.4 -3.80892 26.1811 -3.80892
7 2.6 -3.76356 26.2111 -3.76356
7 2.8 -3.63287 26.3023 -3.63287
7 3 -3.3765 26.4595 -3.3765
7 3.2 -2.99524 26.5843 -2.99524
7 3.4 -2.67529 26.164 -2.67529
7 3.6 -3.45488 22.724 -3.45488
7 3.8 -6.73116 8.27346 -6.73116
7 4 6.12412 -6.79197 6.12412
7 4.2 21.7285 -4.00644 21.7285
7 4.4 25.601 -3.16648 25.601
7 4.6 26.0452 -3.49501 26.0452
7 4.8 26.0172 -3.69349 26.0172
7 5 26.0462 -3.5032 26.0462
7 5.2 25.6301 -3.16971 25.6301
7 5.4 21.904 -3.96372 21.904
7 5.6 6.61645 -6.83502 6.61645
7 5.8 -6.73347 7.79709 -6.73347
7 6 -3.49288 22.5727 -3.49288
7 6.2 -2.67309 26.1383 -2.67309
7 6.4 -2.98566 26.5852 -2.98566
7 6.6 -3.36949 26.4636 -3.36949
7 6.8 -3.63023 26.3046 -3.63023
7 7 -3.76216 26.2129 -3.76216
7 7.2 -3.80894 26.1817 -3.80894
7 7.4 -3.81036 26.1863 -3.81036
7 7.6 -3.79467 26.2045 -3.79467
7 7.8 -3.77597 26.2243 -3.77597
7 8 -3.76009 26.2404 -3.76009
7 8.2 -3.74803 26.2521 -3.74803
7 8.4 -3.74067 26.2592 -3.74067
7 8.6 -3.73618 26.2634 -3.73618
7 8.8 -3.73417 26.2655 -3.73417
7 9 -3.73304 26.2665 -3.73304
7 9.2 -3.73161 26.268 -3.73161
7 9.4 -2.16493 27.8348 -2.16493
7 9.6 2.24182 32.2414 2.24182
7 9.8 -22.0282 7.97159 -22.0282
7.2 0 -4.28991 25.7073 -4.28991
7.2 0.2 -5.64259 24.3544 -5.64259
7.2 0.4 -4.034 25.9632 -4.034
7.2 0.6 -3.73298 26.2645 -3.73298
7.2 0.8 -3.73495 26.2628 -3.73495
7.2 1 -3.73687 26.2614 -3.73687
7.2 1.2 -3.74076 26.2579 -3.74076
7.2 1.4 -3.74814 26.2507 -3.74814
7.2 1.6 -3.7589 26.24 -3.7589
7.2 1.8 -3.77447 26.2244 -3.77447
7.2 2 -3.79337 26.2046 -3.79337
7.2 2.2 -3.80918 26.1867 -3.80918
7.2 2.4 -3.80865 26.1813 -3.80865
7.2 2.6 -3.76325 26.2114 -3.76325
7.2 2.8 -3.6325 26.3026 -3.6325
7.2 3 -3.37611 26.4599 -3.37611
7.2 3.2 -2.99491 26.5846 -2.99491
7.2 3.4 -2.67514 26.1641 -2.67514
7.2 3.6 -3.45521 22.7227 -3.45521
7.2 3.8 -6.73106 8.26959 -6.73106
7.2 4 6.12834 -6.79237 6.12834
7.2 4.2 21.7299 -4.00623 21.7299
7.2 4.4 25.6009 -3.16694 25.6009
7.2 4.6 26.0447 -3.49571 26.0447
7.2 4.8 26.0165 -3.69425 26.0165
7.2 5 26.0456 -3.50387 26.0456
7.2 5.2 25.6299 -3.17015 25.6299
7.2 5.4 21.9046 -3.96372 21.9046
7.2 5.6 6.61864 -6.83513 6.61864
7.2 5.8 -6.73324 7.79521 -6.73324
7.2 6 -3.493 22.5722 -3.493
7.2 6.2 -2.67292 26.1385 -2.67292
7.2 6.4 -2.98535 26.5855 -2.98535
7.2 6.6 -3.36912 26.464 -3.36912
7.2 6.8 -3.62987 26.3049 -3.62987
7.2 7 -3.76186 26.2131 -3.76186
7.2 7.2 -3.80871 26.1818 -3.80871
7.2 7.4 -3.81017 26.1864 -3.81017
7.2 7.6 -3.79451 26.2046 -3.79451
7.2 7.8 -3.77583 26.2244 -3.77583
7.2 8 -3.75997 26.2406 -3.75997
7.2 8.2 -3.7479 26.2523 -3.7479
7.2 8.4 -3.74054 26.2594 -3.74054
7.2 8.6 -3.73604 26.2636 -3.73604
7.2 8.8 -3.73405 26.2657 -3.73405
7.2 9 -3.73296 26.2667 -3.73296
7.2 9.2 -3.73155 26.2681 -3.73155
7.2 9.4 -2.16479 27.835 -2.16479
7.2 9.6 2.24191 32.2416 2.24191
7.2 9.8 -22.0282 7.97157 -22.0282
7.4 0 -4.28987 25.7073 -4.28987
7.4 0.2 -5.64273 24.3542 -5.64273
7.4 0.4 -4.03421 25.9629 -4.03421
7.4 0.6 -3.73325 26.264 -3.73325
7.4 0.8 -3.73522 26.2624 -3.73522
7.4 1 -3.73712 26.261 -3.73712
7.4 1.2 -3.741 26.2575 -3.741
7.4 1.4 -3.74837 26.2503 -3.74837
7.4 1.6 -3.75914 26.2396 -3.75914
7.4 1.8 -3.77472 26.224 -3.77472
7.4 2 -3.79366 26.2042 -3.79366
7.4 2.2 -3.80954 26.1861 -3.80954
7.4 2.4 -3.80908 26.1807 -3.80908
7.4 2.6 -3.76372 26.2107 -3.76372
7.4 2.8 -3.633 26.302 -3.633
7.4 3 -3.37665 26.4592 -3.37665
7.4 3.2 -2.99549 26.5838 -2.99549
7.4 3.4 -2.6758 26.163 -2.6758
7.4 3.6 -3.45637 22.7203 -3.45637
7.4 3.8 -6.73162 8.26375 -6.73162
7.4 4 6.13381 -6.7931 6.13381
7.4 4.2 21.732 -4.00573 21.732
7.4 4.4 25.6012 -3.16716 25.6012
7.4 4.6 26.0445 -3.49614 26.0445
7.4 4.8 26.0162 -3.69473 26.0162
7.4 5 26.0454 -3.50426 26.0454
7.4 5.2 25.63 -3.17034 25.63
7.4 5.4 21.9058 -3.96349 21.9058
7.4 5.6 6.62157 -6.83549 6.62157
7.4 5.8 -6.73365 7.79185 -6.73365
7.4 6 -3.49388 22.5706 -3.49388
7.4 6.2 -2.67355 26.1377 -2.67355
7.4 6.4 -2.98595 26.5848 -2.98595
7.4 6.6 -3.36967 26.4634 -3.36967
7.4 6.8 -3.63038 26.3043 -3.63038
7.4 7 -3.76235 26.2125 -3.76235
7.4 7.2 -3.80915 26.1812 -3.80915
7.4 7.4 -3.81056 26.1859 -3.81056
7.4 7.6 -3.79485 26.2041 -3.79485
7.4 7.8 -3.77614 26.224 -3.77614
7.4 8 -3.76025 26.2401 -3.76025
7.4 8.2 -3.74816 26.2519 -3.74816
7.4 8.4 -3.74078 26.259 -3.74078
7.4 8.6 -3.73628 26.2633 -3.73628
7.4 8.8 -3.7343 26.2653 -3.7343
7.4 9 -3.73323 26.2663 -3.73323
7.4 9.2 -3.73185 26.2677 -3.73185
7.4 9.4 -2.16516 27.8345 -2.16516
7.4 9.6 2.24159 32.2412 2.24159
7.4 9.8 -22.0285 7.9712 -22.0285
7.6 0 -4.28984 25.7071 -4.28984
7.6 0.2 -5.64267 24.3541 -5.64267
7.6 0.4 -4.034 25.9629 -4.034
7.6 0.6 -3.73287 26.2643 -3.73287
7.6 0.8 -3.73476 26.2627 -3.73476
7.6 1 -3.73665 26.2613 -3.73665
7.6 1.2 -3.74054 26.2577 -3.74054
7.6 1.4 -3.74792 26.2506 -3.74792
7.6 1.6 -3.75869 26.2398 -3.75869
7.6 1.8 -3.77429 26.2242 -3.77429
7.6 2 -3.79326 26.2044 -3.79326
7.6 2.2 -3.8092 26.1863 -3.8092
7.6 2.4 -3.80882 26.1808 -3.80882
7.6 2.6 -3.76352 26.2108 -3.76352
7.6 2.8 -3.63284 26.302 -3.63284
7.6 3 -3.37655 26.4592 -3.37655
7.6 3.2 -2.99547 26.5837 -2.99547
7.6 3.4 -2.67585 26.1625 -2.67585
7.6 3.6 -3.45694 22.718 -3.45694
7.6 3.8 -6.73142 8.25721 -6.73142
7.6 4 6.1412 -6.79367 6.1412
7.6 4.2 21.7349 -4.00518 21.7349
7.6 4.4 25.6017 -3.16757 25.6017
7.6 4.6 26.0446 -3.49672 26.0446
7.6 4.8 26.0163 -3.6953 26.0163
7.6 5 26.0455 -3.50477 26.0455
7.6 5.2 25.6304 -3.17071 25.6304
7.6 5.4 21.9074 -3.96326 21.9074
7.6 5.6 6.62587 -6.83564 6.62587
7.6 5.8 -6.73329 7.78825 -6.73329
7.6 6 -3.49413 22.5693 -3.49413
7.6 6.2 -2.67358 26.1373 -2.67358
7.6 6.4 -2.98595 26.5847 -2.98595
7.6 6.6 -3.36958 26.4634 -3.36958
7.6 6.8 -3.63022 26.3044 -3.63022
7.6 7 -3.76215 26.2125 -3.76215
7.6 7.2 -3.80891 26.1814 -3.80891
7.6 7.4 -3.81024 26.1861 -3.81024
7.6 7.6 -3.79447 26.2043 -3.79447
7.6 7.8 -3.77573 26.2242 -3.77573
7.6 8 -3.75982 26.2404 -3.75982
7.6 8.2 -3.74771 26.2521 -3.74771
7.6 8.4 -3.74033 26.2592 -3.74033
7.6 8.6 -3.73584 26.2635 -3.73584
7.6 8.8 -3.73389 26.2655 -3.73389
7.6 9 -3.73282 26.2664 -3.73282
7.6 9.2 -3.73142 26.2679 -3.73142
7.6 9.4 -2.16473 27.8347 -2.16473
7.6 9.6 2.24191 32.2413 2.24191
7.6 9.8 -22.0281 7.97138 -22.0281
7.8 0 -4.28972 25.7071 -4.28972
7.8 0.2 -5.6426 24.354 -5.6426
7.8 0.4 -4.034 25.9628 -4.034
7.8 0.6 -3.73282 26.2642 -3.73282
7.8 0.8 -3.73462 26.2627 -3.73462
7.8 1 -3.73648 26.2613 -3.73648
7.8 1.2 -3.74037 26.2577 -3.74037
7.8 1.4 -3.74779 26.2505 -3.74779
7.8 1.6 -3.75859 26.2397 -3.75859
7.8 1.8 -3.77422 26.2241 -3.77422
7.8 2 -3.79321 26.2043 -3.79321
7.8 2.2 -3.8092 26.1862 -3.8092
7.8 2.4 -3.80886 26.1807 -3.80886
7.8 2.6 -3.76357 26.2106 -3.76357
7.8 2.8 -3.63285 26.3019 -3.63285
7.8 3 -3.37649 26.4591 -3.37649
7.8 3.2 -2.99536 26.5835 -2.99536
7.8 3.4 -2.6758 26.162 -2.6758
7.8 3.6 -3.45765 22.7153 -3.45765
7.8 3.8 -6.73153 8.24907 -6.73153
7.8 4 6.1496 -6.79473 6.1496
7.8 4.2 21.7382 -4.00456 21.7382
7.8 4.4 25.6025 -3.16774 25.6025
7.8 4.6 26.045 -3.49685 26.045
7.8 4.8 26.0167 -3.69534 26.0167
7.8 5 26.046 -3.50482 26.046
7.8 5.2 25.6309 -3.17083 25.6309
7.8 5.4 21.9092 -3.96302 21.9092
7.8 5.6 6.63064 -6.83619 6.63064
7.8 5.8 -6.73321 7.78354 -6.73321
7.8 6 -3.4945 22.5678 -3.4945
7.8 6.2 -2.67352 26.137 -2.67352
7.8 6.4 -2.98589 26.5846 -2.98589
7.8 6.6 -3.36956 26.4633 -3.36956
7.8 6.8 -3.63025 26.3042 -3.63025
7.8 7 -3.7622 26.2124 -3.7622
7.8 7.2 -3.80894 26.1812 -3.80894
7.8 7.4 -3.81022 26.186 -3.81022
7.8 7.6 -3.79441 26.2043 -3.79441
7.8 7.8 -3.77563 26.2241 -3.77563
7.8 8 -3.75969 26.2403 -3.75969
7.8 8.2 -3.74756 26.2521 -3.74756
7.8 8.4 -3.74017 26.2592 -3.74017
7.8 8.6 -3.73569 26.2634 -3.73569
7.8 8.8 -3.73375 26.2654 -3.73375
7.8 9 -3.7327 26.2664 -3.7327
7.8 9.2 -3.73133 26.2678 -3.73133
7.8 9.4 -2.16471 27.8346 -2.16471
7.8 9.6 2.24188 32.2412 2.24188
7.8 9.8 -22.028 7.97139 -22.028
8 0 -4.28961 25.7071 -4.28961
8 0.2 -5.64248 24.354 -5.64248
8 0.4 -4.03376 25.9628 -4.03376
8 0.6 -3.73255 26.2642 -3.73255
8 0.8 -3.73436 26.2627 -3.73436
8 1 -3.73621 26.2613 -3.73621
8 1.2 -3.74012 26.2577 -3.74012
8 1.4 -3.74758 26.2505 -3.74758
8 1.6 -3.75845 26.2397 -3.75845
8 1.8 -3.77412 26.224 -3.77412
8 2 -3.79316 26.2042 -3.79316
8 2.2 -3.80918 26.186 -3.80918
8 2.4 -3.80887 26.1805 -3.80887
8 2.6 -3.76358 26.2105 -3.76358
8 2.8 -3.63284 26.3017 -3.63284
8 3 -3.37646 26.4589 -3.37646
8 3.2 -2.9953 26.5832 -2.9953
8 3.4 -2.67584 26.1612 -2.67584
8 3.6 -3.45853 22.712 -3.45853
8 3.8 -6.73151 8.23997 -6.73151
8 4 6.15944 -6.79547 6.15944
8 4.2 21.7424 -4.00309 21.7424
8 4.4 25.6038 -3.16711 25.6038
8 4.6 26.0459 -3.49623 26.0459
8 4.8 26.0175 -3.69466 26.0175
8 5 26.0468 -3.50413 26.0468
8 5.2 25.632 -3.17016 25.632
8 5.4 21.9118 -3.96199 21.9118
8 5.6 6.63631 -6.83635 6.63631
8 5.8 -6.73301 7.77835 -6.73301
8 6 -3.495 22.5658 -3.495
8 6.2 -2.67357 26.1364 -2.67357
8 6.4 -2.98591 26.5843 -2.98591
8 6.6 -3.36959 26.463 -3.36959
8 6.8 -3.63026 26.304 -3.63026
8 7 -3.7622 26.2122 -3.7622
8 7.2 -3.8089 26.1811 -3.8089
8 7.4 -3.81014 26.1859 -3.81014
8 7.6 -3.79429 26.2042 -3.79429
8 7.8 -3.77547 26.2241 -3.77547
8 8 -3.75949 26.2404 -3.75949
8 8.2 -3.74732 26.2521 -3.74732
8 8.4 -3.73989 26.2592 -3.73989
8 8.6 -3.7354 26.2634 -3.7354
8 8.8 -3.73347 26.2654 -3.73347
8 9 -3.73245 26.2664 -3.73245
8 9.2 -3.73112 26.2678 -3.73112
8 9.4 -2.16446 27.8346 -2.16446
8 9.6 2.24216 32.2412 2.24216
8 9.8 -22.0279 7.97133 -22.0279
8.2 0 -4.28933 25.7072 -4.28933
8.2 0.2 -5.64229 24.3541 -5.64229
8.2 0.4 -4.0336 25.9629 -4.0336
8.2 0.6 -3.73236 26.2644 -3.73236
8.2 0.8 -3.73411 26.2629 -3.73411
8.2 1 -3.73595 26.2615 -3.73595
8.2 1.2 -3.73989 26.2579 -3.73989
8.2 1.4 -3.7474 26.2506 -3.7474
8.2 1.6 -3.75831 26.2397 -3.75831
8.2 1.8 -3.77401 26.2241 -3.77401
8.2 2 -3.79305 26.2042 -3.79305
8.2 2.2 -3.80906 26.1861 -3.80906
8.2 2.4 -3.80871 26.1806 -3.80871
8.2 2.6 -3.76338 26.2106 -3.76338
8.2 2.8 -3.6326 26.3018 -3.6326
8.2 3 -3.37617 26.459 -3.37617
8.2 3.2 -2.99496 26.5832 -2.99496
8.2 3.4 -2.67559 26.1606 -2.67559
8.2 3.6 -3.45933 22.7086 -3.45933
8.2 3.8 -6.7317 8.22961 -6.7317
8.2 4 6.16984 -6.79687 6.16984
8.2 4.2 21.7463 -4.00213 21.7463
8.2 4.4 25.6045 -3.16713 25.6045
8.2 4.6 26.046 -3.49626 26.046
8.2 4.8 26.0176 -3.69459 26.0176
8.2 5 26.047 -3.50408 26.047
8.2 5.2 25.6324 -3.17016 25.6324
8.2 5.4 21.9139 -3.96154 21.9139
8.2 5.6 6.64206 -6.83713 6.64206
8.2 5.8 -6.73302 7.77233 -6.73302
8.2 6 -3.49538 22.5638 -3.49538
8.2 6.2 -2.67333 26.1361 -2.67333
8.2 6.4 -2.98564 26.5842 -2.98564
8.2 6.6 -3.36935 26.4631 -3.36935
8.2 6.8 -3.63002 26.3041 -3.63002
8.2 7 -3.76196 26.2124 -3.76196
8.2 7.2 -3.80868 26.1812 -3.80868
8.2 7.4 -3.80996 26.186 -3.80996
8.2 7.6 -3.79413 26.2043 -3.79413
8.2 7.8 -3.77532 26.2242 -3.77532
8.2 8 -3.75932 26.2405 -3.75932
8.2 8.2 -3.74712 26.2523 -3.74712
8.2 8.4 -3.73966 26.2594 -3.73966
8.2 8.6 -3.73514 26.2636 -3.73514
8.2 8.8 -3.73319 26.2656 -3.73319
8.2 9 -3.73217 26.2665 -3.73217
8.2 9.2 -3.73084 26.268 -3.73084
8.2 9.4 -2.16425 27.8348 -2.16425
8.2 9.6 2.24235 32.2414 2.24235
8.2 9.8 -22.0276 7.97159 -22.0276
8.4 0 -4.28902 25.7074 -4.28902
8.4 0.2 -5.64217 24.3541 -5.64217
8.4 0.4 -4.03372 25.9627 -4.03372
8.4 0.6 -3.73252 26.2642 -3.73252
8.4 0.8 -3.73419 26.2628 -3.73419
8.4 1 -3.73599 26.2614 -3.73599
8.4 1.2 -3.73994 26.2578 -3.73994
8.4 1.4 -3.74749 26.2505 -3.74749
8.4 1.6 -3.75843 26.2397 -3.75843
8.4 1.8 -3.77413 26.224 -3.77413
8.4 2 -3.79315 26.2042 -3.79315
8.4 2.2 -3.8091 26.1861 -3.8091
8.4 2.4 -3.8087 26.1808 -3.8087
8.4 2.6 -3.76332 26.2108 -3.76332
8.4 2.8 -3.63252 26.3021 -3.63252
8.4 3 -3.37613 26.4591 -3.37613
8.4 3.2 -2.99501 26.5831 -2.99501
8.4 3.4 -2.6759 26.1597 -2.6759
8.4 3.6 -3.46075 22.7046 -3.46075
8.4 3.8 -6.73199 8.21855 -6.73199
8.4 4 6.18194 -6.79755 6.18194
8.4 4.2 21.7517 -3.99989 21.7517
8.4 4.4 25.606 -3.16618 25.606
8.4 4.6 26.0466 -3.49559 26.0466
8.4 4.8 26.018 -3.69395 26.018
8.4 5 26.0475 -3.50336 26.0475
8.4 5.2 25.6336 -3.16922 25.6336
8.4 5.4 21.9172 -3.9599 21.9172
8.4 5.6 6.64908 -6.83715 6.64908
8.4 5.8 -6.73311 7.766 -6.73311
8.4 6 -3.49632 22.5613 -3.49632
8.4 6.2 -2.67364 26.1355 -2.67364
8.4 6.4 -2.98575 26.5841 -2.98575
8.4 6.6 -3.36935 26.4632 -3.36935
8.4 6.8 -3.62994 26.3044 -3.62994
8.4 7 -3.76185 26.2126 -3.76185
8.4 7.2 -3.80861 26.1814 -3.80861
8.4 7.4 -3.80996 26.1861 -3.80996
8.4 7.6 -3.79421 26.2043 -3.79421
8.4 7.8 -3.77544 26.2242 -3.77544
8.4 8 -3.75945 26.2404 -3.75945
8.4 8.2 -3.74724 26.2522 -3.74724
8.4 8.4 -3.73975 26.2594 -3.73975
8.4 8.6 -3.73519 26.2636 -3.73519
8.4 8.8 -3.73321 26.2656 -3.73321
8.4 9 -3.73216 26.2666 -3.73216
8.4 9.2 -3.73085 26.268 -3.73085
8.4 9.4 -2.1644 27.8347 -2.1644
8.4 9.6 2.24217 32.2412 2.24217
8.4 9.8 -22.0275 7.97178 -22.0275
8.6 0 -4.28899 25.7074 -4.28899
8.6 0.2 -5.64214 24.354 -5.64214
8.6 0.4 -4.03335 25.9629 -4.03335
8.6 0.6 -3.73208 26.2644 -3.73208
8.6 0.8 -3.73375 26.263 -3.73375
8.6 1 -3.73554 26.2617 -3.73554
8.6 1.2 -3.73951 26.2581 -3.73951
8.6 1.4 -3.74709 26.2508 -3.74709
8.6 1.6 -3.75806 26.2399 -3.75806
8.6 1.8 -3.77377 26.2243 -3.77377
8.6 2 -3.79277 26.2045 -3.79277
8.6 2.2 -3.80869 26.1865 -3.80869
8.6 2.4 -3.80823 26.1812 -3.80823
8.6 2.6 -3.7628 26.2113 -3.7628
8.6 2.8 -3.63199 26.3026 -3.63199
8.6 3 -3.37564 26.4596 -3.37564
8.6 3.2 -2.99461 26.5834 -2.99461
8.6 3.4 -2.67577 26.1593 -2.67577
8.6 3.6 -3.46177 22.7011 -3.46177
8.6 3.8 -6.73229 8.20777 -6.73229
8.6 4 6.19335 -6.7989 6.19335
8.6 4.2 21.7565 -3.99839 21.7565
8.6 4.4 25.6071 -3.16576 25.6071
8.6 4.6 26.047 -3.49533 26.047
8.6 4.8 26.0182 -3.69367 26.0182
8.6 5 26.0478 -3.50306 26.0478
8.6 5.2 25.6343 -3.16884 25.6343
8.6 5.4 21.9198 -3.95904 21.9198
8.6 5.6 6.6551 -6.83786 6.6551
8.6 5.8 -6.73324 7.76023 -6.73324
8.6 6 -3.49683 22.5595 -3.49683
8.6 6.2 -2.6735 26.1354 -2.6735
8.6 6.4 -2.98542 26.5844 -2.98542
8.6 6.6 -3.36892 26.4637 -3.36892
8.6 6.8 -3.62945 26.3049 -3.62945
8.6 7 -3.76134 26.2131 -3.76134
8.6 7.2 -3.80811 26.1819 -3.80811
8.6 7.4 -3.8095 26.1865 -3.8095
8.6 7.6 -3.79381 26.2046 -3.79381
8.6 7.8 -3.77509 26.2244 -3.77509
8.6 8 -3.75911 26.2407 -3.75911
8.6 8.2 -3.74688 26.2525 -3.74688
8.6 8.4 -3.73935 26.2596 -3.73935
8.6 8.6 -3.73477 26.2638 -3.73477
8.6 8.8 -3.73277 26.2658 -3.73277
8.6 9 -3.7317 26.2668 -3.7317
8.6 9.2 -3.73039 26.2683 -3.73039
8.6 9.4 -2.16385 27.835 -2.16385
8.6 9.6 2.24284 32.2417 2.24284
8.6 9.8 -22.0273 7.97178 -22.0273
8.8 0 -4.289 25.7073 -4.289
8.8 0.2 -5.64222 24.3539 -5.64222
8.8 0.4 -4.03346 25.9628 -4.03346
8.8 0.6 -3.73223 26.2642 -3.73223
8.8 0.8 -3.73396 26.2628 -3.73396
8.8 1 -3.73578 26.2615 -3.73578
8.8 1.2 -3.73975 26.2579 -3.73975
8.8 1.4 -3.74734 26.2506 -3.74734
8.8 1.6 -3.75834 26.2397 -3.75834
8.8 1.8 -3.77406 26.2241 -3.77406
8.8 2 -3.79304 26.2043 -3.79304
8.8 2.2 -3.80889 26.1864 -3.80889
8.8 2.4 -3.80832 26.1812 -3.80832
8.8 2.6 -3.76278 26.2114 -3.76278
8.8 2.8 -3.63187 26.3028 -3.63187
8.8 3 -3.37544 26.4598 -3.37544
8.8 3.2 -2.99438 26.5835 -2.99438
8.8 3.4 -2.67573 26.1589 -2.67573
8.8 3.6 -3.4629 22.6979 -3.4629
8.8 3.8 -6.73298 8.19725 -6.73298
8.8 4 6.20463 -6.80035 6.20463
8.8 4.2 21.7618 -3.99666 21.7618
8.8 4.4 25.6089 -3.16497 25.6089
8.8 4.6 26.048 -3.49457 26.048
8.8 4.8 26.0193 -3.69283 26.0193
8.8 5 26.0489 -3.50224 26.0489
8.8 5.2 25.6356 -3.16808 25.6356
8.8 5.4 21.9228 -3.95797 21.9228
8.8 5.6 6.66084 -6.83864 6.66084
8.8 5.8 -6.73376 7.75491 -6.73376
8.8 6 -3.49744 22.5581 -3.49744
8.8 6.2 -2.67348 26.1353 -2.67348
8.8 6.4 -2.98532 26.5845 -2.98532
8.8 6.6 -3.36886 26.4638 -3.36886
8.8 6.8 -3.62944 26.305 -3.62944
8.8 7 -3.76139 26.2132 -3.76139
8.8 7.2 -3.80823 26.1819 -3.80823
8.8 7.4 -3.80967 26.1864 -3.80967
8.8 7.6 -3.79401 26.2046 -3.79401
8.8 7.8 -3.77533 26.2243 -3.77533
8.8 8 -3.75937 26.2405 -3.75937
8.8 8.2 -3.74714 26.2523 -3.74714
8.8 8.4 -3.73961 26.2594 -3.73961
8.8 8.6 -3.73501 26.2636 -3.73501
8.8 8.8 -3.73303 26.2656 -3.73303
8.8 9 -3.73196 26.2666 -3.73196
8.8 9.2 -3.73061 26.2681 -3.73061
8.8 9.4 -2.16404 27.8349 -2.16404
8.8 9.6 2.24258 32.2415 2.24258
8.8 9.8 -22.0274 7.97164 -22.0274
9 0 -4.28908 25.7073 -4.28908
9 0.2 -5.6424 24.3538 -5.6424
9 0.4 -4.03385 25.9626 -4.03385
9 0.6 -3.73262 26.264 -3.73262
9 0.8 -3.73443 26.2625 -3.73443
9 1 -3.73629 26.2612 -3.73629
9 1.2 -3.74029 26.2575 -3.74029
9 1.4 -3.74787 26.2503 -3.74787
9 1.6 -3.75885 26.2394 -3.75885
9 1.8 -3.77453 26.2238 -3.77453
9 2 -3.79345 26.2042 -3.79345
9 2.2 -3.80918 26.1864 -3.80918
9 2.4 -3.80843 26.1814 -3.80843
9 2.6 -3.76271 26.2118 -3.76271
9 2.8 -3.63164 26.3033 -3.63164
9 3 -3.37505 26.4605 -3.37505
9 3.2 -2.99385 26.5842 -2.99385
9 3.4 -2.67529 26.1594 -2.67529
9 3.6 -3.46358 22.6958 -3.46358
9 3.8 -6.73387 8.18798 -6.73387
9 4 6.21488 -6.80226 6.21488
9 4.2 21.7667 -3.99542 21.7667
9 4.4 25.6102 -3.16473 25.6102
9 4.6 26.0486 -3.49444 26.0486
9 4.8 26.0197 -3.69262 26.0197
9 5 26.0494 -3.50199 26.0494
9 5.2 25.6366 -3.16779 25.6366
9 5.4 21.9255 -3.95733 21.9255
9 5.6 6.66562 -6.83989 6.66562
9 5.8 -6.73454 7.7508 -6.73454
9 6 -3.49764 22.5578 -3.49764
9 6.2 -2.67311 26.136 -2.67311
9 6.4 -2.98497 26.5852 -2.98497
9 6.6 -3.36863 26.4643 -3.36863
9 6.8 -3.6293 26.3054 -3.6293
9 7 -3.7614 26.2134 -3.7614
9 7.2 -3.80841 26.182 -3.80841
9 7.4 -3.80996 26.1864 -3.80996
9 7.6 -3.79436 26.2045 -3.79436
9 7.8 -3.77573 26.2242 -3.77573
9 8 -3.75985 26.2403 -3.75985
9 8.2 -3.74767 26.252 -3.74767
9 8.4 -3.74016 26.2591 -3.74016
9 8.6 -3.73559 26.2633 -3.73559
9 8.8 -3.73361 26.2653 -3.73361
9 9 -3.73255 26.2662 -3.73255
9 9.2 -3.73111 26.2678 -3.73111
9 9.4 -2.16453 27.8346 -2.16453
9 9.6 2.24187 32.241 2.24187
9 9.8 -22.0276 7.97166 -22.0276
9.2 0 -4.2893 25.7072 -4.2893
9.2 0.2 -5.64278 24.3535 -5.64278
9.2 0.4 -4.03403 25.9624 -4.03403
9.2 0.6 -3.73279 26.2639 -3.73279
9.2 0.8 -3.73471 26.2622 -3.73471
9.2 1 -3.73666 26.2608 -3.73666
9.2 1.2 -3.7407 26.2571 -3.7407
9.2 1.4 -3.74826 26.2499 -3.74826
9.2 1.6 -3.7592 26.2391 -3.7592
9.2 1.8 -3.77482 26.2236 -3.77482
9.2 2 -3.79367 26.204 -3.79367
9.2 2.2 -3.80924 26.1864 -3.80924
9.2 2.4 -3.80834 26.1816 -3.80834
9.2 2.6 -3.76245 26.2122 -3.76245
9.2 2.8 -3.63123 26.3039 -3.63123
9.2 3 -3.37454 26.4612 -3.37454
9.2 3.2 -2.99341 26.5849 -2.99341
9.2 3.4 -2.67517 26.1597 -2.67517
9.2 3.6 -3.46459 22.6942 -3.46459
9.2 3.8 -6.73568 8.18003 -6.73568
9.2 4 6.22379 -6.80441 6.22379
9.2 4.2 21.7724 -3.99356 21.7724
9.2 4.4 25.6127 -3.1633 25.6127
9.2 4.6 26.0503 -3.49302 26.0503
9.2 4.8 26.0213 -3.69111 26.0213
9.2 5 26.0511 -3.5005 26.0511
9.2 5.2 25.6386 -3.1664 25.6386
9.2 5.4 21.929 -3.95602 21.929
9.2 5.6 6.66935 -6.8414 6.66935
9.2 5.8 -6.73631 7.74775 -6.73631
9.2 6 -3.49816 22.5581 -3.49816
9.2 6.2 -2.67297 26.1368 -2.67297
9.2 6.4 -2.98459 26.586 -2.98459
9.2 6.6 -3.36816 26.465 -3.36816
9.2 6.8 -3.62892 26.306 -3.62892
9.2 7 -3.76109 26.2139 -3.76109
9.2 7.2 -3.8083 26.1822 -3.8083
9.2 7.4 -3.81003 26.1865 -3.81003
9.2 7.6 -3.79454 26.2044 -3.79454
9.2 7.8 -3.77598 26.224 -3.77598
9.2 8 -3.76019 26.24 -3.76019
9.2 8.2 -3.74808 26.2517 -3.74808
9.2 8.4 -3.7406 26.2587 -3.7406
9.2 8.6 -3.73603 26.2629 -3.73603
9.2 8.8 -3.73403 26.2649 -3.73403
9.2 9 -3.73298 26.2658 -3.73298
9.2 9.2 -3.73154 26.2674 -3.73154
9.2 9.4 -2.1648 27.8343 -2.1648
9.2 9.6 2.24184 32.241 2.24184
9.2 9.8 -22.0281 7.97121 -22.0281
9.4 0 -4.29517 25.7015 -4.29517
9.4 0.2 -5.64222 24.3542 -5.64222
9.4 0.4 -4.03439 25.9622 -4.03439
9.4 0.6 -3.73334 26.2635 -3.73334
9.4 0.8 -3.73528 26.2618 -3.73528
9.4 1 -3.73739 26.2602 -3.73739
9.4 1.2 -3.74135 26.2566 -3.74135
9.4 1.4 -3.74885 26.2494 -3.74885
9.4 1.6 -3.75969 26.2387 -3.75969
9.4 1.8 -3.77524 26.2232 -3.77524
9.4 2 -3.79399 26.2038 -3.79399
9.4 2.2 -3.80945 26.1863 -3.80945
9.4 2.4 -3.80862 26.1814 -3.80862
9.4 2.6 -3.76248 26.2123 -3.76248
9.4 2.8 -3.63088 26.3043 -3.63088
9.4 3 -3.37411 26.4617 -3.37411
9.4 3.2 -2.99316 26.5852 -2.99316
9.4 3.4 -2.67516 26.1598 -2.67516
9.4 3.6 -3.46558 22.6935 -3.46558
9.4 3.8 -6.73902 8.17392 -6.73902
9.4 4 6.22949 -6.80811 6.22949
9.4 4.2 21.7776 -3.9924 21.7776
9.4 4.4 25.6148 -3.16214 25.6148
9.4 4.6 26.0512 -3.49197 26.0512
9.4 4.8 26.0219 -3.69008 26.0219
9.4 5 26.0515 -3.4997 26.0515
9.4 5.2 25.6398 -3.16547 25.6398
9.4 5.4 21.9317 -3.95538 21.9317
9.4 5.6 6.67055 -6.84451 6.67055
9.4 5.8 -6.73976 7.74584 -6.73976
9.4 6 -3.49862 22.5597 -3.49862
9.4 6.2 -2.67284 26.1377 -2.67284
9.4 6.4 -2.9842 26.5866 -2.9842
9.4 6.6 -3.36776 26.4656 -3.36776
9.4 6.8 -3.62897 26.3061 -3.62897
9.4 7 -3.76105 26.2141 -3.76105
9.4 7.2 -3.8083 26.1823 -3.8083
9.4 7.4 -3.81027 26.1863 -3.81027
9.4 7.6 -3.79495 26.2041 -3.79495
9.4 7.8 -3.77654 26.2236 -3.77654
9.4 8 -3.76089 26.2395 -3.76089
9.4 8.2 -3.7488 26.2511 -3.7488
9.4 8.4 -3.74135 26.2582 -3.74135
9.4 8.6 -3.73669 26.2625 -3.73669
9.4 8.8 -3.73467 26.2645 -3.73467
9.4 9 -3.73352 26.2655 -3.73352
9.4 9.2 -3.73218 26.2669 -3.73218
9.4 9.4 -2.16531 27.834 -2.16531
9.4 9.6 2.24125 32.2405 2.24125
9.4 9.8 -22.0287 7.97082 -22.0287
9.6 0 8.91724 38.9141 8.91724
9.6 0.2 7.58561 37.5823 7.58561
9.6 0.4 9.06679 39.0636 9.06679
9.6 0.6 9.35005 39.3471 9.35005
9.6 0.8 9.34769 39.345 9.34769
9.6 1 9.34591 39.3436 9.34591
9.6 1.2 9.34211 39.3402 9.34211
9.6 1.4 9.33439 39.3327 9.33439
9.6 1.6 9.32426 39.3227 9.32426
9.6 1.8 9.30898 39.3076 9.30898
9.6 2 9.29125 39.2891 9.29125
9.6 2.2 9.27636 39.2723 9.27636
9.6 2.4 9.2774 39.2675 9.2774
9.6 2.6 9.322 39.2968 9.322
9.6 2.8 9.44918 39.3843 9.44918
9.6 3 9.69658 39.5319 9.69658
9.6 3.2 10.0616 39.6391 10.0616
9.6 3.4 10.3582 39.1923 10.3582
9.6 3.6 9.55266 35.7122 9.55266
9.6 3.8 6.28951 21.204 6.28951
9.6 4 19.2648 6.22091 19.2648
9.6 4.2 34.8325 9.05761 34.8325
9.6 4.4 38.665 9.88802 38.665
9.6 4.6 39.1182 9.57619 39.1182
9.6 4.8 39.0987 9.38827 39.0987
9.6 5 39.1209 9.57127 39.1209
9.6 5.2 38.6881 9.88415 38.6881
9.6 5.4 34.9648 9.07657 34.9648
9.6 5.6 19.7066 6.18876 19.7066
9.6 5.8 6.2877 20.7777 6.2877
9.6 6 9.53876 35.6011 9.53876
9.6 6.2 10.3615 39.1722 10.3615
9.6 6.4 10.0675 39.6379 10.0675
9.6 6.6 9.70048 39.5335 9.70048
9.6 6.8 9.44971 39.3845 9.44971
9.6 7 9.32242 39.2976 9.32242
9.6 7.2 9.27704 39.2678 9.27704
9.6 7.4 9.2757 39.2724 9.2757
9.6 7.6 9.29019 39.2893 9.29019
9.6 7.8 9.30763 39.3079 9.30763
9.6 8 9.32274 39.3231 9.32274
9.6 8.2 9.3347 39.3347 9.3347
9.6 8.4 9.34171 39.3414 9.34171
9.6 8.6 9.34622 39.3456 9.34622
9.6 8.8 9.34791 39.3473 9.34791
9.6 9 9.34929 39.3485 9.34929
9.6 9.2 9.35023 39.3495 9.35023
9.6 9.4 10.8741 40.8737 10.8741
9.6 9.6 14.7953 44.7947 14.7953
9.6 9.8 -7.52114 22.4785 -7.52114
9.8 0 -28.163 1.83395 -28.163
9.8 0.2 -29.7594 0.237462 -29.7594
9.8 0.4 -27.9052 2.09165 -27.9052
9.8 0.6 -27.5778 2.41927 -27.5778
9.8 0.8 -27.5791 2.41834 -27.5791
9.8 1 -27.5811 2.41674 -27.5811
9.8 1.2 -27.5854 2.41267 -27.5854
9.8 1.4 -27.593 2.40526 -27.593
9.8 1.6 -27.6047 2.39369 -27.6047
9.8 1.8 -27.6208 2.37761 -27.6208
9.8 2 -27.6404 2.35731 -27.6404
9.8 2.2 -27.6568 2.3387 -27.6568
9.8 2.4 -27.6551 2.33406 -27.6551
9.8 2.6 -27.6061 2.36608 -27.6061
9.8 2.8 -27.4667 2.46191 -27.4667
9.8 3 -27.1937 2.62584 -27.1937
9.8 3.2 -26.7882 2.75056 -26.7882
9.8 3.4 -26.4513 2.2849 -26.4513
9.8 3.6 -27.2521 -1.34879 -27.2521
9.8 3.8 -30.3278 -15.8758 -30.3278
9.8 4 -17.6537 -30.3859 -17.6537
9.8 4.2 -2.27476 -27.8022 -2.27476
9.8 4.4 1.70999 -26.968 1.70999
9.8 4.6 2.18436 -27.3152 2.18436
9.8 4.8 2.15594 -27.5264 2.15594
9.8 5 2.18188 -27.3254 2.18188
9.8 5.2 1.73027 -26.9729 1.73027
9.8 5.4 -2.14434 -27.7649 -2.14434
9.8 5.6 -17.3532 -30.4205 -17.3532
9.8 5.8 -30.3232 -16.1726 -30.3232
9.8 6 -27.2896 -1.46701 -27.2896
9.8 6.2 -26.4483 2.2661 -26.4483
9.8 6.4 -26.7768 2.75479 -26.7768
9.8 6.6 -27.185 2.63213 -27.185
9.8 6.8 -27.4623 2.46613 -27.4623
9.8 7 -27.6043 2.36816 -27.6043
9.8 7.2 -27.6551 2.3346 -27.6551
9.8 7.4 -27.6576 2.33871 -27.6576
9.8 7.6 -27.6415 2.35751 -27.6415
9.8 7.8 -27.622 2.37803 -27.622
9.8 8 -27.6055 2.39486 -27.6055
9.8 8.2 -27.5934 2.40677 -27.5934
9.8 8.4 -27.5855 2.41426 -27.5855
9.8 8.6 -27.5808 2.41858 -27.5808
9.8 8.8 -27.5783 2.42102 -27.5783
9.8 9 -27.577 2.4223 -27.577
9.8 9.2 -27.5749 2.4245 -27.5749
9.8 9.4 -25.9325 4.06688 -25.9325
9.8 9.6 -20.5884 9.41112 -20.5884
9.8 9.8 -48.6808 -18.6811 -48.6808
